beta,permeability,xi,init_days,delay,value
0.0249478,0.00214436,0.164809,36.3837,3.11427,26.3906
0.0247938,0.0018043,0.16484,37.2557,3.44914,26.4118
0.0247826,0.00627923,0.16527,37.2494,3.33311,26.4177
0.0249234,0.0125381,0.166375,36.3124,3.80092,26.4244
0.02496,0.00269666,0.165264,36.5478,3.93273,26.4408
0.0247741,0.00682354,0.164751,37.8031,3.05584,26.4418
0.0249454,0.00440041,0.161233,36.8327,3.17904,26.442
0.0249515,0.00296065,0.161757,36.181,3.40877,26.4428
0.0249546,0.00148242,0.160009,36.6919,3.16666,26.4552
0.0247776,0.0125391,0.164201,37.7494,3.6124,26.46
0.0249423,0.00695359,0.161196,36.8018,3.85555,26.4612
0.0249271,0.0133567,0.164434,36.6427,3.83461,26.4624
0.0249299,0.00697282,0.160832,36.2342,3.18237,26.464
0.0247619,0.012921,0.16498,37.7047,3.44043,26.4695
0.0247836,0.0110405,0.164229,37.1691,3.9269,26.4738
0.0249209,0.00843862,0.162063,36.6951,3.05178,26.4741
0.024921,0.016335,0.165443,36.6028,3.98722,26.4743
0.0247801,0.0141324,0.166113,37.3241,3.87286,26.4785
0.0249296,0.0159585,0.16579,36.1726,3.51391,26.4817
0.0251227,0.00119263,0.16617,35.4267,4.53479,26.4841
0.0250748,0.0103012,0.166147,35.6973,3.8007,26.4875
0.0249017,0.00746782,0.166361,36.9731,3.30608,26.4899
0.0250871,0.0080153,0.165309,35.6393,3.21668,26.4924
0.0247758,0.013144,0.161754,37.5072,3.82875,26.4952
0.0247649,0.0172933,0.162425,37.1896,3.29182,26.497
0.02512,0.00519103,0.166292,35.5096,3.55739,26.5005
0.0252274,0.00369763,0.166587,34.5436,3.04204,26.5027
0.0247678,0.00147666,0.163269,37.0605,3.38131,26.5035
0.0247759,0.0146045,0.162031,37.242,3.27854,26.5058
0.0247809,0.00975512,0.16037,37.3246,3.65322,26.5082
0.0247471,0.0202201,0.164409,37.9031,3.7408,26.5154
0.0250609,0.0137436,0.165752,35.9097,3.55966,26.5163
0.0248961,0.0194373,0.164663,36.1911,3.65347,26.5165
0.0248983,0.0234338,0.165446,36.3407,3.01103,26.5172
0.0249297,0.0176162,0.164493,36.6392,3.53662,26.5185
0.0249108,0.0201581,0.163893,36.9299,3.00767,26.5204
0.0251644,0.00755556,0.165971,34.7793,2.82358,26.5209
0.0247755,0.0106561,0.159534,37.8261,3.33767,26.5227
0.0250548,0.0164485,0.166521,35.3356,3.47801,26.5249
0.0250638,0.0132282,0.164879,35.0646,3.8395,26.526
0.0248986,0.0214694,0.163776,36.5762,3.11936,26.528
0.0251234,0.00694529,0.165414,35.9389,4.80312,26.5281
0.0247486,0.0186746,0.163502,37.2285,3.59821,26.5289
0.0252009,0.00197553,0.165921,34.5196,2.04644,26.5299
0.024782,0.00333786,0.159096,37.003,3.41792,26.5302
0.024776,0.00223369,0.159891,37.6499,3.995,26.5308
0.024768,0.0177523,0.160135,37.9768,3.99887,26.534
0.024758,0.020629,0.16108,37.9313,3.47472,26.5343
0.0249306,0.0130179,0.158935,36.4885,3.01937,26.5367
0.0247475,0.0289978,0.164324,37.6568,3.42297,26.5398
0.0250871,0.00220288,0.159265,35.6899,3.2504,26.541
0.0250292,0.00772784,0.166512,35.7698,2.56721,26.5412
0.0249085,0.0113382,0.161456,36.9704,3.39132,26.5422
0.0250576,0.0140566,0.164193,35.517,3.61105,26.544
0.0251239,0.00308583,0.161806,35.8138,3.4494,26.5452
0.0249719,0.00350488,0.162698,36.3937,3.88166,26.5454
0.0249516,0.0110503,0.16279,36.6758,3.21835,26.5457
0.0247357,0.0129977,0.165603,37.5583,3.04704,26.5473
0.0250909,0.00715793,0.161383,35.675,3.08288,26.5476
0.0253401,0.0044156,0.164082,33.5643,2.47309,26.5481
0.0252092,0.00959854,0.166181,34.4993,3.18899,26.5487
0.0247866,0.00410348,0.157578,37.6055,3.07276,26.5491
0.0247315,0.0176255,0.165995,37.9839,3.08976,26.5492
0.0249433,0.00551851,0.154323,36.5702,3.10015,26.5496
0.0249424,0.0160464,0.164917,36.7259,3.37651,26.551
0.0248879,0.0170046,0.165276,36.3206,3.75273,26.5518
0.0247622,0.0223904,0.160664,37.3781,3.49881,26.5554
0.0250038,0.00653342,0.166081,35.6674,2.56718,26.5557
0.0251497,0.01414,0.166122,34.9252,2.07999,26.5558
0.0248923,0.0163463,0.163997,36.477,3.43905,26.5576
0.0249448,0.0101623,0.157643,36.2245,3.32097,26.5579
0.0251509,0.0146361,0.166315,34.5851,2.29636,26.5581
0.0252245,0.00418194,0.163409,34.2459,3.16402,26.56
0.025205,0.0125151,0.16655,34.9018,3.8086,26.5607
0.0250762,0.00299977,0.160272,35.388,3.36001,26.5612
0.0253482,0.00684142,0.164928,33.465,2.75391,26.5619
0.0250463,0.00905969,0.165859,35.9417,3.79507,26.5624
0.0251264,0.00632814,0.165136,35.388,3.35819,26.5629
0.0247515,0.0293867,0.164526,37.2095,3.32928,26.5631
0.0250108,0.0129177,0.166475,35.35,2.08681,26.564
0.0249557,0.0104078,0.161776,36.4179,3.59866,26.5657
0.0250439,0.00354767,0.162852,35.4588,2.82923,26.5658
0.0249289,0.00437736,0.156394,36.2285,3.59512,26.566
0.0251842,0.00837433,0.164306,34.9325,2.50945,26.5663
0.0250386,0.0158762,0.166531,35.1907,3.85703,26.5665
0.0249469,0.00287308,0.166544,36.7635,4.03642,26.5679
0.0248962,0.00334236,0.165196,36.2647,2.54635,26.5681
0.0248791,0.00744955,0.166227,36.8611,2.57484,26.5683
0.0250194,0.0055464,0.162376,35.8852,2.18418,26.5684
0.0247242,0.0279765,0.165597,37.9948,3.50111,26.5692
0.0251744,0.00528916,0.160366,34.2268,2.00671,26.5706
0.0245923,0.0231211,0.166481,38.1074,3.3839,26.5706
0.0251196,0.00442638,0.160867,35.2255,3.89204,26.5707
0.0250241,0.00471844,0.161731,35.5319,2.39202,26.5707
0.0250925,0.010923,0.162625,35.2238,3.27584,26.5711
0.024735,0.00683662,0.164942,37.9752,3.73171,26.5713
0.0248734,0.0295982,0.166013,36.1413,3.57652,26.5714
0.024889,0.011675,0.164531,36.4377,3.49852,26.5734
0.0250394,0.017215,0.165872,35.6502,3.28473,26.5735
0.0248973,0.00463199,0.163314,36.2914,3.39302,26.574
0.0249167,0.0203795,0.160564,36.4089,3.37475,26.5741
0.0247595,0.0124138,0.15948,37.3696,3.58011,26.5743
0.0251194,0.0040048,0.160333,35.9297,3.79148,26.5744
0.024766,0.0264392,0.166344,37.81,3.71313,26.5745
0.0245942,0.0306761,0.166004,38.558,3.87567,26.575
0.0250597,0.0191155,0.165145,35.6331,3.66695,26.5762
0.0252015,0.00339049,0.163063,34.2421,2.00446,26.5765
0.0251314,0.00554634,0.164683,35.8864,3.16995,26.5771
0.0250393,0.00949675,0.166532,35.0961,3.99316,26.5771
0.0247849,0.00241143,0.15631,37.8344,3.03191,26.5776
0.0249162,0.0233302,0.16298,36.8203,3.66433,26.5778
0.0250544,0.00546757,0.163802,35.2452,3.37515,26.5782
0.0248798,0.0303497,0.16468,36.1521,3.12184,26.5782
0.0249007,0.00212846,0.163259,36.9451,2.36733,26.5785
0.0247229,0.0405121,0.166021,37.1323,3.66915,26.5791
0.02497,0.00131739,0.155988,36.1965,3.16605,26.58
0.024956,0.00575965,0.15495,36.2792,3.18682,26.5808
0.0250884,0.0127887,0.162966,35.2403,3.51232,26.5811
0.0253261,0.00604409,0.164156,33.9381,2.92832,26.5815
0.0253154,0.00404295,0.166375,33.9354,2.60973,26.5822
0.0249386,0.00318385,0.166403,36.5076,4.20844,26.5828
0.0251323,0.00324706,0.161363,35.1296,3.44784,26.5845
0.0247726,0.00736563,0.156912,37.3209,3.6413,26.5846
0.0249657,0.00834935,0.162143,36.4299,3.95393,26.5852
0.0249344,0.00410272,0.166537,36.8984,4.5953,26.5854
0.0248746,0.00983899,0.165152,36.3364,2.29828,26.586
0.0249163,0.00431833,0.158417,36.1401,3.89973,26.5862
0.024766,0.0110742,0.157639,37.0121,3.74296,26.5864
0.0250681,0.0189912,0.165307,35.9161,3.2257,26.5865
0.0245986,0.0062351,0.165495,38.3,3.28034,26.5868
0.0250603,0.00524538,0.166293,35.9059,2.78359,26.587
0.0249872,0.0183725,0.165893,35.5471,2.86036,26.5878
0.0249472,0.00659569,0.153104,36.9674,3.28383,26.5887
0.0246249,0.00679763,0.164248,38.7943,3.44433,26.5891
0.0245843,0.0363777,0.165647,38.5354,3.99764,26.5891
0.0249165,0.00965948,0.157537,36.1963,3.11612,26.5892
0.0249396,0.0179208,0.162493,36.4337,3.27603,26.5893
0.025224,0.00827433,0.163335,34.6149,3.36237,26.5896
0.0248778,0.0105083,0.166286,36.7074,3.80594,26.5897
0.0248839,0.00618113,0.162499,36.2872,2.32022,26.5908
0.0250354,0.017835,0.165827,35.0512,3.8577,26.591
0.0251538,0.00987242,0.161559,34.5607,2.8211,26.5914
0.024911,0.00203331,0.1596,36.0571,3.62281,26.5921
0.0251996,0.00500312,0.166184,34.7331,3.33764,26.5923
0.0246307,0.007794,0.163525,38.722,3.79387,26.5926
0.025121,0.00637401,0.161307,35.1542,3.72237,26.5933
0.0246089,0.0206511,0.163841,38.3154,3.81408,26.5933
0.0247408,0.0273081,0.15993,37.8634,3.86,26.5942
0.025055,0.00649881,0.162845,35.5389,3.20597,26.5943
0.0250616,0.00895227,0.161203,35.0775,3.39001,26.5946
0.0252615,0.00133855,0.161946,34.7336,3.50423,26.5946
0.0247471,0.0208176,0.159618,37.5107,3.64684,26.5948
0.024989,0.0127213,0.166167,35.9415,2.99075,26.5949
0.0251981,0.00655342,0.166186,34.0736,3.76004,26.5952
0.0249976,0.00860376,0.164988,35.3505,2.25328,26.5955
0.0245822,0.0377518,0.165509,38.6439,3.00118,26.5956
0.0247645,0.00524149,0.158087,37.8366,3.26327,26.5965
0.0247963,0.0127199,0.162819,37.0003,3.38327,26.5966
0.0245846,0.0203675,0.165401,38.0957,3.49289,26.5967
0.0249367,0.00609694,0.16573,36.742,4.89971,26.5972
0.0251004,0.00197852,0.155605,35.972,3.40267,26.5973
0.0251498,0.0131455,0.161414,34.0174,2.68078,26.5978
0.0246133,0.00765404,0.16407,38.4853,3.88311,26.5991
0.0246109,0.00962318,0.164024,38.8046,3.3152,26.5995
0.0252557,0.00369597,0.162653,34.1546,3.84329,26.6
0.0248103,0.00630048,0.161885,37.4003,3.92829,26.6009
0.02539,0.00207827,0.163446,33.675,3.04178,26.6017
0.0247538,0.0258641,0.158252,37.1256,3.42081,26.6026
0.0251451,0.0216573,0.165898,34.7661,2.32748,26.6032
0.0250057,0.00870016,0.162682,35.1563,2.81312,26.6032
0.0246355,0.0135425,0.166589,38.5065,3.38358,26.6038
0.0248807,0.0094373,0.163414,36.6659,2.56477,26.604
0.0251559,0.0111617,0.159433,34.9792,2.81595,26.6044
0.0253237,0.00808875,0.163351,33.4341,2.42732,26.6045
0.0245937,0.0118702,0.164193,38.175,3.5913,26.6051
0.0253312,0.00892408,0.162611,33.6192,2.31314,26.6055
0.0251719,0.0155987,0.16471,34.6423,2.4889,26.606
0.0250233,0.00996856,0.162191,35.9738,2.8377,26.6061
0.025322,0.0140747,0.165955,33.3337,2.18793,26.6062
0.024962,0.00750305,0.165499,36.7884,4.99757,26.6068
0.0253582,0.00249988,0.158474,33.7485,2.80374,26.6068
0.0247228,0.0286826,0.163965,37.2658,3.22802,26.6068
0.0248741,0.0133554,0.165804,36.6916,2.05731,26.6069
0.0251072,0.0093208,0.160843,35.9274,3.52731,26.6073
0.0245788,0.0249537,0.165489,38.829,3.6275,26.6083
0.0250088,0.0135742,0.162939,35.214,2.48189,26.6084
0.0249223,0.0187996,0.157781,36.2508,3.97339,26.6084
0.0249663,0.00176431,0.152126,36.4375,3.47306,26.6085
0.0247608,0.00274627,0.158304,37.0581,3.73312,26.6085
0.024756,0.027216,0.159327,37.29,3.41081,26.609
0.0251326,0.00787583,0.166507,35.558,3.56727,26.6096
0.0248673,0.0380049,0.166315,36.9492,3.48336,26.6101
0.0248436,0.0137437,0.166167,36.6152,2.14997,26.6105
0.0247566,0.011683,0.158052,37.3664,3.14766,26.6107
0.0253765,0.00165601,0.161682,33.8571,2.87165,26.6109
0.0250441,0.0244215,0.164782,35.5734,3.83941,26.6115
0.0248457,0.0207315,0.165697,36.2418,2.62698,26.6122
0.0247179,0.0152952,0.166254,37.53,3.92479,26.6132
0.0247167,0.0323175,0.164728,37.4785,3.71561,26.6139
0.0248995,0.0282819,0.162076,36.0162,3.26529,26.6139
0.0251132,0.00491142,0.15798,35.4797,3.24544,26.6146
0.0247169,0.0430552,0.16468,37.6314,3.2923,26.6148
0.0249039,0.00623964,0.159619,36.3397,3.05149,26.6149
0.0249518,0.0151894,0.161588,36.552,3.64386,26.6153
0.0250052,0.0112411,0.161806,35.8248,2.50911,26.6155
0.0250411,0.0222867,0.163454,35.1468,3.00047,26.6156
0.0250923,0.0105924,0.159556,35.8264,3.06877,26.6159
0.0252639,0.00513987,0.163334,34.7272,3.92555,26.6163
0.0248448,0.0219323,0.166315,36.1753,2.35073,26.6163
0.0250532,0.0249997,0.166187,35.3841,3.13353,26.6165
0.0246087,0.0133275,0.162288,38.986,3.0729,26.6167
0.0250545,0.0144693,0.161,35.7737,3.45639,26.6171
0.024945,0.0166964,0.160562,36.1009,3.25558,26.6173
0.025144,0.0180861,0.161186,34.6979,2.59598,26.6181
0.0251547,0.013687,0.158823,34.0099,2.675,26.6183
0.025029,0.00931953,0.166518,35.6242,3.52663,26.6185
0.0249877,0.0223578,0.165596,35.7407,2.16919,26.6186
0.0249016,0.0329999,0.166484,36.9046,3.50903,26.6188
0.0248723,0.00946845,0.165865,36.0225,3.93624,26.6188
0.0250666,0.023834,0.166535,35.5003,3.25872,26.6189
0.0252025,0.00827749,0.164684,34.1608,2.04559,26.6191
0.0249686,0.00698081,0.159032,36.3039,3.58786,26.6192
0.0247389,0.0285156,0.159019,37.5195,3.65182,26.6198
0.0248769,0.00971176,0.164864,36.5673,3.04576,26.6199
0.0251674,0.0106526,0.158706,34.6545,2.85158,26.6209
0.0249076,0.0287665,0.16335,36.7048,3.43349,26.6209
0.0251964,0.00949948,0.165005,34.4572,3.92945,26.6212
0.0246171,0.00775521,0.161858,38.5436,3.75223,26.6215
0.0249164,0.0240636,0.160557,36.2139,3.61369,26.6222
0.0247528,0.00282915,0.160217,37.9549,2.71074,26.6227
0.0250025,0.0183211,0.164233,35.5835,2.82578,26.6228
0.0248386,0.0197597,0.165576,36.8902,2.79537,26.6231
0.0248906,0.0322725,0.163626,36.417,3.4597,26.6234
0.024871,0.0181958,0.165241,36.4971,3.3006,26.6238
0.0249561,0.0136269,0.165514,36.0854,4.47436,26.6238
0.0251352,0.00345569,0.159816,35.869,3.64511,26.6245
0.0248461,0.00972494,0.165059,36.7944,2.05878,26.6247
0.0247538,0.0282941,0.158275,37.2681,3.70264,26.6251
0.0250312,0.0281457,0.165511,35.5207,3.57754,26.6252
0.0248046,0.00305533,0.154545,37.3762,3.35683,26.6253
0.0250526,0.00343307,0.159114,35.8247,2.73732,26.6255
0.0249264,0.0243771,0.164888,36.0213,4.73513,26.6266
0.0249599,0.0151637,0.166246,36.9366,3.26022,26.6267
0.0253672,0.0106731,0.164688,33.4948,3.33042,26.6274
0.0251725,0.0139219,0.161189,34.0363,2.7256,26.6276
0.0253666,0.00628135,0.162268,33.8112,2.53869,26.6278
0.0253438,0.00782901,0.158637,33.676,2.1805,26.6286
0.0247357,0.00823102,0.162761,37.2523,2.55574,26.6287
0.0251621,0.0214903,0.166058,34.5174,2.19102,26.6293
0.0247472,0.00598016,0.161668,37.1022,2.93266,26.6293
0.0247811,0.0179503,0.158723,37.419,3.61194,26.6295
0.0253576,0.0101718,0.163502,33.948,2.45779,26.6301
0.0247349,0.00973542,0.163876,37.2923,2.62712,26.6302
0.024731,0.0270017,0.160822,37.2705,3.36979,26.631
0.0247753,0.02589,0.165745,37.394,3.81231,26.6311
0.0252075,0.00760249,0.164104,34.4274,2.72725,26.6312
0.0251723,0.0148357,0.161432,34.9603,2.75329,26.6313
0.0250789,0.00250226,0.163486,35.5921,2.50556,26.6317
0.0247172,0.0218717,0.164917,37.9755,3.30294,26.6319
0.0247265,0.0335898,0.160941,37.0877,3.7576,26.6328
0.0248819,0.0319563,0.161732,36.2697,3.2754,26.6329
0.0253887,0.00672532,0.163743,33.8282,3.4314,26.6329
0.0248201,0.00368997,0.162201,37.1523,3.62898,26.6333
0.0248951,0.00709543,0.159858,36.9595,2.25805,26.6334
0.0252033,0.0152077,0.163192,34.4023,3.19375,26.6339
0.0245999,0.0284227,0.161789,38.1859,3.59227,26.634
0.024754,0.0124436,0.157115,37.4944,3.40039,26.6341
0.0245878,0.030261,0.162322,38.5075,3.39172,26.6341
0.0251269,0.0196051,0.164958,34.743,2.86203,26.6347
0.0246041,0.00634107,0.161666,38.5932,3.69343,26.6351
0.0246258,0.00573962,0.160289,38.8111,3.22761,26.6353
0.0251966,0.00918071,0.162352,34.4567,2.97658,26.6353
0.0246089,0.0256449,0.161515,38.1566,3.0615,26.6357
0.0253913,0.00268742,0.161654,33.9753,3.87401,26.6359
0.0248741,0.0143594,0.162502,36.4407,2.72457,26.636
0.025171,0.00802096,0.156181,34.6119,2.55356,26.6361
0.0245534,0.050678,0.166234,38.1174,3.77116,26.6364
0.0249391,0.0159322,0.156599,36.3129,3.28679,26.6365
0.0247188,0.00754882,0.166215,37.1745,2.97657,26.6369
0.0252136,0.0175458,0.165033,34.7665,3.30515,26.6371
0.0252519,0.0114339,0.165192,34.5009,3.924,26.6372
0.0253696,0.00322691,0.159537,33.0109,2.53036,26.6375
0.0245849,0.0164297,0.163217,38.8433,3.91674,26.6381
0.0251465,0.0249812,0.164074,34.884,2.89042,26.6381
0.0249009,0.0313953,0.163184,36.7389,3.82602,26.6382
0.0250204,0.0168674,0.164167,35.9374,2.52865,26.6383
0.0247221,0.00164343,0.166292,37.4159,2.20499,26.6384
0.0249521,0.0189072,0.166302,36.3906,3.74742,26.6388
0.0252713,0.00781296,0.165468,34.1262,3.56727,26.6397
0.0252326,0.0144467,0.165187,34.2487,3.03656,26.6397
0.0253087,0.0128056,0.16495,33.7399,2.51613,26.6401
0.0247661,0.0214116,0.154956,37.4532,3.62462,26.6405
0.0251921,0.0140939,0.166015,34.5979,2.16819,26.6408
0.0253806,0.00207422,0.16058,33.7817,2.1291,26.6408
0.0245692,0.0450524,0.163897,38.1149,3.21688,26.6409
0.0247039,0.0332891,0.16658,37.764,3.13362,26.641
0.0253754,0.0039323,0.161067,33.5392,2.8824,26.6412
0.0247242,0.00164422,0.16548,37.3632,2.75039,26.6412
0.024967,0.00505995,0.163946,36.6357,4.12303,26.6414
0.025533,0.00383368,0.16453,32.6611,3.85732,26.6416
0.0249265,0.00347634,0.166597,36.4441,2.05185,26.6416
0.0245542,0.0452195,0.166337,38.1599,3.99368,26.642
0.0253707,0.00705515,0.162403,33.6709,3.4808,26.6423
0.0249537,0.0159214,0.160741,36.5117,3.66756,26.6424
0.0246299,0.00528018,0.159401,38.7644,3.58405,26.6426
0.0249612,0.0315632,0.166309,35.3413,2.44693,26.6426
0.0251304,0.00995098,0.165112,35.0276,3.48235,26.6427
0.0246164,0.00169845,0.160254,38.719,3.32887,26.6427
0.0251431,0.00670071,0.163588,34.1399,2.14566,26.6429
0.0248349,0.0175773,0.16554,36.3126,2.22095,26.6429
0.0247226,0.0126314,0.163698,37.8111,2.05205,26.643
0.025371,0.00336504,0.159507,33.1653,2.71527,26.6437
0.0251867,0.0144335,0.164454,34.7062,2.37721,26.6438
0.0249619,0.00994769,0.157043,36.0273,3.30289,26.6439
0.0245704,0.0179155,0.166229,38.2275,3.03966,26.6441
0.0250773,0.0229093,0.16494,35.7578,3.37756,26.6444
0.025087,0.00496627,0.154721,35.7327,3.84097,26.6446
0.0251609,0.0139793,0.157843,34.2401,2.13029,26.6452
0.0246278,0.0100628,0.159758,38.6556,3.62446,26.6457
0.0248945,0.00510362,0.156137,36.7776,2.70422,26.6458
0.0250118,0.0201713,0.164717,35.745,2.97632,26.646
0.0249403,0.00998652,0.151674,36.6733,3.59236,26.6467
0.0251051,0.00854924,0.157747,35.947,3.64334,26.6469
0.0247324,0.00461425,0.162153,37.8456,2.19351,26.6469
0.0253722,0.0130013,0.164822,33.0868,3.44615,26.6471
0.024942,0.0216532,0.165079,36.0154,4.82026,26.6473
0.0250181,0.0102518,0.158609,35.9793,2.68981,26.6474
0.024926,0.031656,0.166592,36.2465,4.3008,26.6474
0.0251186,0.00834395,0.160808,35.785,4.69672,26.6475
0.0250406,0.00861847,0.163004,35.2865,3.40656,26.648
0.0251837,0.0032112,0.154091,34.5306,2.91888,26.6482
0.0253081,0.012381,0.164384,33.675,2.49155,26.6485
0.0247052,0.0340511,0.165741,37.1143,3.02018,26.6488
0.0247693,0.00922044,0.15383,37.2651,3.80428,26.6488
0.0253198,0.00883461,0.160869,33.017,2.23101,26.649
0.0248089,0.0123933,0.165761,37.1229,3.39954,26.6491
0.0253707,0.00838397,0.164593,33.3315,2.36289,26.6493
0.0249605,0.0078163,0.16364,36.139,4.96314,26.6494
0.0245638,0.0477465,0.164207,38.7077,3.74758,26.6496
0.0246436,0.00600647,0.161004,38.1502,3.24558,26.65
0.0249409,0.0171699,0.157042,36.8933,3.69185,26.6505
0.0250086,0.00120317,0.16108,35.4034,2.60072,26.6505
0.0249725,0.00348953,0.154191,36.0117,3.02873,26.6509
0.02532,0.0183263,0.165028,33.3666,2.50819,26.6509
0.0250819,0.0166638,0.160606,35.2447,3.6098,26.6511
0.0253618,0.0106332,0.163083,33.7511,3.49985,26.6512
0.0251489,0.00311249,0.163516,35.9554,3.86717,26.6513
0.0250436,0.0146978,0.166042,35.7312,2.45884,26.6513
0.0250314,0.0151887,0.164029,35.3824,3.54945,26.6515
0.0253077,0.0110616,0.164135,33.2528,2.36773,26.6519
0.0249586,0.00655916,0.151225,36.3012,3.73279,26.6523
0.0253365,0.0127373,0.160229,33.4319,2.52025,26.6524
0.0248739,0.0315488,0.161833,36.713,3.90302,26.6526
0.0250304,0.00153852,0.156458,35.6155,2.07045,26.6526
0.0250439,0.0182889,0.161156,35.9175,3.64864,26.6528
0.025035,0.0288187,0.16408,35.2009,3.85793,26.6528
0.0249194,0.0126622,0.165123,36.8769,4.64788,26.6529
0.0247759,0.0045435,0.152945,37.2973,3.11711,26.6529
0.0254009,0.00283936,0.16147,33.9285,3.96557,26.653
0.024914,0.0250671,0.158845,36.4488,3.27549,26.6532
0.024737,0.0388979,0.162115,37.4271,3.81415,26.6533
0.0250859,0.015195,0.166297,35.8719,4.37311,26.6534
0.0251965,0.00510849,0.156522,34.3773,2.9089,26.6535
0.0247249,0.0400735,0.160371,37.9249,3.05421,26.6536
0.0250661,0.00828153,0.163785,35.149,2.28912,26.6537
0.0247369,0.0158376,0.159619,37.2095,3.58408,26.6537
0.0247538,0.0184596,0.155271,37.8107,3.23362,26.6541
0.0247454,0.014391,0.15768,37.6246,3.09137,26.6545
0.0251769,0.0179467,0.164277,34.2771,2.4423,26.6547
0.0251354,0.00716974,0.161963,35.1528,3.50866,26.6548
0.0248738,0.0306259,0.161874,36.7105,3.56843,26.655
0.0245793,0.0323166,0.161911,38.047,3.27812,26.6551
0.0250492,0.00737503,0.159707,35.416,2.03393,26.6551
0.0250673,0.00582025,0.161497,35.5639,2.8119,26.6554
0.0251818,0.0152025,0.16256,34.3532,2.01125,26.6555
0.024932,0.0263137,0.164493,36.8005,4.0281,26.6561
0.0247881,0.0125778,0.154162,37.6188,3.01936,26.6563
0.0247112,0.0486148,0.165607,37.9845,3.06443,26.6566
0.0249121,0.0104233,0.155724,36.7688,3.67536,26.6568
0.0253395,0.0138384,0.165836,33.1497,3.20478,26.6569
0.025119,0.00480213,0.160187,35.247,4.26471,26.6571
0.0247555,0.0181159,0.154819,37.637,3.37441,26.6572
0.0252535,0.009169,0.162548,34.6941,3.42503,26.6572
0.0245652,0.0390424,0.163772,38.7867,3.416,26.6574
0.0247918,0.0213007,0.166124,37.9036,3.31308,26.6577
0.0246003,0.00246292,0.16602,38.83,2.69254,26.6578
0.0247621,0.0278146,0.15833,37.7024,3.0835,26.6583
0.0253716,0.00328026,0.158464,33.8028,2.77795,26.6583
0.0247992,0.0183541,0.166495,37.7615,3.12569,26.6586
0.0248815,0.0128108,0.159212,36.4549,2.47119,26.6591
0.0248533,0.00966548,0.16169,36.3996,2.32114,26.6592
0.0252572,0.00807757,0.162023,34.029,3.45625,26.6594
0.0252759,0.00684787,0.165606,34.1224,4.49038,26.6599
0.0250805,0.0196708,0.161941,35.2377,3.45003,26.6601
0.0250872,0.0223719,0.165854,35.3457,3.17217,26.6604
0.0248417,0.0286424,0.16648,36.4691,2.40149,26.6605
0.0252422,0.00258286,0.157131,34.2442,3.51673,26.6606
0.024932,0.00252761,0.163763,36.5261,2.3729,26.661
0.0249428,0.00671512,0.162036,36.1633,4.65176,26.6612
0.0250639,0.0114047,0.157561,35.3244,3.69205,26.6613
0.0255186,0.0056896,0.166008,32.0695,2.57662,26.6614
0.0249024,0.00268522,0.158255,36.0939,3.13898,26.6616
0.0251885,0.00188196,0.152967,34.3192,2.78669,26.6623
0.0247632,0.00378636,0.154735,37.2975,3.19078,26.6628
0.0251866,0.0145114,0.162566,34.9026,2.45678,26.6628
0.024837,0.0239558,0.163195,36.074,2.90021,26.6637
0.0250949,0.0162398,0.161115,35.4277,3.50708,26.6638
0.0245818,0.0323554,0.161148,38.134,3.3271,26.6639
0.0246476,0.0106439,0.166196,38.276,3.90482,26.664
0.0251986,0.00348948,0.154993,34.7484,2.44552,26.664
0.0252229,0.00513622,0.162499,34.3327,2.3133,26.6642
0.0253092,0.0187988,0.164898,33.6826,2.06387,26.6645
0.0247394,0.00825794,0.158737,37.923,2.96088,26.6646
0.0247254,0.0405042,0.159966,37.5533,3.63955,26.6648
0.0245922,0.0179449,0.160817,38.4557,3.04348,26.6649
0.0255087,0.00196409,0.164789,32.0741,2.83834,26.6651
0.0251131,0.0313513,0.166229,34.7048,2.3576,26.6655
0.0253738,0.0025075,0.157737,33.3345,2.30678,26.6658
0.0245955,0.0329192,0.16096,38.2085,3.92349,26.6658
0.0248849,0.0142054,0.162471,36.8169,2.79829,26.6659
0.0253093,0.0113085,0.162606,33.1525,2.32103,26.666
0.0252112,0.00828188,0.162408,34.9402,2.32752,26.6661
0.0250081,0.0074259,0.159024,35.6249,2.67129,26.6662
0.0247123,0.0410419,0.161913,37.8119,3.3437,26.6665
0.0251446,0.0101155,0.160092,34.484,2.91149,26.6665
0.0249968,0.0171368,0.159905,35.5289,2.48111,26.6665
0.0247444,0.00982331,0.157812,37.9457,3.93174,26.6666
0.0251371,0.0310129,0.164864,34.6861,2.54046,26.6666
0.025516,0.00170248,0.166173,32.3124,3.82401,26.6666
0.0253277,0.0153191,0.160974,33.5995,2.72633,26.6667
0.0249137,0.0266869,0.159336,36.4723,3.39087,26.6672
0.0251441,0.00240892,0.163363,34.4858,2.02045,26.6673
0.0249778,0.00886707,0.166487,36.0483,4.27219,26.6676
0.0251234,0.00571195,0.156918,35.3832,3.0831,26.6677
0.025515,0.00289721,0.166108,32.355,3.5254,26.668
0.0249102,0.0345599,0.166067,36.2447,3.94018,26.6681
0.0252302,0.00309607,0.157668,34.003,3.52095,26.6682
0.0250094,0.0267655,0.166383,35.9177,3.33155,26.6688
0.0248451,0.0284868,0.165953,36.2536,2.53682,26.669
0.0251073,0.00348128,0.162178,35.2104,4.73795,26.6691
0.0247729,0.0026096,0.165252,37.8121,2.26002,26.6692
0.0253548,0.00264876,0.153964,33.7174,2.96216,26.6693
0.0248281,0.0229835,0.164908,36.2001,2.22925,26.6694
0.0251359,0.0207988,0.158934,34.3055,2.32467,26.6695
0.0252032,0.0216947,0.164375,34.5639,3.98837,26.6696
0.0250508,0.00670565,0.158157,35.1571,2.89428,26.6697
0.0248408,0.0185066,0.162763,36.271,2.76514,26.6698
0.0250876,0.00471526,0.153506,35.9509,3.15517,26.67
0.0248655,0.0274331,0.163452,36.9239,3.57881,26.67
0.0249689,0.0319664,0.165269,35.4217,2.97613,26.6701
0.0246189,0.00138744,0.166343,38.2267,2.96172,26.6702
0.025272,0.00612975,0.165349,34.2052,4.83139,26.6703
0.0249024,0.00661762,0.156667,36.0873,2.8951,26.6705
0.0249593,0.0113612,0.155139,36.0866,3.90642,26.6706
0.0251812,0.0273688,0.165825,34.9171,3.80736,26.6707
0.0245619,0.0505009,0.164178,38.0391,3.53565,26.671
0.0249443,0.0048701,0.161482,36.4542,4.47541,26.6714
0.0251959,0.00848701,0.162869,34.6988,3.73406,26.6715
0.0250601,0.0204646,0.159689,35.4438,3.66976,26.6717
0.0252067,0.00859074,0.161037,34.175,3.41536,26.672
0.0255388,0.00334604,0.16301,32.0668,3.33617,26.672
0.0247664,0.00355838,0.159912,37.9504,2.56654,26.6722
0.0248468,0.00566178,0.163195,36.335,2.34595,26.6725
0.0253272,0.0239719,0.166065,33.8895,3.28596,26.6725
0.0247258,0.0157794,0.161303,37.7709,3.91526,26.6727
0.0248071,0.00155796,0.151952,37.2792,3.49205,26.673
0.0251495,0.00344686,0.162037,35.7485,3.77754,26.6731
0.0247622,0.0323728,0.163228,37.6853,3.68647,26.6738
0.0249585,0.0066827,0.162316,36.3721,4.29624,26.674
0.0251127,0.0044564,0.154367,35.6211,3.91637,26.6743
0.025546,0.00314199,0.165198,32.7129,2.49947,26.6744
0.0251424,0.00337364,0.163076,34.5462,2.57104,26.6746
0.0250573,0.0277732,0.164682,35.9178,3.53598,26.6746
0.0250221,0.00991057,0.156692,35.4914,2.21539,26.6749
0.0249574,0.0353213,0.165374,35.7604,2.93733,26.6753
0.0255417,0.00438082,0.166112,32.5813,2.00994,26.6753
0.0250995,0.00773643,0.163218,35.5142,4.05763,26.6755
0.0247823,0.0175138,0.154984,37.0554,3.87134,26.6757
0.0248855,0.0163649,0.159984,36.5945,3.49232,26.676
0.0254252,0.0015843,0.162886,33.8856,3.57462,26.6763
0.0251153,0.0212417,0.166595,35.3661,4.34283,26.6763
0.0250064,0.0335976,0.165854,35.4481,3.46972,26.6766
0.0250525,0.00492689,0.159764,35.3449,3.30675,26.6768
0.0249196,0.00230209,0.156441,36.6794,2.19415,26.6769
0.0251441,0.0271443,0.161484,34.4935,2.08667,26.6769
0.0253205,0.00534893,0.158396,33.7818,2.61384,26.677
0.0247527,0.0305658,0.156082,37.2363,3.66979,26.6773
0.0247207,0.003722,0.163308,37.3519,2.56088,26.6774
0.0255103,0.012137,0.165348,32.8147,3.53473,26.6778
0.0245733,0.029315,0.162044,38.7785,3.68637,26.6778
0.0248092,0.00979432,0.160118,37.4159,3.93188,26.678
0.0245937,0.00983754,0.16638,38.0984,2.26605,26.6781
0.0250509,0.0189394,0.158781,35.6114,3.88128,26.6781
0.0251366,0.00305273,0.165482,34.9997,2.43244,26.6784
0.0247988,0.00867065,0.1535,37.3648,3.13771,26.6787
0.024947,0.0187977,0.158376,36.2609,3.77963,26.6788
0.0253023,0.008023,0.16469,33.2175,2.97862,26.6789
0.0251128,0.00183386,0.152243,35.0825,3.87995,26.6796
0.0247079,0.0418679,0.162298,37.4412,3.74304,26.6796
0.0249982,0.00439008,0.161298,35.1064,2.0403,26.6799
0.0250262,0.0207282,0.165843,35.7918,2.98691,26.68
0.0248413,0.023977,0.161623,36.0621,2.53658,26.6801
0.0247624,0.00483717,0.15693,37.2277,2.0131,26.6801
0.0250136,0.0238088,0.165259,35.4023,3.9171,26.6811
0.0247247,0.0320879,0.159328,37.5111,3.24264,26.6812
0.025194,0.023283,0.163729,34.4878,3.52205,26.6816
0.0248909,0.0135005,0.15889,36.5587,3.25876,26.6817
0.0250388,0.00891422,0.161737,35.9204,3.79716,26.6819
0.0253324,0.00473862,0.155062,33.5587,2.15612,26.6822
0.0249711,0.026902,0.162381,35.3824,2.72113,26.6824
0.0248693,0.0251834,0.162276,36.7798,3.35326,26.6831
0.0249188,0.0360374,0.165587,36.8138,4.38889,26.6834
0.0255459,0.00395034,0.163171,32.2942,3.17635,26.6836
0.0250905,0.00256199,0.165753,35.5246,2.94092,26.6836
0.025368,0.0118025,0.16524,33.6492,2.66024,26.6836
0.0248363,0.00437787,0.16575,36.9447,2.67906,26.6837
0.0248453,0.0296073,0.165687,36.9084,2.98753,26.6839
0.0252336,0.0180401,0.164934,34.7237,3.48231,26.684
0.0251454,0.00547207,0.160536,34.7983,2.25968,26.6842
0.0251303,0.0106153,0.162562,35.4955,3.26556,26.6843
0.0247603,0.00288866,0.15389,37.4565,2.52296,26.6846
0.0248792,0.0349644,0.16012,36.1296,3.38762,26.6848
0.0251734,0.0188381,0.165097,34.838,3.72606,26.685
0.0249888,0.0262789,0.162713,35.1037,2.00495,26.685
0.0251253,0.0315808,0.162657,34.3718,2.03273,26.6852
0.0247114,0.047088,0.161906,37.9435,3.63595,26.6852
0.0251307,0.0115441,0.16275,35.6715,4.40619,26.6854
0.0249256,0.00518325,0.161939,36.8977,2.28239,26.6856
0.0249127,0.0113001,0.154361,36.8462,3.47575,26.686
0.0250178,0.0160638,0.159143,35.7768,2.85343,26.686
0.0248674,0.0212774,0.162295,36.4084,2.61757,26.6861
0.0253539,0.00607917,0.154555,33.3343,2.63458,26.6862
0.0247308,0.0175276,0.164917,37.1742,2.02707,26.6862
0.0250619,0.0106836,0.162374,35.3725,2.66328,26.6862
0.0255269,0.00719514,0.166294,32.4844,2.2633,26.6862
0.0247374,0.0114094,0.15832,37.1941,3.3347,26.6866
0.0245506,0.0419291,0.164833,38.9258,3.07131,26.6866
0.0248897,0.0167888,0.158606,36.633,3.85728,26.6869
0.0248494,0.0174425,0.160207,36.8554,2.39489,26.6871
0.0247648,0.00541858,0.159716,37.2045,2.74462,26.6872
0.024755,0.00952969,0.160496,37.0138,2.56685,26.6874
0.024753,0.0119943,0.154623,37.6243,3.94054,26.6879
0.0249568,0.0148937,0.163091,36.3196,4.59338,26.6879
0.0248926,0.0391045,0.165372,36.3237,3.07822,26.688
0.0246532,0.00289485,0.159349,38.1636,3.90586,26.6881
0.0249083,0.0229772,0.165268,36.4131,4.44235,26.6884
0.0249369,0.0183634,0.16194,36.545,4.42661,26.6884
0.0250748,0.0140682,0.155732,35.5836,3.15916,26.6885
0.0247345,0.0148547,0.161145,37.5409,2.18192,26.6886
0.025191,0.00304243,0.152177,34.358,2.86331,26.6887
0.0252721,0.00877604,0.163351,34.7289,3.50001,26.6887
0.0249541,0.0141021,0.162437,36.967,4.56088,26.6888
0.0250904,0.0023371,0.162687,35.1024,2.22505,26.6889
0.024911,0.0100917,0.163901,36.8672,2.0843,26.6891
0.0246106,0.00331174,0.15858,38.9187,3.68506,26.6894
0.0250841,0.00778895,0.165955,35.6093,4.54466,26.6899
0.0245639,0.0376551,0.162305,38.3321,3.93404,26.69
0.024816,0.0016993,0.154011,37.9334,3.67584,26.6903
0.0249772,0.0262086,0.160986,35.4971,2.78731,26.6903
0.0250844,0.00807352,0.15323,35.6166,3.98225,26.6904
0.0251524,0.0264723,0.161833,34.6328,2.76775,26.6906
0.0249927,0.00511242,0.161847,35.6095,2.39946,26.6906
0.025172,0.0242399,0.166345,34.9604,2.85238,26.6906
0.0253312,0.0153032,0.158822,33.1525,2.82354,26.6908
0.0247153,0.00602328,0.163325,37.6521,2.96444,26.691
0.0247408,0.0426644,0.165392,37.4236,3.98245,26.6911
0.0249826,0.0072489,0.162756,36.8554,3.93164,26.6913
0.0249737,0.0171415,0.163617,35.4232,2.30217,26.6914
0.0253128,0.00671663,0.159981,33.0955,2.88653,26.6918
0.0245357,0.0629599,0.166598,38.9997,3.99046,26.692
0.0253547,0.00222566,0.163507,33.8503,3.59705,26.6921
0.0251741,0.0164368,0.164806,34.5186,3.50133,26.6923
0.0249874,0.0302629,0.164572,35.8645,2.87296,26.6924
0.0247752,0.0287463,0.163992,37.9429,3.953,26.6924
0.0250306,0.0136437,0.162388,35.0956,3.2787,26.6924
0.0253065,0.0148017,0.162017,33.0311,2.38551,26.6924
0.0251358,0.0117844,0.161096,34.2002,2.7821,26.6932
0.0252034,0.0107939,0.160428,34.2892,2.02619,26.6934
0.0249094,0.0113045,0.164596,36.6892,2.63768,26.6935
0.0251272,0.0175779,0.162282,34.1367,2.38924,26.6936
0.0250258,0.0215214,0.165279,35.6782,2.89439,26.6937
0.0253436,0.0170387,0.16125,33.3918,2.43598,26.6941
0.0248689,0.00174085,0.157598,36.2623,2.97892,26.6945
0.0247075,0.0317046,0.163052,37.4664,3.06675,26.6946
0.0251055,0.0181436,0.163888,35.6507,3.87724,26.6949
0.0249843,0.0117494,0.162036,35.0498,2.29939,26.695
0.0250926,0.00749304,0.152783,35.9371,3.1602,26.6951
0.0245532,0.048309,0.162827,38.9,3.7928,26.6951
0.0247353,0.0101731,0.158462,37.8885,3.3346,26.6952
0.0251337,0.00301253,0.165683,34.877,2.65502,26.6958
0.0248956,0.0149473,0.164501,36.3207,2.71342,26.696
0.0252752,0.00553928,0.15998,34.8328,3.34877,26.6963
0.0249762,0.00895388,0.165739,35.0317,2.9609,26.6964
0.0252049,0.0246446,0.165194,34.0242,3.01643,26.6965
0.024744,0.0363524,0.157855,37.1703,3.04933,26.6968
0.0252326,0.0015863,0.158005,34.2019,2.44001,26.6971
0.0246972,0.0545068,0.165788,37.5436,3.37916,26.6973
0.025499,0.00425861,0.16533,32.7697,2.66066,26.6973
0.0248242,0.0279433,0.163618,36.1757,2.58854,26.6974
0.0249007,0.00855189,0.154908,36.8152,2.96418,26.6976
0.024972,0.0117273,0.166148,35.5291,2.03771,26.6978
0.0250148,0.0298542,0.16359,35.3649,3.36234,26.6978
0.0248582,0.00475886,0.159191,36.2745,2.7221,26.6979
0.0251692,0.014616,0.155565,34.7656,2.31035,26.698
0.0250757,0.0289221,0.166128,35.5305,4.93536,26.6981
0.0251517,0.00356788,0.160959,35.6029,3.11183,26.6983
0.0250017,0.0399697,0.165689,35.8728,3.90721,26.6985
0.0247602,0.0314502,0.158585,37.9282,3.05971,26.6985
0.0251592,0.0132826,0.154213,34.4465,2.58405,26.6985
0.024586,0.00494419,0.16458,38.5753,3.08699,26.6985
0.0253169,0.0019612,0.159633,33.541,2.77247,26.6986
0.025231,0.0051536,0.156229,34.1615,3.75171,26.6988
0.0253622,0.0208269,0.165663,33.0176,3.18976,26.699
0.0245691,0.0313095,0.16143,38.8508,3.66753,26.699
0.0250909,0.00303013,0.163406,35.7572,2.1321,26.6992
0.0252079,0.00499136,0.15996,34.8128,3.48799,26.6993
0.0248659,0.0130869,0.163048,36.7792,3.37175,26.6993
0.0250394,0.0165385,0.160157,35.5942,3.57928,26.6997
0.0252576,0.00707101,0.166594,34.707,4.71093,26.7001
0.0254105,0.00588571,0.16234,33.0399,3.74677,26.7001
0.0247349,0.026659,0.156636,37.0443,3.65388,26.7002
0.0250598,0.0196105,0.157206,35.0564,3.62149,26.701
0.0251785,0.014422,0.156203,34.8828,2.06126,26.7011
0.0253284,0.0142932,0.166194,33.0739,3.1612,26.7011
0.0245758,0.036361,0.159353,38.6939,3.75243,26.7012
0.0251991,0.00593693,0.153612,34.0312,2.89831,26.7014
0.0253511,0.021465,0.164643,33.2636,3.32079,26.7019
0.0249887,0.00501463,0.162178,35.7066,2.23878,26.7023
0.024584,0.0279564,0.159041,38.1609,3.7223,26.7023
0.0249443,0.0397479,0.165031,35.2902,2.67096,26.7023
0.0251808,0.022525,0.166104,34.8182,2.00702,26.7024
0.0247412,0.041237,0.162514,37.5264,3.78338,26.7025
0.0248325,0.00449341,0.165658,36.5776,2.43549,26.7027
0.0247806,0.0240491,0.160042,37.5192,3.10004,26.7027
0.0247116,0.0436917,0.160077,37.8984,3.98613,26.7028
0.0251157,0.0130886,0.159991,35.1712,4.39192,26.7031
0.0246352,0.00527087,0.156427,38.8678,3.16896,26.7031
0.0253288,0.0231355,0.163841,33.563,2.76331,26.7033
0.0249223,0.00734804,0.161376,36.4899,2.97283,26.7034
0.0255778,0.00129332,0.164548,32.5364,3.36834,26.7034
0.024703,0.0244851,0.164273,37.896,3.0086,26.7035
0.0253699,0.0171092,0.16384,33.8213,3.02218,26.7036
0.0252877,0.00234282,0.159686,34.3813,3.79673,26.7038
0.0248361,0.0233584,0.161364,36.5846,2.70318,26.7038
0.0250787,0.0101895,0.153494,35.8026,3.85419,26.7039
0.0250904,0.00719174,0.16413,35.9281,4.32392,26.7043
0.0245954,0.039607,0.164602,38.0119,3.94232,26.7043
0.0250458,0.0127327,0.159894,35.7411,2.53363,26.7045
0.0251778,0.017289,0.158657,34.4844,2.75512,26.7045
0.0248526,0.0462168,0.164269,36.8699,3.18403,26.7048
0.0246291,0.0068839,0.15625,38.4374,3.11325,26.7048
0.0254311,0.00509688,0.165769,33.3934,3.85944,26.7049
0.0250171,0.00604961,0.155663,35.9287,2.14419,26.7049
0.0253677,0.0209159,0.166381,33.175,3.4575,26.705
0.0249781,0.00966912,0.162339,36.9519,3.08019,26.705
0.0249022,0.0216431,0.154592,36.9517,3.8671,26.7051
0.0249733,0.00733636,0.154739,36.9545,3.8843,26.7052
0.024912,0.0272166,0.157143,36.3957,3.84306,26.7054
0.0252159,0.00911846,0.160982,34.692,2.62341,26.7054
0.0249238,0.00500758,0.158071,36.5625,2.84552,26.7055
0.0245785,0.0463459,0.163923,38.0709,3.33844,26.7055
0.0250931,0.00837061,0.152798,35.439,3.77432,26.7056
0.0250049,0.0385499,0.164648,35.7963,3.1056,26.7058
0.0253438,0.00945358,0.163779,33.4939,3.56073,26.7058
0.025542,0.00158352,0.159281,32.6705,2.12534,26.7058
0.0252331,0.00433992,0.161637,34.8568,2.56686,26.7058
0.0255075,0.0141778,0.164578,32.5592,3.71346,26.706
0.0249434,0.0181934,0.154798,36.9111,3.04633,26.7061
0.0254963,0.00451808,0.165496,32.6909,2.54804,26.7062
0.0251733,0.0138153,0.154965,34.4031,2.2476,26.7066
0.0250859,0.00332933,0.165243,35.8908,4.95588,26.7066
0.0254119,0.0096414,0.164955,33.5814,3.92405,26.7066
0.024941,0.00134081,0.158032,36.1115,2.4582,26.7066
0.0245757,0.0374137,0.159126,38.8873,3.02304,26.7068
0.0250861,0.0253072,0.164352,35.6534,4.72533,26.707
0.0246567,0.00858582,0.166471,38.3554,3.45825,26.707
0.0251422,0.0193595,0.155555,34.2083,2.5896,26.7074
0.025105,0.0042416,0.161199,35.3884,4.24564,26.7075
0.0252356,0.00957183,0.157585,34.6739,3.00446,26.7075
0.0253208,0.0211385,0.161976,33.913,2.31749,26.7075
0.02489,0.0259227,0.156612,36.8462,3.13858,26.7079
0.0251971,0.00121993,0.161958,34.9031,3.02249,26.708
0.0251181,0.0298048,0.161044,34.2976,2.09852,26.7081
0.0248318,0.0258939,0.161714,36.9074,2.20961,26.7084
0.0246023,0.0111823,0.157709,38.7865,3.92754,26.7084
0.0247415,0.0428946,0.164296,37.3728,3.68517,26.7084
0.0247792,0.0191121,0.152705,37.9739,3.29968,26.7085
0.0252957,0.00859195,0.16628,34.5925,4.12172,26.7086
0.0247288,0.00799701,0.158144,37.0024,2.47451,26.7086
0.0251066,0.00354632,0.150987,35.2175,3.48618,26.7092
0.0249889,0.0289417,0.162437,35.9281,2.8312,26.7092
0.0255044,0.00484984,0.163688,32.9649,2.50425,26.7093
0.0253189,0.0130081,0.157724,33.6203,2.45669,26.7094
0.0251373,0.0325148,0.161359,34.9986,2.13165,26.7096
0.0250992,0.0202169,0.163486,35.2933,3.68911,26.7097
0.0253473,0.0159361,0.159916,33.1032,2.69472,26.7097
0.0246147,0.0207326,0.157212,38.4971,3.23545,26.7099
0.0253338,0.0218144,0.16369,33.7504,3.95276,26.7099
0.0249824,0.00628696,0.158769,36.8783,3.22094,26.7103
0.0248723,0.014927,0.161233,36.062,3.51503,26.7104
0.0252773,0.00967777,0.164727,34.6902,3.95845,26.7104
0.0252076,0.0146141,0.166042,34.9662,2.5132,26.711
0.0252595,0.0145781,0.164773,34.1241,3.14477,26.7111
0.0247388,0.00935295,0.155065,37.268,2.01629,26.7112
0.0248393,0.0117059,0.161717,36.0508,2.23691,26.7118
0.0249736,0.01106,0.160548,36.6109,3.75161,26.7118
0.0251519,0.0345589,0.165934,34.9332,3.65613,26.7119
0.0251197,0.00135987,0.158279,35.1885,4.73915,26.7119
0.0248646,0.0168837,0.162532,36.6855,3.92992,26.712
0.0248572,0.0265521,0.162092,36.9927,2.9833,26.7124
0.0249199,0.0234409,0.155093,36.0813,3.37576,26.7124
0.0253275,0.0234718,0.164367,33.7476,3.71855,26.7126
0.0247488,0.0381209,0.160826,37.3315,3.29395,26.7126
0.024982,0.0301396,0.162109,35.9559,2.93931,26.7126
0.0251311,0.0133234,0.161373,34.4841,2.44033,26.7131
0.0245407,0.0448825,0.164847,38.9922,3.56895,26.7132
0.024741,0.0100269,0.154752,37.1518,2.61993,26.7132
0.0250809,0.0131331,0.154267,35.6857,3.4683,26.7133
0.0254357,0.00355446,0.164565,33.2563,3.19557,26.7138
0.024565,0.0483905,0.160292,38.6943,3.03932,26.7139
0.0247228,0.0132343,0.160625,37.9641,3.70334,26.7141
0.0247512,0.0110404,0.157631,37.3407,2.86614,26.7141
0.0248603,0.0318316,0.162131,36.2456,3.7128,26.7142
0.0255581,0.00396895,0.162666,32.9076,3.40884,26.7143
0.0250087,0.00321325,0.157227,35.6941,2.66116,26.7144
0.0245496,0.0450947,0.162917,38.0541,3.64978,26.7145
0.0249996,0.0180821,0.156802,35.9661,2.10986,26.7146
0.0253594,0.0088681,0.156272,33.0678,2.78914,26.7146
0.0251045,0.0323423,0.164919,34.4813,2.60327,26.7148
0.0252123,0.00839463,0.158257,34.5253,3.52304,26.7149
0.0249132,0.00731976,0.156086,36.1763,2.45246,26.7149
0.0253221,0.0261142,0.165264,33.5359,2.60226,26.7149
0.0248528,0.0428938,0.162715,36.6174,3.26831,26.7151
0.0249165,0.0270425,0.157087,36.8927,3.97075,26.7152
0.0249417,0.022185,0.157114,36.7666,3.93563,26.7154
0.0250434,0.0262344,0.159092,35.5282,3.58203,26.7156
0.0249917,0.0307244,0.163911,35.8749,2.60356,26.7157
0.0250202,0.0344848,0.162451,35.6427,3.75568,26.7157
0.0248786,0.017991,0.157735,36.5147,2.52013,26.7158
0.02506,0.0212933,0.15739,35.4434,3.52008,26.716
0.0245827,0.0168739,0.164678,38.2848,2.22572,26.7162
0.0248239,0.0145026,0.164987,36.6274,2.58512,26.7162
0.0253873,0.00833387,0.166552,33.5799,2.7658,26.7164
0.0251322,0.00210574,0.165381,34.5001,2.13091,26.7164
0.0251307,0.0171999,0.166178,35.4331,4.21741,26.7166
0.0248074,0.0089064,0.155749,37.4056,3.64895,26.7166
0.0253967,0.00829735,0.160694,33.973,3.35099,26.7168
0.0245855,0.0156405,0.163971,38.6606,2.71869,26.717
0.0247165,0.0163435,0.161373,37.9673,3.9866,26.7174
0.0245832,0.00297849,0.164605,38.733,2.97635,26.7175
0.0249552,0.0110118,0.160872,36.5114,4.63947,26.7178
0.0247027,0.0279605,0.165562,37.9071,2.52777,26.718
0.0245979,0.0114001,0.162873,38.1,2.65127,26.7181
0.0247287,0.0285857,0.15706,37.9504,3.35624,26.7183
0.0249836,0.032207,0.163176,35.2562,2.10938,26.7185
0.0248781,0.0173419,0.156835,36.5588,2.55956,26.7185
0.0251262,0.00238918,0.152418,35.9855,3.95358,26.7186
0.0247036,0.0381752,0.161984,37.9564,3.8776,26.7187
0.0253588,0.0134301,0.159795,33.4798,2.41241,26.7188
0.0250682,0.0140471,0.154384,35.1075,3.71107,26.7188
0.0249583,0.0135562,0.153243,36.3235,3.21169,26.7189
0.0251485,0.0225256,0.156354,34.2031,2.28865,26.7189
0.0249612,0.0179581,0.162991,36.8838,3.82876,26.7191
0.0251258,0.0326567,0.16037,34.094,2.58101,26.7191
0.0252672,0.00385731,0.16421,34.4945,4.21291,26.7193
0.0248664,0.00680794,0.156396,36.9205,2.71524,26.7193
0.0253059,0.0128906,0.160148,33.5854,2.28183,26.7194
0.0246976,0.0266897,0.16313,37.0974,2.4446,26.7195
0.0249443,0.0258222,0.165388,36.7091,3.40863,26.7195
0.0248934,0.0134825,0.156784,36.1477,3.62394,26.7196
0.0247612,0.0283765,0.153363,37.2835,3.3514,26.7197
0.0248535,0.030078,0.165787,36.1697,2.0528,26.7199
0.0255493,0.00924879,0.164711,32.3139,3.53183,26.7201
0.0253093,0.00649034,0.160108,33.0828,2.69579,26.7201
0.0245849,0.0150258,0.162316,38.5914,2.16821,26.7201
0.0250887,0.0123075,0.154052,35.1781,3.16217,26.7205
0.025329,0.010023,0.165991,33.3324,3.13047,26.7207
0.0245959,0.0355492,0.159225,38.5383,3.056,26.7208
0.0251458,0.0377079,0.166204,34.6524,3.9899,26.721
0.0251443,0.0131165,0.156324,34.3616,2.17448,26.721
0.02516,0.0147211,0.153267,34.2099,2.71908,26.721
0.0251129,0.0037532,0.1591,35.9589,4.53682,26.7211
0.024747,0.00981243,0.154209,37.1969,2.48621,26.7212
0.0249339,0.0244934,0.161266,36.6027,4.85421,26.7213
0.0252113,0.00974496,0.158008,34.8057,3.82023,26.7213
0.024841,0.0382162,0.165274,36.4721,3.50818,26.7213
0.0251033,0.0153442,0.160428,35.6692,4.38752,26.7214
0.0250188,0.00980053,0.163868,35.859,3.80219,26.7217
0.0246915,0.0153398,0.165464,37.6321,2.51389,26.7217
0.0253141,0.0230223,0.166501,33.588,3.6428,26.7218
0.0250967,0.0118516,0.15482,35.6485,3.17248,26.7218
0.0252578,0.0116389,0.160486,34.998,3.96938,26.7219
0.0246384,0.0110733,0.156833,38.6164,3.66904,26.7219
0.0253838,0.0139233,0.1625,33.6633,3.52458,26.7221
0.0257168,0.00373565,0.165944,31.3038,3.62682,26.7223
0.0253358,0.0225562,0.162147,33.1363,2.25572,26.7224
0.0253608,0.0166217,0.165416,33.1741,2.2649,26.7225
0.0252149,0.00446993,0.154484,34.8285,2.00905,26.7225
0.0249186,0.0219031,0.161771,36.0714,4.20894,26.7225
0.0252431,0.0146282,0.161089,34.7069,3.90801,26.7225
0.0247443,0.0263874,0.166403,37.2162,4.68742,26.7228
0.0246315,0.00205548,0.166429,38.1646,2.33698,26.7229
0.0252313,0.00865618,0.166215,34.3224,2.18556,26.7235
0.0249059,0.0123103,0.166528,36.484,4.46023,26.7235
0.0245987,0.0116579,0.16285,38.4617,2.99299,26.7235
0.0246908,0.0219054,0.164385,37.1129,2.97616,26.7235
0.0248833,0.0287269,0.157084,36.3206,3.39041,26.7236
0.0249656,0.0365599,0.163295,35.5768,2.05505,26.7237
0.0253186,0.0199853,0.166105,33.536,3.80891,26.7237
0.0248858,0.0437678,0.165792,36.3341,3.72379,26.7238
0.0249074,0.0263996,0.163606,36.9896,4.49349,26.7239
0.0253221,0.0275234,0.166018,33.4761,2.22821,26.7242
0.0247801,0.023569,0.157409,37.3792,3.87306,26.7244
0.0253719,0.0170512,0.162851,33.9659,3.8248,26.7244
0.0248191,0.00217867,0.153963,37.0989,3.71923,26.7246
0.0252161,0.0160421,0.158622,34.6191,3.83586,26.7246
0.0247858,0.00497138,0.165561,37.448,4.07544,26.7246
0.0245709,0.0130071,0.164866,38.0938,3.27864,26.7247
0.0255099,0.0159635,0.164235,32.2099,3.32494,26.7251
0.0250917,0.0179188,0.15838,35.1491,3.63573,26.7253
0.024729,0.00833122,0.160137,37.2145,3.17892,26.7254
0.0250707,0.0130887,0.15371,35.7778,3.0961,26.7254
0.0248176,0.00796062,0.166382,37.4076,4.61744,26.7257
0.0247955,0.0149762,0.155491,37.204,3.34015,26.7257
0.0250234,0.0324738,0.160933,35.1326,3.23649,26.7257
0.0248946,0.0280673,0.166338,36.3101,4.72491,26.7259
0.0249874,0.0396171,0.166508,35.8399,3.4863,26.726
0.0250598,0.0131487,0.161236,35.6551,2.10552,26.726
0.0250769,0.0268701,0.163287,35.3752,3.42745,26.7261
0.0247842,0.00242391,0.161533,37.4059,2.78321,26.7262
0.0253784,0.00424154,0.157918,33.5018,3.00389,26.7265
0.0247519,0.0354915,0.157582,37.7497,3.14157,26.7266
0.0251055,0.0251868,0.166462,34.0129,2.56415,26.727
0.0253011,0.00886055,0.162404,33.3175,2.20359,26.7271
0.0253529,0.0112069,0.155777,33.5965,2.11126,26.7275
0.025393,0.00635606,0.164628,33.66,2.48308,26.7275
0.0247389,0.0333203,0.154055,37.8773,3.06934,26.7275
0.0250454,0.0162085,0.161015,35.6286,2.9838,26.7277
0.0251924,0.00708819,0.15187,34.945,2.01674,26.7279
0.024684,0.0474595,0.165219,37.9078,3.55561,26.7281
0.0246622,0.00356608,0.160613,38.7337,3.34414,26.7283
0.0251164,0.0373121,0.162861,34.6977,2.85554,26.7284
0.0254079,0.0123752,0.165248,33.1519,3.46898,26.7285
0.0245514,0.0548196,0.161209,38.0508,3.25145,26.7285
0.0250613,0.0247869,0.159258,35.9647,3.60217,26.7289
0.0248277,0.0354965,0.16395,36.493,2.84853,26.7289
0.0252962,0.00445391,0.166418,33.0988,2.62749,26.7289
0.0251975,0.0122435,0.156986,34.0076,2.85166,26.729
0.0249743,0.0163062,0.161412,35.3837,2.76637,26.7292
0.0253642,0.00688927,0.154651,33.9437,2.75496,26.7292
0.0250828,0.0201761,0.158482,35.462,3.4794,26.7293
0.0247646,0.003435,0.150002,37.7643,2.28047,26.7293
0.0247628,0.00540296,0.151276,37.2964,3.33807,26.7294
0.0247082,0.0266612,0.163568,37.229,2.98234,26.7297
0.0245569,0.0546775,0.161838,38.4519,3.42401,26.7298
0.0250406,0.0339103,0.163501,35.2274,3.9871,26.73
0.0250859,0.0124337,0.153321,35.9066,3.65885,26.73
0.0250589,0.00470933,0.153126,35.1933,2.06205,26.7301
0.0249121,0.0223204,0.162661,36.9363,4.13977,26.7302
0.0252048,0.0108096,0.15739,34.1968,2.73212,26.7304
0.0249579,0.042195,0.165588,35.913,2.31623,26.7305
0.0245701,0.0066653,0.16533,38.9494,2.30197,26.7306
0.0245714,0.0367268,0.158461,38.527,3.16526,26.7306
0.0251717,0.0153553,0.15409,34.9849,2.89623,26.7308
0.0252135,0.0199916,0.160533,34.0552,3.37279,26.7309
0.0247244,0.00462286,0.158339,37.8566,2.25007,26.7309
0.0254997,0.00978245,0.166203,32.1196,3.51491,26.7309
0.0248294,0.034578,0.163305,36.4464,2.93923,26.7313
0.0247263,0.0200906,0.159899,37.5066,2.28851,26.7314
0.0245738,0.0113766,0.164318,38.0643,3.49896,26.732
0.0248295,0.0273983,0.160751,36.6224,2.64218,26.732
0.0253379,0.0206018,0.160006,33.0172,2.11595,26.7321
0.0250358,0.015413,0.157928,35.2644,2.25597,26.7322
0.0247122,0.0472848,0.158962,37.2633,3.5655,26.7325
0.0245815,0.0402673,0.158013,38.2945,3.81919,26.7325
0.024612,0.00352695,0.157092,38.1989,2.91231,26.7325
0.0255483,0.0068611,0.161885,32.765,3.92121,26.7326
0.025016,0.00497065,0.154561,35.3895,2.77109,26.7326
0.0253391,0.00777451,0.152286,33.9379,2.97358,26.7328
0.0247099,0.00893394,0.161031,37.3303,2.80533,26.7331
0.0246138,0.0275127,0.158396,38.0076,3.3043,26.7333
0.0251693,0.00584555,0.165875,34.0374,3.88571,26.7336
0.0249527,0.00924094,0.148503,36.2992,3.66432,26.7339
0.0248129,0.0305599,0.163594,36.6285,2.96001,26.7341
0.0245641,0.0330533,0.160164,38.463,3.9495,26.7342
0.025047,0.0342756,0.164263,35.3118,3.35951,26.7342
0.0253535,0.00610173,0.161292,33.467,3.26682,26.7345
0.0245934,0.003037,0.161296,38.6862,3.7921,26.7345
0.0249419,0.00496842,0.147538,36.3753,3.88055,26.7346
0.0250286,0.0123519,0.15427,35.7697,2.22711,26.7346
0.0251674,0.0281285,0.164641,34.5512,2.8427,26.7353
0.0247068,0.0356658,0.160664,37.2257,3.84407,26.7356
0.0251525,0.00843663,0.166571,35.7558,3.07484,26.7357
0.0251696,0.0352662,0.1649,34.2651,3.43632,26.7358
0.0254052,0.00291095,0.157198,33.8927,3.07345,26.736
0.0247408,0.0338033,0.165449,37.8065,4.72231,26.7361
0.0246064,0.00951502,0.161426,38.7897,2.77338,26.7363
0.0244645,0.014034,0.166198,39.3131,3.76006,26.7363
0.0253613,0.0182022,0.161789,33.4362,3.86016,26.7363
0.0246352,0.0118232,0.15592,38.7787,3.16428,26.7364
0.0248309,0.0367243,0.164497,36.43,2.82189,26.7365
0.0247064,0.019617,0.162801,37.3175,3.65094,26.7366
0.0251847,0.0109251,0.152605,34.0875,2.83088,26.7366
0.0255551,0.00356103,0.161832,32.4371,2.57401,26.7366
0.0254999,0.00775324,0.166539,32.8472,3.862,26.7369
0.0247234,0.0244661,0.165877,37.4486,2.72624,26.737
0.0247759,0.00408878,0.155501,37.37,2.26976,26.737
0.0253082,0.0244898,0.16178,33.5261,2.54536,26.737
0.0252398,0.00540972,0.1541,34.6508,3.52597,26.737
0.0255496,0.00690599,0.161882,32.2523,3.50079,26.7371
0.0248757,0.0291894,0.158111,36.2297,3.09344,26.7371
0.0247821,0.0141217,0.165057,37.5377,4.93834,26.7371
0.0251648,0.00947116,0.152051,34.0346,2.37112,26.7372
0.0248006,0.0339019,0.165423,36.2257,2.36329,26.7377
0.0246977,0.0404026,0.162196,37.2074,3.17347,26.7377
0.024943,0.00280882,0.147314,36.4387,3.4734,26.7378
0.0252181,0.0109377,0.156167,34.0957,3.41295,26.7379
0.0252624,0.01591,0.16607,34.4156,4.48391,26.738
0.0247002,0.0211209,0.160954,37.9198,2.01609,26.7381
0.0247751,0.0217988,0.151456,37.4547,3.27537,26.7381
0.0251598,0.00309834,0.154065,34.6125,2.12198,26.7381
0.0249893,0.00156093,0.154346,36.7994,3.53391,26.7383
0.0250544,0.00291617,0.15079,35.495,2.02726,26.7383
0.0249732,0.0106509,0.162513,36.922,4.89617,26.7386
0.0255656,0.00353431,0.165697,32.5228,2.81287,26.7386
0.0245797,0.046055,0.161278,38.0579,3.72189,26.7387
0.0253559,0.0046679,0.160925,33.3044,3.25641,26.7387
0.0249098,0.00460712,0.149754,36.0375,2.26892,26.7388
0.0248774,0.0324457,0.157254,36.564,3.05053,26.739
0.0249705,0.0130637,0.158974,36.2979,3.05192,26.7392
0.0250223,0.020101,0.158722,35.5636,2.71918,26.7393
0.0247941,0.0139988,0.152776,37.2956,3.13499,26.7393
0.0245758,0.0406578,0.157673,38.3932,3.90279,26.7394
0.0245522,0.0257768,0.165094,38.8126,2.97971,26.7394
0.0249157,0.00675453,0.164844,36.949,4.21807,26.7395
0.0246151,0.00312894,0.155522,38.5308,3.26636,26.7395
0.0246792,0.0211296,0.166106,37.5649,2.84323,26.7398
0.0249806,0.0084726,0.161338,35.3637,2.48757,26.7399
0.0250199,0.0182107,0.156435,35.3699,2.3697,26.7399
0.025,0.0309622,0.164285,35.5886,3.57594,26.7399
0.0251912,0.0132905,0.155175,34.5911,2.32198,26.7401
0.0249423,0.0146771,0.150513,36.4071,3.81583,26.7401
0.024965,0.0132403,0.154614,36.7576,3.166,26.7401
0.0247315,0.0410872,0.165632,37.7776,4.8406,26.7401
0.0253576,0.0157812,0.160352,33.4282,3.43599,26.7403
0.0250301,0.036918,0.163681,35.0134,3.48564,26.7404
0.024474,0.00164118,0.165543,39.4304,3.174,26.7405
0.0245768,0.0135729,0.161893,38.3066,2.16874,26.7406
0.0252026,0.0131888,0.158235,34.22,2.59943,26.741
0.0251081,0.0124426,0.155828,35.4067,3.88492,26.741
0.0251495,0.0142287,0.153623,34.1985,2.68473,26.7414
0.0251089,0.0395244,0.163814,34.8838,2.7119,26.7415
0.0247447,0.0391066,0.166338,37.0035,4.90844,26.7416
0.0249916,0.00682099,0.164384,36.6854,3.06162,26.7418
0.0249564,0.0444392,0.165921,35.6867,2.20112,26.742
0.0255227,0.0121942,0.161875,32.2714,3.69463,26.7423
0.0253327,0.0151273,0.154632,33.2385,2.17504,26.7423
0.0249697,0.0300483,0.158957,35.5387,2.44735,26.7423
0.0252319,0.0239304,0.165627,34.5858,3.63926,26.7424
0.0249458,0.00292934,0.161714,36.762,2.14926,26.7425
0.025171,0.0131474,0.163763,34.7941,3.70201,26.7426
0.0249584,0.0388095,0.162033,35.3244,2.03019,26.7427
0.0245601,0.012593,0.165106,38.7528,2.39283,26.7428
0.0248658,0.0220623,0.16058,36.7995,3.82697,26.743
0.0247765,0.0313137,0.16353,37.2104,3.30694,26.7431
0.0252636,0.00857843,0.157814,34.8803,3.88843,26.7431
0.0253573,0.0263377,0.166191,33.3807,3.39521,26.7431
0.0251216,0.00410528,0.157024,35.8939,4.54924,26.7431
0.0249292,0.00168114,0.150056,36.0023,2.53814,26.7431
0.0247674,0.0230213,0.16528,37.0451,4.24219,26.7432
0.0248134,0.0123736,0.166182,37.1418,4.79424,26.7433
0.0250947,0.00498818,0.161952,35.1528,4.3995,26.7434
0.0250063,0.0199205,0.163827,35.4349,3.25446,26.7437
0.0247511,0.034965,0.166053,37.1883,4.57176,26.7438
0.0247193,0.00388625,0.165593,37.0283,3.70996,26.7438
0.0248101,0.0401727,0.164292,36.0258,2.82978,26.7439
0.0247527,0.0121588,0.155697,37.8441,2.83189,26.7439
0.0246285,0.0115433,0.155256,38.2198,3.68329,26.744
0.0254334,0.00263957,0.160353,33.7354,3.52551,26.744
0.0249593,0.028974,0.160929,35.5069,2.70751,26.744
0.0245803,0.00343507,0.162697,38.9674,2.84898,26.7441
0.0248654,0.0496047,0.165604,36.28,3.45905,26.7442
0.0255052,0.0180523,0.16409,32.5267,3.75597,26.7443
0.0251418,0.00277396,0.153589,35.3837,3.48869,26.7444
0.0249658,0.0155137,0.159231,36.6951,3.00913,26.7444
0.0252081,0.0113527,0.157408,34.2756,3.06283,26.7445
0.0254371,0.00200225,0.166218,33.2891,4.98212,26.7446
0.0246894,0.0527841,0.162159,37.5751,3.4881,26.7447
0.0244463,0.0235115,0.16598,39.6966,3.20879,26.7453
0.024983,0.0307725,0.159879,35.1174,2.39881,26.7454
0.0246719,0.0577394,0.165914,37.1464,3.634,26.7454
0.0245829,0.00196897,0.162314,38.8569,2.78311,26.7454
0.0249393,0.0157409,0.150603,36.3726,3.11591,26.7454
0.0253628,0.0127885,0.159042,33.8427,3.55447,26.7455
0.0245899,0.0428818,0.162259,38.1776,3.30182,26.7455
0.025346,0.019146,0.159617,33.6038,2.11494,26.7458
0.0248769,0.0314143,0.157206,36.7915,3.28271,26.7459
0.0247269,0.0417618,0.156138,37.3596,3.87187,26.746
0.0248173,0.0121253,0.162722,37.1611,3.72797,26.7462
0.0248191,0.00768834,0.158381,37.3045,3.94275,26.7463
