beta,permeability,xi,init_days,delay,value
0.0415466,0.000778249,0.163106,53.5403,19.9966,63.461
0.0413227,0.00123769,0.160059,54.3827,19.3331,63.4799
0.0413142,0.00291428,0.154686,54.3446,19.2626,63.489
0.0413236,0.000382734,0.14589,54.5885,19.1404,63.4959
0.0415395,0.00269803,0.164169,53.5157,19.9921,63.5124
0.041537,0.000476289,0.154479,53.6698,19.7483,63.5151
0.0413085,0.00281538,0.15739,54.595,19.6514,63.539
0.0408718,0.00211178,0.138744,56.4337,19.5668,63.5455
0.0417619,0.00365302,0.165306,52.1054,19.63,63.5522
0.0418096,0.00016141,0.157363,52.3095,19.1064,63.5606
0.0417794,0.00462224,0.161872,52.758,19.7972,63.5655
0.0415235,0.000937412,0.159796,53.2763,19.3967,63.5659
0.0415351,0.00320093,0.153802,53.432,19.7735,63.5669
0.0413089,0.00680603,0.150545,54.2174,19.4628,63.5724
0.0415702,0.00104425,0.163039,53.3697,19.6141,63.5763
0.0420276,0.000361924,0.160477,51.6192,19.1709,63.5778
0.0408678,0.00252988,0.143831,56.3345,19.9734,63.5787
0.0417912,0.00312575,0.158524,52.0195,19.9849,63.5807
0.0413085,0.00530452,0.148607,54.3462,19.5505,63.5821
0.0410844,0.00579702,0.153669,55.5651,19.8054,63.5851
0.0420198,0.000506055,0.160148,51.5549,19.619,63.587
0.0411145,0.00161014,0.152319,55.8361,19.3118,63.5947
0.0418115,0.00111123,0.164499,52.4989,19.2388,63.6009
0.0413048,0.00505725,0.148587,54.0463,19.8294,63.6083
0.0410803,0.00695401,0.146913,55.3908,19.6606,63.6092
0.0411124,0.00257848,0.14648,55.681,19.8225,63.6097
0.041591,0.000476877,0.149207,53.0432,19.9475,63.6117
0.0417614,0.00540146,0.161898,52.3008,19.0809,63.6119
0.0410813,0.00734371,0.150089,55.3346,19.947,63.6167
0.0413036,0.00817552,0.157628,54.9326,19.8496,63.6188
0.0411165,0.00231735,0.144612,55.8721,19.1451,63.6199
0.0418234,0.00127597,0.161851,52.0557,19.3855,63.6257
0.0427607,0.000823984,0.153982,48.9497,19.3762,63.6283
0.0413135,0.00392268,0.144576,54.4304,19.7426,63.6287
0.0413479,0.0025941,0.15169,54.8149,19.4371,63.6301
0.0410926,0.00519881,0.156496,55.2365,19.3639,63.6304
0.0417853,0.00164108,0.150583,52.2954,19.1202,63.6323
0.0417537,0.00477993,0.16428,52.1181,19.6506,63.634
0.0422953,0.000204039,0.141375,50.6832,19.382,63.6343
0.0417819,0.00187222,0.150742,52.5214,19.8632,63.6367
0.0410762,0.00390558,0.156632,55.3723,19.6736,63.6371
0.041309,0.00564031,0.146411,54.0535,19.7013,63.6374
0.042015,0.00207596,0.158048,51.3819,19.8183,63.6374
0.041795,0.00166714,0.149963,52.4739,19.8682,63.6375
0.0417726,0.00103958,0.145561,52.0326,19.6934,63.6379
0.0415385,0.00171135,0.145717,53.0571,19.2003,63.638
0.0411273,0.0016455,0.142947,55.3186,19.2654,63.6401
0.0424994,0.00190569,0.156676,49.2904,19.895,63.641
0.0410881,0.000491589,0.138849,55.5567,19.5367,63.6421
0.0411396,0.000176424,0.142307,55.2564,19.696,63.6427
0.0408864,0.0010607,0.150427,56.5681,19.2276,63.644
0.0422819,0.00202601,0.140497,50.6557,19.5162,63.6453
0.0408606,0.00421954,0.141915,56.5983,19.8149,63.6456
0.0427923,0.00263929,0.155168,48.4241,19.1151,63.6483
0.0408689,0.00124246,0.135712,56.2809,19.1915,63.6501
0.0417752,0.000632827,0.136285,52.7142,19.871,63.6506
0.042531,0.000556639,0.156857,49.4637,19.5095,63.6534
0.0424967,0.00244331,0.156394,49.9386,19.4127,63.6539
0.0410794,0.0101547,0.14687,55.6952,19.2864,63.656
0.0406553,0.00363572,0.135347,57.0973,19.1091,63.6561
0.0415262,0.00887029,0.165412,53.5827,19.1737,63.6586
0.0408586,0.00448803,0.147289,56.5642,19.53,63.6594
0.0430661,0.000223667,0.161348,47.1119,19.7066,63.6597
0.0424998,0.00482814,0.151993,49.1874,19.8048,63.6615
0.0415558,0.00554404,0.165225,53.8033,19.2988,63.6617
0.0427485,0.00326243,0.159957,48.9202,19.2958,63.6624
0.0413604,0.00278061,0.144154,54.7428,19.953,63.6631
0.0427989,0.00124698,0.148315,48.6476,19.833,63.666
0.0417883,0.00261596,0.149165,52.6433,19.6866,63.6683
0.0412959,0.00469529,0.148986,54.9021,19.6026,63.671
0.0418109,0.00159657,0.153002,52.1032,19.5808,63.6712
0.0413094,0.00905273,0.162161,54.6728,19.44,63.6737
0.0411081,0.00341242,0.155005,55.6666,19.6826,63.6742
0.0415696,0.0055469,0.156423,53.1496,19.1425,63.6745
0.0415724,0.00440199,0.160343,53.5381,19.7381,63.6753
0.0408732,0.000710103,0.154272,56.8051,19.5643,63.6758
0.0408721,0.00180123,0.153588,56.797,19.5742,63.676
0.0418091,0.00419447,0.163909,52.6084,19.035,63.677
0.0420464,0.000285474,0.13607,51.489,19.4044,63.6777
0.0420225,0.00205869,0.147141,51.1195,19.0296,63.6836
0.0420049,0.00384779,0.14098,51.0212,19.9845,63.6837
0.040451,0.00150977,0.137825,58.7628,19.0661,63.684
0.0413306,0.00743506,0.148907,54.4427,19.2421,63.6841
0.0417959,0.00647935,0.160212,52.656,19.0599,63.6847
0.0413407,0.00220908,0.161086,54.3082,19.5069,63.6876
0.0419981,0.000441412,0.15781,51.0483,19.7736,63.6883
0.0410689,0.007872,0.146705,55.3347,19.224,63.6885
0.0415538,0.00254769,0.14303,53.1769,19.144,63.6886
0.0408683,0.00833287,0.13898,56.4083,19.3427,63.6891
0.0420056,0.00418883,0.148247,51.8836,19.6605,63.6903
0.0415813,0.00440752,0.150588,53.9748,19.2572,63.6904
0.0428141,0.000628962,0.149111,48.4709,19.2409,63.6906
0.0420346,0.00176236,0.133943,51.2486,19.6452,63.6913
0.0411244,0.00398928,0.145689,55.6574,19.3635,63.6914
0.0427614,0.00607315,0.154806,48.89,19.3698,63.6932
0.0425279,0.00493416,0.146436,49.0514,19.8976,63.6942
0.0420296,0.00482562,0.160916,51.5439,19.7271,63.6975
0.0417812,0.00395629,0.149199,52.7632,19.0794,63.7021
0.0411109,0.000892392,0.158332,55.8847,19.3579,63.7024
0.0422747,0.00304028,0.149634,50.9858,19.9707,63.7024
0.0406423,0.00116375,0.137793,57.0974,19.2975,63.7031
0.0406461,0.00499628,0.145615,57.7534,19.8183,63.7036
0.0417936,0.00481048,0.153609,52.0082,19.7625,63.7044
0.0408688,0.00651723,0.151833,56.7213,19.6261,63.705
0.0420034,0.00503421,0.154654,51.4934,19.8433,63.7067
0.0427402,0.00146903,0.15887,48.6478,19.7082,63.7073
0.0408811,0.00713972,0.147366,56.7504,19.7079,63.7084
0.0415387,0.00113036,0.137352,53.9194,19.6626,63.7096
0.0430732,0.00152856,0.157912,47.1699,19.3289,63.7103
0.0420025,0.00461589,0.137682,51.4946,19.1326,63.7112
0.0425195,0.00307049,0.159873,49.0824,19.6086,63.7117
0.0422962,0.000882297,0.164248,50.7593,19.3731,63.7141
0.0406613,0.00678954,0.142052,57.6693,19.9977,63.7163
0.0413653,0.00265847,0.150036,54.3435,19.8485,63.7166
0.0408621,0.0101519,0.144004,56.0825,19.3469,63.7168
0.0418391,0.000310085,0.161893,52.0204,19.3341,63.7181
0.0408522,0.00659659,0.142876,56.9463,19.879,63.721
0.0436068,0.000158908,0.142292,45.7215,19.0573,63.7253
0.0417644,0.00446566,0.138349,52.5288,19.2367,63.7254
0.0410941,0.000596323,0.133161,55.8416,19.3335,63.7254
0.0410965,0.00902809,0.145916,55.8272,19.824,63.7255
0.0415563,0.00812625,0.16135,53.4133,19.3561,63.7255
0.0410797,0.0078794,0.159821,55.7965,19.5992,63.7256
0.0406565,0.00646435,0.135217,57.897,19.4018,63.7263
0.0420003,0.000412262,0.14653,51.2885,19.0375,63.7277
0.0417502,0.0114197,0.165116,52.1705,19.3165,63.7283
0.0417721,0.00523603,0.149167,52.2886,19.387,63.7283
0.0417612,0.0066194,0.151598,52.082,19.1686,63.7299
0.0425628,0.00159323,0.143405,49.2701,19.0148,63.7301
0.0433181,0.00340099,0.165086,46.0939,19.8491,63.7305
0.0418197,0.00179611,0.150422,52.8907,19.3081,63.7317
0.0420195,0.00427865,0.144242,51.5166,19.7026,63.7322
0.0408481,0.000636925,0.148766,56.2406,19.6435,63.7344
0.0420341,0.0032827,0.141988,51.6295,19.3851,63.7345
0.042242,0.00623663,0.155299,50.2761,19.974,63.7353
0.0436033,0.0007763,0.145642,45.6084,19.3828,63.7353
0.0411057,0.00110872,0.13321,55.5442,19.7302,63.7355
0.0410883,0.00134338,0.135077,55.9058,19.6948,63.736
0.0433366,0.00059882,0.155188,46.0025,19.9519,63.74
0.0412933,0.0109598,0.163928,54.5847,19.4578,63.7401
0.0427808,0.00683759,0.156805,48.536,19.8008,63.7405
0.0420359,0.00383539,0.145716,51.4787,19.6801,63.7412
0.041088,0.0106693,0.150952,55.7282,19.0815,63.7413
0.0406406,0.00863798,0.144337,57.8706,19.6459,63.7414
0.0430367,0.00263708,0.14997,47.7744,19.1948,63.7451
0.0420462,0.0020038,0.145172,51.001,19.6653,63.7453
0.0417852,0.00993299,0.161741,52.4673,19.5933,63.7457
0.042495,0.00843072,0.154811,49.5038,19.1431,63.7466
0.0435998,0.000574535,0.163765,45.3705,19.6308,63.7471
0.0413454,0.00320945,0.161068,54.8106,19.9815,63.7489
0.0425399,0.0016652,0.163366,49.683,19.3807,63.749
0.0420244,0.00455249,0.143523,51.7287,19.3578,63.7495
0.0424906,0.0076212,0.15584,49.6147,19.2785,63.7503
0.0415615,0.00956358,0.156124,53.4479,19.8922,63.7531
0.0417928,0.00455359,0.145146,52.7491,19.4881,63.7533
0.0430332,0.00458824,0.154015,47.515,19.2437,63.7537
0.0410622,0.00477016,0.153389,55.1508,19.4127,63.7541
0.0410687,0.0138774,0.149903,55.3671,19.432,63.7543
0.0406341,0.00048932,0.143157,57.2885,19.6584,63.7544
0.0415504,0.000510939,0.128849,53.011,19.5712,63.7545
0.0415591,0.0042936,0.142574,53.0434,19.7183,63.7546
0.0427385,0.00562708,0.15836,48.9704,19.2881,63.7549
0.0406845,0.00288502,0.134218,57.1218,19.0655,63.7557
0.0425289,0.00648992,0.152058,49.5542,19.9726,63.7559
0.041748,0.0102622,0.161915,52.5875,19.5169,63.7563
0.04044,0.0062147,0.13726,58.9517,19.6332,63.7588
0.041553,0.00165684,0.135165,53.5919,19.9118,63.7589
0.0438802,0.000265565,0.159876,44.382,19.8921,63.7606
0.0406531,0.00212345,0.149206,57.5684,19.4405,63.7608
0.0419956,0.00339242,0.148319,51.0508,19.1175,63.7612
0.0438755,0.00116795,0.155889,44.3046,19.5157,63.7616
0.0425494,0.00296091,0.150117,49.8579,19.6842,63.7616
0.0438749,0.0009276,0.158846,44.2324,19.7853,63.7625
0.0404525,0.00291037,0.1402,58.7097,19.3454,63.7634
0.0415626,0.00234627,0.136664,53.0656,19.9855,63.7636
0.0413195,0.00630252,0.140208,54.3694,19.6913,63.7637
0.042737,0.00647588,0.163108,48.1574,19.9952,63.7648
0.0415987,0.00116436,0.162714,53.4302,19.2474,63.7677
0.042489,0.0020911,0.147571,49.2087,19.3421,63.7678
0.041062,0.00454691,0.158746,55.1507,19.2608,63.7681
0.0422401,0.00888196,0.148089,50.2278,19.242,63.7682
0.0409029,0.00621918,0.142121,56.2516,19.1199,63.7687
0.0413484,0.000388586,0.164358,54.1159,19.6225,63.7699
0.0408531,0.0130324,0.148105,56.0244,19.9344,63.7699
0.0430215,0.00715672,0.159315,47.9172,19.2712,63.7705
0.0424898,0.00710916,0.161226,49.4285,19.6028,63.7705
0.042265,0.00593246,0.156966,50.6155,19.5767,63.7707
0.0420514,0.00419165,0.159069,51.5069,19.4485,63.7711
0.0422871,0.00653183,0.138822,50.8212,19.3313,63.7711
0.0430005,0.00560138,0.165319,47.2774,19.6793,63.7713
0.0420821,0.000793735,0.160035,51.2995,19.7082,63.7714
0.0415434,0.0024869,0.126091,53.2041,19.9321,63.7718
0.0412962,0.0110554,0.147028,54.6326,19.0019,63.772
0.0422373,0.00793904,0.152439,50.2915,19.811,63.7722
0.0417534,0.00337203,0.153168,52.5153,19.1441,63.7722
0.0412905,0.00489843,0.146471,54.7238,19.462,63.7724
0.0425206,0.00523275,0.162478,49.2607,19.7107,63.7724
0.0417721,0.0061312,0.132085,52.3592,19.3555,63.7727
0.0408431,0.00663041,0.142707,56.8551,19.475,63.7729
0.0422321,0.00660283,0.163905,50.2126,19.6341,63.773
0.0413406,0.00834505,0.155175,54.7668,19.0716,63.7737
0.04064,0.00080161,0.132863,57.2508,19.0772,63.7741
0.0410607,0.00716919,0.155827,55.4633,19.9398,63.7753
0.0422926,0.00276734,0.1569,50.5281,19.1701,63.7767
0.0441917,0.000165773,0.148215,43.8469,19.4849,63.7776
0.0408428,0.00544874,0.142229,56.4747,19.2377,63.7778
0.0415863,0.00659246,0.154833,53.9211,19.4792,63.7784
0.0425578,0.000681112,0.155634,49.5935,19.3444,63.7791
0.0408519,0.0132653,0.140148,56.3585,19.6399,63.7795
0.0436095,0.0016617,0.150253,45.1888,19.884,63.7805
0.0422722,0.00629233,0.161458,50.1159,19.4514,63.7805
0.0422617,0.00652993,0.160676,50.8551,19.3347,63.7816
0.0415536,0.00693164,0.145373,53.0964,19.9158,63.7816
0.0427852,0.00610369,0.161083,48.3017,19.8935,63.7823
0.0417542,0.00945877,0.153059,52.4921,19.1612,63.7839
0.0415922,0.00328618,0.163192,53.723,19.0143,63.7849
0.0430869,0.000996551,0.15971,47.4644,19.818,63.7858
0.043052,0.00714104,0.159822,47.5661,19.797,63.7863
0.040847,0.00946676,0.147754,56.4005,19.0208,63.7866
0.0418095,0.00910379,0.159456,52.2719,19.0056,63.7868
0.0430149,0.00790158,0.1617,47.3246,19.4197,63.7872
0.0415556,0.00100075,0.124083,53.543,19.2883,63.7874
0.0430833,0.0010346,0.16108,47.2785,19.6942,63.7874
0.0408844,0.00886338,0.144547,56.49,19.3235,63.7882
0.0423103,0.0011396,0.143961,50.8368,19.4751,63.7883
0.043335,0.00248157,0.159114,46.3121,19.166,63.7885
0.0415471,0.00231709,0.128426,53.806,19.9721,63.7893
0.0441828,0.00130759,0.148169,43.7504,19.083,63.7896
0.0408554,0.0115883,0.152706,56.9748,19.9827,63.7898
0.0430188,0.00187661,0.150533,47.2779,19.779,63.7902
0.0438638,0.000488188,0.154644,44.814,19.4482,63.7908
0.0433202,0.00423046,0.158361,46.7628,19.0952,63.7909
0.0415136,0.0105383,0.154375,53.2879,19.2876,63.7931
0.0422792,0.00545679,0.162021,50.1226,19.5534,63.7933
0.0408538,0.000689982,0.135643,56.3339,19.1886,63.7936
0.0436387,0.000836494,0.132315,45.0836,19.8666,63.7939
0.0430643,0.000862961,0.132287,47.4761,19.7644,63.7941
0.0408805,0.000746759,0.158972,56.9907,19.2567,63.7948
0.0427977,0.000617952,0.135534,48.0311,19.3599,63.7948
0.0425258,0.00614286,0.160681,49.6671,19.9026,63.795
0.0425647,0.00144934,0.139541,49.3121,19.0776,63.7955
0.0436072,0.00314363,0.140908,45.0173,19.9316,63.7959
0.0408422,0.00549414,0.14689,56.3628,19.186,63.796
0.0427318,0.00153966,0.159477,48.0027,19.4775,63.7973
0.0433144,0.00193582,0.141922,46.7521,19.6452,63.7985
0.0411176,0.00927938,0.150816,55.5256,19.7541,63.7986
0.0435835,0.00321215,0.159365,45.4953,19.417,63.7987
0.0415275,0.0152898,0.157078,53.084,19.8158,63.799
0.0412988,0.00526952,0.140291,54.166,19.2419,63.7999
0.0408936,0.00723522,0.13716,56.7277,19.1615,63.8001
0.0425044,0.0115908,0.149885,49.116,19.2408,63.8006
0.0432956,0.000688059,0.14787,46.3695,19.7914,63.8024
0.0422463,0.0046405,0.139091,50.5354,19.9017,63.8026
0.0424875,0.00924155,0.159385,49.4109,19.033,63.8034
0.0433146,0.00525917,0.160463,46.1577,19.206,63.804
0.0433142,0.00199597,0.140824,46.5591,19.7799,63.8044
0.042065,0.000494818,0.141895,51.2515,19.3154,63.8048
0.0411323,0.000337368,0.133101,55.3459,19.3272,63.8051
0.0436013,0.00286258,0.154744,45.3271,19.5257,63.8054
0.0420598,0.00308455,0.15359,51.612,19.9333,63.8057
0.0413119,0.0138177,0.153198,54.6859,19.8261,63.8058
0.0432875,0.00215341,0.156967,46.135,19.1948,63.8066
0.0430357,0.00679145,0.15473,47.6708,19.9456,63.8069
0.0415524,0.00342571,0.134349,53.8324,19.8034,63.8078
0.041757,0.00265227,0.144531,52.1451,19.8258,63.8078
0.0408402,0.00759671,0.143115,56.9811,19.6613,63.8086
0.0410917,0.00657034,0.161711,55.9802,19.6279,63.8088
0.0438794,0.00331644,0.149403,44.9916,19.0535,63.8091
0.0428101,0.00424519,0.147193,48.3905,19.9195,63.8094
0.0422603,0.00305016,0.134421,50.4127,19.8133,63.81
0.0408468,0.0122269,0.148063,56.0037,19.6453,63.8104
0.0422877,0.00366272,0.134307,50.2802,19.7313,63.8104
0.0410626,0.0123523,0.156899,55.8551,19.6478,63.8109
0.0427635,0.0072332,0.147812,48.6945,19.6849,63.8112
0.0410785,0.00373345,0.163847,55.2538,19.1149,63.8113
0.0419914,0.0100911,0.154084,51.2583,19.3936,63.8118
0.0417661,0.00767051,0.140619,52.6523,19.9158,63.8119
0.0424797,0.00606185,0.16489,49.3684,19.5476,63.8125
0.0424961,0.00167007,0.142146,49.8047,19.9945,63.8126
0.0417647,0.00885785,0.148867,52.943,19.7972,63.8133
0.0420187,0.00815374,0.139703,51.0827,19.7709,63.8134
0.0406403,0.0118101,0.13929,57.8584,19.2123,63.8134
0.0422413,0.00911369,0.142081,50.0484,19.6893,63.8138
0.0422383,0.0108144,0.143918,50.5849,19.6744,63.8138
0.043896,0.00284949,0.144628,44.0627,19.2758,63.8139
0.0420376,0.00629488,0.155718,51.9052,19.7193,63.8141
0.0433386,0.00272968,0.137669,46.15,19.1163,63.8144
0.0430326,0.00441944,0.147594,47.5493,19.7637,63.8145
0.0433225,0.00344548,0.136681,46.6947,19.757,63.8151
0.0433025,0.00527477,0.153893,46.8061,19.1201,63.8152
0.0415278,0.012714,0.152234,53.4506,19.0833,63.8169
0.0413497,0.00605311,0.141894,54.6223,19.4361,63.817
0.0420057,0.00880778,0.148424,51.1118,19.8148,63.8174
0.0415791,0.00302278,0.141332,53.4601,19.5239,63.8186
0.0410716,0.0161161,0.151835,55.714,19.6492,63.8188
0.0444719,0.001932,0.154153,42.5967,19.2159,63.8191
0.0415416,0.00443907,0.13178,53.9048,19.4074,63.8194
0.0413217,0.00683132,0.138357,54.1668,19.4891,63.8206
0.0406529,0.00981637,0.145368,57.7448,19.0596,63.8208
0.042298,0.00541526,0.141083,50.8418,19.4665,63.8214
0.0430444,0.00475895,0.14517,47.2671,19.0918,63.8225
0.0433442,0.00202543,0.14707,46.2066,19.252,63.8229
0.0406718,0.00654716,0.132966,57.2846,19.9746,63.8231
0.0430482,0.00207878,0.137055,47.9636,19.7141,63.8233
0.0404461,0.00144609,0.144225,58.9796,19.1728,63.8239
0.0425516,0.00447238,0.140011,49.4095,19.406,63.8248
0.0420429,0.00510486,0.131624,51.364,19.7459,63.8272
0.0415646,0.00129106,0.124884,53.5231,19.124,63.8281
0.0410963,0.0114654,0.141877,55.1862,19.7722,63.8293
0.0420589,0.000655558,0.127432,51.4104,19.8802,63.8293
0.0427706,0.0115908,0.154921,48.5206,19.5226,63.8295
0.0441792,0.000799133,0.161742,43.5469,19.6963,63.8298
0.0427429,0.0131267,0.159001,48.5309,19.8768,63.83
0.0410623,0.00660512,0.143132,55.2173,19.5829,63.8311
0.0420473,0.00121779,0.12807,51.7763,19.0112,63.8319
0.0412942,0.0172722,0.151492,54.1148,19.713,63.8323
0.0415702,0.000877945,0.124066,53.3911,19.4813,63.8337
0.0433447,0.00259912,0.144458,46.1006,19.309,63.8338
0.0439011,0.00141473,0.155878,44.532,19.1734,63.8339
0.0433342,0.00375309,0.140265,46.1644,19.4718,63.834
0.0438885,0.0055164,0.139456,44.9051,19.4495,63.8343
0.0427447,0.00424744,0.149674,48.492,19.5866,63.8345
0.0435614,0.00251501,0.165222,45.3484,19.8821,63.8345
0.0427367,0.0120931,0.160595,48.455,19.0065,63.8346
0.0410551,0.0063067,0.151134,55.4579,19.8219,63.8347
0.0427781,0.00862844,0.162726,48.773,19.673,63.8347
0.0425714,0.000496164,0.15673,49.2586,19.9278,63.8348
0.0413256,0.00326386,0.132103,54.2964,19.2962,63.8349
0.042811,0.00364976,0.158025,48.3188,19.2321,63.8352
0.0422488,0.00959774,0.156777,50.7171,19.9126,63.8356
0.0424807,0.0101674,0.159666,49.2901,19.4792,63.8358
0.0417507,0.0114047,0.151444,52.2636,19.2974,63.8382
0.0425549,0.00214962,0.133642,49.1461,19.8884,63.8388
0.0412795,0.015988,0.15862,54.0635,19.8264,63.8396
0.0410538,0.0130052,0.151033,55.3517,19.3029,63.8401
0.0430355,0.00856259,0.155756,47.8679,19.3414,63.8407
0.0410945,0.00568787,0.133037,55.1914,19.472,63.8412
0.0404676,0.00419235,0.13761,58.1217,19.4082,63.8412
0.0419837,0.00964803,0.156469,51.6747,19.5347,63.8412
0.041842,0.00213113,0.150432,52.3723,19.4324,63.8413
0.0430623,0.00350519,0.140041,47.4524,19.5882,63.8416
0.0410558,0.0119903,0.154601,55.9374,19.4723,63.842
0.0406297,0.00826029,0.141719,57.3816,19.9597,63.8423
0.0428132,0.00315801,0.159115,48.5686,19.1089,63.8424
0.0406361,0.0130768,0.137695,57.072,19.4944,63.8426
0.041278,0.0186109,0.155247,54.6777,19.4072,63.843
0.0435708,0.00534449,0.162832,45.6315,19.0192,63.8441
0.0420576,0.00310407,0.140246,51.0995,19.5647,63.8443
0.0406571,0.0111662,0.143258,57.8916,19.3532,63.8444
0.0427514,0.0123003,0.15467,48.7942,19.6591,63.8454
0.0432892,0.0023801,0.144629,46.3432,19.7035,63.8462
0.0420111,0.0109871,0.159463,51.8814,19.1164,63.8463
0.0438563,0.00307897,0.155902,44.3403,19.8104,63.8463
0.0425119,0.012006,0.151412,49.2942,19.2905,63.8477
0.0422377,0.0134246,0.148371,50.7055,19.4175,63.848
0.0408364,0.0091642,0.142742,56.0779,19.68,63.8484
0.0418254,0.000863584,0.126239,52.2368,19.1974,63.8485
0.0406283,0.00764345,0.139178,57.1186,19.1651,63.8486
0.0417714,0.00838128,0.137487,52.6088,19.8947,63.8488
0.0408821,0.0106822,0.140205,56.29,19.2897,63.8491
0.0425379,0.00566305,0.15937,49.298,19.8211,63.8492
0.0425557,0.00287789,0.159438,49.8526,19.5321,63.8495
0.0408769,0.000887201,0.160314,56.4305,19.1424,63.8496
0.0438332,0.000580263,0.163499,44.7016,19.9539,63.8507
0.0417476,0.0106409,0.147109,52.1471,19.0353,63.8511
0.0427248,0.00423322,0.161973,48.8608,19.098,63.8516
0.0420325,0.00140047,0.126464,51.4012,19.7095,63.8516
0.042814,0.00449013,0.145364,48.9277,19.6445,63.8523
0.0415284,0.00846171,0.138662,53.5762,19.7301,63.8533
0.042493,0.0113106,0.159615,49.8111,19.0108,63.8534
0.0419864,0.012169,0.154523,51.7593,19.1111,63.8535
0.0438482,0.00256095,0.164964,44.4723,19.1299,63.8536
0.0416141,0.00054387,0.159316,53.6008,19.047,63.8537
0.0430355,0.00106785,0.131001,47.3904,19.6247,63.8544
0.0425274,0.000211276,0.129849,49.428,19.6553,63.8545
0.0413578,0.0078776,0.154418,54.9698,19.484,63.8549
0.0415049,0.00913123,0.157867,53.4033,19.6324,63.8561
0.0435611,0.00297826,0.158922,45.312,19.7556,63.8564
0.0430846,0.00197335,0.122704,47.139,19.7133,63.8565
0.0410965,0.0092328,0.137927,55.1755,19.5167,63.8576
0.0425069,0.0110279,0.145225,49.6771,19.0977,63.8577
0.043611,0.00489386,0.149492,45.4315,19.5321,63.8578
0.0422714,0.0108604,0.14562,50.3838,19.1783,63.8581
0.0410575,0.00310862,0.154163,55.1649,19.0863,63.8581
0.0435896,0.00165939,0.133152,45.1301,19.7257,63.8584
0.040625,0.00629991,0.144927,57.8605,19.9975,63.8587
0.0413222,0.0102392,0.143063,54.3761,19.8113,63.8591
0.0413559,0.00309032,0.136862,54.262,19.5045,63.8594
0.0412989,0.0176168,0.15526,54.6785,19.8658,63.8597
0.0417588,0.0108069,0.147405,52.6401,19.9169,63.8597
0.0428079,0.00494971,0.158212,48.8457,19.7106,63.8598
0.0428281,0.00191477,0.142428,48.4773,19.6401,63.8598
0.0411313,0.00242901,0.157834,55.0252,19.9326,63.8609
0.0422904,0.00420905,0.132433,50.9063,19.836,63.8611
0.0410989,0.0109828,0.156052,55.8093,19.1268,63.8615
0.0422396,0.000768087,0.140369,50.7493,19.3546,63.8616
0.0430667,0.00262322,0.124936,47.243,19.2981,63.8616
0.0418226,0.00805278,0.156067,52.5744,19.345,63.862
0.0413598,0.00648636,0.141683,54.096,19.8092,63.8621
0.043094,0.00220979,0.150783,47.6569,19.2583,63.8622
0.0429978,0.0089419,0.163111,47.1032,19.7138,63.8626
0.0430009,0.00129563,0.154894,47.4433,19.954,63.8629
0.0415592,0.00577906,0.134991,53.8939,19.3439,63.8634
0.0418382,0.00134009,0.144136,52.7085,19.0609,63.864
0.041285,0.00259703,0.147261,54.9614,19.2801,63.8647
0.0406732,0.00553669,0.146517,57.1679,19.4617,63.8652
0.0406401,0.0100132,0.148685,57.6799,19.1782,63.8671
0.0417959,0.00697873,0.13429,52.7034,19.7136,63.8671
0.0415036,0.0148556,0.157895,53.444,19.1269,63.8673
0.040241,0.00294694,0.124005,59.2629,19.2109,63.8682
0.0408535,0.0166947,0.141582,56.5068,19.1558,63.8686
0.041751,0.01202,0.148066,52.9114,19.2299,63.8686
0.0438615,0.0035768,0.143963,44.9679,19.7443,63.8688
0.0436146,0.00532324,0.146543,45.5801,19.8713,63.8688
0.0412781,0.00625735,0.165248,54.1135,19.2655,63.8689
0.0430394,0.00869375,0.152426,47.7072,19.8277,63.8698
0.0413343,0.0131346,0.14928,54.3859,19.203,63.8699
0.0438731,0.00509228,0.140191,44.6122,19.6761,63.8705
0.0413702,0.00284156,0.138293,54.8761,19.3184,63.8706
0.0441596,0.00548228,0.149493,43.5998,19.9914,63.8712
0.0427926,0.0100995,0.151757,48.334,19.9015,63.8716
0.0411399,0.00124635,0.155244,55.0282,19.822,63.8716
0.0408945,0.00362897,0.130396,56.6125,19.1407,63.8718
0.0430609,0.00694279,0.150688,47.8576,19.7746,63.8738
0.0417433,0.0123392,0.150909,52.8154,19.7269,63.8738
0.0430286,0.00263934,0.136488,47.9868,19.2593,63.8739
0.0444726,0.00245006,0.157132,42.3148,19.6471,63.8745
0.0424704,0.00924372,0.15627,49.0246,19.1182,63.8749
0.0435818,0.00793687,0.147797,45.0177,19.213,63.8752
0.0404798,0.0035282,0.132867,58.986,19.503,63.8755
0.0417424,0.0130003,0.152585,52.094,19.9879,63.8756
0.040425,0.00128767,0.128956,58.7286,19.7289,63.8758
0.0438478,0.00322902,0.143822,44.6365,19.0823,63.8759
0.0410612,0.00310449,0.14232,55.5086,19.5555,63.8759
0.0427478,0.00808178,0.148604,48.969,19.5185,63.8761
0.0411021,0.0106141,0.139596,55.2627,19.8202,63.8763
0.0419891,0.000834319,0.153056,51.6016,19.8368,63.8763
0.0420066,0.00482937,0.131337,51.6318,19.5407,63.8766
0.0408521,0.00568932,0.157721,56.9611,19.7534,63.8767
0.043342,0.0050503,0.14144,46.3705,19.5617,63.8768
0.0427824,0.0117805,0.151751,48.9577,19.0426,63.8772
0.0419962,0.0108114,0.136136,51.1603,19.5357,63.8773
0.0410618,0.0182674,0.160106,55.4405,19.0531,63.8776
0.04085,0.00490617,0.157745,56.9288,19.1896,63.8781
0.0420112,0.00684892,0.131388,51.4647,19.7231,63.8782
0.0411172,0.00304603,0.131987,55.8242,19.4705,63.8782
0.0404193,0.00491669,0.135594,58.9349,19.0684,63.8785
0.0425259,0.00864239,0.140586,49.4377,19.6513,63.8787
0.0422432,0.00558928,0.137615,50.7999,19.4054,63.8789
0.0408812,0.0118321,0.139552,56.8227,19.6322,63.8791
0.0415045,0.0198927,0.161648,53.6981,19.7597,63.8792
0.0406268,0.00982849,0.138415,57.1305,19.351,63.8793
0.0422279,0.0103358,0.144637,50.823,19.723,63.8795
0.0428305,0.0014835,0.140183,48.237,19.7475,63.8798
0.0444472,0.000983545,0.154583,42.6522,19.2488,63.8811
0.0427599,0.01079,0.165405,48.9745,19.6878,63.8814
0.0413095,0.0153249,0.161262,54.8522,19.9803,63.8821
0.0430375,0.00651173,0.141668,47.6484,19.087,63.8824
0.0433627,0.000971672,0.150392,46.5062,19.0333,63.8825
0.0413044,0.0164177,0.148946,54.9971,19.8325,63.8827
0.0424738,0.0124081,0.159098,49.9998,19.4494,63.8828
0.0420412,0.00939292,0.161264,51.9192,19.5196,63.8828
0.043072,0.00414252,0.135346,47.0614,19.6633,63.8834
0.0409062,0.00309925,0.153967,56.9604,19.0507,63.8839
0.0439264,0.000877137,0.131384,44.2238,19.8053,63.8839
0.0417525,0.010769,0.133664,52.9562,19.6355,63.8845
0.0430263,0.00748189,0.14748,47.6031,19.4936,63.8847
0.0408577,0.0125636,0.155192,56.4013,19.3408,63.8849
0.0417661,0.0107373,0.144442,52.0026,19.5491,63.8851
0.0406369,0.0155509,0.139102,57.8108,19.801,63.8852
0.0433136,0.00733365,0.149079,46.112,19.8572,63.8866
0.0408687,0.00942232,0.155611,56.6826,19.5356,63.8866
0.0433453,0.00560823,0.137652,46.3996,19.7714,63.8867
0.042058,0.00456297,0.138642,51.6219,19.0545,63.8868
0.0441583,0.00510299,0.158573,43.2904,19.8477,63.8875
0.0433605,0.001977,0.139076,46.9154,19.853,63.8876
0.0413474,0.0109071,0.154689,54.5144,19.8432,63.888
0.0441501,0.00481695,0.163703,43.8749,19.2309,63.8884
0.0411137,0.0122737,0.145512,55.1904,19.4728,63.8885
0.0411124,0.0123914,0.144824,55.6271,19.7961,63.8888
0.0427905,0.00368955,0.130756,48.2436,19.9238,63.8897
0.0439125,0.00107942,0.151313,44.074,19.1194,63.8905
0.0435939,0.00692741,0.161344,45.152,19.814,63.8905
0.0422299,0.00080153,0.153535,50.6069,19.2724,63.8911
0.0422919,0.00700631,0.149431,50.4906,19.7617,63.8915
0.0411301,0.00199391,0.16089,55.2889,19.6691,63.8915
0.0402292,0.0039834,0.124948,59.892,19.843,63.8916
0.0441766,0.00320671,0.141693,43.5203,19.4586,63.8916
0.042329,0.00137979,0.141837,50.7397,19.2526,63.8916
0.0430458,0.0106066,0.163835,47.4316,19.2203,63.8916
0.0430292,0.0113981,0.157513,47.7791,19.3818,63.8918
0.043283,0.00815033,0.160844,46.5249,19.5652,63.8919
0.0413185,0.0110387,0.141788,54.1119,19.7487,63.892
0.0433318,0.00683609,0.138124,46.7053,19.3561,63.8931
0.0413224,0.0051694,0.130998,54.8914,19.6668,63.8938
0.0420144,0.0109086,0.134585,51.5242,19.7379,63.8939
0.0435618,0.00595745,0.161844,45.4937,19.8588,63.8939
0.0436312,0.00434278,0.128869,45.5947,19.4298,63.8944
0.0433705,0.00369622,0.124545,46.6033,19.8242,63.895
0.0427859,0.00586351,0.135857,48.5056,19.5696,63.8951
0.0442035,0.00145008,0.144342,43.2976,19.4469,63.8951
0.0435725,0.00577981,0.143577,45.264,19.5402,63.8958
0.0430146,0.00094322,0.141617,47.4712,19.9708,63.8958
0.0408378,0.0131175,0.154292,56.7137,19.7014,63.8959
0.0420223,0.00500326,0.12797,51.5657,19.928,63.8966
0.0417868,0.0109366,0.151165,52.1587,19.9526,63.8967
0.0425218,0.00954445,0.162497,49.8361,19.266,63.8969
0.0422771,0.010945,0.138081,50.8195,19.3794,63.8977
0.0410771,0.0168536,0.143675,55.8132,19.3574,63.8986
0.0424708,0.00767708,0.162851,49.8109,19.8046,63.8986
0.0400226,0.00207425,0.127737,60.3443,19.1969,63.8988
0.0425416,0.00801823,0.138883,49.2954,19.7628,63.8989
0.0423201,0.00172723,0.131791,50.6283,19.9574,63.8989
0.0424711,0.00845623,0.164988,49.6931,19.2428,63.8992
0.0404191,0.00594783,0.133848,58.691,19.806,63.8999
0.0419999,0.0124945,0.152298,51.3016,19.8082,63.9005
0.043073,0.0053255,0.146694,47.7008,19.0457,63.9005
0.0441218,0.000461904,0.162166,43.1387,19.3001,63.9007
0.04278,0.0103795,0.146656,48.0492,19.9276,63.9009
0.041827,0.00212188,0.126453,52.8912,19.9867,63.9009
0.0433306,0.0070739,0.143442,46.2429,19.6066,63.901
0.04416,0.00851496,0.148053,43.9864,19.1682,63.9012
0.0441696,0.00765197,0.148416,43.4275,19.0209,63.9016
0.0430077,0.00505564,0.148364,47.1234,19.1694,63.9019
0.0410816,0.0161176,0.143202,55.8597,19.3306,63.902
0.0410523,0.0106999,0.146143,55.9541,19.0465,63.9025
0.0441965,0.00208204,0.148361,43.5044,19.8844,63.9035
0.0422242,0.0121298,0.145552,50.4073,19.9145,63.9039
0.0408628,0.015407,0.138493,56.8599,19.5973,63.9047
0.0415598,0.00773489,0.139339,53.3799,19.0661,63.9048
0.0441484,0.00566711,0.159884,43.4094,19.3095,63.9049
0.0425476,0.00233364,0.129041,49.6246,19.8335,63.905
0.041321,0.0154091,0.148454,54.9757,19.9291,63.9053
0.0411316,0.00928089,0.139188,55.8293,19.9893,63.9057
0.0420522,0.00950753,0.160612,51.7563,19.4675,63.9059
0.0444463,0.00447894,0.158267,42.607,19.2909,63.906
0.0432675,0.00509979,0.158814,46.3723,19.4165,63.9061
0.0408864,0.0020712,0.126078,56.0787,19.0882,63.9063
0.0417509,0.0139404,0.151841,52.1292,19.2611,63.9065
0.0428176,0.00391341,0.16224,48.2598,19.565,63.9066
0.0431018,0.00141708,0.149727,47.193,19.148,63.9068
0.0420397,0.00815233,0.146695,51.3171,19.7024,63.9069
0.0441721,0.00603544,0.155103,43.781,19.106,63.907
0.0412726,0.0100068,0.163793,54.0244,19.4692,63.9079
0.0415369,0.00951321,0.137533,53.9771,19.3955,63.9082
0.042531,0.00691353,0.135838,49.9381,19.1214,63.9087
0.0430094,0.0115962,0.158069,47.1902,19.7209,63.9093
0.043054,0.00688077,0.138955,47.5196,19.5746,63.9099
0.041778,0.0155472,0.161311,52.192,19.8151,63.9108
0.040477,0.00180023,0.123509,58.5682,19.1148,63.9109
0.0441371,0.00314748,0.164543,43.0238,19.2095,63.9112
0.0419875,0.000613955,0.15158,51.972,19.4778,63.9112
0.0417776,0.00849848,0.12844,52.1057,19.468,63.9118
0.0417483,0.0131882,0.137859,52.6614,19.3178,63.9124
0.0420613,0.00487343,0.144315,51.9501,19.4882,63.9124
0.0410556,0.0184085,0.15754,55.3335,19.6945,63.9125
0.0415769,0.0015039,0.120945,53.1201,19.4892,63.9127
0.0420175,0.0119642,0.144097,51.3409,19.7902,63.9133
0.04223,0.000822495,0.144419,50.9856,19.3338,63.9137
0.0418084,0.00662042,0.143515,52.0517,19.5885,63.9139
0.0415039,0.00370976,0.162796,53.1965,19.6281,63.914
0.0424701,0.00734451,0.163041,49.7682,19.0538,63.9148
0.0402282,0.00467147,0.137594,59.1025,19.7943,63.9159
0.0441526,0.0061839,0.161738,43.7533,19.4422,63.916
0.0432903,0.00230299,0.132078,46.8488,19.1875,63.9161
0.0422246,0.00471449,0.147279,50.0219,19.2203,63.9172
0.0420474,0.0084116,0.155097,51.2159,19.4577,63.9176
0.0436011,0.00741522,0.155163,45.2456,19.8422,63.9177
0.0430771,0.0071646,0.154826,47.876,19.7116,63.9178
0.0413196,0.0153554,0.158571,54.0841,19.4928,63.9182
0.0439009,0.00604963,0.146024,44.3789,19.444,63.9183
0.0435421,0.00335855,0.156579,45.731,19.3205,63.9185
0.0433369,0.00608688,0.151698,46.847,19.4981,63.9187
0.0438293,0.00375343,0.148463,44.1473,19.2121,63.9193
0.0413059,0.0139516,0.142108,54.1392,19.6472,63.9199
0.044456,0.00754508,0.154704,42.642,19.8589,63.9203
0.040869,0.00394827,0.161432,56.86,19.8833,63.9205
0.043274,0.0013963,0.145027,46.3989,19.8994,63.9206
0.0404423,0.000596519,0.123478,58.7341,19.8166,63.9207
0.0410964,0.00532883,0.128971,55.1956,19.1742,63.9211
0.043357,0.00437463,0.136599,46.2601,19.8803,63.9213
0.0438527,0.000573093,0.137606,44.7446,19.7517,63.9214
0.0407032,0.00227341,0.136719,57.8183,19.4756,63.9215
0.0400478,0.00321102,0.128105,60.8693,19.2983,63.9218
0.0412954,0.0139525,0.142593,54.2188,19.6721,63.9226
0.0412709,0.0199819,0.155015,54.6958,19.6346,63.9228
0.0415322,0.00837192,0.125082,53.5389,19.7126,63.923
0.0413243,0.0151749,0.156248,54.2541,19.8708,63.9232
0.0428244,0.0032081,0.138085,48.5351,19.0705,63.9234
0.0425082,0.014262,0.146171,49.839,19.7975,63.9237
0.0424766,0.0114737,0.148438,49.8112,19.167,63.9237
0.0411164,0.00152113,0.164596,55.2965,19.8671,63.9237
0.0420085,0.0129528,0.145387,51.202,19.1371,63.9241
0.0432904,0.00703797,0.13749,46.6534,19.9815,63.9241
0.0422535,0.0155655,0.14466,50.817,19.6017,63.9242
0.0402508,0.00742204,0.129846,59.8204,19.3961,63.9242
0.0417624,0.0170276,0.158681,52.7506,19.6844,63.9245
0.0420585,0.00558527,0.141729,51.3707,19.2269,63.9248
0.0417467,0.0168159,0.159527,52.7769,19.8484,63.9248
0.0430513,0.00639687,0.129993,47.7705,19.1794,63.9252
0.043282,0.0117985,0.164045,46.2607,19.2695,63.9252
0.0425701,0.00432046,0.137742,49.0053,19.505,63.927
0.0435764,0.0100675,0.152775,45.3803,19.7027,63.9271
0.0436055,0.00881698,0.147509,45.1083,19.0277,63.9271
0.0430584,0.0078152,0.141061,47.5061,19.0531,63.9273
0.0413464,0.00392679,0.133215,54.7,19.05,63.9281
0.0408332,0.00773276,0.153949,56.6973,19.4566,63.9284
0.0423327,0.00191821,0.163332,50.2071,19.2841,63.9289
0.0441969,0.000302153,0.155356,43.1098,19.807,63.9294
0.0428148,0.00840157,0.148722,48.1736,19.7771,63.9299
0.0432647,0.00133582,0.155027,46.4385,19.8341,63.93
0.0415182,0.0122509,0.135467,53.278,19.8771,63.9307
0.0420747,0.00364868,0.147663,51.2851,19.7962,63.9308
0.0415343,0.0147286,0.14683,53.3005,19.9953,63.9311
0.0409048,0.0040519,0.129431,56.6533,19.7772,63.9317
0.0408361,0.00973911,0.156409,56.4328,19.9956,63.9317
0.0433087,0.00922011,0.136705,46.4638,19.6301,63.9317
0.0413165,0.0167085,0.154772,54.4312,19.8113,63.9323
0.043863,0.00471695,0.139283,44.9597,19.3029,63.9323
0.0423066,0.00397756,0.130043,50.3989,19.068,63.9326
0.0420776,0.00362089,0.131241,51.6315,19.7514,63.9327
0.0430301,0.00432689,0.127498,47.5954,19.9068,63.9329
0.0436108,0.00637649,0.153304,45.0801,19.0171,63.933
0.0433001,0.00630922,0.130871,46.3537,19.3906,63.9332
0.0413003,0.0187133,0.149481,54.4702,19.9071,63.9335
0.0435791,0.00741985,0.136336,45.8547,19.1292,63.9336
0.0433195,0.0103489,0.133452,46.7784,19.9283,63.9339
0.0404356,0.00435538,0.147703,58.0024,19.523,63.9343
0.044152,0.00723863,0.160851,43.4809,19.2277,63.935
0.0427594,0.0108197,0.144108,48.0088,19.6295,63.9354
0.0417827,0.00669028,0.126064,52.045,19.4152,63.9357
0.043916,0.00240222,0.130485,44.9227,19.8777,63.9358
0.0419946,0.0151005,0.1448,51.7562,19.6858,63.9359
0.0408551,0.00858069,0.159936,56.2774,19.2834,63.9361
0.0423136,0.00417611,0.132334,50.7225,19.0817,63.9364
0.043,0.00516623,0.151003,47.3895,19.2727,63.9367
0.0415948,0.00538603,0.141587,53.6891,19.3156,63.9369
0.0444259,0.00290095,0.158027,42.0704,19.7872,63.937
0.0428058,0.00515838,0.13197,48.0765,19.1291,63.937
0.0441109,0.00284562,0.159188,43.9883,19.6503,63.9373
0.0408597,0.0173048,0.145023,56.5501,19.4637,63.9374
0.0418204,0.00602006,0.143207,52.7992,19.0047,63.9379
0.0416194,0.000264882,0.139847,53.2866,19.5563,63.9382
0.0430694,0.00738621,0.148874,47.0978,19.9349,63.9383
0.042722,0.000847937,0.164007,48.6718,19.7277,63.9383
0.0427189,0.0150174,0.16213,48.3664,19.6493,63.9383
0.0433319,0.00240271,0.124377,46.7469,19.2684,63.9385
0.0444236,0.00111595,0.163542,42.9631,19.5648,63.9387
0.0406721,0.00768091,0.147611,57.4218,19.5006,63.9389
0.0402298,0.00200556,0.141357,59.4547,19.708,63.939
0.0425064,0.00608464,0.134223,49.3879,19.849,63.9393
0.0415821,0.00826014,0.143291,53.5324,19.1498,63.9395
0.0417568,0.0146033,0.15052,52.0835,19.6006,63.9401
0.0427962,0.0113869,0.154565,48.7681,19.3198,63.9404
0.0402343,0.00744792,0.125717,59.8575,19.4146,63.9406
0.0438812,0.00705467,0.161403,44.6178,19.5176,63.9406
0.041608,0.00672886,0.149215,53.1243,19.2649,63.9412
0.0417905,0.0107997,0.146566,52.5484,19.3368,63.9415
0.0413429,0.00960748,0.140539,54.6319,19.1878,63.9419
0.0430901,0.00483564,0.158353,47.4137,19.0845,63.9423
0.0408285,0.0144109,0.144887,56.8222,19.6862,63.9425
0.0438187,0.00494868,0.160762,44.607,19.6119,63.9427
0.0427402,0.00839504,0.146805,48.5585,19.8006,63.9429
0.0409074,0.00295543,0.128256,56.0508,19.4441,63.9432
0.0436406,0.00224355,0.143682,45.918,19.3392,63.9433
0.0441363,0.00525559,0.156176,43.8318,19.0722,63.9435
0.0438792,0.0103193,0.143916,44.18,19.4096,63.9438
0.0406229,0.0164694,0.146148,57.0987,19.3193,63.9443
0.0410712,0.0207373,0.147247,55.9892,19.1775,63.9444
0.0444334,0.00455242,0.158165,42.9818,19.7409,63.9444
0.0411145,0.00209158,0.126425,55.2776,19.1495,63.9444
0.0415583,0.0116378,0.146089,53.9621,19.8297,63.9446
0.0419986,0.0162811,0.164866,51.1675,19.6586,63.9456
0.0430321,0.00624522,0.133045,47.9627,19.5981,63.9456
0.0427851,0.00923165,0.139854,48.0455,19.6877,63.9459
0.041792,0.00218268,0.121681,52.334,19.3383,63.9459
0.0410526,0.0199288,0.157304,55.1564,19.4497,63.9459
0.0428288,0.00243693,0.134048,48.4592,19.0495,63.9461
0.0418118,0.00612675,0.136836,52.4405,19.7888,63.9468
0.0424652,0.0138696,0.153613,49.3527,19.9783,63.947
0.043007,0.00623779,0.145231,47.9037,19.1781,63.9472
0.0427236,0.0152274,0.159363,48.6802,19.0781,63.9474
0.0411073,0.0054885,0.130248,55.0906,19.2803,63.9475
0.0415164,0.02103,0.157667,53.861,19.0525,63.9476
0.0417983,0.00951765,0.145159,52.7088,19.7147,63.9477
0.0432589,0.000489957,0.157184,46.0001,19.4758,63.9481
0.0408364,0.0200544,0.148997,56.3145,19.5193,63.9482
0.0410519,0.0221632,0.152989,55.2766,19.2787,63.9484
0.0441499,0.00862573,0.157978,43.7352,19.1606,63.9485
0.0417489,0.00916041,0.134054,52.3797,19.3747,63.9487
0.0404839,0.00324445,0.125511,58.1187,19.8287,63.9489
0.0422723,0.0123034,0.15134,50.1005,19.4506,63.9492
0.0408429,0.0207237,0.153164,56.8075,19.6042,63.9492
0.0430058,0.0024972,0.14354,47.2982,19.7321,63.9493
0.0410788,0.00647109,0.129941,55.8964,19.2241,63.9496
0.0420052,0.0158179,0.161179,51.426,19.395,63.9501
0.0438372,0.00643325,0.151542,44.418,19.2248,63.9509
0.0410922,0.0143026,0.15754,55.0877,19.1593,63.9509
0.0423063,0.00729495,0.164343,50.2531,19.9745,63.9513
0.0422182,0.0164333,0.149055,50.748,19.4511,63.9513
0.0415747,0.00721973,0.139683,53.8787,19.0161,63.9514
0.0415279,0.0195006,0.155712,53.6239,19.272,63.9516
0.0428078,0.00439266,0.124081,48.4985,19.105,63.9523
0.0417769,0.00609912,0.124814,52.1865,19.283,63.9523
0.043259,0.00398905,0.160849,46.9545,19.385,63.9531
0.0408674,0.0165491,0.144114,56.8867,19.8198,63.9534
0.0410857,0.00819884,0.130706,55.4166,19.6549,63.9539
0.0430451,0.0100903,0.143946,47.4491,19.9247,63.9541
0.0418164,0.00948521,0.149332,52.34,19.2659,63.9545
0.0404256,0.00508467,0.127618,58.4639,19.4671,63.9545
0.0424921,0.0153649,0.159552,49.6604,19.3335,63.9545
0.0438555,0.00974769,0.1508,44.3381,19.8423,63.9548
0.0420408,0.00999703,0.140196,51.8053,19.406,63.9551
0.041066,0.0179199,0.162127,55.0941,19.5655,63.9552
0.0439213,0.00186005,0.143156,44.3049,19.3578,63.9555
0.0430382,0.00663718,0.128632,47.5729,19.3151,63.9555
0.0435434,0.00262156,0.14346,45.1777,19.5321,63.9558
0.040668,0.012783,0.137285,57.0967,19.9849,63.9569
0.0418147,0.0106708,0.152361,52.9054,19.4196,63.9572
0.0441518,0.00856339,0.159463,43.3152,19.8943,63.9577
0.0418042,0.0052917,0.12452,52.224,19.7424,63.9579
0.0414971,0.0149145,0.156896,53.5921,19.1467,63.9582
0.043258,0.00417478,0.161442,46.5675,19.1428,63.9583
0.041999,0.015592,0.143652,51.741,19.7726,63.9586
0.0422711,0.0121076,0.155963,50.9262,19.2461,63.9587
0.0424906,0.0150577,0.14515,49.2652,19.0602,63.9589
0.042465,0.01372,0.153085,49.4369,19.745,63.9591
0.0430253,0.0139497,0.156265,47.6179,19.2291,63.9594
0.0433111,0.0107449,0.146061,46.4838,19.6513,63.9596
0.0404488,0.00552583,0.147344,58.4035,19.7803,63.96
0.0433173,0.00363457,0.125692,46.5386,19.7534,63.9601
0.0422797,0.0119431,0.147443,50.6265,19.6704,63.9601
0.0435932,0.00937996,0.159895,45.9064,19.6696,63.9602
0.0433649,0.00417027,0.136062,46.5057,19.7656,63.9607
0.041546,0.011924,0.13876,53.029,19.8798,63.9607
0.0411245,0.00538749,0.132162,55.7409,19.6433,63.9607
0.0413646,0.0097868,0.145925,54.1201,19.8177,63.9608
0.0419889,0.0080895,0.135717,51.9423,19.356,63.9609
0.042047,0.00874774,0.142219,51.8072,19.0429,63.9613
0.0427626,0.00890983,0.138855,48.7706,19.4379,63.9614
0.0424926,0.0108471,0.140571,49.0024,19.9949,63.9615
0.0427962,0.0107408,0.145812,48.1625,19.9946,63.9622
0.0406448,0.00147627,0.126154,57.4888,19.5828,63.9625
0.040832,0.0176981,0.14941,56.3372,19.6976,63.9631
0.0435894,0.0116941,0.136761,45.8121,19.7367,63.9631
0.0417405,0.0133957,0.145252,52.1092,19.1558,63.9632
0.040418,0.00668984,0.145051,58.6882,19.6176,63.9632
0.0419962,0.0164193,0.142501,51.4042,19.2339,63.9634
0.0425467,0.00769004,0.133634,49.4557,19.1665,63.9634
0.0411531,0.00301842,0.134322,55.3357,19.2067,63.9635
0.0427771,0.0033843,0.123849,48.256,19.3535,63.9635
0.0430891,0.00598014,0.119832,47.855,19.9344,63.9635
0.0415889,0.00837182,0.144439,53.5456,19.188,63.9637
0.0422298,0.0134045,0.141095,50.2578,19.7525,63.9637
0.0404286,0.00225787,0.125961,58.6684,19.7984,63.9637
0.0433009,0.00805733,0.130845,46.4786,19.5276,63.9639
0.0408267,0.0121635,0.144271,56.0723,19.5762,63.9644
0.0438232,0.00665373,0.153382,44.3864,19.9927,63.9647
0.0425319,0.00706149,0.131393,49.8941,19.9799,63.9648
0.0438628,0.0040468,0.137511,44.769,19.6944,63.9652
0.0422178,0.0110143,0.152442,50.7576,19.8116,63.9652
0.0422728,0.0157058,0.141446,50.0289,19.7047,63.9652
0.043606,0.00783869,0.130275,45.7929,19.3005,63.9654
0.0423302,0.00403851,0.133356,50.3538,19.2722,63.9656
0.0435793,0.011064,0.140979,45.7742,19.1982,63.9657
0.0441209,0.00547958,0.150262,43.4192,19.1054,63.966
0.0417998,0.00494472,0.124022,52.8611,19.1332,63.9661
0.0429889,0.00397612,0.155638,47.2387,19.6068,63.9661
0.0444518,0.00834886,0.159402,42.1675,19.016,63.9663
0.0415101,0.0218827,0.158587,53.249,19.6125,63.9667
0.0408906,0.00566392,0.157621,56.8144,19.348,63.967
0.0441615,0.00713888,0.143832,43.7318,19.8201,63.9672
0.0441365,0.00749374,0.164323,43.1221,19.2191,63.9675
0.0430636,0.0102736,0.154868,47.563,19.5332,63.9676
0.0412979,0.0037591,0.128138,54.0098,19.4587,63.9679
0.0438117,0.00316894,0.164804,44.3386,19.0957,63.9683
0.0432572,0.00788063,0.163851,46.2765,19.6178,63.9684
0.04361,0.0073232,0.129347,45.2616,19.8413,63.9688
0.0433457,0.00972111,0.129955,46.2542,19.2156,63.9691
0.0411355,0.00565455,0.132823,55.3522,19.0873,63.9694
0.0427182,0.0166648,0.163892,48.0743,19.8874,63.9697
0.0427415,0.00135822,0.140751,48.1479,19.1596,63.9699
0.044779,0.000719266,0.156603,41.152,19.7132,63.97
0.0430395,0.00880299,0.133398,47.3491,19.8407,63.9707
0.0444619,0.00638131,0.148865,42.9615,19.4263,63.9708
0.0433559,0.00459276,0.164613,46.1119,19.0736,63.9709
0.0432812,0.00932852,0.149553,46.8108,19.6706,63.971
0.044747,0.00616806,0.163123,41.5077,19.9325,63.9718
0.0444757,0.0028498,0.143356,42.2408,19.7501,63.9719
0.042471,0.00273015,0.150517,49.3135,19.3861,63.9719
0.041978,0.0174101,0.162812,51.8156,19.7364,63.972
0.0438527,0.00950751,0.145778,44.0766,19.5455,63.9721
0.0413075,0.0164533,0.144676,54.3714,19.9878,63.9723
0.0425248,0.0116525,0.16055,49.2024,19.6611,63.9726
0.0408406,0.0060706,0.15918,56.1873,19.8709,63.9726
0.0406166,0.0107965,0.138932,57.352,19.6997,63.9727
0.0404105,0.00620068,0.1407,58.9354,19.084,63.9735
0.0408742,0.0133531,0.152345,56.2791,19.2243,63.9736
0.0427427,0.0176093,0.154389,48.4274,19.1961,63.9742
0.0435535,0.00948831,0.147543,45.4772,19.0002,63.9743
0.0438711,0.0127752,0.142787,44.4399,19.1494,63.9743
0.0441372,0.000326517,0.142248,43.2954,19.8103,63.9744
0.0419783,0.01353,0.139461,51.4722,19.0115,63.9745
0.0406457,0.0110803,0.152065,57.9061,19.3943,63.9751
0.0419797,0.00304759,0.159486,51.8289,19.7107,63.9757
0.0400332,0.00809322,0.128336,60.1349,19.7053,63.9759
0.0438251,0.00827056,0.146874,44.952,19.3422,63.9761
0.0424737,0.0189434,0.156946,49.6187,19.7533,63.9762
0.0415286,0.00444367,0.125255,53.6686,19.4102,63.9763
0.0433536,0.00551244,0.144249,46.0715,19.7941,63.9765
0.0418404,0.00204753,0.130272,52.3289,19.8115,63.9769
0.0436004,0.0127685,0.13359,45.9733,19.4031,63.9777
0.0438605,0.0116048,0.158488,44.1944,19.2204,63.9778
0.0415776,0.0144345,0.152517,53.3079,19.3055,63.978
0.0435955,0.00910413,0.162992,45.108,19.684,63.978
0.0427827,0.00940828,0.135048,48.6852,19.3968,63.9783
0.0429882,0.0113982,0.159271,47.8289,19.4891,63.98
0.0430198,0.0142177,0.153024,47.3362,19.4061,63.9801
0.0413432,0.014963,0.148555,54.9092,19.1557,63.9802
0.0443965,0.00336244,0.162719,42.7081,19.1024,63.9805
0.0410867,0.0165842,0.157681,55.2637,19.099,63.9808
0.0441999,0.00340093,0.135728,43.3736,19.0759,63.9808
0.0420305,0.0145463,0.135258,51.8663,19.5049,63.9809
0.0441597,0.0107151,0.153123,43.8833,19.6267,63.981
0.0417694,0.000288061,0.125422,52.5336,19.8618,63.9813
0.0418268,0.00581124,0.139464,52.5673,19.7993,63.9816
0.0433497,0.000438616,0.120546,46.9336,19.8064,63.9817
0.0423086,0.0019542,0.12367,50.2153,19.1608,63.9818
0.0447646,0.00371342,0.158212,41.3135,19.2577,63.9819
0.0436109,0.00989416,0.145895,45.7954,19.2061,63.9823
0.0427886,0.00542464,0.124853,48.1162,19.1283,63.9825
0.0412712,0.0248495,0.155491,54.1246,19.8265,63.9838
0.0435843,0.0121082,0.137067,45.8204,19.3357,63.9839
0.0444579,0.00384421,0.148098,42.9541,19.3671,63.9841
0.0430129,0.00291892,0.133438,47.2089,19.7586,63.9846
0.041271,0.0222838,0.163464,54.3365,19.3045,63.985
0.0420023,0.0158065,0.147629,51.6497,19.0216,63.985
0.0424589,0.0128756,0.155199,49.9241,19.9757,63.9855
0.0415301,0.0207594,0.162191,53.3705,19.0087,63.9857
0.0441247,0.00578236,0.165449,43.5028,19.2998,63.9859
0.0427143,0.00606932,0.163802,48.0306,19.1224,63.9859
0.0422882,0.0102017,0.156633,50.9073,19.4754,63.986
0.0441662,0.00412364,0.140432,43.2237,19.8279,63.987
0.0447362,0.00463892,0.16526,41.519,19.7659,63.987
0.0432952,0.00935101,0.131508,46.5076,19.3116,63.9872
0.0415808,0.00923746,0.141942,53.4677,19.9768,63.9874
0.0406509,0.0119596,0.129807,57.8023,19.8564,63.9878
0.043606,0.012345,0.135841,45.0044,19.745,63.9879
0.0420382,0.00440958,0.124116,51.2252,19.8565,63.9886
0.0412879,0.00920591,0.133898,54.0844,19.4638,63.9886
0.041735,0.0166625,0.148903,52.241,19.8628,63.9887
0.0420337,0.0147409,0.165144,51.4961,19.5471,63.9896
0.042552,0.00635173,0.129535,49.6578,19.2017,63.9897
0.0418227,0.00541941,0.125525,52.7609,19.8748,63.9899
0.0447565,0.0054579,0.15918,41.0514,19.4984,63.9901
0.041523,0.000722934,0.131332,53.3526,19.1131,63.9902
0.0430721,0.0109059,0.157781,47.4662,19.2538,63.9907
0.0417403,0.00780616,0.150291,52.723,19.987,63.9909
0.0413094,0.00793315,0.123031,54.5916,19.9342,63.9913
0.0417709,0.00226274,0.124034,52.5658,19.4715,63.9916
0.0438106,0.00138374,0.146103,44.9974,19.6445,63.9922
0.0435647,0.00161345,0.132592,45.4906,19.4901,63.9922
0.0410838,0.018897,0.156502,55.0356,19.7639,63.9922
0.0425508,0.00519843,0.127351,49.9372,19.4206,63.9923
0.040921,0.00640363,0.132218,56.8261,19.8073,63.9924
0.0406375,0.0186301,0.136932,57.1514,19.1171,63.9927
0.0435348,0.00621722,0.15027,45.7545,19.2673,63.993
0.0441543,0.00607916,0.1437,43.4661,19.6517,63.9931
0.0429906,0.00836352,0.154757,47.25,19.4543,63.9932
0.0441018,0.00414066,0.156411,43.6214,19.7097,63.9932
0.0444487,0.00771778,0.165229,42.1812,19.3889,63.9933
0.0415319,0.012686,0.126645,53.0132,19.3532,63.9934
0.0408449,0.0191408,0.137767,56.4377,19.1785,63.9934
0.0406509,0.00985107,0.127375,57.7408,19.817,63.9938
0.0432882,0.014375,0.163873,46.0821,19.1547,63.9938
0.0425764,0.00298574,0.131829,49.0471,19.9849,63.9941
0.0433136,0.0126813,0.152927,46.5901,19.353,63.9945
0.0400389,0.00448455,0.132571,60.4872,19.3738,63.9946
0.0441529,0.00966153,0.145864,43.9277,19.2008,63.9947
0.0440983,0.000213719,0.152498,43.8131,19.7529,63.9949
0.042072,0.00580134,0.142346,51.543,19.4412,63.9951
0.0404139,0.0128937,0.134757,58.7612,19.0288,63.9954
0.0431072,0.00508147,0.119003,47.3956,19.7152,63.9956
0.0409093,0.0021121,0.12598,56.018,19.982,63.9959
0.0425322,0.0106503,0.16333,49.4695,19.6761,63.996
0.0417915,0.0133678,0.150776,52.1133,19.1056,63.9961
0.0441953,0.00593953,0.144373,43.4985,19.7489,63.9962
0.0435575,0.0128806,0.164585,45.4532,19.8803,63.9969
0.0422292,0.0143864,0.140225,50.4281,19.6718,63.9969
0.0427943,0.00550979,0.121672,48.9367,19.564,63.9972
0.0424705,0.0168509,0.149479,49.5779,19.0467,63.9973
0.0435836,0.0140773,0.142801,45.0361,19.4791,63.9974
0.0415171,0.00668231,0.133947,53.3866,19.4717,63.9976
0.0423259,0.00379038,0.151685,50.5979,19.7477,63.998
0.041054,0.0255534,0.14952,55.3863,19.853,63.9984
0.0425588,0.00317047,0.123337,49.4793,19.3863,63.9987
0.0412633,0.0167572,0.154414,54.7599,19.0296,63.999
0.041337,0.00749384,0.133021,54.6569,19.8316,63.9991
0.0438561,0.0120358,0.141885,44.4015,19.4012,63.9993
0.0430353,0.00927017,0.129728,47.5386,19.1447,64
0.0412629,0.0211048,0.154751,54.1504,19.7451,64.0005
0.0417857,0.0134298,0.135336,52.7009,19.6698,64.0005
0.0436406,0.00249971,0.147879,45.1116,19.7839,64.0006
0.044441,0.00434732,0.151848,42.3975,19.734,64.0011
0.0420124,0.0060108,0.126033,51.6669,19.1758,64.0013
0.0447535,0.00561463,0.158502,41.4573,19.9377,64.002
0.0427732,0.012217,0.139451,48.5237,19.3332,64.0027
0.0425427,0.0104541,0.156344,49.3591,19.6281,64.0029
0.0427716,0.0134608,0.143174,48.4418,19.1433,64.003
0.0415464,0.0202014,0.157164,53.7698,19.2879,64.0031
0.0412683,0.0262706,0.157167,54.9148,19.2788,64.0031
0.0438277,0.00887303,0.164582,44.1807,19.0329,64.0031
0.0427798,0.0151439,0.147805,48.3484,19.8046,64.0035
0.041313,0.00775284,0.122128,54.8374,19.0351,64.0035
0.044451,0.00153649,0.147112,42.8744,19.846,64.0036
0.0422941,0.0127858,0.139425,50.5434,19.176,64.0036
0.0425308,0.00101856,0.118575,49.7035,19.2399,64.0037
0.0415541,0.0130032,0.143463,53.9632,19.4292,64.0039
0.0417827,0.0140485,0.131254,52.8232,19.9627,64.0043
0.0430644,0.0100323,0.130784,47.6129,19.4089,64.0043
0.0400143,0.00607082,0.132068,60.067,19.283,64.0043
0.0413516,0.0140858,0.145633,54.0634,19.2914,64.0047
0.0430255,0.00965267,0.135034,47.3677,19.8619,64.0048
0.0416053,0.00741065,0.156586,53.7977,19.291,64.0049
0.0415196,0.0215772,0.154161,53.2822,19.7565,64.0053
0.0447699,0.00339987,0.158202,41.9184,19.8083,64.0054
0.0432588,0.00191334,0.138882,46.7011,19.9427,64.006
0.040439,0.0147347,0.140127,58.7669,19.62,64.0064
0.0438678,0.0150093,0.141525,44.47,19.1501,64.0069
0.041985,0.0181099,0.161103,51.8595,19.8826,64.0071
0.0420582,0.0100833,0.155842,51.6361,19.1911,64.0072
0.0435605,0.0111565,0.14186,45.5719,19.7033,64.0079
0.0424652,0.00477864,0.161852,49.1606,19.5319,64.008
0.0406427,0.00246778,0.125462,57.6028,19.0072,64.0084
0.0427587,0.0127294,0.140875,48.1379,19.7222,64.0085
0.0425609,0.00687129,0.159887,49.7162,19.9434,64.0096
0.043265,0.00896122,0.149042,46.8514,19.9676,64.0098
0.043014,0.00126156,0.12598,47.0141,19.6784,64.0099
0.0432828,0.0118399,0.148222,46.5625,19.1356,64.0103
0.0444007,0.00492515,0.159808,42.5338,19.7907,64.0103
0.0404704,0.000402364,0.120373,58.266,19.1968,64.0106
0.0428009,0.00786017,0.121988,48.079,19.6216,64.0106
0.0406582,0.00886807,0.126909,57.6656,19.4709,64.0109
0.0404318,0.00437245,0.150221,58.5289,19.0928,64.011
0.0404775,0.00688814,0.127207,58.5956,19.8359,64.0112
0.0415035,0.019713,0.150267,53.9412,19.7178,64.0115
0.0432935,0.014186,0.146641,46.2508,19.2186,64.0117
0.0411069,0.000344517,0.115144,55.7744,19.3818,64.0119
0.0441639,0.0112996,0.143514,43.6643,19.7988,64.012
0.0413701,0.00884119,0.147169,54.7914,19.011,64.0124
0.0429909,0.0051225,0.150063,47.9602,19.2309,64.0124
0.0435798,0.00512593,0.130694,45.9993,19.3467,64.0127
0.0427394,0.00304582,0.139566,48.5973,19.7317,64.0131
0.0433674,0.00440503,0.138629,46.3347,19.8001,64.0132
0.0423342,0.00206798,0.128773,50.6531,19.6566,64.0133
0.0444553,0.00879251,0.160593,42.4093,19.7317,64.0139
0.0438716,0.0131848,0.153221,44.3406,19.1595,64.014
0.0435672,0.0117372,0.138625,45.0939,19.904,64.014
0.0432785,0.00762641,0.132818,46.6263,19.9797,64.0143
0.0435292,0.00529422,0.153773,45.1435,19.0986,64.0143
0.0424855,0.014637,0.142756,49.0487,19.6158,64.0147
0.0406414,0.000560797,0.157634,57.5491,19.2558,64.0147
0.042815,0.00637593,0.124319,48.2506,19.1804,64.0148
0.0427774,0.0058473,0.121261,48.9075,19.3342,64.015
0.0427625,0.0100083,0.135526,48.9509,19.7971,64.0151
0.0413244,0.00372295,0.117672,54.2986,19.0141,64.0151
0.0435669,0.015233,0.150321,45.7082,19.0855,64.0152
0.0427385,0.0212261,0.160265,48.7786,19.4101,64.0152
0.04086,0.00919819,0.127756,56.245,19.8567,64.0156
0.0438131,0.0086627,0.157778,44.5631,19.0346,64.0157
0.0435619,0.0134498,0.147567,45.1793,19.2235,64.0157
0.0435395,0.00985748,0.145828,45.6946,19.7128,64.0159
0.0423312,0.00314593,0.151079,50.6009,19.7919,64.0166
0.0400263,0.00677796,0.131267,60.7228,19.0768,64.0166
0.0417584,0.0204553,0.158615,52.8741,19.8683,64.017
0.0421121,0.000341208,0.158746,51.9494,19.6419,64.017
0.0441518,0.0115889,0.158417,43.7021,19.2647,64.017
0.0417783,0.0120905,0.127949,52.9314,19.6601,64.0171
0.0432681,0.00713187,0.138683,46.6025,19.2194,64.0175
0.0413146,0.0177234,0.145818,54.6903,19.6632,64.0177
0.042544,0.00811415,0.130114,49.6464,19.3482,64.0177
0.0432669,0.00934849,0.145035,46.9867,19.7798,64.0183
0.043292,0.0130312,0.142101,46.2397,19.3785,64.0184
0.0441895,0.00417547,0.155314,43.179,19.7032,64.0185
0.0436143,0.00739508,0.164792,45.4744,19.0207,64.0187
0.0430779,0.00987231,0.15356,47.2257,19.6417,64.0189
0.0427699,0.0190545,0.155936,48.181,19.0919,64.0191
0.040869,0.00377804,0.122706,56.3518,19.5655,64.0191
0.0436014,0.0111271,0.152345,45.0109,19.5929,64.0192
0.0408932,0.00242593,0.123304,56.3182,19.3608,64.0193
0.0430262,0.0116799,0.1383,47.2995,19.1431,64.0193
0.0444685,0.00730734,0.156279,42.4376,19.6883,64.0195
0.043329,0.0111387,0.162633,46.9911,19.5627,64.0196
0.0422764,0.0135615,0.151852,50.8151,19.7335,64.0196
0.0430462,0.0122921,0.134585,47.1695,19.7056,64.0197
0.0431086,0.00364265,0.125485,47.4768,19.4569,64.0197
0.040823,0.0160472,0.148618,56.3747,19.5518,64.0199
0.0438012,0.00124486,0.160255,44.1946,19.8779,64.0208
0.0439239,0.00248509,0.143324,44.4959,19.8655,64.0209
0.0424667,0.020225,0.158111,49.3739,19.6382,64.0209
