beta,permeability,xi,init_days,delay,value
0.0426122,0.0100662,0.110378,48.5778,19.4055,88.4702
0.043291,0.0035974,0.132598,45.2246,19.6676,88.6039
0.0423692,0.0125934,0.107319,49.5917,19.4147,88.6519
0.0423984,0.0115259,0.103381,49.4963,19.9904,88.674
0.0423712,0.0200985,0.106723,49.5774,19.0296,88.8086
0.0419799,0.0147963,0.0927324,51.3655,19.1019,88.8119
0.0424322,0.00622938,0.100762,49.7432,19.2731,88.8616
0.0428567,0.00698098,0.116432,47.2685,19.7552,88.8933
0.0436236,0.00177452,0.132495,44.595,19.4215,89.013
0.0433728,0.00949544,0.12233,45.4657,19.8014,89.0464
0.0430505,0.0115819,0.125374,46.9513,19.3266,89.1096
0.0418087,0.00929534,0.0848045,52.0477,19.8695,89.1494
0.0426231,0.0152619,0.110089,48.6741,19.5295,89.168
0.0436652,0.0109828,0.124611,44.8237,19.5076,89.1735
0.0436493,0.00695893,0.128622,44.1958,19.8241,89.1752
0.0431662,0.00193839,0.111173,46.9567,19.1133,89.1937
0.0434186,0.0076567,0.117,45.7102,19.3567,89.2356
0.0433427,0.0151397,0.127719,45.9464,19.4024,89.2473
0.0436646,0.0126897,0.124499,44.6706,19.0696,89.2557
0.0431693,0.00824786,0.111643,46.9112,19.5932,89.2894
0.0441635,0.0136558,0.141722,42.7715,19.174,89.3282
0.0450149,0.00250951,0.162348,39.912,19.9371,89.339
0.0430988,0.0163207,0.120093,46.0568,19.2967,89.3659
0.0425615,0.0321762,0.114085,48.822,19.2243,89.373
0.0424205,0.0180119,0.10238,49.2113,19.3694,89.3742
0.0457585,0.0113559,0.160569,37.2393,19.593,89.384
0.0417622,0.00803438,0.0911665,52.6722,19.389,89.3926
0.042339,0.0313932,0.108038,49.1807,19.8716,89.3939
0.0446903,0.00731761,0.158061,40.7635,19.4937,89.3964
0.0441738,0.015723,0.139968,42.4839,19.6119,89.4043
0.0422213,0.00300647,0.0936993,50.2659,19.2668,89.4208
0.0461049,0.0107207,0.166121,36.9597,19.7761,89.4416
0.0430685,0.00594125,0.125753,46.4491,19.8907,89.4458
0.0441228,0.0107278,0.148484,42.1544,19.4055,89.4554
0.0421554,0.0170914,0.102331,50.3816,19.8086,89.4787
0.0426469,0.0134097,0.105143,48.2595,19.2795,89.5014
0.04576,0.00947345,0.162429,37.803,19.9181,89.5054
0.0457853,0.00227484,0.155472,37.3798,19.938,89.5068
0.0430622,0.00786738,0.126386,46.4353,19.2263,89.508
0.0429967,0.0258091,0.130896,46.2545,19.8413,89.5084
0.0429127,0.00784588,0.106828,47.5543,19.0283,89.5453
0.0457211,0.00481344,0.162393,37.1452,19.6756,89.5515
0.0449872,0.00218785,0.163499,39.1597,19.7146,89.5765
0.0429128,0.00454149,0.106851,47.4924,19.0306,89.5823
0.0451075,0.0107814,0.150477,39.0496,19.7461,89.5921
0.042567,0.0358393,0.115348,48.4486,19.1741,89.5958
0.0447408,0.00148248,0.150104,40.8452,19.5169,89.5962
0.0427747,0.0131695,0.124572,47.1887,19.6991,89.6067
0.0419576,0.0123546,0.0965817,51.848,19.432,89.6073
0.0443875,0.00183883,0.152549,41.2276,19.528,89.6308
0.0433383,0.0337841,0.126748,45.9158,19.9873,89.6337
0.0457443,0.00318444,0.166241,37.466,19.6693,89.6369
0.0450402,0.00630993,0.161408,39.0631,19.6314,89.6388
0.0438644,0.00975824,0.136348,43.4533,19.9027,89.6436
0.0428212,0.035319,0.118729,47.9136,19.0024,89.6468
0.0448194,0.0114488,0.143957,40.1508,19.3224,89.6602
0.0430515,0.00221541,0.122562,46.2645,19.4519,89.6667
0.0427941,0.0220867,0.122971,47.6481,19.7875,89.6813
0.0434044,0.0188947,0.119477,45.6995,19.3971,89.6856
0.0415864,0.0177642,0.0833618,53.5882,19.6421,89.6949
0.0430482,0.0153336,0.122138,46.5885,19.0639,89.7065
0.0443666,0.0199895,0.159617,41.3865,19.8704,89.714
0.0444871,0.0120234,0.141978,41.9779,19.5724,89.7143
0.0423409,0.0393106,0.109156,49.2568,19.5973,89.7162
0.0424692,0.0123411,0.0976128,49.7787,19.2754,89.741
0.0436618,0.0116162,0.1217,44.1675,19.9082,89.7469
0.0431264,0.0167745,0.119678,46.3076,19.5754,89.7573
0.0421886,0.0138861,0.0958678,50.893,19.8743,89.7635
0.0435029,0.00964964,0.148065,44.1006,19.3034,89.7639
0.0421485,0.0360537,0.100911,50.133,19.8114,89.767
0.0427729,0.0215866,0.125586,47.0881,19.8248,89.774
0.0434876,0.00989652,0.147267,44.1387,19.7255,89.7927
0.0446757,0.0184462,0.165208,40.112,19.6706,89.7991
0.0422421,0.015914,0.0931332,50.559,19.3065,89.8131
0.0438345,0.0189005,0.144274,43.441,19.6117,89.8147
0.0450087,0.0081645,0.161649,39.8123,19.5758,89.8173
0.0440861,0.00200216,0.153507,42.5724,19.4913,89.8225
0.042783,0.0207295,0.124905,47.5775,19.4192,89.824
0.0439101,0.0106458,0.128903,43.7677,19.7884,89.8273
0.0433119,0.00946378,0.130983,45.1852,19.1834,89.829
0.0434064,0.0179841,0.116839,45.2878,19.1386,89.8319
0.04497,0.00297257,0.163639,39.6573,19.0445,89.8336
0.0417072,0.0402073,0.0932205,52.5301,19.2849,89.8397
0.0430076,0.0068109,0.130032,46.6437,19.3824,89.842
0.0457859,0.00918408,0.159733,37.3036,19.9571,89.8447
0.0435522,0.00699202,0.138059,44.8639,19.8229,89.8461
0.0443725,0.0139018,0.15538,41.5668,19.4297,89.8517
0.041795,0.0217771,0.0857135,52.7401,19.8258,89.8532
0.0446627,0.0107926,0.159857,40.6573,19.2988,89.8549
0.0432062,0.0296406,0.144091,45.8802,19.7817,89.8555
0.0448394,0.00702389,0.14208,40.8892,19.2466,89.8586
0.045035,0.0219742,0.161916,39.677,19.4432,89.8592
0.0419495,0.00972138,0.0964411,51.1159,19.6711,89.8592
0.0426286,0.0328292,0.107157,48.3362,19.2842,89.8624
0.0434243,0.00752341,0.113754,45.2314,19.843,89.8807
0.0454502,0.0155777,0.152655,38.6655,19.118,89.8848
0.0436734,0.0176847,0.12199,44.3715,19.8838,89.8968
0.0450756,0.00215463,0.159818,39.2591,19.8985,89.8972
0.0437904,0.00382195,0.151154,43.036,19.0262,89.9064
0.0433117,0.0320118,0.131035,45.1583,19.6307,89.9088
0.0417568,0.0263698,0.0879915,52.9479,19.032,89.909
0.0450373,0.0102791,0.159649,39.0451,19.0134,89.9166
0.0437625,0.00241388,0.153819,43.449,19.4676,89.9209
0.0451755,0.0105071,0.143172,39.2357,19.1146,89.9235
0.0415411,0.036963,0.0858996,53.761,19.6265,89.9335
0.0457583,0.0148458,0.15835,37.5578,19.0623,89.9383
0.0447375,0.0153907,0.153824,40.404,19.8561,89.9393
0.0449087,0.00753004,0.13396,40.9164,19.6753,89.9429
0.0429563,0.0389464,0.137727,46.891,19.0076,89.9568
0.0438487,0.0270836,0.138676,43.6078,19.2649,89.963
0.0421788,0.0162306,0.0962784,50.7061,19.273,89.9649
0.0433266,0.0357074,0.130305,45.1355,19.7491,89.9777
0.0428209,0.014061,0.11476,47.1986,19.7136,89.9794
0.0448637,0.00649228,0.1382,40.2934,19.5168,89.9802
0.044136,0.0280357,0.143793,42.8475,19.4281,89.9809
0.0411559,0.0316491,0.0767058,55.0554,19.2636,89.9838
0.0444032,0.0281731,0.153072,41.547,19.9587,89.9898
0.0460924,0.0301851,0.166041,36.9543,19.902,89.9902
0.042853,0.0362741,0.114984,47.8408,19.916,89.9916
0.0435592,0.0260804,0.13761,44.2792,19.9003,89.9982
0.042896,0.0121691,0.113751,47.5264,19.6823,90.0017
0.0422958,0.0384147,0.114532,49.4495,19.8742,90.0019
0.0450466,0.00458247,0.164591,39.9373,19.6911,90.003
0.041583,0.021449,0.0816169,53.866,19.5342,90.0034
0.046086,0.0221089,0.166045,36.7131,19.9846,90.0057
0.041618,0.0133456,0.0804343,53.8252,19.8023,90.0188
0.0413739,0.0276779,0.0795558,54.2216,19.26,90.0188
0.0451984,0.00485676,0.143667,39.7531,19.7345,90.0217
0.045128,0.00810065,0.150299,39.6889,19.7179,90.0343
0.0445021,0.00899676,0.141401,41.9464,19.1034,90.038
0.0446591,0.0230774,0.161085,40.0223,19.5055,90.0475
0.0417041,0.0521888,0.0921953,52.7494,19.8746,90.0551
0.0444188,0.00405797,0.144603,41.9945,19.1697,90.0557
0.0439175,0.00181493,0.13691,43.8276,19.8944,90.0576
0.0443588,0.0139628,0.164575,41.2768,19.1942,90.0648
0.0426162,0.00174588,0.114028,48.0456,19.8306,90.0683
0.0430525,0.0402771,0.127099,46.2112,19.1048,90.0725
0.0450244,0.0278671,0.163678,39.6869,19.3455,90.0741
0.0433535,0.0396067,0.123658,45.864,19.906,90.089
0.0417069,0.0484333,0.0930798,52.353,19.0857,90.0894
0.0430082,0.0311674,0.13036,46.072,19.7913,90.0912
0.0430796,0.0141481,0.115895,46.4888,19.4955,90.0932
0.0444546,0.0229339,0.146517,41.197,19.9362,90.0947
0.0420165,0.0199766,0.089019,51.3526,19.4575,90.0973
0.0447777,0.01784,0.147412,40.7997,19.2711,90.0983
0.0429156,0.0116783,0.111578,47.2546,19.7862,90.0994
0.0436843,0.01498,0.118758,44.0174,19.6646,90.0996
0.0450066,0.0159966,0.165793,39.0324,19.3477,90.1053
0.0461611,0.0101129,0.157639,36.278,19.9514,90.1057
0.0445041,0.00623296,0.137279,41.3299,19.5124,90.109
0.0432441,0.0159175,0.1364,45.3068,19.7544,90.1151
0.0436406,0.0251893,0.124928,44.2837,19.0535,90.1168
0.0433671,0.0166588,0.127167,45.3074,19.2921,90.1254
0.0428995,0.00788312,0.107441,47.8658,19.3833,90.1261
0.0441458,0.0218229,0.140535,42.4368,19.7251,90.1268
0.0451219,0.00509509,0.152802,39.4949,19.1184,90.1318
0.0445776,0.00618642,0.131092,41.867,19.0673,90.1374
0.0426495,0.0230852,0.104187,48.4809,19.9857,90.1398
0.0449001,0.0120725,0.133996,40.8358,19.501,90.1409
0.0435668,0.0240234,0.139385,44.5048,19.6448,90.1552
0.0438237,0.0114977,0.147971,43.4056,19.733,90.1571
0.0441263,0.011576,0.14072,42.5128,19.503,90.1586
0.044649,0.0249981,0.161296,40.876,19.1981,90.1736
0.0450527,0.00404269,0.150084,39.733,19.507,90.1751
0.0446642,0.0227386,0.159393,40.9472,19.0803,90.1887
0.0438174,0.0319245,0.144215,43.8625,19.4893,90.1898
0.0430482,0.0300394,0.12767,46.8255,19.2656,90.1903
0.0430304,0.015615,0.123865,46.3376,19.8145,90.1924
0.0440794,0.016706,0.150739,42.9715,19.0019,90.1928
0.0423649,0.0303809,0.108645,49.655,19.0325,90.1973
0.0436682,0.0186034,0.120467,44.9806,19.6044,90.2015
0.0427282,0.0423059,0.127047,47.4985,19.9763,90.207
0.0421437,0.0489855,0.100316,50.4036,19.0453,90.2094
0.0446338,0.0273202,0.164065,40.1186,19.2586,90.2169
0.0436372,0.0023276,0.123869,44.6045,19.3222,90.2179
0.0454192,0.0218049,0.158122,38.566,19.5156,90.2196
0.0430393,0.0278289,0.127428,46.8738,19.4555,90.2223
0.0420447,0.00798305,0.0863697,51.7915,19.4616,90.2273
0.0434953,0.00252654,0.145342,44.0312,19.1826,90.2293
0.0426495,0.034552,0.105665,48.3311,19.7169,90.2318
0.0449615,0.0178469,0.165327,39.0578,19.2781,90.242
0.043239,0.0325819,0.13553,45.6251,19.353,90.2455
0.0425938,0.0404139,0.109845,48.0099,19.294,90.2456
0.0439091,0.00717117,0.127473,43.334,19.8824,90.248
0.0439546,0.0122929,0.123028,43.2354,19.1169,90.2488
0.0444903,0.0109068,0.143686,41.5672,19.8508,90.2499
0.0454413,0.00866224,0.151277,38.7562,19.0734,90.2511
0.0409917,0.0199948,0.0720016,56.0118,19.9243,90.2521
0.0457655,0.0199027,0.156152,37.2454,19.4422,90.2615
0.0445549,0.0158031,0.133782,41.7226,19.8514,90.2623
0.0455025,0.0122611,0.14373,38.9969,19.7794,90.2653
0.0457892,0.0139091,0.160654,37.6668,19.4982,90.2656
0.0441136,0.0384404,0.147636,42.2935,19.7103,90.2662
0.0457898,0.0261664,0.15465,37.9204,19.9774,90.2795
0.0448836,0.00442199,0.139049,40.8369,19.0072,90.283
0.0451673,0.0245787,0.143949,39.8748,19.7139,90.2854
0.0458302,0.0152982,0.149844,37.0972,19.3884,90.288
0.044712,0.0229932,0.155376,40.0354,19.2457,90.2892
0.043799,0.0334342,0.147465,43.6096,19.3587,90.2917
0.0436505,0.0256431,0.126511,44.8836,19.4979,90.2921
0.0438481,0.0248945,0.144261,43.9536,19.4604,90.2922
0.0443109,0.00206273,0.126099,42.1105,19.8834,90.2952
0.0428201,0.0319728,0.116475,47.213,19.7204,90.2961
0.0430946,0.0336972,0.117932,46.3354,19.8375,90.2965
0.0450674,0.0220678,0.159314,39.3989,19.0782,90.3008
0.0442746,0.00206957,0.129516,42.9075,19.5601,90.3035
0.0451152,0.0141125,0.152483,39.5476,19.6589,90.306
0.0437979,0.0101133,0.150193,43.3352,19.8802,90.3097
0.0451459,0.0254383,0.146621,39.6746,19.5131,90.3126
0.0436156,0.0246087,0.127144,44.1156,19.3827,90.3153
0.0451452,0.029937,0.146599,39.7861,19.2813,90.3239
0.0432128,0.0321552,0.140596,45.5505,19.9,90.3288
0.0420598,0.0670381,0.108326,50.4386,19.8049,90.3324
0.0439664,0.00250513,0.117199,43.4271,19.6657,90.3382
0.0438952,0.0153831,0.138772,43.5966,19.0636,90.3391
0.0424489,0.0153039,0.101731,49.502,19.8647,90.3439
0.0435942,0.0266194,0.130121,44.3245,19.5349,90.3448
0.0429908,0.0197843,0.135584,46.3414,19.5091,90.353
0.0423232,0.0544375,0.110305,49.4626,19.6564,90.3574
0.0446768,0.0315923,0.159127,40.6056,19.1619,90.3613
0.0460503,0.00467538,0.165398,36.751,19.0544,90.368
0.0430188,0.0203265,0.124926,46.8493,19.8831,90.3705
0.0447493,0.0221605,0.15039,40.7829,19.5466,90.3747
0.0434158,0.0220245,0.114022,45.1019,19.3508,90.3752
0.0443936,0.00445725,0.11719,42.101,19.6786,90.3758
0.0442126,0.0189383,0.135354,42.9833,19.2698,90.3767
0.0436721,0.0219304,0.123217,44.2334,19.7724,90.3777
0.043294,0.0332362,0.131694,45.7761,19.1028,90.3782
0.0451342,0.0131442,0.146046,39.7454,19.6802,90.3851
0.0447195,0.0157203,0.143973,40.7098,19.0725,90.3878
0.0411336,0.0264478,0.0797417,55.922,19.3301,90.389
0.0443966,0.0256164,0.158128,41.9097,19.1187,90.3945
0.0433174,0.01638,0.120483,45.9494,19.8405,90.3945
0.043194,0.016521,0.105585,46.5234,19.1544,90.3949
0.042356,0.0264951,0.110033,49.5942,19.8574,90.3953
0.0421796,0.0329437,0.0965482,50.5947,19.9894,90.396
0.0423942,0.0384321,0.105201,49.9161,19.7287,90.3962
0.0416669,0.0617753,0.0950637,52.1873,19.04,90.3999
0.0441143,0.0267135,0.14381,42.7632,19.0062,90.4038
0.0421993,0.0221493,0.0936658,50.2856,19.8744,90.4064
0.044154,0.0316691,0.140026,42.0447,19.8069,90.4083
0.0442761,0.00496007,0.129484,42.7841,19.1048,90.4134
0.0443728,0.0274073,0.161856,41.8002,19.8153,90.416
0.0423248,0.0413856,0.107765,49.5778,19.3032,90.4192
0.0433017,0.018907,0.124253,45.5061,19.5599,90.4208
0.0415073,0.0511513,0.0883327,53.0153,19.6622,90.4252
0.0444635,0.0176378,0.141339,41.9116,19.2537,90.4273
0.0448519,0.00731802,0.142219,40.9422,19.3821,90.4284
0.0460972,0.0307489,0.163881,36.5409,19.2212,90.4315
0.0427252,0.00799979,0.0971357,48.4762,19.6988,90.4345
0.0446549,0.00438087,0.126087,41.2955,19.9458,90.4345
0.0450081,0.0320794,0.164727,39.3728,19.7394,90.4388
0.0433771,0.00696611,0.127778,45.6833,19.0171,90.4395
0.0430322,0.0502352,0.126645,46.0925,19.5828,90.4432
0.0451753,0.0213392,0.145212,39.7192,19.3021,90.4435
0.0448306,0.0186611,0.140992,40.6628,19.9286,90.4439
0.0444976,0.0150264,0.131075,41.7152,19.0014,90.4451
0.0447974,0.00587436,0.141847,40.285,19.7292,90.4503
0.0436182,0.0251237,0.126255,44.53,19.5479,90.4572
0.0411321,0.0279461,0.0804783,55.8668,19.3132,90.4598
0.0450175,0.0353584,0.166107,39.6819,19.828,90.4669
0.0438679,0.0144031,0.143811,43.5697,19.1861,90.4714
0.0426055,0.0407573,0.112528,48.5361,19.8552,90.4714
0.0453697,0.00398078,0.157605,38.5983,19.2528,90.4739
0.0438655,0.037919,0.135859,43.3713,19.6406,90.4778
0.0457784,0.0347683,0.156619,37.2203,19.4023,90.4803
0.0440119,0.00770508,0.113287,43.1379,19.8536,90.4866
0.0444279,0.0154491,0.140241,41.2342,19.0073,90.4905
0.0451423,0.00454012,0.139559,39.6396,19.5753,90.4946
0.0433435,0.00841239,0.116539,45.3514,19.7982,90.4955
0.0429514,0.0284067,0.138924,46.6039,19.7934,90.4956
0.0424966,0.00664754,0.0907957,49.5386,19.6811,90.4984
0.0461216,0.0251755,0.163406,36.3743,19.5882,90.499
0.0430283,0.00973682,0.12424,46.7208,19.0316,90.5008
0.0454201,0.0249554,0.155368,38.9469,19.3114,90.5067
0.0444105,0.0159896,0.14271,41.8619,19.5891,90.5078
0.0424156,0.0303961,0.0996308,49.5485,19.4126,90.5099
0.0457139,0.0237394,0.162779,37.2779,19.0555,90.519
0.0433031,0.0174022,0.125089,45.4155,19.6706,90.5193
0.0429919,0.0058368,0.0962063,47.4618,19.8818,90.5197
0.0443203,0.0437905,0.165006,41.6214,19.6833,90.5214
0.0441926,0.0244911,0.138,42.719,19.5449,90.5219
0.0453948,0.0425055,0.159845,38.9494,19.7864,90.5257
0.0448594,0.0145671,0.13787,40.9722,19.4098,90.5267
0.0445183,0.00501171,0.133088,41.2543,19.1357,90.5279
0.0446365,0.00566135,0.125104,41.655,19.3914,90.5286
0.0457501,0.0312848,0.159211,37.8337,19.8537,90.529
0.0451628,0.0173186,0.148103,39.1679,19.8619,90.5344
0.0434507,0.0127967,0.109148,45.5898,19.8624,90.537
0.0434013,0.0282445,0.115897,45.5212,19.4857,90.542
0.0437694,0.0234923,0.151694,43.8833,19.3854,90.5454
0.0445539,0.0213662,0.13402,41.9661,19.0833,90.553
0.0454563,0.029274,0.150252,38.9641,19.5097,90.5559
0.0441197,0.00748142,0.11207,43.7377,19.2079,90.5573
0.0430634,0.00623383,0.117706,46.0378,19.9753,90.5595
0.0429599,0.00872793,0.105651,47.8686,19.34,90.5642
0.0442692,0.0216924,0.129248,42.2304,19.3137,90.5649
0.04298,0.0420908,0.134681,46.384,19.8084,90.5652
0.0455135,0.011802,0.148108,38.9865,19.5077,90.5662
0.0455546,0.0151767,0.139842,38.0589,19.0612,90.5669
0.0449726,0.0236898,0.160571,39.0941,19.4093,90.5684
0.0428774,0.0157046,0.104978,47.6355,19.3583,90.5739
0.0416782,0.0489305,0.0966477,52.1626,19.0562,90.5775
0.0442604,0.00498211,0.123496,42.6124,19.9484,90.5793
0.044073,0.0449204,0.151113,42.5833,19.0402,90.5803
0.0441784,0.018247,0.131198,42.8671,19.3907,90.5829
0.0440948,0.0305959,0.146737,42.1877,19.9716,90.584
0.0427453,0.0398205,0.123211,47.7653,19.7182,90.5853
0.0417258,0.0402577,0.0930283,52.7627,19.0764,90.5886
0.0429765,0.0458843,0.132672,46.9891,19.2679,90.5893
0.0435461,0.0425908,0.137192,44.5977,19.7854,90.5898
0.0438344,0.00604535,0.137524,43.0829,19.0788,90.59
0.0454595,0.0206637,0.156328,38.5544,19.8229,90.5935
0.0430813,0.0495924,0.119147,46.3264,19.8807,90.5958
0.0428008,0.0598127,0.120414,47.4668,19.427,90.596
0.0449,0.00798008,0.138469,40.9056,19.1625,90.5969
0.0439674,0.0152365,0.125986,43.9774,19.6528,90.5986
0.0436299,0.00792578,0.123272,44.3332,19.5857,90.5991
0.0453511,0.00720629,0.160407,38.7898,19.7408,90.5999
0.0431755,0.00739568,0.115533,46.2915,19.1896,90.6036
0.0432463,0.00787142,0.143993,45.5493,19.3989,90.6037
0.0413573,0.0360033,0.0807682,54.5007,19.1695,90.6073
0.0443848,0.021309,0.161347,41.2979,19.8431,90.6087
0.0425317,0.067764,0.11846,48.5081,19.8583,90.6104
0.0447038,0.0236133,0.148004,40.0261,19.2664,90.6208
0.0443559,0.00979292,0.156373,41.4626,19.5642,90.6212
0.0438355,0.00980488,0.138459,43.8252,19.2048,90.6273
0.0432106,0.0112542,0.106655,46.4943,19.935,90.6303
0.0444262,0.0213682,0.143732,41.6409,19.3181,90.6307
0.0433775,0.00286747,0.111926,45.5872,19.9159,90.6311
0.0448091,0.00483199,0.136532,40.8375,19.6388,90.6316
0.044428,0.0316206,0.151356,41.8779,19.672,90.6392
0.0451249,0.00520085,0.153754,39.5878,19.6521,90.6396
0.0454256,0.00627474,0.162505,38.6451,19.4379,90.6406
0.0454215,0.0390496,0.154962,38.0107,19.3627,90.6477
0.0435646,0.0546909,0.137171,44.1852,19.2949,90.653
0.0454458,0.0337412,0.154857,38.5596,19.6812,90.6591
0.0445601,0.0115231,0.135974,41.4518,19.8261,90.66
0.0464866,0.0110455,0.164783,35.279,19.5466,90.6625
0.0454363,0.0337317,0.15633,38.818,19.7273,90.6701
0.0417018,0.0478841,0.0947002,52.3315,19.3679,90.677
0.0460575,0.0186759,0.165753,36.3993,19.8457,90.6833
0.0438081,0.00622068,0.141773,43.8955,19.6048,90.6837
0.044406,0.0216301,0.142578,41.0173,19.4307,90.684
0.0449058,0.0255704,0.133486,40.5255,19.2291,90.6865
0.0439222,0.0197035,0.123748,43.9396,19.5424,90.6923
0.0437745,0.0221009,0.149488,43.8415,19.1961,90.6926
0.0444796,0.0162358,0.138311,41.5953,19.6377,90.6958
0.046191,0.00615934,0.15335,36.0157,19.26,90.696
0.0451907,0.0140293,0.137914,39.9172,19.1061,90.6972
0.0441355,0.00436315,0.152673,42.4918,19.6906,90.6997
0.0422623,0.0530791,0.117796,49.8505,19.6551,90.7005
0.044528,0.00928936,0.12861,41.8241,19.1663,90.7009
0.04502,0.0460909,0.164118,39.3604,19.3435,90.7014
0.0437563,0.0136183,0.156601,43.0119,19.5902,90.7046
0.0435457,0.0529553,0.14015,44.17,19.3851,90.7061
0.0444723,0.0101956,0.148707,41.3205,19.169,90.7069
0.0457942,0.0342526,0.15432,37.9804,19.608,90.7075
0.0430094,0.0605111,0.130974,46.7941,19.2232,90.7091
0.0435344,0.0200788,0.143458,44.5093,19.1498,90.7141
0.0430732,0.0540048,0.122148,46.6014,19.3242,90.7148
0.0450043,0.0161744,0.152588,39.5224,19.4399,90.7195
0.0426884,0.0234699,0.103552,48.6562,19.8479,90.7198
0.0435612,0.0416451,0.134224,44.4775,19.9464,90.7259
0.0426273,0.0193025,0.101197,48.2788,19.0205,90.7262
0.0413672,0.0249141,0.081403,54.3575,19.517,90.7287
0.0427896,0.0212173,0.125372,47.4013,19.9692,90.7312
0.0443862,0.0238525,0.146641,41.3438,19.6228,90.7324
0.0450805,0.0197124,0.158792,39.4983,19.571,90.7332
0.0421335,0.00599554,0.102279,50.0842,19.4107,90.735
0.0432263,0.006787,0.105214,46.2655,19.7164,90.737
0.0443104,0.0378375,0.163985,41.2011,19.8145,90.7395
0.0421301,0.0272694,0.100407,50.2978,19.679,90.7406
0.043855,0.00387635,0.132456,43.3549,19.1114,90.7434
0.0427121,0.0552895,0.127222,47.0709,19.7931,90.7448
0.0431316,0.0110842,0.112307,46.935,19.4781,90.7452
0.0442775,0.00537265,0.126233,42.8726,19.491,90.7459
0.0441668,0.0373937,0.139089,42.3543,19.4131,90.7464
0.0450776,0.00746015,0.146181,39.8967,19.1374,90.7496
0.0430021,0.0345501,0.132834,46.6623,19.0257,90.7507
0.0446415,0.0444718,0.166116,40.672,19.5865,90.7518
0.0425247,0.0470822,0.120446,48.4228,19.4761,90.7542
0.0421266,0.0035765,0.104895,50.079,19.4483,90.7591
0.0409351,0.0353164,0.0760332,56.2878,19.6057,90.7629
0.042321,0.0150864,0.112583,49.2678,19.117,90.7642
0.0454629,0.0129319,0.146638,38.1381,19.8485,90.7647
0.0450141,0.0324026,0.161686,39.497,19.5856,90.772
0.045848,0.00565456,0.145156,37.7727,19.8101,90.7728
0.043435,0.0245232,0.112213,45.371,19.2384,90.7761
0.044175,0.0221288,0.13122,42.7705,19.141,90.7776
0.0411734,0.0254611,0.0752463,55.8319,19.762,90.7781
0.043848,0.0320446,0.135913,43.4428,19.4929,90.7793
0.0450033,0.0207279,0.159055,39.1995,19.7204,90.7808
0.0430075,0.0066597,0.128425,46.566,19.5578,90.7851
0.0436735,0.0141289,0.126573,44.4451,19.7025,90.7889
0.0448816,0.00478367,0.141363,40.6882,19.0297,90.7912
0.0424778,0.0484148,0.125282,48.973,19.1973,90.7947
0.0441523,0.0194658,0.133052,42.9213,19.9982,90.7948
0.0447868,0.00885263,0.135549,40.2389,19.5991,90.8017
0.0429985,0.0191433,0.136246,46.9085,19.5403,90.805
0.0440819,0.0178479,0.11603,43.5234,19.9581,90.8055
0.0457469,0.0365186,0.165454,37.2079,19.3837,90.8064
0.0453925,0.0273842,0.165293,38.317,19.2101,90.8069
0.0454548,0.00662402,0.142215,38.3387,19.5443,90.8138
0.0461232,0.0188195,0.166245,36.3035,19.0403,90.8169
0.0428009,0.0558893,0.122017,47.085,19.3945,90.8181
0.0449395,0.0221227,0.164847,39.6883,19.2475,90.819
0.0432518,0.00168695,0.097085,46.8727,19.1351,90.8298
0.044113,0.0438241,0.148808,42.3377,19.3924,90.832
0.0445602,0.00783181,0.125955,41.4145,19.2259,90.8322
0.0444149,0.0400236,0.150221,41.9602,19.5338,90.833
0.0435082,0.043933,0.146234,44.548,19.273,90.8341
0.0446414,0.00417845,0.123824,41.6173,19.9213,90.8341
0.0420489,0.0133957,0.0825481,51.208,19.261,90.8343
0.0423448,0.0176671,0.11252,49.8426,19.8197,90.8356
0.0450136,0.0111916,0.14994,39.4677,19.9798,90.8365
0.0437543,0.020124,0.153227,43.511,19.5007,90.8372
0.045765,0.0441941,0.158126,37.6586,19.9162,90.8383
0.0433113,0.0317987,0.134775,45.8627,19.7435,90.8433
0.0447787,0.0148847,0.138008,40.0304,19.8536,90.8476
0.0447439,0.0423255,0.15441,40.807,19.6945,90.8477
0.0439701,0.0166757,0.118064,43.4248,19.8553,90.8496
0.0446674,0.0328598,0.154012,40.1994,19.3936,90.85
0.0439422,0.02556,0.128895,43.6369,19.4568,90.8502
0.0436141,0.0169419,0.136154,44.7913,19.4255,90.852
0.0437839,0.0534825,0.150866,43.2984,19.7505,90.8536
0.0452823,0.0174103,0.163555,38.2189,19.8565,90.8543
0.0424616,0.0256403,0.0982036,49.1452,19.0116,90.8544
0.0450863,0.0200514,0.158081,39.357,19.2189,90.8563
0.0457932,0.0284051,0.152629,37.8859,19.1337,90.8569
0.0441263,0.0177674,0.152874,42.7962,19.3336,90.8587
0.0440758,0.00972205,0.160206,42.5717,19.3627,90.8592
0.0440251,0.0569098,0.161048,42.4761,19.0057,90.8598
0.0450914,0.0309436,0.145497,39.8298,19.9561,90.8625
0.0439506,0.0217654,0.122293,43.1526,19.7609,90.8639
0.0440121,0.0462441,0.165411,42.9407,19.8156,90.8646
0.0435875,0.00371511,0.141467,44.3998,19.5911,90.865
0.0409549,0.0391272,0.0734834,56.4611,19.6335,90.867
0.0437633,0.0492953,0.153606,43.0086,19.212,90.8716
0.0454269,0.0257134,0.152265,38.1695,19.0609,90.8739
0.0435749,0.0554478,0.135277,44.1395,19.4277,90.8793
0.0440771,0.037533,0.148689,42.9901,19.2528,90.8806
0.0446235,0.0422899,0.163571,40.2832,19.2255,90.8814
0.0423606,0.0449776,0.108913,49.1044,19.6044,90.883
0.0413358,0.0352409,0.0836409,54.144,19.3742,90.8847
0.0435197,0.0594719,0.141616,44.3754,19.4466,90.8862
0.0442269,0.0142296,0.122529,42.0638,19.4123,90.8886
0.0440961,0.0319306,0.14356,42.059,19.0933,90.8892
0.0444659,0.0379037,0.144832,41.1011,19.4262,90.8929
0.0420585,0.0678402,0.106557,50.8274,19.3082,90.8945
0.0438314,0.0292784,0.14755,43.0292,19.7752,90.8948
0.0431396,0.016477,0.110535,46.7122,19.1575,90.8962
0.0447296,0.037439,0.156924,40.5083,19.2216,90.897
0.0447145,0.0484429,0.154937,40.0731,19.1894,90.9
0.0441074,0.0280633,0.140099,42.2898,19.0068,90.9012
0.0443126,0.023981,0.165529,41.7636,19.6471,90.9023
0.0437143,0.022949,0.161175,43.0584,19.8469,90.9051
0.043252,0.0060129,0.0995323,46.9385,19.461,90.9081
0.0432897,0.0163955,0.136538,45.7413,19.8362,90.9106
0.0434761,0.0150363,0.10637,45.536,19.9972,90.9106
0.0427733,0.0069805,0.0891743,48.0444,19.9149,90.9153
0.0422313,0.0222852,0.095867,50.4561,19.2355,90.9163
0.0411854,0.025101,0.0759576,55.5331,19.1078,90.9177
0.0412613,0.0744376,0.0855379,54.607,19.8033,90.9281
0.0457125,0.0451044,0.163496,37.7748,19.8783,90.9283
0.0427833,0.0651408,0.123485,47.4341,19.6685,90.931
0.0428291,0.0423881,0.114261,47.1427,19.6218,90.9327
0.0427704,0.00794246,0.0893909,48.3565,19.4106,90.9328
0.0438208,0.0289443,0.139434,43.3242,19.511,90.9341
0.044138,0.0364493,0.13932,42.1629,19.0955,90.9347
0.0426074,0.0560471,0.109029,48.7642,19.3806,90.9378
0.0452104,0.0117276,0.134206,39.0569,19.4669,90.9393
0.0429555,0.0382838,0.140082,46.7054,19.4926,90.9393
0.0439674,0.0188435,0.125206,43.5794,19.9013,90.9407
0.0442983,0.0571271,0.166276,41.406,19.1674,90.941
0.0441577,0.0372081,0.138095,42.8531,19.1095,90.9411
0.0428648,0.0193148,0.109424,47.742,19.2326,90.9429
0.0432359,0.0605971,0.140059,45.959,19.5747,90.9433
0.0436735,0.0311912,0.118799,44.2451,19.0184,90.9436
0.0447463,0.0202808,0.14476,40.5107,19.1167,90.944
0.044412,0.0384894,0.148686,41.6821,19.2727,90.944
0.0450856,0.00346592,0.142229,39.941,19.7459,90.9488
0.0433104,0.019486,0.12593,45.0842,19.8143,90.952
0.0435431,0.0201898,0.134673,44.549,19.4462,90.9522
0.0451154,0.0296628,0.148134,39.1833,19.9609,90.9547
0.0443251,0.0218763,0.12498,42.0392,19.3685,90.9553
0.0445841,0.0317524,0.130522,41.3193,19.5187,90.9575
0.0430216,0.0286356,0.131478,46.4843,19.4559,90.9611
0.0436619,0.0312193,0.12267,44.1773,19.0752,90.9673
0.0441534,0.0391975,0.139494,42.2019,19.2251,90.9676
0.0447977,0.0125687,0.138487,40.4355,19.6279,90.9687
0.0447016,0.0358912,0.156118,40.0054,19.7286,90.9706
0.0430162,0.0452515,0.127885,46.702,19.558,90.9706
0.0421815,0.0294808,0.0941027,50.5355,19.6615,90.974
0.0437719,0.00571697,0.146477,43.3647,19.676,90.9754
0.0416393,0.074824,0.0978837,52.3271,19.8095,90.9776
0.0429866,0.047906,0.133247,46.6672,19.4319,90.9803
0.0432577,0.00217821,0.14383,45.2999,19.968,90.9839
0.0437341,0.054679,0.157548,43.8094,19.9797,90.9861
0.0410909,0.046043,0.0829315,55.5166,19.9217,90.9879
0.0449638,0.00766389,0.123345,40.3616,19.7513,90.989
0.0426854,0.021373,0.097956,48.4897,19.631,90.9891
0.0450075,0.02641,0.155009,39.9638,19.8303,90.9903
0.0428164,0.0204274,0.123233,47.2883,19.4302,90.992
0.0451172,0.0246575,0.15402,39.4407,19.5787,90.9924
0.0421294,0.0172159,0.101026,50.7976,19.1579,90.9933
0.0440676,0.0163508,0.117168,43.652,19.5995,90.9945
0.0438801,0.0106558,0.128309,43.8133,19.2248,90.9977
0.0435397,0.0402677,0.14391,44.6298,19.3344,91.0027
0.0421087,0.0688074,0.103362,50.5597,19.408,91.0027
0.0431837,0.00399133,0.0980431,46.2687,18.8994,91.005
0.0437546,0.0475657,0.152428,43.9917,19.6534,91.0053
0.0435224,0.00443141,0.110573,45.773,19.9977,91.0058
0.0435731,0.0152341,0.130708,44.9025,19.0469,91.0062
0.0455211,0.0256311,0.141992,38.3894,19.5045,91.0093
0.0425884,0.0126967,0.117297,48.4186,19.9501,91.01
0.0440099,0.0120289,0.11442,43.2135,19.6947,91.0122
0.0443345,0.0513156,0.161232,41.4971,19.9357,91.0124
0.046659,0.0104133,0.164694,34.0623,18.5962,91.013
0.0440054,0.0117158,0.121092,43.715,19.3536,91.0163
0.0434969,0.0386503,0.145237,44.7005,19.3589,91.0163
0.0448674,0.0226211,0.141756,40.1451,19.4621,91.0178
0.0438785,0.0165698,0.142789,43.8983,19.7791,91.0204
0.0444495,0.0288034,0.139106,41.8689,19.8521,91.0207
0.043712,0.0193398,0.112321,44.2503,19.4088,91.0215
0.0440794,0.0494246,0.149463,42.0283,19.8851,91.0223
0.0426289,0.00595566,0.114079,48.5755,19.2521,91.0257
0.0427625,0.0469235,0.11967,47.9154,19.0473,91.0257
0.0432265,0.0401532,0.135834,45.5097,19.9464,91.0274
0.0449242,0.00413396,0.127898,40.2759,19.5651,91.0288
0.0429396,0.0483007,0.136049,46.2578,19.3389,91.0288
0.04503,0.0459183,0.156836,39.9764,19.5121,91.029
0.0436424,0.0386163,0.125986,44.0096,19.5711,91.0293
0.0457648,0.0134944,0.153521,37.3264,19.5286,91.0301
0.0435198,0.0359467,0.1407,44.5489,19.2691,91.0302
0.0453458,0.0360148,0.15943,38.0141,19.9838,91.0318
0.0440262,0.056258,0.159767,42.7557,19.4854,91.0331
0.0450559,0.0299141,0.152337,39.2849,19.294,91.0342
0.0425386,0.0691596,0.118182,48.5509,19.1376,91.0349
0.0454547,0.0096334,0.144505,38.93,19.1295,91.0366
0.0443761,0.00705975,0.16628,41.2463,19.0984,91.0378
0.0432219,0.00968591,0.139997,45.404,19.8826,91.0382
0.0425961,0.0589189,0.110748,48.812,19.5568,91.0397
0.0450384,0.0186954,0.154201,39.8788,19.1691,91.041
0.0464831,0.0177249,0.165314,35.2394,19.6239,91.042
0.0418004,0.0867834,0.107305,51.4921,19.3088,91.0423
0.0421576,0.0437536,0.0975034,50.0922,19.2565,91.0449
0.0444368,0.0310852,0.14297,41.5871,19.5866,91.0478
0.0426471,0.0242046,0.110039,48.8858,19.7076,91.0483
0.0458181,0.00302303,0.160672,37.4645,19.3809,91.0506
0.0443673,0.0482407,0.159017,41.5234,19.2043,91.0517
0.0444852,0.0255662,0.145628,41.399,19.5197,91.0532
0.0440483,0.0411911,0.161557,42.9844,19.3381,91.0544
0.0437838,0.0436601,0.152728,43.8238,19.1436,91.0563
0.0419259,0.00861229,0.095959,51.6844,19.7306,91.0581
0.0415494,0.00308389,0.085726,53.7819,19.6304,91.0609
0.0454406,0.0389281,0.150047,38.506,19.1828,91.0617
0.0438325,0.0575423,0.141389,43.391,19.9492,91.0629
0.042794,0.0261923,0.125108,47.8904,19.6209,91.063
0.0453743,0.00294624,0.151552,38.9522,19.8997,91.0638
0.0418714,0.0282676,0.102392,51.8788,19.4504,91.0655
0.0437276,0.0116087,0.116251,44.0067,19.9978,91.069
0.0451738,0.0387662,0.142679,39.3615,19.1459,91.069
0.0423004,0.0568609,0.11415,49.5329,19.7916,91.073
0.0432204,0.00534481,0.110231,46.0613,19.1174,91.0731
0.0451805,0.0236814,0.137826,39.1052,19.6655,91.0737
0.0442772,0.0125248,0.120232,42.2582,19.9543,91.0747
0.0433481,0.0213003,0.121018,45.8002,19.558,91.0781
0.0438466,0.00451342,0.109437,44.8482,19.6308,91.0799
0.0442282,0.0200562,0.128002,42.7878,19.317,91.08
0.0421144,0.0519764,0.100552,50.183,19.9503,91.0806
0.0422828,0.036893,0.113632,49.9845,19.8368,91.083
0.0420145,0.0787814,0.114094,50.1449,19.5215,91.0837
0.046689,0.00406062,0.160869,34.4558,18.816,91.0838
0.042757,0.0441758,0.120057,47.2903,19.3647,91.084
0.0441875,0.0291171,0.13149,42.0664,19.4233,91.0863
0.0463184,0.00338113,0.158673,35.7767,18.6927,91.0893
0.0423086,0.0026597,0.0857851,50.0895,19.48,91.0895
0.0430581,0.0495535,0.126959,46.2024,19.4064,91.0901
0.0425099,0.0141011,0.0878822,49.7973,19.9376,91.0911
0.0429765,0.0394079,0.13633,46.7934,19.2745,91.0932
0.0439438,0.026708,0.126965,43.2027,19.8078,91.0933
0.0434344,0.0288204,0.110695,45.2271,19.658,91.0963
0.0461668,0.0157019,0.154436,36.9566,19.0842,91.0975
0.0446716,0.010406,0.15162,40.0073,19.7023,91.0979
0.0444924,0.0213817,0.136424,41.7744,19.645,91.099
0.0444456,0.0270096,0.134897,41.8081,19.4241,91.1032
0.0407828,0.0172688,0.0710116,57.8511,19.3906,91.1044
0.0435456,0.0479904,0.1355,44.4552,19.0802,91.1048
0.0432262,0.00964653,0.105459,46.3666,19.4168,91.1063
0.0431751,0.00493779,0.104474,46.2551,19.8657,91.1069
0.0436092,0.0101141,0.122876,44.5496,19.7682,91.107
0.0425307,0.0342182,0.122105,48.6948,19.2445,91.1075
0.0446561,0.0127453,0.155251,40.3855,19.4998,91.1121
0.0449404,0.0134964,0.132096,40.4171,19.4542,91.1126
0.0428961,0.0154619,0.103124,47.8643,19.1826,91.113
0.0441038,0.0250807,0.155365,42.3376,19.2375,91.1135
0.0463435,0.00613476,0.157012,35.4593,18.9991,91.1135
0.042891,0.0354164,0.106161,47.7415,19.502,91.1138
0.0420253,0.0834259,0.10978,50.7005,19.5124,91.1168
0.0438264,0.00673199,0.151136,43.3298,19.6231,91.1176
0.0430618,0.0555039,0.125689,46.2495,19.962,91.1194
0.0450919,0.03002,0.144191,39.8967,19.4602,91.1202
0.0444366,0.0477018,0.147168,41.0065,19.1663,91.1216
0.0426986,0.00579414,0.10602,48.2938,19.6327,91.1286
0.045001,0.0407816,0.162915,39.9602,19.394,91.1309
0.0445624,0.00562271,0.123802,41.0196,19.6972,91.1319
0.0445216,0.0025432,0.125473,41.505,19.2031,91.132
0.041958,0.0147133,0.0920982,51.3707,19.1754,91.1329
0.0447504,0.0209836,0.157465,40.5319,19.8832,91.1334
0.0443061,0.0170819,0.127166,42.4097,19.5822,91.1337
0.0458397,0.0259085,0.14877,37.8626,19.665,91.1349
0.0437451,0.022513,0.152745,43.6764,19.896,91.1355
0.0443892,0.0457012,0.149738,41.5018,19.1409,91.1366
0.0422496,0.0197877,0.0896352,50.1983,19.6325,91.1369
0.0463039,0.0046134,0.164836,35.949,18.7231,91.1375
0.0442261,0.0393171,0.133984,42.9935,19.1767,91.1381
0.0438863,0.0317431,0.12758,43.8068,19.0044,91.1396
0.0447388,0.0238575,0.147272,40.972,19.9119,91.1431
0.042765,0.06616,0.122238,47.0107,19.9575,91.1446
0.0437366,0.0441541,0.156529,43.5253,19.7474,91.1449
0.0456818,0.027334,0.160629,37.8605,19.1346,91.1482
0.0409938,0.00196446,0.074295,56.0724,19.0932,91.1504
0.0434806,0.0112275,0.102328,45.3931,19.3046,91.1518
0.0446059,0.0427963,0.165565,40.1061,19.8326,91.155
0.0427539,0.0689676,0.124074,47.5663,19.4085,91.1557
0.0445214,0.00938953,0.143655,41.895,19.3207,91.1558
0.0430898,0.0405383,0.116328,46.27,19.2285,91.1559
0.0434766,0.0425525,0.148689,44.4122,19.1787,91.157
0.0431982,0.033131,0.141856,45.0743,19.3291,91.1581
0.0434397,0.0316272,0.151932,44.9737,19.4937,91.1586
0.0446346,0.00345877,0.123282,41.0569,19.0322,91.1589
0.0425326,0.0361076,0.114459,48.0727,19.5857,91.1608
0.0466697,0.0119934,0.161609,34.882,18.8538,91.1624
0.0429966,0.0710522,0.130923,46.8176,19.5999,91.1632
0.0437158,0.0250016,0.110515,44.9791,19.1272,91.1667
0.0466446,0.0181049,0.165158,34.2146,18.0131,91.1682
0.0440285,0.0320209,0.165529,42.936,19.5342,91.1684
0.0441748,0.00358728,0.147274,42.0698,19.6567,91.1692
0.0435519,0.059582,0.135126,44.7737,19.7263,91.1717
0.0428891,0.0103867,0.116436,47.1974,19.08,91.1718
0.0440882,0.0478608,0.146575,42.7068,19.7018,91.1722
0.0427307,0.0111946,0.100742,48.9891,19.9402,91.1735
0.0439481,0.0247772,0.117228,43.4469,19.4785,91.1754
0.0443188,0.0563568,0.163308,41.2123,19.33,91.1771
0.0435218,0.042708,0.145646,44.5193,19.8899,91.1774
0.0423376,0.0343457,0.112441,49.0775,19.6144,91.178
0.0422443,0.0767935,0.118209,49.0276,19.4557,91.1792
0.0411846,0.0321309,0.0749299,55.6289,19.9279,91.1827
0.0450758,0.0561643,0.155158,39.2136,19.6008,91.1845
0.0429174,0.0115941,0.101606,47.3064,19.8327,91.185
0.0407924,0.0156626,0.0697412,57.5273,19.5243,91.185
0.0456466,0.00915244,0.165497,37.961,19.766,91.1851
0.0432652,0.0443941,0.133491,45.0115,19.7512,91.1856
0.0458283,0.0303107,0.151774,37.6742,19.2298,91.1861
0.0444976,0.0341006,0.138571,41.1299,19.7557,91.1866
0.0453691,0.00813532,0.15274,38.2644,19.4637,91.1874
0.041532,0.0373772,0.0844297,53.8357,19.4202,91.1901
0.0463873,0.00172182,0.148171,35.1277,18.2419,91.1949
0.0443482,0.0502144,0.16376,41.2696,19.0089,91.1957
0.0434847,0.00918679,0.154309,44.9713,19.5841,91.1958
0.0432169,0.0250844,0.146809,45.9256,19.2222,91.1965
0.0443561,0.0118926,0.153582,41.8507,19.0647,91.1966
0.0440155,0.0454514,0.165884,42.5045,19.2191,91.198
0.0458059,0.00235896,0.147386,37.9285,19.8051,91.2001
0.0446827,0.0432603,0.159017,40.4443,19.595,91.2009
0.0424391,0.0648183,0.127195,48.5405,19.4387,91.2016
0.0435452,0.00345709,0.108988,45.2737,19.3224,91.2039
0.0457551,0.0131077,0.153043,37.0768,19.4178,91.2043
0.0429071,0.052102,0.142119,46.882,19.7114,91.2117
0.0427407,0.0860563,0.12731,47.0375,19.7365,91.2123
0.0453278,0.016873,0.158002,38.7187,19.4074,91.2148
0.0433079,0.00691573,0.0924133,46.6375,19.4123,91.2151
0.0441872,0.0325147,0.127871,42.8031,19.3779,91.2192
0.0448255,0.0489318,0.141411,40.9588,19.0579,91.2196
0.0431375,0.0334774,0.117482,46.2247,19.0749,91.2213
0.0440273,0.0509732,0.156023,42.0539,19.5834,91.2219
0.0446675,0.0387079,0.154393,40.8331,19.0868,91.2227
0.0421346,0.0217386,0.106535,50.0537,19.492,91.2236
0.0438081,0.0111065,0.137076,43.0658,19.4711,91.2257
0.0437873,0.0623546,0.148922,43.4326,19.1481,91.2267
0.0425866,0.0330584,0.106653,48.7726,19.3098,91.2276
0.0434982,0.0688066,0.14419,44.07,19.7203,91.2283
0.0435285,0.0291798,0.13732,44.1314,19.2139,91.2292
0.0430442,0.050956,0.129035,46.9062,19.656,91.2328
0.0420228,0.0286983,0.0832737,51.5431,19.5913,91.2331
0.0450092,0.0592163,0.159739,39.611,19.7936,91.2333
0.0446861,0.0588131,0.159948,40.1485,19.9274,91.2396
0.0438074,0.00277854,0.114072,44.1364,19.4171,91.2401
0.0458764,0.0156348,0.146313,37.9068,19.1265,91.2421
0.0467729,0.00500162,0.14811,34.8371,18.7822,91.2427
0.0449597,0.0125819,0.130106,40.3926,19.5612,91.243
0.0457107,0.0214245,0.156397,37.4481,19.0262,91.2436
0.0446948,0.0360663,0.147321,40.8299,19.9991,91.2437
0.043343,0.0195903,0.120933,45.9616,19.1229,91.2439
0.0448416,0.0318568,0.138965,40.5764,19.3935,91.2462
0.0434224,0.0211361,0.157962,44.6525,19.1426,91.247
0.0437606,0.0590101,0.150752,43.0712,19.3445,91.2474
0.0445214,0.0439281,0.137624,41.8798,19.6174,91.2474
0.0426844,0.0320682,0.0984555,48.7644,19.5721,91.2476
0.0421846,0.0476121,0.0978975,50.002,19.4386,91.2484
0.0440758,0.0528255,0.155987,42.6667,19.0492,91.2489
0.0449378,0.0312187,0.16201,39.9696,19.2851,91.2504
0.0449496,0.0409569,0.165872,39.0763,19.2655,91.2552
0.0424962,0.0764196,0.12161,48.5465,19.6722,91.2567
0.0451162,0.0222567,0.140209,39.1122,19.9745,91.2578
0.0430498,0.0634212,0.126458,46.957,19.8582,91.2588
0.0422171,0.025746,0.089393,50.7701,19.8173,91.2597
0.0450207,0.0560767,0.157512,39.788,19.6071,91.2628
0.0463194,0.00833053,0.16154,35.7658,18.7124,91.264
0.044391,0.0150977,0.114962,42.2328,19.2541,91.2647
0.0436374,0.0147073,0.118679,44.0993,19.4985,91.2653
0.0420011,0.0326144,0.0887319,51.3528,19.8191,91.2661
0.0417526,0.0317136,0.0917239,52.0661,19.5796,91.2667
0.0434908,0.0179886,0.101762,45.2435,19.6173,91.2687
0.0437988,0.0169236,0.141846,43.7417,19.5928,91.269
0.0434579,0.0375264,0.14804,44.4433,19.7739,91.269
0.043802,0.00933869,0.15305,43.9309,19.5528,91.2714
0.0441903,0.041539,0.137226,42.3923,19.8601,91.2733
0.0437315,0.0142679,0.161784,43.302,19.3546,91.2759
0.043551,0.0235526,0.131115,44.8113,19.1363,91.2766
0.0464379,0.00146206,0.16295,35.7132,19.4378,91.2779
0.0442803,0.0203416,0.130343,42.8243,19.1129,91.278
0.0425115,0.0490849,0.11592,48.5163,19.7056,91.2788
0.0440207,0.0116353,0.119003,43.6301,19.5576,91.2812
0.0419225,0.0598805,0.0974822,51.1843,19.162,91.2824
0.0427688,0.0384177,0.118021,47.1636,19.696,91.2826
0.0423433,0.0231678,0.113,49.5836,19.8086,91.2839
0.0429329,0.00558131,0.111518,47.7858,19.45,91.2851
0.0440013,0.0237244,0.121566,43.6913,19.3392,91.2864
0.0457733,0.0252334,0.151799,37.3989,19.7529,91.2874
0.044672,0.0413788,0.151841,40.9476,19.1302,91.2878
0.0463313,0.00299655,0.163539,35.55,18.6049,91.2886
0.0428157,0.0578616,0.115111,47.0558,19.8392,91.2891
0.0445841,0.028341,0.129809,41.1072,19.8266,91.2897
0.0435059,0.0472223,0.147434,44.866,19.9131,91.2897
0.041816,0.0255487,0.0841283,52.2276,19.7379,91.2908
0.0430388,0.0273295,0.131344,46.8983,19.6737,91.2908
0.0428676,0.0159081,0.118746,47.3731,19.7518,91.2926
0.044037,0.0606446,0.160054,42.9203,19.2673,91.2929
0.0443344,0.0359615,0.121284,42.4673,19.4664,91.293
0.0422278,0.0286714,0.0955809,50.9378,19.9456,91.2948
0.0461486,0.025744,0.16013,36.6704,19.6596,91.2992
0.0451076,0.0240266,0.156228,39.4822,19.3786,91.2999
0.041114,0.0611459,0.078751,55.121,19.2245,91.3016
0.0422908,0.05804,0.11542,49.3122,19.1421,91.3019
0.0447085,0.0038032,0.115996,41.7194,19.7913,91.3022
0.0448993,0.0116004,0.1292,40.999,19.8961,91.307
0.0444179,0.0267699,0.13726,41.9887,19.6542,91.3078
0.0434466,0.04813,0.153844,44.6269,19.2497,91.3161
0.0430298,0.0533439,0.130922,46.4412,19.8618,91.3162
0.0440202,0.0130688,0.124086,43.3731,19.6425,91.3203
0.04378,0.0663908,0.151225,43.2916,19.4706,91.3216
0.0416138,0.090194,0.0985331,52.039,19.0357,91.3217
0.0434997,0.00773594,0.105479,45.4895,19.5867,91.3227
0.042063,0.0717948,0.105372,50.6764,19.669,91.3233
0.0463024,0.0136798,0.164977,35.7644,18.4008,91.3236
0.0443312,0.0028183,0.127982,42.3627,19.4476,91.3245
0.0439141,0.0138709,0.120514,43.6428,19.6638,91.3248
0.0456764,0.0205794,0.161649,37.2204,19.4802,91.3259
0.0450166,0.0576593,0.157567,39.3211,19.6261,91.329
0.0436714,0.0319152,0.122227,44.7588,19.355,91.3291
0.0446402,0.0220106,0.157183,40.4016,19.6348,91.3304
0.0460281,0.0015221,0.153687,36.5039,18.4564,91.3318
0.044653,0.0228083,0.123911,41.4092,19.2212,91.3369
0.0450184,0.0380298,0.158633,39.6158,19.1053,91.3373
0.0421947,0.0879368,0.12263,49.9684,19.7801,91.338
0.0439059,0.0100406,0.122116,43.2694,19.996,91.3391
0.0432897,0.0732255,0.129955,45.4275,19.7623,91.3395
0.0420748,0.0650424,0.108844,50.3005,19.2782,91.3398
0.04378,0.0130711,0.115371,44.1508,19.1219,91.3422
0.0438397,0.0568447,0.137446,43.2029,19.5137,91.3422
0.0435648,0.0568817,0.138445,44.8018,19.7371,91.3425
0.0447506,0.0277337,0.142504,40.9588,19.354,91.3426
0.0457178,0.018801,0.154534,37.5246,19.1582,91.3432
0.0442186,0.0318354,0.137194,42.4153,19.6895,91.3474
0.0437364,0.0691032,0.156927,43.9004,19.3085,91.3481
0.0455242,0.0288492,0.140992,38.7046,19.4652,91.3484
0.0451392,0.00520617,0.136447,39.4807,19.6232,91.35
0.0434505,0.0203753,0.150202,44.3928,19.1993,91.3507
0.0431021,0.0445472,0.114658,46.6718,19.8545,91.3522
0.0446933,0.0637904,0.157141,40.8671,19.2888,91.3535
0.0462046,0.00656245,0.152981,36.7871,19.6884,91.3554
0.0429455,0.0434568,0.134251,46.3093,19.4904,91.3554
0.0433833,0.0349705,0.123478,45.2909,19.0828,91.3575
0.0439717,0.0241193,0.127588,43.6457,19.7121,91.3614
0.0428606,0.0416701,0.116479,47.3912,19.7928,91.3636
0.0442996,0.00855413,0.122422,42.7993,19.9585,91.364
0.0419018,0.0361656,0.0963493,51.7331,19.4945,91.3656
0.0438428,0.0600584,0.140351,43.9422,19.8741,91.3694
0.0443938,0.0106833,0.118525,42.3749,19.6754,91.3721
0.0454871,0.024115,0.153076,38.7291,19.6336,91.373
0.0439535,0.0164834,0.131159,43.9391,19.554,91.3733
0.0422746,0.0211291,0.0859804,50.3743,19.5683,91.3735
0.0443097,0.0324634,0.162743,41.6682,19.0411,91.3743
0.0430372,0.012108,0.0898132,47.2562,19.2408,91.3748
0.0439234,0.00370859,0.13766,43.0736,19.9439,91.3754
0.0458579,0.00290673,0.153493,37.5469,19.1071,91.3798
0.0432936,0.00635256,0.103753,46.0517,19.9376,91.3823
0.0432194,0.0353273,0.136256,45.7404,19.2849,91.3823
0.0449719,0.0363407,0.16327,39.3922,19.2359,91.3851
0.0447505,0.0533007,0.149534,40.3306,19.2275,91.3906
0.0448576,0.0235374,0.131837,40.9942,19.5584,91.3913
0.0443667,0.0543296,0.15425,41.3812,19.1561,91.3934
0.0447133,0.0330427,0.150603,40.3717,19.6935,91.3935
0.0470236,0.00713791,0.164191,33.4758,18.3206,91.3938
0.0470617,0.00525196,0.160087,33.4878,18.4642,91.398
0.044595,0.00700817,0.135931,41.7753,19.2431,91.398
0.0436157,0.00461432,0.117895,44.4213,19.9794,91.3981
0.0425043,0.057618,0.122638,48.5968,19.1624,91.3981
0.0429287,0.012696,0.0943461,47.9844,18.0043,91.3985
0.04397,0.02477,0.128052,43.6173,19.1797,91.3989
0.0419938,0.00626955,0.0886088,51.495,19.0531,91.3991
0.0456802,0.00288492,0.148353,37.9912,18.1717,91.3991
0.0432024,0.00931394,0.145009,45.0198,19.5033,91.403
0.0453529,0.0452393,0.155874,38.6392,19.0607,91.4035
0.0447212,0.00630349,0.117436,41.602,19.6349,91.4036
0.0450965,0.00269077,0.139268,39.0311,19.2906,91.404
0.0449018,0.0144536,0.129315,40.5018,19.7273,91.4049
0.0431516,0.0382212,0.112194,46.4994,19.8325,91.4051
0.0438118,0.0327068,0.138543,43.1346,19.0943,91.4082
0.0466515,0.00652211,0.162451,34.8991,18.3703,91.412
0.0432462,0.00957166,0.10681,46.7689,19.6769,91.4123
0.0432721,0.0791563,0.134034,45.2984,19.2618,91.413
0.0418256,0.0754463,0.102435,51.9712,19.1311,91.4131
0.0430043,0.080965,0.128132,46.8308,19.8057,91.4146
0.043968,0.0276912,0.127591,43.2157,19.2282,91.4146
0.0458289,0.0297369,0.148177,37.7384,19.5218,91.4154
0.0457611,0.0146793,0.152006,37.5027,19.8278,91.4156
0.0454637,0.0336896,0.145483,38.7218,19.1966,91.4162
0.0411157,0.0267815,0.0813586,55.5715,19.0789,91.42
0.0438055,0.0180738,0.153351,43.0857,19.7712,91.4218
0.0462815,0.00719006,0.164215,35.0313,18.4383,91.4229
0.0447476,0.0359153,0.147386,40.8924,19.6829,91.4235
0.0452856,0.00416577,0.126888,39.5172,19.05,91.4236
0.0456345,0.0027156,0.153803,37.0428,18.7251,91.4255
0.0427687,0.0484388,0.116236,47.6756,19.546,91.4296
0.044383,0.0400757,0.143623,41.8114,19.1384,91.4302
0.0432532,0.0103282,0.143575,45.2791,19.4919,91.4329
0.0443976,0.0386502,0.158576,41.77,19.6135,91.4343
0.0446566,0.0508202,0.162988,40.4085,19.0091,91.4349
0.0431538,0.0310037,0.106997,46.6111,19.323,91.4358
0.0430033,0.00816406,0.0980606,47.5174,19.3053,91.4359
0.0430459,0.0392233,0.115279,46.2857,19.6205,91.4361
0.0448028,0.0328965,0.148665,40.5742,19.5905,91.4379
0.0456706,0.0191052,0.162153,37.6359,19.3635,91.438
0.0463963,0.00766094,0.153055,35.0936,18.4307,91.4383
0.0437433,0.0315617,0.153458,43.4405,19.9926,91.4386
0.0466756,0.0086549,0.165378,34.3668,18.2143,91.4405
0.04528,0.0320613,0.164585,38.9781,19.8487,91.4409
0.0426169,0.0105596,0.115517,48.451,19.9439,91.4416
0.0424025,0.0312976,0.0963948,49.8427,19.8836,91.4424
0.0437485,0.0197946,0.118768,44.3527,19.9429,91.4459
0.0431695,0.0342393,0.109261,46.9009,19.9043,91.4468
0.0432386,0.0131052,0.145659,45.5536,19.7145,91.4483
0.0429609,0.0123898,0.107102,47.1492,19.2122,91.4498
0.043038,0.0304944,0.132554,46.9397,19.4653,91.4522
0.0446674,0.0183532,0.119295,41.162,19.7764,91.4527
0.0435166,0.0152237,0.108455,45.276,19.1863,91.4533
0.044179,0.00559534,0.146598,42.3187,19.4263,91.4546
0.0448953,0.0218088,0.138394,40.7757,19.3632,91.4563
0.0422257,0.0325173,0.089064,50.8755,19.0455,91.4572
0.0432239,0.00997812,0.0980969,46.367,19.1747,91.4584
0.0429631,0.0304066,0.141058,46.5474,19.4849,91.4611
0.0467064,0.0119418,0.164883,34.6878,18.7033,91.462
0.0436103,0.0544808,0.126855,44.4897,19.7376,91.4634
0.0431914,0.0551269,0.141689,45.4589,19.9145,91.466
0.0432989,0.0333622,0.127247,45.3437,19.9788,91.4673
0.0420689,0.0324486,0.108307,50.1564,19.7906,91.4677
0.044303,0.0065336,0.120781,42.1446,19.6097,91.4689
0.0440229,0.0231364,0.159789,42.7406,19.894,91.4699
0.0463205,0.00857708,0.164611,35.9274,18.8609,91.4703
0.0437863,0.00484842,0.10259,44.8177,19.4126,91.4704
0.0441723,0.00754743,0.120266,42.8545,18.9866,91.4725
0.0448828,0.0178331,0.12991,40.0734,19.7769,91.4728
0.0452721,0.0139006,0.163088,38.4697,19.984,91.4756
0.0437237,0.0174916,0.114581,44.6416,19.6011,91.4756
0.0429002,0.0689083,0.140864,46.5733,19.4803,91.477
0.0456912,0.0568988,0.164475,37.73,19.015,91.4779
0.0457803,0.0206153,0.165241,37.9304,19.6674,91.4794
0.0419074,0.0119854,0.100696,51.6297,19.829,91.4807
0.0437378,0.0704565,0.157616,43.1842,19.5014,91.4823
0.0443361,0.0578124,0.158635,41.3456,19.0054,91.4825
0.0440416,0.0451157,0.118233,43.9704,19.824,91.4864
0.044946,0.0176375,0.124105,40.7367,19.2764,91.4869
0.0442411,0.0163492,0.136946,42.386,19.8165,91.4879
0.044247,0.0213286,0.126076,42.0298,19.7567,91.4887
0.043746,0.0249686,0.107912,44.2876,19.4762,91.4889
0.0435674,0.0144554,0.144586,44.3163,19.6494,91.4914
0.0446554,0.0383907,0.15144,40.4542,19.1763,91.4917
0.0430226,0.0446526,0.11822,46.5948,19.0213,91.4922
0.0430678,0.0437836,0.126898,46.9438,19.9499,91.4924
0.0440251,0.0256032,0.121627,43.2021,19.8414,91.4929
0.0427215,0.0673689,0.128134,47.4873,19.7175,91.494
0.0454537,0.05227,0.150299,38.192,19.6377,91.4951
0.0433379,0.0259686,0.120629,45.8606,19.1616,91.4953
0.0420189,0.00242357,0.0798364,51.4049,18.0451,91.496
0.0450671,0.0188193,0.144679,39.4445,19.9861,91.496
0.044412,0.0494351,0.148617,41.9457,19.2792,91.4986
0.0435823,0.00471113,0.102839,45.124,19.1084,91.499
0.0435963,0.0376819,0.136553,44.7679,19.4453,91.5013
0.0441621,0.0386258,0.129629,42.4203,19.4215,91.5016
0.0419777,0.0372039,0.0882011,51.2553,19.926,91.5042
0.0443018,0.0234181,0.129001,42.1104,19.9713,91.5068
0.0450087,0.0308887,0.151247,39.6073,19.4166,91.5105
0.0460124,0.00744323,0.154019,36.8474,18.1126,91.5112
0.043183,0.0220921,0.145902,45.6421,19.0636,91.5115
0.0427405,0.00773415,0.0910393,48.96,19.9869,91.5124
0.041658,0.0419247,0.0975751,52.9821,19.4221,91.5125
0.0460681,0.0293285,0.162588,36.2265,19.9054,91.5141
0.0454852,0.0442117,0.148701,38.5661,19.2137,91.5143
0.0437891,0.0508832,0.142755,43.1446,19.2584,91.5148
0.0440195,0.0230099,0.160536,42.3446,19.0102,91.516
0.0449926,0.0335891,0.152834,39.5752,19.0432,91.5162
0.0408383,0.0805217,0.0817543,56.8948,19.468,91.5191
0.0453577,0.0676343,0.163092,38.7583,19.4632,91.5199
0.0406682,0.00769697,0.0636528,58.018,19.6285,91.52
0.0428228,0.066062,0.113849,47.5094,19.12,91.5229
0.0440081,0.02088,0.120072,43.7761,19.4527,91.5238
0.045494,0.0414222,0.147687,38.3801,19.1993,91.5273
0.0467265,0.0215526,0.155027,34.5347,18.2862,91.5291
0.0432646,0.0134895,0.106679,46.616,19.7221,91.5302
0.0440533,0.0180971,0.164598,42.6655,19.42,91.5323
0.0446233,0.00446193,0.14539,40.1781,18.0078,91.5327
0.0438967,0.0118018,0.122421,43.8915,19.8751,91.5329
0.045779,0.03849,0.152909,37.5846,19.4829,91.5329
0.0425368,0.0134247,0.0873554,49.0496,19.8348,91.5335
0.0454363,0.0234783,0.162007,38.8358,19.8017,91.5374
0.0440868,0.0461709,0.142404,42.5739,19.5487,91.5403
0.045977,0.00278766,0.15124,36.5175,18.2321,91.5405
0.042358,0.00423887,0.113158,49.1809,19.1029,91.5428
0.0429373,0.0417323,0.135684,46.618,19.1983,91.5443
0.044966,0.00439794,0.14773,39.3355,18.4353,91.5471
0.0453898,0.0476499,0.155951,38.2074,19.3358,91.5477
0.0444912,0.0536498,0.141119,41.0258,19.3533,91.5478
0.0440573,0.0510027,0.147091,42.1173,19.4724,91.5479
0.0418322,0.0227267,0.0796607,52.3652,19.9489,91.5484
0.0448247,0.0318995,0.134044,40.1239,19.8401,91.5488
0.0417028,0.00693374,0.07018,53.2567,19.8927,91.5494
0.0434565,0.0630397,0.152124,44.5324,19.693,91.5505
0.0430572,0.00884626,0.116466,46.292,19.2545,91.5509
0.0422908,0.0306954,0.117839,49.1181,19.2896,91.5513
0.0438953,0.011837,0.115973,43.5312,18.6314,91.552
0.044687,0.0485686,0.147925,40.2397,19.5865,91.5526
0.0429779,0.0851883,0.132934,46.58,19.9834,91.5526
0.0450985,0.0618396,0.150451,39.9578,19.4601,91.5527
0.0432515,0.0200418,0.142224,45.8305,19.6574,91.5528
0.0448174,0.0271773,0.133996,40.7942,19.7619,91.5536
0.0467856,0.00254079,0.143313,34.8067,18.6028,91.5543
0.0457105,0.00145492,0.141741,37.4925,18.4075,91.5578
0.0431082,0.0135633,0.125537,46.1655,19.5371,91.5583
0.0415814,0.0928999,0.102807,52.5139,19.9697,91.5606
0.042953,0.0608114,0.131324,46.9977,19.8111,91.5614
0.0440739,0.03121,0.160341,42.5276,19.0616,91.5614
0.0458558,0.0213784,0.145128,37.7563,19.0743,91.5617
0.0437589,0.0656552,0.154907,43.1467,19.8524,91.5617
0.0450417,0.0191067,0.14501,39.5603,19.7293,91.5618
0.0421422,0.0491471,0.0970492,50.0172,19.0304,91.5624
0.0439967,0.020298,0.120866,43.3368,19.0244,91.5633
0.0427321,0.0778342,0.126333,47.0265,19.4616,91.5634
0.0444332,0.0426611,0.13895,41.0998,19.5576,91.5635
0.0426583,0.015604,0.096397,48.3305,19.003,91.5639
0.0443954,0.00533056,0.143631,41.3559,19.376,91.5647
0.0421303,0.0507398,0.0980652,50.0514,19.0716,91.5648
0.0441459,0.0547316,0.141268,42.9578,19.3153,91.5653
0.0447347,0.0575963,0.154665,40.0604,19.1046,91.5663
0.0447098,0.0385638,0.152427,40.1421,19.6988,91.5689
0.0436027,0.0294464,0.13716,44.4575,19.0654,91.5693
0.0430126,0.078666,0.130547,46.7686,19.0911,91.5696
0.0474507,0.00699746,0.159216,32.7893,18.0344,91.57
0.0458256,0.0369653,0.151319,37.8379,19.2108,91.5706
0.042436,0.0867299,0.12501,48.2025,19.7502,91.5708
0.0428039,0.0728452,0.116128,47.2479,19.3161,91.5716
0.0445532,0.021211,0.127833,41.3223,19.5349,91.5719
0.0439794,0.0241518,0.118514,43.5293,19.9667,91.5733
0.0447885,0.0429865,0.149472,40.7598,19.2315,91.5735
0.0435488,0.0292095,0.131889,44.1212,19.4345,91.577
0.0432792,0.0406155,0.138999,45.4483,19.5212,91.5779
0.0452213,0.027743,0.139522,39.1209,19.4779,91.5787
0.0407938,0.0313394,0.0698535,57.5795,19.1225,91.5801
0.0432238,0.00803399,0.147669,45.6559,19.7104,91.5811
0.0438252,0.0447042,0.134351,43.3723,19.4253,91.5814
0.0439978,0.0720717,0.166252,42.4234,19.7408,91.5823
0.0458219,0.0291794,0.148022,37.573,19.8508,91.5837
0.0439751,0.0236216,0.129333,43.4617,19.4262,91.5844
0.0417897,0.0773797,0.109684,51.7281,19.956,91.586
0.0433402,0.00855609,0.134934,45.6871,19.22,91.5875
0.046492,0.00674753,0.158321,35.1689,19.2893,91.5887
0.0454053,0.0390429,0.151996,38.5872,19.5573,91.5896
0.0432465,0.0447967,0.141027,45.9626,19.1761,91.5901
0.045022,0.0180615,0.147128,39.4566,19.6633,91.5911
0.0430665,0.00670617,0.0976151,47.047,19.0728,91.5925
0.0463935,0.00518333,0.150727,35.7158,18.0036,91.5936
0.0433802,0.0349962,0.112596,45.5383,19.9685,91.5936
0.0440858,0.0592393,0.153135,42.696,19.0761,91.5956
0.0446489,0.00717951,0.119388,41.0893,19.3634,91.5982
0.0454247,0.0552016,0.152886,38.5513,19.3901,91.5987
0.0459671,0.00914168,0.154313,36.2231,18.5328,91.5999
0.0440493,0.0574561,0.150341,42.7184,19.3386,91.6006
0.0430322,0.0399864,0.132465,46.079,19.6085,91.6016
