beta,permeability,xi,init_days,delay,value
0.060315,0.00812112,0.108634,21.1445,11.587,63.1257
0.0584781,0.00789639,0.0947192,24.0514,11.1218,63.2498
0.0590723,0.00543309,0.0960428,23.1276,11.7243,63.3279
0.057196,0.0238812,0.0940219,26.2764,12.5626,63.3428
0.059682,0.00641123,0.107145,22.1172,11.3669,63.4463
0.0590186,0.0181549,0.0965772,23.7524,11.4946,63.5132
0.0590445,0.0165674,0.0911942,23.4588,10.7711,63.5675
0.0591388,0.00468943,0.0933818,23.3525,11.3294,63.5813
0.0609134,0.00822312,0.136249,20.7671,12.5111,63.5926
0.0589871,0.0205581,0.103453,23.6023,11.4146,63.6043
0.0591012,0.0102631,0.0955663,23.187,11.9126,63.6445
0.0590559,0.00385585,0.116449,23.2563,13.9676,63.6551
0.0596633,0.00222263,0.103962,22.5327,11.4255,63.7628
0.0570421,0.0569194,0.0919749,26.3208,11.7319,63.7828
0.0595681,0.0153163,0.124306,22.8989,12.4604,63.8174
0.0571216,0.0478724,0.0880422,26.0824,11.2689,63.8186
0.0596612,0.00601353,0.125852,22.9066,13.3963,63.8322
0.0609152,0.012236,0.133744,20.0408,12.0782,63.8606
0.0573963,0.0060288,0.0802691,26.0521,11.2863,63.8665
0.0622803,0.00216322,0.158431,18.3848,12.2923,63.8717
0.0595551,0.0167378,0.133903,22.9774,13.4642,63.9281
0.0567395,0.024788,0.0722094,27.4324,10.3759,63.9533
0.0608125,0.018505,0.129059,20.7382,11.788,63.9648
0.0573649,0.00657816,0.0843213,26.6601,11.1517,63.9659
0.0559335,0.0662769,0.084732,28.0184,11.1061,64.022
0.0577805,0.0143567,0.114716,25.7362,13.1176,64.0308
0.0609228,0.00899636,0.126619,20.7181,11.4938,64.0667
0.0603054,0.0106213,0.121952,21.567,12.5144,64.0734
0.0589441,0.032349,0.0992725,23.2612,11.3526,64.1443
0.0596994,0.0094905,0.110072,22.3721,12.1733,64.151
0.0602429,0.00827786,0.112274,21.8535,11.7553,64.155
0.0563074,0.0849343,0.104953,27.9835,12.0487,64.1559
0.0583961,0.0115017,0.100421,24.9709,12.6691,64.1577
0.0589808,0.0215285,0.120942,23.987,13.0346,64.1673
0.0595795,0.01576,0.130069,22.9986,13.0552,64.1712
0.060166,0.0211464,0.125515,21.2093,12.3798,64.1976
0.0602284,0.0172689,0.109053,21.2259,11.1255,64.2129
0.0584046,0.0023523,0.118788,24.1762,13.8512,64.2154
0.0579217,0.0196284,0.0768344,25.3781,10.1573,64.2195
0.0562672,0.00976392,0.0691866,28.7549,10.1804,64.2347
0.0601543,0.0191211,0.135156,21.0851,12.6667,64.2375
0.0622771,0.00540767,0.137363,18.4107,11.8309,64.2736
0.0556958,0.0236631,0.0677487,29.2065,10.6195,64.2785
0.0621902,0.0116892,0.160979,18.8629,12.9236,64.2809
0.0589156,0.0274793,0.108644,23.4882,11.0989,64.2846
0.0576586,0.0429917,0.0993847,25.5683,11.532,64.2964
0.0584178,0.00589141,0.130157,24.9717,14.2054,64.3241
0.0608477,0.0166598,0.112763,20.3132,10.4828,64.3262
0.0571454,0.0503213,0.0809272,26.5823,10.9872,64.3867
0.0559864,0.0531534,0.0858106,28.5778,11.2044,64.3929
0.0621425,0.0116149,0.150468,18.845,11.4245,64.3968
0.0589507,0.0232332,0.108108,23.6006,11.1528,64.4086
0.0572573,0.0137633,0.0989239,26.3102,13.9383,64.4192
0.0602116,0.0235138,0.12254,21.6703,12.5226,64.4261
0.0590171,0.0244388,0.096617,23.0597,11.7715,64.4301
0.0614802,0.0148164,0.132463,19.2465,11.4803,64.4325
0.0608405,0.0200349,0.146154,20.5342,12.5539,64.4344
0.056645,0.0193114,0.0981105,27.9195,13.6019,64.445
0.059011,0.0156943,0.088688,23.8408,10.2031,64.4498
0.0593668,0.0460568,0.128848,22.5032,12.3213,64.4522
0.0557353,0.0177526,0.0673167,29.9612,10.5862,64.4862
0.0590437,0.00548001,0.129447,23.343,13.9992,64.4908
0.0600157,0.0411887,0.130064,21.1176,11.7895,64.4957
0.0622361,0.00947161,0.12859,18.7411,10.2294,64.5005
0.0596773,0.000470237,0.145648,22.5468,14.2816,64.5063
0.0584729,0.0126969,0.0956117,24.7613,12.048,64.5068
0.0569643,0.0739199,0.0929949,26.4668,11.5417,64.5223
0.0602144,0.0219793,0.131989,21.982,12.1679,64.5237
0.05919,0.000790177,0.0802404,23.9657,10.3195,64.5268
0.0577199,0.0245896,0.127657,25.2438,14.7424,64.5321
0.0565896,0.0313036,0.0873083,27.2639,11.2819,64.5323
0.0606794,0.033705,0.155003,20.3556,12.2708,64.5359
0.0629972,0.00244561,0.149793,17.9813,11.0187,64.5395
0.0572395,0.0121744,0.0993294,26.8286,13.1861,64.54
0.0628772,0.0102321,0.157313,17.0048,11.1241,64.5463
0.0590099,0.00153689,0.11592,23.7155,12.6393,64.5553
0.0567622,0.0189306,0.0748792,27.0395,11.5034,64.5573
0.0600976,0.0316474,0.116242,21.5753,11.9373,64.566
0.0607608,0.0228027,0.141949,20.3414,12.5151,64.5669
0.0578668,0.00699731,0.110222,25.7431,13.0488,64.57
0.0587442,0.0604089,0.0984422,23.8222,10.728,64.5718
0.0616094,0.00551286,0.16105,19.2394,13.4377,64.581
0.0562246,0.0164335,0.0720668,28.7212,11.4067,64.5812
0.0602076,0.0104646,0.135397,21.2595,12.1677,64.5813
0.0590122,0.025801,0.0976947,23.9829,11.0523,64.5841
0.0577151,0.0283818,0.119967,25.9435,13.3969,64.5842
0.0592273,0.0693321,0.127613,22.9408,11.6179,64.5846
0.054432,0.0678968,0.0736702,31.7886,11.1778,64.5917
0.0608577,0.0160354,0.160548,20.1367,13.0576,64.5932
0.0579475,0.0845419,0.127462,24.3006,12.3029,64.5963
0.0595281,0.0335889,0.1048,22.7978,11.1149,64.5984
0.0573037,0.00641174,0.0962266,26.7023,13.6382,64.6062
0.0547315,0.0994664,0.0837231,30.0192,11.5299,64.613
0.0547876,0.00173328,0.0646263,31.834,11.8244,64.6188
0.0608845,0.0124793,0.149165,20.3605,13.9018,64.621
0.0554432,0.0571063,0.0845816,29.4474,12.1808,64.6215
0.0623211,0.00104078,0.120206,18.5578,10.7172,64.6224
0.056271,0.0134171,0.0706558,28.2893,10.0688,64.6364
0.0589421,0.0230637,0.0918519,23.559,10.376,64.6375
0.0596319,0.00484461,0.147953,22.0861,14.0317,64.6389
0.0554753,0.0510916,0.0827705,29.9717,12.365,64.6467
0.0579436,0.0814851,0.127937,24.5793,12.916,64.6474
0.0562062,0.00936473,0.0797241,28.4796,12.0529,64.651
0.0587315,0.0533384,0.137066,23.3826,13.699,64.6517
0.0620773,0.0270879,0.149525,18.2742,11.6449,64.652
0.056947,0.0696596,0.100919,26.1271,12.0893,64.6565
0.0615131,0.00901381,0.130155,19.5895,11.0907,64.6701
0.0570731,0.0377012,0.0987224,26.2702,12.607,64.6754
0.0582473,0.0423547,0.0960444,24.8851,11.9379,64.6783
0.0554006,0.0623414,0.084617,29.3837,12.9096,64.6821
0.0615297,0.00384939,0.137334,19.25,11.4058,64.6853
0.0575792,0.0624945,0.0871045,25.6236,10.1768,64.6913
0.0571266,0.02683,0.10218,26.1576,12.6315,64.6995
0.0576679,0.0332878,0.13226,25.4114,14.1475,64.7034
0.0600421,0.0449242,0.1393,21.6021,12.7607,64.7063
0.0565824,0.0364719,0.10217,27.1079,13.3169,64.7147
0.0547109,0.0991163,0.0828516,30.3948,11.5395,64.7148
0.0556688,0.00968362,0.0781312,29.1198,12.0471,64.7157
0.0584044,0.00136906,0.128585,24.8337,14.1505,64.7257
0.0547443,0.0107049,0.0642374,31.179,11.4274,64.7312
0.0606781,0.0356109,0.129101,20.225,11.6063,64.7352
0.0594829,0.0241148,0.121093,22.1368,12.5999,64.7377
0.0601507,0.0173887,0.127829,21.821,12.7119,64.7472
0.0590597,0.0197882,0.0943026,23.2107,11.7547,64.7572
0.0561817,0.102811,0.110397,27.4804,12.4059,64.7579
0.0593752,0.0525426,0.130116,22.503,12.9438,64.7586
0.0596542,0.00581319,0.155016,22.2623,14.2,64.7662
0.0587637,0.0431157,0.142009,23.3734,13.9665,64.7695
0.0582995,0.0193635,0.141907,24.4654,14.8782,64.7742
0.0594072,0.0412713,0.149559,22.5749,13.9255,64.7942
0.061348,0.0319407,0.152279,19.0628,11.7445,64.7969
0.0614331,0.0136725,0.162778,19.8659,12.3949,64.8211
0.0609868,0.00744553,0.127134,20.4383,12.3401,64.8243
0.0589061,0.0184742,0.151585,23.0535,14.9333,64.8253
0.058236,0.0256379,0.123834,24.1288,13.9743,64.8254
0.0571536,0.031918,0.101202,26.9879,13.4003,64.8294
0.0614286,0.0180906,0.134838,19.2755,11.6623,64.8303
0.0589513,0.00861387,0.102447,23.6449,11.1772,64.8391
0.0582345,0.0374827,0.13174,24.4769,13.3029,64.8427
0.0571332,0.0307261,0.093581,26.2941,12.3408,64.8445
0.061314,0.0377152,0.160063,19.2841,12.0064,64.8488
0.0576807,0.036098,0.108249,25.6977,13.066,64.8508
0.0538117,0.0923524,0.0751139,32.1844,11.3181,64.8593
0.0576528,0.0513215,0.101008,25.2383,12.4176,64.8613
0.0561288,0.018388,0.0952365,28.4058,13.77,64.8658
0.0607111,0.027291,0.130761,20.9349,11.5985,64.8666
0.0621859,0.0172217,0.163113,18.2574,12.0826,64.8728
0.0608104,0.0109707,0.140742,20.5135,12.0217,64.8777
0.0561079,0.0181647,0.0961343,28.047,13.731,64.8846
0.059626,0.0146303,0.099106,22.741,11.3201,64.8867
0.0556841,0.00490158,0.0745177,29.5917,11.0562,64.8888
0.056718,0.0219191,0.086796,27.6487,12.2109,64.8955
0.0580038,0.0804518,0.118416,24.976,12.0488,64.907
0.0538781,0.083458,0.0729154,32.4671,11.1853,64.9116
0.0566826,0.0198623,0.0792122,27.8287,11.5666,64.9232
0.0616206,0.00985207,0.116601,19.8741,10.4359,64.9326
0.0621025,0.0145445,0.164408,18.9217,11.4725,64.9336
0.0565313,0.0318111,0.103033,27.8322,13.9076,64.9357
0.0559706,0.0421002,0.0986049,28.6532,13.9065,64.9373
0.0539194,0.0710524,0.0716757,32.4712,11.4982,64.9386
0.0615954,0.00906381,0.111227,19.0708,10.99,64.9493
0.057045,0.0623187,0.0811019,26.0103,10.3572,64.9603
0.0613059,0.0378003,0.158258,19.5163,12.2929,64.9726
0.059971,0.0491595,0.134509,21.0288,11.5571,64.9736
0.0551802,0.0930278,0.106659,29.8431,13.0996,64.9737
0.0614534,0.0281156,0.137813,19.4991,11.5398,64.9741
0.0612312,0.0396403,0.154501,19.3894,11.101,64.9774
0.0569335,0.080142,0.0847231,26.6614,10.2199,64.9879
0.0581465,0.0471008,0.148626,24.6116,14.6631,64.9885
0.0558555,0.0630928,0.108042,28.5788,13.0905,64.9919
0.0599459,0.0438826,0.145544,21.2908,12.5729,64.9927
0.0592679,0.0669668,0.137201,22.4731,12.7871,64.9929
0.0586347,0.0654216,0.11347,23.2973,11.6219,64.9977
0.0547325,0.090298,0.0875788,30.8417,12.5238,65.0156
0.0607843,0.0212665,0.134957,20.2684,12.5124,65.0207
0.0585637,0.0836942,0.116851,23.3691,11.8073,65.0327
0.0551928,0.0952044,0.10675,29.1164,13.7741,65.0384
0.060476,0.0605461,0.14889,20.994,11.9644,65.041
0.060285,0.00706549,0.130034,21.497,13.1068,65.0426
0.0589959,0.0276526,0.085191,23.4762,10.666,65.0518
0.056556,0.0277994,0.0957603,27.2468,12.7061,65.0546
0.0569459,0.0807205,0.0864567,26.3081,10.407,65.0554
0.0602597,0.0184567,0.138023,21.3719,13.0132,65.0584
0.0540437,0.0545069,0.0685818,32.3685,11.8558,65.0585
0.0600882,0.037299,0.142357,21.0542,12.123,65.0591
0.0549557,0.0497996,0.0800939,30.4655,12.4195,65.0656
0.057768,0.0259404,0.11304,25.3757,13.0173,65.0704
0.0580753,0.0670315,0.137351,24.4713,13.1645,65.0757
0.058393,0.0239515,0.0825573,24.8441,10.734,65.0828
0.0559405,0.0705018,0.0754659,28.1821,10.599,65.0956
0.0616701,0.00597765,0.123857,19.4844,11.3367,65.0978
0.057652,0.0310996,0.112958,25.2793,13.844,65.1125
0.0536119,0.133945,0.0798693,32.0407,11.5141,65.1134
0.0615076,0.0108335,0.163776,19.0532,13.8111,65.1151
0.0578217,0.0261274,0.0831505,25.9807,11.7297,65.1326
0.056562,0.0415189,0.102998,27.4267,13.652,65.156
0.0607128,0.0269415,0.127153,20.5697,11.5782,65.1629
0.0535571,0.141788,0.0819568,32.4422,11.6774,65.1661
0.0606771,0.0339448,0.164772,20.4531,13.9378,65.1679
0.0568451,0.0781885,0.115571,26.5013,12.2728,65.1709
0.0613971,0.0303454,0.151359,19.1405,12.4478,65.1754
0.0586763,0.0693147,0.098521,23.4957,10.113,65.1789
0.0609302,0.0161188,0.120659,20.0881,11.912,65.1893
0.0556506,0.0989158,0.113578,28.9076,13.0449,65.1909
0.0550028,0.0572643,0.0707337,30.9178,11.8102,65.1942
0.0544422,0.0522439,0.0807576,31.2223,12.9135,65.1943
0.0578351,0.0223218,0.0828259,25.0707,11.113,65.195
0.0547832,0.0774634,0.0866416,30.2651,12.9123,65.1976
0.0576444,0.0447925,0.109241,25.4403,13.3898,65.2026
0.0602586,0.0096967,0.152991,21.9215,13.7672,65.2146
0.0616089,0.011257,0.161736,19.9526,13.1748,65.2165
0.0548364,0.069274,0.0893372,30.6407,12.4829,65.2202
0.0574259,0.0728949,0.121634,25.409,12.224,65.227
0.0573179,0.102523,0.10877,25.7669,11.8427,65.2293
0.0586812,0.0556654,0.133746,23.6269,12.6506,65.2328
0.0575302,0.0523057,0.130268,25.6581,13.9315,65.2347
0.0620498,0.0309761,0.13769,18.3184,10.5532,65.2403
0.0589184,0.01184,0.107076,23.9054,11.474,65.243
0.0564484,0.0530389,0.120033,27.3625,14.0527,65.2493
0.061437,0.0313457,0.133914,19.7189,11.8813,65.2505
0.0588507,0.0315815,0.144809,23.127,14.7399,65.251
0.0583175,0.0243153,0.0889426,24.7498,10.1642,65.2524
0.0615645,0.0100973,0.135809,19.5092,12.4627,65.2565
0.0599321,0.0455324,0.131245,21.6027,11.8124,65.2566
0.0604701,0.0534229,0.166103,20.8974,12.0816,65.2635
0.0566295,0.0450625,0.0781474,27.8788,11.1337,65.2735
0.0579427,0.0896706,0.117455,24.5705,11.1699,65.2764
0.0560256,0.0588016,0.0715958,28.4884,10.3471,65.2772
0.0585842,0.0792594,0.107536,23.7114,10.3195,65.2824
0.0567059,0.101989,0.131968,26.5416,13.2925,65.2874
0.0550661,0.0447396,0.0742842,30.1676,11.9738,65.2909
0.0562434,0.00715905,0.0703742,28.5935,10.6824,65.2918
0.0552272,0.00248891,0.0764584,30.7447,12.9944,65.2957
0.0608657,0.00601886,0.166039,20.9521,13.3677,65.2986
0.0578316,0.00804431,0.0983137,25.314,13.6569,65.3024
0.0587567,0.0414957,0.162518,23.5184,14.9858,65.3025
0.0581346,0.0513719,0.123566,24.3603,13.9486,65.3067
0.0573265,0.00235138,0.084496,26.2589,12.4386,65.3118
0.0587756,0.0491747,0.112963,23.9053,12.7337,65.3128
0.056715,0.0107019,0.093553,27.9898,12.8835,65.3134
0.0551439,0.0284868,0.0733078,30.9167,11.9987,65.3135
0.0563179,0.0888757,0.0988201,27.0422,12.1273,65.321
0.0592606,0.06455,0.158477,22.3878,13.1507,65.3264
0.0574317,0.06833,0.121072,25.7314,12.7313,65.3306
0.0581787,0.0615157,0.100206,24.7368,11.325,65.3345
0.0546966,0.0952959,0.100202,30.2205,13.9541,65.336
0.0557091,0.0872689,0.101815,28.2746,12.0015,65.3425
0.0597951,0.0741375,0.155922,21.9619,12.3231,65.3576
0.0592792,0.0616677,0.158492,22.8319,13.6459,65.3577
0.0588223,0.0383627,0.124501,23.4126,13.9486,65.3621
0.0607478,0.0176973,0.130028,20.6752,11.5811,65.3724
0.0572962,0.093826,0.135144,25.6667,13.2153,65.3772
0.0598102,0.0588014,0.156768,21.8214,12.9875,65.3843
0.0579004,0.0168758,0.0800119,25.1959,11.2425,65.3848
0.0585847,0.0786398,0.112321,23.1889,11.6998,65.3993
0.058439,0.0967943,0.139869,23.9991,12.8113,65.3996
0.0607618,0.0245623,0.14055,20.7421,11.9629,65.4035
0.0583274,0.0116768,0.126609,24.3693,13.803,65.4139
0.0587712,0.0344066,0.126754,23.6983,12.3151,65.4148
0.0550274,0.126202,0.113654,29.3213,13.4347,65.4207
0.0546148,0.01506,0.0757442,31.8683,12.1477,65.4281
0.056694,0.104586,0.131265,26.5099,13.3345,65.4339
0.0595523,0.00290994,0.135871,22.2452,13.9721,65.4344
0.059764,0.0756019,0.13356,21.0497,11.0408,65.4356
0.0570532,0.0343563,0.10919,26.0479,13.2402,65.4388
0.0596986,0.0784141,0.145821,21.1129,11.5374,65.4418
0.0590629,0.0882254,0.14706,22.8323,12.2281,65.4566
0.0583676,0.00690423,0.100042,24.4439,11.7552,65.4577
0.0568808,0.0668753,0.116704,26.1804,13.7817,65.4619
0.0548594,0.0622383,0.0934402,30.3386,13.6121,65.4659
0.0598303,0.072127,0.134435,21.9657,11.0212,65.4705
0.0577484,0.0424276,0.0786337,25.9268,10.534,65.472
0.0589501,0.03061,0.124933,23.0561,13.6816,65.4751
0.0594074,0.0364793,0.111454,22.7437,11.4202,65.4772
0.0557287,0.0048767,0.0756549,29.5107,11.8172,65.481
0.0597927,0.0641587,0.138155,21.4936,11.7215,65.4834
0.0592558,0.0628449,0.161306,22.0448,13.6442,65.4945
0.0569375,0.054745,0.122749,26.3699,13.7787,65.4962
0.0550928,0.0324198,0.0747671,30.6167,12.9282,65.4969
0.0601399,0.013582,0.157347,21.1406,13.688,65.4977
0.0607445,0.0366112,0.164597,20.4576,13.5271,65.5024
0.0622234,0.003051,0.15029,18.8196,12.3629,65.5073
0.0572842,0.0977782,0.135701,25.2822,13.5699,65.5121
0.0609118,0.0136719,0.129263,20.8057,11.4956,65.5175
0.0595025,0.0109588,0.138083,22.5507,13.4886,65.5226
0.0599964,0.0303798,0.143136,21.4963,12.9144,65.5265
0.0612442,0.0487977,0.160051,19.7478,11.516,65.5282
0.0588964,0.0207064,0.160777,23.5831,14.3464,65.5283
0.0557245,0.0240179,0.0706046,29.5987,11.6939,65.5296
0.0544531,0.136304,0.113289,30.8487,13.5518,65.5301
0.0607984,0.0133705,0.152468,20.3364,12.9178,65.5387
0.0547753,0.0758609,0.0922636,30.862,12.9178,65.5439
0.0579174,0.0044491,0.0981692,25.7844,13.3071,65.544
0.0621437,0.0232768,0.15813,18.2557,11.4809,65.548
0.056932,0.0601096,0.101457,26.163,12.3692,65.5515
0.0594564,0.0283223,0.109461,22.8274,11.6252,65.5517
0.0582208,0.0262457,0.116969,24.6113,12.7141,65.5573
0.0568626,0.0673706,0.14006,26.1891,14.5388,65.5592
0.0602193,0.0204291,0.124213,21.3115,11.8736,65.5651
0.0561609,0.0157644,0.0884095,28.9119,13.4121,65.5688
0.0592857,0.0606831,0.159741,22.5114,13.3243,65.5737
0.0578238,0.00181454,0.104731,25.4086,12.2434,65.5771
0.054665,0.115038,0.081447,30.9668,11.1626,65.5778
0.0553843,0.0770652,0.0768617,29.1214,11.4499,65.5784
0.0579199,0.0194595,0.0715165,25.7912,9.63741,65.5787
0.060279,0.0165283,0.114632,21.4221,12.1793,65.5828
0.0593869,0.0339948,0.125575,22.2002,12.3273,65.583
0.0573451,0.0964836,0.122686,25.4589,12.1171,65.588
0.0621274,0.0103495,0.158818,18.4406,12.324,65.5885
0.0571018,0.037274,0.0995205,26.1492,13.5994,65.5919
0.0571272,0.0397395,0.0792302,26.5014,10.9461,65.6004
0.0612864,0.0373263,0.140153,19.5632,11.5361,65.601
0.0542565,0.0891171,0.0814141,31.3685,11.509,65.6019
0.057069,0.0588256,0.0938825,26.747,11.1856,65.6111
0.0589398,0.0139198,0.160723,23.9311,14.3796,65.6112
0.0580646,0.0746449,0.100525,24.8185,11.8805,65.6142
0.0580823,0.0655151,0.150462,24.963,14.3306,65.6166
0.0565837,0.0288752,0.110965,27.4484,14.2642,65.6192
0.0586084,0.0725163,0.152938,23.4181,13.0152,65.622
0.0592778,0.0598192,0.161207,22.6737,13.5878,65.6271
0.0540927,0.0514635,0.06063,32.07,10.5281,65.628
0.0573364,0.0059319,0.0944478,26.8117,13.1809,65.6287
0.0585703,0.0780848,0.112594,23.4746,11.902,65.6314
0.0611921,0.0405737,0.15943,19.685,11.4914,65.6375
0.0557889,0.0922336,0.0816653,28.6683,10.8878,65.6387
0.0568422,0.0783477,0.142963,26.817,14.9633,65.6408
0.0612339,0.0374905,0.163681,19.3277,11.1658,65.6414
0.0574166,0.0681249,0.14974,25.8098,14.5764,65.6473
0.0583196,0.0236661,0.118516,24.2948,12.7591,65.654
0.0600412,0.0224204,0.139357,21.5007,12.2108,65.6555
0.0585326,0.0751195,0.120109,23.1486,11.7134,65.6575
0.0562923,0.00108562,0.0784383,28.125,11.534,65.6633
0.0552645,0.0821887,0.0835497,29.9022,11.2114,65.6638
0.0614981,0.0208031,0.140814,19.6673,12.3555,65.6688
0.0613697,0.0125562,0.161141,19.6586,12.958,65.6697
0.0572078,0.105128,0.130641,25.1676,12.84,65.6698
0.0564744,0.0666632,0.0822447,27.354,11.4236,65.6735
0.0605844,0.0531592,0.163924,20.7722,12.8341,65.6771
0.0562227,0.0883663,0.112976,27.391,12.9934,65.6774
0.0601796,0.0215032,0.142224,21.0082,12.336,65.6827
0.0587145,0.0476392,0.109354,23.3239,11.6456,65.6829
0.0571498,0.0221364,0.104082,26.7576,12.1923,65.69
0.0593939,0.0262958,0.130688,22.5214,12.4427,65.692
0.056648,0.106361,0.123347,26.1997,12.2346,65.6962
0.0607038,0.029113,0.15894,20.5981,13.7205,65.703
0.0565331,0.047745,0.101258,27.6102,13.6502,65.7038
0.0561638,0.00819247,0.0813169,28.0391,11.5991,65.7042
0.0535738,0.127646,0.0883582,32.6005,12.1717,65.7042
0.0587733,0.0319467,0.118434,23.1266,12.8885,65.7059
0.0571496,0.116384,0.120997,25.2919,11.7136,65.7092
0.0614945,0.0267562,0.134595,19.0798,11.649,65.7116
0.0613745,0.028775,0.15655,19.3888,11.9188,65.7169
0.0539612,0.156182,0.086283,31.8082,11.8022,65.7264
0.0582945,0.0302714,0.132856,24.962,13.6985,65.7267
0.0590549,0.0249492,0.0844857,23.3134,10.3185,65.7274
0.0567966,0.0765899,0.129087,26.1723,13.1087,65.7278
0.053962,0.0751641,0.0679019,32.0288,11.3221,65.7288
0.05961,0.0231227,0.123808,22.3568,12.3765,65.7293
0.0542304,0.0988646,0.0825997,31.5675,11.0067,65.7369
0.0600255,0.0477929,0.145458,21.7098,12.99,65.7377
0.0583888,0.0380063,0.0862734,24.8926,10.6227,65.7397
0.0576921,0.123017,0.12493,24.2265,11.2717,65.74
0.056123,0.103231,0.124478,27.552,13.9704,65.7446
0.0592853,0.0565783,0.14595,22.6992,13.9571,65.7457
0.0540505,0.0506191,0.0649597,32.1796,11.5194,65.7466
0.0553965,0.0829694,0.0707078,29.7738,10.0392,65.7468
0.0602501,0.00459566,0.158531,21.0689,13.0765,65.7489
0.0558641,0.0617563,0.099379,28.5928,13.9848,65.7524
0.0562644,0.103103,0.0882752,27.6465,10.9469,65.7548
0.0589857,0.0210286,0.100229,23.9031,12.9674,65.7556
0.0589798,0.0248641,0.091432,23.5732,11.7113,65.7565
0.0589542,0.00144224,0.147808,23.127,14.2574,65.7569
0.0629121,0.0159533,0.165073,17.8318,11.3211,65.7639
0.0567565,0.103673,0.107885,26.038,12.8653,65.7642
0.0556454,0.104976,0.12067,28.7377,13.2579,65.7674
0.0555579,0.116876,0.100105,28.1993,11.5862,65.7702
0.0588385,0.0487337,0.120642,23.0588,12.8495,65.7764
0.0592435,0.0569234,0.164021,22.7912,13.0758,65.7765
0.0559868,0.130103,0.121156,27.7629,12.4857,65.7808
0.0580388,0.0648344,0.161673,24.2397,14.2695,65.7809
0.0555467,0.125297,0.102238,28.952,11.4762,65.7888
0.0569641,0.0691926,0.0891332,26.791,11.403,65.7895
0.0548391,0.0577541,0.0892175,30.2777,12.6494,65.7932
0.0620739,0.01879,0.138679,18.0115,10.6119,65.7953
0.0570773,0.0451362,0.107403,26.6753,12.0509,65.7971
0.0559835,0.0418812,0.104959,28.4538,13.7949,65.798
0.0541879,0.0184008,0.0708842,32.8435,12.5248,65.7981
0.059399,0.0431824,0.134274,22.3934,13.8008,65.7996
0.0532977,0.105732,0.0744698,33.7995,11.518,65.8092
0.0578305,0.00821194,0.113608,25.9948,14.2586,65.8096
0.0590421,0.0222149,0.103326,23.5525,12.2321,65.8146
0.0579867,0.0796172,0.132403,24.9174,13.0586,65.8149
0.0551132,0.00643238,0.0851951,30.1461,13.6926,65.8154
0.0578118,0.00644388,0.107313,25.357,12.2271,65.8159
0.0593554,0.0534373,0.121058,22.2534,12.9848,65.8174
0.0583789,0.0257211,0.107648,24.3171,13.2065,65.8178
0.0561491,0.021611,0.0903311,28.8796,13.4857,65.8182
0.0543357,0.172782,0.0968542,30.7425,11.1788,65.8214
0.0559336,0.0430659,0.0988122,28.5287,13.9765,65.8265
0.0581961,0.0382478,0.135703,24.2378,14.1202,65.8308
0.0584216,0.0192146,0.0909964,24.2419,10.2296,65.8332
0.0607418,0.0158234,0.13672,20.2424,11.979,65.8349
0.0553187,0.0605666,0.103113,29.3996,13.5885,65.8349
0.0546412,0.0189638,0.0762645,31.8637,12.0533,65.836
0.0591658,0.079749,0.134684,22.8021,11.1325,65.8365
0.0561052,0.0322968,0.0706664,28.6403,10.1326,65.8371
0.0595452,0.0978012,0.159256,21.3605,11.3756,65.8374
0.0602673,0.0208739,0.127319,21.0163,12.7505,65.8428
0.0572494,0.0120399,0.101325,26.3681,12.7998,65.8438
0.0553186,0.071571,0.0954885,29.849,13.4022,65.8516
0.0587554,0.0519097,0.126498,23.1765,13.643,65.8527
0.0545704,0.0495899,0.0660298,31.9804,10.6323,65.8542
0.0569269,0.0620926,0.101939,26.5186,11.8846,65.8548
0.0536326,0.124864,0.0884886,32.0995,12.1794,65.8568
0.0567068,0.0431257,0.0679702,27.6099,9.47522,65.8581
0.0537484,0.0373824,0.0573208,33.8207,10.044,65.859
0.061941,0.0432983,0.142388,18.4631,10.0974,65.8595
0.0528944,0.172077,0.0964943,33.0506,12.6061,65.8606
0.0555097,0.0537162,0.0724292,29.5493,11.683,65.8607
0.0572801,0.0312292,0.0796555,26.2512,10.7996,65.8644
0.0629987,0.00776894,0.162432,17.5096,12.9686,65.8647
0.0589181,0.026118,0.0990634,23.0926,10.9458,65.8694
0.0611471,0.064599,0.158594,19.0169,11.3462,65.8725
0.0616472,0.00442453,0.15208,19.083,12.2187,65.8728
0.0580529,0.0513188,0.12448,24.1445,12.9491,65.8737
0.0567752,0.0178904,0.0685772,27.8788,10.7766,65.8746
0.0587687,0.0386597,0.149713,23.4371,14.4237,65.8747
0.0579745,0.0798531,0.147501,24.3478,13.9671,65.8889
0.0568457,0.0833626,0.138801,26.8379,14.496,65.8894
0.0571087,0.0381447,0.0851768,26.001,11.5859,65.8931
0.0588833,0.0170931,0.110882,23.0612,11.817,65.8942
0.0585674,0.0702995,0.157991,23.1235,13.5517,65.8947
0.0562569,0.0801203,0.124616,27.943,13.2562,65.8967
0.0559528,0.0440288,0.114145,28.9477,14.9496,65.8984
0.0596568,0.0145533,0.116157,22.4433,13.2736,65.8994
0.0574887,0.0692836,0.145554,25.9638,14.5863,65.9058
0.0561497,0.00815166,0.0782278,28.0409,11.8047,65.9145
0.0600927,0.0272288,0.147314,21.051,12.4072,65.9182
0.0553702,0.0049054,0.0614558,30.2898,10.5144,65.9199
0.0569387,0.0551174,0.112054,26.0613,12.0752,65.9209
0.0589754,0.0282362,0.0908108,23.9217,11.4115,65.9254
0.0568202,0.0893517,0.0910342,26.5273,10.6189,65.9261
0.0571809,0.0137464,0.113938,26.8679,13.5513,65.9289
0.0560108,0.138039,0.120456,27.4911,12.1462,65.9316
0.0591422,0.070539,0.164653,22.8777,13.3025,65.9352
0.0540412,0.068563,0.0599585,32.2397,10.7223,65.9438
0.059645,0.0794478,0.148539,21.1677,11.5079,65.9487
0.0565,0.0532282,0.0776433,27.7033,10.1761,65.9495
0.0580432,0.0627677,0.129747,24.384,12.0597,65.9521
0.0572287,0.100401,0.117367,25.2687,11.7185,65.9553
0.0541101,0.0178573,0.0733728,32.2555,12.0218,65.9571
0.0550144,0.131752,0.115194,29.1926,13.7473,65.9577
0.0582844,0.118838,0.137558,23.1653,11.3068,65.9582
0.0578942,0.0199822,0.0746287,25.1741,9.59975,65.9591
0.0564559,0.0557242,0.11851,27.9954,14.2626,65.9596
0.0568074,0.0719542,0.127415,26.8724,13.2573,65.9643
0.0582928,0.029263,0.0997357,24.5664,12.8097,65.971
0.0623151,0.00751957,0.116232,18.3292,10.639,65.9713
0.0566434,0.0382572,0.0868584,27.4451,12.6532,65.9713
0.0622055,0.0104833,0.162523,18.907,11.005,65.972
0.06048,0.0659401,0.129559,20.571,10.0255,65.9729
0.0555269,0.0349508,0.0877383,29.2854,13.0375,65.9731
0.0561317,0.113879,0.118164,27.1176,12.8849,65.9734
0.057418,0.0764426,0.124889,25.4338,12.041,65.9738
0.0570616,0.0492824,0.0806927,26.2933,10.4339,65.9747
0.0558134,0.0696998,0.0924893,28.6662,11.7051,65.9778
0.0558766,0.0039968,0.0643921,29.4856,10.1531,65.9796
0.0593334,0.0446635,0.14292,22.8126,12.8128,65.9814
0.0588543,0.0334106,0.129182,23.9757,12.5355,65.9828
0.0584002,0.0308578,0.0867258,24.823,11.6359,65.9835
0.0584596,0.0879332,0.148705,23.8166,12.7096,65.9836
0.0579964,0.0148188,0.0771942,25.4549,10.6319,65.9866
0.061555,0.0117243,0.126613,19.4705,10.8638,65.9987
0.0606368,0.0374198,0.162635,20.8691,13.5871,66.002
0.0600056,0.051466,0.115516,21.6605,10.569,66.0048
0.0614247,0.035588,0.15778,19.975,12.3569,66.0108
0.0557748,0.0732357,0.0962465,28.3199,12.0456,66.0113
0.0582201,0.0314617,0.138234,24.4084,13.9156,66.0119
0.0619816,0.0209944,0.162416,18.7238,11.2348,66.0141
0.0562941,0.0838623,0.126382,27.4479,14.971,66.0148
0.0533434,0.0844517,0.0775821,33.7823,12.5657,66.0149
0.0525097,0.0875743,0.0633058,35.4371,11.5747,66.0149
0.0611706,0.0616236,0.161323,19.3444,11.0053,66.0162
0.0558032,0.0755452,0.121174,28.2148,14.0142,66.024
0.0590567,0.0196694,0.0998522,23.1349,12.4718,66.0253
0.0560362,0.0368026,0.088263,28.8133,13.3081,66.0261
0.0560706,0.0262351,0.103802,28.0553,14.2174,66.0265
0.0603489,0.000809206,0.151778,21.7493,13.4967,66.0369
0.0628205,0.0166224,0.149964,17.2426,10.859,66.039
0.0566053,0.0233185,0.107654,27.3545,14.5122,66.0405
0.0561329,0.0148194,0.0866208,28.4292,13.0204,66.0436
0.0606844,0.0475396,0.114856,20.7962,10.4141,66.045
0.0571727,0.113729,0.143267,25.5865,13.42,66.0467
0.05556,0.120435,0.103359,28.408,12.7849,66.0492
0.0573698,0.0808548,0.158345,25.4517,14.5915,66.0524
0.0557229,0.0849325,0.0969856,28.6961,12.068,66.0606
0.0595008,0.0169237,0.133297,22.0018,12.1223,66.062
0.0621347,0.0291943,0.15043,18.9292,11.9053,66.0706
0.0591456,0.0862788,0.130069,22.6736,11.1621,66.0713
0.0594295,0.029514,0.134242,22.5438,13.5688,66.0746
0.0578402,0.104461,0.111975,24.6872,11.5005,66.0779
0.055051,0.114999,0.128435,29.9958,14.6599,66.0833
0.055673,0.00152168,0.0838821,29.0169,13.4306,66.0842
0.053718,0.0203595,0.0644401,33.6295,11.5756,66.0851
0.0581417,0.0511633,0.107403,24.0691,12.9855,66.086
0.0591838,0.0610597,0.133067,22.8838,11.8728,66.0943
0.0565566,0.130443,0.131759,26.263,12.0013,66.0946
0.0557612,0.0259823,0.0612508,29.2151,9.19577,66.0978
0.0538661,0.0715277,0.0820257,32.7037,12.136,66.0986
0.0567761,0.000973188,0.0797476,27.119,12.8334,66.1
0.0542903,0.0251019,0.0543266,32.7937,10.2413,66.1046
0.0573512,0.0278573,0.070128,26.6031,9.256,66.1067
0.0535857,0.136152,0.0786128,32.6523,11.5001,66.107
0.0586641,0.0546713,0.154971,23.6169,13.1766,66.1094
0.0581735,0.039695,0.117721,24.1266,13.8575,66.1109
0.0543802,0.0797337,0.0773264,31.7984,11.4641,66.1109
0.0536563,0.11362,0.0781236,32.1537,11.9448,66.1148
0.0545711,0.116107,0.0870453,30.0368,11.8487,66.1159
0.0540311,0.131964,0.104135,31.6153,13.4808,66.1211
0.0607161,0.0258971,0.155533,20.0589,13.571,66.126
0.0551603,0.097395,0.121925,29.4085,14.0832,66.1288
0.056544,0.0260888,0.0934449,27.0089,12.2384,66.1293
0.0576933,0.0314328,0.119368,25.2442,14.1124,66.1301
0.0592037,0.000912657,0.0889688,23.9404,10.5014,66.1312
0.0607779,0.0100817,0.154655,20.5232,13.3475,66.1326
0.0587569,0.0416983,0.100113,23.4687,10.6489,66.1367
0.0568453,0.00265245,0.0706128,27.3759,11.7755,66.1383
0.0613936,0.00644502,0.143558,19.0199,11.6882,66.1388
0.060121,0.0171838,0.140497,21.9141,13.4357,66.1409
0.0531894,0.0281007,0.0628716,34.012,11.8247,66.141
0.055573,0.0176058,0.0947233,29.1084,13.093,66.1433
0.0571651,0.00956195,0.123988,26.9833,14.652,66.1435
0.0561469,0.0324923,0.0814339,28.2619,12.2872,66.1455
0.0590052,0.0863777,0.14208,22.6218,11.2155,66.1465
0.0543532,0.161941,0.116869,30.2694,13.0218,66.1479
0.0565498,0.0268745,0.0876267,27.4945,11.3136,66.1498
0.0591363,0.0810033,0.118192,22.5994,10.8054,66.1602
0.0575795,0.0436927,0.110796,25.3726,13.5572,66.1602
0.0566419,0.0135845,0.0931959,27.8555,13.8667,66.1622
0.0552226,0.0384577,0.0591308,30.0946,10.3892,66.1625
0.0531544,0.123282,0.076589,33.4123,11.3752,66.1639
0.0600468,0.0228781,0.14643,21.5921,12.5882,66.1662
0.0609557,0.00941443,0.134274,20.2568,13.4552,66.1677
0.05527,0.100466,0.0806256,29.9493,11.4324,66.1723
0.0552124,0.106058,0.0814571,29.8138,10.4579,66.1727
0.0628567,0.0258381,0.158338,17.7887,11.1599,66.1731
0.0568921,0.05506,0.122325,26.725,13.1295,66.1745
0.0626804,0.0350488,0.156281,17.7829,10.2339,66.1807
0.0538519,0.162992,0.116612,31.2859,13.5189,66.1821
0.0564154,0.151476,0.138699,26.7534,12.5378,66.1839
0.0564252,0.0627924,0.106577,27.2354,12.4331,66.1852
0.0588906,0.0274462,0.0969717,23.4054,11.7056,66.1894
0.061682,0.00775552,0.119508,19.8517,11.9491,66.1913
0.0564998,0.137135,0.145481,26.1857,13.3202,66.2005
0.0553241,0.0664762,0.112235,29.6952,14.0884,66.2019
0.0575565,0.13864,0.137913,24.634,11.2397,66.2028
0.0556909,0.0402734,0.0665909,29.5102,10.9448,66.2071
0.0577841,0.0259751,0.106128,25.1253,12.6519,66.2128
0.0586672,0.0520735,0.154159,23.4207,13.2875,66.214
0.0573116,0.00356186,0.10706,26.6714,14.3268,66.2144
0.0602671,0.0155147,0.125311,21.2175,13.7133,66.219
0.0563939,0.0612096,0.132909,27.4524,14.6537,66.2195
0.0567084,0.0419378,0.0691639,27.3423,9.28106,66.2234
0.0607922,0.0188074,0.108169,20.3161,10.4903,66.2237
0.0535654,0.132917,0.0855029,32.703,12.6994,66.2268
0.0615662,0.0164803,0.15698,19.4962,13.5854,66.2273
0.0566652,0.0989676,0.131022,26.2025,13.9268,66.2315
0.0549095,0.0688949,0.0734312,30.1399,10.2034,66.2327
0.0588178,0.0293284,0.0967377,23.1229,10.3599,66.2338
0.0596556,0.00256471,0.114932,22.5782,13.4194,66.2343
0.0589977,0.101579,0.160388,22.4218,12.0682,66.2415
0.0562222,0.091886,0.113092,27.3024,13.3297,66.2451
0.0542949,0.0230403,0.0586702,32.6951,10.3802,66.2472
0.0574921,0.0486869,0.146851,25.2028,14.9101,66.2552
0.0591921,0.0117563,0.0730009,23.5372,9.7571,66.2555
0.0596864,0.0919012,0.141397,21.0772,11.9933,66.2557
0.0619995,0.015749,0.165288,18.8302,11.781,66.2566
0.0532904,0.0938491,0.0740912,33.2882,11.5545,66.2577
0.057908,0.0854446,0.138475,24.5941,12.8324,66.2594
0.0552958,0.0690288,0.111115,29.9468,14.5037,66.2607
0.0535926,0.119911,0.0990072,32.8042,13.2875,66.2609
0.0592855,0.062857,0.142719,22.2221,13.5124,66.2614
0.058803,0.050118,0.107901,23.673,12.4875,66.2618
0.0568548,0.079773,0.145473,26.3728,14.1747,66.2621
0.0596853,0.0714661,0.148809,21.6493,11.6431,66.2625
0.0553694,0.0449413,0.100163,29.2619,13.1924,66.2625
0.0535936,0.124076,0.0958071,32.6302,13.6245,66.2628
0.0614238,0.0231433,0.13123,19.5493,10.5832,66.264
0.0558225,0.164964,0.133644,27.9431,12.7652,66.2644
0.0600901,0.0165649,0.164058,21.8743,13.1113,66.2694
0.0635847,0.00676428,0.159859,16.4324,10.0132,66.2748
0.0561734,0.0912915,0.101644,27.0098,11.2613,66.2794
0.0622054,0.0069635,0.165263,18.4266,11.2295,66.2815
0.0567393,0.0827338,0.131873,26.7201,13.2504,66.2834
0.05651,0.0555025,0.0806538,27.8929,11.9036,66.2874
0.0559087,0.049084,0.120341,28.3543,14.2261,66.2887
0.0557405,0.0775834,0.0976608,28.3899,12.5886,66.2942
0.0603691,0.0828476,0.156858,20.6956,11.1233,66.2955
0.0570631,0.0333159,0.117363,26.5033,14.2106,66.2958
0.0535261,0.0636751,0.0633343,33.1611,11.5602,66.2999
0.0580658,0.0794892,0.1077,24.6568,11.4266,66.3008
0.0534969,0.135702,0.0948377,32.0178,12.409,66.3014
0.0577767,0.107561,0.148369,24.8043,13.4338,66.302
0.06008,0.0429489,0.141728,21.6128,12.3727,66.3024
0.0589913,0.0882947,0.165042,22.9442,12.0516,66.3055
0.053396,0.0124215,0.0569193,34.7743,11.3168,66.3065
0.0577032,0.111114,0.126449,24.4371,11.7291,66.3072
0.0550735,0.00937187,0.0803663,30.0843,12.0591,66.311
0.054512,0.0307139,0.0755442,31.7462,12.2884,66.3118
0.0596103,0.0966679,0.158063,21.0905,11.7474,66.3126
0.0554529,0.0381568,0.10296,29.5327,14.6909,66.314
0.0585599,0.0740206,0.141307,23.4845,13.6617,66.3142
0.057366,0.0716822,0.107565,25.1181,11.5552,66.3308
0.0562659,0.0041277,0.0796531,28.9534,13.9903,66.3341
0.0599875,0.0284138,0.123355,21.3023,11.4527,66.3342
0.0588502,0.0487305,0.110419,23.6785,12.7338,66.3356
0.0579279,0.00450482,0.0827327,25.6504,12.0632,66.3363
0.0598232,0.0674501,0.162395,21.2246,13.8559,66.3373
0.0615775,0.013295,0.105977,19.9156,9.70923,66.3388
0.058184,0.0305704,0.102287,24.4107,11.4026,66.3427
0.0573329,0.0757204,0.133081,25.4034,13.6541,66.3431
0.05743,0.079954,0.0900966,25.7103,10.28,66.351
0.0606574,0.0326507,0.147876,20.0055,11.53,66.3522
0.0547854,0.0797927,0.100185,30.1858,13.9789,66.3532
0.0566244,0.0181458,0.0868791,27.7683,12.4059,66.3541
0.0588523,0.0379807,0.128591,23.4495,12.2736,66.3548
0.0579465,0.0197861,0.0675586,25.5139,9.60205,66.3583
0.053839,0.180691,0.0933528,31.372,11.2646,66.368
0.060385,0.0730626,0.13351,20.1823,10.3172,66.3702
0.0533483,0.106647,0.066038,33.7509,10.2936,66.3733
0.059334,0.0396061,0.162633,22.4608,13.6125,66.3739
0.0583067,0.00546036,0.124228,24.1757,13.0813,66.3742
0.0580441,0.0505177,0.12011,24.6931,12.4344,66.3754
0.0583581,0.00721868,0.124225,24.8362,14.5699,66.3778
0.0572846,0.0329892,0.0782708,26.5019,11.8265,66.3851
0.0547023,0.105689,0.0915444,30.5617,12.1231,66.3856
0.0620928,0.0219794,0.1528,18.305,12.1942,66.3858
0.0612632,0.0402054,0.137015,19.0215,10.6614,66.3868
0.0591823,0.00399027,0.0728039,23.1361,9.20222,66.3939
0.0605119,0.0675072,0.145742,20.0904,11.3636,66.395
0.0534657,0.058283,0.0677459,33.2179,11.92,66.3963
0.0550798,0.106975,0.122774,29.3063,14.4804,66.4002
0.0561267,0.0366764,0.0801646,28.0657,12.9504,66.4004
0.0587183,0.0631723,0.155323,23.2154,14.0292,66.4065
0.055887,0.151924,0.141921,27.6844,13.8162,66.4099
0.0595167,0.0216919,0.137543,22.9479,12.0446,66.4128
0.058426,0.0109739,0.139449,24.4282,14.1073,66.4129
0.0559133,0.0739787,0.0881697,28.8565,11.259,66.4166
0.0594956,0.0118095,0.101857,22.9652,10.4005,66.417
0.0606093,0.0465968,0.138872,20.198,12.7107,66.4172
0.0576252,0.0428256,0.0848473,25.8394,10.6347,66.4185
0.053347,0.181623,0.0962285,32.9995,12.3809,66.4197
0.0573585,0.00600837,0.0896128,26.8316,13.9507,66.4209
0.0570715,0.136977,0.126462,25.2482,11.0578,66.4222
0.056616,0.0280571,0.108947,27.9845,13.6855,66.4315
0.0629092,0.0040903,0.133131,17.5867,10.8326,66.4322
0.0581684,0.0638583,0.108586,24.0218,12.952,66.4326
0.0540738,0.0306249,0.0760618,32.4742,12.6403,66.4357
0.0532261,0.117982,0.0792084,33.3234,12.9554,66.4399
0.0573013,0.102285,0.101074,25.2278,11.8199,66.4406
0.0606773,0.0371372,0.121124,20.8339,11.6054,66.442
0.0617843,0.0603684,0.16588,18.1358,11.8569,66.4427
0.0606345,0.0491322,0.164813,20.1387,13.3537,66.446
0.0574529,0.0555629,0.112905,25.4504,12.0053,66.4502
0.0559645,0.0723253,0.0784349,28.0787,11.9427,66.4533
0.0594266,0.120576,0.162682,21.0292,11.1593,66.4578
0.0605638,0.0321076,0.153316,20.8338,12.709,66.458
0.0598785,0.0408975,0.13243,21.9072,11.438,66.4599
0.0540954,0.104314,0.101997,31.5571,13.7942,66.463
0.0575113,0.0807577,0.0919359,25.305,10.0447,66.463
0.0618427,0.0500428,0.150472,18.0534,10.0546,66.4646
0.0596524,0.0972668,0.146577,21.3196,11.2034,66.4701
0.0591125,0.0913354,0.134025,22.172,11.0733,66.4807
0.0572974,0.00442279,0.0787717,26.1816,11.9845,66.4826
0.0590344,0.00644196,0.0907939,23.2275,11.9147,66.4835
0.0610006,0.0795612,0.163238,19.6316,11.8385,66.4851
0.0584852,0.0874408,0.150142,23.8404,12.5662,66.4852
0.0543478,0.157044,0.104165,30.2709,12.2943,66.4853
0.0587723,0.028819,0.131617,23.397,13.8,66.4855
0.0528007,0.109144,0.075392,34.4123,12.3431,66.4856
0.0571207,0.0411459,0.0883579,26.5074,12.6779,66.4868
0.0608818,0.0220095,0.109922,20.4029,11.5766,66.4895
0.0577087,0.0121409,0.101632,25.8593,12.2684,66.4905
0.0601671,0.030346,0.155945,21.0726,13.2681,66.4924
0.0544062,0.14792,0.11103,30.7433,13.6358,66.496
0.0590432,0.0287201,0.0839899,23.9936,10.2269,66.4968
0.0613298,0.047236,0.156729,19.2712,12.2487,66.4998
0.0622055,0.00373785,0.138642,18.781,10.8674,66.5038
0.0630425,0.00795728,0.162315,17.1742,12.4445,66.5047
0.0572894,0.0054976,0.0887844,26.3793,13.0684,66.5047
0.0589411,0.0257509,0.139921,23.7355,13.5901,66.5055
0.0568743,0.155917,0.151768,25.9791,12.8982,66.5086
0.0626748,0.0328698,0.152412,17.2699,10.7991,66.5091
0.0546516,0.0988618,0.0836894,30.6842,11.2335,66.5114
0.0573297,0.0747254,0.135085,25.2984,13.6815,66.5116
0.0598534,0.0540848,0.127249,21.8408,11.9286,66.5123
0.0592561,0.0513243,0.147896,22.4242,13.2877,66.5126
0.0608035,0.0131736,0.119274,20.2138,10.9119,66.514
0.055845,0.0590228,0.10065,28.249,13.8136,66.5164
0.0601623,0.0368501,0.125798,21.2159,12.7945,66.5165
0.0620409,0.0420348,0.149849,18.5394,11.4646,66.5182
0.060371,0.0149046,0.0977794,21.4101,10.8121,66.5191
0.0579429,0.0904542,0.103321,24.4014,11.191,66.529
0.0577434,0.105943,0.134114,24.7856,12.1137,66.5297
0.0602175,0.0139848,0.126822,21.1757,13.6715,66.5297
0.0582004,0.0543944,0.114652,24.909,13.8218,66.5312
0.0562605,0.109774,0.0835334,27.6715,10.8944,66.5315
0.0597749,0.0630715,0.1495,21.6745,11.7236,66.5323
0.0575646,0.130838,0.156574,24.996,12.3885,66.5326
0.0549841,0.119262,0.118863,29.6211,13.6015,66.5345
0.0563647,0.164467,0.124773,26.2271,11.3698,66.5359
0.0538244,0.170318,0.109271,31.1715,12.0665,66.5373
0.0558763,0.0629452,0.0882294,28.2722,12.2745,66.5445
0.0562862,0.00878268,0.0642689,28.8063,10.5688,66.5468
0.0530228,0.146382,0.0866598,33.0662,12.537,66.5537
0.0537077,0.198558,0.0978098,31.5113,11.3259,66.556
0.0591143,0.00220815,0.132124,23.9334,14.473,66.5566
0.0526858,0.0450322,0.0620218,35.9242,11.8834,66.5575
0.0521906,0.142832,0.0800247,35.756,12.6999,66.5591
0.057421,0.0791225,0.0972985,25.2326,11.7316,66.5595
0.0574172,0.0850303,0.0954487,25.3513,11.7769,66.561
0.0529293,0.164055,0.0914085,33.3243,12.2771,66.5617
0.0621428,0.0303751,0.128643,18.9735,10.8059,66.5621
0.0588593,0.0365838,0.165589,23.917,14.3642,66.5639
0.058405,0.00397394,0.103049,24.8951,13.8742,66.5639
0.0589778,0.0200019,0.129778,23.7121,14.2743,66.5639
0.0560547,0.136839,0.0909464,27.7535,10.8186,66.5651
0.0549791,0.120582,0.10856,29.6135,12.2742,66.5663
0.0539028,0.0893851,0.0681954,32.771,11.8476,66.5699
0.0557712,0.077295,0.11438,28.9345,14.7752,66.5762
0.056654,0.0993192,0.110117,26.9254,11.5355,66.5762
0.0588057,0.0296802,0.0960101,23.7735,10.5121,66.5765
0.0605879,0.0580346,0.144348,20.0076,11.4728,66.5767
0.0594635,0.0194062,0.13614,22.6743,12.9099,66.5773
0.0589906,0.103684,0.151,22.1232,12.3174,66.5779
0.0581522,0.0317775,0.134378,24.9986,13.787,66.581
0.0549041,0.0640286,0.0709319,30.3893,10.6292,66.5819
0.059034,0.101516,0.150918,22.804,12.4101,66.5836
0.0583462,0.0145189,0.104872,24.4277,13.9915,66.5855
0.0541735,0.00976313,0.0676368,32.5683,12.0869,66.5857
0.0571097,0.0316563,0.0976869,26.7469,13.6889,66.5862
0.060768,0.0291243,0.126363,20.9259,12.9487,66.5898
0.0577957,0.0264976,0.112424,25.604,13.7627,66.59
0.0588839,0.100697,0.144624,22.7207,11.3621,66.5908
0.0534404,0.0889198,0.0648073,33.2049,10.1069,66.5921
0.0579674,0.00949029,0.0750534,25.5131,11.1457,66.5922
0.0637508,0.00595,0.142796,16.8333,10.6817,66.5926
0.054257,0.041575,0.0555719,32.1752,10.7508,66.5926
0.0601102,0.0267428,0.135161,21.1733,13.3471,66.5934
0.0593851,0.0221644,0.149992,22.1582,13.8066,66.5936
0.0603123,0.0828551,0.147415,20.4773,11.8751,66.5942
0.0583941,0.0203817,0.0792355,24.3987,9.97156,66.5951
0.0518196,0.138697,0.0676325,36.2183,11.8997,66.5965
0.0559664,0.0345708,0.118028,28.7368,14.0933,66.5998
0.0594426,0.0479832,0.145547,22.0922,13.9003,66.6015
0.0554437,0.0577802,0.0702701,29.1354,10.0028,66.602
0.0576819,0.02969,0.102377,25.0432,13.7694,66.6038
0.0623314,0.0115769,0.153322,18.7489,12.6164,66.6061
0.0614374,0.0147886,0.127621,19.4384,11.5982,66.6068
0.0611961,0.0564549,0.160493,19.5574,12.9925,66.6085
0.0562886,0.167975,0.148353,26.9612,12.8716,66.6092
0.0589316,0.000737565,0.114097,23.6163,12.7998,66.6101
0.0557074,0.0236203,0.0655334,29.1788,11.0673,66.6123
0.059217,0.0490335,0.130997,22.7977,11.2916,66.6126
0.058098,0.0418874,0.11488,24.6255,12.2411,66.6139
0.0601238,0.00671058,0.142167,21.4095,12.4058,66.614
0.057139,0.121397,0.157179,25.3339,13.7,66.6165
0.0596513,0.0131546,0.136383,22.7917,14.5424,66.6196
0.0596116,0.085977,0.161526,21.1857,11.9343,66.62
0.0599163,0.0619214,0.10862,21.0756,10.5436,66.6203
0.0532935,0.185619,0.113683,32.8245,13.8668,66.6228
0.0547056,0.18414,0.109663,29.8711,11.9912,66.6228
0.0602232,0.0106882,0.16403,21.4718,13.5533,66.6235
0.0553696,0.0597783,0.0845328,29.4153,12.5241,66.6248
0.0576021,0.125436,0.155318,24.9668,12.1633,66.6256
0.0576989,0.0431999,0.079429,25.2449,10.517,66.6282
0.0577828,0.0166168,0.0877201,25.6194,10.264,66.6292
0.0572434,0.0127354,0.124798,26.8954,14.1978,66.6295
0.0594163,0.035682,0.109794,22.0041,10.3213,66.6329
0.0599537,0.0585927,0.13528,21.0652,11.3787,66.6338
0.0540543,0.0563797,0.0601863,32.5776,10.2852,66.6341
0.0584187,0.0271716,0.0937408,24.8558,12.5691,66.6346
0.0614698,0.00869768,0.140132,19.1408,12.7322,66.6364
0.0543909,0.0461695,0.0825608,31.6527,12.3387,66.6365
0.0578509,0.0148748,0.0852047,25.1483,12.8594,66.6384
0.0615218,0.0183051,0.133196,19.3624,12.3821,66.6408
0.0601887,0.00664413,0.163777,21.7512,13.4746,66.6447
0.0530168,0.0693181,0.0688358,34.0783,12.2428,66.6456
0.0565116,0.124565,0.131715,26.3889,12.3799,66.6476
0.0544137,0.136569,0.115291,30.6277,13.1549,66.6477
0.0569417,0.0635528,0.105404,26.3252,13.3684,66.6494
0.0607656,0.000721944,0.164755,20.226,13.0824,66.6514
0.0581455,0.0658328,0.12774,24.6274,13.6047,66.6518
0.0591883,0.0511914,0.159881,22.7154,13.9559,66.6534
0.060599,0.0320064,0.132431,20.1655,11.5312,66.6537
0.0559605,0.132058,0.117859,27.0459,12.2063,66.654
0.0572964,0.0815677,0.161968,25.7902,14.2536,66.6545
0.0546477,0.197914,0.121588,29.8616,12.0063,66.6585
0.0545055,0.0542507,0.0716841,31.0381,12.664,66.6593
0.0591184,0.0685814,0.156397,22.7478,12.4246,66.66
0.0595831,0.0107955,0.0994849,22.9423,11.9354,66.6612
0.0567519,0.0877325,0.120297,26.8071,13.482,66.6614
0.0556132,0.0302105,0.0848857,29.7909,12.5703,66.6621
0.0557708,0.0187462,0.0619798,29.4505,9.64955,66.6623
0.054976,0.120742,0.118398,29.2795,13.6874,66.6627
0.0570106,0.0549636,0.118318,26.2846,14.4806,66.6653
0.0571691,0.122003,0.139758,25.8892,13.3027,66.6665
0.0598308,0.0746797,0.125939,21.8056,11.1049,66.6667
0.0583189,0.0304071,0.143808,24.9401,14.8233,66.667
0.0523503,0.203339,0.0937431,34.797,12.4661,66.6672
0.0552533,0.0817151,0.0885141,29.1511,12.5964,66.6677
0.0530031,0.0699063,0.0688885,34.6892,12.2693,66.6688
0.0592698,0.0396351,0.12892,22.9337,11.1678,66.6703
0.0554587,0.0311572,0.0869536,29.4369,12.0947,66.6727
0.0560119,0.132255,0.148059,27.3771,14.4475,66.6762
0.057497,0.0582204,0.162643,25.7568,15.8138,66.677
0.0544783,0.0305252,0.0877108,31.7903,13.4859,66.6771
0.0604806,0.0699906,0.124009,20.7518,10.5292,66.6778
0.0571312,0.129482,0.10738,25.8936,10.7571,66.679
0.0561061,0.11532,0.136846,27.2666,13.0237,66.6826
0.0579046,0.070935,0.14599,24.6363,13.7915,66.6831
0.0609514,0.00417648,0.152499,20.0651,12.4382,66.6853
0.0568675,0.160297,0.131725,25.1354,11.1509,66.6858
0.052042,0.178269,0.077565,35.9613,11.8806,66.6858
0.0571904,0.0961403,0.130268,25.1336,12.1271,66.6874
0.0572223,0.10478,0.156355,25.3444,14.3007,66.6881
0.0612714,0.0188416,0.156184,19.8865,11.4375,66.6883
0.0562019,0.0954028,0.146287,27.1975,14.0424,66.6919
0.0582532,0.0238174,0.0960773,24.7974,11.207,66.692
0.0575244,0.0686943,0.128262,25.8833,13.3015,66.6931
0.0570357,0.052411,0.130436,26.5526,14.5125,66.6931
0.0562277,0.0915293,0.110191,27.2766,13.4902,66.6936
0.0551274,0.0324919,0.069436,30.7485,12.0024,66.695
0.0581947,0.0572829,0.102613,24.5464,12.991,66.6969
0.0550446,0.117264,0.0977516,29.5044,12.8622,66.6983
0.0528634,0.112931,0.0655293,34.5464,11.2729,66.7005
0.0591376,0.075034,0.160695,22.9589,12.4747,66.701
0.0583271,0.0135761,0.0928902,24.3057,11.007,66.7016
0.060219,0.101081,0.160589,20.004,11.8497,66.7027
0.0623922,0.00510719,0.115088,18.3187,10.0048,66.7035
0.0556763,0.108188,0.0876679,28.484,10.2114,66.7052
0.0571449,0.0427427,0.0802367,26.7625,11.27,66.7077
0.0549318,0.134858,0.100247,29.5145,11.9843,66.7116
0.0609578,0.00927875,0.0916381,20.5092,9.06867,66.7119
0.0630721,0.00557347,0.141828,17.2002,11.4303,66.7131
0.063534,0.0245195,0.154225,16.5498,10.9933,66.7161
0.0554664,0.0289534,0.0899646,29.0402,12.189,66.7223
0.0551842,0.0797864,0.105805,29.33,13.0112,66.7224
0.0553797,0.148869,0.109958,28.8703,11.7376,66.7226
0.0563571,0.0728665,0.117373,27.758,14.4577,66.7229
0.0566306,0.119778,0.155663,26.5148,14.1371,66.7235
0.0562781,0.068266,0.114508,27.5941,13.1859,66.7258
0.0546164,0.105821,0.0979728,30.5262,13.9232,66.7259
0.0601606,0.0101286,0.110721,21.4936,11.976,66.7269
0.0593237,0.0392439,0.126274,22.121,12.5345,66.7283
0.058275,0.0420075,0.083978,24.945,9.52149,66.7285
0.0531493,0.0228349,0.06916,34.0811,12.9756,66.7303
0.0612294,0.0574701,0.161787,19.1014,12.6184,66.7309
0.0526211,0.149744,0.0810145,34.1332,12.2175,66.7315
0.0582145,0.0247171,0.135358,24.6175,14.7465,66.7321
0.0595264,0.0311441,0.121258,22.0552,11.5083,66.7326
0.0583837,0.0965342,0.15703,23.789,12.2824,66.7339
0.0583906,0.0976961,0.154509,23.9612,13.0185,66.7351
0.0555049,0.04421,0.0695138,29.8838,10.2499,66.7354
0.0595418,0.00486482,0.102154,22.2489,10.7693,66.7387
0.059449,0.0474622,0.134298,22.0365,13.4209,66.7393
0.0528906,0.0842474,0.0706063,34.5414,11.5537,66.7468
0.058826,0.0226673,0.112377,23.4049,12.018,66.7474
0.0583498,0.0433224,0.0804743,24.5192,10.3939,66.7481
0.0548405,0.158153,0.142516,29.8599,14.8764,66.7481
0.0576585,0.0347053,0.165384,25.9016,15,66.7492
0.0609854,0.000750326,0.0920507,20.6681,9.01425,66.7505
0.0553403,0.061056,0.105385,29.229,14.9512,66.7506
0.0572359,0.0918847,0.164781,25.2664,14.8389,66.7535
0.0598156,0.0516603,0.147739,21.6472,12.9666,66.7549
0.0599432,0.0562429,0.106954,21.7529,10.7156,66.7555
0.0551385,0.0428928,0.0648506,30.0897,11.2495,66.7569
0.0537819,0.017699,0.0630691,33.646,11.0885,66.7572
0.0588955,0.0156777,0.135767,23.3264,14.513,66.7572
0.0575409,0.0634992,0.130185,25.277,14.7482,66.758
0.0611095,0.0616122,0.163933,19.8971,12.6132,66.7591
0.0560332,0.0168803,0.0915793,28.8166,12.3398,66.7612
0.0589667,0.0225805,0.129818,23.9791,14.132,66.7625
0.0582477,0.03577,0.108222,24.0312,13.399,66.7626
0.0590843,0.0809852,0.124586,22.7527,11.3264,66.7634
0.0592655,0.0654716,0.133963,22.5995,11.7592,66.7639
0.0594168,0.0270725,0.124709,22.1449,11.8096,66.7641
0.0607806,0.0311618,0.155057,20.6671,12.8934,66.7658
0.0599024,0.0373706,0.126802,21.7931,11.6271,66.7661
0.057487,0.0503358,0.153362,25.7402,14.6112,66.7672
0.0570461,0.135476,0.129979,25.1398,12.9436,66.7673
0.0532824,0.0914949,0.0859548,33.7809,13.2238,66.7692
0.0592992,0.0684805,0.151098,22.1603,13.4928,66.77
0.0551109,0.0589087,0.0615523,30.2006,10.068,66.7702
0.0584013,0.017642,0.114441,24.331,12.9553,66.7704
0.0568094,0.013774,0.0816506,27.1962,11.665,66.7717
0.0555705,0.00845463,0.102454,29.5228,14.415,66.7718
0.0589735,0.0314947,0.08881,23.3164,11.9778,66.7729
0.061664,0.00936226,0.0999544,19.1498,9.56538,66.7746
0.0542081,0.0921288,0.0787578,31.5258,11.2781,66.7751
0.0582891,0.0438741,0.0794849,24.0587,9.58485,66.7775
0.0555045,0.117019,0.14426,28.8792,14.8966,66.7778
0.0592163,0.0799048,0.134924,22.3767,12.7349,66.7804
0.0578873,0.0862997,0.136785,24.5709,13.521,66.7825
0.0548796,0.0435127,0.0873417,30.9604,12.8605,66.7833
0.0589993,0.102839,0.120971,22.3956,10.8976,66.7836
0.0529942,0.15376,0.0815031,33.1333,11.5341,66.7844
0.0594361,0.0321061,0.143022,22.5737,12.8884,66.7844
0.0589636,0.0250833,0.0849252,23.2721,10.4098,66.7877
0.0584482,0.0118776,0.0968084,24.9981,13.4447,66.7894
0.0620768,0.00467307,0.149659,18.8498,11.7961,66.7901
0.0576298,0.0547964,0.111489,25.8468,13.4803,66.7916
0.0568233,0.0830304,0.0899183,26.7824,10.909,66.7917
0.0566951,0.0877416,0.121015,26.0211,12.5785,66.792
0.0611038,0.0549891,0.141511,19.9244,10.0314,66.7939
0.0612357,0.0508893,0.139832,19.5926,10.2296,66.7952
0.0622606,0.0192502,0.143476,18.8206,11.4251,66.7958
0.0588692,0.0375551,0.144186,23.2182,13.1568,66.7979
0.0589813,0.0283638,0.0959198,23.2217,12.593,66.7985
0.0583783,0.0136894,0.15267,24.534,14.3679,66.8002
0.0557926,0.167236,0.149583,27.4028,13.3299,66.8021
0.059896,0.0428526,0.159252,21.5802,12.603,66.8026
0.055993,0.122381,0.150808,27.3514,14.9953,66.8028
0.0583333,0.0249089,0.094514,24.1226,12.5798,66.8051
0.0573016,0.101285,0.111359,25.2078,12.1759,66.8085
0.0534575,0.162306,0.0821091,32.0308,11.3502,66.8088
0.0552385,0.100976,0.094214,29.4809,12.0465,66.8104
0.056706,0.022143,0.0984387,27.3352,13.9945,66.8123
0.0616664,0.00338838,0.121943,19.6013,12.7326,66.8137
0.0554933,0.0705927,0.0725506,29.7312,10.6421,66.814
0.0595296,0.00198626,0.159447,22.3979,14.1926,66.8177
0.0556063,0.0531975,0.0695131,29.2749,10.1879,66.8189
0.0561346,0.109527,0.104331,27.6586,12.0435,66.8191
0.0576847,0.0462944,0.0799394,25.0703,9.27762,66.8194
0.0595367,0.0424301,0.094908,22.4306,10.0304,66.8206
0.0593673,0.0320325,0.126409,22.2867,11.5778,66.823
0.0600619,0.0393558,0.101415,21.091,10.5567,66.8265
0.0579722,0.158837,0.160051,23.0674,11.7943,66.8278
0.0576519,0.0262341,0.129733,25.9094,13.6971,66.8279
0.0577165,0.018771,0.161031,25.0524,15.398,66.8285
0.0602244,0.00932904,0.126848,21.4437,13.7816,66.8288
0.0578443,0.0884184,0.125495,24.3662,11.0756,66.8289
0.0581727,0.135999,0.137939,23.3957,11.4702,66.8299
0.0565107,0.0419066,0.0940743,27.4678,13.7313,66.8319
0.0542158,0.191667,0.11667,30.9327,12.8969,66.8327
0.0541961,0.0213061,0.0618014,32.4333,10.72,66.8337
0.0603206,0.074312,0.164688,20.946,12.9086,66.8384
0.0594851,0.0084471,0.147197,22.2474,13.4119,66.8423
0.0530787,0.13448,0.0800139,33.4801,11.0527,66.8433
0.0541791,0.191444,0.131478,30.4909,13.602,66.8488
0.0580006,0.149501,0.158361,23.5234,11.9838,66.8492
0.0543517,0.0749731,0.0889349,31.4443,13.4621,66.8497
0.0577248,0.111846,0.152134,24.5239,12.9931,66.851
0.0582924,0.0168443,0.135841,24.5247,13.482,66.8511
0.0585935,0.00899414,0.0718739,24.3427,10.7454,66.8543
0.057574,0.0712877,0.0797602,25.0807,9.76925,66.8545
0.0568036,0.0713344,0.133051,26.8838,13.66,66.8558
0.0578203,0.0249962,0.103771,25.5197,13.7699,66.856
0.0564923,0.133114,0.165722,26.8018,14.5491,66.8573
0.0589061,0.0272746,0.0941351,23.8858,11.3307,66.8596
0.0585301,0.0170933,0.0852002,24.4137,10.3678,66.8608
0.0604338,0.0623384,0.152375,20.4091,12.4224,66.8618
0.0594112,0.0497239,0.109791,22.2821,10.7376,66.8634
0.0571289,0.121041,0.112456,25.9739,11.5966,66.8668
0.0582665,0.0415898,0.13365,24.5607,14.6694,66.8681
0.0567167,0.0832374,0.119327,26.4306,12.5538,66.8708
0.0611879,0.0299227,0.16567,19.4464,11.8184,66.871
0.0555317,0.0176274,0.0832275,29.2711,12.762,66.8721
0.0553604,0.0252534,0.0543959,30.367,9.02484,66.8731
0.0576191,0.0473919,0.145012,25.9672,14.976,66.8754
0.0602137,0.0270857,0.101764,21.2895,11.0124,66.8768
0.053606,0.0455973,0.0704385,33.7345,12.1288,66.8775
0.0543016,0.0665115,0.0960681,31.5128,13.8978,66.8789
0.0562721,0.00336851,0.080602,28.5258,11.371,66.8796
0.0554988,0.0211602,0.0886571,29.5565,12.8187,66.8799
0.0543103,0.174951,0.113238,30.1172,12.7355,66.883
0.0557674,0.0220689,0.0693772,29.7824,11.2552,66.8837
0.0549297,0.0670008,0.0748292,30.9453,12.9231,66.8854
0.0575577,0.0321691,0.125249,25.3002,13.5343,66.8854
0.0577516,0.0127638,0.159184,25.9277,15.9914,66.8867
0.0577709,0.116316,0.142628,24.6751,12.3818,66.8873
0.0582988,0.115902,0.119616,23.6491,10.9478,66.8877
0.0548887,0.159127,0.103615,29.3748,11.3251,66.8879
0.0551167,0.0923528,0.12708,29.9814,14.5629,66.8885
0.0534991,0.063271,0.068926,33.3973,12.5548,66.8896
0.0560189,0.0655672,0.0776923,28.0761,11.422,66.8908
0.0584949,0.0929989,0.146172,23.7463,12.8004,66.8913
0.0621896,0.0282187,0.164697,18.0602,12.7122,66.892
0.0580908,0.0691443,0.141666,24.2049,14.0867,66.894
0.0622597,0.00406185,0.159727,18.6673,13.4571,66.8945
0.0571486,0.114055,0.124746,25.0021,12.8484,66.8951
0.0537184,0.02673,0.0584694,33.6116,11.1623,66.8959
0.0597174,0.0592155,0.146763,21.1889,11.0944,66.8961
0.0610496,0.000484272,0.108018,20.4203,12.3021,66.8994
0.0584471,0.0755634,0.126525,23.2406,11.3446,66.9012
0.0566477,0.0214947,0.0793814,27.1173,10.9129,66.903
0.0568159,0.0678022,0.116303,26.5008,12.2964,66.903
0.0550519,0.207775,0.139133,28.5468,12.356,66.9064
0.0560532,0.00236808,0.0512467,29.8096,9.85361,66.9081
0.0616869,0.00591562,0.146624,19.2996,13.2656,66.9086
