beta,permeability,xi,init_days,delay,value
0.0457826,0.00145148,0.164686,47.1238,18.1541,48.7792
0.0461185,0.000162789,0.164114,46.4029,18.5798,48.9918
0.0464832,0.00159502,0.160755,45.3736,18.6169,49.0013
0.0460851,0.00302259,0.163281,46.0191,18.6914,49.1
0.0460942,0.00410186,0.16332,46.6817,18.5895,49.1022
0.0464996,0.00682049,0.165803,45.022,18.5193,49.1212
0.0464713,0.0102374,0.164547,45.1962,18.8402,49.1233
0.0461622,0.00598311,0.165734,46.7819,18.7708,49.1712
0.0464857,0.00123217,0.158865,45.0526,18.3814,49.2388
0.0460906,0.00602663,0.165807,46.1252,18.3462,49.2901
0.046495,0.0048172,0.160692,45.1435,18.5994,49.2993
0.0464611,0.0152766,0.165538,45.0063,18.2928,49.3071
0.0460768,0.0074099,0.16043,46.3978,18.9549,49.3423
0.0450679,0.00911813,0.158995,49.5816,18.6298,49.3798
0.0457469,0.00917477,0.161593,47.0988,18.2985,49.3901
0.0460913,0.00708891,0.158413,46.0656,18.7089,49.443
0.0447158,0.00436056,0.158041,50.0726,18.3015,49.4504
0.0461522,0.00740874,0.163311,46.3111,18.9213,49.4591
0.0447236,0.00368153,0.159772,50.9908,18.5665,49.4655
0.045391,0.0105515,0.160949,48.6436,18.9335,49.475
0.0453698,0.00350765,0.160022,48.8122,18.2729,49.497
0.0472609,0.00868619,0.165774,43.8538,18.0262,49.4989
0.0450805,0.00434634,0.162044,49.0458,18.9416,49.5017
0.0453815,0.00612829,0.164463,48.9004,18.3161,49.5269
0.0450271,0.00676109,0.15587,49.6758,18.2642,49.5399
0.0460573,0.00584183,0.163176,46.3554,18.1179,49.5553
0.0468311,0.00254679,0.162452,44.2721,18.0259,49.5643
0.0469249,0.000811251,0.162943,44.0006,18.0509,49.5828
0.0457512,0.00117791,0.153118,47.5983,18.9297,49.5847
0.0453477,0.0051522,0.159085,48.9008,18.6984,49.6137
0.0460672,0.00323294,0.158878,46.0097,18.2871,49.6214
0.0457563,0.0181712,0.164702,47.4162,18.5985,49.6322
0.0454276,0.0129508,0.162426,48.4482,18.4675,49.6485
0.0450322,0.00892671,0.159406,49.6987,18.5443,49.6561
0.0446988,0.00571547,0.152232,50.8449,18.9667,49.6822
0.0450282,0.00769479,0.159624,49.3226,18.2381,49.6848
0.0453468,0.0164629,0.159928,48.7272,18.2366,49.7209
0.0457473,0.0185955,0.163885,47.4783,18.7318,49.7345
0.0457984,0.00971088,0.165246,47.8536,18.8533,49.7375
0.0443536,0.00540407,0.14937,51.8164,18.7205,49.7383
0.0444144,0.00177481,0.150882,51.607,18.8733,49.7567
0.0437381,0.000594263,0.146765,53.7164,18.5786,49.7815
0.0450143,0.0143395,0.155077,49.0748,18.5852,49.7832
0.0453503,0.0152213,0.161693,48.9742,18.4944,49.7891
0.0481281,0.0010016,0.163721,41.3019,17.8897,49.7948
0.0460495,0.00451963,0.162527,46.5576,18.2126,49.8141
0.0481535,0.00110384,0.159667,41.4123,17.9021,49.8164
0.0450523,0.00111984,0.165432,49.4566,18.75,49.8166
0.0453365,0.0151605,0.15823,48.7983,18.9965,49.8245
0.044696,0.0022538,0.162728,50.0906,18.7579,49.8356
0.0440697,0.00770295,0.151726,52.0532,18.3244,49.8508
0.0447473,0.00858153,0.158431,50.6753,18.5912,49.8775
0.0468614,0.0067457,0.160119,44.0842,18.149,49.8879
0.0443911,0.0161235,0.157519,51.5787,18.94,49.8889
0.0473131,0.00601409,0.155905,43.9897,17.0077,49.8995
0.0499017,0.000205592,0.163297,37.0748,17.1307,49.9087
0.0450057,0.00513061,0.161218,49.8216,18.552,49.9201
0.0437259,0.00559822,0.147021,53.5555,18.7928,49.9216
0.0450385,0.0125606,0.154251,49.4871,18.2973,49.9408
0.0481221,0.00312988,0.157096,41.4729,17.1337,49.9541
0.0450701,0.00645574,0.15379,49.6056,18.6308,49.9553
0.0461156,0.00566143,0.15495,46.0718,18.1076,49.9558
0.0446585,0.00758171,0.154163,50.4604,18.56,49.9656
0.0449964,0.00104892,0.161247,49.6328,18.8588,49.967
0.045709,0.0110968,0.156042,47.5314,18.9216,49.968
0.04341,0.00492766,0.165778,54.3637,19.9407,49.9701
0.0453808,0.00661881,0.151563,48.3971,18.3124,49.9796
0.0450222,0.00161154,0.149376,49.733,18.5805,49.989
0.0428357,0.00295645,0.163575,56.5226,19.2654,49.9946
0.046088,0.0189882,0.159669,46.3742,18.7791,49.995
0.0440352,0.0130673,0.152366,52.8159,18.4199,49.9989
0.0447191,0.00948788,0.152767,50.8062,18.3356,50.0042
0.0444044,0.0103985,0.152781,51.1072,18.5778,50.0121
0.0498785,0.000873799,0.165518,37.1454,17.5576,50.0177
0.0446811,0.00683878,0.163025,50.335,18.7241,50.0188
0.0446781,0.00951745,0.162453,50.3353,18.4989,50.0286
0.0469079,0.00509588,0.15549,44.0549,17.4576,50.031
0.0477021,0.000333935,0.149945,42.887,17.0061,50.0403
0.0494223,0.000720586,0.158389,38.6952,17.5749,50.0463
0.0456754,0.0226353,0.165785,47.156,18.0554,50.0476
0.0465419,0.00431982,0.160985,45.4368,18.7261,50.0583
0.0447032,0.0165475,0.154783,50.4669,18.4254,50.071
0.0499165,0.00218386,0.163596,37.2955,17.2533,50.0789
0.0453204,0.020917,0.160287,48.2067,18.4802,50.0848
0.0446607,0.00298103,0.160244,50.134,18.9113,50.0893
0.048112,0.00909932,0.160163,41.5044,17.0424,50.0991
0.0456917,0.0251816,0.16036,47.494,18.6703,50.0993
0.0453633,0.0214869,0.157467,48.2003,18.2474,50.113
0.0472021,0.00160065,0.165243,43.7968,18.9188,50.1149
0.049418,0.00072027,0.15749,38.9303,17.6828,50.1373
0.0453393,0.00953736,0.154292,48.8649,18.5598,50.138
0.0468911,0.0123877,0.155176,44.0656,17.8383,50.1472
0.0460337,0.0134672,0.1623,46.3677,18.9878,50.1478
0.0477065,0.0106244,0.163211,42.5712,17.6465,50.1515
0.0447099,0.0253515,0.162867,50.2746,18.5147,50.1518
0.0481712,0.00317034,0.158863,41.2979,17.2563,50.1559
0.0440207,0.0150485,0.152172,52.9843,18.6341,50.1577
0.0461333,0.000184747,0.143997,46.0779,17.8125,50.1581
0.0440164,0.0150832,0.151306,52.9561,18.4953,50.1582
0.0440237,0.0161238,0.153112,52.0197,18.2481,50.1603
0.0446679,0.00962392,0.163624,50.4751,18.0586,50.161
0.0453362,0.0167919,0.156094,48.0648,18.9363,50.1687
0.0469126,0.00290972,0.157043,44.2243,17.806,50.1692
0.0453933,0.00887353,0.151889,48.5265,18.7108,50.1722
0.0461569,0.00433082,0.147569,46.6653,17.7549,50.1804
0.0447294,0.0184015,0.156423,50.3099,18.2166,50.1904
0.0443678,0.00433733,0.161446,51.5746,18.9159,50.1922
0.0465299,0.00372905,0.147182,45.425,17.739,50.1949
0.0440429,0.00881354,0.157382,52.0609,18.5227,50.1963
0.0464801,0.0228536,0.164892,45.2055,18.0335,50.2075
0.0457085,0.0196942,0.157442,47.8356,18.0858,50.209
0.046916,0.00752702,0.162542,44.3848,18.5571,50.2112
0.0449942,0.0122803,0.165262,49.0698,18.7022,50.2171
0.048128,0.00112601,0.151139,41.8551,17.501,50.2176
0.0434091,0.00601856,0.143414,54.9464,18.0726,50.2176
0.0444155,0.00037693,0.147918,51.6082,18.3676,50.2176
0.0477068,0.00588012,0.165544,42.2807,18.2406,50.2202
0.0464857,0.00610344,0.155973,45.0342,18.988,50.2203
0.0456601,0.00316191,0.164221,47.2045,18.1524,50.2252
0.042572,0.00360049,0.160687,57.5091,19.1082,50.2263
0.045001,0.0298198,0.161948,49.5603,18.6141,50.2324
0.0464903,0.00676313,0.147769,45.2363,17.2618,50.2369
0.0446978,0.0236952,0.164435,50.3713,18.5195,50.243
0.0462022,0.00237221,0.161423,46.8705,18.3468,50.245
0.0440809,0.0119427,0.152237,52.3889,18.1669,50.2562
0.0461582,0.00139852,0.144737,46.4332,17.8253,50.2566
0.048559,0.00590491,0.158382,40.2525,17.7893,50.2606
0.0453157,0.00571063,0.164731,48.5111,18.9046,50.2645
0.0480877,0.00526128,0.163965,41.7808,17.866,50.2671
0.047698,0.008581,0.155536,42.9609,17.5419,50.2673
0.0440781,0.0063948,0.147596,52.5298,18.173,50.2793
0.046113,0.00409957,0.153038,46.071,18.875,50.281
0.0477062,0.010071,0.157115,42.8569,17.4891,50.2829
0.0494222,0.00623625,0.159141,38.6089,17.5306,50.2845
0.0489351,0.00742256,0.162105,39.4501,17.3057,50.285
0.0454212,0.0231226,0.163128,48.4813,18.4774,50.2869
0.0437292,0.00218509,0.14149,53.3665,18.9962,50.2871
0.0464466,0.0196384,0.161256,45.5409,18.5922,50.2897
0.0443242,0.0129166,0.158209,51.7839,18.2825,50.2931
0.0443374,0.0261646,0.157892,51.3663,18.3521,50.2933
0.0476726,0.00545121,0.148989,42.7108,17.5154,50.2983
0.0447146,0.00498769,0.147405,50.6465,18.731,50.2993
0.0468276,0.0159895,0.162973,44.7054,18.9094,50.3025
0.0453452,0.0234049,0.156469,48.0126,18.2859,50.303
0.0480567,0.00296766,0.155444,41.2367,17.4718,50.3047
0.0434218,0.00590629,0.148595,54.8678,18.183,50.3094
0.049918,0.00473809,0.163642,37.5816,17.1014,50.3106
0.0439994,0.00843409,0.148575,52.2743,18.4412,50.3169
0.0457181,0.0271087,0.160477,47.3663,18.9364,50.3172
0.0461994,0.00157366,0.147514,46.1855,17.4613,50.3228
0.0451149,0.000483039,0.162612,49.2282,18.9916,50.3231
0.044366,0.0282632,0.161321,51.0455,18.956,50.3242
0.0461013,0.000814635,0.139577,46.328,17.7172,50.3288
0.0476638,0.012351,0.1575,42.9169,17.0957,50.3333
0.0449695,0.0222701,0.157585,49.5438,18.5443,50.3371
0.0457574,0.0251283,0.163465,47.6384,18.0668,50.3372
0.0449719,0.0286769,0.159441,49.923,18.9659,50.3383
0.0489416,0.0110112,0.160706,39.3876,17.34,50.3397
0.0465372,0.0104717,0.154814,45.6003,17.7279,50.3487
0.0469522,0.00514437,0.150788,44.4368,17.3829,50.35
0.0425749,0.00177875,0.162224,57.3559,19.2419,50.3523
0.0443478,0.0288984,0.160674,51.8215,18.1352,50.3579
0.0473579,0.0032269,0.152548,43.6808,17.4789,50.3619
0.0476441,0.00801096,0.151865,42.3968,17.359,50.3806
0.0434472,0.00879856,0.149117,54.3751,18.0338,50.3806
0.0472562,0.0031582,0.144989,43.8646,17.4298,50.387
0.0453967,0.0200802,0.158107,48.1461,18.2493,50.3899
0.0446852,0.0187114,0.150591,50.9171,18.6601,50.394
0.0473048,0.00370017,0.148874,43.7704,17.1174,50.3941
0.0443179,0.0106149,0.158327,51.5152,18.971,50.4014
0.0493717,0.00289891,0.164773,38.2229,17.7319,50.4018
0.0446903,0.0349211,0.164965,50.4582,18.4547,50.4047
0.0456996,0.0338878,0.163461,47.1639,18.9706,50.4049
0.0503736,0.00518791,0.165651,36.2333,17.8898,50.412
0.0464357,0.0271118,0.163771,45.0125,18.3657,50.4201
0.0436987,0.0124441,0.153351,53.5581,18.4426,50.4227
0.0476839,0.00359249,0.164006,42.4701,17.195,50.4247
0.0447015,0.0073984,0.14672,50.8325,18.7061,50.4267
0.0447058,0.0310926,0.163689,50.0663,18.1637,50.4276
0.0468115,0.0189854,0.164096,44.3251,18.4736,50.4379
0.0449576,0.00858921,0.160474,49.1242,18.5644,50.4392
0.0440288,0.0156795,0.14667,52.9027,18.7333,50.4423
0.0485674,0.00370666,0.154051,40.078,17.039,50.4474
0.0453599,0.0036394,0.150095,48.2375,18.205,50.4498
0.0440823,0.000371251,0.157922,52.2629,18.2418,50.4504
0.049376,0.0054976,0.163082,38.5038,17.7281,50.4508
0.043694,0.018499,0.151579,53.1786,18.4599,50.451
0.0439965,0.0064188,0.152622,52.9613,18.6601,50.4511
0.0440354,0.00452668,0.158809,52.9414,18.91,50.4566
0.0456782,0.0213605,0.158182,47.9263,18.8136,50.4566
0.0458036,0.0061885,0.14799,47.7506,17.0653,50.4581
0.0473333,0.00915631,0.162437,43.2941,17.8656,50.459
0.0480544,0.00787488,0.154244,41.8906,17.0225,50.4611
0.0469677,0.00335006,0.164621,44.0485,18.8022,50.4629
0.046569,0.00292333,0.146683,45.5106,17.0334,50.4633
0.0476426,0.00237543,0.163971,42.1239,18.0962,50.4667
0.0457108,0.00497678,0.152481,47.4312,18.4953,50.4672
0.0468845,0.000795239,0.157752,44.5229,17.3671,50.4731
0.0433949,0.000458623,0.140817,54.8237,18.2342,50.4753
0.0453006,0.00833654,0.165435,48.2553,18.3004,50.4779
0.0469479,0.000449039,0.159135,44.8403,17.8817,50.4796
0.0453828,0.0145359,0.152143,48.6277,18.7152,50.4801
0.044667,0.023867,0.151953,50.7961,18.6489,50.4804
0.0443041,0.0083501,0.152412,51.3629,18.4535,50.4805
0.0437004,0.0240271,0.149805,53.6266,18.1535,50.4819
0.0439949,0.0177148,0.148543,52.359,18.0152,50.4841
0.0446743,0.0331601,0.159247,50.7777,18.0319,50.4847
0.043122,0.0140866,0.163925,55.8763,19.0396,50.4875
0.0443256,0.0117157,0.162314,51.5081,18.4745,50.4945
0.0439933,0.0162575,0.152938,52.0652,18.0594,50.496
0.0443247,0.0334246,0.158862,51.2034,18.4322,50.4975
0.0472518,0.00206862,0.160062,43.8421,18.8915,50.4981
0.0446449,0.0287011,0.162979,50.9462,18.5798,50.4984
0.0446298,0.00409922,0.158334,50.5915,18.0747,50.4997
0.046931,0.0130029,0.159024,44.1172,17.4278,50.5034
0.0480466,0.00694364,0.156226,41.9755,17.9797,50.5074
0.0465556,0.0100755,0.163407,45.0838,18.4296,50.5138
0.048118,0.0118519,0.157986,41.6754,17.8178,50.5139
0.0440261,0.0288759,0.153793,52.0722,18.1785,50.5148
0.0443998,0.00343623,0.16158,51.0347,18.091,50.5155
0.0446585,0.0385231,0.16227,50.5128,18.256,50.5156
0.0485507,0.0149036,0.1637,40.816,17.3189,50.5241
0.0490104,0.0103946,0.163127,39.3859,17.6817,50.5254
0.0425533,0.0134074,0.161204,57.2608,19.5441,50.5272
0.0433928,0.0138747,0.148417,54.6518,18.6671,50.5277
0.0440347,0.0298775,0.15631,52.8272,18.1338,50.5292
0.0431291,0.00407345,0.160259,55.252,19.3359,50.5378
0.0449721,0.0358732,0.159139,49.4467,18.6108,50.5389
0.0449918,0.0389708,0.162819,49.428,18.5863,50.5502
0.0449589,0.000348394,0.157113,49.8802,18.3419,50.5517
0.0498999,0.00695697,0.161544,37.3228,17.4735,50.5523
0.0457137,0.0341706,0.163815,47.2962,18.9762,50.5556
0.0469481,0.0103415,0.153024,44.3205,17.4817,50.5587
0.0473138,0.0103338,0.164153,43.366,17.7006,50.5632
0.049854,0.0080188,0.164329,37.5985,17.0686,50.5633
0.0477486,0.0106651,0.160962,42.8357,17.3978,50.5674
0.0446207,0.0127526,0.156947,50.1317,18.7055,50.5698
0.0484733,0.00860282,0.159369,40.7282,17.6174,50.5703
0.0443037,0.0101963,0.155866,51.2226,18.8158,50.5709
0.0428233,0.0225517,0.164958,56.1598,19.6105,50.5713
0.0431072,0.0208588,0.165945,55.8788,19.1289,50.5793
0.0481088,0.00478291,0.165887,41.639,18.3769,50.58
0.0473242,0.0159679,0.1594,43.2606,17.7962,50.5811
0.0458027,0.0174191,0.165061,47.126,18.3438,50.5831
0.0431044,0.0105085,0.1427,55.766,18.9313,50.5867
0.0434534,0.00780119,0.146784,54.3947,18.6945,50.5886
0.0465499,0.0129274,0.151972,45.9299,17.1935,50.5887
0.0447454,0.00451311,0.163526,50.3188,18.8209,50.5897
0.043992,0.0257387,0.150997,52.4472,18.3091,50.591
0.0449624,0.00240857,0.15592,49.6049,18.6146,50.5929
0.0461064,0.00319565,0.138455,46.5046,17.2418,50.5944
0.0449552,0.0126425,0.159074,49.5705,18.6987,50.597
0.0457528,0.0207667,0.158723,47.642,18.5439,50.5994
0.0449757,0.0418314,0.164187,49.6653,18.6724,50.6089
0.0472415,0.0130248,0.156498,43.4301,17.4004,50.61
0.0440268,0.0140043,0.144859,52.6613,18.8145,50.6108
0.0457384,0.0285794,0.162002,47.1124,18.9665,50.6148
0.0465885,0.00188815,0.153065,45.661,17.4196,50.6158
0.0490097,0.00390955,0.155404,39.6283,17.5267,50.6172
0.0434301,0.00924085,0.143292,54.85,18.6548,50.6225
0.0480573,0.0104666,0.162988,41.2024,17.2698,50.6258
0.044402,0.0168184,0.151948,51.6475,18.4942,50.6304
0.0489154,0.0115781,0.16252,39.8292,17.9632,50.6331
0.0461323,0.0139898,0.147676,46.5042,17.3924,50.6357
0.0461315,0.00112997,0.152104,46.5307,17.1767,50.6366
0.0454494,0.00540501,0.147585,48.103,17.1695,50.6368
0.0490307,0.00197728,0.155452,39.4083,17.0466,50.6387
0.049463,0.00424786,0.158005,38.2856,17.4809,50.6423
0.0468944,0.0199585,0.154603,44.1137,17.8575,50.6441
0.0480769,0.0188546,0.165277,41.0827,17.1368,50.6452
0.0453024,0.00108268,0.157755,48.2751,18.4903,50.6454
0.0486002,0.00989439,0.165074,40.1589,17.8373,50.6456
0.0480412,0.0113161,0.159202,41.9093,17.7399,50.6512
0.0431202,0.00840609,0.141263,55.7933,18.2047,50.6536
0.0440162,0.0360381,0.156602,52.0271,18.4948,50.6556
0.048074,0.019506,0.156453,41.023,17.1523,50.6564
0.0460736,0.0356255,0.165237,46.7755,18.4341,50.6564
0.0461273,0.0166178,0.151989,46.6383,17.4618,50.6571
0.0457664,0.00776747,0.142912,47.9447,17.2394,50.6625
0.045639,0.00689527,0.164574,47.6988,18.2525,50.6634
0.0428521,0.0158261,0.163458,56.1589,19.8697,50.6639
0.0461804,0.0105203,0.148549,46.5207,17.05,50.6649
0.0468832,0.0124922,0.16041,44.7325,17.8487,50.6649
0.0451224,0.0051486,0.155492,49.9667,18.9152,50.6681
0.0443253,0.0355023,0.156291,51.1744,18.5073,50.6732
0.0468907,0.0181477,0.163609,44.3245,18.6148,50.6787
0.0476452,0.0168938,0.161018,42.6552,17.5921,50.6794
0.0458034,0.00142411,0.141091,47.8193,17.0721,50.6806
0.0440718,0.0128881,0.148001,52.0329,18.9252,50.682
0.0480796,0.0210272,0.165886,41.8591,17.6712,50.6824
0.044631,0.0245516,0.163985,50.3154,18.0573,50.6854
0.0422661,0.00220502,0.157832,58.5884,19.4529,50.6856
0.045374,0.00166295,0.137839,48.6145,17.9109,50.6905
0.0464458,0.0118266,0.157525,45.4981,18.2853,50.6931
0.0440221,0.028265,0.159497,52.7778,18.1903,50.6939
0.046547,0.0117907,0.149314,45.2675,17.0945,50.6942
0.046136,0.00105145,0.152841,46.8666,17.358,50.695
0.0499838,0.00341586,0.164302,37.5391,17.3537,50.6983
0.0468978,0.00549442,0.157509,44.3689,18.4598,50.6991
0.0472621,0.0259036,0.162729,43.3193,17.0937,50.7031
0.0493603,0.00560033,0.16016,38.8764,17.5321,50.7058
0.0477251,0.0178356,0.162345,42.9275,17.4563,50.7067
0.045778,0.0191334,0.160024,47.9598,18.2937,50.7106
0.048475,0.0134312,0.155661,40.0035,17.9869,50.7133
0.0480484,0.0161272,0.160084,41.4132,17.1225,50.7148
0.0489015,0.00995588,0.165804,39.5701,17.5816,50.7193
0.0489079,0.013573,0.15988,39.0456,17.5328,50.7202
0.0473086,0.020965,0.16275,43.1886,17.576,50.7264
0.0425418,0.00185774,0.157184,57.3842,19.3975,50.7271
0.045819,0.00285423,0.150744,47.5058,17.2471,50.7281
0.0457493,0.000614276,0.148987,47.2263,18.5346,50.732
0.0436785,0.0141149,0.153219,53.2503,18.8638,50.7336
0.0485838,0.0138295,0.163868,40.9783,17.0775,50.735
0.0454053,0.00325221,0.142171,48.3881,17.5201,50.735
0.0436689,0.0177377,0.148845,53.1878,18.8861,50.7364
0.0449926,0.0365746,0.158331,49.2862,18.9489,50.7374
0.0464603,0.000532443,0.154007,45.4484,18.1752,50.7398
0.0454844,0.00138668,0.156612,48.9608,18.8094,50.744
0.0446101,0.0109399,0.157667,50.674,18.6653,50.7471
0.0464269,0.0301583,0.163595,45.7863,18.3725,50.7491
0.0461269,0.00327381,0.152972,46.5814,17.1403,50.7594
0.0453147,0.0188254,0.155246,48.3709,18.738,50.7616
0.0472758,0.0026624,0.142513,43.8945,17.3864,50.7625
0.0437204,0.0285237,0.151802,53.1002,18.3741,50.7626
0.0439885,0.0268668,0.159592,52.2527,18.0007,50.7635
0.049446,0.00452185,0.155817,38.7255,17.8473,50.7641
0.0482025,0.0030695,0.163043,41.4069,17.4,50.7642
0.0489326,0.0184859,0.161035,39.0013,17.9133,50.766
0.0422686,0.0145072,0.164064,58.8625,19.2575,50.7668
0.0453262,0.042438,0.162488,48.5783,18.3954,50.7692
0.0458289,0.00359069,0.142836,47.2701,17.3306,50.7719
0.0447249,0.0200563,0.153899,50.5552,18.9478,50.772
0.0436637,0.0166562,0.149502,53.0568,18.239,50.7729
0.0434752,0.00553438,0.146259,54.945,18.163,50.7743
0.0472473,0.0039998,0.143087,43.1725,17.2918,50.7745
0.0433978,0.0206055,0.145043,54.2712,18.8227,50.7747
0.0454031,0.00446227,0.148375,48.1165,18.2207,50.7767
0.0468975,0.0163098,0.151481,44.6038,17.301,50.7776
0.0488896,0.00766347,0.164008,39.3282,17.6384,50.7785
0.0457156,0.000740976,0.139361,47.3992,17.7246,50.7802
0.0436788,0.0198159,0.155714,53.5057,18.2632,50.7836
0.0447664,0.00474716,0.150401,50.875,18.3008,50.7857
0.0434388,0.0109618,0.153989,54.2549,18.2751,50.7936
0.045418,0.00615575,0.141667,48.9214,17.8111,50.7941
0.045743,0.0075371,0.145933,47.2673,17.9416,50.7958
0.047388,0.000460127,0.152919,43.1768,17.4875,50.801
0.0489276,0.00513794,0.153491,39.9041,17.4451,50.8037
0.0450251,0.0442744,0.165063,49.496,18.3792,50.8052
0.0460778,0.00614946,0.139217,46.341,17.6417,50.8102
0.0430831,0.00444916,0.139898,55.0495,18.2184,50.8139
0.0456776,0.0383706,0.161681,47.0371,18.8761,50.8183
0.0454133,0.00706706,0.141788,48.7236,17.9034,50.8187
0.0460847,0.00550511,0.14499,46.4081,17.6621,50.8267
0.0480339,0.0135754,0.15666,41.2686,17.8907,50.8275
0.0450877,0.00800031,0.143751,49.743,17.281,50.8326
0.0500065,0.00218274,0.164329,37.7052,17.724,50.8328
0.0464617,0.033461,0.165608,45.1672,18.761,50.8339
0.0433846,0.0107023,0.152223,54.2873,18.0177,50.837
0.0443219,0.0283231,0.164824,51.4574,18.7428,50.8385
0.0431086,0.00932468,0.148684,55.3618,18.2398,50.8396
0.0452976,0.0195572,0.157567,48.3795,18.9907,50.84
0.0461781,0.0169929,0.165033,46.3986,18.8992,50.8414
0.0464424,0.00397817,0.144146,45.1511,17.4538,50.8416
0.0464428,0.00781833,0.145493,45.0822,17.8614,50.8417
0.0476766,0.00772915,0.146234,42.976,17.5372,50.8446
0.0485514,0.00344719,0.149185,40.6367,17.2478,50.848
0.0489033,0.0148428,0.165088,39.192,17.2057,50.8486
0.0490568,0.00784833,0.16251,39.2305,17.3468,50.8496
0.0472423,0.0245269,0.162543,43.6585,17.1748,50.8517
0.0425408,0.0246357,0.163084,57.9943,19.4875,50.852
0.0488937,0.0120186,0.164765,39.1702,17.8086,50.8523
0.0461563,0.0113312,0.145366,46.8881,17.2647,50.8646
0.0440315,0.0131809,0.143769,52.8181,18.4498,50.8647
0.045394,0.0201948,0.154478,48.6213,18.8498,50.8691
0.0453634,0.00932859,0.136784,48.751,17.6158,50.8695
0.044028,0.0396449,0.16071,52.7784,18.4856,50.8719
0.047668,0.0287706,0.165087,42.1753,17.9813,50.8719
0.0476297,0.0228847,0.155257,42.7713,17.9014,50.8725
0.0433779,0.0138631,0.165653,54.3461,19.381,50.8738
0.0499824,0.00444852,0.163064,37.5778,17.322,50.8742
0.0475904,0.00427547,0.165293,42.7713,18.9106,50.875
0.0476404,0.0246067,0.159672,42.8393,17.2612,50.8775
0.0485966,0.0130361,0.162444,40.8994,17.7968,50.878
0.0457245,0.0371172,0.164338,47.4428,18.8042,50.8793
0.0485194,0.0136896,0.153417,40.9902,17.8983,50.8794
0.043684,0.00516599,0.154312,53.0189,18.8873,50.8794
0.0439744,0.0217088,0.155132,52.2,18.3536,50.8802
0.043109,0.0219943,0.148041,55.0118,18.2813,50.8812
0.0465015,0.00992884,0.158454,45.0389,17.4526,50.8823
0.0464464,0.0189954,0.148621,45.73,17.3752,50.8851
0.0425309,0.0029392,0.140092,57.5181,18.2181,50.8875
0.0452881,0.0242015,0.160792,48.0644,18.9971,50.8876
0.0450433,0.00290971,0.138309,49.93,17.7618,50.8879
0.046136,0.0160737,0.15554,46.012,17.9064,50.8935
0.0488833,0.00940809,0.165082,39.8902,17.3125,50.894
0.0480461,0.019432,0.163401,41.9661,17.6073,50.8979
0.0457388,0.00134134,0.145621,47.7869,17.0807,50.8997
0.0446091,0.0359521,0.160185,50.4583,18.0255,50.9005
0.0449547,0.0145833,0.154767,49.3334,18.0867,50.901
0.0490158,0.0162302,0.16456,39.7124,17.3299,50.9018
0.0464411,0.0133222,0.147005,45.3911,17.1553,50.9024
0.0422551,0.00333876,0.163009,58.4874,19.4807,50.9061
0.0453982,0.0328632,0.162178,48.5457,18.4481,50.9077
0.0449626,0.0475133,0.162197,49.1115,18.3772,50.9082
0.0446168,0.0356356,0.162495,50.7972,18.2902,50.9109
0.0465769,0.00855445,0.151461,45.9375,17.9246,50.9161
0.0472056,0.0109103,0.150471,43.2488,17.1698,50.9178
0.0472591,0.0307597,0.163536,43.2229,17.4418,50.9186
0.0490569,0.00708409,0.160105,39.6246,17.4194,50.9189
0.0420146,0.00248813,0.157229,59.5989,19.1963,50.9215
0.0476454,0.0253969,0.162413,42.9543,17.3801,50.9219
0.046536,0.0207181,0.154428,45.2909,17.076,50.9227
0.0480981,0.00954395,0.148719,41.7521,17.9661,50.9239
0.0467674,0.00639232,0.165606,44.5252,18.2552,50.9251
0.0443125,0.00122099,0.16121,51.0697,18.4798,50.9263
0.0461291,0.00536037,0.138027,46.2989,17.5745,50.927
0.0457295,0.0374218,0.16488,47.5805,18.9802,50.9271
0.0457883,0.0177096,0.159249,47.5161,18.9228,50.9313
0.0422544,0.00528631,0.163941,58.5366,19.7146,50.932
0.0477123,0.00527175,0.146874,42.7035,17.0648,50.9327
0.0442993,0.0072961,0.148663,51.9723,18.8657,50.9365
0.0460471,0.0304784,0.160565,46.5938,18.42,50.9385
0.0437232,0.0254781,0.148149,53.8104,18.3981,50.9399
0.0434538,0.0178451,0.150449,54.9951,18.8355,50.9403
0.0468572,0.00486395,0.159988,44.2572,17.2093,50.9424
0.0468196,0.00129126,0.142197,44.1625,17.463,50.9442
0.0477404,0.00201226,0.147651,42.4502,17.5759,50.9479
0.0461424,0.021931,0.151131,46.7646,17.2192,50.9483
0.0465212,0.00678457,0.142786,45.7791,17.7058,50.9532
0.0453793,0.00950837,0.142687,48.2187,17.7898,50.9554
0.0460935,0.0230576,0.151314,46.9533,17.3848,50.9562
0.0454075,0.0124539,0.143197,48.915,17.4466,50.9573
0.0461601,0.0153633,0.160438,46.1989,18.9357,50.9602
0.0449362,0.0126765,0.16498,49.6705,18.3968,50.9645
0.0443138,0.0352562,0.165407,51.6422,18.6901,50.9652
0.0443349,0.00179925,0.143625,51.0762,18.454,50.9657
0.0434271,0.0153554,0.164318,54.0133,19.021,50.9674
0.0422562,0.0183915,0.159474,58.4057,19.0853,50.9685
0.0472321,0.0203405,0.149887,43.188,17.3574,50.9691
0.0457516,0.0193858,0.155301,47.9112,18.6969,50.9724
0.0420068,0.00607113,0.158193,59.974,19.6765,50.9753
0.044111,0.00991178,0.152713,52.2857,18.7885,50.9775
0.0451118,0.010523,0.163257,49.5138,18.5261,50.9793
0.0439896,0.0455631,0.156891,52.7173,18.8505,50.9808
0.0430994,0.0265209,0.16576,55.8933,19.0742,50.9817
0.0458246,0.00661548,0.156582,47.6863,18.7839,50.9824
0.0434066,0.029489,0.149409,54.0052,18.3277,50.985
0.0460883,0.0110835,0.149534,46.4208,17.6109,50.9861
0.0484399,0.0132697,0.158457,40.254,17.1438,50.9861
0.0440566,0.0263918,0.160758,52.3281,18.1929,50.9864
0.0461494,0.0225599,0.152163,46.9756,17.2973,50.9888
0.0490721,0.00558786,0.162889,39.7451,17.1509,50.9907
0.0443055,0.017625,0.148328,51.81,18.462,50.9938
0.0485928,0.00422691,0.15289,40.3526,17.046,50.9953
0.0437818,0.0126962,0.148906,53.0706,18.868,50.9974
0.0430824,0.0077431,0.147603,55.5343,18.3024,50.9987
0.0425586,0.00549013,0.14193,57.1169,18.3874,51
0.0433692,0.0279397,0.149705,54.4555,18.556,51.0004
0.0447343,0.0033956,0.140585,50.589,17.1528,51.0007
0.0425791,0.00412844,0.144596,57.8096,18.9111,51.0013
0.0489013,0.0201386,0.164735,39.3156,17.4262,51.0018
0.0433973,0.0158617,0.141322,54.107,18.9043,51.0045
0.0472058,0.0171951,0.151337,43.6954,17.1672,51.0058
0.0477004,0.0242742,0.159932,42.6567,17.6253,51.0075
0.0485308,0.0237031,0.164225,40.7878,17.8296,51.0084
0.0444421,0.00826263,0.155771,51.244,18.1851,51.0113
0.0439923,0.0195495,0.161941,52.6653,18.544,51.0115
0.0443509,0.026916,0.149892,51.2602,18.6067,51.0117
0.043148,0.00618628,0.151712,55.355,18.2695,51.0133
0.0431513,0.0124467,0.162348,55.1018,19.7171,51.0136
0.0434939,0.00159102,0.148189,54.5196,18.5103,51.0183
0.0480306,0.0198318,0.156769,41.2326,17.4628,51.0204
0.0433938,0.00803976,0.16247,54.3424,19.4163,51.0207
0.0484632,0.0228428,0.161403,40.4416,17.1913,51.0212
0.0442889,0.0252971,0.165893,51.4808,18.2973,51.0299
0.047272,0.030732,0.165944,43.3864,17.727,51.0323
0.0436846,0.0319101,0.157633,53.0241,18.6823,51.0343
0.0480133,0.0124208,0.158795,41.7678,17.7265,51.0375
0.0461653,0.00794167,0.142627,46.6401,17.6138,51.0392
0.0442803,0.0237762,0.158779,51.628,18.7089,51.0415
0.0458171,0.014261,0.147096,47.8659,17.6041,51.0425
0.0476298,0.0261797,0.162681,42.709,17.9519,51.0473
0.0446203,0.0514286,0.16208,50.1496,18.7509,51.0505
0.047727,0.0199404,0.158852,42.8204,17.1325,51.053
0.0476406,0.00661304,0.164232,42.9227,17.3613,51.0549
0.0427863,0.00307371,0.141301,56.5888,18.1121,51.0582
0.0461511,0.00505388,0.139877,46.1314,17.4659,51.0582
0.0460658,0.00247228,0.139254,46.1442,17.2171,51.0586
0.0468874,0.0202964,0.151142,44.0354,17.8946,51.0591
0.0443111,0.0430642,0.155621,51.9928,18.556,51.0632
0.0468241,0.00708555,0.157973,44.6653,18.043,51.0662
0.0465636,0.0017092,0.157092,45.0029,18.4876,51.0675
0.047655,0.0105259,0.145731,42.8099,17.5994,51.0681
0.0468365,0.0305038,0.160238,44.9668,17.8356,51.0682
0.0453924,0.0240034,0.155643,48.7586,18.7863,51.0697
0.0453057,0.0172445,0.154462,48.0572,18.9139,51.0712
0.0431184,0.00702895,0.151742,55.8114,18.2026,51.0733
0.046078,0.00855054,0.146885,46.8228,17.6595,51.0758
0.0456432,0.00557143,0.159343,47.0888,18.9062,51.0766
0.0430681,0.0234411,0.144413,55.894,18.6862,51.0779
0.0484574,0.00894065,0.152308,40.463,17.758,51.0787
0.0484428,0.0166146,0.16217,40.7924,17.3644,51.0794
0.0433814,0.0286471,0.153819,54.3166,18.4255,51.0794
0.0431214,0.0205702,0.16392,55.3789,19.6401,51.0823
0.0450393,0.0413084,0.162513,49.1478,18.3846,51.0837
0.0476983,0.0147301,0.151428,42.8044,17.4506,51.0846
0.0446984,0.040361,0.160064,50.2316,18.8967,51.0858
0.0480372,0.0274586,0.160113,41.9738,17.9096,51.0878
0.0447952,0.00148293,0.155728,50.1391,18.4621,51.0895
0.0449422,0.0168651,0.156573,49.3127,18.9396,51.0907
0.0439592,0.0178837,0.155544,52.5391,18.314,51.0912
0.0449798,0.0525617,0.165645,49.9116,18.8156,51.0942
0.0472698,0.02028,0.151524,43.6585,17.3873,51.0959
0.0453488,0.0160647,0.138525,48.4202,17.8093,51.0962
0.044745,0.00458526,0.137911,50.1417,17.1593,51.0964
0.0428917,0.00155429,0.160634,56.0579,19.6547,51.0972
0.0472375,0.00772181,0.163121,43.7473,17.2691,51.0978
0.046391,0.00794028,0.159061,45.8511,18.5456,51.0982
0.0461053,0.00553405,0.153688,46.6668,17.0765,51.0988
0.0447484,0.00481205,0.165783,50.762,18.1796,51.1018
0.0480158,0.0172664,0.159988,41.8151,17.248,51.1057
0.0450218,0.00884293,0.137072,49.7063,17.4006,51.1071
0.0447438,0.00313819,0.146322,50.2394,18.458,51.1078
0.0443737,0.00288007,0.142069,51.9723,18.8917,51.1088
0.0464334,0.00783943,0.147272,45.6955,17.9356,51.1105
0.0440583,0.00151998,0.161679,52.8072,18.8842,51.1113
0.0431118,0.0141915,0.161157,55.1043,19.2708,51.1123
0.0452833,0.0470641,0.162888,48.8135,18.6574,51.1123
0.0433865,0.00213078,0.138996,54.1442,18.6499,51.1126
0.0460797,0.0235603,0.151355,46.7173,17.2067,51.1165
0.0469093,0.0265405,0.158862,44.1182,17.9239,51.1166
0.0446023,0.0483717,0.160988,50.7373,18.5056,51.1169
0.0462163,0.00406926,0.164705,46.5098,18.6054,51.12
0.0480291,0.00136717,0.147444,41.4671,17.7378,51.1213
0.0433616,0.0261331,0.15245,54.4691,18.4578,51.1214
0.0454128,0.00424809,0.149956,48.1376,17.4103,51.1225
0.0476223,0.0072638,0.159777,42.6825,17.6086,51.1228
0.0468079,0.0152434,0.150192,44.6524,17.4074,51.1251
0.0428131,0.0227456,0.144293,56.6853,18.9335,51.1268
0.0444456,0.00600533,0.14909,51.993,18.8317,51.1274
0.0477684,0.00461549,0.150023,42.2293,17.0169,51.1292
0.0451202,0.00450001,0.138656,49.3118,17.0596,51.1339
0.0447583,0.00954994,0.164569,50.233,18.726,51.135
0.0422883,0.00777912,0.164618,58.7866,19.4903,51.1393
0.046946,0.0163724,0.151537,44.4302,17.7681,51.1446
0.0472496,0.0249081,0.164951,43.9608,18.133,51.1446
0.0461346,0.00243368,0.157625,46.3244,17.5589,51.1452
0.0453815,0.0118935,0.145026,48.7913,17.4028,51.1501
0.043999,0.0455538,0.162244,52.3391,18.4226,51.1511
0.0428258,0.0222995,0.147737,56.3621,18.2061,51.1516
0.0468667,0.0206406,0.163975,44.2949,17.6419,51.1521
0.0488746,0.018244,0.162459,39.1214,17.5526,51.1524
0.0484267,0.00244767,0.159845,40.6356,17.3008,51.1565
0.0468429,0.00292167,0.158645,44.9766,17.9524,51.157
0.0431178,0.00850734,0.137643,55.8722,18.1862,51.1609
0.0427921,0.0250495,0.146278,56.124,18.6675,51.1618
0.0449231,0.00971407,0.161835,49.3303,18.2006,51.1687
0.0436948,0.041535,0.15826,53.436,18.3213,51.1702
0.049486,0.0120204,0.162294,38.0867,17.3558,51.1706
0.0472722,0.0272905,0.156858,43.6394,17.9322,51.1726
0.0465141,0.0189735,0.160674,45.1364,18.9093,51.174
0.0469238,0.00321817,0.142074,44.8322,17.1812,51.1761
0.0454875,0.003647,0.14045,48.8949,17.956,51.1776
0.0468711,0.0140286,0.163939,44.2633,17.3438,51.1785
0.0447658,0.00873152,0.139394,50.3579,17.675,51.1786
0.0439642,0.0239563,0.150154,52.5821,18.2135,51.1797
0.0436472,0.0302303,0.15269,53.6078,18.8856,51.1799
0.0434351,0.0287696,0.152819,54.2766,18.351,51.1812
0.0476893,0.0185712,0.152801,42.752,17.454,51.1816
0.045309,0.034935,0.157395,48.8181,18.4815,51.184
0.0449977,0.0456328,0.160877,49.5952,18.2613,51.1852
0.0437032,0.00342733,0.139799,53.7321,18.3822,51.187
0.0439862,0.0324948,0.148942,52.6007,18.9189,51.1896
0.0439874,0.00356307,0.159056,52.7748,18.2352,51.1912
0.0434444,0.0220801,0.148625,54.5928,18.1016,51.1931
0.0450731,0.020303,0.146619,49.1943,17.2572,51.195
0.0449413,0.0273748,0.156022,49.7031,18.6904,51.1963
0.0443494,0.00152965,0.141894,51.6018,18.9164,51.1975
0.0446195,0.0556328,0.162488,50.6571,18.9388,51.1993
0.046456,0.0347222,0.154382,45.173,17.3311,51.2004
0.0457232,0.0103904,0.147103,47.5128,17.2032,51.2009
0.0450682,0.020017,0.146955,49.7429,17.3691,51.2025
0.0464949,0.0156564,0.1568,45.5674,18.4074,51.2026
0.0434043,0.038427,0.15552,54.9561,18.4403,51.2082
0.0431678,0.00940821,0.161166,55.0476,19.4731,51.2082
0.0458497,0.00555765,0.147468,47.1431,17.9609,51.2091
0.0457529,0.0281718,0.153295,47.7571,17.2439,51.2113
0.0450156,0.0113607,0.137397,49.6617,17.0468,51.2119
0.0447916,0.00401646,0.138876,50.7134,17.1909,51.2128
0.0437644,0.00533224,0.162562,53.7433,19.1384,51.2132
0.0480166,0.00326063,0.161866,41.3694,17.4487,51.2157
0.0425628,0.00939707,0.142195,57.3127,18.1556,51.2162
0.0453733,0.0184998,0.144963,48.3674,17.3913,51.2163
0.0456343,0.0285122,0.160625,47.3693,18.3054,51.2172
0.0468151,0.0236206,0.154065,44.9523,17.6366,51.2172
0.0461215,0.0251941,0.148985,46.4343,17.1318,51.2191
0.0440175,0.00312538,0.161703,52.53,18.106,51.2207
0.0440316,0.0329334,0.150938,52.8124,18.3967,51.223
0.0450716,0.0323094,0.161367,49.0104,18.2294,51.2233
0.0449404,0.00133528,0.165664,49.907,18.2336,51.2264
0.0441176,0.00569144,0.155869,52.7603,18.7665,51.2271
0.0449608,0.0513258,0.161364,49.4168,18.7467,51.2282
0.0422543,0.0102174,0.137626,58.9239,18.9208,51.2303
0.042825,0.0209083,0.144278,56.8959,18.7352,51.2358
0.0431505,0.00298998,0.138915,55.1723,18.543,51.2384
0.0425098,0.0158639,0.140804,57.3394,18.9831,51.2398
0.0460468,0.0304076,0.159402,46.0881,18.0794,51.2403
0.0469498,0.0171003,0.153813,44.036,17.3242,51.2404
0.0446892,0.0176402,0.146976,50.8082,18.4895,51.2408
0.0419711,0.0191293,0.160129,59.4347,19.95,51.2448
0.047219,0.0303889,0.154486,43.3493,17.5292,51.2464
0.0442794,0.0591394,0.165146,51.4379,18.4654,51.2471
0.0453536,0.0215091,0.139818,48.9494,17.6374,51.2498
0.0468134,0.0113043,0.143004,44.6401,17.3322,51.25
0.0480746,0.0324536,0.164771,41.2119,17.3278,51.2509
0.0446655,0.0551391,0.164914,50.1359,18.5285,51.2523
0.0473362,0.00498105,0.160824,43.0697,18.8298,51.2528
0.0457164,0.0269736,0.144233,47.6321,17.7815,51.2555
0.0459987,0.0110776,0.161197,46.1673,18.0044,51.2574
0.0504846,0.000291741,0.161152,36.0121,17.3269,51.2574
0.0442691,0.0328505,0.159486,51.1466,18.5896,51.2578
0.0464388,0.024171,0.153679,45.268,17.2466,51.2602
0.0447367,0.0231401,0.154023,50.8305,18.3354,51.2605
0.0439882,0.00926534,0.161453,52.3541,18.2756,51.2634
0.0476049,0.0268566,0.158204,42.1571,17.6235,51.2637
0.0485757,0.0132871,0.15651,40.8811,17.948,51.2638
0.045982,0.00346445,0.165469,46.2299,18.9021,51.2644
0.0464486,0.00819614,0.152229,45.7129,17.5371,51.267
0.0472131,0.0278764,0.160976,43.2654,17.956,51.2699
0.0450566,0.019991,0.143667,49.8677,17.5068,51.2699
0.0451046,0.000502339,0.146394,49.2044,17.8807,51.2701
0.0442552,0.0246502,0.159156,51.6867,18.3629,51.2714
0.0464791,0.0261769,0.160292,45.0505,18.9765,51.2715
0.0468619,0.0185108,0.164245,44.3486,17.8929,51.272
0.0469223,0.00758506,0.158142,44.2908,18.9481,51.273
0.0431359,0.0216188,0.147182,55.9874,18.0219,51.274
0.044594,0.0268515,0.157717,50.6563,18.8513,51.2742
0.0442568,0.0222705,0.159404,51.2871,18.6392,51.2743
0.0508986,0.00360277,0.163828,35.7134,17.3611,51.2769
0.0420133,0.00701252,0.155357,59.7589,19.5133,51.2772
0.0468584,0.0381691,0.162414,44.3348,17.3506,51.2782
0.047752,0.00468418,0.16392,42.6046,18.8089,51.2786
0.0464598,0.0226312,0.144291,45.6417,17.2572,51.2804
0.0425114,0.0218761,0.143693,57.5721,18.0048,51.2827
0.0437538,0.0111827,0.164051,53.1848,19.134,51.2836
0.0456532,0.00465012,0.153868,47.9765,18.7381,51.2841
0.041747,0.00356592,0.156317,60.0917,19.5767,51.2854
0.0464972,0.0139866,0.161711,45.8381,17.4392,51.2889
0.0456949,0.0267733,0.144393,47.8343,17.7917,51.2929
0.0469836,0.00688143,0.151114,44.9439,17.0985,51.2943
0.0472553,0.0381518,0.16367,43.173,17.184,51.2958
0.0431473,0.00889578,0.160073,55.3727,19.8982,51.2975
0.0476082,0.0138286,0.147831,42.5622,17.4486,51.2983
0.0450438,0.00361088,0.14395,49.8775,17.2785,51.2993
0.047629,0.0328745,0.158242,42.7208,17.055,51.2995
0.0440386,0.0297244,0.16342,52.8463,18.4258,51.3007
0.0442704,0.0502294,0.160893,51.3595,18.1675,51.3043
0.0473222,0.0088234,0.146932,43.772,17.0042,51.3056
0.0436569,0.00476137,0.152386,53.4318,18.9679,51.3058
0.0484264,0.0120777,0.155768,40.3661,17.512,51.3073
0.0467872,0.00402568,0.157767,44.93,18.4637,51.3074
0.0440142,0.0169144,0.164766,52.69,18.9991,51.3075
0.0422571,0.00576532,0.153867,58.4062,19.3508,51.3089
0.0439581,0.0069548,0.155136,52.0397,18.401,51.3089
0.0440844,0.000430503,0.161354,52.3269,18.9202,51.309
0.0431478,0.0156308,0.144436,55.1176,18.2085,51.3093
0.0468839,0.0201222,0.165882,44.2224,17.0448,51.3094
0.0446551,0.0392625,0.15298,50.8493,18.0219,51.3105
0.0468441,0.0380986,0.15871,44.3673,17.8963,51.3137
0.0479989,0.0145925,0.154202,41.2824,17.7632,51.3144
0.0442621,0.0290535,0.160327,51.5689,18.7566,51.3166
0.0463616,0.0154743,0.164979,45.9278,18.6559,51.3179
0.0441112,0.00932547,0.147868,52.1229,18.5321,51.3182
0.0436905,0.0390034,0.160726,53.4582,18.2513,51.3185
0.0441287,0.00452152,0.149589,52.739,18.374,51.3201
0.0494034,0.0239406,0.162095,38.0387,17.1458,51.321
0.0439546,0.00488173,0.150762,52.8244,18.6237,51.3216
0.044273,0.0527234,0.164771,51.2244,18.8295,51.3263
0.0443466,0.0502947,0.165536,51.8201,18.9454,51.3267
0.0484189,0.0152824,0.163743,40.7727,17.0029,51.3273
0.0493487,0.0199323,0.16115,38.6774,17.1777,51.3276
0.0476034,0.00693167,0.163328,42.2345,18.2162,51.3283
0.0498723,0.0202748,0.163329,37.8497,17.8641,51.3308
0.043347,0.0130909,0.150494,54.0768,18.2474,51.3317
0.0430698,0.0090021,0.139201,55.3506,18.3284,51.3328
0.0456156,0.00230246,0.164791,47.3647,18.8672,51.334
0.0447524,0.0234976,0.158907,50.1996,18.7656,51.3367
0.0441003,0.00505131,0.164617,52.6199,19.2335,51.3372
0.0430792,0.039808,0.150129,55.6133,18.6131,51.3383
0.0464316,0.0320316,0.15067,45.9957,17.6763,51.3386
0.0458021,0.0173328,0.144847,47.9874,17.0895,51.3396
0.0481461,0.00139315,0.144864,41.1865,17.6266,51.3411
0.0465298,0.0147017,0.159214,45.8868,18.6154,51.3414
0.0457538,0.0113675,0.150566,47.7458,18.0577,51.3415
0.0447303,0.0200021,0.151879,50.8385,18.1304,51.3449
0.047812,0.000894721,0.160637,42.6992,17.8713,51.3463
0.0493456,0.00971558,0.158378,38.2746,17.1407,51.3478
0.0475954,0.0244813,0.155639,42.7351,17.2456,51.3511
0.0428106,0.00584491,0.135582,56.041,18.4376,51.3512
0.0452628,0.0383668,0.163004,48.1951,18.7139,51.3512
0.0450233,0.0502385,0.164779,49.4651,18.5351,51.3613
0.0475839,0.00389343,0.153515,42.9183,17.2272,51.3625
0.0473986,0.00316123,0.152986,43.1773,17.5571,51.3637
0.0485685,0.0189451,0.159625,40.1885,17.0217,51.3658
0.0477245,0.0248342,0.159515,42.8654,17.5113,51.3668
0.044595,0.0252559,0.15554,50.0155,18.263,51.3711
0.0460811,0.0361744,0.157169,46.4694,17.6312,51.3723
0.0463875,0.026667,0.161704,45.7652,18.9694,51.373
0.0485023,0.0296369,0.160256,40.361,17.6506,51.3736
0.0457642,0.000441189,0.15595,47.035,17.2523,51.3756
0.046454,0.0364762,0.153885,45.4261,17.5819,51.3794
0.0469191,0.0182891,0.149459,44.1563,17.5362,51.3796
0.0431474,0.0063396,0.153839,55.2908,18.7725,51.3798
0.0449169,0.00859932,0.163941,49.7277,18.1797,51.38
0.047609,0.0302368,0.16015,42.2552,17.6088,51.3806
0.0461371,0.0215866,0.146495,46.0776,17.9009,51.3815
0.0464236,0.00471984,0.139586,45.4798,17.9299,51.3838
0.0419513,0.0161044,0.1584,59.0078,19.8415,51.3867
0.0442985,0.0303627,0.149747,51.1272,18.2942,51.3868
0.0462061,0.00420868,0.140981,46.9016,17.9886,51.3878
0.0427817,0.0254324,0.148106,56.1771,18.3869,51.3881
0.0433499,0.0418716,0.149031,54.9143,18.0961,51.3883
0.0443961,0.00146466,0.139567,51.7042,17.6726,51.3911
0.0460028,0.0475425,0.165916,46.5296,18.6723,51.3931
0.0439807,0.00706482,0.160854,52.9645,18.1297,51.3943
0.0428011,0.0207842,0.140148,56.543,18.9369,51.3945
0.0494559,0.0094833,0.155595,38.7113,17.3054,51.3952
0.0436406,0.0427919,0.155293,53.0173,18.1931,51.3952
0.0431441,0.0171647,0.162417,55.021,19.9814,51.3955
0.0427781,0.0214939,0.140515,56.1765,18.5938,51.3968
0.0504708,0.00412036,0.162192,36.5501,17.1104,51.3974
0.0469431,0.00714548,0.144777,44.0472,17.08,51.3994
0.0422323,0.00174674,0.134763,58.4818,18.2533,51.3997
0.0447593,0.0181229,0.162515,50.8604,18.2583,51.3998
0.0428193,0.0199358,0.151595,56.0818,18.4805,51.3999
0.0476885,0.0277184,0.158315,42.7738,17.2624,51.4011
0.0472755,0.0266805,0.154538,43.0772,17.6446,51.402
0.0464639,0.0243989,0.14462,45.5231,17.6434,51.4026
0.0447826,0.00439203,0.136033,50.7619,17.0724,51.4036
0.0480487,0.0351641,0.161213,41.4517,17.2641,51.4039
0.0422694,0.00398324,0.142215,58.6986,18.166,51.4046
0.046453,0.00562986,0.157452,45.233,17.484,51.405
0.0484676,0.0299907,0.159583,40.1217,17.4882,51.4079
0.0485552,0.0248832,0.162746,40.5335,17.4915,51.4089
0.0437223,0.0421022,0.155823,53.9747,18.2308,51.4098
0.0453873,0.0332068,0.149277,48.9459,17.2437,51.4121
0.0481304,0.0211638,0.157638,41.0036,17.3586,51.4132
0.0434114,0.0417038,0.155943,54.6357,18.3913,51.4134
0.0434316,0.0284113,0.156952,54.5591,18.6134,51.4145
0.0425585,0.00872731,0.138161,57.7548,18.1111,51.4154
0.0444075,0.0229654,0.16333,51.5482,18.7634,51.4164
0.04578,0.0279719,0.161682,47.4363,18.7024,51.4169
0.0447094,0.00471085,0.143448,50.2538,17.0977,51.4174
0.0449127,0.0620251,0.165481,49.0677,18.7998,51.4195
0.0464609,0.0147667,0.160059,45.4952,17.3585,51.4206
0.0443917,0.00815787,0.139417,51.4248,17.1163,51.425
0.043998,0.0372234,0.165889,52.003,18.5502,51.4262
0.0452526,0.0270773,0.165068,48.5458,18.6426,51.4268
0.0484162,0.00122865,0.158612,40.3565,17.1936,51.4277
0.0425025,0.019116,0.143022,57.0824,18.4732,51.4317
0.0456706,0.0018866,0.149871,47.4831,18.5071,51.4319
0.0457265,0.00705722,0.150751,47.1468,17.3344,51.4339
0.0489003,0.0121569,0.154339,39.114,17.918,51.4352
0.0443021,0.0433815,0.152578,51.4686,18.377,51.4359
0.0469181,0.0225766,0.151232,44.6851,17.1828,51.4364
0.0489993,0.0052465,0.148672,39.5401,17.153,51.4371
0.0430636,0.0311722,0.152726,55.209,18.9849,51.4382
0.0468833,0.0269364,0.164248,44.8831,18.941,51.4398
0.0434645,0.0196377,0.151771,54.9873,18.6256,51.4399
0.0464436,0.0253306,0.144178,45.9457,17.3294,51.4413
0.0453692,0.0192762,0.147327,48.4371,17.8633,51.4421
0.0436902,0.0184601,0.161431,53.1013,18.1435,51.4425
0.0479896,0.0129322,0.159934,41.6036,17.2539,51.444
0.0443854,0.000485249,0.138574,51.8001,17.9492,51.445
0.0485581,0.00672329,0.147313,40.9313,17.5672,51.4454
0.0433302,0.0367514,0.150796,54.555,18.954,51.4466
0.0445808,0.0103014,0.161322,50.9399,18.8693,51.4469
0.0425659,0.0187882,0.145613,57.4859,18.8106,51.4496
0.0479852,0.0130143,0.158641,41.6864,17.0639,51.4506
0.0426056,0.00199754,0.158934,57.52,19.9981,51.4513
0.0475744,0.0142808,0.152528,42.6316,17.2834,51.4514
0.0460689,0.0032397,0.150521,46.5,18.9048,51.4528
0.0471919,0.00443587,0.155552,43.3399,17.3603,51.4544
0.04771,0.0111117,0.146925,42.2933,17.102,51.4547
0.0484981,0.011008,0.148483,40.1598,17.4444,51.4548
0.043125,0.0107016,0.159333,55.707,19.8937,51.4548
0.0480014,0.0263979,0.16354,41.9708,17.1838,51.4576
0.0489766,0.0158693,0.154163,39.4567,17.2216,51.4579
0.0436717,0.0186589,0.143378,53.4273,18.6041,51.4586
0.0437281,0.0204026,0.143384,53.8265,18.1853,51.4687
0.0444022,0.00613568,0.141159,51.2445,17.2003,51.469
0.04195,0.0329479,0.164294,59.4565,19.4444,51.4693
0.0467936,0.0235282,0.147573,44.6949,17.8533,51.47
0.0433293,0.0245418,0.149263,54.0229,18.7768,51.4707
0.0471888,0.00360686,0.1441,43.366,17.0298,51.4716
0.0464508,0.0416823,0.161328,45.959,17.0117,51.4723
0.0456909,0.0487624,0.164171,47.9829,18.5296,51.4724
0.0476592,0.013209,0.144854,42.6072,17.1932,51.4731
0.0443443,0.00451555,0.130122,51.0171,17.8563,51.4747
0.0461,0.0375587,0.159541,46.5704,17.0452,51.4749
0.0481372,0.00187281,0.142868,41.8684,17.4304,51.4752
0.0445736,0.033283,0.161958,50.1486,18.0329,51.4761
0.0437658,0.0149997,0.145457,53.6328,18.6308,51.4776
0.0454027,0.0362886,0.161718,48.8953,18.8992,51.4776
0.0464595,0.015803,0.155663,45.9512,18.2494,51.4784
0.046381,0.0298853,0.162444,45.9036,18.8087,51.4802
0.0480872,0.0340966,0.163921,41.9266,17.0436,51.4816
0.0425371,0.0271553,0.147798,57.9184,18.2196,51.4818
0.0456938,0.0125584,0.151293,47.8708,18.5214,51.4838
0.0430993,0.0134468,0.153812,55.025,18.3816,51.484
0.0502957,0.00900694,0.165687,36.5378,17.0514,51.4877
0.0449227,0.00570017,0.156791,49.9007,18.8582,51.4878
0.046492,0.0336858,0.163648,45.3439,17.8522,51.4896
0.0468433,0.0413136,0.15927,44.9366,17.0266,51.4909
0.0488564,0.0242768,0.164724,39.1995,17.6137,51.4913
0.0464497,0.0126964,0.13931,45.3119,17.9001,51.4918
0.0439411,0.032163,0.160438,52.0663,18.6007,51.4919
0.0494751,0.0021666,0.150438,38.3917,17.8952,51.4942
0.0439743,0.059149,0.164105,52.873,18.2809,51.4949
0.0431263,0.0317127,0.154528,55.8588,18.9844,51.4954
0.0480144,0.00736291,0.165015,41.217,17.0834,51.4963
0.0476352,0.0395176,0.163447,42.837,17.4894,51.4966
0.0444067,0.00914594,0.165328,51.2095,18.478,51.4996
0.0457833,0.00722477,0.136791,47.3089,17.2705,51.5
0.0436968,0.0494213,0.156173,53.434,18.5701,51.5
0.0424904,0.0154426,0.13923,57.8373,18.6487,51.5008
0.0449532,0.0617229,0.165266,49.2254,18.5589,51.5019
0.0460681,0.00262081,0.149438,46.1131,17.6664,51.5043
0.0436757,0.0464942,0.150915,53.7533,18.1585,51.5084
0.0469439,0.00195384,0.140948,44.9891,17.4664,51.509
0.0423061,0.00444588,0.139785,58.3634,18.1901,51.5107
0.0422525,0.00732402,0.142067,58.1226,18.9735,51.5113
0.0467939,0.0299675,0.150955,44.4499,17.6809,51.5126
0.0436937,0.0524783,0.159797,53.0803,18.2007,51.5126
0.047599,0.0323306,0.159837,42.2228,17.4045,51.5129
0.0464501,0.0447558,0.1601,45.6267,17.6925,51.5145
0.0419712,0.00534735,0.164059,59.5334,19.6302,51.5154
0.044695,0.00972706,0.132422,50.1382,17.2784,51.5164
0.0472894,0.0100088,0.142717,43.4997,17.5678,51.5168
0.0475783,0.00405921,0.153115,42.2419,17.4206,51.5172
0.0450412,0.0139146,0.134899,49.0198,17.309,51.5178
0.0480212,0.0263073,0.15382,41.6571,17.528,51.5179
0.0430966,0.00492265,0.136249,55.1743,18.8081,51.5205
0.0460682,0.0199559,0.154849,46.3897,18.9405,51.5209
0.0447256,0.00672623,0.144045,50.2711,18.4101,51.5214
0.0467864,0.0109434,0.149351,44.4875,17.5937,51.5226
0.0485923,0.00646137,0.149932,40.2841,17.4748,51.5232
0.0433664,0.00403322,0.161323,54.6864,19.584,51.5261
0.0450325,0.0250243,0.143083,49.0621,17.874,51.5268
0.04562,0.0237455,0.161658,47.1744,18.6614,51.5271
0.0465568,0.0135064,0.14511,45.7284,17.1391,51.5296
0.0493015,0.00541391,0.164476,38.7764,17.5842,51.5301
0.0447699,0.0118143,0.165319,50.599,18.3858,51.5308
0.0489172,0.0273652,0.157616,39.6109,17.0029,51.5314
0.046488,0.0341698,0.164081,45.225,17.4631,51.5317
0.0428433,0.0234566,0.146331,56.5449,18.4367,51.5338
0.0422265,0.00705353,0.138112,58.109,18.8802,51.5354
0.041755,0.00100772,0.152929,60.6808,19.3132,51.5367
0.0472012,0.0341631,0.161418,43.852,17.2427,51.5374
0.0489773,0.0251193,0.161923,39.7981,17.2229,51.5382
0.0468065,0.0151374,0.14292,44.9381,17.4644,51.5388
0.0460629,0.0319205,0.158277,46.3991,18.0635,51.5398
0.0465437,0.0260077,0.153276,45.6783,17.453,51.5414
0.0476128,0.0368471,0.158825,42.1427,17.7867,51.5423
0.049902,0.0179732,0.162651,37.6157,17.7238,51.5424
0.0479825,0.0202134,0.15699,41.2363,17.7667,51.5431
0.0457644,0.00312862,0.156751,47.4946,17.3544,51.5444
0.0457199,0.0367081,0.155063,47.9135,17.8645,51.5446
0.0473885,0.00348063,0.164736,43.2592,18.4837,51.5494
0.0489425,0.0200277,0.154183,39.9857,17.8829,51.55
0.0433783,0.047594,0.156953,54.5194,18.7973,51.5507
0.0484567,0.0250393,0.15448,40.1964,17.3317,51.551
0.0499914,0.00176988,0.156313,37.4346,17.2999,51.5514
0.0467825,0.0153012,0.149592,44.8182,17.9522,51.5518
0.0470121,0.000761072,0.147558,44.9409,17.7048,51.5534
0.0428907,0.00458634,0.142328,56.5902,18.5264,51.5538
0.0427696,0.0332037,0.14428,56.7715,18.6425,51.5547
0.0450861,0.00649046,0.147569,49.8812,18.7575,51.5551
0.045649,0.0521738,0.1642,47.9977,18.6032,51.5557
0.0489894,0.00633128,0.148538,39.5585,17.8836,51.5594
0.0481074,0.0115823,0.146047,41.3579,17.9653,51.5617
0.0430829,0.0363257,0.145238,55.6032,18.5176,51.5618
0.0417266,0.0170505,0.162193,60.4562,19.2892,51.5629
0.0453054,0.0496534,0.160414,48.2808,18.1613,51.5639
0.0460824,0.0150471,0.15686,46.9004,17.3062,51.5642
0.0430927,0.0399167,0.148296,55.1596,18.9721,51.5645
0.0457378,0.00840727,0.155532,47.0457,17.3131,51.5661
0.0485888,0.0162546,0.157351,40.4205,17.9712,51.5663
0.0452639,0.0285702,0.160437,48.6212,18.6974,51.567
0.0439777,0.0477968,0.152267,52.9465,18.4946,51.5679
0.04547,0.0125934,0.1414,48.8102,17.933,51.5686
0.0440059,0.058877,0.163358,52.8261,18.6351,51.5701
0.0449808,0.0331975,0.152508,49.5906,18.106,51.5702
0.0445704,0.0613826,0.163435,50.9042,18.2179,51.5713
0.0437304,0.036265,0.151437,53.7089,18.6743,51.5749
0.0452899,0.00739353,0.152331,48.8138,18.664,51.5754
0.0444452,0.0122188,0.154681,51.208,18.1896,51.5761
0.0439523,0.060938,0.159388,52.8003,18.8987,51.5762
0.0469203,0.0233663,0.150948,44.4812,17.6518,51.5785
0.0452955,0.015719,0.152353,48.8241,18.1647,51.5786
0.0449099,0.0123611,0.15972,49.845,18.8967,51.5787
0.0451431,0.00179507,0.136067,49.8866,17.861,51.5794
0.0439413,0.0554765,0.160724,52.1022,18.862,51.5799
0.0419735,0.0103002,0.135552,59.8064,18.224,51.5817
0.046359,0.00332861,0.162119,45.9037,18.8003,51.5817
0.0428113,0.0347279,0.152015,56.2221,18.3101,51.5875
0.0464248,0.0403158,0.155882,45.1154,17.6072,51.5884
0.0465582,0.0213444,0.15834,45.5572,17.7633,51.5885
0.0425416,0.0100832,0.148709,57.9099,18.0031,51.5914
0.0495421,0.00919428,0.161857,38.3456,17.2638,51.5917
0.0457147,0.00401172,0.14892,47.0534,17.428,51.5917
0.0430749,0.0178422,0.153401,55.3645,18.8851,51.5926
0.0419852,0.0234738,0.157795,59.8512,19.2887,51.5937
0.0456844,0.00227768,0.148541,47.0533,18.7627,51.594
0.0420166,0.00997381,0.155098,59.0037,19.2322,51.5951
0.0495652,0.00191547,0.163105,38.2638,17.7382,51.5954
0.044781,0.00987935,0.137321,50.8119,17.7758,51.5972
0.0449006,0.0204988,0.164247,49.3927,18.4092,51.5972
0.0450903,0.0204235,0.14173,49.0197,17.6185,51.6002
0.0438001,0.00288896,0.162403,53.9856,19.4561,51.6003
0.0456905,0.0159146,0.151782,47.5188,18.0244,51.6008
0.0468946,0.00596636,0.138429,44.8162,17.6241,51.6008
0.0456033,0.028203,0.165497,47.4992,18.6289,51.602
0.0491175,0.000470896,0.158155,39.8371,17.9006,51.6031
0.0456846,0.00265606,0.136814,47.4268,17.8523,51.6048
0.0456463,0.0520074,0.163977,47.2809,18.2285,51.6078
0.0475624,0.00630911,0.16368,42.1255,18.4951,51.6103
0.0460985,0.0103461,0.159363,46.7034,17.7738,51.6124
0.0444006,0.00966137,0.1445,51.0381,18.1376,51.6125
0.0465089,0.0364431,0.157218,45.9992,17.1087,51.6128
0.0485793,0.00461385,0.146649,40.1439,17.4019,51.6136
0.0457891,0.0122317,0.139617,47.1034,17.9427,51.6172
0.0436303,0.0160761,0.149838,53.7514,18.5997,51.6177
0.0481867,0.00943685,0.15132,41.3659,17.8264,51.6192
0.0473602,0.0117695,0.148398,43.0186,17.6684,51.6209
0.0481102,0.0128897,0.146888,41.7185,17.4611,51.6217
0.0461185,0.0150392,0.15289,46.2475,18.6605,51.6234
0.0479985,0.0270782,0.165776,41.6335,17.2677,51.6243
0.0452572,0.0151174,0.160454,48.9194,18.8287,51.625
0.0469171,0.0302901,0.163056,44.4969,17.2645,51.6254
0.0454604,0.00540627,0.137274,48.4603,17.8675,51.6283
0.0436609,0.0566402,0.154765,53.2282,18.8803,51.6289
0.0444412,0.00506733,0.134133,51.9235,17.0202,51.629
0.0447156,0.00228487,0.142105,50.7469,18.1404,51.6294
0.0442962,0.00989472,0.14519,51.4864,18.0305,51.6301
0.0440499,0.00623476,0.133589,52.6229,17.8561,51.6334
0.0416982,0.00288804,0.152476,60.7368,19.2264,51.6344
0.0446391,0.0368354,0.151591,50.831,18.5464,51.6346
0.0481361,0.00672718,0.145193,41.8361,17.751,51.6347
0.0457045,0.0125628,0.14788,47.2314,17.5645,51.6355
0.0457949,0.000543726,0.133283,47.2906,17.102,51.6356
0.0473581,0.0183239,0.158203,43.0596,17.8601,51.6365
0.0464977,0.0282122,0.161808,45.7534,18.8561,51.6386
0.0444032,0.0192324,0.141762,51.579,17.5206,51.6403
0.0471826,0.00652035,0.156725,43.8443,17.851,51.6405
0.0453443,0.0514763,0.163838,48.4184,18.0026,51.6422
0.048423,0.0311072,0.161194,40.4556,17.3982,51.643
0.04339,0.00577063,0.137724,54.4396,18.989,51.6433
0.0476432,0.0203342,0.146703,42.5603,17.7928,51.644
0.044392,0.0150399,0.137202,51.8974,17.4916,51.644
0.0460575,0.0332426,0.144966,46.097,17.1281,51.6445
0.044384,0.0255322,0.150044,51.9835,18.0666,51.6446
0.045827,0.0163797,0.144722,47.9619,17.4595,51.6454
0.0474097,0.00301785,0.152486,43.1236,17.3478,51.6456
0.050012,0.0031457,0.157214,37.5943,17.9085,51.6458
0.0464771,0.039889,0.155489,45.3323,17.0669,51.646
0.0458109,0.00843084,0.153755,47.1537,18.4681,51.6491
0.0468485,0.0266585,0.146076,44.7371,17.6044,51.6497
0.0476255,0.0338603,0.153735,42.6896,17.722,51.6501
0.0486371,0.0107923,0.165613,40.5608,17.4501,51.6501
0.0469814,0.0068083,0.144107,44.7387,17.0359,51.6506
0.0431318,0.0334235,0.153366,55.9811,18.648,51.6516
0.0475632,0.0242875,0.15772,42.0017,17.0708,51.6553
0.0431053,0.0270341,0.163302,55.372,19.7777,51.6575
0.0439265,0.0330253,0.156252,52.6199,18.7344,51.659
0.0446742,0.00411999,0.165716,50.061,19.7597,51.6594
0.0437984,0.0126741,0.150461,53.6341,18.0882,51.6596
0.0451151,0.0156989,0.154286,49.901,18.2094,51.6605
0.0450296,0.0123926,0.148378,49.8705,17.1639,51.6633
0.0473315,0.026473,0.158022,43.2909,17.0228,51.6634
0.0486166,0.0158091,0.164621,40.3077,17.8003,51.6635
0.0420321,0.000784842,0.139057,59.5475,18.5956,51.6674
0.0439584,0.0518245,0.165967,52.7624,18.1628,51.668
0.0472914,0.0203865,0.149072,43.2849,17.7225,51.6691
0.0491085,0.00375904,0.156173,39.9138,17.9379,51.6695
0.0449156,0.0161463,0.1578,49.0869,18.6175,51.6714
0.0456971,0.0256166,0.14933,47.9711,17.302,51.6754
0.0444566,0.0054789,0.135241,51.1932,17.3151,51.677
0.0419546,0.0402611,0.162948,59.5108,19.5003,51.6792
0.0457484,0.0395562,0.153645,47.5324,17.488,51.6806
0.0427569,0.0291574,0.14653,56.5925,18.433,51.6809
0.0447146,0.0103801,0.144167,50.2765,18.8312,51.681
0.0485592,0.0118026,0.149729,40.3111,17.0751,51.683
0.0464252,0.0128693,0.152713,45.4664,17.2087,51.6846
0.0458017,0.0130095,0.140696,47.6546,17.075,51.6855
0.0430345,0.0374999,0.148903,55.3778,18.6897,51.6862
0.0449633,0.0048089,0.146852,49.522,18.8278,51.6868
0.0467537,0.0173764,0.161453,44.1953,18.2623,51.6879
0.0439706,0.0657017,0.16507,52.1942,18.886,51.6881
0.0472822,0.0218519,0.148769,43.0945,17.7194,51.6889
