beta,permeability,xi,init_days,delay,value
0.0462283,0.995527,0.163347,0.708643,10.4848,50.6895
0.0462752,0.988944,0.160227,0.0441025,10.7671,50.7313
0.0462414,0.996141,0.162048,0.389817,10.9524,50.7371
0.0462639,0.987941,0.164683,0.0116357,10.5885,50.7401
0.0462561,0.995298,0.155598,0.963874,10.7907,50.7538
0.0462675,0.99446,0.159607,0.693417,10.9571,50.7781
0.046277,0.992568,0.157301,0.467094,10.1801,50.7826
0.0462458,0.987257,0.16534,0.735696,10.2219,50.7885
0.0462962,0.980567,0.165745,0.615001,10.9678,50.7914
0.0462756,0.993481,0.159605,0.0234092,10.1095,50.7918
0.046258,0.997642,0.164016,0.294994,10.4029,50.7963
0.0462588,0.993477,0.164604,0.168484,10.2648,50.7975
0.0462759,0.997191,0.159651,0.768499,10.5133,50.8022
0.0462926,0.983568,0.159891,0.728165,10.2347,50.8101
0.0462855,0.99574,0.16021,0.44534,10.5837,50.8146
0.0462539,0.998447,0.15364,0.0329553,10.4932,50.8196
0.0463247,0.98084,0.161396,0.773607,10.1012,50.8296
0.0462613,0.996286,0.15266,0.369093,10.4216,50.8302
0.0462946,0.991093,0.164215,0.516287,10.4038,50.8395
0.046315,0.991218,0.155481,0.0923219,10.5391,50.8419
0.0463201,0.9794,0.165731,0.540662,10.1669,50.8431
0.0463759,0.974133,0.155979,0.131931,10.4984,50.8452
0.046331,0.985396,0.156564,0.14111,10.8599,50.8481
0.0461744,0.995893,0.145041,0.05172,9.52494,50.8495
0.0463093,0.98936,0.163785,0.0918411,10.7953,50.85
0.0463927,0.974143,0.152163,0.946971,10.6331,50.8511
0.0461079,0.997865,0.152756,0.766088,9.08146,50.8543
0.0461915,0.994077,0.164679,0.656055,10.2532,50.8598
0.0463072,0.978589,0.162252,0.688483,10.3936,50.8599
0.0462318,0.992883,0.157907,0.988931,10.4986,50.8615
0.0461912,0.99538,0.163225,0.101921,10.6804,50.8615
0.0463222,0.983483,0.162408,0.652157,10.2925,50.8638
0.0463727,0.974235,0.154936,0.0465681,10.044,50.8685
0.0461644,0.992257,0.145783,0.888925,9.01888,50.8693
0.0463486,0.982928,0.156025,0.210804,10.9416,50.8714
0.0466066,0.951076,0.166163,0.195813,11.3837,50.8745
0.0463524,0.976929,0.161691,0.623658,10.2839,50.8776
0.0461779,0.999169,0.143736,0.69705,9.54571,50.8804
0.0462611,0.985945,0.136691,0.037079,9.14202,50.8809
0.0463668,0.977893,0.156629,0.102428,10.0084,50.8814
0.046201,0.98992,0.144919,0.509367,9.75885,50.8821
0.0461691,0.997519,0.145987,0.435631,9.43377,50.8826
0.0463125,0.984603,0.152754,0.347281,10.2827,50.8826
0.0463683,0.973083,0.156801,0.586645,10.2036,50.8859
0.0461181,0.995723,0.152713,0.00501547,9.56581,50.8873
0.0463619,0.985961,0.153424,0.174288,10.352,50.8879
0.0466121,0.951071,0.165993,0.612199,11.7246,50.8886
0.0461334,0.995173,0.152895,0.476037,9.4251,50.8894
0.046322,0.988496,0.162884,0.294615,10.097,50.892
0.0463443,0.981492,0.163774,0.0790008,10.4451,50.8925
0.0462825,0.997813,0.151426,0.502034,10.8699,50.8966
0.0463541,0.982801,0.160455,0.51841,10.5248,50.8971
0.0462607,0.983347,0.139682,0.694523,9.34468,50.8996
0.0463176,0.979153,0.15567,0.789212,10.0526,50.9025
0.0461201,0.997066,0.125364,0.308819,8.3525,50.9032
0.04637,0.983915,0.149173,0.774479,10.2003,50.908
0.0463585,0.96954,0.163198,0.308488,10.1918,50.9085
0.0463525,0.978171,0.16655,0.231922,10.8504,50.9096
0.0463749,0.973626,0.162333,0.0805502,10.978,50.9098
0.0463639,0.972334,0.166085,0.916697,10.2196,50.9105
0.0463641,0.977445,0.163286,0.0414306,10.3862,50.9107
0.0461283,0.993949,0.152888,0.521857,9.37933,50.9107
0.0462317,0.992082,0.134976,0.661833,9.29305,50.9111
0.0462141,0.990965,0.143278,0.592179,9.89025,50.9117
0.046149,0.995602,0.143535,0.0624319,9.19717,50.9118
0.0463658,0.974219,0.153103,0.701312,10.717,50.913
0.0463231,0.997249,0.151542,0.260428,10.1387,50.914
0.0465841,0.957841,0.163522,0.345171,11.1082,50.9163
0.0464538,0.967187,0.147875,0.481393,10.2221,50.9174
0.0466041,0.958501,0.165199,0.280037,11.7194,50.9228
0.0463947,0.971011,0.160358,0.850389,10.6523,50.9233
0.0462638,0.988604,0.135762,0.279269,9.05719,50.9235
0.0461449,0.99201,0.152131,0.0544419,9.69548,50.9242
0.0462544,0.986424,0.139711,0.352896,9.68807,50.9246
0.0466119,0.95665,0.16517,0.911729,11.8475,50.9246
0.0464065,0.968248,0.154343,0.948232,10.4074,50.9251
0.0463944,0.980433,0.152263,0.352458,10.8927,50.9252
0.0463368,0.973949,0.158778,0.85474,10.242,50.9253
0.0461988,0.995609,0.16009,0.560868,10.5787,50.9258
0.0462385,0.998727,0.138599,0.189265,9.29909,50.9259
0.0464617,0.966995,0.146757,0.804976,10.2249,50.9267
0.0463425,0.990242,0.15652,0.642302,10.0598,50.9276
0.0464058,0.983484,0.148981,0.47991,10.8881,50.9279
0.04663,0.952837,0.164773,0.922387,11.1794,50.9301
0.0464108,0.963487,0.163223,0.359608,10.4323,50.9332
0.046435,0.973038,0.148025,0.939331,10.3974,50.9341
0.0463607,0.983788,0.159894,0.922081,10.6868,50.9341
0.0462777,0.989663,0.152166,0.527977,10.5536,50.9347
0.0464194,0.970808,0.147902,0.874353,10.6097,50.9356
0.0465838,0.952633,0.164993,0.52344,11.5866,50.9358
0.0465729,0.955144,0.164302,0.669938,11.0572,50.9377
0.0462437,0.997297,0.137975,0.357698,9.77734,50.938
0.0466399,0.948667,0.162065,0.391311,11.2446,50.9394
0.0463081,0.989921,0.148733,0.624152,10.1443,50.9397
0.0463294,0.988315,0.162842,0.770791,10.9004,50.9401
0.0466681,0.941602,0.161686,0.320191,11.7576,50.9405
0.0464226,0.982539,0.166455,0.101855,11.1065,50.9405
0.0464223,0.969812,0.148068,0.0448317,10.8674,50.9436
0.0462395,0.990075,0.157854,0.329391,10.4768,50.9446
0.0462311,0.985863,0.138648,0.314153,9.30395,50.9448
0.046338,0.972647,0.158652,0.992259,10.2014,50.9455
0.0461603,0.998271,0.120623,0.279608,8.36896,50.9463
0.0462101,0.994187,0.143767,0.98628,9.65709,50.9466
0.0462235,0.993015,0.157644,0.0246768,10.8602,50.9483
0.0461793,0.992428,0.148708,0.391096,9.9672,50.9487
0.0464144,0.975456,0.156573,0.522347,10.0673,50.9493
0.0464171,0.968456,0.15963,0.33371,10.9556,50.9493
0.0465623,0.960695,0.161817,0.496623,11.6066,50.951
0.0461587,0.989759,0.151865,0.00227196,9.66397,50.9511
0.0463886,0.963358,0.163862,0.300817,10.0883,50.9512
0.0464323,0.977272,0.148128,0.567936,10.2366,50.9523
0.0467094,0.935011,0.162576,0.306613,11.0455,50.9523
0.046269,0.983166,0.159446,0.794645,10.5306,50.9527
0.0465637,0.958717,0.162922,0.635029,11.2542,50.9534
0.046284,0.991056,0.150332,0.469349,10.2854,50.9552
0.0465672,0.95293,0.166568,0.398907,11.4576,50.9561
0.0463948,0.963395,0.164762,0.405655,10.1456,50.9566
0.0463793,0.965887,0.161554,0.418369,10.1643,50.9571
0.0463281,0.978076,0.133482,0.784262,9.65911,50.959
0.0464572,0.970065,0.147004,0.3614,10.3701,50.9592
0.0463314,0.986441,0.147724,0.143059,10.7173,50.9593
0.0462968,0.99872,0.159738,0.484831,10.6965,50.9594
0.0462852,0.998966,0.148286,0.747022,10.4078,50.9607
0.0464162,0.961295,0.16326,0.956178,10.5509,50.961
0.0465621,0.957564,0.163696,0.970348,11.4685,50.9623
0.0461683,0.990326,0.151804,0.294572,9.49523,50.9623
0.0464236,0.973978,0.153431,0.0247209,10.1169,50.9628
0.0466764,0.942884,0.165862,0.705964,11.7018,50.9632
0.0462642,0.993183,0.135514,0.941795,9.85304,50.965
0.0463842,0.970005,0.152427,0.0928453,10.6513,50.9654
0.0463411,0.985045,0.165131,0.354984,10.1882,50.9662
0.0464085,0.976299,0.157834,0.315496,10.2205,50.9663
0.0464406,0.962662,0.153711,0.238824,10.8064,50.9664
0.046417,0.967231,0.151126,0.256772,10.5112,50.9666
0.0462901,0.997575,0.146102,0.0131844,10.9696,50.9683
0.046434,0.967562,0.159233,0.690356,10.1622,50.9691
0.0466834,0.943289,0.161035,0.85583,11.3869,50.9692
0.0461755,0.996301,0.148489,0.498136,9.83915,50.9693
0.0462975,0.995384,0.164001,0.339505,10.881,50.9696
0.0461808,0.992855,0.149052,0.754574,9.85549,50.9724
0.0465571,0.958541,0.163502,0.0821243,11.4121,50.973
0.0464344,0.970604,0.158755,0.539804,10.5905,50.9737
0.0463998,0.966773,0.154921,0.00675848,10.5056,50.9738
0.046693,0.940885,0.166279,0.15504,11.4297,50.9738
0.0466758,0.944437,0.160078,0.881911,11.16,50.9757
0.0460901,0.99615,0.155857,0.278029,9.90055,50.976
0.0467144,0.934589,0.165039,0.729382,11.1782,50.9769
0.0464974,0.956397,0.151856,0.316291,10.1577,50.9777
0.0463471,0.985883,0.162632,0.31243,10.0881,50.9783
0.0463043,0.994486,0.163601,0.423236,10.5851,50.9784
0.0463253,0.997867,0.154142,0.132127,10.4941,50.9791
0.0463633,0.982793,0.162215,0.528629,10.9271,50.9792
0.04646,0.972092,0.144425,0.390478,10.4626,50.9799
0.046277,0.990482,0.133548,0.621945,9.95028,50.9804
0.0461475,0.996157,0.120986,0.662178,8.52009,50.9818
0.0462762,0.986482,0.138447,0.235626,9.62442,50.9821
0.0462245,0.989811,0.144396,0.504314,9.19726,50.9822
0.0463126,0.977704,0.1343,0.699657,9.34181,50.9825
0.0461973,0.988601,0.148911,0.485234,9.32837,50.9828
0.0463765,0.982909,0.158465,0.866798,10.7065,50.9832
0.0463268,0.991611,0.16111,0.664642,10.5023,50.9835
0.0463344,0.988742,0.162674,0.145223,10.3592,50.9838
0.0466685,0.937584,0.164993,0.445012,11.7102,50.9843
0.0463885,0.972186,0.149192,0.407872,10.8145,50.9843
0.0463088,0.984666,0.133303,0.0965576,9.48955,50.985
0.0461877,0.991595,0.139821,0.626079,9.68249,50.9864
0.0462224,0.989175,0.145065,0.871246,9.28079,50.9865
0.0466717,0.936267,0.166208,0.878292,11.064,50.9866
0.046704,0.940573,0.163238,0.439185,11.6065,50.9867
0.0461692,0.992321,0.142099,0.153718,9.7724,50.9874
0.0467653,0.925011,0.161785,0.251676,11.4863,50.9876
0.0462178,0.99558,0.145122,0.43877,9.00828,50.9884
0.0464443,0.956983,0.159761,0.18715,10.2871,50.9894
0.0467003,0.941845,0.159876,0.649506,11.5211,50.9896
0.0463566,0.98876,0.145972,0.0315051,10.1743,50.9899
0.0464637,0.967173,0.155814,0.65651,10.7944,50.99
0.0461406,0.997639,0.141839,0.24982,9.48462,50.99
0.0465877,0.96349,0.164497,0.352583,11.1868,50.9901
0.0464499,0.962989,0.159684,0.101053,10.5873,50.9904
0.0466951,0.933052,0.165631,0.182579,11.9375,50.9906
0.0462407,0.99751,0.128039,0.231817,9.51135,50.9906
0.0461584,0.989315,0.154067,0.701546,9.59862,50.9907
0.0464578,0.966272,0.156445,0.425322,10.397,50.991
0.0462549,0.97989,0.140365,0.313815,9.18523,50.991
0.0462664,0.979764,0.138417,0.358286,9.54126,50.9927
0.0463495,0.994836,0.1465,0.703156,10.9453,50.9928
0.0462889,0.981722,0.156388,0.653986,10.1572,50.9939
0.0461812,0.988712,0.123395,0.344582,8.20052,50.9943
0.0462464,0.984833,0.161104,0.330938,10.0326,50.9972
0.0464367,0.980273,0.164486,0.579098,11.8946,50.9978
0.0465368,0.957659,0.166008,0.137259,11.8957,50.9978
0.046419,0.963252,0.15513,0.842555,10.216,50.9984
0.0462659,0.996701,0.132835,0.138415,9.21367,50.9987
0.0460687,0.999223,0.154819,0.141377,9.50114,51
0.0462049,0.996565,0.156883,0.430807,10.7866,51.0004
0.0462823,0.986703,0.130553,0.0693112,9.75764,51.0019
0.0463114,0.975628,0.139187,0.820442,9.04768,51.0024
0.0463979,0.988252,0.146566,0.665519,10.1119,51.0036
0.0464272,0.962452,0.154414,0.71526,10.5347,51.0041
0.0463027,0.988201,0.137268,0.0938668,9.67808,51.005
0.0463296,0.981269,0.129,0.786905,9.56482,51.0051
0.0464799,0.969721,0.14664,0.122704,10.7336,51.0053
0.0467716,0.926575,0.159441,0.612097,11.1054,51.0055
0.0463699,0.989717,0.153074,0.665966,10.4368,51.0057
0.0463308,0.992635,0.159756,0.510669,10.3381,51.0059
0.0461783,0.995562,0.122154,0.714034,8.45471,51.0061
0.0463477,0.995649,0.151268,0.326403,10.8261,51.0063
0.0463793,0.984139,0.14286,0.375373,10.1471,51.0066
0.0463332,0.983525,0.126889,0.256581,9.87106,51.0067
0.0466569,0.953012,0.15898,0.125039,11.7862,51.0068
0.0462723,0.983578,0.157297,0.154538,10.6254,51.0069
0.0466866,0.943862,0.156874,0.492636,11.4025,51.007
0.0461528,0.989175,0.154432,0.548839,9.08659,51.0087
0.0465061,0.952104,0.153387,0.110143,10.9444,51.0096
0.0463905,0.989755,0.144931,0.934776,10.7965,51.0097
0.0467599,0.9297,0.159349,0.275695,11.7298,51.01
0.0463841,0.965012,0.157327,0.770917,10.9431,51.0103
0.0467587,0.927804,0.158484,0.881601,11.3394,51.0109
0.0467447,0.932934,0.160893,0.266153,11.9242,51.0113
0.0466504,0.950157,0.157482,0.432223,11.2699,51.0118
0.0463017,0.975224,0.140087,0.751897,9.97344,51.0123
0.0467616,0.928354,0.16212,0.0493717,11.8097,51.0125
0.0463626,0.986826,0.158468,0.506864,10.8717,51.0126
0.0463301,0.967426,0.166505,0.356519,10.8646,51.0129
0.046478,0.958493,0.15006,0.0340455,10.149,51.0133
0.0464086,0.980525,0.143313,0.919603,10.7214,51.0138
0.0462231,0.989097,0.119472,0.363741,8.3928,51.014
0.0463096,0.996896,0.145588,0.864415,10.2516,51.0146
0.046412,0.965062,0.1514,0.802625,10.7388,51.0146
0.0464215,0.974067,0.159068,0.784444,10.1872,51.0155
0.0461805,0.998832,0.121559,0.704086,8.74293,51.0158
0.0463295,0.983178,0.148259,0.612122,10.1202,51.0165
0.0462636,0.998106,0.128149,0.116826,9.44433,51.0165
0.0464708,0.959666,0.149507,0.995292,10.8697,51.0166
0.0464196,0.95786,0.16161,0.00253739,10.3712,51.0178
0.0463195,0.996703,0.146114,0.92437,10.7986,51.0184
0.0467643,0.930121,0.158403,0.994597,11.323,51.0195
0.0467807,0.920688,0.163023,0.496323,11.7848,51.0202
0.0463805,0.973333,0.129879,0.906884,9.6308,51.0208
0.0464718,0.963621,0.158294,0.856085,10.8374,51.0213
0.0467169,0.928525,0.165919,0.318498,11.0562,51.0217
0.0463245,0.977673,0.153463,0.363221,10.4983,51.0224
0.0462869,0.992475,0.129829,0.967743,9.14311,51.0225
0.0467634,0.928409,0.166496,0.130649,11.2429,51.0226
0.0462053,0.991097,0.117031,0.610559,8.52244,51.0227
0.0458583,0.98957,0.163846,1.046,11.3743,51.0227
0.0465564,0.956882,0.140002,0.994921,10.956,51.0233
0.0463863,0.991672,0.16239,0.365518,11.7679,51.0241
0.0461378,0.998165,0.125988,0.329836,8.46707,51.0242
0.0463605,0.988297,0.157713,0.251444,10.0716,51.0244
0.0467742,0.927202,0.161482,0.501021,11.7735,51.0253
0.046809,0.916186,0.163455,0.429486,11.9115,51.0255
0.0466922,0.946913,0.160092,0.534507,11.5139,51.0256
0.0462774,0.995606,0.130538,0.41861,9.04574,51.0262
0.046186,0.997618,0.121599,0.489732,8.07528,51.0264
0.0464152,0.96338,0.152988,0.376953,10.8138,51.0264
0.046322,0.98184,0.128924,0.80563,9.98775,51.0266
0.0462272,0.987035,0.161776,0.694266,10.6576,51.0268
0.0465111,0.964541,0.139798,0.713981,10.6362,51.0275
0.0460622,0.998303,0.134603,0.362319,8.81381,51.0276
0.0465274,0.97303,0.162222,0.64153,11.0215,51.0279
0.0463959,0.985942,0.144278,0.939396,10.6225,51.0281
0.0463498,0.992103,0.145101,0.556991,10.8574,51.0285
0.0463986,0.962485,0.157298,0.698953,10.1845,51.0286
0.0462648,0.998851,0.129055,0.0317034,9.08226,51.0288
0.0465014,0.966445,0.147877,0.129948,10.0773,51.0289
0.0463294,0.997634,0.145728,0.557589,10.6335,51.0302
0.0465327,0.950993,0.14912,0.135425,10.6808,51.0302
0.0462248,0.998976,0.110536,0.223623,8.1988,51.0314
0.0464974,0.964059,0.149715,0.16802,10.8175,51.0316
0.0460916,0.997219,0.150335,0.0144506,9.77954,51.0322
0.0467292,0.929821,0.160984,0.126922,11.8646,51.0323
0.0464434,0.984667,0.164265,0.179799,11.6669,51.0328
0.0462834,0.99314,0.137489,0.392503,9.01507,51.0335
0.0463269,0.989899,0.130518,0.501094,9.47604,51.0337
0.0465322,0.9629,0.141083,0.505788,10.4134,51.0338
0.0462164,0.993402,0.119151,0.49174,8.17037,51.0338
0.0461462,0.992631,0.144812,0.404673,9.28716,51.0339
0.0463663,0.972358,0.133681,0.598682,9.30891,51.0357
0.0460896,0.997727,0.131626,0.060484,8.45695,51.0358
0.0465543,0.951297,0.16613,0.724733,11.7529,51.0362
0.045831,0.995619,0.160643,1.09465,11.3862,51.0363
0.0463036,0.998142,0.143024,0.562897,10.5807,51.0369
0.0467868,0.925808,0.164544,0.227124,11.6008,51.0371
0.0468118,0.919348,0.157807,0.635046,11.3332,51.0375
0.0462211,0.996096,0.113649,0.327788,8.37753,51.0377
0.0463018,0.991124,0.128116,0.633303,9.82569,51.0382
0.0463627,0.966517,0.159279,0.5747,10.2758,51.0382
0.046515,0.967062,0.141154,0.400186,10.0395,51.0385
0.046271,0.980709,0.116527,0.369206,8.32705,51.0395
0.0463644,0.962918,0.164079,0.748688,10.9267,51.0395
0.046517,0.961867,0.145902,0.585054,10.2887,51.0398
0.0464826,0.95293,0.155322,0.723463,10.9607,51.0399
0.046716,0.942738,0.160137,0.461231,11.7719,51.0399
0.0465973,0.946436,0.164554,0.442199,11.4851,51.04
0.0465991,0.959929,0.158925,0.738264,11.1541,51.0403
0.0465231,0.958372,0.147386,0.263829,10.3246,51.0405
0.0461803,0.987277,0.144779,0.313315,9.14871,51.0406
0.0463506,0.998935,0.162949,0.487512,11.2473,51.0407
0.0467525,0.936922,0.158094,0.658839,11.6606,51.0407
0.0464104,0.959732,0.158594,0.253327,10.6585,51.0409
0.0462305,0.981271,0.142621,0.555379,9.31018,51.0409
0.0464613,0.959321,0.150243,0.219405,10.9684,51.0409
0.0462769,0.97613,0.143794,0.938621,9.42468,51.041
0.0462253,0.997891,0.117739,0.600245,8.65837,51.0411
0.0461755,0.98841,0.123022,0.48381,8.05738,51.0412
0.0462407,0.999036,0.141075,0.768499,9.75006,51.0413
0.0462096,0.992141,0.115609,0.718123,8.04482,51.0414
0.0468054,0.919033,0.163761,0.280612,11.4671,51.0415
0.0461728,0.998446,0.135201,0.777425,9.76233,51.0424
0.0465277,0.964053,0.142519,0.278446,10.8553,51.0425
0.0462341,0.990777,0.132632,0.53758,9.40285,51.0431
0.0464687,0.974852,0.14703,0.931523,10.4187,51.0434
0.0462265,0.98324,0.140643,0.93078,9.5324,51.0435
0.0466497,0.940343,0.162406,0.617929,11.0781,51.0438
0.0461738,0.985656,0.152428,0.367512,9.2595,51.0438
0.0467998,0.916638,0.165619,0.5342,11.6794,51.0438
0.046256,0.988128,0.114712,0.841589,8.00513,51.044
0.0458688,0.986399,0.16449,1.90887,11.5129,51.044
0.0464184,0.960518,0.155681,0.544978,10.3631,51.0443
0.0462129,0.985195,0.122673,0.0301394,8.76671,51.0446
0.0465732,0.948253,0.144616,0.163313,10.6746,51.045
0.0464681,0.956936,0.159952,0.0488836,10.6185,51.0452
0.0463233,0.972168,0.138131,0.3249,9.68678,51.0455
0.0463917,0.990726,0.143748,0.385541,10.9262,51.047
0.0461252,0.996854,0.106342,0.806565,7.25617,51.0471
0.0464078,0.98115,0.154771,0.497346,10.4583,51.0483
0.0466702,0.952481,0.157638,0.343562,11.7182,51.0487
0.0461113,0.994524,0.130599,0.96085,8.51107,51.0487
0.0467926,0.927724,0.159171,0.108168,11.2465,51.0487
0.0466197,0.943676,0.163515,0.683496,11.7575,51.0491
0.046362,0.981545,0.124431,0.238194,9.02327,51.0497
0.0458848,0.984421,0.164746,1.76964,11.4533,51.0499
0.046344,0.978386,0.134642,0.330949,9.31701,51.05
0.0467343,0.938328,0.155279,0.730702,11.8623,51.0503
0.0461274,0.993768,0.14676,0.186591,9.90236,51.0505
0.046238,0.983141,0.147205,0.259201,9.67634,51.0505
0.0467107,0.944205,0.155979,0.591704,11.4586,51.0506
0.0462305,0.995336,0.0961304,0.985123,7.22914,51.0513
0.0463417,0.99006,0.162295,0.65299,10.1972,51.0513
0.0464483,0.975988,0.150742,0.426889,10.233,51.0519
0.046278,0.977978,0.161749,0.67487,10.2785,51.0521
0.0463917,0.989789,0.149464,0.78172,10.9372,51.0522
0.0466902,0.948002,0.159864,0.922022,11.2571,51.0524
0.0463678,0.994553,0.14898,0.308796,10.2112,51.0538
0.0464387,0.963702,0.146742,0.350482,10.9654,51.0544
0.0466834,0.94843,0.155512,0.358487,11.6683,51.0544
0.0467229,0.942972,0.155729,0.0355289,11.1769,51.0545
0.0463635,0.99861,0.164531,0.135925,11.8237,51.0545
0.0464891,0.951152,0.155661,0.53212,10.9553,51.055
0.0468085,0.915209,0.164029,0.88838,11.7397,51.0565
0.0461081,0.998332,0.14535,0.967643,9.48772,51.0567
0.0466033,0.962102,0.165607,0.464831,11.8034,51.0569
0.0462191,0.995742,0.154417,0.619852,10.788,51.057
0.0465509,0.95702,0.143,0.754085,10.5162,51.0573
0.0462796,0.98645,0.11204,0.407525,8.13767,51.0575
0.0463038,0.980237,0.113551,0.469325,8.84966,51.0583
0.0465261,0.956217,0.166226,0.503835,11.1243,51.0583
0.0461873,0.994751,0.15075,0.625799,9.72202,51.0587
0.0463651,0.98158,0.124172,0.53297,9.46394,51.0597
0.0463001,0.994122,0.127278,0.974843,9.27989,51.0599
0.0465828,0.966253,0.164774,0.533229,11.1346,51.06
0.0462866,0.996539,0.134841,0.464036,9.9725,51.0603
0.0463917,0.963129,0.156827,0.795214,10.4872,51.0608
0.046471,0.973884,0.162771,0.337759,11.1123,51.0609
0.0463302,0.977337,0.130189,0.039758,9.28345,51.061
0.0462088,0.996842,0.112267,0.555241,8.73686,51.0614
0.046244,0.978116,0.145174,0.27813,9.47597,51.0616
0.0464538,0.957419,0.161815,0.238525,10.4765,51.0623
0.0463271,0.977901,0.137825,0.997186,9.78386,51.0625
0.046128,0.992709,0.129618,0.19728,8.66385,51.0627
0.0463533,0.982344,0.127221,0.477618,9.19331,51.0628
0.0458554,0.995258,0.159143,1.89544,11.3519,51.063
0.0465549,0.965231,0.157814,0.933727,11.993,51.063
0.0465789,0.943933,0.150741,0.658348,10.831,51.0632
0.0462519,0.994204,0.116809,0.0915461,8.17701,51.0635
0.0463967,0.995705,0.164136,0.145694,11.9582,51.0636
0.0464995,0.969589,0.161859,0.463509,11.6165,51.0639
0.0465243,0.970056,0.158326,0.154724,11.6436,51.0639
0.0465443,0.966055,0.158305,0.9236,11.3112,51.064
0.0466038,0.949614,0.138164,0.00865973,10.9984,51.0643
0.0467975,0.928523,0.158264,0.00740106,11.52,51.065
0.0468217,0.922098,0.156941,0.958715,11.2897,51.0656
0.0465522,0.96165,0.141275,0.243231,10.338,51.067
0.0464374,0.983887,0.144285,0.909781,10.9761,51.0671
0.046243,0.996452,0.108858,0.103637,8.86387,51.0679
0.0463331,0.983506,0.125305,0.779698,9.76957,51.0682
0.0465088,0.965797,0.138301,0.492466,10.7164,51.0683
0.0463574,0.978423,0.133642,0.453291,9.87231,51.0687
0.0461981,0.991346,0.161721,0.185756,10.8346,51.0689
0.0466581,0.94954,0.154658,0.253517,11.5532,51.0689
0.0465738,0.9478,0.164705,0.888278,11.5597,51.0694
0.0463564,0.992326,0.156422,0.494347,10.3507,51.0696
0.0463672,0.97443,0.133876,0.864457,9.0578,51.0697
0.0463664,0.970928,0.151762,0.308909,10.0434,51.0704
0.0463512,0.970762,0.13255,0.696936,9.49895,51.0705
0.04586,0.99272,0.16568,1.60391,11.746,51.0706
0.0464806,0.963899,0.157603,0.18873,10.1319,51.0709
0.0463356,0.989148,0.128368,0.312394,9.54391,51.0711
0.0464438,0.956844,0.154663,0.988717,10.3492,51.072
0.0468534,0.910066,0.161177,0.338252,11.5177,51.0721
0.046374,0.989514,0.16426,0.646171,11.9069,51.0725
0.0462608,0.980171,0.137172,0.259034,9.20287,51.073
0.0465265,0.963499,0.137985,0.909105,10.5806,51.0737
0.0465357,0.973246,0.16011,0.443165,11.3668,51.0743
0.0463372,0.968184,0.161856,0.890269,10.7733,51.0745
0.0465562,0.955169,0.163187,0.0676361,11.5041,51.0747
0.0458834,0.990268,0.156789,1.2507,11.1975,51.0749
0.046569,0.956131,0.141029,0.813492,10.6685,51.0751
0.0467382,0.941348,0.154226,0.228289,11.4762,51.0759
0.046409,0.972457,0.127315,0.29665,9.36149,51.0767
0.0458816,0.986824,0.166437,1.71399,11.4683,51.0769
0.0458815,0.985712,0.161061,1.33028,11.2865,51.0772
0.0465826,0.945203,0.150115,0.0998073,10.6346,51.0773
0.0463723,0.997055,0.161831,0.725181,11.0627,51.0775
0.0462983,0.981047,0.115586,0.839784,8.99205,51.0776
0.0467467,0.921927,0.165993,0.905345,11.6523,51.0781
0.0462586,0.989725,0.152779,0.3369,10.9298,51.0783
0.0462206,0.985679,0.118312,0.634228,8.77177,51.0787
0.046168,0.987076,0.127205,0.115319,8.49994,51.0789
0.0464704,0.975659,0.140628,0.0206248,10.8659,51.0795
0.0468255,0.925068,0.154695,0.97072,11.3554,51.0797
0.046579,0.94946,0.163309,0.742658,11.8788,51.0799
0.0465348,0.968822,0.157312,0.245934,11.2592,51.08
0.0461489,0.993576,0.127292,0.826029,8.66947,51.0802
0.0464624,0.9614,0.144785,0.670147,10.7375,51.0803
0.0462535,0.992445,0.118484,0.401658,8.76567,51.0804
0.0464354,0.985965,0.16056,0.138249,11.5373,51.0804
0.0462312,0.990272,0.147486,0.346324,9.14449,51.0805
0.0462023,0.984926,0.121654,0.811064,8.55949,51.0806
0.0466362,0.941906,0.16147,0.406753,11.221,51.0819
0.0463383,0.991998,0.128274,0.0981288,9.32029,51.082
0.0464547,0.952008,0.158767,0.407846,10.411,51.0825
0.0464557,0.980814,0.159379,0.719416,11.3879,51.0833
0.0463136,0.971319,0.141577,0.505903,9.96382,51.0838
0.0463561,0.984442,0.124767,0.3892,9.94597,51.0841
0.0465375,0.949362,0.148043,0.124202,10.3659,51.0841
0.0461358,0.997023,0.127774,0.785863,8.06409,51.0845
0.0463311,0.985849,0.123992,0.9589,9.28558,51.0847
0.0462754,0.978347,0.144942,0.752345,9.62504,51.0847
0.0459338,0.975948,0.162869,1.09345,11.9664,51.085
0.0463924,0.987687,0.162809,0.764276,11.7634,51.085
0.0462795,0.985972,0.129458,0.264353,9.14728,51.0858
0.0464811,0.956525,0.147209,0.442607,10.2351,51.0861
0.0464068,0.959515,0.165705,0.83412,10.1939,51.0863
0.0465933,0.95147,0.160669,0.447656,11.9187,51.0864
0.0462995,0.977988,0.142142,0.253009,9.57685,51.087
0.0463428,0.99195,0.127424,0.712373,9.05013,51.087
0.0462267,0.987062,0.160452,0.623709,10.661,51.0872
0.0462411,0.99038,0.147103,0.240214,9.1324,51.0874
0.0463921,0.961509,0.158317,0.231956,10.7373,51.0876
0.04614,0.993518,0.106375,0.734897,7.22099,51.0879
0.046453,0.959352,0.161843,0.912396,10.2607,51.088
0.0463558,0.99593,0.16139,0.432839,11.148,51.0889
0.045891,0.986678,0.1644,1.13143,11.1021,51.089
0.0461797,0.986017,0.12684,0.286363,8.79132,51.0891
0.0464186,0.965611,0.131319,0.874961,9.81089,51.0896
0.0465946,0.964584,0.166557,0.0122753,11.0587,51.0901
0.0465207,0.948879,0.156749,0.134373,10.0971,51.0903
0.0462935,0.972836,0.1427,0.738061,9.901,51.091
0.0463895,0.98351,0.158954,0.0526055,10.021,51.0913
0.0463415,0.993637,0.12525,0.878812,9.20893,51.0917
0.046584,0.957152,0.158394,0.153659,11.7641,51.0918
0.0461181,0.995934,0.145276,0.681695,9.75842,51.092
0.0465659,0.954911,0.145486,0.220954,10.8498,51.0922
0.0463831,0.986845,0.139851,0.961524,10.8341,51.0923
0.046569,0.94363,0.149154,0.561907,10.229,51.0924
0.0461513,0.995818,0.105283,0.248541,7.32971,51.0925
0.0468162,0.920164,0.164088,0.414552,11.9692,51.0926
0.0460835,0.995145,0.132114,0.565781,8.75637,51.0934
0.0465893,0.959341,0.156265,0.909455,11.0852,51.0935
0.0465864,0.953849,0.14033,0.326874,10.5446,51.0935
0.0463135,0.999017,0.139818,0.752372,10.2645,51.0941
0.0464312,0.974302,0.159514,0.77525,10.957,51.0945
0.0469001,0.908459,0.155289,0.248838,11.7816,51.0948
0.0465047,0.980226,0.163854,0.230498,11.7906,51.0953
0.0461946,0.985422,0.152642,0.734312,9.17701,51.0955
0.0464152,0.961926,0.13387,0.768907,9.70194,51.0956
0.0463526,0.985901,0.126154,0.534793,9.84943,51.0957
0.0464479,0.951716,0.160451,0.30489,10.826,51.0961
0.0464513,0.978034,0.149302,0.185342,10.6571,51.0964
0.0462789,0.990508,0.110201,0.0676257,8.34306,51.0965
0.0466499,0.956227,0.160706,0.619934,11.211,51.0965
0.0464388,0.967431,0.143454,0.070115,10.443,51.097
0.0464379,0.988388,0.161452,0.16591,11.1222,51.0975
0.0463035,0.996964,0.131601,0.15139,9.77836,51.0975
0.0468514,0.921379,0.153353,0.259566,11.8872,51.0979
0.04637,0.971614,0.12874,0.638706,9.93103,51.0984
0.0460661,0.998737,0.151476,0.343836,9.74796,51.0984
0.0461189,0.993204,0.126445,0.523042,8.72429,51.0986
0.0469023,0.908535,0.153077,0.719052,11.5786,51.0986
0.0462249,0.993413,0.120953,0.504522,8.8441,51.0995
0.0466886,0.929025,0.166589,0.212923,11.6426,51.1003
0.0465135,0.971942,0.157552,0.54412,11.4461,51.1003
0.0463208,0.972925,0.157645,0.706359,10.1755,51.1003
0.0461997,0.992553,0.102146,0.549916,7.21781,51.1003
0.0463904,0.982513,0.140695,0.266637,10.1684,51.1004
0.0465379,0.960558,0.161715,0.883945,11.2938,51.1016
0.0461942,0.986791,0.152379,0.15675,9.25704,51.1017
0.0463468,0.993798,0.163684,0.246495,11.5325,51.1019
0.0464259,0.986919,0.144986,0.365397,10.392,51.1022
0.0461258,0.99201,0.148315,0.336582,9.78268,51.1022
0.0466096,0.945318,0.139542,0.942919,10.8315,51.1026
0.0465483,0.953698,0.139702,0.850649,10.1158,51.1028
0.0464255,0.986682,0.145863,0.722043,10.9621,51.103
0.0463058,0.980641,0.112089,0.384062,8.5496,51.103
0.0463698,0.986201,0.128897,0.727318,9.298,51.1031
0.0463192,0.968167,0.165398,0.262547,10.4952,51.1036
0.0460686,0.995352,0.161349,0.604311,9.13935,51.1036
0.0463474,0.975604,0.13745,0.529579,9.89225,51.1037
0.0462848,0.98328,0.143494,0.85102,9.19039,51.104
0.0466727,0.953813,0.1567,0.447472,11.0375,51.1045
0.046593,0.947181,0.147291,0.537897,10.9462,51.1047
0.0461004,0.997703,0.1607,0.355979,9.72073,51.1048
0.046288,0.98903,0.115132,0.939619,8.81378,51.1049
0.0459394,0.974388,0.162938,1.19041,11.3996,51.1054
0.0464215,0.97238,0.12601,0.227957,9.70902,51.1059
0.0467176,0.942859,0.152189,0.799331,11.7997,51.1067
0.0464942,0.957209,0.143181,0.46574,10.5457,51.1071
0.0468954,0.912703,0.154856,0.70246,11.1504,51.1071
0.0460704,0.997397,0.153455,0.531388,9.74586,51.1078
0.0461568,0.988262,0.147031,0.733721,9.60883,51.108
0.0461876,0.995619,0.158575,0.759803,10.0987,51.1085
0.0465751,0.946462,0.164557,0.368344,11.6911,51.1088
0.0463936,0.978238,0.125152,0.159534,9.95465,51.1093
0.0462264,0.998265,0.120128,0.604975,8.09385,51.1093
0.0467752,0.926993,0.153652,0.755185,11.4026,51.1094
0.0464566,0.985891,0.160513,0.00362535,11.7126,51.11
0.0464143,0.975391,0.129569,0.8005,9.31494,51.11
0.0461923,0.997302,0.101303,0.279822,7.07637,51.1101
0.0467439,0.922838,0.163787,0.192866,11.5456,51.1102
0.0459526,0.974261,0.163214,1.1812,11.272,51.1105
0.0458859,0.985786,0.158532,1.50546,11.3481,51.1106
0.0469226,0.903374,0.155318,0.370076,11.6715,51.1109
0.0468787,0.915796,0.151461,0.675688,11.8677,51.1111
0.0466585,0.951102,0.153603,0.687109,11.8044,51.1112
0.0465956,0.965329,0.166022,0.764134,11.9296,51.1116
0.0467239,0.925462,0.164032,0.641476,11.0723,51.1118
0.0467038,0.945197,0.162886,0.287559,11.7784,51.1125
0.046263,0.993,0.126238,0.332239,9.59163,51.1127
0.0462506,0.989729,0.0979811,0.120811,7.28222,51.1127
0.0465157,0.964427,0.149743,0.250181,10.2572,51.113
0.0459526,0.97443,0.163674,1.38363,11.472,51.1131
0.0468523,0.920396,0.149815,0.929485,11.6557,51.1131
0.0468951,0.911152,0.156937,0.515122,11.2294,51.1132
0.0466514,0.935262,0.145357,0.994179,10.8415,51.1141
0.0464025,0.981056,0.159805,0.955814,10.6134,51.1142
0.0465558,0.97007,0.15783,0.18992,11.1875,51.1146
0.0465725,0.955242,0.146908,0.118348,10.378,51.1146
0.046449,0.984691,0.157629,0.374655,11.9376,51.1151
0.0464955,0.971326,0.159974,0.628026,11.6754,51.1152
0.0459352,0.980138,0.165765,1.38239,11.0485,51.1154
0.0465228,0.96768,0.158901,0.012979,11.3205,51.1155
0.0468477,0.924462,0.151785,0.276886,11.3965,51.1155
0.0465137,0.976556,0.158898,0.181325,11.2732,51.1156
0.0463947,0.994401,0.15654,0.0372467,11.8982,51.1159
0.0464281,0.979168,0.138283,0.214547,10.5649,51.1159
0.0457666,0.997187,0.165715,1.22193,11.1216,51.116
0.0463737,0.990063,0.140263,0.183757,10.2735,51.1169
0.0464636,0.986479,0.160142,0.834762,11.4453,51.1171
0.0459149,0.978455,0.162298,1.39014,11.0067,51.1179
0.0464487,0.966056,0.123624,0.194252,9.92717,51.1181
0.046223,0.990369,0.157075,0.492731,10.4669,51.1181
0.0465845,0.956455,0.135545,0.992447,10.6581,51.1182
0.0459409,0.977411,0.165468,1.0943,11.8516,51.1183
0.0464293,0.953273,0.162538,0.671417,10.4605,51.1183
0.0461845,0.998224,0.132386,0.376745,9.21263,51.1187
0.0459267,0.984753,0.154726,1.01987,11.2276,51.1189
0.0463883,0.992275,0.14103,0.471578,10.9671,51.1191
0.0462261,0.991332,0.100306,0.602608,7.6828,51.1193
0.0463059,0.982966,0.127715,0.475525,9.33616,51.1194
0.0464757,0.972014,0.137168,0.664964,10.3047,51.1197
0.0464478,0.974007,0.15615,0.663001,10.8026,51.1199
0.0465219,0.975926,0.158582,0.932254,11.8614,51.1201
0.0462827,0.988716,0.112793,0.625124,8.66679,51.1201
0.0463341,0.986948,0.12261,0.490971,9.13654,51.1201
0.0463228,0.980304,0.114337,0.992423,8.85088,51.1206
0.0461425,0.990159,0.157953,0.872526,9.37108,51.1207
0.0464713,0.977139,0.146513,0.989442,10.9739,51.1211
0.0463546,0.995579,0.141524,0.395613,10.7452,51.1211
0.0462319,0.989162,0.156597,0.94252,10.8517,51.1212
0.0463505,0.966826,0.140371,0.361406,9.00999,51.1214
0.0464742,0.951627,0.152891,0.73623,10.8404,51.1215
0.0463111,0.987658,0.107943,0.471244,8.17428,51.1218
0.0462977,0.985672,0.112657,0.551966,8.52098,51.1221
0.0463874,0.996036,0.156989,0.639714,11.0464,51.1222
0.0461002,0.99397,0.151137,0.184992,9.69854,51.1226
0.0465428,0.968934,0.137679,0.617548,10.0908,51.1232
0.0461388,0.989661,0.148855,0.816004,9.43882,51.1235
0.0462537,0.99786,0.110652,0.807554,8.18689,51.1239
0.0468892,0.90974,0.151599,0.00488372,11.2786,51.1243
0.0464011,0.967403,0.127534,0.991441,9.59874,51.1247
0.0463646,0.968943,0.11409,0.0996882,8.34112,51.1249
0.0467339,0.925332,0.161399,0.542726,11.441,51.1251
0.0463772,0.984357,0.163631,0.551603,10.8631,51.1254
0.0464851,0.955228,0.159778,0.509153,10.199,51.1254
0.0464894,0.971025,0.160654,0.532956,11.8362,51.1258
0.0465517,0.944544,0.149576,0.825891,10.1156,51.1258
0.0459347,0.983408,0.153178,1.61883,11.0748,51.1259
0.0462743,0.994112,0.10956,0.416759,8.17885,51.1262
0.0466567,0.95263,0.153641,0.649883,11.2874,51.1263
0.0461722,0.991392,0.165167,0.252388,10.3869,51.1266
0.0462625,0.982051,0.119959,0.784961,8.92316,51.1271
0.0464463,0.963331,0.129639,0.210412,9.23931,51.1276
0.0463357,0.992815,0.130078,0.115193,9.28781,51.1284
0.0463293,0.984945,0.0920704,0.801286,7.74837,51.1288
0.0463919,0.989912,0.140641,0.456575,10.7093,51.1291
0.046328,0.981716,0.110178,0.623588,8.29767,51.1295
0.0464914,0.967883,0.162163,0.231433,11.7523,51.1297
0.0465091,0.951895,0.145939,0.0783795,10.5099,51.1302
0.0464179,0.996127,0.16192,0.957354,11.9398,51.1311
0.0469248,0.90619,0.154956,0.239304,11.1782,51.1315
0.0467363,0.92223,0.164795,0.301408,11.3572,51.1318
0.0465414,0.943502,0.154554,0.583858,10.0258,51.1319
0.0464957,0.946396,0.155756,0.139554,10.2167,51.1323
0.046812,0.930112,0.150169,0.217294,11.5814,51.1327
0.045897,0.987935,0.154331,1.134,11.2595,51.1327
0.0468351,0.919079,0.15093,0.234483,11.7441,51.1329
0.0467041,0.945483,0.151781,0.757217,11.5094,51.1332
0.0459464,0.976552,0.157403,1.45796,11.6324,51.1336
0.0458972,0.992265,0.155267,1.29031,11.0653,51.1338
0.0468133,0.929395,0.154868,0.866699,11.2768,51.1341
0.0458501,0.989336,0.160132,1.00076,11.5808,51.1349
0.0463612,0.998559,0.142427,0.526699,10.2411,51.135
0.0462799,0.995292,0.107409,0.879583,8.51679,51.1351
0.046479,0.985824,0.158795,0.351962,11.8063,51.1357
0.046608,0.955735,0.155336,0.0773358,11.7727,51.1359
0.0461506,0.996539,0.106051,0.725868,7.18725,51.136
0.0470839,0.890227,0.164619,0.996742,12.2225,51.1369
0.0464333,0.970223,0.128926,0.237564,9.35431,51.1371
0.0463955,0.967569,0.148729,0.758927,10.6145,51.1371
0.0467083,0.926579,0.163472,0.246701,11.0167,51.1373
0.046942,0.905402,0.147958,0.160147,11.9766,51.1377
0.0463025,0.990364,0.1128,0.0658352,8.49336,51.138
0.0463978,0.969462,0.134385,0.597731,9.19924,51.1381
0.0464512,0.963404,0.162552,0.956977,10.2916,51.1381
0.0464385,0.989913,0.159363,0.43789,11.6519,51.1383
0.0462521,0.974864,0.145777,0.201266,9.63979,51.1384
0.0463058,0.99706,0.133195,0.679205,9.46068,51.1386
0.0464749,0.974617,0.159784,0.282787,11.6271,51.1392
0.0464293,0.956766,0.165229,0.698983,10.5433,51.1394
0.0468606,0.90874,0.162664,0.126034,11.6891,51.1395
0.0462758,0.988468,0.150246,0.788061,10.1692,51.1395
0.0463573,0.975222,0.111624,0.0140949,8.6345,51.1396
0.0467135,0.929354,0.159044,0.509598,11.5181,51.1396
0.0469224,0.904355,0.156291,0.530216,11.1622,51.1396
0.0464564,0.988243,0.159171,0.507033,11.6759,51.1399
0.0463448,0.981904,0.107422,0.649494,8.43498,51.1401
0.0462208,0.997505,0.100713,0.270953,7.90125,51.1406
0.0466453,0.939273,0.14485,0.302125,10.5225,51.1407
0.0468838,0.916039,0.147512,0.758686,11.0202,51.1408
0.0468875,0.917093,0.15207,0.636792,11.7445,51.1408
0.04653,0.977549,0.16249,0.456676,11.1213,51.1415
0.045865,0.984957,0.162397,1.05794,11.3498,51.1419
0.0464903,0.946774,0.15518,0.321404,10.1655,51.1419
0.0463276,0.982016,0.113535,0.469324,8.10274,51.1422
0.0464734,0.95927,0.124771,0.469824,9.70888,51.1422
0.046963,0.900088,0.148511,0.244404,11.5463,51.1425
0.0462958,0.996192,0.111303,0.497716,8.32127,51.1426
0.0463426,0.969064,0.157026,0.843074,10.4904,51.1428
0.0463925,0.990885,0.14013,0.277286,10.402,51.1429
0.0464131,0.966199,0.133688,0.991672,9.4224,51.1433
0.0463873,0.987163,0.137473,0.261523,10.3885,51.1434
0.0465628,0.972416,0.157682,0.202076,11.5737,51.1441
0.0465265,0.945036,0.156069,0.945778,10.3336,51.1447
0.0459489,0.983376,0.157937,1.94542,11.9044,51.1449
0.0459947,0.970473,0.156225,1.17071,11.5983,51.1449
0.0466475,0.940274,0.158822,0.344867,11.3483,51.1449
0.0461583,0.993216,0.106595,0.672233,7.42669,51.1451
0.0463609,0.962959,0.161819,0.851111,10.9558,51.1458
0.0463994,0.995011,0.15622,0.931725,11.9092,51.1459
0.0463059,0.987448,0.112869,0.106706,8.50282,51.1464
0.0465178,0.965509,0.160067,0.93057,11.2721,51.1467
0.0461876,0.987468,0.105898,0.570523,7.26313,51.1473
0.046485,0.979684,0.15513,0.188971,11.8343,51.1474
0.0464926,0.956308,0.127226,0.252907,9.67964,51.1477
0.0466921,0.948853,0.152092,0.731338,11.3436,51.1478
0.0467215,0.9469,0.154275,0.660657,11.1249,51.1478
0.0462876,0.990908,0.0944792,0.664466,7.8848,51.1481
0.0464106,0.966971,0.14652,0.890682,10.0948,51.1492
0.0464884,0.946964,0.15813,0.504642,10.9661,51.1493
0.0464564,0.961056,0.125249,0.972765,9.60456,51.1496
0.0463624,0.993234,0.138694,0.798747,10.5995,51.1498
0.0466437,0.942186,0.144349,0.525873,10.4739,51.15
0.0462764,0.995691,0.110754,0.572998,8.17245,51.1504
0.0461083,0.990038,0.158879,0.959532,9.30839,51.1504
0.0466453,0.941217,0.143844,0.749093,10.8608,51.1509
0.0464381,0.988139,0.155646,0.0347632,11.569,51.1509
0.0461608,0.995327,0.105845,0.982861,7.03259,51.1512
0.0465187,0.969785,0.137062,0.391977,10.0065,51.1513
0.0467884,0.917419,0.160111,0.47306,11.4097,51.152
0.0463925,0.977496,0.133354,0.346442,9.68302,51.1525
0.046538,0.977455,0.164635,0.296153,11.0098,51.153
0.0459756,0.974642,0.159259,1.12608,11.4177,51.1531
0.0462727,0.973505,0.146736,0.0100666,9.03546,51.1536
0.0466893,0.926959,0.163976,0.401422,11.2884,51.1537
0.0470336,0.900531,0.164565,0.668364,12.3194,51.1538
0.0463577,0.981625,0.105616,0.482747,8.88669,51.1541
0.046851,0.924977,0.148606,0.874917,11.9253,51.1543
0.04656,0.953407,0.161428,0.185597,11.466,51.1546
0.0466394,0.938281,0.141027,0.862802,10.7889,51.1552
0.0463638,0.979972,0.106088,0.708188,8.87652,51.1553
0.0466428,0.941855,0.158368,0.933737,11.0817,51.1555
0.046277,0.997049,0.106449,0.332872,8.05157,51.1556
0.0462962,0.990338,0.110575,0.833212,8.46099,51.1558
0.0467793,0.925903,0.15267,0.861334,11.8024,51.1562
0.0461246,0.996395,0.130765,0.27052,8.40804,51.1563
0.045998,0.970083,0.157259,1.29968,11.2337,51.1563
0.0463626,0.998035,0.139902,0.0273056,10.5722,51.1564
0.0469432,0.907408,0.147312,0.8688,11.5597,51.1565
0.0464688,0.947539,0.159523,0.563127,10.3441,51.1568
0.0464813,0.985371,0.157855,0.589477,11.5989,51.1569
0.0464405,0.957104,0.134448,0.10476,9.16702,51.1576
0.046635,0.948188,0.132667,0.676688,10.2594,51.158
0.0462061,0.998341,0.123198,0.893815,8.68334,51.1581
0.0461212,0.992401,0.110389,0.449167,7.25362,51.1584
0.0466912,0.934958,0.137446,0.0214763,10.2405,51.1584
0.0465201,0.95788,0.156139,0.357821,10.8199,51.159
0.0464708,0.975642,0.137004,0.293332,10.154,51.1597
0.0459782,0.97715,0.154517,1.2059,11.5975,51.1597
0.0466631,0.949205,0.134191,0.670213,10.8994,51.1604
0.0461529,0.997535,0.106341,0.467164,7.54037,51.1608
0.0463632,0.974598,0.109277,0.528559,8.75879,51.1611
0.0471022,0.886155,0.165573,0.0456085,12.6816,51.1616
0.046509,0.968443,0.148369,0.999848,10.8783,51.1616
0.0463333,0.98892,0.111746,0.974481,8.17538,51.162
0.0463417,0.981067,0.112516,0.508638,8.30988,51.1621
0.0462508,0.996159,0.100717,0.682996,7.58423,51.1624
0.0464554,0.983273,0.145946,0.984281,10.5443,51.1626
0.0463924,0.967521,0.136396,0.810152,9.49564,51.1627
0.0463649,0.976948,0.123823,0.419581,9.8271,51.163
0.0470214,0.901229,0.163871,0.936636,12.2733,51.163
0.046637,0.939429,0.159537,0.0999796,11.8682,51.1633
0.0463508,0.985371,0.134924,0.409837,9.35042,51.1633
0.0463992,0.99599,0.155604,0.362046,11.103,51.1634
0.046223,0.97961,0.151885,0.182448,9.20884,51.1635
0.046553,0.975564,0.164045,0.000711125,11.4861,51.1635
0.0461472,0.986132,0.152654,0.25875,9.24082,51.1637
0.0463687,0.970595,0.138457,0.230106,9.89929,51.1639
0.0465631,0.970969,0.155657,0.472564,11.4816,51.1644
0.0462205,0.984808,0.124258,0.899274,8.41196,51.1647
0.0461143,0.993478,0.108851,0.783013,7.42421,51.1649
0.046374,0.962992,0.137882,0.656328,9.05529,51.165
0.0463684,0.994497,0.158403,0.630988,11.7344,51.167
0.0464721,0.988181,0.165827,0.958348,11.738,51.1671
0.0463163,0.979458,0.128417,0.101534,9.92139,51.1673
0.0462861,0.983845,0.0962471,0.0946851,7.52359,51.1679
0.0471035,0.887855,0.162987,0.593305,12.8638,51.1685
0.0463971,0.968888,0.135732,0.255641,9.66513,51.1685
0.0469561,0.915963,0.16557,0.102367,12.9904,51.1687
0.0460678,0.99834,0.149718,0.214876,9.77455,51.1687
0.0462295,0.983651,0.117647,0.80902,8.25253,51.1689
0.0465957,0.936557,0.149705,0.274382,10.3467,51.1689
0.0463079,0.997063,0.0823535,0.261136,6.22343,51.1691
0.0464956,0.963793,0.11905,0.082427,9.81022,51.1693
0.0469663,0.903825,0.144701,0.253398,11.7929,51.1699
0.0468986,0.902648,0.157242,0.25985,11.4853,51.1703
0.0464506,0.960457,0.109428,0.408788,8.93856,51.1704
0.0463775,0.987894,0.161598,0.322916,11.8529,51.1704
0.0464645,0.962501,0.129717,0.0356185,9.14665,51.1707
0.0468515,0.907812,0.163172,0.989842,11.8727,51.1708
0.0464695,0.970775,0.157114,0.270414,10.2348,51.171
0.0465205,0.943778,0.152381,0.0671396,10.3451,51.1711
0.0465123,0.957769,0.139486,0.816668,10.4114,51.1714
0.0463542,0.986255,0.140648,0.217738,10.314,51.1717
0.0469578,0.906869,0.147188,0.825784,11.8465,51.1718
0.0466099,0.960318,0.152598,0.0508328,11.4894,51.1718
0.0463022,0.994836,0.0956228,0.990558,7.6626,51.1722
0.0469089,0.90868,0.147812,0.928348,11.2315,51.1723
0.0464763,0.950572,0.152395,0.237985,10.0783,51.1724
0.0459853,0.976628,0.155294,1.59023,11.2097,51.1725
0.0462516,0.986,0.155169,0.885126,10.8902,51.1727
0.0461664,0.996498,0.0887272,0.48234,6.21702,51.1728
0.0464017,0.993442,0.138439,0.629898,10.8894,51.1729
0.0465046,0.97615,0.141696,0.921823,10.9887,51.173
0.0457309,0.99715,0.153476,1.13205,10.8627,51.173
0.0462762,0.992731,0.0986594,0.0883901,7.92007,51.1731
0.0465071,0.958031,0.13977,0.214915,10.2046,51.1732
0.0465616,0.966996,0.153069,0.721725,11.0157,51.1732
0.0470773,0.889254,0.165299,0.0399108,12.6065,51.1733
0.0462879,0.996069,0.0932774,0.269451,7.79245,51.1734
0.0458363,0.989225,0.160632,1.6607,11.744,51.1735
0.0461856,0.991214,0.117636,0.345227,8.80543,51.1736
0.0463577,0.979849,0.108193,0.676959,8.43596,51.1736
0.0468036,0.933134,0.153286,0.360921,11.0155,51.1737
0.0460081,0.967333,0.161036,1.67241,11.4481,51.1737
0.0464475,0.967271,0.131591,0.690445,9.33116,51.1738
0.0463342,0.980216,0.147412,0.732118,10.6896,51.1738
0.0459247,0.991824,0.152887,1.8191,11.6229,51.1738
0.0464333,0.970774,0.140778,0.0944615,10.6352,51.174
0.0464262,0.958156,0.132061,0.911804,9.70293,51.1742
0.046596,0.958488,0.139719,0.0731309,10.3059,51.1742
0.0457966,0.998349,0.138179,1.55478,10.3464,51.1744
0.0464315,0.982736,0.137204,0.600711,10.8511,51.1747
0.0469958,0.898907,0.143851,0.795419,11.0392,51.1747
0.046384,0.986511,0.128104,0.500354,9.53292,51.1752
0.0463766,0.978197,0.112608,0.367121,8.07775,51.1753
0.0458181,0.995142,0.136063,1.99267,10.82,51.1753
0.0459993,0.972314,0.156835,1.93074,11.4147,51.1754
0.0462411,0.984985,0.122398,0.117946,8.88303,51.1755
0.0459207,0.98872,0.151311,1.77869,11.4919,51.1758
0.0463042,0.978355,0.098942,0.0425806,7.34661,51.1759
0.0467114,0.94452,0.164675,0.529297,11.172,51.1759
0.0469972,0.898423,0.148087,0.187634,11.9199,51.1759
0.045851,0.992907,0.156207,1.8526,11.4636,51.176
0.0467112,0.937548,0.132122,0.566549,10.3179,51.1761
0.0463401,0.982876,0.093147,0.302375,7.33498,51.1769
0.0460506,0.997585,0.115438,0.122879,7.61269,51.177
0.0462139,0.995259,0.0877863,0.845685,6.65918,51.1774
0.0466804,0.931449,0.144877,0.433348,10.4917,51.1777
0.0463291,0.972576,0.14235,0.743219,9.18027,51.1779
0.0465782,0.971919,0.164381,0.508468,11.3588,51.178
0.0462984,0.994504,0.0919185,0.702237,7.7943,51.178
0.0468401,0.90834,0.162568,0.399172,11.3605,51.1784
0.0460075,0.97241,0.157964,1.42323,11.2586,51.1785
0.0464815,0.98061,0.153799,0.168288,11.4201,51.1785
0.0466736,0.940864,0.137908,0.365036,10.6967,51.1785
0.0463277,0.994362,0.132255,0.00344889,9.37099,51.1785
0.0457818,0.993159,0.146975,1.32862,10.4807,51.1788
0.0464644,0.970926,0.118727,0.851271,9.41724,51.1788
0.0464302,0.973421,0.139789,0.036063,10.5659,51.179
0.0464585,0.963477,0.122856,0.544555,9.96378,51.1796
0.0463918,0.961995,0.155,0.458943,10.6174,51.1797
0.046933,0.912411,0.145981,0.965209,11.4864,51.1798
0.0462332,0.987205,0.149643,0.278721,9.88698,51.1798
0.046289,0.994424,0.097896,0.928224,7.8263,51.1801
0.0468723,0.920099,0.145639,0.0148992,11.5243,51.1801
0.0469686,0.915119,0.164777,0.104923,12.4099,51.1801
0.0463428,0.984221,0.137168,0.280901,9.78833,51.1802
0.0462299,0.991164,0.101755,0.709395,7.62981,51.1804
0.0464721,0.98148,0.13706,0.707897,10.9391,51.1806
0.0463475,0.980331,0.145348,0.455129,10.1571,51.1807
0.0464869,0.96384,0.119692,0.428215,9.54936,51.1808
0.0461415,0.99845,0.162085,0.753063,10.2922,51.1808
0.0466998,0.939329,0.133317,0.597037,10.2576,51.181
0.0463754,0.983019,0.110078,0.715749,8.08486,51.1812
0.0464817,0.954994,0.161207,0.373258,10.9556,51.1816
0.0463495,0.965795,0.142049,0.5459,9.42036,51.1818
0.0462209,0.99866,0.126866,0.402131,9.96368,51.1818
0.0465353,0.949573,0.141428,0.510752,10.1975,51.182
0.0465592,0.939417,0.152903,0.543664,10.6518,51.1822
0.0467452,0.922432,0.139883,0.365953,10.031,51.1823
0.046626,0.951228,0.132082,0.227954,10.048,51.1829
0.0464589,0.967144,0.139934,0.888013,10.2149,51.1831
0.0462936,0.996428,0.0925209,0.540822,7.30513,51.1833
0.0464029,0.974902,0.12122,0.984559,9.32651,51.1834
0.0469122,0.914261,0.150757,0.84662,11.6482,51.1837
0.046437,0.953643,0.156475,0.965336,10.4839,51.1841
0.0464928,0.974378,0.146709,0.848952,10.3849,51.1843
0.0466028,0.954784,0.132536,0.571554,10.073,51.1844
0.0465974,0.955421,0.142895,0.514407,10.1834,51.1851
0.0463646,0.980161,0.107164,0.405722,8.34381,51.1852
0.0463388,0.998769,0.12325,0.525213,9.31692,51.1852
0.046637,0.947047,0.155842,0.0712141,11.9711,51.1853
0.0468575,0.911304,0.163668,0.0179682,11.8576,51.1855
0.0465799,0.970092,0.154337,0.0605979,11.5502,51.1857
0.0464044,0.969602,0.110416,0.547003,8.62559,51.1857
0.0469959,0.898375,0.149288,0.30012,11.1377,51.186
0.0462957,0.996162,0.0940477,0.936608,7.96357,51.186
0.0461676,0.996204,0.106312,0.651611,7.30593,51.1862
0.046008,0.973531,0.150309,1.84,11.837,51.1863
0.0464025,0.996546,0.153736,0.880074,11.6386,51.1863
0.0460108,0.972841,0.156383,1.2487,11.0761,51.1863
0.0464367,0.981709,0.135638,0.124893,10.6088,51.1863
0.04573,0.997459,0.149391,1.14515,10.8026,51.1865
0.0457931,0.999153,0.159506,1.24566,11.1504,51.1865
0.0470151,0.895242,0.145629,0.838181,11.051,51.1866
0.0459043,0.979288,0.159806,1.20528,11.7272,51.1866
0.046427,0.982393,0.120552,0.627459,9.30842,51.1866
0.0463278,0.973695,0.142426,0.121175,9.99789,51.1869
0.0466262,0.946763,0.133757,0.736809,10.773,51.1869
0.0465543,0.953991,0.119118,0.483675,9.9238,51.1873
0.0461993,0.994239,0.104002,0.618865,7.71796,51.1874
0.0461018,0.991078,0.154801,0.311298,9.07897,51.1877
0.0467179,0.947277,0.150082,0.628311,11.1596,51.1881
0.0462902,0.985566,0.144237,0.0382446,9.30016,51.1882
0.0463264,0.987091,0.138151,0.817291,9.34463,51.1885
0.0458425,0.984398,0.164137,1.53267,11.1867,51.1885
0.0465068,0.962115,0.161686,0.885815,11.3041,51.1886
0.0459119,0.985797,0.152464,1.75888,11.6934,51.1891
0.0465323,0.959041,0.160591,0.479453,11.2557,51.1893
0.0466454,0.932861,0.144802,0.851779,10.8966,51.1895
0.0466734,0.935132,0.157253,0.767503,11.831,51.1896
0.0463129,0.975822,0.143606,0.327351,9.51284,51.1897
0.0462649,0.993659,0.143885,0.67207,9.21306,51.1897
0.04639,0.982612,0.163607,0.652247,10.7624,51.1897
0.046043,0.958535,0.159804,1.40926,11.1383,51.1899
0.0465564,0.950466,0.138228,0.417491,10.4544,51.1905
0.0460984,0.992296,0.152462,0.45539,9.26351,51.1906
0.0470489,0.894777,0.16449,0.0208162,12.2021,51.1911
0.0463996,0.975448,0.10491,0.892176,8.23318,51.1912
0.0465407,0.948148,0.126601,0.819976,9.08956,51.1913
0.046596,0.966344,0.153669,0.234817,11.5746,51.1916
0.0464005,0.977732,0.164467,0.502344,10.6046,51.1916
0.0457058,0.998376,0.152455,1.30319,10.1026,51.1917
0.0463277,0.996538,0.106333,0.670439,8.86308,51.1917
0.0466742,0.935488,0.14503,0.0633867,10.0393,51.192
0.0469229,0.901939,0.157895,0.0918604,11.278,51.1922
0.0465409,0.969776,0.135296,0.851608,10.0008,51.1923
0.046183,0.984054,0.128816,0.501201,8.42785,51.1924
0.0463813,0.961408,0.157865,0.811323,10.0933,51.1926
0.0460529,0.959002,0.158212,1.99625,11.6086,51.1929
0.0468329,0.928783,0.152463,0.987885,11.0544,51.1931
0.0470252,0.903125,0.161556,0.353015,12.6969,51.1935
0.0464574,0.951831,0.15423,0.904807,10.4085,51.1935
0.046794,0.932672,0.157973,0.0595576,11.3331,51.1936
0.0469204,0.921225,0.165616,0.864512,12.7838,51.1936
0.0465371,0.950499,0.140189,0.852612,10.337,51.1938
0.046251,0.975683,0.122404,0.80334,8.13802,51.194
0.0462798,0.978489,0.156991,0.746549,10.314,51.1942
0.0463541,0.980086,0.0933263,0.678796,7.92779,51.1943
0.0468243,0.93038,0.15223,0.18424,11.7517,51.1944
0.0464009,0.971061,0.109864,0.470661,8.78769,51.1945
0.0463479,0.99636,0.125196,0.636973,9.09696,51.1947
0.0462802,0.972336,0.140904,0.705371,9.67115,51.1954
0.0464095,0.991437,0.147756,0.255946,10.4556,51.1955
0.0462574,0.989091,0.151601,0.0503803,10.8075,51.1955
0.0460113,0.9689,0.151513,1.28495,11.4744,51.1957
0.0468312,0.912677,0.15592,0.339219,11.3596,51.1958
0.0460238,0.969474,0.154856,1.4126,11.7599,51.1961
0.0459437,0.970553,0.163225,1.3348,11.4416,51.1962
0.0463348,0.975279,0.116239,0.803385,8.26815,51.1963
0.046294,0.991553,0.0952896,0.571859,7.90532,51.1964
0.0461303,0.990298,0.146604,0.704393,9.63366,51.1965
0.0464174,0.996838,0.156484,0.988318,11.8675,51.1966
0.0462469,0.984977,0.0870026,0.0794805,6.48645,51.1969
0.0466261,0.944279,0.157888,0.736172,11.9596,51.1973
0.0464136,0.97732,0.139033,0.77576,10.5115,51.1974
0.0464292,0.979972,0.126084,0.00872826,9.27484,51.1976
0.0465928,0.959571,0.15351,0.228814,11.4467,51.198
0.0467565,0.922928,0.137563,0.120921,10.8306,51.1982
0.0464066,0.968708,0.136244,0.181315,9.54112,51.1982
0.0465232,0.961371,0.16014,0.322636,11.0082,51.1984
0.0469676,0.907257,0.144368,0.856122,11.6593,51.1987
0.0463505,0.966237,0.134374,0.256993,9.59232,51.1988
0.0461005,0.998578,0.143595,0.848004,9.94432,51.1989
0.0464275,0.95364,0.158159,0.342521,10.5408,51.1991
0.0463378,0.983,0.0938778,0.45828,7.07109,51.1998
0.0464202,0.973805,0.110437,0.421829,8.49192,51.2
0.0462224,0.99676,0.103768,0.464867,7.34738,51.2001
0.0465614,0.946334,0.124244,0.838426,9.03559,51.2003
0.0466331,0.943273,0.157568,0.763552,11.9285,51.2004
0.0463523,0.96674,0.114795,0.0559539,8.84009,51.201
0.0466986,0.936368,0.138658,0.273023,10.9538,51.2011
0.0466252,0.964719,0.159237,0.743027,11.3754,51.2012
0.0467692,0.919158,0.138833,0.0136587,10.9869,51.2013
0.0463127,0.974016,0.114066,0.58019,8.56173,51.2014
0.0464143,0.997281,0.156126,0.494709,11.0039,51.2017
0.0461879,0.984928,0.155172,0.803895,9.39178,51.2017
0.0464657,0.990747,0.165636,0.0838595,11.7285,51.2018
0.0461309,0.995527,0.166174,0.708374,10.2434,51.2019
0.0464142,0.972675,0.141274,0.879592,10.702,51.202
0.0469992,0.901664,0.166197,0.863305,12.0026,51.202
0.0466811,0.951774,0.164835,0.40657,11.005,51.2022
0.046897,0.922941,0.165465,0.235335,12.6494,51.2024
0.0463499,0.983991,0.13673,0.597361,9.01773,51.2026
0.046149,0.994203,0.0905726,0.881648,6.22254,51.2027
0.0464996,0.984472,0.158653,0.254984,11.0455,51.2027
0.0466948,0.934081,0.143557,0.921189,10.475,51.2028
0.0467042,0.940048,0.129596,0.571517,10.5923,51.203
0.0467284,0.918774,0.164096,0.963407,11.7304,51.203
0.0464789,0.959151,0.130153,0.212895,9.36925,51.2032
0.0463582,0.970722,0.140294,0.47802,9.55826,51.2037
0.0468734,0.907437,0.154265,0.271745,11.5553,51.2037
0.0459151,0.978504,0.15744,1.97057,11.1507,51.2044
0.0464075,0.970814,0.108929,0.573719,8.91921,51.2048
0.04589,0.994597,0.151654,1.20773,11.5546,51.2051
0.0461726,0.983096,0.129646,0.578817,8.73744,51.2052
0.0464229,0.97015,0.164854,0.505566,10.4281,51.2052
0.0463529,0.97875,0.0942791,0.280382,7.65977,51.2054
0.0460024,0.97637,0.150086,1.82312,11.8593,51.2055
0.0468644,0.916011,0.147572,0.14855,11.799,51.2055
0.0462416,0.993155,0.147537,0.1289,9.75919,51.2055
0.0458225,0.997369,0.135441,1.76701,10.4983,51.2058
0.0463395,0.984295,0.138165,0.536916,9.59067,51.206
0.0462007,0.949488,0.165233,1.73082,12.6712,51.2063
0.0471335,0.881964,0.164726,0.8209,12.8906,51.2069
0.0464372,0.968034,0.163784,0.882147,10.5638,51.2069
0.0460615,0.994501,0.165506,0.633497,9.35679,51.2072
0.045953,0.975361,0.154381,1.81613,11.5901,51.2072
0.0463414,0.993406,0.0932676,0.569438,7.33843,51.2072
0.0463473,0.986037,0.136141,0.731509,9.8394,51.2074
0.0463777,0.968277,0.110519,0.0487295,8.2553,51.2075
0.0470059,0.900898,0.143461,0.812202,11.4135,51.2076
0.046123,0.994086,0.0939403,0.75383,6.61982,51.2078
0.0464712,0.965074,0.160232,0.794432,10.3102,51.2078
0.0461781,0.997427,0.0873045,0.676369,6.54354,51.2079
0.0462248,0.983876,0.151297,0.70579,9.05332,51.208
0.0468631,0.923048,0.143852,0.7009,11.8567,51.2083
0.0464503,0.959142,0.133634,0.118855,9.3508,51.2084
0.0460353,0.998725,0.156078,0.456914,9.05096,51.2087
0.0465371,0.96847,0.143499,0.00324439,10.2126,51.2087
0.0470733,0.893109,0.161546,0.629939,12.8608,51.2088
0.0463549,0.964803,0.142082,0.304559,9.29586,51.2091
0.0464113,0.957938,0.136293,0.417255,9.11227,51.2092
0.0465526,0.952958,0.154631,0.112128,10.4663,51.2095
0.0465718,0.948692,0.137268,0.558814,10.4535,51.2098
0.0466459,0.960791,0.162781,0.383543,11.1865,51.2098
0.0463376,0.965518,0.13789,0.706562,9.3941,51.2098
0.0463918,0.988166,0.158497,0.129338,11.7538,51.2101
