beta,permeability,xi,init_days,delay,value
0.0489896,0.0019505,0.158302,39.6144,9.43655,125.176
0.0485316,0.00361533,0.163562,40.9235,9.9729,125.18
0.0498729,0.00150694,0.161811,37.797,9.69467,125.337
0.0485251,0.013402,0.160734,40.0194,9.60154,125.542
0.0454545,0.00355585,0.163895,48.2652,10.7344,125.554
0.0468107,0.00238979,0.158655,44.9988,10.4135,125.754
0.0518959,0.00622531,0.164498,33.2654,8.07152,125.762
0.0481188,0.00535094,0.161985,41.1416,9.56122,125.834
0.0453009,0.00868592,0.165303,48.002,10.6021,125.892
0.0433694,0.00230363,0.162717,54.361,11.7017,125.908
0.0437925,0.00730823,0.165353,53.1003,10.8508,125.92
0.0426333,0.00623383,0.163995,57.2081,10.8327,125.986
0.0498149,0.00323923,0.165632,37.6882,9.90915,125.987
0.0484738,0.00612447,0.162044,40.1637,9.97024,126.031
0.0494002,0.0114315,0.159547,38.8823,9.79885,126.15
0.0477234,0.0020767,0.15659,42.8048,9.27648,126.203
0.0493511,0.012663,0.163636,38.0018,9.95868,126.231
0.0493908,0.00704123,0.156275,38.2472,9.63023,126.239
0.0453544,0.020796,0.161067,48.4014,10.5735,126.294
0.0438292,0.00614272,0.165062,53.8168,10.5811,126.336
0.0453415,0.0121671,0.159277,48.532,10.8753,126.343
0.0498352,0.00552287,0.161696,37.2838,9.39914,126.349
0.0469885,0.0045506,0.163187,44.2047,9.64276,126.377
0.0436991,0.00370764,0.163005,53.3729,11.5485,126.461
0.0503445,0.0078863,0.166486,36.9672,9.28413,126.461
0.0480308,0.00500809,0.165655,41.2717,9.36562,126.464
0.0484939,0.00630065,0.156986,40.2846,9.26933,126.464
0.0420254,0.00519301,0.166054,59.9963,11.6625,126.484
0.0456711,0.016925,0.165905,47.5804,10.9338,126.492
0.0513718,0.00948411,0.16561,34.4271,8.70176,126.504
0.0493543,0.0136075,0.160432,38.9872,9.54392,126.527
0.0488586,0.00486189,0.161774,39.7333,9.9427,126.548
0.0480328,0.00733805,0.160502,41.7316,9.37416,126.552
0.0445228,0.00250145,0.165851,50.256,10.9038,126.559
0.0461175,0.00766147,0.158784,46.2101,10.3061,126.567
0.0427569,0.0103881,0.159874,56.2152,11.3938,126.573
0.0473543,0.00721837,0.162726,43.7471,9.58971,126.596
0.0473299,0.00167878,0.157013,43.4239,9.64726,126.598
0.0476744,0.0128676,0.16179,42.1666,9.98139,126.61
0.0484596,0.0114621,0.160275,40.2893,9.25823,126.619
0.0468815,0.00444079,0.161092,44.2633,10.7745,126.622
0.0388298,0.00771459,0.166087,72.4629,11.2244,126.632
0.0453039,0.0148611,0.163061,48.1445,10.9284,126.646
0.0463637,0.00529894,0.160947,45.4268,10.6531,126.647
0.043048,0.0232909,0.165519,55.0232,11.7155,126.652
0.0449466,0.00275184,0.159098,49.6914,10.0768,126.669
0.0493094,0.020415,0.16562,38.8789,9.36098,126.683
0.0480309,0.0136229,0.159219,41.84,9.94779,126.714
0.0452457,0.00135809,0.164009,49.8096,9.66426,126.736
0.0450836,0.0194749,0.165837,49.0112,10.0833,126.751
0.0460344,0.0089137,0.153749,46.7591,10.8039,126.754
0.0463743,0.0104059,0.158989,45.8222,10.4503,126.758
0.048847,0.0149152,0.16175,39.2308,9.9461,126.759
0.0446858,0.0161768,0.158404,50.0858,10.411,126.761
0.0428141,0.0106406,0.164013,56.0789,11.6609,126.799
0.0440907,0.00256669,0.164873,51.3843,11.6973,126.825
0.0472916,0.00504798,0.156515,43.2847,9.92188,126.835
0.0445486,0.00793128,0.164276,50.9252,11.5245,126.841
0.0431739,0.00285401,0.161064,55.7698,10.9277,126.85
0.048872,0.0228749,0.164204,39.1827,9.3416,126.852
0.040652,0.00531408,0.166517,64.7337,11.4699,126.867
0.0438472,0.00985814,0.164139,53.9773,10.5813,126.877
0.0484684,0.0276456,0.162266,40.9518,9.54113,126.884
0.0470482,0.00192511,0.164107,44.3116,9.16695,126.898
0.0455662,0.00395586,0.164063,48.4654,9.25372,126.903
0.0463622,0.0160001,0.162028,45.1225,10.704,126.903
0.0411855,0.00880659,0.165026,62.9503,11.1667,126.917
0.0448874,0.00800201,0.16037,49.1029,11.5622,126.919
0.0445385,0.00951738,0.161238,50.9196,11.7831,126.927
0.0493295,0.0269531,0.162123,38.5272,9.33772,126.928
0.044999,0.0241916,0.161385,49.2006,10.4498,126.936
0.0484743,0.0200691,0.156105,40.998,9.8614,126.941
0.0439924,0.00441386,0.161001,52.3738,11.3736,126.941
0.0523687,0.00444545,0.161647,32.0787,8.19308,126.953
0.0489187,0.015253,0.15314,39.6037,9.55773,126.975
0.0445005,0.00231378,0.161321,50.0884,11.0963,126.979
0.04622,0.00290475,0.160454,46.2033,9.94365,126.98
0.0446478,0.00360328,0.161475,50.767,10.0836,127.001
0.0426619,0.0122529,0.166479,56.6159,11.7116,127.022
0.0421771,0.0099249,0.163653,58.3745,11.3125,127.04
0.0463825,0.0320922,0.164496,45.1405,10.0296,127.045
0.0424572,0.0198633,0.16651,57.9466,11.599,127.045
0.0467522,0.0297525,0.160234,44.2506,10.4288,127.047
0.0489195,0.0308557,0.163215,39.5407,9.00457,127.061
0.0480616,0.0227871,0.154185,41.1126,9.5289,127.071
0.0476134,0.0198087,0.161499,42.8961,9.47584,127.135
0.043452,0.0215838,0.164839,54.9002,10.262,127.162
0.0441369,0.0190143,0.166136,52.66,10.952,127.174
0.0440502,0.0186289,0.16523,52.7422,10.5508,127.176
0.0443974,0.00449915,0.152674,51.943,10.7466,127.178
0.0473216,0.0179953,0.164795,43.099,9.98551,127.199
0.0484085,0.00663468,0.158647,40.6968,9.41247,127.213
0.0484942,0.027959,0.159235,40.74,9.02307,127.213
0.0390449,0.00449676,0.164944,71.2326,11.7087,127.218
0.0409658,0.00288069,0.161575,63.3304,10.3393,127.221
0.0469266,0.00849212,0.164615,44.7731,9.86025,127.239
0.0431582,0.00710552,0.162973,55.127,10.27,127.259
0.0450607,0.0216342,0.160898,49.1156,10.5752,127.263
0.0448645,0.00381658,0.16286,49.2649,10.7999,127.265
0.0449519,0.00708074,0.155194,49.7558,10.6849,127.272
0.0472852,0.0153508,0.158052,43.8419,9.69248,127.274
0.0426009,0.00228786,0.163708,57.0532,10.314,127.274
0.0476209,0.018854,0.163832,42.9157,9.02558,127.28
0.0458192,0.0130037,0.1662,47.8288,10.1084,127.306
0.0415199,0.013501,0.160194,61.7246,10.7558,127.311
0.0480581,0.00932892,0.149355,41.8454,9.94485,127.317
0.0433232,0.026952,0.165323,54.083,11.8423,127.317
0.0433555,0.00161104,0.156159,54.93,11.9577,127.322
0.0420379,0.00643461,0.162521,59.2897,10.5014,127.324
0.0428633,0.00486134,0.165164,56.6833,11.9383,127.324
0.0431433,0.00283576,0.161739,55.0118,10.4507,127.341
0.0430574,0.00900198,0.156897,55.393,11.3843,127.354
0.0437661,0.0213595,0.161435,53.5458,10.3828,127.354
0.0417041,0.00580613,0.163649,60.9052,11.6279,127.374
0.0472753,0.0192391,0.160095,43.9481,9.72636,127.38
0.0397511,0.00288526,0.16026,68.9487,11.2805,127.387
0.0475977,0.00181695,0.155655,42.0305,10.784,127.387
0.0418399,0.00732319,0.165127,59.6254,11.9163,127.39
0.0462361,0.00212503,0.155523,46.9408,9.50281,127.396
0.0445546,0.0028172,0.158432,50.8667,10.7045,127.404
0.0440864,0.00842683,0.156832,52.5086,10.7691,127.407
0.0476166,0.00926788,0.166346,42.5837,9.97293,127.407
0.0471323,0.00967001,0.159174,43.7224,10.1203,127.412
0.046769,0.00269108,0.150963,44.1075,10.2854,127.414
0.0439232,0.00212698,0.164424,52.409,10.0661,127.416
0.0457467,0.00672453,0.153516,47.278,10.2779,127.42
0.0420462,0.00503737,0.160459,59.1556,10.8723,127.439
0.0437368,0.0231684,0.165292,53.2041,10.8607,127.44
0.0449652,0.023126,0.165506,49.1588,10.2513,127.441
0.0399056,0.00401105,0.166204,67.9415,11.8636,127.473
0.0433384,0.00213834,0.156237,54.277,11.014,127.486
0.0445054,0.0279212,0.163638,50.1452,11.9475,127.492
0.0430337,0.0265305,0.161694,55.9727,11.6524,127.497
0.0518754,0.0161257,0.161957,33.5261,8.91683,127.5
0.0508449,0.00483376,0.144484,35.4036,8.79464,127.5
0.0454796,0.00850368,0.163435,48.3972,10.7864,127.504
0.0386565,0.00159439,0.165748,73.3737,11.2046,127.521
0.0480297,0.0262462,0.158266,41.0416,9.60573,127.521
0.0441176,0.0120517,0.16604,51.1503,11.9843,127.532
0.0417117,0.00510014,0.162854,60.191,11.7102,127.535
0.0418257,0.0030412,0.16076,59.732,11.8878,127.542
0.0390268,0.00360556,0.16604,71.5418,11.8742,127.562
0.0422836,0.00318637,0.162805,57.2888,12.0979,127.571
0.0479986,0.0125413,0.14953,41.3365,9.14831,127.574
0.0471227,0.00818316,0.158487,43.0655,10.2347,127.576
0.0404141,0.0106033,0.164323,65.1171,11.1151,127.578
0.0442808,0.0111203,0.159266,51.5308,11.6112,127.6
0.0456783,0.0299652,0.160532,47.7878,10.2313,127.615
0.0444042,0.0207311,0.161926,51.0317,10.8724,127.616
0.0405901,0.00839555,0.166096,64.5917,11.2538,127.62
0.0417759,0.00520917,0.165408,59.4426,11.4349,127.624
0.0427041,0.016114,0.162659,56.0203,11.0526,127.631
0.0424617,0.0156704,0.156442,57.295,11.7242,127.631
0.0413463,0.0052711,0.165431,61.1333,11.7445,127.632
0.0442117,0.0107486,0.150533,51.8261,11.3233,127.632
0.0430868,0.0218646,0.162767,55.7976,11.0485,127.634
0.0508825,0.0150325,0.159808,35.4801,8.00342,127.646
0.0432849,0.00605104,0.163826,54.814,11.9856,127.648
0.045988,0.0028064,0.146305,46.9573,10.8192,127.652
0.0423017,0.00178502,0.162775,57.1231,12.8571,127.663
0.0480099,0.0455899,0.162948,41.0549,9.96701,127.668
0.0426899,0.0056665,0.160886,56.8415,11.3727,127.668
0.0463268,0.0284387,0.161433,45.6645,10.1267,127.677
0.0460513,0.00805352,0.148067,46.6454,10.8755,127.684
0.0415305,0.0107992,0.162576,61.9271,10.1223,127.696
0.0456568,0.0208166,0.154437,47.1593,10.8044,127.699
0.0447509,0.0227127,0.163576,50.8825,10.5779,127.705
0.0417701,0.00659928,0.164269,59.3108,11.7836,127.717
0.0414719,0.00716273,0.160524,61.7734,10.8725,127.719
0.0470927,0.0223747,0.163045,43.6984,10.0666,127.721
0.0380272,0.00346735,0.16162,76.5313,11.4974,127.729
0.0484309,0.0370247,0.16249,40.5762,9.08983,127.739
0.0378159,0.00227919,0.166384,77.1056,11.4299,127.754
0.0460026,0.0238974,0.151359,46.2431,10.4401,127.757
0.0439001,0.0238986,0.160224,52.1014,11.3079,127.764
0.0429946,0.0132448,0.163657,55.0008,11.6954,127.766
0.0414538,0.0133067,0.162485,61.9013,11.9218,127.766
0.0480828,0.00282385,0.165673,41.4008,10.0513,127.769
0.048901,0.0140885,0.149066,39.1209,9.17826,127.774
0.0438159,0.0060884,0.156043,53.5277,10.026,127.776
0.0471623,0.017723,0.155511,43.6016,10.6373,127.776
0.0382149,0.0140739,0.165575,75.2532,11.9288,127.785
0.0476571,0.0375018,0.161853,42.8968,9.27273,127.786
0.0483878,0.0273057,0.157347,40.5511,9.08421,127.791
0.046527,0.00229171,0.15976,45.0019,9.74069,127.795
0.0414419,0.00491019,0.160886,61.9091,11.6304,127.799
0.0447598,0.00906279,0.156431,50.7283,10.8527,127.8
0.045333,0.0435038,0.164445,48.2947,10.316,127.8
0.0445876,0.0260078,0.159785,50.6354,10.125,127.801
0.0450364,0.0148571,0.150825,49.5876,10.9008,127.804
0.0421661,0.0166397,0.156874,58.4715,11.7574,127.805
0.0504522,0.00995017,0.162145,36.6918,8.50574,127.822
0.0417753,0.0227334,0.159833,60.4403,10.3133,127.822
0.0463373,0.014656,0.152404,45.2226,10.6139,127.824
0.0480247,0.0409841,0.157968,41.7652,9.68538,127.827
0.044194,0.0152451,0.160236,51.7084,10.4605,127.829
0.0438802,0.00392048,0.147584,52.163,11.2201,127.84
0.0432314,0.00990449,0.16491,54.1539,11.0212,127.842
0.0431791,0.0208194,0.164386,55.8255,10.2127,127.845
0.0497387,0.0053147,0.162946,37.937,9.49192,127.849
0.041796,0.00880046,0.163144,59.727,11.0589,127.854
0.044026,0.0346403,0.165885,52.4234,10.8604,127.858
0.0464301,0.00307829,0.145438,45.1647,10.946,127.86
0.0465262,0.00143626,0.148624,45.8908,9.30241,127.861
0.043284,0.0123932,0.165008,54.9886,11.5688,127.862
0.0424842,0.0175729,0.159288,57.9939,11.0453,127.866
0.0460367,0.013696,0.148558,46.5915,10.9914,127.866
0.0459925,0.0359818,0.156735,46.9525,10.9931,127.868
0.0456509,0.0313867,0.158992,47.759,10.192,127.868
0.0411963,0.0206446,0.165767,62.3109,10.0481,127.871
0.0438978,0.00430704,0.157188,52.1264,10.562,127.883
0.0518628,0.0219396,0.163851,33.0964,8.06229,127.883
0.0436801,0.00491368,0.164182,53.9829,10.8299,127.885
0.0449613,0.0439395,0.162234,49.2206,10.5173,127.89
0.0430235,0.0122757,0.156804,55.9999,11.5176,127.892
0.0508073,0.00687819,0.161856,35.0792,8.91253,127.893
0.0456745,0.00328939,0.14228,47.485,10.1889,127.897
0.0443044,0.0111957,0.159558,51.3233,11.7317,127.904
0.0480082,0.0450386,0.160568,41.7118,9.53033,127.908
0.044032,0.0216964,0.162496,52.6401,10.4781,127.91
0.0442139,0.0368132,0.165882,51.0093,11.6421,127.918
0.0476408,0.00246549,0.140207,42.9904,9.06344,127.919
0.0445286,0.0122723,0.160119,50.4588,10.9865,127.919
0.0508157,0.00171274,0.141208,35.624,8.76403,127.921
0.0462767,0.00894,0.158763,45.3242,10.7897,127.922
0.0503246,0.00434922,0.151144,36.0046,8.69598,127.923
0.0420076,0.0194586,0.166537,59.6787,10.9146,127.925
0.0437198,0.0210694,0.162946,53.079,10.3045,127.935
0.0468629,0.0200335,0.155336,44.555,9.99105,127.937
0.0421702,0.00483489,0.150435,58.7634,11.3936,127.954
0.051271,0.0356677,0.161306,34.285,8.26313,127.957
0.0413688,0.00907545,0.164097,61.8702,11.3268,127.958
0.0479686,0.040478,0.165775,41.0497,9.09818,127.962
0.044442,0.0248595,0.165151,51.9797,10.3303,127.963
0.0507826,0.0297569,0.155032,35.3168,8.0959,127.963
0.0421523,0.00988862,0.159374,58.8529,11.4952,127.966
0.0469738,0.00766071,0.154473,44.3319,9.02873,127.971
0.049997,0.00409279,0.165759,37.7674,8.30912,127.98
0.0394897,0.0188376,0.165545,69.722,11.3163,127.98
0.0428745,0.0200337,0.163916,56.7345,10.0205,127.98
0.0442451,0.00782486,0.153018,51.8093,11.2772,127.98
0.0436691,0.00453486,0.163654,53.2096,10.0511,127.983
0.0462926,0.0267119,0.165975,45.4448,10.9608,127.986
0.0429106,0.00741838,0.162865,55.6566,12.4303,127.987
0.0431485,0.00154637,0.150115,55.2121,10.9639,127.991
0.044897,0.00767928,0.15903,49.0139,10.6178,127.993
0.0468837,0.0192937,0.16227,44.0686,9.88401,127.995
0.0483706,0.0212225,0.163339,40.3613,9.89415,128.009
0.0443302,0.0330335,0.162927,51.8785,10.038,128.01
0.0463298,0.0246735,0.155038,45.7215,10.8102,128.011
0.0507915,0.015716,0.160017,35.3712,8.18582,128.014
0.0424248,0.0362678,0.165797,57.1868,11.8918,128.017
0.0414451,0.00367007,0.163769,61.3469,10.2509,128.025
0.0459348,0.0232212,0.163008,46.6797,10.8696,128.028
0.0475788,0.00927268,0.145758,42.5911,9.18898,128.035
0.0460122,0.0260892,0.151977,46.0086,10.4589,128.043
0.0439167,0.00617891,0.159687,52.9897,10.9937,128.046
0.0503334,0.0242538,0.154673,36.9582,8.63747,128.048
0.0428308,0.011469,0.163425,56.3722,10.8433,128.051
0.0440891,0.0211676,0.163484,51.0908,11.9914,128.057
0.0406735,0.00451041,0.158493,64.6573,11.5115,128.061
0.0453026,0.0215905,0.152775,48.7938,10.5212,128.061
0.0514314,0.00439573,0.157967,34.8748,8.33855,128.062
0.0443247,0.0197496,0.155986,51.854,10.2143,128.069
0.0409517,0.0206853,0.164209,63.0963,10.2451,128.07
0.0488584,0.0416724,0.16018,39.6312,9.42537,128.073
0.0413607,0.0158081,0.166417,61.6497,11.6962,128.074
0.044364,0.0350948,0.164212,51.1815,10.5903,128.074
0.0479615,0.0240832,0.162658,41.0565,9.04291,128.076
0.0456874,0.0297928,0.158557,47.0626,10.4246,128.09
0.0412996,0.00216616,0.166477,61.2764,11.1568,128.091
0.0465188,0.0104745,0.161447,45.0371,10.2121,128.098
0.0479954,0.0524238,0.162632,41.3361,9.98526,128.102
0.0492793,0.0350721,0.161464,38.4167,9.78611,128.108
0.0480729,0.0022466,0.163314,41.2597,10.9686,128.111
0.0441812,0.0310768,0.160641,51.0511,11.183,128.111
0.0416351,0.00810647,0.15932,60.3206,11.2281,128.121
0.0425999,0.00599732,0.165686,57.0913,11.2193,128.123
0.0434479,0.0347753,0.163902,54.5724,10.6837,128.128
0.0499132,0.00451641,0.15542,37.1057,8.14207,128.149
0.0450146,0.0458092,0.165308,49.4476,10.3117,128.152
0.0456327,0.0309383,0.153657,47.3845,10.479,128.154
0.0426181,0.00599882,0.158245,56.1981,12.9722,128.157
0.0507847,0.0351962,0.159118,35.0899,8.86609,128.157
0.0419899,0.00832766,0.160177,59.1308,11.5967,128.158
0.0452549,0.0132761,0.158378,48.6551,10.9209,128.159
0.0412483,0.0137607,0.156444,62.4166,10.8331,128.168
0.039626,0.00739965,0.164789,68.8832,12.8829,128.173
0.0446395,0.0177215,0.163507,50.6561,11.567,128.185
0.0419086,0.0274688,0.164207,59.8545,11.252,128.19
0.047208,0.0211381,0.166117,43.3474,9.2556,128.19
0.0430443,0.0144239,0.155423,55.395,11.5775,128.19
0.0411952,0.00521489,0.159535,62.7803,10.4553,128.193
0.0445905,0.00476535,0.151577,50.1738,11.8622,128.193
0.0452093,0.00232016,0.156971,49.4267,9.5213,128.194
0.0441727,0.0333441,0.154943,51.7277,11.1891,128.195
0.039976,0.0017024,0.15706,67.7558,11.8797,128.196
0.0428445,0.00140756,0.166107,55.3227,12.4294,128.198
0.0440471,0.0132486,0.150385,52.9092,10.5927,128.198
0.0463081,0.0430677,0.164799,45.7426,10.6447,128.2
0.0502953,0.0304004,0.156103,36.348,8.23224,128.201
0.0497927,0.00340147,0.153385,37.9555,9.4319,128.206
0.0448618,0.00821687,0.158043,50.9112,9.20801,128.213
0.0503006,0.00389436,0.15723,36.1135,9.39233,128.217
0.0460285,0.00454583,0.140571,46.4225,10.6056,128.22
0.0431202,0.0162911,0.162038,55.0001,10.2545,128.221
0.0480292,0.0305043,0.150628,41.4899,9.36523,128.224
0.0473143,0.0237269,0.157404,43.5593,9.59001,128.235
0.0471864,0.00485408,0.143527,43.8613,9.27634,128.235
0.0464289,0.00607611,0.141236,45.6487,9.72252,128.237
0.0498245,0.0234358,0.162666,37.2121,9.30191,128.237
0.039503,0.0132665,0.161085,69.8617,11.4532,128.248
0.0481562,0.00923063,0.154836,41.1188,9.64654,128.253
0.041447,0.0127622,0.163007,61.6492,10.9498,128.255
0.0476466,0.0408631,0.159317,42.9039,9.28459,128.263
0.0406774,0.0145067,0.160779,64.9968,11.665,128.264
0.047586,0.00529725,0.139844,42.7436,9.22019,128.269
0.0424903,0.0114189,0.153001,57.8535,11.7257,128.269
0.0438617,0.00199386,0.152068,52.5035,10.0873,128.28
0.0440478,0.0400599,0.165811,52.1846,10.0728,128.28
0.0455907,0.0288945,0.164879,47.1073,10.7884,128.282
0.0445941,0.00480102,0.151478,50.4956,11.8973,128.283
0.0427852,0.0112716,0.165273,56.5594,10.9371,128.293
0.0462105,0.00598686,0.164864,46.7247,10.3721,128.294
0.0421508,0.0382254,0.164136,58.7602,11.0451,128.295
0.0476348,0.0255014,0.147421,42.9837,9.96976,128.3
0.0465633,0.0265433,0.162312,45.0831,9.98806,128.3
0.0514067,0.0140125,0.161866,34.5876,8.51627,128.303
0.0459794,0.0133512,0.145512,46.1772,10.4403,128.303
0.0445617,0.0201149,0.158167,50.0967,10.7991,128.309
0.0445656,0.0291724,0.164291,50.6195,10.9383,128.317
0.0430634,0.025942,0.159795,55.3464,11.4613,128.319
0.0408988,0.0091417,0.157994,63.6732,11.2752,128.325
0.0472617,0.0404757,0.164774,43.7491,9.47417,128.326
0.045727,0.031373,0.160782,47.1333,10.8631,128.329
0.0507877,0.00837934,0.154473,35.5088,8.38759,128.335
0.0421679,0.0233489,0.15668,58.5138,11.2514,128.343
0.0447658,0.017622,0.160245,50.6557,10.0075,128.349
0.0432222,0.00805602,0.159802,54.6763,11.7923,128.35
0.0417243,0.0264741,0.166134,60.2452,10.2473,128.35
0.0440051,0.0197827,0.153994,52.9357,10.3192,128.353
0.04816,0.0148623,0.159952,41.77,9.36884,128.355
0.0442293,0.00748324,0.153214,51.3781,10.8947,128.355
0.0438416,0.0213207,0.16096,52.3608,11.5296,128.359
0.0507485,0.0379361,0.157828,35.3441,8.21527,128.363
0.0475975,0.00324294,0.138409,42.2996,9.32204,128.368
0.0523626,0.0247125,0.165789,32.095,8.32678,128.37
0.0416611,0.0238884,0.163444,60.5543,11.9615,128.373
0.0492896,0.0264606,0.155476,38.419,9.96681,128.382
0.0445316,0.0302559,0.165555,50.0255,10.3084,128.386
0.051277,0.0321063,0.156252,34.8015,8.22332,128.39
0.0483429,0.0381275,0.164774,40.7811,9.23052,128.393
0.0479656,0.0452248,0.16404,41.7443,9.63573,128.395
0.0440077,0.00957044,0.160007,52.801,11.4399,128.397
0.0429267,0.00957995,0.161801,55.0973,12.9354,128.402
0.0456027,0.0275007,0.152968,47.8552,10.287,128.405
0.0472467,0.0436076,0.16207,43.1472,9.83915,128.409
0.0425629,0.00367187,0.162398,56.1487,11.4234,128.411
0.0429659,0.00904911,0.159308,55.8073,11.955,128.429
0.0513817,0.0210939,0.163893,34.9074,8.72349,128.431
0.0445685,0.00466614,0.15529,51.2384,9.9326,128.432
0.041681,0.00686396,0.160721,59.3685,12.9346,128.433
0.0503074,0.0299659,0.159102,36.4068,8.63966,128.435
0.0420875,0.00356007,0.152653,59.9269,10.3147,128.436
0.0458928,0.0126127,0.1567,46.4143,10.2125,128.447
0.0517926,0.0382924,0.16583,33.6946,8.71702,128.453
0.0438065,0.00932744,0.152944,52.1762,11.6475,128.453
0.0440282,0.0339919,0.159391,52.8353,10.4853,128.473
0.0448449,0.0181398,0.159636,49.6332,11.9961,128.473
0.0457932,0.00136776,0.160466,47.4417,9.26231,128.473
0.0409432,0.0294749,0.165428,63.0493,10.9336,128.479
0.047609,0.022391,0.146501,42.834,9.10284,128.48
0.0414451,0.0210289,0.162261,61.0645,11.4199,128.481
0.0465316,0.0344525,0.164864,45.8866,9.24394,128.483
0.0383906,0.014191,0.164525,74.4113,11.9572,128.485
0.0427978,0.00953064,0.161113,56.4073,10.6898,128.488
0.0448476,0.0372324,0.162877,49.6252,11.319,128.49
0.0417171,0.00210296,0.158878,60.9028,10.0095,128.497
0.043403,0.00631315,0.15785,54.1843,10.9324,128.497
0.0417623,0.0127581,0.161704,59.9016,11.601,128.499
0.0425786,0.0136433,0.156035,57.1241,10.329,128.508
0.0435686,0.0144983,0.164953,53.0001,10.4438,128.509
0.0471408,0.0308788,0.158435,43.8607,9.81879,128.509
0.044007,0.0504695,0.166552,52.0763,10.1251,128.51
0.0484144,0.0265648,0.146247,40.1004,9.05983,128.511
0.0499022,0.0169552,0.15427,37.3807,8.20086,128.512
0.0471853,0.037061,0.156911,43.3297,9.31038,128.516
0.0434131,0.00741882,0.155807,54.8012,10.6568,128.516
0.0405078,0.0205357,0.166009,64.7188,12.4264,128.519
0.0425721,0.00803193,0.151553,57.2333,10.9139,128.519
0.0456082,0.0415511,0.158789,47.746,10.5595,128.521
0.0423072,0.0295694,0.163259,58.688,10.845,128.525
0.0458634,0.0124294,0.156061,47.8952,9.68931,128.532
0.0425151,0.024297,0.161881,57.7184,11.337,128.533
0.0424112,0.0220719,0.157193,57.9364,11.6579,128.535
0.0483758,0.0495966,0.165024,40.1015,9.23224,128.539
0.0428832,0.00256259,0.162784,56.6031,11.1634,128.543
0.044613,0.0134236,0.145624,50.35,10.502,128.549
0.0479372,0.0325794,0.165501,41.519,9.43129,128.55
0.0402642,0.00716635,0.161696,65.4006,12.4421,128.55
0.0428326,0.00576058,0.163548,55.1766,11.3415,128.55
0.0444723,0.0278855,0.166417,50.3418,10.5177,128.552
0.0436377,0.00512032,0.151882,53.6883,10.8625,128.552
0.0432728,0.00228591,0.158347,54.0341,10.8743,128.557
0.0471106,0.0400284,0.160571,43.342,10.361,128.56
0.0479737,0.0292262,0.149687,41.8957,9.92473,128.56
0.0462763,0.0373089,0.157465,45.5901,10.6959,128.563
0.0432725,0.0139018,0.165687,54.2514,12.628,128.566
0.0448269,0.00417715,0.159144,49.2781,10.3893,128.569
0.0483632,0.0255855,0.151512,40.8162,9.91524,128.571
0.0395159,0.00182237,0.162501,68.5185,12.8556,128.576
0.0468593,0.00282173,0.136279,44.5455,9.86666,128.576
0.0411232,0.0291547,0.164653,62.8878,11.7945,128.579
0.0484116,0.0577765,0.1656,40.1087,9.41816,128.584
0.0477175,0.00338768,0.165605,42.0528,10.5429,128.584
0.0436489,0.0151371,0.164462,53.193,10.901,128.585
0.039835,0.00434027,0.158214,67.7563,12.7867,128.589
0.0487782,0.0312455,0.161277,39.6117,9.06079,128.591
0.0456232,0.0324666,0.148953,47.6118,10.6375,128.595
0.0475575,0.0324528,0.163108,42.5217,10.8703,128.596
0.0442279,0.00714687,0.156915,52.8211,9.30586,128.602
0.0461125,0.00740532,0.164203,46.2938,9.47711,128.603
0.0494536,0.00162339,0.144996,38.7249,8.21297,128.604
0.0436039,0.0292446,0.160833,53.4181,11.4361,128.609
0.0502867,0.0197456,0.149796,36.5723,8.3576,128.613
0.0416175,0.0127958,0.16395,59.013,12.2536,128.613
0.0457825,0.00339236,0.163224,47.9022,9.03885,128.614
0.0407425,0.0103427,0.152992,64.0661,10.465,128.615
0.0413925,0.0272575,0.163424,61.715,11.7433,128.615
0.0440547,0.0359874,0.162678,52.5211,10.1429,128.616
0.0458655,0.0173746,0.164529,46.1809,10.8905,128.618
0.0430333,0.0167625,0.165653,55.3333,10.5982,128.626
0.0438938,0.0331126,0.15952,52.9422,11.3702,128.627
0.0484638,0.0113892,0.142175,40.534,9.8478,128.631
0.0494519,0.00378597,0.148308,38.0752,8.11143,128.642
0.0398416,0.0253962,0.166312,67.4845,12.1997,128.643
0.0436423,0.00807197,0.150883,53.9022,10.112,128.645
0.0479479,0.0105779,0.148062,41.5321,9.05435,128.645
0.043651,0.014282,0.162833,53.3572,10.3305,128.646
0.0464244,0.018048,0.151688,45.8971,10.3023,128.648
0.0456259,0.0546433,0.164545,47.5941,10.7298,128.649
0.0493859,0.0313191,0.165264,38.2077,9.74251,128.655
0.0442277,0.00627467,0.155156,52.624,9.12911,128.66
0.0459086,0.018335,0.164491,47.8513,9.97046,128.663
0.0396529,0.010767,0.166553,68.8811,12.9168,128.664
0.0471844,0.0498791,0.153727,43.6665,9.40964,128.665
0.0382154,0.0156912,0.160357,75.2678,11.3533,128.674
0.0473265,0.0306414,0.163826,43.4062,9.65763,128.678
0.0475343,0.0327068,0.158149,42.8043,9.77382,128.679
0.0483611,0.0393706,0.153693,40.4977,9.5536,128.681
0.0436018,0.0337946,0.162603,53.3633,11.3323,128.684
0.0414386,0.0072096,0.158961,60.1426,12.3829,128.685
0.0494059,0.013653,0.142441,38.7596,8.63356,128.686
0.0483387,0.0471613,0.162538,40.849,9.34983,128.688
0.0489731,0.00279315,0.134263,39.5638,8.55587,128.693
0.040932,0.0100168,0.157941,63.2066,11.7743,128.695
0.0448976,0.0248782,0.159287,49.4639,11.1072,128.699
0.0465374,0.00983355,0.162026,45.7141,10.0894,128.705
0.0489459,0.0252639,0.158976,39.4922,9.23805,128.706
0.042108,0.00574024,0.156184,59.46,10.0997,128.709
0.0382101,0.00670783,0.165542,75.2082,12.7459,128.719
0.0443974,0.0159026,0.165794,50.0771,11.0626,128.72
0.0462605,0.0367176,0.159901,45.6593,10.0411,128.72
0.0425732,0.00450229,0.159687,56.9554,12.167,128.722
0.0463702,0.0191889,0.145609,45.7719,10.2529,128.725
0.041877,0.00848037,0.164249,59.6789,12.4513,128.725
0.0428449,0.00683305,0.154659,55.6309,11.6915,128.731
0.049252,0.0404012,0.160214,38.9146,9.08834,128.732
0.0382462,0.00676787,0.164701,75.9285,11.7966,128.735
0.0471594,0.0328484,0.162103,43.8014,9.44831,128.737
0.0442868,0.0143321,0.143894,51.9642,10.9984,128.738
0.0498956,0.0184937,0.149567,37.6021,8.98247,128.739
0.0451932,0.00508606,0.15013,48.7013,10.1135,128.741
0.0467016,0.00735597,0.149844,44.4641,10.1281,128.741
0.0412639,0.0191321,0.155048,62.6694,10.7388,128.742
0.044736,0.00545984,0.14795,50.6048,10.2221,128.744
0.0439371,0.0209042,0.156459,52.8325,11.0739,128.749
0.0495515,0.0112661,0.162453,38.1021,8.58813,128.75
0.0425459,0.00978504,0.163128,56.0475,12.9768,128.75
0.0425891,0.0346531,0.164849,56.1031,12.6746,128.752
0.0407616,0.0072723,0.150673,64.9918,10.1858,128.754
0.041962,0.0184835,0.160123,59.6649,11.3287,128.756
0.0408977,0.00658631,0.155117,63.8506,11.3206,128.758
0.0437901,0.016658,0.154108,52.9362,11.7461,128.759
0.0431407,0.013075,0.156721,54.5476,11.6063,128.759
0.0442974,0.049201,0.164956,51.841,10.3022,128.761
0.0459393,0.0505974,0.161855,46.6275,10.3012,128.765
0.0468141,0.0343244,0.164306,44.0562,9.82712,128.765
0.0462307,0.014568,0.164291,45.1277,10.0372,128.767
0.0456006,0.0478925,0.158989,47.1047,10.2676,128.768
0.0448551,0.0269601,0.16324,49.9946,10.8735,128.769
0.0421351,0.00192983,0.163384,58.3384,10.8032,128.773
0.0406716,0.0358427,0.166386,64.3849,11.7861,128.779
0.0466544,0.0465569,0.163817,44.5434,10.8895,128.78
0.0416503,0.014909,0.159794,59.0415,12.3173,128.781
0.0436903,0.0482854,0.165184,53.9405,10.1186,128.781
0.0402071,0.00838844,0.156353,66.1932,11.4718,128.782
0.0427302,0.00564274,0.162145,56.1065,10.4384,128.783
0.0396766,0.0203265,0.16625,68.3166,11.3402,128.785
0.0483722,0.0618663,0.165219,40.7731,9.42902,128.785
0.0428414,0.00839826,0.155386,55.6503,11.0154,128.785
0.0444934,0.00333584,0.158096,51.1914,10.3627,128.786
0.0487884,0.00580404,0.162445,39.0796,9.49141,128.787
0.0452001,0.0307046,0.163242,48.7835,11.4599,128.79
0.0434968,0.014273,0.157536,53.0616,11.0913,128.792
0.0454909,0.0016412,0.162331,48.36,9.05233,128.792
0.041977,0.0190065,0.161353,59.9359,11.2819,128.793
0.0406398,0.0222001,0.161473,64.3743,11.4735,128.794
0.0444974,0.00996517,0.15674,51.0979,9.18322,128.795
0.0452035,0.0097091,0.149086,48.7485,10.158,128.797
0.0436884,0.00191661,0.140603,53.0792,10.7096,128.8
0.0470725,0.00746606,0.156732,43.2977,10.5783,128.8
0.041177,0.028427,0.166073,62.8103,10.2505,128.801
0.0464313,0.0099717,0.1479,45.5472,9.84111,128.801
0.0524585,0.00782075,0.162569,32.5283,8.42719,128.801
0.0419744,0.0140331,0.159359,58.6311,12.5482,128.802
0.0438874,0.0404864,0.162524,52.0323,11.9988,128.804
0.0455368,0.0231259,0.164384,48.1415,9.88109,128.809
0.0455557,0.0262931,0.156314,47.6107,10.943,128.813
0.0427525,0.0302139,0.157359,56.3269,11.8259,128.817
0.0464663,0.0061719,0.135794,45.6282,9.68057,128.817
0.0440494,0.0217783,0.151397,52.4731,10.9266,128.818
0.0455594,0.0219071,0.146328,47.758,10.8937,128.82
0.0459679,0.0112195,0.165381,46.4762,11.0843,128.821
0.0437614,0.0211308,0.155099,53.8071,10.9833,128.827
0.0415502,0.0246172,0.162221,60.3421,11.5676,128.828
0.0464879,0.00720305,0.134328,45.1452,9.76694,128.828
0.0432466,0.01054,0.166121,54.7066,10.0971,128.831
0.0499135,0.0119786,0.162856,37.2817,8.19013,128.832
0.0422646,0.0139477,0.159971,57.7105,12.4326,128.835
0.0434145,0.0245132,0.165969,54.7594,11.1503,128.842
0.0438975,0.0357668,0.160623,52.7289,11.9797,128.849
0.043995,0.0395248,0.160409,52.1489,10.5818,128.85
0.0453684,0.00174437,0.166012,48.9934,9.79247,128.853
0.0479478,0.00258364,0.148803,41.0656,9.84527,128.855
0.0446626,0.00790474,0.143153,50.794,10.5698,128.861
0.0438279,0.0274134,0.161198,52.2117,10.5659,128.867
0.0449034,0.0106988,0.150592,49.6323,10.713,128.869
0.0471036,0.0281579,0.158644,43.0879,10.0376,128.869
0.0413806,0.0132461,0.162877,60.6398,12.7619,128.871
0.0451651,0.00450674,0.161685,48.2338,11.927,128.875
0.0400868,0.00402749,0.156702,66.4076,12.1057,128.878
0.044752,0.0102387,0.152677,50.7738,10.3547,128.879
0.0429137,0.0222069,0.163186,55.0834,11.1335,128.879
0.0475646,0.0177207,0.140506,42.9164,9.34474,128.882
0.0431644,0.0289906,0.158813,55.2709,10.4947,128.888
0.0494073,0.00409062,0.146734,38.3947,8.22434,128.894
0.0452486,0.0378286,0.155718,48.2912,10.7361,128.899
0.0377995,0.00906548,0.162493,77.6511,12.981,128.901
0.0523209,0.0139518,0.159426,32.8192,8.52521,128.903
0.0438813,0.0481275,0.166228,52.9854,11.1495,128.905
0.0468494,0.0414143,0.156195,44.1611,9.74319,128.906
0.0383719,0.0186484,0.164916,74.0424,12.3701,128.911
0.0416106,0.0227287,0.165792,59.5321,12.4643,128.913
0.0383659,0.00755587,0.164212,74.513,12.7037,128.914
0.0421504,0.0106052,0.148245,58.684,11.816,128.915
0.0438123,0.012158,0.154784,53.3595,10.1297,128.918
0.04655,0.0272379,0.157159,45.5283,9.89561,128.923
0.0451568,0.0107752,0.155308,49.3031,9.58785,128.928
0.0507453,0.0484852,0.160551,35.0229,8.40109,128.928
0.0439618,0.0358553,0.165821,52.8776,11.2469,128.929
0.0403583,0.00703291,0.163851,64.889,13.7833,128.932
0.0463922,0.0177201,0.144324,45.6112,9.01955,128.932
0.045256,0.0444505,0.157084,48.9004,10.9944,128.937
0.0446582,0.058019,0.166185,50.9708,10.7895,128.937
0.0468127,0.0387952,0.159384,44.7751,9.31754,128.937
0.0452379,0.0287419,0.155375,48.344,10.1233,128.94
0.0457339,0.0163267,0.153161,47.5568,10.8468,128.942
0.0441513,0.0559181,0.165119,51.4877,11.4229,128.943
0.0471197,0.0104327,0.159935,43.641,9.63137,128.945
0.0462872,0.0153349,0.150103,45.6775,10.3458,128.946
0.0475895,0.010712,0.133579,42.4942,9.46065,128.95
0.0471565,0.00246849,0.147977,43.2276,10.9509,128.952
0.0414349,0.00768956,0.157299,60.6789,12.502,128.952
0.045381,0.0349084,0.160217,48.6039,10.0946,128.954
0.0428608,0.0219476,0.15423,56.4844,10.0033,128.956
0.0394483,0.0124141,0.16267,69.7803,11.3441,128.956
0.0494057,0.0125132,0.148268,38.6137,8.88788,128.959
0.0405662,0.0132932,0.164885,64.4697,11.3767,128.959
0.0454685,0.00894383,0.148996,48.5294,9.32267,128.96
0.0442909,0.0532115,0.162017,51.362,10.5024,128.965
0.0411572,0.0108775,0.166449,61.5338,12.8179,128.967
0.0401017,0.00402686,0.157919,66.9789,11.1493,128.968
0.046668,0.018433,0.154715,44.6553,10.821,128.968
0.0434113,0.0320659,0.156447,54.7226,10.5591,128.97
0.0403551,0.00669458,0.156496,65.2638,11.6559,128.977
0.0462454,0.0540583,0.163553,45.5578,10.3169,128.978
0.0426729,0.0380105,0.163957,56.905,11.218,128.979
0.0471928,0.022368,0.145545,43.6985,9.18291,128.98
0.045908,0.0237343,0.147373,46.0955,10.0837,128.981
0.0460816,0.00455002,0.136939,46.1923,9.12021,128.983
0.0406854,0.00441207,0.163906,63.5353,11.5641,128.987
0.0408658,0.0389728,0.165247,63.4819,11.3776,128.992
0.0451544,0.011394,0.161689,48.1615,10.5958,128.993
0.048101,0.0116899,0.146793,41.2574,9.13198,128.997
0.0457443,0.0117934,0.157778,47.9704,9.2725,128.998
0.0462939,0.0521824,0.15989,45.3684,10.6283,129
0.0386611,0.0113664,0.165714,73.838,11.3407,129.002
0.0425513,0.018294,0.15912,57.7056,10.996,129.004
0.0436925,0.0126525,0.153288,53.0543,10.8199,129.004
0.0467033,0.010418,0.149847,44.6227,10.4209,129.012
0.0467676,0.0363816,0.155076,44.395,9.26127,129.013
0.0425654,0.0298711,0.161732,57.494,10.8402,129.013
0.0409576,0.0304987,0.161841,63.1729,10.005,129.015
0.0471465,0.014375,0.1395,43.6698,9.13935,129.016
0.0468827,0.0249521,0.148019,44.2249,9.93878,129.018
0.0426791,0.0398281,0.16221,56.0852,11.3902,129.026
0.0452477,0.03215,0.151974,48.7137,10.8125,129.027
0.0440423,0.0228302,0.164821,51.5711,11.0193,129.028
0.0409385,0.0109376,0.161252,62.4565,12.0107,129.029
0.0513717,0.00427236,0.146534,34.8092,8.4935,129.029
0.0415299,0.0166965,0.162852,60.125,12.0105,129.029
0.0426959,0.0196226,0.154884,56.3469,11.4927,129.042
0.0448321,0.0510793,0.165705,49.6301,11.6151,129.044
0.0398493,0.00223821,0.164213,67.5951,11.9916,129.046
0.0471541,0.0185361,0.140565,43.2153,9.86549,129.047
0.0503037,0.0241658,0.163947,36.417,8.78294,129.048
0.0418791,0.0196194,0.165914,58.9982,12.3551,129.048
0.0507244,0.00965825,0.163978,35.2566,9.60286,129.056
0.0458009,0.0166672,0.16294,47.1737,9.19975,129.059
0.0457658,0.0014352,0.136369,47.259,9.97617,129.063
0.0418582,0.0314943,0.162065,59.8028,11.2606,129.063
0.0418157,0.0156673,0.15595,60.2033,10.7511,129.064
0.0479606,0.0518874,0.158405,41.1361,9.25175,129.069
0.046121,0.0240429,0.159361,46.9659,9.58572,129.069
0.0415968,0.0191997,0.157658,60.5559,11.1958,129.07
0.0421858,0.00862779,0.146221,58.4831,11.6141,129.07
0.0431962,0.00204113,0.160083,54.646,12.412,129.071
0.0458535,0.0213344,0.164954,46.1472,10.6389,129.072
0.0404261,0.00965626,0.16623,64.7537,13.951,129.073
0.0460943,0.0149555,0.16637,46.8155,9.57546,129.073
0.0449354,0.0633599,0.16427,49.6978,10.2147,129.076
0.0411158,0.0367121,0.1643,62.0086,11.5147,129.077
0.0431755,0.0205287,0.154724,55.5273,10.7312,129.086
0.0439834,0.00711498,0.138156,52.0443,10.0854,129.086
0.0434554,0.00199086,0.147927,53.2364,11.5612,129.086
0.0442625,0.0406136,0.150182,51.2693,10.5253,129.087
0.0449038,0.0196522,0.150779,49.67,10.8075,129.091
0.0460804,0.0148841,0.149138,46.3673,9.18185,129.093
0.044209,0.00531215,0.144507,51.6396,11.5037,129.095
0.0441815,0.0177054,0.156854,52.0754,9.13736,129.097
0.0440624,0.00758548,0.144222,52.8573,10.0158,129.097
0.04078,0.00971512,0.166084,63.354,11.3884,129.101
0.0399646,0.00643249,0.153839,67.6907,11.2885,129.102
0.0445909,0.0160694,0.145907,50.1232,10.6474,129.102
0.0396176,0.00476833,0.156334,68.0101,12.7223,129.105
0.0426694,0.0396538,0.164072,56.4905,11.4111,129.105
0.0433141,0.00623432,0.148509,54.586,11.9261,129.109
0.0467906,0.0261472,0.165476,44.1022,9.25582,129.11
0.0425904,0.012812,0.152489,57.0501,10.0746,129.11
0.0453613,0.005528,0.166418,48.2991,9.59663,129.112
0.040756,0.004569,0.161263,63.0146,11.4532,129.112
0.0503938,0.0179589,0.153253,36.9453,8.41777,129.114
0.0416922,0.0263191,0.164604,59.7068,12.815,129.12
0.0484926,0.0146922,0.14606,40.0787,9.37896,129.122
0.0436814,0.0256798,0.163132,53.4656,10.9654,129.123
0.0442481,0.0401575,0.156793,51.8812,10.1153,129.124
0.0507403,0.0130282,0.163488,35.6898,9.13496,129.125
0.0429155,0.0261364,0.164087,55.8561,12.5489,129.127
0.0451842,0.0136949,0.150572,48.7267,10.6348,129.127
0.0394279,0.0110406,0.164597,69.3591,12.529,129.13
0.0431032,0.0235342,0.153713,55.5051,10.4738,129.136
0.0456803,0.0532348,0.16549,47.7296,10.482,129.136
0.047924,0.0222516,0.159393,41.1723,9.02985,129.136
0.0427065,0.00783593,0.162362,56.2049,12.0183,129.138
0.0439289,0.0380845,0.164307,52.4395,10.307,129.139
0.0417088,0.00453581,0.15679,60.1572,10.4385,129.143
0.0414442,0.0267632,0.166286,60.117,12.6425,129.144
0.0465646,0.00433463,0.161183,45.6444,10.816,129.145
0.0475229,0.0227771,0.152129,42.7716,9.90337,129.145
0.0477408,0.0235344,0.160797,42.6695,9.0986,129.147
0.0472255,0.00247195,0.130332,43.1113,9.60814,129.147
0.0394554,0.00188879,0.15639,69.3967,11.456,129.15
0.0421103,0.0323527,0.159647,58.5636,11.4727,129.15
0.0436547,0.0195849,0.158631,53.806,10.4591,129.151
0.0435487,0.0252837,0.161812,53.0401,10.0876,129.152
0.0415236,0.0102942,0.151498,60.3115,11.1679,129.152
0.043729,0.029749,0.160407,52.6623,11.6098,129.153
0.0436843,0.0195831,0.158954,53.5678,10.3378,129.155
0.0423065,0.0330059,0.162655,57.1222,12.805,129.156
0.0420114,0.0206097,0.160908,58.9614,12.615,129.157
0.0401078,0.0274933,0.165726,66.9843,11.3695,129.158
0.0451423,0.0214725,0.161974,49.8089,9.92857,129.16
0.047588,0.0116415,0.132521,42.0007,9.13708,129.163
0.0456077,0.0213267,0.14006,47.8271,10.8088,129.164
0.0403592,0.0126115,0.163272,65.4628,12.4978,129.168
0.0445497,0.0125992,0.155631,51.1735,9.73965,129.171
0.0502944,0.0304844,0.14713,36.1662,8.88865,129.174
0.0476296,0.00966354,0.15821,42.8515,10.8063,129.174
0.045474,0.00455567,0.162573,48.7096,9.4769,129.175
0.0405117,0.0237284,0.161659,64.64,12.097,129.179
0.0492737,0.0171684,0.149671,38.9211,9.44315,129.185
0.0419691,0.00770544,0.152612,59.1096,11.6839,129.187
0.0432285,0.0112667,0.159779,54.5984,10.8013,129.189
0.0465055,0.0250184,0.14752,45.2554,9.39063,129.19
0.0378299,0.00778833,0.155405,77.0293,11.5597,129.191
0.0441231,0.0431738,0.159529,51.74,11.4615,129.194
0.0455953,0.0236586,0.141992,47.959,10.7789,129.194
0.0394721,0.00369349,0.15734,69.3083,11.535,129.197
0.0465115,0.0311727,0.156457,45.8277,9.1447,129.2
0.0411209,0.0125982,0.155943,62.2218,11.1282,129.202
0.0479528,0.00520044,0.140885,41.9305,9.25234,129.202
0.0507506,0.0115088,0.158521,35.5175,8.51158,129.203
0.0456335,0.0345941,0.1475,47.9604,10.2429,129.204
0.0489961,0.0162495,0.159324,39.0902,9.28275,129.209
0.0507493,0.00884266,0.16141,35.1376,9.27167,129.209
0.0487876,0.0301986,0.151917,39.3659,9.62459,129.211
0.045137,0.0289382,0.163238,49.9198,9.73598,129.214
0.0448702,0.0179768,0.158696,50.2851,9.9371,129.215
0.0457455,0.0106774,0.164206,47.6675,9.64037,129.215
0.0479366,0.0516114,0.158751,41.8269,9.90024,129.224
0.043552,0.0487659,0.1664,53.7443,11.0948,129.225
0.0483319,0.0658702,0.164596,40.8182,9.74065,129.239
0.0448449,0.00538941,0.153691,49.3537,11.3897,129.245
0.041425,0.0200194,0.162344,60.7594,11.7783,129.245
0.0485146,0.00166182,0.130323,40.7568,8.17544,129.251
0.0466338,0.0419804,0.160576,44.9984,10.4767,129.251
0.0441456,0.0317875,0.154083,51.182,11.0935,129.251
0.0415022,0.0061448,0.152236,60.0766,11.5336,129.252
0.047927,0.00767596,0.151338,41.5586,9.01859,129.253
0.0468046,0.0496534,0.155722,44.0814,9.891,129.254
0.0433642,0.00464834,0.151318,54.2785,10.5326,129.254
0.0415187,0.0313824,0.161297,60.5082,11.1279,129.256
0.0438054,0.0316959,0.163156,53.3456,10.7408,129.257
0.0463643,0.00200799,0.146762,45.5789,9.71966,129.258
0.0470899,0.00937495,0.152461,43.3494,10.9464,129.264
0.0439147,0.0386296,0.163144,52.8093,10.3938,129.266
0.0458722,0.0447006,0.160076,46.7156,10.6423,129.268
0.0432721,0.0174635,0.158752,54.0093,10.2993,129.268
0.0489239,0.0100602,0.136816,39.7848,8.76228,129.272
0.0449418,0.0286384,0.146708,49.9146,10.4957,129.273
0.0444735,0.0368945,0.164915,50.6664,10.4343,129.276
0.0460387,0.00380151,0.135871,46.4166,9.39602,129.276
0.0379923,0.0190424,0.162999,76.5505,11.5585,129.276
0.0460554,0.00461515,0.151961,46.3753,9.64032,129.278
0.0394212,0.0155773,0.163429,69.1785,11.0276,129.28
0.0401823,0.00178812,0.152237,66.2607,11.8303,129.283
0.0417399,0.0490162,0.164032,60.9715,10.1821,129.285
0.045581,0.0567911,0.159102,47.6466,10.0338,129.288
0.0449265,0.0151932,0.14021,49.57,10.9956,129.29
0.0449352,0.0257307,0.143678,49.0871,10.3491,129.291
0.0424033,0.0493376,0.15959,57.2342,11.8286,129.292
0.0429626,0.00680937,0.149252,55.7186,11.604,129.292
0.0417358,0.0436552,0.16372,60.1901,10.1028,129.294
0.0438944,0.011194,0.154282,53.338,9.84599,129.295
0.0479048,0.0415693,0.162125,41.7891,9.48314,129.296
0.0402541,0.0193615,0.162118,65.8924,12.8918,129.296
0.0407254,0.0104709,0.155861,64.7409,11.5352,129.297
0.0438537,0.0273514,0.155347,52.1858,10.2805,129.3
0.0420309,0.0324379,0.160114,59.4313,10.4489,129.303
0.0412265,0.0220888,0.164013,61.3924,11.3116,129.304
0.0436114,0.00461324,0.142335,53.0463,10.439,129.305
0.0423654,0.0282363,0.163622,57.4298,12.5707,129.306
0.043529,0.00848424,0.16076,53.3535,10.4194,129.307
0.0465823,0.0269291,0.159585,45.7658,9.30539,129.307
0.0455412,0.013463,0.141827,47.913,10.9655,129.308
0.0487846,0.013606,0.154627,39.8154,9.91442,129.309
0.0471494,0.0247261,0.142746,43.9187,9.47014,129.309
0.0441882,0.0320524,0.151545,51.9553,11.2879,129.312
0.0406613,0.00166626,0.160869,64.8381,10.8117,129.312
0.0405969,0.0159234,0.159091,64.7759,11.5887,129.312
0.0400973,0.0042187,0.157165,66.6552,11.7027,129.312
0.039931,0.00204549,0.161723,66.2123,12.5634,129.314
0.0500254,0.00698853,0.160644,37.8158,8.94731,129.315
0.0403381,0.0166714,0.15954,65.7178,11.8377,129.316
0.0535003,0.00446789,0.164672,30.6271,8.36615,129.317
0.0461155,0.0333046,0.163875,46.4489,9.70689,129.318
0.049089,0.00904114,0.15341,39.6409,8.36198,129.318
0.0438218,0.0383772,0.163628,52.7054,10.1225,129.319
0.0457348,0.0140632,0.159457,47.0896,9.40673,129.319
0.0394593,0.00734966,0.156784,69.076,11.0972,129.319
0.0403486,0.00678833,0.164766,64.1583,12.9139,129.319
0.0422748,0.0020225,0.148479,58.4974,10.4575,129.319
0.0439671,0.042485,0.155148,52.9679,10.0121,129.32
0.0449362,0.00474249,0.157128,50.4607,9.0735,129.322
0.0494965,0.0182819,0.165707,38.0859,8.96386,129.324
0.0507508,0.00639749,0.159976,35.3701,9.18385,129.324
0.0437603,0.038781,0.160137,53.1948,10.0869,129.324
0.0445819,0.0625727,0.159522,50.5748,10.3812,129.325
0.0466606,0.00935684,0.153397,44.2645,10.3936,129.325
0.0471704,0.0564704,0.161731,43.3344,9.29314,129.329
0.0435856,0.0383026,0.160276,53.7106,11.5252,129.332
0.0507465,0.0133832,0.154331,35.862,8.88955,129.334
0.0402672,0.024734,0.160778,65.8268,12.8835,129.335
0.0399264,0.023635,0.161612,67.0011,11.5358,129.336
0.0497696,0.00235515,0.149157,37.5973,9.84047,129.337
0.0507657,0.0293881,0.146667,35.4911,8.03643,129.337
0.0462514,0.0236473,0.163642,46.8238,9.97731,129.338
0.0434328,0.0183828,0.151775,53.0807,11.0359,129.34
0.0407414,0.00789107,0.161352,63.1944,12.8403,129.342
0.0419265,0.0170696,0.15896,58.1779,12.01,129.343
0.0466451,0.0247589,0.157048,44.4079,10.0317,129.344
0.0489788,0.0122759,0.138952,39.3095,8.21095,129.345
0.0391814,0.00198945,0.156765,70.4451,12.2224,129.345
0.0401905,0.00795867,0.164398,65.5895,13.8266,129.347
0.0405386,0.0260151,0.162419,64.8231,12.6544,129.348
0.0417873,0.0336363,0.156165,60.5246,10.3201,129.348
0.0460133,0.0068434,0.157625,46.8676,9.65562,129.351
0.0460803,0.00476973,0.155933,46.7498,9.02365,129.355
0.0440138,0.0369031,0.154017,52.274,10.2737,129.357
0.0415087,0.00885793,0.156392,60.5557,12.7925,129.358
0.0440167,0.0265554,0.149418,52.2514,10.1446,129.359
0.0425312,0.0275218,0.16439,57.0194,10.6929,129.361
0.0498634,0.0282168,0.14932,37.8972,8.22319,129.363
0.0428983,0.0302975,0.164354,55.5636,11.7915,129.364
0.0401965,0.0147531,0.162989,65.2579,12.5435,129.366
0.0470816,0.0278277,0.157796,43.3085,10.3873,129.367
0.0412533,0.0076253,0.160443,62.7006,11.3312,129.368
0.044333,0.0285929,0.148345,51.7318,10.6445,129.373
0.0475522,0.0392709,0.146464,42.028,9.65791,129.375
0.0412391,0.0214301,0.162353,61.2133,11.0642,129.379
0.0470726,0.0617156,0.164684,43.9298,10.8409,129.382
0.0498104,0.0149494,0.1443,37.2117,8.91533,129.383
0.0502834,0.00497523,0.14143,36.1989,8.1019,129.385
0.0409289,0.0368972,0.164106,63.9239,10.6004,129.39
0.0457437,0.0135216,0.140864,47.0879,9.98441,129.392
0.0451522,0.0100936,0.162422,49.4761,10.8809,129.392
0.0457439,0.00816453,0.147451,47.4277,9.24176,129.392
0.0400536,0.00494178,0.162617,66.6618,11.0658,129.394
0.0455208,0.0354541,0.148796,47.8295,10.6643,129.398
0.0468114,0.00701606,0.135748,44.1365,9.71736,129.398
0.0407676,0.012028,0.164027,63.0202,11.3643,129.398
0.0435666,0.0439296,0.160721,53.8764,11.211,129.4
0.046547,0.00138617,0.156958,45.018,10.3568,129.402
0.0455242,0.0336756,0.151253,47.985,10.1555,129.403
0.0468495,0.0349747,0.147414,44.903,9.92613,129.403
0.0458501,0.0115,0.164737,47.8072,10.2259,129.406
0.0396335,0.00491215,0.163204,67.3213,13.6157,129.408
0.0470359,0.0129689,0.161705,43.5995,10.0702,129.409
0.0440085,0.022869,0.163892,52.6285,11.3517,129.41
0.0511902,0.0489244,0.16428,34.1893,8.32102,129.412
0.0405088,0.00170125,0.157113,64.9964,12.4468,129.414
0.0445585,0.0237673,0.150621,50.7749,10.6017,129.416
0.0407811,0.00173036,0.149912,63.2557,11.253,129.417
0.0380254,0.0287113,0.163029,76.2877,11.6558,129.418
0.0439721,0.015029,0.154562,52.7187,11.2901,129.418
0.0433439,0.0302819,0.164957,54.7802,10.8444,129.422
0.0498878,0.0247906,0.164034,37.6299,8.00097,129.423
0.0458103,0.0195426,0.150048,47.8384,9.57452,129.424
0.0414634,0.0113203,0.156055,60.8782,12.4284,129.425
0.039855,0.0150816,0.165683,66.1975,13.685,129.435
0.041488,0.0288411,0.160783,60.8225,11.2437,129.435
0.0460494,0.00927213,0.135648,46.755,9.17043,129.439
0.0471737,0.0237426,0.13672,43.6729,9.62143,129.44
0.0449612,0.00992735,0.136216,49.5548,10.7202,129.444
0.0409802,0.0185529,0.162426,63.252,11.6198,129.444
0.0402693,0.0300975,0.160919,65.321,12.3178,129.445
0.0547693,0.00379648,0.165769,28.9167,7.65856,129.447
0.0448339,0.0333163,0.161623,49.6527,10.1578,129.451
0.0471569,0.0175369,0.135687,43.2021,9.05904,129.451
0.0424674,0.00391251,0.145281,57.4896,11.1759,129.451
0.042575,0.033627,0.166352,56.1711,11.7107,129.454
0.0426777,0.00321068,0.158879,56.5441,10.6961,129.454
0.0419231,0.00762573,0.145571,59.035,11.2799,129.455
0.0459359,0.0744702,0.16533,46.4129,10.9557,129.459
0.0432438,0.0331083,0.160346,54.7656,11.3186,129.46
0.0433428,0.0393808,0.162858,54.9659,11.6984,129.461
0.043235,0.00306364,0.150987,55.1957,10.4939,129.462
0.045517,0.0430972,0.148824,47.6682,10.0024,129.467
0.0473032,0.00698962,0.161645,43.6041,10.6811,129.468
0.0419075,0.0403255,0.159761,59.4802,11.0623,129.468
0.0386143,0.00964559,0.164551,73.6435,12.3824,129.469
0.051749,0.0177078,0.16199,33.5922,8.79125,129.47
0.0405637,0.00685709,0.155929,64.9796,12.0064,129.472
0.0416622,0.00914418,0.147972,60.1722,11.9618,129.473
0.0454835,0.0291297,0.162294,48.4038,9.26491,129.474
0.040946,0.0165894,0.163155,62.7497,12.8442,129.476
0.0400683,0.0148341,0.166226,65.9474,13.3872,129.476
0.0370923,0.00173332,0.166085,81.6758,11.0972,129.477
0.0420705,0.0380647,0.166042,59.2135,10.4885,129.477
0.0507877,0.0331122,0.152049,35.9697,8.92964,129.478
0.0431661,0.018743,0.15461,54.3122,11.8777,129.478
0.0434842,0.0319901,0.158587,53.8228,11.0927,129.479
0.0410778,0.00363158,0.152525,62.8547,11.7826,129.479
0.0489735,0.00925692,0.147046,39.2133,8.49255,129.479
0.0429602,0.0254884,0.157592,55.3279,11.6925,129.48
0.0479503,0.0299122,0.140484,41.6342,9.35294,129.481
0.0459581,0.00435804,0.139504,46.9324,10.8288,129.481
0.048617,0.00185324,0.148332,40.8979,8.01193,129.485
0.0440221,0.0276366,0.149133,52.4484,10.925,129.485
0.0394055,0.0123486,0.165983,69.0819,11.6481,129.486
0.0444734,0.0415339,0.165534,50.4795,10.7076,129.487
0.0420152,0.044505,0.166515,58.4721,11.2736,129.49
0.0427935,0.0212814,0.155653,56.601,11.2297,129.496
0.0411533,0.0136309,0.165318,62.9863,10.0458,129.497
0.043388,0.0235902,0.155252,54.948,10.8802,129.498
0.0417655,0.0274726,0.160106,59.4697,12.5603,129.498
0.0415574,0.0043915,0.15529,60.4304,12.6238,129.499
0.0434367,0.00684039,0.149434,53.5408,11.6447,129.5
0.0451807,0.00664463,0.14109,48.289,10.7216,129.5
0.0425288,0.0260317,0.16193,57.7085,11.6822,129.503
0.0399736,0.0108189,0.160798,67.7088,10.2516,129.503
0.0392652,0.00857189,0.160441,69.3035,12.0396,129.509
0.0411621,0.0339733,0.164511,61.1109,11.211,129.511
0.0480383,0.0285848,0.147177,41.6716,9.72286,129.512
0.0400408,0.0399846,0.166086,66.6829,12.0574,129.513
0.0467555,0.00659421,0.13313,44.6049,9.82042,129.515
0.0390308,0.03335,0.165075,71.8126,11.1646,129.515
0.0434733,0.0236953,0.154334,53.4241,11.1439,129.52
0.0416934,0.00597205,0.155547,60.2994,10.8111,129.521
0.046673,0.0075049,0.148504,44.4445,10.7803,129.528
0.043101,0.00597288,0.15247,55.1528,11.2963,129.529
0.0432377,0.0315959,0.154611,54.1309,11.2622,129.53
0.0445988,0.0276804,0.144142,50.9099,10.2887,129.532
0.0435327,0.0208866,0.141541,53.6565,11.0933,129.532
0.0442629,0.0573734,0.161691,51.4314,10.5693,129.533
0.0460326,0.0150209,0.142992,46.5472,9.64741,129.537
0.0448743,0.0033488,0.131532,49.584,10.263,129.538
0.0408584,0.0212255,0.159006,63.5934,11.9776,129.539
0.0404308,0.00556525,0.161165,64.8265,13.5073,129.54
0.0393872,0.0273747,0.165951,69.918,12.4448,129.54
0.0422484,0.0462945,0.165775,57.4997,12.0669,129.54
0.0413436,0.0294995,0.166035,60.9749,12.2599,129.541
0.0463825,0.0180416,0.139762,45.5858,9.49385,129.548
0.0404414,0.00725715,0.162739,64.4494,11.2663,129.549
0.0451318,0.00515005,0.157991,49.1496,9.18344,129.551
0.0424724,0.0256348,0.164808,57.6551,10.7557,129.552
0.0448671,0.0438657,0.159069,49.1425,10.3117,129.559
0.0442428,0.0547791,0.158048,51.6364,10.986,129.559
0.0405764,0.00307394,0.154145,64.6704,12.834,129.56
0.0451564,0.0167933,0.155895,49.0234,9.6803,129.561
0.0440607,0.0186919,0.159593,51.1011,11.9841,129.562
0.0484143,0.00735236,0.135222,40.4409,9.03662,129.563
0.0355558,0.00853115,0.164299,90.6529,12.4624,129.564
0.039927,0.00825992,0.162741,66.9697,12.7808,129.566
0.0395263,0.0265779,0.165077,68.3705,12.5838,129.566
0.0464421,0.0429949,0.157407,45.3662,9.10687,129.567
0.0512257,0.0184401,0.162803,34.6898,8.02125,129.569
0.0436711,0.0386063,0.155725,53.1282,10.4925,129.571
0.0479777,0.0520436,0.153966,41.5,9.44325,129.575
0.0414503,0.00374735,0.151848,60.0392,12.6036,129.577
0.0391162,0.0161984,0.164062,70.7854,12.4213,129.577
0.0403576,0.0299548,0.162586,65.8014,11.6424,129.58
0.0370415,0.00948627,0.163907,81.0683,12.1798,129.58
0.049429,0.0281979,0.153532,38.2712,8.81332,129.585
0.0443487,0.0118972,0.140986,51.5525,10.534,129.586
0.0429743,0.00853525,0.158524,55.4638,12.9761,129.591
0.0404416,0.0362125,0.163698,65.8149,11.8607,129.591
0.0441812,0.0266418,0.148579,51.0219,11.7955,129.592
0.0411031,0.0195919,0.157407,62.1918,11.4777,129.593
0.0372616,0.00468582,0.16062,80.4429,11.8119,129.594
0.0458588,0.0356947,0.166535,47.1,9.79164,129.594
0.0374188,0.0127684,0.163871,79.811,12.792,129.594
0.0453985,0.0111921,0.15969,48.0209,9.7884,129.596
0.0451175,0.00657052,0.152584,49.2958,9.60383,129.597
0.0507338,0.0220015,0.14963,35.5466,8.64256,129.597
0.0436913,0.0412329,0.165508,52.0547,11.1103,129.597
0.0406726,0.0142253,0.155755,63.5953,11.6193,129.599
0.0462563,0.0208276,0.152374,45.2111,10.7855,129.6
0.0449053,0.0329357,0.147617,49.0503,10.8114,129.601
0.0466063,0.00820017,0.165375,44.3602,10.2582,129.605
0.045574,0.0681753,0.159871,47.9659,10.4842,129.605
0.0436723,0.0308245,0.15591,53.9832,10.8579,129.607
0.0406674,0.014657,0.164322,63.2163,13.5171,129.608
0.0445445,0.0272534,0.152342,50.4243,10.1927,129.609
0.043485,0.0473119,0.164968,53.4047,11.4632,129.611
0.0380382,0.00634738,0.151855,76.8807,11.6945,129.611
0.0380986,0.00260831,0.163552,75.4561,12.0549,129.611
0.0419326,0.00275324,0.153818,58.0803,12.37,129.612
0.0507113,0.00981686,0.162519,35.8712,9.25917,129.613
0.0429641,0.00826292,0.139886,55.8455,11.8001,129.616
0.0460227,0.00550551,0.135864,46.7415,9.16453,129.62
0.0454408,0.0119254,0.166475,48.4749,9.9014,129.622
0.0404093,0.0107542,0.163593,65.3582,10.1392,129.624
0.0460935,0.0294972,0.150149,46.9865,9.6856,129.625
0.0471209,0.0383414,0.148851,43.0906,9.02101,129.626
0.0451445,0.0234511,0.157137,48.0076,10.4006,129.626
0.0441856,0.0363396,0.157758,51.3806,10.1122,129.627
0.0404318,0.0269188,0.16556,64.5982,12.9226,129.627
0.0455207,0.0484738,0.158824,47.6456,10.4798,129.628
0.0437871,0.0464625,0.163063,52.4647,11.652,129.629
0.0435132,0.0257995,0.149107,53.0909,11.9846,129.63
0.0394656,0.00920548,0.164482,69.4821,12.5708,129.631
0.0441229,0.0119887,0.165851,52.1934,9.40713,129.637
0.039879,0.00383718,0.156859,67.6579,12.5038,129.638
0.0426847,0.0411127,0.157299,56.5865,11.9345,129.639
0.0406793,0.0154927,0.156383,64.9764,10.6256,129.639
0.0399218,0.00583292,0.162648,66.0887,13.139,129.641
0.0445203,0.0156289,0.15405,51.2887,9.2079,129.642
0.0390795,0.024137,0.160525,71.6979,11.7673,129.645
0.0423964,0.0168622,0.162167,58.4773,10.942,129.645
0.0396564,0.00294129,0.161769,67.8186,12.4475,129.646
0.0444983,0.0553789,0.161236,50.9694,11.8316,129.647
0.0423486,0.0292941,0.157517,58.5214,10.2023,129.649
0.0442756,0.015749,0.138469,51.5623,10.653,129.65
0.040444,0.0353466,0.163166,65.1041,10.8434,129.651
0.0459298,0.0590652,0.153235,46.962,10.9484,129.655
0.0415728,0.0149544,0.151918,60.5134,11.9856,129.66
0.0438198,0.049531,0.151368,52.7243,11.0093,129.664
0.0418358,0.0135475,0.149779,59.6174,11.7282,129.664
0.0462751,0.0182502,0.146873,45.1985,10.7756,129.665
0.0458426,0.0184415,0.163335,46.1986,10.8264,129.666
0.0438614,0.0177302,0.150044,52.7302,10.2896,129.667
0.0464126,0.0429728,0.156061,45.9963,9.16636,129.668
0.0435658,0.020827,0.145414,53.2057,11.3616,129.669
0.0415328,0.00727216,0.148547,61.8315,10.5295,129.67
0.0426094,0.0389934,0.161591,57.7489,10.7989,129.671
0.0440124,0.0233429,0.145729,52.1661,10.8424,129.671
0.0428647,0.0207774,0.16067,55.0993,12.8216,129.672
0.0489795,0.0221886,0.144881,39.0841,8.96479,129.674
