beta,permeability,xi,init_days,delay,value
0.0679519,0.026121,0.08846,31.3539,5.1258,229.989
0.0598402,0.148871,0.0911954,40.4029,6.99281,232.339
0.0629342,0.117743,0.0996978,36.0435,6.80967,235.658
0.0618453,0.166396,0.109578,37.5505,6.82613,237.07
0.061841,0.0345049,0.0704554,38.056,5.20613,237.782
0.0594896,0.210838,0.105311,40.4957,6.02692,239.749
0.0535777,0.30218,0.103052,49.3041,7.61272,240.5
0.0577972,0.147237,0.0782564,43.2147,5.25274,242.988
0.0608726,0.215872,0.112423,38.1855,6.04854,243.009
0.0633183,0.074464,0.0822456,36.1377,5.69523,243.165
0.064599,0.108922,0.0990826,34.0509,5.01194,243.223
0.0612652,0.142276,0.0870627,38.756,5.50955,243.683
0.0660694,0.00149997,0.0783918,33.5942,5.80259,243.852
0.0639046,0.073248,0.0986541,35.6519,6.76022,244.08
0.0643623,0.014583,0.0724647,35.246,5.94663,245.019
0.0535926,0.293865,0.0991026,49.7952,7.29022,245.14
0.0659631,0.049924,0.0985376,33.5698,6.31692,246.346
0.0543842,0.254279,0.0944338,48.691,7.45141,246.442
0.0618905,0.158254,0.103161,37.7659,6.37499,246.628
0.0609078,0.0375769,0.0652924,39.9353,5.53747,246.645
0.0695907,0.0489729,0.106018,29.0968,5.24034,247.871
0.0743113,0.0225392,0.113381,25.5025,5.52989,248.399
0.0730337,0.0353358,0.111899,26.1363,5.74597,248.49
0.0616361,0.192665,0.120298,37.7805,6.40021,248.86
0.0584004,0.137406,0.079568,42.8861,6.8236,249.645
0.0532339,0.225096,0.0749459,50.6191,6.46511,250.324
0.0554414,0.228286,0.0871295,46.8482,6.0412,250.361
0.0613284,0.106841,0.0915937,38.045,6.05728,250.65
0.0669453,0.0103372,0.0920224,32.8438,6.38111,250.712
0.0643704,0.120275,0.116363,34.8165,6.97015,250.755
0.057038,0.140532,0.0781366,44.5539,6.3025,250.874
0.0568562,0.195236,0.0978171,44.0411,7.23587,250.967
0.0564833,0.266988,0.119028,44.4667,7.44384,251.054
0.0539173,0.205803,0.0861,49.2299,7.2683,251.127
0.0540325,0.197899,0.0813948,49.2604,6.41342,251.241
0.0565457,0.127703,0.0727416,45.0783,6.35635,251.301
0.0553218,0.10198,0.0603294,47.1594,5.20258,251.649
0.0546527,0.298921,0.117851,47.1046,7.41915,251.706
0.0561164,0.112538,0.068417,46.2217,5.73591,251.729
0.0650937,0.0054188,0.0718838,34.2337,5.66201,251.73
0.0520443,0.321762,0.112443,52.6255,8.00766,251.793
0.0545003,0.351343,0.124106,47.9439,7.86008,251.907
0.0602053,0.216855,0.104961,39.9572,6.73776,252.227
0.0591989,0.0788487,0.0683585,41.0473,5.93634,252.267
0.0660394,0.00855139,0.067051,33.3882,4.08856,252.465
0.0684597,0.0664905,0.109097,30.0883,5.82442,252.515
0.0569856,0.171344,0.0790995,44.6802,5.2579,252.521
0.0570874,0.00561347,0.0615495,45.7684,5.31577,252.686
0.0578154,0.251495,0.128359,42.0163,7.53458,252.714
0.0625457,0.0304775,0.0798263,37.8533,5.67755,252.735
0.0528075,0.224953,0.0743035,51.1436,6.09575,252.856
0.061526,0.0245183,0.0613706,38.8995,4.64655,252.873
0.054454,0.21878,0.085814,48.2897,6.35497,252.892
0.0543541,0.0537374,0.0529495,49.0991,5.04567,252.908
0.0570412,0.135757,0.0762604,44.4949,6.27285,253.038
0.0534445,0.223653,0.0796608,50.395,6.13225,253.186
0.0619534,0.128022,0.0855358,37.6886,5.9995,253.252
0.0615097,0.104452,0.101564,38.6337,7.40738,253.335
0.0619882,0.138491,0.1095,37.3357,7.19666,253.449
0.0666446,0.0526078,0.106162,32.9887,6.35245,253.684
0.0599702,0.0885064,0.0687321,40.1023,5.18262,253.708
0.0566239,0.243348,0.0948319,44.2104,6.31308,253.747
0.063292,0.192858,0.118277,35.869,6.65032,253.85
0.0539737,0.155524,0.0609881,49.0161,5.7427,253.884
0.0518934,0.330915,0.0928006,52.1481,7.99249,254.171
0.0681685,0.0151121,0.0900412,31.0597,5.67043,254.373
0.0640948,0.0246573,0.0719488,35.3286,5.49589,254.43
0.0587922,0.0557601,0.0627167,42.07,4.6238,254.464
0.0621058,0.015737,0.0706216,38.1521,5.71855,254.725
0.0615929,0.219968,0.124366,37.8599,6.39997,254.752
0.0510503,0.467592,0.142285,53.452,8.06824,254.762
0.0678483,0.053204,0.096485,31.4651,5.55045,254.769
0.0533447,0.181864,0.0661583,50.3806,6.29666,254.79
0.0561634,0.0761593,0.0652079,46.0679,5.5842,254.905
0.0655483,0.0659894,0.0902084,33.5191,5.13385,254.924
0.0633694,0.0258642,0.0836517,36.7032,6.22082,254.972
0.0594431,0.0785856,0.0749951,41.3386,6.67747,255.052
0.062262,0.0970683,0.0968778,37.8059,7.52561,255.072
0.0488919,0.452465,0.116335,58.0874,8.89393,255.182
0.054921,0.386289,0.137102,46.1685,7.65003,255.229
0.0657429,0.192527,0.151992,32.5254,6.40718,255.548
0.0539081,0.353331,0.114167,48.5008,7.33988,255.761
0.0621373,0.0751127,0.0772632,37.9932,5.82325,255.764
0.0609635,0.0383935,0.07674,39.6687,6.83088,255.78
0.0653222,0.00277015,0.0759486,34.9989,4.58348,255.845
0.065138,0.00747654,0.0758079,34.7415,4.6926,255.949
0.0481375,0.437848,0.0997033,60.057,7.70975,256.096
0.0580392,0.0694624,0.0681317,43.4797,5.60119,256.263
0.0635371,0.114624,0.0948102,35.1251,5.68333,256.335
0.0540659,0.310521,0.11743,48.0309,7.73616,256.38
0.0534969,0.346257,0.109489,49.1366,7.51868,256.705
0.0543651,0.214418,0.074021,48.1245,6.29364,256.79
0.0742499,0.0245025,0.102014,25.1793,4.70182,256.797
0.0608729,0.0980708,0.0773314,39.4883,5.67126,256.802
0.0506056,0.326029,0.102303,55.6589,8.86192,256.912
0.0558602,0.114972,0.0672887,46.0321,6.23632,256.921
0.0649844,0.0741273,0.102905,34.1418,6.25019,257.137
0.0610477,0.175306,0.118043,38.4506,7.20565,257.401
0.0647315,0.211809,0.143647,33.6882,6.07323,257.513
0.0554195,0.393851,0.145565,45.9041,7.91347,257.514
0.0617537,0.149866,0.0936579,37.2564,5.70014,257.932
0.0705628,0.0592873,0.123075,28.8284,6.33086,257.955
0.0629106,0.079363,0.069518,36.3381,4.77826,257.973
0.0549,0.120026,0.0709393,48.8574,6.62009,258.013
0.0666731,0.186291,0.148021,31.8796,6.95419,258.031
0.0606442,0.0925384,0.0831533,39.56,6.37975,258.165
0.0722111,0.00532676,0.0788098,27.0811,3.26785,258.209
0.0596344,0.299325,0.139244,39.2534,6.40359,258.33
0.0637176,0.0735947,0.0766334,35.9219,4.0574,258.526
0.0617067,0.207887,0.104144,37.8819,5.54424,258.542
0.0601752,0.227161,0.116201,39.7597,6.89064,258.552
0.0593928,0.0175026,0.0606817,41.7343,6.0757,258.566
0.0809011,0.00199486,0.145022,20.271,5.4635,258.673
0.0639638,0.0195343,0.0659681,35.1592,4.36433,258.681
0.0569022,0.214684,0.0969724,44.6093,6.25371,258.69
0.0630646,0.239487,0.135988,35.3335,6.62281,258.72
0.0739399,0.040801,0.132306,25.8754,5.17474,258.77
0.0512037,0.259008,0.0835385,54.1835,7.96434,258.809
0.0598733,0.241936,0.139689,39.3339,7.92356,258.896
0.0582544,0.30003,0.126472,41.7997,6.35092,258.94
0.0581223,0.178334,0.0964885,42.6443,6.16,259.203
0.0494439,0.407449,0.120488,57.9298,9.7384,259.29
0.0572718,0.113741,0.0745599,44.0493,5.86007,259.362
0.0587396,0.0401403,0.067244,42.9237,6.56792,259.412
0.0677059,0.0115047,0.0788063,31.347,4.45422,259.485
0.0689783,0.14017,0.140644,29.1017,6.26262,259.516
0.0636748,0.102261,0.101097,35.0116,5.87572,259.56
0.0556357,0.340839,0.125547,45.4592,7.40192,259.574
0.0613841,0.0694311,0.0746432,38.7305,6.03487,259.596
0.0548875,0.134145,0.0730183,48.8469,6.49939,259.599
0.0670492,0.120777,0.112473,31.3504,5.46338,259.616
0.052933,0.185852,0.08253,51.3464,7.84959,259.665
0.067976,0.0110699,0.0794035,31.496,5.68457,259.672
0.0707619,0.0171853,0.101019,28.4694,5.94716,259.707
0.0662667,0.0924567,0.0891092,32.2261,4.58271,259.743
0.0692429,0.0811973,0.130982,29.947,6.88933,259.754
0.0523719,0.3156,0.0962575,51.9988,7.17767,259.933
0.0586701,0.075777,0.0706178,42.4553,6.4386,259.935
0.0595991,0.0146335,0.0558352,41.0998,4.78722,259.94
0.0602165,0.173671,0.0926293,39.8058,5.04245,259.996
0.059691,0.126571,0.0815862,40.833,6.52532,260.022
0.0497343,0.450138,0.139032,56.1499,9.641,260.106
0.0615741,0.0283377,0.0652566,38.6852,5.4673,260.165
0.0671099,0.156581,0.117501,31.6332,5.33824,260.214
0.0576935,0.181614,0.0846603,43.4035,5.16559,260.238
0.0584301,0.172196,0.0868581,42.8931,6.66129,260.27
0.0590136,0.251938,0.147355,40.6566,7.10874,260.297
0.0669152,0.144654,0.125299,31.1903,5.43708,260.298
0.0794272,0.0048023,0.126966,21.1346,4.13953,260.301
0.0623378,0.0858147,0.0978544,37.1493,6.501,260.363
0.0596338,0.306515,0.158954,39.8033,7.91812,260.4
0.0582207,0.166115,0.0868025,42.3727,5.22774,260.419
0.0664366,0.0780104,0.104713,32.6393,6.92629,260.437
0.0662387,0.0309746,0.0971127,33.0055,6.14562,260.449
0.0514519,0.452663,0.153188,52.7125,8.78283,260.486
0.0621496,0.0362504,0.0698547,37.0016,7.92401,260.61
0.0742276,0.0433488,0.123586,25.4888,5.20232,260.64
0.0595361,0.207527,0.124583,40.5986,7.98717,260.65
0.0700441,0.107797,0.156229,28.731,6.91418,260.691
0.0543755,0.386437,0.148574,47.9155,8.72912,260.723
0.058916,0.324473,0.150125,40.6396,7.7097,260.747
0.0567694,0.0371287,0.0587639,45.4307,6.85505,260.846
0.0581305,0.350187,0.155151,41.1974,7.75803,260.882
0.0537916,0.186049,0.0653242,49.9129,6.14765,260.898
0.0596981,0.157095,0.11132,40.8417,8.36805,260.927
0.0720098,0.00663528,0.114206,27.147,6.38045,261.042
0.0629509,0.0530432,0.0776884,36.5391,7.9325,261.061
0.0567845,0.173107,0.0806698,44.8735,7.68676,261.068
0.0544057,0.385176,0.132646,47.1344,7.9101,261.093
0.0540997,0.128178,0.0692419,49.6708,6.52836,261.111
0.0656962,0.103019,0.111389,33.3862,6.32929,261.15
0.0543927,0.212615,0.0968031,48.8501,7.19222,261.202
0.0686124,0.0795471,0.112949,30.7624,6.18875,261.225
0.0547821,0.414849,0.14607,46.3988,7.65328,261.275
0.0562188,0.198891,0.0831192,45.5759,5.82737,261.301
0.0597211,0.270238,0.127572,39.7617,6.6128,261.309
0.0608361,0.192729,0.0959019,38.1976,5.61302,261.314
0.0539318,0.362651,0.134305,48.7442,8.87007,261.32
0.0730028,0.00669936,0.0885981,26.4932,3.02731,261.348
0.0537953,0.0967992,0.0601422,50.4789,5.81691,261.42
0.0611684,0.247194,0.140585,37.2797,6.61034,261.476
0.0586725,0.190464,0.0976577,41.7529,6.486,261.648
0.0649431,0.160971,0.115794,33.0468,5.79178,261.672
0.0654727,0.0748114,0.0785508,33.1002,4.16623,261.733
0.0683821,0.0589463,0.114962,30.4741,5.70758,261.738
0.0658198,0.0201364,0.0775959,33.7296,5.36694,261.77
0.0566945,0.20406,0.0786432,44.6751,5.27352,261.86
0.0714608,0.087749,0.115271,27.2695,5.78857,261.896
0.0668612,0.141385,0.145022,31.6747,6.00345,261.957
0.0666494,0.198572,0.159105,31.4424,6.18241,262.039
0.0630353,0.0545828,0.0802088,36.3405,6.19421,262.052
0.0573663,0.232532,0.0916386,43.0401,6.81047,262.059
0.056279,0.34328,0.120641,44.469,6.71057,262.142
0.051972,0.00814541,0.0526165,54.3914,6.85337,262.142
0.0739817,0.0599265,0.136712,25.6668,6.78464,262.211
0.0647575,0.0992577,0.100157,34.478,5.59322,262.235
0.0647285,0.221757,0.128817,33.1131,5.75569,262.276
0.0640134,0.190907,0.120858,34.7507,5.09112,262.29
0.0529763,0.130525,0.0574072,51.7618,5.82679,262.339
0.0563932,0.00317831,0.0587527,46.5048,6.17248,262.382
0.0636225,0.247284,0.155181,34.6421,6.32953,262.405
0.0475426,0.504124,0.144963,61.5823,10.387,262.406
0.0712478,0.0857328,0.117918,27.7066,4.85902,262.424
0.0665637,0.0702379,0.0908813,32.9447,4.08497,262.49
0.063916,0.041392,0.0790753,35.8898,6.37769,262.49
0.0647428,0.0867976,0.116102,34.6843,7.46256,262.534
0.0696406,0.0147608,0.0817943,29.7511,4.39949,262.655
0.060405,0.149259,0.087071,39.4518,6.55433,262.695
0.0594078,0.0795272,0.0692629,41.1606,4.72982,262.704
0.0581852,0.278231,0.150197,41.5314,7.91362,262.773
0.0522725,0.395542,0.138116,51.7627,8.25375,262.81
0.0558034,0.300819,0.096918,45.2867,6.37238,262.888
0.0503941,0.340825,0.0875758,55.2124,7.51598,262.943
0.0573082,0.20367,0.0860925,43.7444,6.29612,262.963
0.060755,0.130288,0.111886,39.3394,7.86371,262.963
0.0614816,0.0762824,0.0865646,38.3092,7.14651,262.978
0.0466831,0.376819,0.0720062,64.6958,7.66588,262.992
0.0543861,0.339898,0.122387,47.3203,7.41966,263.005
0.0557207,0.0683169,0.0659157,47.7016,6.43611,263.128
0.0588783,0.0323047,0.0704399,42.9275,5.9704,263.209
0.0613677,0.125836,0.110783,38.8529,7.09307,263.245
0.0656149,0.0884786,0.116741,33.7118,7.06645,263.247
0.062911,0.263918,0.148091,35.932,6.76648,263.319
0.0693439,0.116009,0.102891,29.2342,4.69906,263.342
0.0536184,0.420355,0.160576,48.6682,8.40506,263.359
0.0555167,0.256262,0.125109,46.6361,8.96252,263.363
0.0541133,0.288453,0.0940856,48.9276,6.08666,263.364
0.0700698,0.028577,0.0958736,29.9451,5.27193,263.412
0.0810276,0.00545488,0.126309,20.283,4.53874,263.466
0.0537261,0.251769,0.0768858,49.8139,6.23301,263.506
0.0642312,0.126445,0.0852292,34.564,4.72989,263.513
0.0607583,0.0482184,0.0664246,39.6911,6.80573,263.545
0.0579049,0.11131,0.0663499,43.7687,4.08987,263.567
0.0651008,0.0270452,0.0960647,34.999,7.52829,263.574
0.0793546,0.00487988,0.110006,21.4841,3.71824,263.601
0.0542364,0.0574754,0.0548114,49.4943,5.55024,263.646
0.0630427,0.0573108,0.0705934,36.1382,5.32523,263.657
0.0694399,0.050746,0.100461,29.254,5.52129,263.689
0.055672,0.350604,0.137066,45.9493,7.86628,263.714
0.059935,0.144074,0.0858897,40.0034,5.22153,263.741
0.0504544,0.37132,0.115435,55.0511,8.584,263.792
0.0739314,0.0675815,0.110822,25.408,4.01686,263.817
0.0475981,0.440083,0.0859194,61.4356,7.55528,263.838
0.0555604,0.344657,0.159332,45.8217,8.708,263.89
0.071323,0.0906951,0.120603,27.3718,5.26483,263.921
0.0662027,0.0200909,0.0862811,33.7803,6.2265,263.939
0.0592935,0.0852634,0.0877615,41.8761,6.18051,263.964
0.05317,0.212401,0.0646393,50.9073,5.84972,263.977
0.0658343,0.186033,0.151496,32.0798,7.21137,263.977
0.06354,0.0419206,0.0732243,35.6881,8.05052,263.994
0.0507847,0.291072,0.0845148,55.7979,7.05842,264.005
0.0574053,0.0893635,0.0858855,44.2537,7.22782,264.01
0.0598868,0.0378495,0.0645475,40.1577,7.7501,264.046
0.0641247,0.0544421,0.0672323,35.4757,4.67473,264.052
0.054288,0.23598,0.0925417,48.2293,7.48702,264.053
0.0661654,0.00455604,0.0923252,33.4156,7.89347,264.138
0.0469453,0.578181,0.159048,62.7375,9.68845,264.208
0.0630189,0.0463943,0.0638262,36.1545,4.07976,264.213
0.0648586,0.209968,0.133905,33.2447,6.91283,264.23
0.0594543,0.0401997,0.0635381,41.5735,4.08681,264.231
0.0564992,0.0630792,0.0518397,45.6127,4.19574,264.257
0.0636132,0.0299634,0.0902346,36.5716,6.64684,264.275
0.0652458,0.0442908,0.0802704,34.4819,5.69543,264.286
0.0733208,0.0294543,0.0951171,26.113,4.06997,264.304
0.0711422,0.104117,0.160332,27.8605,6.10355,264.313
0.0510748,0.298813,0.0958058,54.1932,8.31691,264.333
0.0568477,0.172397,0.085649,44.1515,7.22892,264.349
0.0507634,0.390045,0.105958,54.6702,7.5129,264.381
0.0547889,0.287173,0.115645,47.9906,7.89749,264.403
0.0588009,0.0524877,0.0638711,42.4446,4.49578,264.443
0.05693,0.325327,0.115353,43.3418,6.98351,264.458
0.0522737,0.394808,0.113659,51.4912,7.01281,264.49
0.0647756,0.0383495,0.0799763,34.9265,6.4322,264.512
0.0608677,0.187116,0.134301,38.5011,8.78474,264.571
0.0636637,0.255804,0.131881,34.5572,5.15005,264.609
0.0513169,0.258035,0.0802365,54.6862,6.87526,264.617
0.0565941,0.352306,0.159695,43.2981,7.33543,264.649
0.0552573,0.138964,0.0801542,47.9863,7.90083,264.655
0.0689568,0.0261609,0.077795,30.7326,4.41912,264.675
0.0613452,0.106829,0.0783927,38.1198,4.49441,264.738
0.0557643,0.326606,0.143656,45.6105,8.03014,264.752
0.0609311,0.0114215,0.0688589,39.145,5.35638,264.799
0.0689278,0.122234,0.109281,29.9963,4.10099,264.826
0.0686823,0.0129736,0.0922804,30.7535,7.0571,264.884
0.0696039,0.0179121,0.0747662,29.7411,3.79471,264.897
0.0583053,0.148421,0.0945133,42.8607,7.17762,264.908
0.0716095,0.0634681,0.130439,27.2332,6.10434,264.926
0.0769634,0.00247712,0.115895,23.3614,4.11994,264.928
0.0693829,0.0653716,0.0949722,29.4023,4.70323,264.979
0.0540073,0.301693,0.115308,48.8025,7.47041,264.993
0.0696091,0.0341305,0.0741829,29.7933,3.39465,264.994
0.0465486,0.469324,0.116082,64.3221,9.55465,265.018
0.0512372,0.384367,0.11115,53.6283,7.48556,265.02
0.0617863,0.307014,0.162904,36.5069,6.10747,265.021
0.0527774,0.241416,0.0848677,51.6363,6.59217,265.044
0.065396,0.0765296,0.103694,33.1058,5.47847,265.045
0.0479896,0.364348,0.0788897,61.2258,6.78363,265.074
0.062857,0.158137,0.10933,36.9536,6.83321,265.094
0.0637418,0.0511811,0.0741924,35.8612,4.06838,265.098
0.0667814,0.160009,0.13985,31.654,6.66327,265.117
0.0487903,0.466838,0.128346,58.7651,9.38988,265.128
0.0597046,0.108294,0.0772462,40.8568,6.14948,265.142
0.0490862,0.384972,0.089374,58.8622,7.21103,265.204
0.0608859,0.110144,0.0942259,39.3853,6.80794,265.234
0.055658,0.336266,0.155506,45.5954,8.16513,265.26
0.0634474,0.00382891,0.0637663,36.9878,5.91439,265.273
0.0671041,0.135932,0.0961001,31.2379,4.79279,265.302
0.0549573,0.133128,0.0631626,47.854,7.03434,265.308
0.0529708,0.0455801,0.0554617,52.6065,5.98623,265.331
0.0667497,0.172579,0.119578,31.9973,5.16774,265.388
0.0625533,0.189835,0.123949,36.8824,7.98765,265.397
0.0560325,0.400822,0.148777,44.1766,7.98192,265.398
0.064758,0.0357849,0.0730022,34.9206,5.15846,265.437
0.0631114,0.0505119,0.0830223,36.2457,6.22977,265.508
0.059698,0.304324,0.162461,39.6366,7.83623,265.514
0.0591314,0.101511,0.0766232,41.1854,5.72035,265.579
0.0522475,0.206562,0.0741148,52.0607,7.50018,265.592
0.0677271,0.00501594,0.0787587,31.2509,6.51174,265.638
0.073602,0.0553784,0.147723,25.7576,5.25251,265.642
0.047742,0.366177,0.0716112,61.4806,7.14358,265.648
0.0717981,0.0696981,0.107826,27.5182,4.48373,265.661
0.0712735,0.0971375,0.15648,27.5662,6.66487,265.688
0.0543749,0.162952,0.0643239,48.8062,6.93265,265.745
0.0566133,0.146126,0.0721076,45.211,5.27906,265.748
0.0769133,0.00622537,0.100915,23.5349,3.41571,265.778
0.0768182,0.0131563,0.130503,23.128,6.52198,265.844
0.0618857,0.160979,0.135824,37.2764,8.04728,265.879
0.0523293,0.359524,0.140964,51.016,9.82574,265.891
0.0742997,0.00561943,0.118531,25.624,6.75113,265.897
0.0641594,0.0858965,0.106031,35.0538,6.48547,265.921
0.0741001,0.00341891,0.131375,25.5962,5.12214,265.964
0.0491345,0.509714,0.159417,57.6106,9.71414,265.979
0.0624512,0.0489406,0.0752168,37.1308,4.80743,265.98
0.0698239,0.142057,0.135708,28.2278,5.82599,266.001
0.0585922,0.0236701,0.0549443,42.2871,5.29398,266.041
0.0630288,0.207049,0.161074,35.3637,7.16188,266.048
0.0574849,0.312333,0.128346,42.8371,6.87648,266.103
0.0615017,0.127915,0.0916633,37.6136,9.66967,266.157
0.0556413,0.36477,0.15974,45.5688,8.94991,266.19
0.0512347,0.277167,0.094607,54.0943,8.91066,266.209
0.0588258,0.0845533,0.0675505,41.7993,8.14253,266.225
0.0618362,0.159244,0.106265,37.0643,7.65078,266.228
0.0649008,0.166913,0.131005,33.82,6.46262,266.233
0.0578681,0.117978,0.0932498,43.0552,7.16233,266.247
0.063473,0.0537165,0.0841787,36.2329,6.32337,266.257
0.0614742,0.0941934,0.0995463,38.0591,7.58337,266.262
0.0582515,0.104159,0.0673661,42.1235,6.82487,266.269
0.0652398,0.0142344,0.0932637,34.0874,6.53935,266.275
0.059949,0.24013,0.0980676,39.817,5.25623,266.303
0.0657902,0.140796,0.145952,32.456,6.70332,266.313
0.0500805,0.464595,0.144384,55.6872,8.20808,266.319
0.068245,0.112918,0.121425,30.4211,5.14102,266.354
0.0580912,0.119628,0.0697691,42.9762,7.03198,266.368
0.0736147,0.0778824,0.120704,25.3147,4.96569,266.379
0.0609971,0.183465,0.102338,38.2003,5.36023,266.385
0.0809263,0.0124818,0.125188,20.2886,4.25912,266.385
0.0588301,0.283661,0.156861,40.2763,7.81528,266.391
0.0676638,0.0514116,0.122088,31.0941,8.48913,266.397
0.0482257,0.0446909,0.0541374,62.2156,7.14049,266.434
0.0622881,0.195131,0.142191,36.7533,7.03612,266.437
0.0777872,0.0474052,0.143594,22.7682,5.61886,266.445
0.0519006,0.31095,0.0832092,52.6214,7.09005,266.473
0.0585321,0.234902,0.145728,41.7734,9.61855,266.529
0.054268,0.253639,0.101368,48.0562,8.63312,266.547
0.0610059,0.151641,0.0958718,38.5519,7.07147,266.547
0.0426732,0.653228,0.131999,75.6696,10.996,266.554
0.0647034,0.0628235,0.0891339,34.306,7.4794,266.558
0.0603128,0.207158,0.129971,39.9841,7.73842,266.611
0.0549689,0.240455,0.101447,47.7317,8.83475,266.633
0.0572948,0.383921,0.156836,42.4536,7.13551,266.652
0.0752411,0.0709929,0.113577,24.7004,4.6791,266.671
0.0610653,0.276134,0.14409,37.3836,6.9371,266.672
0.0568338,0.103851,0.0675296,45.4316,4.68482,266.699
0.0602429,0.292047,0.155097,38.0902,6.88143,266.753
0.0608189,0.204543,0.130374,38.2551,8.2747,266.796
0.0757473,0.0141714,0.0942833,24.2945,3.35796,266.831
0.0612698,0.123446,0.105118,38.3622,8.94826,266.838
0.0608483,0.203365,0.118322,38.8259,7.36496,266.859
0.0468129,0.412994,0.0713833,63.4013,7.69221,266.876
0.0774091,0.062583,0.141772,22.8996,4.77794,266.884
0.0527873,0.351076,0.105966,50.4592,6.75727,266.885
0.0459357,0.553492,0.120158,65.847,9.01054,266.94
0.0550487,0.187905,0.0660139,47.002,5.97147,266.953
0.0605498,0.00971172,0.0682646,40.596,6.62215,266.966
0.0609973,0.0913912,0.0890612,39.796,6.70103,266.973
0.0654532,0.0963421,0.124048,33.3246,7.14683,266.981
0.0717905,0.0215884,0.0751034,27.7123,3.95745,267.01
0.0638277,0.178372,0.145325,34.1533,6.97778,267.02
0.061668,0.0287545,0.0673622,38.2392,6.28691,267.043
0.062422,0.0718932,0.0776717,36.6334,9.53365,267.076
0.047503,0.495181,0.124232,61.6073,9.21388,267.091
0.0438414,0.64046,0.149473,71.8093,10.6331,267.129
0.0489728,0.230943,0.0674302,59.3158,7.22278,267.133
0.0513135,0.408831,0.126009,53.8669,8.02446,267.154
0.0487623,0.457385,0.120161,58.2578,8.26329,267.167
0.0693085,0.088154,0.104577,29.9347,5.04694,267.219
0.0781292,0.00825705,0.14414,22.8902,6.47151,267.228
0.0733237,0.0197851,0.103326,26.2844,4.43605,267.238
0.0542015,0.170487,0.0828626,49.351,7.40253,267.245
0.0627139,0.101058,0.0883683,36.2636,7.69165,267.254
0.0713628,0.0576774,0.129871,27.825,5.35361,267.259
0.0724897,0.0747139,0.113019,26.7016,4.21564,267.304
0.0605131,0.047008,0.0717909,39.1775,8.75208,267.353
0.055032,0.193718,0.0747209,47.2477,5.70975,267.356
0.0519484,0.479272,0.154022,51.8731,8.29425,267.377
0.0452278,0.572539,0.148066,67.8135,10.0085,267.379
0.0494417,0.0479195,0.0538345,59.8377,7.38268,267.38
0.0460901,0.515133,0.105708,65.3423,8.01257,267.409
0.0597659,0.146416,0.0876129,39.497,10.5338,267.421
0.0565808,0.23498,0.110477,44.676,8.54417,267.463
0.0564539,0.00123357,0.0680169,46.5364,6.45637,267.549
0.0611735,0.267466,0.152119,37.72,6.83868,267.561
0.0751359,0.0257872,0.129367,24.2195,5.89495,267.572
0.0634416,0.127244,0.109131,35.8205,6.71876,267.603
0.0646796,0.0990487,0.121244,34.2762,8.85588,267.609
0.0575831,0.330737,0.12795,42.0928,6.80253,267.618
0.0595862,0.0778916,0.0711409,40.7683,8.49407,267.643
0.0702167,0.0590131,0.143872,28.4781,6.4554,267.712
0.0573721,0.112794,0.089317,44.2975,7.37037,267.714
0.0698404,0.129866,0.159867,28.2101,6.4313,267.765
0.0613956,0.211393,0.110867,37.2496,5.42727,267.771
0.0625091,0.166063,0.0813674,36.5511,4.81149,267.793
0.0628014,0.1027,0.0998538,36.3217,6.90484,267.836
0.0537203,0.373817,0.121939,48.8382,7.30559,267.857
0.0498398,0.207954,0.0638035,57.3835,7.0986,267.86
0.0686953,0.00235967,0.0874496,30.4478,6.1065,267.873
0.0549684,0.33839,0.122492,46.3936,7.34832,267.942
0.0677075,0.188007,0.135866,30.1303,5.71293,267.943
0.0625793,0.166167,0.125572,36.6594,8.70772,267.948
0.0717355,0.00379457,0.104966,27.5518,4.41452,267.95
0.0534444,0.130821,0.0543306,50.9747,5.00514,267.965
0.0695436,0.0548846,0.127069,29.7751,8.61264,267.966
0.0659597,0.142326,0.108783,32.5965,5.55723,267.988
0.0686764,0.0221657,0.0728604,30.2545,4.37522,268.005
0.0617617,0.193908,0.137192,37.595,7.18609,268.035
0.0426955,0.644083,0.111238,75.6992,8.23463,268.057
0.0562229,0.255555,0.128885,45.2217,8.85176,268.065
0.0594471,0.151873,0.0764726,40.8166,5.15047,268.092
0.0633422,0.151336,0.12979,35.5848,7.78457,268.106
0.0554274,0.136492,0.0706563,47.0704,6.66355,268.107
0.0585535,0.0985718,0.0686642,41.7889,9.01339,268.111
0.0569759,0.104138,0.0636291,44.2406,5.30536,268.13
0.0719291,0.0101209,0.109178,27.89,6.61881,268.13
0.0716903,0.0519749,0.113264,27.4484,4.13612,268.155
0.071684,0.0908828,0.106559,27.0211,4.90799,268.162
0.0666417,0.0469697,0.0655958,32.3896,3.62038,268.163
0.0659089,0.0542556,0.0984416,33.8252,5.63362,268.173
0.052997,0.0851373,0.0538374,51.8722,6.73181,268.183
0.0601698,0.306174,0.150161,38.565,6.24212,268.192
0.0565059,0.0983123,0.0671313,45.5457,5.89904,268.219
0.0578715,0.216326,0.0922088,42.1515,6.5939,268.226
0.0630624,0.115319,0.0797492,36.0172,4.99365,268.238
0.0475459,0.343007,0.0764885,62.9633,7.1235,268.282
0.0601759,0.15942,0.102512,39.1372,6.66914,268.282
0.0674588,0.0851924,0.0975057,31.1438,4.49207,268.293
0.0628465,0.0956372,0.0968797,36.5414,6.88745,268.323
0.0639024,0.0277864,0.0658803,35.6535,5.64964,268.346
0.0593553,0.186214,0.105291,40.7684,8.97432,268.397
0.0751978,0.0596573,0.141851,24.6923,5.87496,268.405
0.0696769,0.0614891,0.126488,29.6707,6.97013,268.448
0.0537787,0.235757,0.0741324,49.2818,6.89624,268.468
0.0473222,0.382541,0.0782233,62.9035,8.66809,268.476
0.0603899,0.190609,0.0954929,39.5314,5.39072,268.523
0.0625738,0.0889446,0.0977379,37.2096,6.4069,268.525
0.0590881,0.182146,0.128659,41.7735,8.99882,268.544
0.0544565,0.173994,0.0791437,48.8306,7.17965,268.568
0.0712071,0.110649,0.145227,27.8116,5.40736,268.568
0.0584169,0.0943754,0.0725596,42.9333,7.78899,268.585
0.0525071,0.344584,0.142874,51.9664,9.93547,268.592
0.050795,0.0827469,0.0533824,56.8801,6.77056,268.616
0.0504132,0.360357,0.0871981,55.3569,7.50584,268.618
0.0522163,0.243475,0.0784225,52.1382,6.08458,268.636
0.0582729,0.165666,0.107554,42.7845,8.35075,268.641
0.0469234,0.267541,0.061598,64.5003,7.30695,268.665
0.0659394,0.124289,0.0970935,32.9814,4.04554,268.677
0.0500932,0.365408,0.0914349,56.3503,6.29884,268.687
0.0542476,0.265677,0.079249,48.632,5.22234,268.721
0.0540087,0.227148,0.0852181,49.8023,6.0827,268.734
0.0619486,0.102879,0.0730712,37.4202,5.61234,268.764
0.0561619,0.365361,0.13252,44.5979,7.67816,268.785
0.0465604,0.469082,0.117229,64.6723,9.2954,268.82
0.0616906,0.150926,0.0841176,37.8854,5.73308,268.829
0.0745079,0.00952241,0.0891345,25.76,4.80994,268.834
0.0562048,0.323582,0.160075,44.8681,8.65484,268.863
0.0515024,0.327288,0.099263,53.1584,8.57893,268.918
0.0580985,0.227992,0.123886,42.7887,8.98461,268.942
0.0599452,0.24832,0.151289,39.3478,7.03476,268.973
0.0510766,0.0557016,0.0513821,55.012,7.77525,269.017
0.0535938,0.141479,0.0591454,50.3654,5.65904,269.086
0.0638497,0.198409,0.158546,34.3363,7.82053,269.092
0.0532092,0.203168,0.0748917,50.159,7.94021,269.102
0.0632552,0.0135172,0.0580799,36.9878,4.81551,269.113
0.06025,0.134036,0.0903456,39.0754,8.56739,269.124
0.0534184,0.358874,0.159613,49.016,9.89996,269.185
0.0683293,0.0858297,0.0938321,30.3003,5.56356,269.197
0.0687699,0.159817,0.149622,29.9444,5.32866,269.229
0.041361,0.668629,0.0993726,80.6146,8.79453,269.229
0.0664797,0.224306,0.163584,31.0321,6.41456,269.237
0.0489506,0.202114,0.0562334,59.9839,6.10725,269.259
0.0598736,0.172487,0.114334,40.2457,7.86299,269.282
0.0567725,0.334107,0.11983,43.2579,6.23812,269.297
0.05129,0.139474,0.0566015,54.9263,7.23647,269.316
0.0560132,0.0593712,0.0532576,46.1729,5.10529,269.334
0.0641266,0.0820693,0.0820146,35.9522,4.65957,269.353
0.074418,0.0161309,0.112306,25.4132,6.52445,269.363
0.0546549,0.428976,0.154227,46.4297,7.93361,269.368
0.0686301,0.00725833,0.0736207,30.9617,4.85336,269.369
0.0562977,0.197843,0.104412,45.3817,8.56561,269.375
0.0579003,0.203852,0.102184,42.5763,8.25716,269.378
0.0516112,0.329573,0.105176,53.5125,8.41118,269.433
0.0601267,0.234701,0.106022,39.6582,6.09906,269.44
0.0582837,0.188516,0.116383,42.8387,7.39367,269.454
0.050983,0.302302,0.0783319,54.8482,6.30539,269.485
0.0472587,0.459431,0.111378,62.5326,9.98848,269.492
0.0437968,0.546467,0.090936,72.9437,7.1421,269.515
0.0678891,0.175476,0.129553,30.1981,5.37307,269.539
0.068292,0.0925847,0.135449,30.3954,7.48666,269.542
0.0647561,0.0669289,0.107398,34.395,6.87499,269.566
0.0502381,0.426427,0.104202,55.6812,7.40838,269.588
0.0718085,0.0138954,0.0731667,27.9385,3.25022,269.588
0.0531245,0.353141,0.0985988,49.4567,6.28565,269.605
0.0637834,0.0926772,0.110001,35.3291,6.1932,269.699
0.0683614,0.050973,0.0988198,30.6253,7.28194,269.708
0.0589024,0.0390331,0.0767802,42.9361,7.61131,269.711
0.065152,0.00836481,0.0868579,34.8371,7.55614,269.713
0.0708527,0.0312995,0.126305,28.4914,7.28561,269.724
0.061194,0.130069,0.0962634,38.6074,5.32973,269.742
0.0592659,0.107878,0.075105,41.2493,4.34209,269.75
0.0590948,0.0289747,0.0613003,41.2353,8.47346,269.765
0.0471782,0.365639,0.0809012,63.1124,7.51235,269.795
0.0553656,0.262304,0.124114,46.5291,8.57504,269.797
0.0647565,0.0622962,0.0612805,34.327,3.32217,269.798
0.0574228,0.335887,0.122074,42.7949,6.31479,269.805
0.0562099,0.336873,0.123324,44.6566,6.92767,269.806
0.0483101,0.518323,0.13609,59.9862,8.51799,269.817
0.078265,0.0033157,0.135125,22.441,5.06377,269.835
0.0822804,0.00537878,0.121976,19.5654,3.43363,269.85
0.0470763,0.209166,0.0582302,64.0314,7.57556,269.854
0.0551016,0.31047,0.104541,46.0949,7.14737,269.871
0.0534498,0.349142,0.150002,49.0797,9.55297,269.879
0.0590934,0.0393804,0.067023,41.5768,8.35732,269.885
0.0583171,0.170936,0.11138,42.8961,8.92615,269.895
0.0513966,0.377681,0.0985685,53.4561,6.74173,269.901
0.0493208,0.308266,0.0874091,58.433,7.80575,269.907
0.072471,0.0587775,0.157095,26.3985,6.22829,269.917
0.0553978,0.219319,0.0890961,46.0728,7.57383,269.917
0.0640053,0.100353,0.0816421,35.7376,4.87377,269.928
0.0706318,0.169175,0.163963,27.0184,5.24463,269.935
0.0553634,0.427131,0.150975,45.6459,7.39103,269.936
0.0643487,0.0279824,0.0879803,35.6575,7.92921,269.941
0.0459528,0.547212,0.124664,65.6718,8.10903,269.945
0.0520908,0.274812,0.0967093,52.8855,7.5583,269.959
0.0592663,0.204002,0.080897,40.149,5.91513,269.964
0.0482308,0.534472,0.142979,59.7773,8.07096,269.972
0.0660253,0.0298401,0.092952,33.2858,7.36889,269.991
0.0648357,0.104268,0.118658,34.3222,7.78722,269.994
0.0486864,0.16429,0.0599797,60.466,7.55328,269.999
0.0712571,0.0823085,0.163937,27.5217,7.33096,270.021
0.0638794,0.0841254,0.0954454,35.8043,7.98659,270.028
0.0524541,0.238796,0.0730748,51.049,8.98493,270.054
0.0640622,0.111044,0.105258,34.8161,9.18005,270.063
0.06498,0.0878353,0.115674,34.4905,7.28958,270.081
0.0639848,0.0471514,0.0995779,35.731,6.50046,270.102
0.0589269,0.187869,0.096582,40.6581,10.3773,270.105
0.05729,0.122835,0.0675761,43.6772,8.69732,270.112
0.0727621,0.0383811,0.130805,26.337,6.27165,270.112
0.0622868,0.0728586,0.0850943,37.2348,7.78981,270.133
0.0620421,0.101663,0.087341,36.8093,11.8673,270.139
0.0734725,0.0646853,0.14522,25.1878,5.17287,270.142
0.0627067,0.0151338,0.0666402,36.3675,9.07636,270.144
0.063411,0.151554,0.103291,35.33,6.67045,270.172
0.0554797,0.205284,0.0875336,46.1828,7.24246,270.18
0.070213,0.00288878,0.117206,29.8975,7.28033,270.192
0.0686175,0.0588,0.111007,30.2113,5.74575,270.205
0.0571253,0.25511,0.116898,43.6747,8.73522,270.21
0.0615098,0.0182274,0.0625814,38.2719,5.33164,270.216
0.0551958,0.281456,0.119562,46.0305,8.27432,270.233
0.0535054,0.348176,0.102255,49.5691,6.62621,270.245
0.050583,0.417602,0.107451,54.9298,7.67197,270.269
0.0527745,0.0188105,0.0558129,52.5527,6.04577,270.288
0.0561581,0.316613,0.107605,44.4135,6.19524,270.3
0.0545318,0.261597,0.0963659,47.5834,9.29656,270.312
0.0588151,0.114969,0.0669378,41.861,6.05811,270.323
0.0616664,0.0788186,0.0679086,38.5428,4.66468,270.334
0.0684193,0.0450351,0.0959424,30.0141,7.49307,270.351
0.0645668,0.047006,0.0720437,34.1591,4.80491,270.356
0.0561269,0.166441,0.0733614,45.3905,6.5216,270.378
0.0684479,0.0572727,0.104886,30.6621,7.91292,270.401
0.0688698,0.15866,0.161527,29.1103,6.2128,270.419
0.0738528,0.0683544,0.12816,25.389,4.48522,270.422
0.0622228,0.0663168,0.0678123,37.2064,3.13834,270.429
0.072898,0.0716124,0.124605,26.8581,5.11929,270.432
0.0599946,0.180187,0.0950703,39.6748,5.86828,270.438
0.068583,0.00998709,0.0983271,30.0067,8.70856,270.439
0.0558865,0.385168,0.160311,44.5054,7.46402,270.458
0.0570766,0.185822,0.0871789,43.4748,9.10981,270.458
0.0725965,0.0474764,0.100274,26.5668,4.30011,270.479
0.0586819,0.370131,0.165374,40.2936,7.4525,270.491
0.0638017,0.0665136,0.0843174,34.3811,11.2845,270.495
0.0611117,0.14184,0.0817937,38.0195,4.07918,270.496
0.0569208,0.116864,0.0675819,44.6706,6.69054,270.505
0.0546904,0.26157,0.0767668,47.973,5.70412,270.514
0.0533457,0.289936,0.0848168,49.8675,6.89045,270.519
0.0551282,0.257817,0.0944803,46.9455,8.36834,270.523
0.0594154,0.0657579,0.0695364,41.2358,6.24534,270.528
0.062814,0.0100178,0.066927,36.6897,8.70552,270.537
0.0660299,0.0562997,0.089329,32.3169,9.53554,270.543
0.0579989,0.3592,0.156104,41.1289,7.29188,270.553
0.0686933,0.146626,0.157094,29.183,6.94965,270.555
0.0532816,0.205111,0.0682718,50.3214,5.00036,270.556
0.0572292,0.167029,0.0751761,43.5824,7.83303,270.6
0.064166,0.0179314,0.0849126,35.5667,6.96956,270.611
0.0655715,0.0392564,0.0898165,33.5925,7.43112,270.62
0.0731227,0.0348128,0.113394,26.062,6.64593,270.64
0.0583818,0.196211,0.0946514,41.4504,9.02418,270.681
0.0636222,0.0919438,0.0861675,34.1369,11.1561,270.689
0.0496447,0.172125,0.0672963,58.9877,7.06156,270.696
0.0649489,0.169082,0.14726,33.9937,6.32961,270.705
0.0747242,0.0719442,0.161175,24.9315,5.84231,270.705
0.0567507,0.0305655,0.0674013,45.4151,7.94527,270.719
0.0510028,0.435422,0.153622,53.0546,9.06249,270.721
0.0597142,0.176485,0.0992123,39.3537,10.6073,270.722
0.0460102,0.182029,0.0558924,67.5836,7.02117,270.751
0.0574357,0.335346,0.14134,42.9235,7.28305,270.777
0.0599313,0.140538,0.0885013,40.6164,5.52207,270.788
0.0423427,0.680824,0.124642,76.6143,9.42271,270.79
0.0470907,0.5379,0.147306,62.4696,9.00283,270.795
0.0596418,0.157556,0.0924266,40.9153,7.96104,270.8
0.0630914,0.181658,0.0862918,35.0341,4.73162,270.822
0.063463,0.0424665,0.0905917,36.1129,7.2247,270.842
0.0558148,0.326424,0.155959,45.9326,8.16913,270.859
0.053461,0.269326,0.0746894,49.1718,5.65396,270.86
0.0474419,0.381361,0.0819755,62.1888,7.77142,270.863
0.0456853,0.51161,0.115946,66.2233,9.68039,270.863
0.0601564,0.00786886,0.0517792,40.3411,4.48792,270.871
0.0581038,0.304132,0.129336,41.7434,6.94944,270.879
0.0565331,0.248273,0.0774421,44.7047,5.41488,270.885
0.0694714,0.0684629,0.120764,29.0009,7.08572,270.891
0.0772348,0.0657032,0.151944,22.8548,4.62868,270.891
0.0499762,0.406643,0.114906,56.4859,8.09219,270.921
0.0664289,0.0399947,0.079012,32.6711,5.08927,270.93
0.0594657,0.134986,0.0739578,40.344,5.14879,270.932
0.0475039,0.381068,0.0787482,62.4753,6.3336,270.938
0.0505717,0.257488,0.0731758,55.2615,7.30118,270.961
0.0569704,0.312087,0.103681,43.9653,6.59511,270.967
0.0519926,0.414645,0.117519,51.8991,7.26054,270.969
0.0570617,0.141311,0.0744606,43.5396,10.019,270.97
0.0618099,0.00155486,0.0565998,38.4754,3.98824,270.973
0.0535459,0.258294,0.0912698,49.2487,8.3378,270.976
0.0600835,0.129837,0.109979,40.3974,7.53455,270.996
0.0522301,0.330264,0.0904003,51.9363,7.24863,271.01
0.0630267,0.244664,0.162276,35.1547,7.84327,271.043
0.0606869,0.142578,0.0836103,38.7276,8.76796,271.059
0.0715622,0.0598781,0.126479,27.8898,6.22035,271.067
0.0513942,0.141018,0.0640789,54.8763,7.25187,271.073
0.0522234,0.284089,0.0759403,51.8541,8.48393,271.076
0.0583501,0.0997274,0.0727724,42.3846,5.53453,271.089
0.0583811,0.210485,0.138978,42.6356,8.55711,271.09
0.0512918,0.0996394,0.0670695,55.1919,7.78858,271.093
0.0610212,0.125226,0.108706,38.8897,6.03601,271.114
0.0665449,0.0883982,0.128933,32.7557,8.7362,271.122
0.0582929,0.214549,0.13743,42.4071,8.15101,271.14
0.0594319,0.146806,0.082012,40.6179,6.12199,271.185
0.0687055,0.184243,0.147654,29.32,5.36072,271.209
0.0710622,0.14583,0.122681,27.2835,4.64857,271.211
0.0701513,0.0284937,0.112462,29.6784,6.24489,271.23
0.0511142,0.339787,0.109894,54.2441,8.12261,271.23
0.0509455,0.334666,0.115223,54.9512,9.75497,271.24
0.0450601,0.320487,0.0604481,69.415,7.07288,271.262
0.0563372,0.275744,0.0848261,44.9839,5.61962,271.274
0.0635313,0.0994478,0.104737,35.9831,8.48551,271.284
0.0556258,0.212875,0.0789096,46.8811,6.80696,271.286
0.0792849,0.0194975,0.136377,21.737,5.00985,271.288
0.0445596,0.588516,0.144398,69.9623,10.9424,271.292
0.0625566,0.148997,0.129941,36.0877,7.97506,271.305
0.0634467,0.18064,0.143179,35.9088,7.99129,271.324
0.070022,0.00551164,0.0807143,29.6958,3.56506,271.357
0.0478152,0.426297,0.115699,61.6264,9.48614,271.361
0.061354,0.158622,0.111922,37.4681,10.7414,271.367
0.0535597,0.0407879,0.0603024,51.1991,6.60364,271.372
0.049203,0.425795,0.101365,57.7336,7.43659,271.38
0.0574723,0.225998,0.10126,42.5382,10.8145,271.427
0.0609536,0.148808,0.0777803,38.1309,5.43567,271.427
0.0592701,0.0328995,0.059629,41.987,4.20662,271.432
0.0704131,0.0484339,0.127896,28.4365,6.67088,271.435
0.0445006,0.552144,0.0981663,69.3816,9.2981,271.451
0.0673813,0.0240953,0.079543,31.0845,6.00084,271.472
0.0545954,0.311608,0.0889052,47.2219,6.40653,271.473
0.054217,0.244054,0.0942071,48.1,8.97085,271.477
0.057071,0.274926,0.139548,43.6798,9.08484,271.483
0.0696541,0.016885,0.0875085,29.85,5.89448,271.487
0.0484561,0.48106,0.107528,59.9058,7.26354,271.496
0.0568719,0.155693,0.0841404,44.6482,7.94005,271.504
0.0696659,0.145924,0.144513,28.672,5.81542,271.51
0.0562561,0.296954,0.0995811,44.8136,6.35752,271.539
0.0530034,0.287556,0.100993,50.7413,8.89272,271.574
0.0482222,0.430371,0.0907039,60.3886,6.7557,271.606
0.0632378,0.0434516,0.0643062,36.4363,3.1328,271.609
0.0635992,0.0174985,0.0819506,36.0114,5.44904,271.619
0.0525325,0.451478,0.133224,50.7903,7.55116,271.626
0.0656578,0.167301,0.123042,32.3661,5.02942,271.644
0.0562026,0.115732,0.0720588,46.9252,6.12646,271.648
0.0654246,0.065047,0.0990452,33.9598,5.10204,271.659
0.044931,0.337801,0.0591617,69.642,7.47248,271.673
0.0471336,0.355131,0.0726754,63.1562,7.07799,271.677
0.0762596,0.0385755,0.121194,23.7123,4.06777,271.678
0.0678164,0.0521959,0.130087,31.5578,8.61735,271.681
0.0532811,0.26349,0.0816249,49.3558,9.90697,271.708
0.0481023,0.455486,0.108503,60.4142,7.40969,271.718
0.0496582,0.0186553,0.0563382,59.0156,6.09897,271.727
0.0556974,0.256092,0.0796531,45.2656,5.10674,271.741
0.0654219,0.0821076,0.0822945,33.84,5.9575,271.78
0.0689739,0.117281,0.145436,29.2411,5.06767,271.814
0.0428802,0.673405,0.140252,74.9881,10.8302,271.818
0.0573709,0.244244,0.143683,43.8495,9.25518,271.826
0.0571966,0.182203,0.0666697,43.182,4.06223,271.843
0.0809217,0.0147996,0.151579,20.2016,5.61528,271.881
0.0482134,0.388882,0.106084,60.3925,9.94169,271.882
0.054411,0.367795,0.112981,47.9792,6.50643,271.885
0.0635813,0.0933886,0.0848281,34.989,11.9678,271.892
0.0517843,0.345555,0.109855,52.2252,9.42573,271.914
0.0579855,0.347663,0.145557,41.3222,6.32902,271.918
0.0575505,0.0951638,0.0628667,43.0981,6.15831,271.962
0.0716206,0.0628026,0.139506,27.2544,7.63367,271.972
0.0541457,0.0128633,0.057581,50.8936,6.84399,271.975
0.0719866,0.0319995,0.0767078,27.5009,3.25973,271.982
0.0510773,0.223313,0.0632274,54.1574,6.22175,271.992
0.0583786,0.266176,0.15185,41.2331,7.99251,271.994
0.0525964,0.0995211,0.0635137,52.4168,7.40464,271.999
0.0573295,0.044046,0.0673299,44.6422,6.57268,272.017
0.0581314,0.165164,0.0852146,42.826,5.47514,272.025
0.0466329,0.530731,0.126506,63.293,9.77728,272.037
0.0470897,0.464827,0.0899067,62.8011,7.67622,272.043
0.0614613,0.0472018,0.0664913,37.0277,10.3022,272.047
0.0575339,0.0556433,0.0582731,44.6287,3.79992,272.052
0.0715991,0.00628357,0.123452,27.5148,5.17855,272.07
0.0574084,0.376317,0.160001,42.1567,7.06993,272.086
0.0501294,0.43001,0.123634,55.307,9.45589,272.089
0.0508489,0.348822,0.0844114,53.9432,10.244,272.091
0.0705947,0.0380813,0.105311,28.8883,6.22943,272.11
0.0672565,0.0442786,0.0891497,31.5154,7.56078,272.12
0.0590514,0.0882768,0.0765963,41.3681,7.81458,272.124
0.0447363,0.463466,0.0748947,69.4675,7.47202,272.134
0.0485381,0.452083,0.149599,59.5838,10.9756,272.134
0.0569101,0.315817,0.105008,43.2654,6.99645,272.136
0.0512012,0.366196,0.110303,53.5926,9.60381,272.137
0.0626052,0.0601933,0.0701404,36.8247,7.91027,272.138
0.0490666,0.150682,0.0564229,59.5476,7.36811,272.144
0.0764734,0.0375161,0.136359,23.7676,4.90403,272.148
0.0583689,0.250633,0.102333,41.939,6.86645,272.18
0.0585252,0.225714,0.105589,41.9309,7.13721,272.18
0.0765161,0.00688934,0.100808,23.2778,3.34296,272.199
0.0526315,0.417257,0.133373,50.3766,8.64136,272.208
0.0610141,0.0160157,0.0534022,39.8161,4.59871,272.262
0.0502846,0.388147,0.105165,55.493,7.61818,272.336
0.057573,0.158373,0.0966414,43.0832,7.08157,272.337
0.0569469,0.028693,0.0776052,45.012,7.62925,272.342
0.0455034,0.467961,0.0804214,67.7037,6.69176,272.353
0.0643831,0.152947,0.113313,34.6473,5.99457,272.373
0.0511152,0.329255,0.11118,54.806,8.35171,272.408
0.0610951,0.0341952,0.084386,39.7715,7.95121,272.413
0.0682521,0.114158,0.136516,30.4512,7.91038,272.415
0.0551934,0.270126,0.111274,46.3423,8.59553,272.43
0.0629776,0.085444,0.100972,36.0804,8.45502,272.438
0.0492838,0.410879,0.108108,57.0615,9.06907,272.461
0.0538799,0.337576,0.116521,48.9635,8.40951,272.481
0.0493017,0.124398,0.0572111,59.239,6.53438,272.486
0.0590216,0.223818,0.0940803,40.2826,5.94828,272.507
0.0529785,0.356854,0.145173,50.4796,9.92426,272.513
0.0560239,0.375032,0.130371,44.4543,6.63758,272.519
0.0610142,0.17671,0.139307,38.0279,9.51097,272.526
0.0627196,0.250976,0.133524,35.8927,5.32784,272.53
0.0535057,0.343546,0.159791,49.8915,9.38941,272.535
0.0740645,0.0145108,0.0785757,25.8019,3.41483,272.543
0.0521598,0.408929,0.140031,51.2873,9.75862,272.56
0.0496397,0.443365,0.133706,56.6179,8.23751,272.596
0.0554775,0.273985,0.116747,46.1811,7.59948,272.606
0.0517276,0.396446,0.105685,52.8074,6.47367,272.615
0.0494624,0.523721,0.137782,56.8859,8.69277,272.623
0.0510027,0.335117,0.112117,54.5945,9.19891,272.623
0.0537669,0.159998,0.0708446,49.3155,8.45343,272.627
0.0551552,0.192572,0.0712575,46.7474,8.02726,272.653
0.069315,0.0559328,0.0959885,29.2284,5.46715,272.653
0.0638594,0.209289,0.159838,34.6998,6.35278,272.657
0.0608961,0.148983,0.0942284,38.2761,5.0699,272.68
0.0645406,0.0120665,0.0796492,34.8155,9.69947,272.703
0.0541228,0.390832,0.135281,47.3152,7.89356,272.729
0.0476086,0.483342,0.145959,61.9653,10.9398,272.729
0.0567276,0.337099,0.139585,43.8861,7.96182,272.733
0.0639137,0.0469132,0.0898852,35.794,7.25969,272.745
0.0527157,0.340836,0.109043,50.8468,8.00838,272.75
0.0445955,0.535603,0.0942072,69.8457,8.44482,272.751
0.0582936,0.0646172,0.0673918,43.97,4.97444,272.756
0.0677062,0.0163204,0.101972,31.6764,6.60333,272.761
0.0707405,0.0566932,0.0853091,28.3934,3.06314,272.773
0.0661276,0.0575025,0.107862,33.6396,6.95889,272.776
0.0428892,0.675895,0.152593,74.4132,10.6044,272.778
0.0721996,0.0916909,0.154726,26.1309,5.58595,272.783
0.0678475,0.00328501,0.100182,31.96,8.19896,272.785
0.0460947,0.526016,0.117986,65.2818,9.0263,272.792
0.0507812,0.248424,0.073174,55.6566,7.16058,272.807
0.0653633,0.0204991,0.103584,34.7824,7.1526,272.818
0.0563763,0.13752,0.0944707,45.8761,7.80802,272.826
0.0501683,0.328312,0.0735313,55.9006,8.73269,272.845
0.0510559,0.334155,0.0800736,54.1563,5.25606,272.854
0.0635815,0.144153,0.0992715,35.6914,6.67734,272.86
0.0824645,0.020391,0.150066,19.1157,5.68098,272.904
0.0679962,0.0794074,0.124445,30.7707,5.36886,272.907
0.0629057,0.0923062,0.0982888,36.0559,8.49792,272.912
0.0537287,0.283235,0.0950062,48.1387,10.7018,272.915
0.0569822,0.0105622,0.059357,44.2797,9.74744,272.917
0.0551202,0.220611,0.114467,47.8601,8.79911,272.95
0.0556065,0.299627,0.118837,45.0411,7.79404,272.952
0.0702312,0.0487263,0.14254,28.785,6.15022,272.956
0.048418,0.376423,0.0838394,59.374,9.58088,272.962
0.0469437,0.236422,0.0630263,64.8249,7.67046,272.966
0.0568369,0.245803,0.108047,43.5869,10.5247,272.97
0.0551833,0.164326,0.076252,46.2567,10.8462,272.989
0.0620817,0.0137408,0.0649768,37.9287,7.60309,272.99
0.0685355,0.0396372,0.115882,30.1319,7.32407,272.992
0.0641639,0.0151458,0.0604669,35.0555,3.92533,272.996
0.0478616,0.229985,0.0610905,62.4684,6.06965,273
0.064622,0.160592,0.164502,33.211,6.1783,273.004
0.0651334,0.136337,0.144955,33.6737,7.48951,273.008
0.0563528,0.264749,0.107658,43.5401,12.704,273.028
0.0561391,0.194436,0.0734642,45.9666,4.29482,273.034
0.070439,0.0661378,0.129421,28.0634,7.50544,273.04
0.0578509,0.213838,0.0982016,41.5112,12.8107,273.043
0.0633856,0.0830495,0.0894371,35.1079,9.92479,273.044
0.0501134,0.382065,0.0883309,55.8409,8.36486,273.046
0.0505575,0.172337,0.0670248,56.8109,7.78319,273.051
0.0746062,0.12871,0.156253,24.3816,5.44325,273.063
0.0537982,0.248978,0.0792725,48.5766,9.00329,273.075
0.059665,0.143554,0.0809013,40.4219,4.18047,273.084
0.0538778,0.342951,0.135884,48.5825,9.53487,273.099
0.0432217,0.596292,0.0916331,73.1359,8.57711,273.104
0.052418,0.264525,0.0779042,51.2352,8.58875,273.108
0.0529782,0.292765,0.0912826,49.8796,11.9177,273.109
0.0661818,0.136714,0.139704,32.5133,8.28867,273.115
0.0463114,0.548572,0.16066,64.2878,11.0491,273.115
0.0544696,0.307923,0.113226,47.49,8.91722,273.133
0.0604927,0.181474,0.0960827,39.1241,6.32734,273.139
0.054979,0.277779,0.0999318,46.8071,9.07481,273.14
0.0683175,0.103335,0.136757,30.0852,6.97212,273.147
0.0693437,0.0358361,0.128154,29.2692,6.80166,273.156
0.0554934,0.181884,0.0799843,46.5616,7.24109,273.158
0.0754016,0.0535285,0.128688,24.496,5.1313,273.159
0.0658533,0.136813,0.116788,32.9592,5.54834,273.166
0.045668,0.48533,0.0845647,66.8889,8.04235,273.171
0.0521345,0.199435,0.0573202,52.5417,5.85353,273.172
0.0462807,0.524994,0.121329,64.8383,10.4438,273.184
0.0554808,0.177843,0.0761157,46.2563,6.51715,273.19
0.0610599,0.288778,0.162808,37.9152,6.2266,273.191
0.0456335,0.474683,0.0751036,66.3188,7.98869,273.193
0.0672942,0.0474254,0.0879536,31.1264,4.48274,273.196
0.0616741,0.0146595,0.0689295,37.5753,11.1103,273.202
0.0514383,0.190349,0.0834478,54.8228,8.555,273.203
0.0797847,0.0121914,0.100685,21.0856,3.81646,273.211
0.0599214,0.223691,0.155293,39.3403,9.51596,273.212
0.0526786,0.244431,0.0953524,51.7732,7.34117,273.233
0.052905,0.344622,0.148713,50.7474,9.50021,273.239
0.0461463,0.365552,0.0782055,66.2518,7.9625,273.263
0.063198,0.201388,0.151138,35.5766,7.55816,273.264
0.0577791,0.288784,0.139321,42.4647,8.12183,273.266
0.0604673,0.0969132,0.0769337,38.6025,11.8542,273.268
0.0697397,0.0385778,0.12796,29.5258,7.26535,273.272
0.045467,0.344886,0.0661646,68.854,6.42074,273.281
0.0592223,0.16996,0.0857305,40.9643,8.95375,273.284
0.0667675,0.149967,0.11789,31.5717,5.7199,273.304
0.0518151,0.337571,0.0937408,51.0787,11.8121,273.313
0.0631697,0.207714,0.153683,35.2186,7.32518,273.313
0.053689,0.227151,0.0871473,49.0206,8.96499,273.329
0.0535336,0.317052,0.107666,48.2507,11.5034,273.341
0.0423603,0.671421,0.14799,76.7646,11.5957,273.347
0.0585865,0.247428,0.101041,41.1896,5.85977,273.357
0.063563,0.0704869,0.0827233,35.4119,8.93322,273.363
0.0603032,0.144778,0.110687,39.4609,6.08346,273.385
0.0583882,0.162212,0.108962,42.4697,7.04541,273.394
0.0553968,0.039027,0.061545,47.3049,7.8689,273.4
0.0651446,0.182703,0.121749,33.4551,5.48703,273.403
0.0601186,0.0464827,0.0618886,39.2891,9.97356,273.415
0.0542796,0.275027,0.0959059,46.9955,14.5996,273.418
0.0571739,0.258488,0.0885036,43.7679,5.1099,273.421
0.063356,0.115653,0.0917111,35.0934,5.32186,273.436
0.0478825,0.487733,0.130665,60.5355,10.9455,273.444
0.0581521,0.347376,0.136842,41.0862,6.55425,273.444
0.0545044,0.0420601,0.0664707,49.271,7.57941,273.447
0.0643659,0.1718,0.129466,34.3044,6.53939,273.45
0.0629279,0.197645,0.15637,35.4415,6.23328,273.453
0.0580801,0.245555,0.112554,42.4096,7.99004,273.455
0.0679393,0.0908874,0.138703,30.271,6.7896,273.464
0.0515508,0.43003,0.128717,52.0757,8.38365,273.483
0.0662099,0.0423376,0.075629,32.7578,7.8645,273.485
0.0447531,0.632634,0.151064,68.8314,10.5883,273.489
0.0793661,0.0178993,0.13328,21.276,5.76674,273.527
0.0736895,0.0964972,0.128429,25.6236,5.06435,273.535
0.0482237,0.525436,0.145221,59.0106,8.80754,273.538
0.0512768,0.290481,0.0779659,53.8619,8.774,273.543
0.0613805,0.0341353,0.0585513,38.1542,5.27423,273.545
0.0496434,0.434338,0.112384,56.665,9.39064,273.547
0.0706881,0.0794066,0.120773,28.2373,5.83012,273.555
0.0530114,0.19635,0.0671406,51.7455,5.85955,273.559
0.0530458,0.135092,0.0547253,51.6643,5.46102,273.569
0.0633056,0.150332,0.133825,35.0848,6.49154,273.58
0.0527585,0.106368,0.0631773,52.3653,6.39365,273.584
0.0535745,0.42186,0.153538,48.2033,7.55919,273.615
0.0644751,0.142959,0.142855,34.1974,8.69932,273.655
0.0571223,0.299289,0.147791,43.2989,8.73846,273.671
0.0515035,0.214092,0.0655517,53.4504,8.46768,273.675
0.0522732,0.400232,0.102697,51.092,6.99066,273.681
0.0599333,0.058058,0.069296,39.3858,11.0194,273.685
0.0571024,0.223569,0.0766759,43.4516,5.7861,273.685
0.0698081,0.00911877,0.0821428,29.3217,3.23855,273.694
0.0533044,0.342585,0.129684,49.0821,7.53945,273.696
0.050567,0.336642,0.0913698,55.5435,6.6851,273.698
0.0500838,0.355546,0.0828409,55.6271,9.12322,273.713
0.055789,0.0474251,0.0706082,47.5033,7.95637,273.715
0.0631047,0.117052,0.0927913,36.2363,6.97471,273.718
0.0531337,0.354308,0.105517,49.9966,7.6361,273.741
0.0617491,0.0987674,0.0933886,37.7607,9.67814,273.743
0.057395,0.0832447,0.063942,43.533,9.76467,273.755
0.0680446,0.0409608,0.109898,30.1703,10.7434,273.768
0.0641062,0.15373,0.146041,34.1604,6.62928,273.771
0.073871,0.00908041,0.0855025,25.2301,3.30338,273.781
0.0537083,0.226686,0.0810942,48.6902,11.2627,273.79
0.0708131,0.00446754,0.120605,28.7081,6.55532,273.79
0.0785945,0.000799907,0.094861,22.9899,3.38184,273.792
0.0468896,0.462261,0.108648,63.6217,8.35038,273.806
0.0469609,0.200788,0.0594507,64.6134,8.96973,273.814
0.0648966,0.0960109,0.0970101,33.3215,9.76642,273.82
0.0585449,0.251091,0.14215,41.5797,9.887,273.828
0.0559721,0.246077,0.0903059,44.0663,10.2329,273.831
0.0659049,0.124221,0.0766457,32.5414,3.46983,273.84
0.0563745,0.322514,0.121388,44.0074,6.14029,273.849
0.0462091,0.548038,0.111891,64.6611,8.0828,273.868
0.0811237,0.00326854,0.11628,20.255,3.404,273.871
0.0632807,0.217345,0.139964,35.1759,6.3408,273.873
0.056657,0.172324,0.0657688,44.5794,5.53099,273.896
0.0642191,0.127919,0.078636,34.5943,4.99991,273.898
0.0582385,0.0798529,0.0688884,43.5029,5.81077,273.905
0.0533185,0.380924,0.153839,49.9819,9.60512,273.909
0.0475726,0.359325,0.0675935,61.9347,8.62323,273.921
0.0540969,0.262462,0.0865926,47.3395,11.9718,273.922
0.0487739,0.472858,0.103416,58.5509,7.67808,273.932
0.0661078,0.128923,0.137887,32.3452,8.44956,273.934
0.0563587,0.308071,0.157081,44.5855,9.9105,273.943
0.0548498,0.241468,0.0865008,47.1396,7.469,273.953
0.0643881,0.103682,0.107772,34.2426,7.39244,273.964
0.0542005,0.311269,0.137561,48.5882,9.96619,273.967
0.0464196,0.523919,0.150462,64.0933,10.3477,273.973
0.0689902,0.128921,0.13238,29.0574,6.81413,273.978
0.0621483,0.184328,0.115504,36.6235,5.22221,273.98
0.0434754,0.277818,0.0531691,74.1367,7.93165,273.988
0.0534307,0.347521,0.160377,49.7965,10.7063,273.988
0.069694,0.147656,0.137332,28.5068,5.00951,273.993
0.0539977,0.153926,0.0659098,49.5474,5.63718,273.994
0.0604373,0.0914512,0.0751247,38.2829,11.6771,274.011
0.0612368,0.225773,0.15529,37.0728,7.63184,274.021
0.0641097,0.160455,0.0937205,34.644,4.13963,274.024
0.0414829,0.68553,0.106327,79.7371,9.83104,274.029
0.0642593,0.120052,0.112437,34.4841,8.80721,274.029
0.0626134,0.119287,0.0949393,36.4577,6.22023,274.053
0.05269,0.411914,0.156777,50.6573,8.89572,274.084
0.0505273,0.162225,0.0640769,56.1622,7.39305,274.085
0.0557668,0.0615334,0.05508,46.3728,7.49214,274.096
0.0535306,0.283465,0.0730248,49.3378,5.31579,274.098
0.0650656,0.0555441,0.0822743,33.3414,8.29878,274.1
0.0597168,0.137961,0.0764816,39.6933,9.68352,274.119
0.0491426,0.208501,0.0548399,59.3106,4.45718,274.121
0.0532242,0.307487,0.124419,50.2054,8.26191,274.125
0.0524743,0.278627,0.0838117,51.1966,6.74345,274.13
0.0503845,0.350578,0.106201,55.6972,9.20706,274.133
0.0694755,0.0312603,0.0952683,29.6056,5.60651,274.136
0.0477296,0.0815638,0.0558949,63.7886,7.73304,274.138
0.0585944,0.0895013,0.0657428,41.4963,9.39597,274.172
0.0739836,0.033841,0.123829,25.1081,4.73772,274.178
0.0564931,0.215042,0.0900543,43.1161,12.8697,274.186
0.0433493,0.558689,0.0972969,73.4061,9.49898,274.237
0.0682714,0.0426872,0.0933264,30.0614,6.91688,274.261
0.0660935,0.137443,0.122034,32.219,7.24557,274.265
0.0551204,0.303646,0.148067,46.0582,9.85787,274.268
0.0634879,0.0968455,0.10902,35.3777,9.63126,274.311
0.0636795,0.0423654,0.0698196,35.9911,7.96063,274.337
0.0564012,0.272363,0.113988,43.5047,12.5207,274.34
0.0624991,0.218239,0.134066,36.9281,6.09331,274.342
0.0522127,0.384469,0.146273,51.0472,10.2313,274.344
0.0619817,0.117546,0.0821837,36.9944,10.1405,274.355
0.0554347,0.226834,0.0877109,45.6229,11.2588,274.378
0.0572548,0.131296,0.0734581,44.7959,4.77649,274.381
0.0533451,0.214023,0.0759483,50.3477,5.85886,274.387
0.0527021,0.356657,0.0975821,50.0065,7.0986,274.394
0.0779663,0.0377715,0.155664,22.0897,6.91599,274.403
0.0718395,0.127458,0.142822,26.2469,4.15256,274.406
0.0741169,0.0286862,0.0833243,25.3043,3.13092,274.407
0.0549237,0.368579,0.141279,46.1643,8.82251,274.409
0.0706141,0.0602477,0.0906189,28.5078,3.27734,274.413
0.0697062,0.0118452,0.110382,29.9382,7.19901,274.416
0.0464734,0.0760614,0.0525616,66.2004,8.38919,274.418
0.06607,0.176444,0.124001,32.4898,6.24557,274.428
0.0663103,0.115115,0.137907,32.0596,8.03582,274.429
