beta,permeability,xi,init_days,delay,value
0.0470752,0.00105364,0.166498,7.88212,12.5796,16.2638
0.0462633,0.0115202,0.157564,8.84893,12.4249,16.281
0.0470287,0.00329272,0.166395,7.24304,12.1511,16.2864
0.0456021,0.00233954,0.14839,9.41493,12.6728,16.2956
0.0463117,0.00870142,0.164895,8.32654,12.9186,16.3052
0.0463162,0.00565584,0.166272,8.37998,12.928,16.3059
0.0463057,0.00503722,0.151915,8.64644,12.2763,16.3073
0.0462429,0.0197254,0.160724,8.99251,12.7277,16.3077
0.0455119,0.00834441,0.15102,9.84347,12.6922,16.3099
0.0463252,0.00419536,0.151562,8.84181,12.5481,16.31
0.0456067,0.00435549,0.150403,9.1371,12.3563,16.314
0.0457391,0.0062266,0.151024,9.23746,11.6002,16.3187
0.0456041,0.00319262,0.144967,9.44926,12.8272,16.3193
0.0462437,0.0212345,0.163715,8.64977,12.7958,16.3211
0.0462516,0.0209476,0.159736,8.72233,12.4261,16.323
0.0454842,0.0185153,0.156317,9.73255,12.7719,16.3321
0.0455194,0.00291593,0.147206,9.41012,12.2809,16.333
0.0462613,0.00499018,0.150678,8.40668,12.5342,16.3335
0.0462454,0.023057,0.161601,8.82709,12.6961,16.3368
0.04551,0.00719033,0.147158,9.13303,12.6316,16.342
0.0456023,0.0063646,0.158075,9.75769,12.3056,16.3436
0.0450519,0.00684813,0.14357,10.4448,11.9751,16.3448
0.0457225,0.0106981,0.153828,9.83333,11.5354,16.3459
0.0463367,0.00954336,0.155019,8.01977,12.962,16.348
0.0470175,0.00470321,0.160809,7.12839,12.9595,16.3505
0.0454543,0.0221831,0.155152,9.23975,12.9982,16.3511
0.0464749,0.00385496,0.150824,8.1789,11.6924,16.3513
0.0450318,0.00207548,0.1408,10.3035,11.3086,16.3517
0.0449796,0.020615,0.145136,10.3867,11.1801,16.3523
0.0456555,0.0149748,0.152736,9.87316,11.2257,16.3535
0.0464768,0.00103871,0.147464,8.65959,11.2954,16.3555
0.0458048,0.00155454,0.149094,9.71515,11.1066,16.3557
0.0449943,0.018712,0.143779,10.5151,11.3988,16.3564
0.045492,0.0313726,0.161446,9.37021,12.7115,16.3567
0.0449728,0.0226236,0.145199,10.2895,11.5934,16.3577
0.0455199,0.0282472,0.154135,9.48083,12.3894,16.3604
0.0450226,0.0174652,0.146085,10.2012,11.5064,16.361
0.0450187,0.00169752,0.145414,10.5854,11.9757,16.3613
0.0470036,0.00180947,0.159256,7.59784,12.4872,16.3617
0.0455315,0.00748201,0.143846,9.66988,12.7493,16.3622
0.0456138,0.0134803,0.161097,9.53912,12.6554,16.3629
0.0457565,0.00340921,0.142493,9.43531,11.1385,16.3648
0.0456536,0.023489,0.150848,9.73387,11.4243,16.3652
0.0450043,0.00106438,0.1407,10.1369,11.4145,16.3653
0.0450276,0.00032377,0.13633,10.3279,11.9947,16.366
0.0456241,0.0171704,0.146894,9.70747,11.8256,16.3662
0.0454432,0.0262934,0.157969,9.02627,12.5838,16.3663
0.0461893,0.02878,0.164396,8.62862,12.2604,16.3663
0.0454811,0.0107,0.148153,9.72588,12.1652,16.3667
0.0449818,0.0222144,0.149403,10.9431,11.8477,16.3675
0.0456303,0.0212632,0.15356,9.80501,11.0348,16.3686
0.04631,0.0176714,0.163474,8.4943,12.1711,16.3688
0.0449435,0.0312337,0.148058,10.2576,11.6023,16.3688
0.0462332,0.0276782,0.164715,8.77797,12.9079,16.3699
0.0455861,0.0194799,0.164308,9.52068,12.1448,16.371
0.0471073,0.00568198,0.161242,7.74053,12.4491,16.3711
0.0456862,0.0224456,0.151421,9.6882,11.7355,16.3712
0.0455791,0.0119929,0.162984,9.53007,12.9486,16.372
0.0455292,0.0273394,0.166258,9.04962,12.5466,16.3724
0.0448128,0.0181784,0.142757,10.9251,12.5923,16.3729
0.0454336,0.0309598,0.153304,9.43367,12.9386,16.3729
0.0470257,0.00578351,0.157767,7.94595,12.9386,16.3739
0.044874,0.00188671,0.149888,10.7454,12.6425,16.3757
0.0461987,0.0217919,0.156848,8.56101,12.4547,16.3761
0.0470292,0.0163217,0.165341,7.86765,12.6275,16.3781
0.0454749,0.0370978,0.164147,9.61832,12.5667,16.3786
0.0455584,0.0229395,0.152818,9.98168,12.9044,16.3789
0.0462236,0.000236046,0.158474,8.03594,12.8206,16.3796
0.0450112,0.00320376,0.134636,10.9037,11.3262,16.3808
0.045649,0.0102222,0.16639,9.48736,12.4469,16.382
0.0456168,0.0223907,0.155675,9.20514,11.1379,16.3828
0.0455885,0.0133264,0.146593,9.11188,12.8889,16.3833
0.0456513,0.0117311,0.165873,9.68021,12.5912,16.3835
0.0441909,0.00153366,0.140172,11.4308,12.0391,16.3835
0.0447033,0.0233167,0.163707,10.1988,13.4414,16.3841
0.045576,0.00788939,0.163939,9.41228,12.1533,16.3846
0.0454696,0.0143388,0.15639,9.71994,12.5526,16.3852
0.0448323,0.0171034,0.15377,10.1889,12.8327,16.387
0.0456241,0.0317166,0.156151,9.77627,11.5038,16.3888
0.0454945,0.0121206,0.143099,9.75537,12.0295,16.3894
0.0455244,0.0302929,0.15556,9.58409,12.1636,16.39
0.0470416,0.0110088,0.15983,7.85385,12.3289,16.3903
0.0456611,0.00423375,0.166149,9.40064,12.4795,16.391
0.0455971,0.0295281,0.154142,9.2432,11.9751,16.3912
0.0449272,0.0383315,0.151982,10.8871,11.2047,16.3914
0.0463585,0.00780547,0.15834,8.55711,11.8314,16.3916
0.0463563,0.00961315,0.158482,8.23517,11.2215,16.3918
0.0448747,0.0183864,0.15205,10.1789,12.26,16.3918
0.0447119,0.0478257,0.16041,10.4092,12.8813,16.3922
0.046294,0.00280454,0.145638,8.61572,12.4485,16.3923
0.0471774,0.00131102,0.155522,7.06796,11.569,16.3928
0.0472136,0.00093517,0.165169,7.26428,11.4553,16.3931
0.0449133,0.00792207,0.152833,10.214,12.0667,16.3941
0.0454762,0.0209031,0.145955,9.69904,12.3276,16.395
0.044996,0.000533099,0.145636,10.6495,11.2806,16.3952
0.0457468,0.0125283,0.153644,9.3191,11.6675,16.3964
0.0464967,0.00725884,0.158687,8.47253,11.5612,16.398
0.0462201,0.0324659,0.161424,8.09212,12.6783,16.3983
0.0448536,0.0166389,0.154883,10.0706,12.0133,16.3988
0.0456848,0.0169649,0.157044,9.69366,11.0634,16.3988
0.0447554,0.00524862,0.159646,10.1231,13.4323,16.3992
0.0447255,0.0434314,0.149846,10.4118,12.0388,16.4
0.0463416,0.0158971,0.156787,8.24736,11.0566,16.4006
0.0442787,0.031117,0.14316,11.5107,11.782,16.4008
0.0455522,0.0130802,0.16656,9.79922,12.9999,16.4022
0.0455822,0.0194548,0.151628,9.29441,12.9653,16.4023
0.0455469,0.0305878,0.165096,9.87056,12.3457,16.4025
0.0464041,0.00223229,0.156934,8.76749,12.1246,16.4025
0.0447169,0.0467211,0.153251,10.0911,12.6894,16.4026
0.0463785,0.0165066,0.153938,8.94245,11.7496,16.4028
0.0456242,0.0104459,0.151232,9.99695,12.2282,16.4031
0.0443328,0.00265591,0.138554,11.2683,11.9892,16.4033
0.0449859,0.00185181,0.14609,10.1906,11.084,16.4037
0.0454229,0.04694,0.165025,9.4373,12.7874,16.4038
0.0455102,0.00838153,0.161891,9.92264,12.9206,16.4038
0.0448673,0.0188497,0.143659,10.5173,12.729,16.4043
0.0456564,0.0024223,0.150508,9.9126,11.8028,16.405
0.0456564,0.0226263,0.145691,9.92061,11.1281,16.4053
0.0462394,0.0145465,0.149899,8.7775,12.1822,16.4066
0.0454514,0.0277381,0.166027,9.20912,12.7325,16.4066
0.0443453,0.00303717,0.132532,11.8683,11.7043,16.4067
0.0447877,0.000983287,0.161406,10.1247,13.3639,16.4073
0.0463669,0.0111589,0.149086,8.19558,11.3613,16.4088
0.044862,0.0461739,0.155355,10.7067,11.797,16.4097
0.0457166,0.0156415,0.145165,9.09066,11.0592,16.4101
0.045488,0.000678819,0.145256,9.63775,12.1785,16.4108
0.0461994,0.0244584,0.155153,8.96155,12.3211,16.411
0.0441476,0.0107998,0.144156,11.6166,12.3126,16.411
0.045618,0.0303311,0.159598,9.40121,11.1704,16.4111
0.0449254,0.0201306,0.150691,10.828,11.6056,16.4116
0.0449894,0.0117199,0.134328,10.5641,11.0016,16.4121
0.0449285,0.00392726,0.145872,10.0349,12.4541,16.4126
0.0450403,0.0198375,0.14572,10.5563,11.8535,16.4127
0.0443106,0.0134803,0.142285,11.9187,11.5727,16.4131
0.0457716,0.00939908,0.144686,9.89959,11.6201,16.4131
0.0443676,0.0012767,0.132789,11.235,11.4569,16.4133
0.0447707,0.0103484,0.142259,10.5289,12.4669,16.4137
0.0442275,0.0439136,0.147206,11.9608,11.2104,16.4137
0.0448616,0.00889568,0.155535,10.1914,12.272,16.4139
0.0441032,0.0247341,0.143658,11.1824,12.2321,16.4144
0.0443003,0.0174894,0.13531,11.1917,11.5397,16.4145
0.0464397,0.0177477,0.15983,8.84535,11.1596,16.4148
0.0455842,0.0263925,0.148435,9.83591,11.8987,16.4153
0.0463795,0.0190787,0.154554,8.82033,11.9835,16.4155
0.0441604,0.0241948,0.145859,11.8399,12.3809,16.4155
0.0469454,0.00525608,0.165817,7.51075,12.93,16.4163
0.0447088,0.0482447,0.150596,10.8941,12.2221,16.4164
0.0439592,0.0477118,0.163778,11.089,13.7167,16.4171
0.045676,0.029692,0.153075,9.56649,11.7215,16.4181
0.0446863,0.0513131,0.157897,10.4447,12.8465,16.4189
0.0463675,0.0155774,0.149814,8.41379,11.9406,16.419
0.046541,0.00362591,0.153223,8.92142,11.9207,16.4191
0.0447921,0.0019848,0.139087,10.081,12.4184,16.4194
0.04566,0.00585106,0.153907,9.05889,12.1219,16.4195
0.045443,0.0140017,0.153582,9.22554,12.4036,16.4198
0.0448348,0.0233254,0.15903,10.4747,12.4886,16.4201
0.0447908,0.0306594,0.14325,10.225,12.3822,16.4202
0.0463147,0.0169932,0.162154,8.23787,11.7382,16.4206
0.0441328,0.00462396,0.139077,11.8036,12.5977,16.4209
0.0454377,0.019693,0.158427,9.43908,12.5386,16.421
0.0447184,0.0202003,0.160114,10.9056,13.7716,16.4212
0.044724,0.0527976,0.161706,10.1716,12.4346,16.4217
0.0455673,0.0296604,0.160394,9.65043,11.984,16.4217
0.0449382,0.00768945,0.142693,10.9437,11.0395,16.4229
0.0448492,0.00546295,0.15603,10.9679,12.6945,16.4229
0.0450082,0.0193124,0.140281,10.1686,11.4125,16.423
0.0442287,0.0462501,0.145268,11.5122,11.1489,16.4234
0.0461827,0.0107699,0.14933,8.91622,12.2629,16.424
0.0472292,0.00522437,0.16167,7.37799,11.3042,16.4246
0.0455747,0.0233848,0.150565,9.53322,11.7798,16.4257
0.0453745,0.0443995,0.159592,9.05139,12.0214,16.4262
0.0463852,0.01491,0.165049,8.29567,11.8061,16.4267
0.0447544,0.0108428,0.158423,10.9664,13.6904,16.427
0.0454245,0.0189148,0.150211,9.78942,12.7302,16.4272
0.0456103,0.00997869,0.144803,9.46439,12.5852,16.4278
0.0461444,0.0205647,0.157239,8.82416,12.0188,16.4284
0.0448713,0.0272323,0.162417,10.0346,12.6342,16.4285
0.044668,0.0423123,0.166445,10.2102,13.3651,16.4289
0.0464321,0.00205139,0.139416,8.15073,11.4041,16.4296
0.0440648,0.0354539,0.144815,11.5464,12.9524,16.4301
0.0447336,0.0229657,0.142608,10.389,12.0993,16.4301
0.0449023,0.0218455,0.162074,10.2197,12.7691,16.4306
0.0448615,0.00393661,0.135779,10.7357,12.1039,16.4306
0.0442878,0.0315356,0.144687,11.061,11.234,16.4309
0.0448431,0.00965032,0.157858,10.2667,12.1167,16.4311
0.044735,0.0522042,0.165663,10.7121,12.6097,16.4318
0.0447616,0.0102472,0.143706,10.8374,12.5447,16.4321
0.0450423,0.00522812,0.133504,10.3978,11.688,16.4327
0.046147,0.029163,0.159783,8.15756,12.9521,16.433
0.046493,0.0122819,0.157674,8.38021,11.8605,16.433
0.0454224,0.0266576,0.146384,9.72618,12.433,16.4338
0.0440537,0.0456997,0.148171,11.4238,12.904,16.4347
0.0441994,0.0522159,0.146025,11.1182,11.6117,16.435
0.0449437,0.00422496,0.148595,10.4301,12.3774,16.4354
0.044948,0.00601289,0.158938,10.9967,12.992,16.4355
0.04406,0.0373245,0.142787,11.3052,12.9625,16.4355
0.0448491,0.0236923,0.161623,10.0849,12.8344,16.4355
0.0441264,0.0365753,0.147622,11.8464,12.2354,16.4358
0.0463018,0.0222558,0.162806,8.60486,11.6945,16.4363
0.0440838,0.0480422,0.151418,11.4228,12.3189,16.4364
0.0456307,0.00475775,0.155414,9.15843,11.792,16.4367
0.0439856,0.0374991,0.165093,11.9015,13.2066,16.4371
0.0471358,0.00319106,0.155278,7.06163,11.2161,16.4372
0.0442571,0.0404087,0.141551,11.2176,11.9504,16.4372
0.0442441,0.0422507,0.141682,11.3989,11.3093,16.4372
0.0446887,0.0524052,0.164601,10.925,12.985,16.4373
0.0449062,0.0139551,0.148534,10.3567,12.616,16.4376
0.0447522,0.0127266,0.143265,10.6799,12.9076,16.4377
0.0456128,0.0346213,0.150658,9.62156,11.4791,16.4377
0.0464542,0.0104087,0.162501,8.01941,11.5158,16.4385
0.0463247,0.0271264,0.164539,8.31522,11.7329,16.4391
0.0469392,0.00221565,0.157986,7.05959,12.1434,16.4393
0.0440284,0.052431,0.152923,11.9948,12.5391,16.4395
0.0455545,0.0417023,0.161043,9.08653,11.1812,16.4396
0.0447141,0.0303488,0.142826,10.0854,12.3013,16.4401
0.0464655,0.0038859,0.141922,8.63777,11.5981,16.4403
0.0446998,0.036254,0.15355,10.1383,12.568,16.4405
0.0441326,0.0359645,0.147554,11.6902,12.6276,16.4411
0.0447437,0.0166049,0.140505,10.5372,12.4037,16.4416
0.0435309,0.0147395,0.138695,12.1462,12.159,16.4417
0.0442942,0.0322462,0.144562,11.1037,11.0173,16.4417
0.0453814,0.0330452,0.159853,9.24928,12.4302,16.4417
0.0453772,0.0347984,0.160413,9.70637,12.3954,16.4421
0.0440034,0.0238773,0.164248,11.2948,13.391,16.4424
0.0443108,0.0014232,0.141004,11.156,11.1517,16.4424
0.0447463,0.0355055,0.143244,10.4891,12.6084,16.4434
0.044196,0.0185693,0.144427,11.5414,12.4206,16.4435
0.0449019,0.0246375,0.136168,10.0366,11.5805,16.4439
0.0455839,0.0064692,0.140315,9.24188,12.6231,16.4439
0.0448113,0.0409747,0.155946,10.586,12.6823,16.4444
0.0463229,0.00900116,0.160856,8.87621,11.7379,16.4445
0.0448969,0.00101971,0.159518,10.1525,12.2906,16.4447
0.0441055,0.00362626,0.153218,11.0427,13.588,16.4447
0.0440534,0.0326762,0.145218,11.0435,12.3779,16.4452
0.0453824,0.0505619,0.163773,9.32733,12.5533,16.4452
0.0439911,0.0269019,0.155641,11.2658,13.2083,16.4452
0.0449596,0.0120357,0.151182,10.7051,11.109,16.4455
0.0462642,0.000429772,0.140149,8.39946,12.3921,16.4457
0.0455502,0.0258195,0.148787,9.39016,12.5606,16.4458
0.0447908,0.0465604,0.15984,10.0627,12.4176,16.4458
0.0449401,0.00742774,0.150489,10.3409,11.0603,16.4462
0.0455567,0.0261115,0.152153,9.61957,11.7552,16.4463
0.0440835,0.0442162,0.14501,11.4943,12.2823,16.4464
0.0455605,0.023037,0.154039,9.79761,11.2705,16.4466
0.0447298,0.0458783,0.165568,10.2713,12.5563,16.4467
0.044714,0.0294079,0.152184,10.1308,12.004,16.4468
0.0441022,0.00661776,0.15323,11.2966,13.0577,16.4469
0.0461391,0.0312103,0.16008,8.16697,12.5738,16.4469
0.0471076,0.00340705,0.162543,7.49531,11.717,16.4469
0.0444001,0.00813409,0.136733,11.614,11.2491,16.4477
0.0439659,0.029371,0.16456,11.5282,13.0696,16.4479
0.0450839,0.0112909,0.144812,10.1612,11.1187,16.4479
0.0441728,0.00618219,0.148955,11.8385,12.694,16.448
0.0448497,0.0116178,0.160878,10.0929,12.6595,16.448
0.0440004,0.0630725,0.156969,11.0284,12.7328,16.4488
0.0442034,0.00198098,0.131736,11.9772,12.4801,16.449
0.0442035,0.0453896,0.139342,11.9078,11.438,16.4491
0.0443119,0.0249123,0.136499,11.5566,11.5566,16.4492
0.0449525,0.00153254,0.145115,10.7618,12.9513,16.4496
0.0463473,0.0207714,0.151033,8.96191,11.8885,16.4498
0.0449148,0.00514203,0.161416,10.9081,12.8661,16.45
0.0447598,0.0341151,0.163102,10.8094,12.649,16.4509
0.0456632,0.0318812,0.158081,9.34023,11.1892,16.4509
0.0448004,0.0157817,0.137256,10.2319,12.0274,16.451
0.0448751,0.0114819,0.162203,10.983,12.4159,16.4511
0.0462352,0.00663475,0.142036,8.87428,12.1232,16.4517
0.0433294,0.044324,0.15823,12.9316,13.0708,16.4517
0.0449124,0.0350952,0.140642,10.5436,11.8844,16.4518
0.0435903,0.027915,0.132629,12.1786,11.4016,16.4518
0.0455231,0.0372555,0.16373,9.28018,11.2916,16.4523
0.0440918,0.0488005,0.148115,11.0777,12.4212,16.4523
0.0464218,0.0135539,0.145845,8.37502,11.762,16.4525
0.0447294,0.0143129,0.157248,10.5783,13.5721,16.4526
0.0463233,0.0205321,0.160009,8.85043,12.8131,16.4527
0.0447616,0.00859627,0.136949,10.9697,12.6255,16.4528
0.0463201,0.0191598,0.153131,8.4938,11.3739,16.4531
0.0463451,0.00802839,0.144693,8.04503,11.3055,16.4534
0.0463153,0.0112449,0.154594,8.12943,11.7185,16.4534
0.0456457,0.0164853,0.161164,9.95049,12.0995,16.4541
0.0455773,0.0167915,0.150921,9.65852,11.9946,16.4544
0.0454638,0.000720249,0.143114,9.82864,12.4965,16.4544
0.0441334,0.0597385,0.148958,11.0596,11.2514,16.4548
0.0449705,0.0226245,0.136613,10.2478,11.3945,16.4555
0.0446707,0.0187836,0.16229,10.2179,13.3696,16.4557
0.0447594,0.019289,0.137489,10.838,12.0924,16.456
0.0434818,0.0209934,0.138732,12.2773,12.5974,16.456
0.0440894,0.0127127,0.153007,11.0043,13.437,16.4561
0.0448968,0.0424769,0.144905,10.6302,11.7794,16.4566
0.0471877,0.00694839,0.156742,7.32967,11.1913,16.4567
0.0447332,0.0542267,0.153653,10.097,12.0245,16.4571
0.0454261,0.0245907,0.142291,9.89003,12.7416,16.4572
0.0454037,0.0285225,0.163085,9.66518,12.607,16.4572
0.0446433,0.0507958,0.151537,10.1426,12.9161,16.4576
0.0446997,0.0393832,0.142957,10.8441,12.6873,16.4578
0.0439013,0.0608977,0.16478,11.4647,13.8907,16.4586
0.046373,0.0198479,0.166384,8.9698,11.4389,16.4592
0.0436607,0.0191752,0.132929,12.6477,11.1249,16.4594
0.0455678,0.0198917,0.146215,9.80939,11.3308,16.4594
0.0440107,0.0121706,0.156331,11.8155,13.6334,16.4595
0.0440328,0.0371537,0.140144,11.735,12.1572,16.4597
0.0448557,0.0508651,0.148689,10.0534,11.3433,16.46
0.0440915,0.00232008,0.159241,11.8768,13.5439,16.46
0.0440327,0.0353992,0.163677,11.0921,13.0074,16.4602
0.0435623,0.0399606,0.135802,12.5823,11.5816,16.4606
0.0453885,0.0558893,0.166518,9.77886,12.3287,16.4606
0.0440893,0.0511384,0.149474,11.6028,12.1553,16.4606
0.044674,0.0215257,0.160671,10.8999,13.4077,16.4612
0.0436455,0.0125471,0.133064,12.5169,11.0814,16.4613
0.0455379,0.0426508,0.15697,9.42397,11.4251,16.4613
0.0439914,0.0173513,0.165059,11.7822,13.9716,16.4621
0.0442052,0.00311119,0.149992,11.7153,12.7382,16.4622
0.0456059,0.00498624,0.152141,9.10701,11.2527,16.4627
0.0433772,0.0288623,0.154747,12.7651,13.1666,16.4638
0.0447382,0.0407751,0.144056,10.9815,12.7926,16.4638
0.0453957,0.027821,0.161703,9.13918,12.3025,16.4644
0.0447749,0.0179735,0.159411,10.5725,12.767,16.4645
0.0440385,0.0324909,0.160545,11.4461,13.7674,16.4658
0.0440274,0.0655502,0.153344,11.206,12.8462,16.466
0.0439135,0.0486947,0.161074,11.83,13.6981,16.4665
0.0455694,0.0398397,0.150898,9.01647,11.9242,16.4666
0.044282,0.0387874,0.145812,11.1561,11.7449,16.4667
0.043478,0.036057,0.144558,12.9572,12.5134,16.467
0.0434433,0.0346607,0.139773,12.2432,12.1103,16.4672
0.0440583,0.0266524,0.164559,11.1105,13.2104,16.4673
0.0440735,0.0152894,0.151261,11.4285,13.5267,16.4674
0.0448567,0.0268037,0.151428,10.4085,11.2041,16.4677
0.0471914,0.000568972,0.163612,7.04038,12.418,16.468
0.0446863,0.047514,0.164606,10.6995,12.0694,16.4687
0.0455448,0.0289804,0.148565,9.03532,11.778,16.4688
0.0439818,0.0602581,0.14896,11.9717,12.1109,16.4688
0.0454067,0.0268715,0.164159,9.25092,12.3794,16.4689
0.0441192,0.061484,0.150918,11.6405,11.2808,16.469
0.0447578,0.00957624,0.134324,10.4163,12.947,16.469
0.0434495,0.0304235,0.140807,12.852,12.8205,16.469
0.0469049,0.013777,0.162576,7.89714,12.1341,16.4694
0.0453722,0.0302656,0.150385,9.81727,12.8015,16.4699
0.0455309,0.0440316,0.164048,9.53593,11.2974,16.47
0.0447609,0.018026,0.159142,10.5003,12.6891,16.4701
0.0461372,0.0251205,0.153674,8.56941,12.5885,16.4702
0.0433433,0.0442763,0.159399,12.4189,13.9505,16.4706
0.0471596,0.00406908,0.161269,7.24024,12.3965,16.4706
0.0447686,0.0361953,0.1428,10.0057,12.5287,16.4707
0.0443279,0.00131028,0.126425,11.4386,11.3241,16.4707
0.0449567,0.00320042,0.145598,10.8064,12.0112,16.471
0.0432773,0.0566185,0.162993,12.1282,13.412,16.4712
0.0435728,0.00753903,0.13645,12.7701,12.9938,16.4713
0.0454522,0.0043607,0.136888,9.69155,12.0759,16.4713
0.0433393,0.0349076,0.159259,12.5374,13.2609,16.4714
0.0433219,0.0529252,0.161562,12.0835,13.8796,16.4715
0.044244,0.0142832,0.131108,11.1754,11.5939,16.4715
0.0469142,0.0101683,0.158542,7.83921,12.0506,16.4716
0.0446402,0.0607827,0.15871,10.6009,12.637,16.472
0.0453495,0.0390766,0.16199,9.95125,12.6235,16.4721
0.0453511,0.0523393,0.161933,9.29311,12.2101,16.4721
0.0461459,0.00940296,0.158999,8.17108,12.636,16.4726
0.0441528,0.0344006,0.156407,11.7706,12.985,16.4729
0.0461213,0.0169609,0.158886,8.48793,12.7298,16.4729
0.0455883,0.0438838,0.155922,9.19345,11.2167,16.473
0.0449062,0.0148578,0.143746,10.2322,12.697,16.473
0.0469279,0.0187188,0.163355,7.24194,12.1908,16.4733
0.0439905,0.0594515,0.155567,11.0265,12.5476,16.4734
0.0478575,0.00152124,0.164097,6.82748,12.9815,16.4736
0.0433432,0.0309589,0.157745,12.1238,13.0145,16.4736
0.0439697,0.0210411,0.164724,11.4716,13.0693,16.4736
0.0471167,0.0122825,0.165857,7.57302,12.4813,16.4737
0.0455934,0.0404991,0.151308,9.51963,11.8615,16.4738
0.0436466,0.00463688,0.133162,12.1721,11.3285,16.4743
0.0461667,0.00222579,0.158396,8.88862,12.8935,16.4746
0.0450533,0.0145744,0.148357,10.1124,11.6389,16.4749
0.045403,0.0532216,0.157752,9.6853,12.384,16.4749
0.0434548,0.0417808,0.146421,12.3901,12.4078,16.4749
0.0442282,0.0301911,0.132671,11.2729,11.8917,16.475
0.0433165,0.0549116,0.159933,12.5675,13.8785,16.4754
0.0455162,0.00514314,0.165457,9.67408,13.3306,16.4755
0.0450773,0.0149587,0.145212,10.1031,11.1586,16.4755
0.0455881,0.0222993,0.140203,9.36969,11.1716,16.4755
0.0457141,0.00937606,0.164993,9.70448,12.7658,16.4756
0.0463347,0.0242117,0.151813,8.40831,11.7234,16.4757
0.0439951,0.0714465,0.155735,11.2904,12.9767,16.4761
0.0441362,0.010116,0.131962,11.1979,12.8217,16.4761
0.0441825,0.0116773,0.153221,11.1519,12.2802,16.4762
0.0448963,0.0323567,0.163071,10.5482,12.3184,16.4765
0.0441208,0.0645038,0.145924,11.9337,11.8712,16.4766
0.0440054,0.0485098,0.150387,11.5445,12.0355,16.4772
0.0461969,0.0368799,0.159452,8.28138,12.786,16.4772
0.0446826,0.0300775,0.147942,10.3594,12.1442,16.4776
0.0434558,0.0247225,0.14114,12.2531,12.7174,16.4776
0.043531,0.0103251,0.141136,12.407,12.7565,16.4778
0.0446933,0.0438897,0.164704,10.4577,12.3218,16.478
0.0446782,0.0192354,0.159029,10.4773,13.8916,16.4784
0.0454739,0.0380404,0.150657,9.65742,12.9199,16.4788
0.0454237,0.0283877,0.142551,9.23543,12.7252,16.479
0.0464003,0.0264626,0.158417,8.09715,11.2757,16.4793
0.0447388,0.0359442,0.164999,10.3918,12.6121,16.4794
0.0456302,0.040848,0.154763,9.23837,11.617,16.4798
0.0447045,0.0218031,0.147997,10.5136,12.8541,16.4799
0.0461234,0.012627,0.150431,8.63199,12.0024,16.48
0.0453761,0.0256709,0.149136,9.55908,12.4186,16.4802
0.04615,0.0141558,0.145062,8.22287,12.0876,16.4805
0.0447152,0.0178718,0.140451,10.8441,12.5354,16.4805
0.0441991,0.0351424,0.133647,11.6204,11.3862,16.4805
0.0449698,0.00491426,0.151123,10.1098,12.162,16.4806
0.0442208,0.0139632,0.140211,11.1319,12.5351,16.4806
0.0446493,0.0472216,0.146997,10.6242,12.4675,16.4809
0.0441027,0.00156317,0.136914,11.3354,12.812,16.4811
0.0448455,0.056094,0.150587,10.3721,11.0212,16.4813
0.0447442,0.0126969,0.155945,10.4049,13.5187,16.4814
0.0434429,0.0141411,0.13267,12.2505,12.485,16.4815
0.0447546,0.010047,0.132782,10.6449,12.1628,16.4815
0.0436652,0.0228511,0.133658,12.0602,11.6161,16.4817
0.0442208,0.0187923,0.156126,11.1568,12.2287,16.4822
0.0463778,0.0241122,0.151436,8.29677,11.3709,16.4824
0.0455503,0.0217777,0.147113,9.38978,11.4374,16.4824
0.0442692,0.0391339,0.138673,11.8343,11.7966,16.4824
0.0441639,0.0347925,0.14972,11.7032,12.0625,16.4825
0.0441121,0.00871514,0.151286,11.9457,13.7284,16.4825
0.0436598,0.0110654,0.135646,12.0322,11.1115,16.4827
0.0440115,0.0540035,0.158278,11.276,12.1836,16.4827
0.0434386,0.0295292,0.141345,12.6054,12.2796,16.4829
0.0450141,0.00227368,0.127887,10.5309,11.836,16.4831
0.044707,0.0605465,0.155277,10.3645,12.5912,16.4834
0.0461036,0.0295397,0.157973,8.34626,12.5979,16.4834
0.0447413,0.00814543,0.138446,10.9193,12.967,16.4835
0.0454267,0.0247654,0.140478,9.88422,12.2139,16.4841
0.0433518,0.0450282,0.159256,12.4518,13.3434,16.4841
0.0434055,0.0275935,0.134226,12.6663,12.1563,16.4844
0.0454242,0.0141206,0.135717,9.00933,12.1683,16.4849
0.044323,0.0275741,0.1445,11.182,11.9412,16.4851
0.0441904,0.0345879,0.14774,11.986,11.3407,16.4857
0.04397,0.0551441,0.146486,11.4353,12.7934,16.4863
0.0450134,0.00410215,0.128452,10.2005,11.6481,16.4864
0.0448926,0.0126688,0.136965,10.7751,11.8384,16.4865
0.0478672,0.00329132,0.165605,6.17346,12.5991,16.4865
0.0441556,0.0489424,0.138605,11.9662,11.5194,16.4865
0.0434231,0.0518684,0.149521,12.8314,12.7743,16.4866
0.0441424,0.0511908,0.164666,11.4918,12.6088,16.4868
0.0434873,0.0637154,0.1415,12.7809,11.8708,16.4872
0.0447566,0.00462138,0.133004,10.3888,12.9186,16.4872
0.044178,0.0629563,0.150728,11.0213,11.0652,16.4874
0.0441591,0.048163,0.151424,11.7426,11.8495,16.4874
0.043274,0.0487157,0.166316,12.7943,13.9016,16.4874
0.0453829,0.0309578,0.145347,9.00744,12.5176,16.4874
0.0433236,0.0570662,0.164248,12.1303,13.7292,16.4875
0.0447725,0.052913,0.1585,10.3428,12.8412,16.4878
0.0442647,0.045607,0.146316,11.227,11.3164,16.4878
0.0446447,0.0109232,0.166225,10.221,13.9536,16.488
0.0441748,0.0354498,0.16043,11.3284,12.6417,16.4881
0.0434815,0.00544248,0.132872,12.3183,12.4867,16.4887
0.0441235,0.0593305,0.153509,11.058,11.5966,16.489
0.0432662,0.0554299,0.157022,12.8123,13.2474,16.4894
0.0439607,0.0201885,0.161806,11.0748,13.5814,16.4895
0.0446089,0.0563414,0.15486,10.585,12.4289,16.4895
0.0440192,0.0708937,0.159113,11.3393,12.2292,16.4898
0.0448487,0.00330875,0.165876,10.056,13.222,16.4898
0.0447466,0.0445979,0.145042,10.8792,12.4197,16.4898
0.0443503,0.00940593,0.128879,11.5187,11.3243,16.4901
0.0436446,0.0318057,0.137209,12.3089,11.0093,16.4903
0.0461521,0.00182058,0.148231,8.94084,12.2708,16.4904
0.044061,0.00140003,0.163253,11.0936,13.4364,16.4909
0.0438839,0.0622335,0.161882,11.2211,13.1101,16.491
0.0455924,0.00804932,0.134462,9.43819,11.6767,16.4911
0.0447204,0.0161981,0.150077,10.5065,12.7267,16.4911
0.045466,0.00767333,0.13289,9.68779,12.7277,16.4912
0.0442278,0.0215058,0.160028,11.3705,12.2933,16.492
0.0441898,0.0294046,0.159983,11.3192,12.7691,16.4921
0.0441577,0.0665017,0.148722,11.6846,11.891,16.4922
0.0433036,0.047839,0.15224,12.5945,13.7395,16.4922
0.0446834,0.0333316,0.15449,10.278,12.0392,16.4922
0.0461437,0.0405254,0.159747,8.6502,12.7469,16.4924
0.0472404,0.00096724,0.148606,7.34319,11.1995,16.4925
0.0434061,0.0397257,0.142999,12.7619,12.9434,16.4925
0.0439567,0.0739219,0.158945,11.3393,12.7374,16.4927
0.0439567,0.079368,0.16244,11.024,12.2912,16.4928
0.0439772,0.047508,0.14402,11.0468,12.4808,16.4928
0.0456105,0.0362988,0.146694,9.21151,11.447,16.4931
0.0439584,0.0724888,0.153925,11.1759,12.1641,16.4934
0.0434114,0.0076351,0.146828,12.3448,13.4054,16.4934
0.0449503,0.00451475,0.126417,10.5702,11.0773,16.4934
0.0455596,0.0347343,0.16165,9.94146,12.4418,16.4936
0.0447831,0.0505437,0.152516,10.9269,11.4894,16.4937
0.0446838,0.0381944,0.161677,10.6247,13.3783,16.4939
0.0442014,0.029882,0.161739,11.5852,12.0216,16.4943
0.0453845,0.0388854,0.146499,9.51059,12.8355,16.4945
0.0442454,0.000204947,0.155735,11.4534,12.9652,16.4947
0.044324,0.00961956,0.126872,11.1694,11.8727,16.4947
0.0434866,0.0669659,0.140035,12.562,11.4844,16.4948
0.0434281,0.00291426,0.149988,12.7492,13.6744,16.4952
0.044031,0.0294346,0.153268,11.646,13.9121,16.4953
0.0460995,0.0201794,0.162448,8.57976,12.9928,16.4953
0.0455809,0.0323764,0.142745,9.53892,11.867,16.4954
0.0442759,0.0258783,0.147062,11.9599,11.3374,16.4958
0.044279,0.00362107,0.145436,11.7102,12.6572,16.4958
0.04419,0.0592529,0.144576,11.4665,11.4089,16.4958
0.0441359,0.0305825,0.159358,11.7975,12.5903,16.4959
0.0434199,0.0189031,0.148224,12.6707,13.9051,16.496
0.046146,0.0012938,0.14141,8.43379,12.2714,16.4961
0.0442303,0.0185789,0.146114,11.2335,11.1428,16.4965
0.0442605,0.0188672,0.16495,11.5019,12.9407,16.4967
0.0441156,0.0170895,0.16467,11.3747,13.9245,16.4967
0.0446966,0.0214222,0.141712,10.3553,12.7996,16.4968
0.0448337,0.0153328,0.166591,10.6381,12.1172,16.4968
0.0439174,0.0389397,0.159122,11.7989,13.4837,16.4972
0.0461515,0.000560272,0.14781,8.39301,12.2104,16.4974
0.0442435,0.00549983,0.141411,11.704,11.1169,16.498
0.043384,0.0163709,0.145947,12.7534,13.4271,16.4981
0.0434118,0.0593237,0.147329,12.4948,12.7701,16.4983
0.045562,0.0205633,0.140189,9.79176,11.343,16.4984
0.046288,0.0122648,0.158557,8.27445,11.0973,16.4985
0.0455347,0.0467687,0.165286,9.37964,11.5663,16.4986
0.0439679,0.058218,0.152064,11.1903,12.5047,16.4987
0.0454046,0.0128472,0.148044,9.57195,12.7009,16.4988
0.0457203,0.00565602,0.157494,9.18068,11.2395,16.4989
0.0449072,0.0222561,0.15063,10.7922,12.4744,16.499
0.0442209,0.0317008,0.16503,11.1356,12.7262,16.499
0.0464914,0.00630675,0.162662,8.00321,11.7301,16.4991
0.043999,0.0565534,0.159553,11.25,12.0877,16.4991
0.0455671,0.0197252,0.13892,9.03136,11.9341,16.4995
0.0446448,0.0226731,0.16124,10.7437,13.9861,16.4997
0.0455808,0.0153354,0.135742,9.54449,11.4422,16.4997
0.0433027,0.0371595,0.163976,12.911,13.7029,16.4999
0.0446157,0.0630694,0.162873,10.2484,12.9401,16.5
0.0464179,0.00513346,0.157158,8.02782,12.0095,16.5002
0.0448671,0.0172409,0.148978,10.1918,11.6799,16.5003
0.0442087,0.0180655,0.138322,11.7415,12.9093,16.5003
0.0454736,0.049593,0.163586,9.53408,12.3287,16.5006
0.0439637,0.0739874,0.153133,11.2855,12.0857,16.5008
0.0463364,0.0266016,0.151006,8.47647,11.461,16.5011
0.0454184,0.00551993,0.161997,9.38896,13.4008,16.5012
0.0439012,0.0716842,0.163574,11.1665,13.013,16.5014
0.0462587,0.00501304,0.140181,8.90484,12.4942,16.5015
0.0440414,0.0294644,0.153354,11.4479,13.4763,16.5015
0.044116,0.0134754,0.15731,11.6835,13.4785,16.5016
0.0433531,0.0694596,0.150406,12.5051,12.0468,16.5019
0.04537,0.0245167,0.145951,9.09972,12.112,16.5019
0.0434453,0.0284144,0.148113,12.2437,12.42,16.502
0.0440621,0.0283321,0.157548,11.1249,13.302,16.5024
0.0442332,0.00708148,0.160523,11.3592,12.6568,16.5029
0.0435229,0.0439561,0.134271,12.8042,11.5492,16.5035
0.0453871,0.028485,0.141063,9.75163,12.2028,16.5036
0.0460691,0.0330951,0.160748,8.91707,12.6066,16.5039
0.0448492,0.0239021,0.14804,10.5822,11.654,16.5041
0.0443022,0.00197132,0.153685,11.3163,12.791,16.5043
0.0433704,0.0577523,0.143733,12.4608,12.4542,16.5044
0.0446982,0.0203449,0.139233,10.8714,12.0175,16.5046
0.0434163,0.0243095,0.131406,12.6816,12.2761,16.5047
0.0447472,0.0270429,0.13623,10.6622,12.0336,16.5049
0.0446264,0.0446132,0.152087,10.5431,12.7515,16.5055
0.0441694,0.0301179,0.140341,11.4751,12.45,16.5055
0.0471408,0.0163093,0.166524,7.95778,11.0693,16.5058
0.0434917,0.00225184,0.134675,12.0109,12.6287,16.5059
0.0441397,0.00223875,0.164329,11.7738,13.3268,16.506
0.0455997,0.038159,0.146466,9.17315,11.0937,16.5063
0.0442301,0.0125131,0.130419,11.7477,11.5254,16.5065
0.0478666,0.00398263,0.164924,6.56692,12.1494,16.5065
0.0441097,0.0630897,0.144357,11.3967,11.7599,16.5071
0.0430655,0.000905344,0.122245,13.2798,11.9973,16.5073
0.04402,0.00813555,0.166402,11.3335,13.2848,16.5076
0.0443419,0.00211487,0.143742,11.3522,11.2183,16.5077
0.0446839,0.0135037,0.156882,10.58,13.1133,16.5078
0.0471726,0.000642195,0.142226,7.32558,11.3324,16.5078
0.0433244,0.0795431,0.156929,12.0463,12.7402,16.5079
0.0432158,0.0738695,0.161974,12.5499,13.5238,16.5082
0.0446495,0.0455949,0.158634,10.0003,12.4087,16.5082
0.0447723,0.0529398,0.162358,10.2401,11.2965,16.5083
0.0441683,0.0338812,0.140113,11.2136,11.7838,16.5084
0.0447378,0.0520917,0.148599,10.477,12.4782,16.5084
0.0434893,0.0186777,0.146598,12.9006,12.1377,16.5084
0.0448639,0.0373481,0.137165,10.516,11.3448,16.5086
0.044165,0.0273414,0.162463,11.872,12.1665,16.5088
0.0440731,0.022241,0.152325,11.8773,13.2168,16.5088
0.0454897,0.0446868,0.15675,9.42886,12.2217,16.5091
0.043971,0.0475498,0.156621,11.7011,13.4746,16.5095
0.0438776,0.0527606,0.160808,11.099,13.921,16.5097
0.0433085,0.064838,0.164785,12.778,13.4015,16.5098
0.0449113,0.012608,0.127351,10.3822,11.3937,16.5103
0.0461209,0.0391214,0.158214,8.74451,12.0197,16.5103
0.0454186,0.0134495,0.162319,9.9585,12.4795,16.5105
0.0457412,0.0243737,0.149038,9.15176,11.8339,16.5105
0.0433657,0.0156175,0.149465,12.1902,13.781,16.5107
0.0434609,0.0517543,0.151208,12.6472,12.0448,16.5108
0.0433916,0.0679293,0.150651,12.6349,12.5503,16.5108
0.0446257,0.0707994,0.161131,10.535,12.6049,16.5111
0.0443044,0.00489612,0.124939,11.558,11.1989,16.5111
0.0440388,0.0205962,0.142432,11.5602,12.8701,16.5112
0.0434379,0.0557769,0.14898,12.1599,12.5781,16.5115
0.0441285,0.00733846,0.152707,11.7768,12.114,16.5118
0.0462627,0.0214636,0.162714,8.71719,11.3236,16.512
0.0426271,0.0694957,0.161776,13.4406,13.1121,16.5124
0.0434383,0.0296421,0.148948,12.6876,12.3024,16.5124
0.0455287,0.0235048,0.152027,9.29998,11.4834,16.5125
0.0441919,0.0239882,0.14101,11.4988,11.4616,16.5126
0.0453652,0.0242736,0.144469,9.08992,12.9385,16.5127
0.0455832,0.013673,0.161311,9.19796,11.3675,16.5128
0.0435006,0.0419948,0.151431,12.4127,12.3299,16.5131
0.0439723,0.0651294,0.162101,11.3973,12.2503,16.5132
0.0437273,0.000227647,0.124541,12.132,11.3509,16.5132
0.046248,0.0347903,0.160728,8.6337,12.9676,16.5135
0.0434324,0.0172434,0.149048,12.1278,13.981,16.514
0.0461206,0.0240646,0.148394,8.41977,12.3555,16.5141
0.0477917,0.00249024,0.162112,6.63092,12.1119,16.5142
0.0462839,0.010845,0.143949,8.99227,11.2122,16.5143
0.0434182,0.0590338,0.154395,12.6949,12.8966,16.5144
0.0440844,0.067344,0.155506,11.8938,11.1359,16.5145
0.0441849,0.0281237,0.134165,11.3706,11.067,16.5146
0.0433504,0.0574299,0.141489,12.6335,12.0369,16.5146
0.0440245,0.0247183,0.139718,11.4566,12.6886,16.5147
0.0462756,0.0132571,0.14705,8.64233,11.9694,16.5147
0.0447046,0.0155578,0.143956,10.1921,12.1385,16.5147
0.0433394,0.0332413,0.147075,12.5678,13.8652,16.5152
0.0463852,0.0300766,0.162335,8.38694,11.9808,16.5153
0.0433445,0.0557168,0.140804,12.9833,12.9286,16.5155
0.0433636,0.0264451,0.162705,12.951,13.6547,16.5157
0.0447429,0.0224185,0.133521,10.8372,12.4169,16.5158
0.0433348,0.0300435,0.163859,12.4973,13.4842,16.516
0.0433648,0.0174633,0.158331,12.3873,13.2779,16.5163
0.044772,0.0490137,0.161723,10.1039,11.9909,16.5163
0.0433111,0.0304378,0.155709,12.1797,13.6835,16.5164
0.0455385,0.0106913,0.13731,9.03116,12.2164,16.5166
0.0426387,0.0652049,0.162725,13.9842,13.7448,16.5168
0.0440706,0.0277777,0.157517,11.2282,13.2579,16.517
0.0446981,0.0167265,0.139421,10.8354,12.947,16.517
0.0432799,0.0557649,0.152566,12.6478,13.8293,16.5172
0.0441122,0.0601953,0.142782,11.5125,11.8249,16.5173
0.0427037,0.0557412,0.158256,13.3362,13.2651,16.5179
0.0442497,0.00292002,0.163274,11.343,12.3512,16.518
0.0434504,0.0558113,0.151775,12.7797,12.6284,16.5182
0.0461186,0.00930519,0.156267,8.05288,12.6022,16.5183
0.0442137,0.0135348,0.14523,11.3729,11.8683,16.5187
0.0425893,0.0945904,0.164123,13.9982,13.1515,16.5189
0.042725,0.0437069,0.150166,13.4053,13.51,16.5192
0.0439428,0.030685,0.155228,11.9496,13.1732,16.5192
0.0441646,0.0649567,0.145119,11.8712,11.6756,16.5194
0.0470979,0.016649,0.166315,7.33578,12.4817,16.5194
0.0460991,0.027485,0.151942,8.52922,12.6105,16.5195
0.0440367,0.0451268,0.137245,11.7609,12.7282,16.5195
0.0432752,0.0696146,0.159474,12.0459,13.2675,16.5195
0.0426855,0.0476821,0.148233,13.9723,13.9538,16.5195
0.0434297,0.0168332,0.145902,12.3054,13.3401,16.5196
0.0443157,0.00568985,0.144924,11.6216,11.0251,16.5198
0.046519,0.00292475,0.161985,8.42092,11.0507,16.5198
0.0446622,0.0349312,0.154914,10.052,12.6324,16.5199
0.0464222,0.000257075,0.149831,8.1432,12.1043,16.5199
0.0463343,0.0012725,0.164701,8.4421,11.2772,16.52
0.044897,0.00478523,0.142845,10.6685,11.716,16.5201
0.0445834,0.0641749,0.156583,10.2834,12.5955,16.5203
0.0428617,0.0368481,0.138839,13.7954,12.4299,16.5206
0.044765,0.0216032,0.133988,10.6333,12.7428,16.5206
0.0442761,0.0141847,0.126315,11.889,11.8083,16.5213
0.0448619,0.0502108,0.143222,10.6536,11.4615,16.5214
0.0469204,0.0236893,0.161897,7.80905,12.6284,16.5215
0.0464844,0.00274346,0.166395,8.466,12.0568,16.5217
0.0442387,0.0558554,0.145784,11.1918,11.0449,16.5218
0.0454241,0.00168413,0.148202,9.1175,12.2507,16.5219
0.0434688,0.0524748,0.15507,12.6575,12.0433,16.5221
0.0456683,0.00540338,0.12966,9.63937,11.649,16.5226
0.0457257,0.0189886,0.158364,9.23569,11.0662,16.5227
0.0463898,0.00265206,0.132989,8.75114,11.4722,16.5227
0.0435868,0.0118861,0.140938,12.5539,12.7978,16.5228
0.0439797,0.0642036,0.143232,11.8246,12.6264,16.5228
0.0435693,0.0513189,0.143393,12.0169,11.2404,16.5229
0.0435877,0.0132746,0.146034,12.3135,12.2185,16.5231
0.0441553,0.0525747,0.136985,11.4041,11.1961,16.5231
0.0441648,0.0328002,0.13996,11.268,11.3179,16.5233
0.0471726,0.0158177,0.165661,7.8793,11.0064,16.5234
0.0453266,0.037046,0.150088,9.01496,12.3075,16.5237
0.0436462,0.0230192,0.127081,12.8556,11.8607,16.5239
0.0453708,0.0202064,0.140547,9.89618,12.4329,16.524
0.0464033,0.0285527,0.163596,8.63806,11.0335,16.5241
0.0435635,0.0219851,0.146909,12.985,12.4644,16.5241
0.0433708,0.047802,0.146433,12.1853,12.1094,16.5242
0.0447131,0.0105704,0.141368,10.5007,12.8164,16.5242
0.0440999,0.00403919,0.145063,11.7101,12.1708,16.5246
0.045402,0.00822036,0.154647,9.02345,12.4135,16.5247
0.0433985,0.0420525,0.150835,12.5266,12.2976,16.5248
0.0462835,0.00229947,0.140591,8.58237,11.3087,16.525
0.0432139,0.0638784,0.15958,12.1615,13.7914,16.5252
0.0455906,0.0424084,0.163905,9.90517,11.6482,16.5254
0.0453056,0.042353,0.154565,9.08049,12.6567,16.5254
0.0446234,0.0484863,0.157534,10.4438,12.2905,16.5255
0.0442702,0.0162979,0.152781,11.3927,12.7959,16.5257
0.0449657,0.0258715,0.165045,10.0254,12.8249,16.5257
0.0457186,0.0115305,0.163624,9.39467,12.6489,16.526
0.0436651,0.00904135,0.123723,12.2715,11.3793,16.5262
0.043887,0.0428272,0.16008,11.1706,13.2882,16.5262
0.0439829,0.0501056,0.152827,11.9051,12.9407,16.5264
0.0468707,0.0111139,0.154483,7.69312,12.8634,16.5264
0.0447459,0.0198449,0.164543,10.3138,12.7376,16.5264
0.0447056,0.0389916,0.138849,10.9088,12.3516,16.5265
0.0433297,0.0523258,0.139318,12.9105,12.2553,16.5265
0.0458076,0.00633418,0.153678,9.54618,11.8031,16.5268
0.0453866,0.0141729,0.134015,9.16777,12.2814,16.5268
0.0460424,0.0364411,0.165836,8.24267,12.9975,16.5269
0.0427311,0.0379678,0.148697,13.6977,13.5659,16.5276
0.0435965,0.010091,0.146359,12.2874,12.2031,16.5279
0.0428034,0.0541706,0.141251,13.6113,12.0889,16.5279
0.0454318,0.0116628,0.159818,9.58024,13.0797,16.5283
0.0441745,0.037114,0.149284,11.2739,12.2828,16.5284
0.0432195,0.0914042,0.165605,12.6149,13.9629,16.5284
0.042602,0.0785412,0.158199,13.326,13.293,16.5285
0.0447805,0.0274136,0.137013,10.9341,12.0932,16.5287
0.0440479,0.0168608,0.144302,11.6231,12.804,16.5289
0.0433165,0.0681926,0.144654,12.6777,12.8636,16.529
0.046294,0.00106304,0.145998,8.00482,11.5334,16.529
0.042637,0.060744,0.154935,13.6457,13.4778,16.5291
0.0434389,0.0616105,0.153414,12.6321,12.4208,16.5292
0.0429101,0.0123799,0.129521,13.113,12.8348,16.5292
0.0454768,0.0542246,0.161179,9.97665,11.3634,16.5293
0.0454106,0.00475537,0.160673,9.44719,13.9694,16.5293
0.0426856,0.0661085,0.163235,13.0161,13.3816,16.5293
0.0433744,0.0173472,0.160812,12.6184,13.6565,16.5295
0.0434216,0.0628256,0.147643,12.9426,12.3852,16.5295
0.0434308,0.0232046,0.160533,12.3264,13.744,16.5296
0.0426896,0.04361,0.150813,13.6946,13.4889,16.5298
0.0433026,0.0294342,0.153691,12.8247,13.4379,16.5298
0.043574,0.0118818,0.132635,12.0453,12.7317,16.5298
0.0441606,0.036087,0.134664,11.5247,11.4219,16.5298
0.0456999,0.0141527,0.162601,9.34089,12.0799,16.5298
0.0427,0.055217,0.164084,13.7136,13.7421,16.5299
0.0453637,0.0211559,0.154029,9.06395,12.311,16.5299
0.0464172,0.0113515,0.140054,8.14373,11.6396,16.5299
0.044042,0.0145281,0.13988,11.4802,12.851,16.5303
0.0449412,0.000531495,0.12191,10.8176,11.7839,16.5303
0.0437114,0.0170453,0.131777,12.5993,11.4546,16.5303
0.0436282,0.00325127,0.135441,12.0119,11.0854,16.5306
0.0468592,0.00726796,0.157928,7.48573,12.5858,16.5306
0.0434616,0.0344567,0.152891,12.8537,12.5803,16.5307
0.0447253,0.0512846,0.146143,10.312,12.4153,16.5308
0.0445655,0.0546212,0.165068,10.3658,13.4619,16.5308
0.0455312,0.0253276,0.164522,9.98192,11.1144,16.5309
0.0450424,0.00538579,0.160297,10.8594,12.0592,16.531
0.0454825,0.0382364,0.162011,9.1246,11.2121,16.531
0.0441571,0.00409645,0.153175,11.8775,13.8153,16.531
0.0462845,0.0192546,0.147203,8.69276,11.8701,16.531
0.0455512,0.0131199,0.14869,9.10391,11.6785,16.531
0.044649,0.0689945,0.1538,10.0498,12.9456,16.531
0.0432109,0.0611067,0.156462,12.411,13.3533,16.5312
0.0464631,0.0191265,0.15256,8.38398,11.1879,16.5312
0.0461391,0.0431232,0.158972,8.97337,12.1631,16.5313
0.0446499,0.00539766,0.163654,10.0074,13.1664,16.5313
0.0442629,0.00244416,0.145725,11.6359,11.0953,16.5315
0.0468847,0.00499868,0.149808,7.33059,12.1589,16.5319
0.0433504,0.0628834,0.140609,12.8685,12.502,16.532
0.0463976,0.030091,0.162078,8.67668,11.1631,16.5321
0.0432416,0.0496449,0.164952,12.0765,13.9532,16.5322
0.0470565,0.0128295,0.158429,7.54072,11.4688,16.5326
0.0450819,0.00300803,0.120911,10.1642,10.6259,16.5327
0.0447807,0.0629567,0.151614,10.4939,11.2013,16.5327
0.0433062,0.0638762,0.140919,12.0244,12.8962,16.533
0.0460674,0.0222135,0.157644,8.86903,12.1248,16.5334
0.0448731,0.0109192,0.13159,10.6384,11.9536,16.5334
0.0435857,0.0517015,0.136834,12.3011,11.4818,16.5336
0.0446271,0.0390992,0.147505,10.1294,12.2208,16.5336
0.0433738,0.0513061,0.152818,12.792,12.4446,16.5337
0.0427922,0.028668,0.129042,13.6532,12.4867,16.5337
0.0453964,0.0187821,0.164035,9.02502,12.2535,16.5338
0.0432912,0.0394255,0.147513,12.7943,13.2587,16.5339
0.0460855,0.0473359,0.165513,8.76562,12.8296,16.534
0.0447385,0.0676396,0.164247,10.465,11.4562,16.534
0.0431792,0.0758303,0.163317,12.5919,13.4021,16.534
0.0441495,0.0339678,0.138055,11.4709,12.1061,16.5341
0.0433241,0.0870185,0.161762,12.8276,12.6984,16.5342
0.0471082,0.000797381,0.141704,7.98109,11.5716,16.5342
0.0455815,0.000250806,0.124496,9.92516,11.1541,16.5343
0.0433638,0.0755242,0.148095,12.2031,12.5888,16.5344
0.0434379,0.0218488,0.152582,12.3563,13.195,16.5346
0.0453619,0.0267563,0.164003,9.70895,13.7251,16.5346
0.0447309,0.0722275,0.163626,10.6132,11.2871,16.5348
0.0468696,0.00219876,0.157308,7.34414,12.3404,16.5348
0.0427907,0.0340542,0.131364,13.202,12.9665,16.5349
0.0450566,0.00539883,0.119182,10.7876,10.9096,16.5351
0.0435055,0.00970538,0.146664,12.5518,12.6512,16.5356
0.0440785,0.00434363,0.125829,11.7981,12.6661,16.5357
0.0468648,0.003719,0.151142,7.02567,12.8773,16.5358
0.044127,0.00938987,0.127905,11.5028,12.7673,16.5359
0.0433279,0.0575299,0.158296,12.3412,13.8741,16.536
0.0428539,0.0198854,0.128724,13.3449,12.4998,16.536
0.0463109,0.0152477,0.141168,8.14592,11.9954,16.5361
0.0434306,0.00325961,0.156679,12.0573,13.6584,16.5361
0.0447195,0.00826278,0.1291,10.3846,12.9765,16.5367
0.0441745,0.0285331,0.133181,11.8295,11.4585,16.5367
0.0433976,0.014296,0.161443,12.8824,13.2646,16.5367
0.0455539,0.00637708,0.134283,9.95632,11.2802,16.5368
0.045011,0.0218057,0.136433,10.9898,11.567,16.5369
0.0433797,0.0339415,0.140106,12.3641,12.9264,16.5371
0.0440401,0.0313108,0.132319,11.4685,12.2663,16.5373
0.0455289,0.0548986,0.164035,9.98301,11.609,16.5377
0.0448791,0.0232348,0.140313,10.2255,12.5252,16.5378
0.0453711,0.016611,0.156332,9.86683,12.4407,16.538
0.0434462,0.0267926,0.163134,12.5981,13.7161,16.5382
0.0433132,0.0249365,0.161401,12.8047,13.1262,16.5384
0.045311,0.0402519,0.150827,9.67455,12.4621,16.5386
0.0441249,0.0548961,0.155681,11.2786,12.4864,16.5388
0.044059,0.0383866,0.163893,11.4383,13.8347,16.539
0.0434343,0.0200256,0.164524,12.4783,13.4643,16.5391
0.0435705,0.032696,0.163568,12.9966,12.3059,16.5391
0.0433953,0.0758927,0.159116,12.3866,12.569,16.5391
0.0433006,0.0459745,0.148669,12.4271,13.8277,16.5395
0.0469165,0.0285338,0.165914,7.19119,12.9287,16.5395
0.0435466,0.0272618,0.143754,12.0076,12.7717,16.5396
0.0435003,0.0476804,0.158877,12.1259,12.5776,16.5397
0.0455468,0.00238658,0.162905,9.02287,13.567,16.5397
0.0462636,0.0212826,0.149332,8.81902,11.5113,16.5398
0.0458162,0.010001,0.145781,9.96351,11.8851,16.5398
0.0442249,0.00492557,0.140414,11.0669,11.4346,16.5398
0.0433863,0.0609237,0.140433,12.118,12.0941,16.5402
0.0454353,0.00403917,0.160887,9.60476,12.675,16.5404
0.0447635,0.00110538,0.124286,10.1348,12.0598,16.5405
0.0472884,0.000711071,0.151848,7.68028,11.8894,16.5405
0.0469019,0.00439471,0.148026,7.77993,12.4105,16.5406
0.0441814,0.0533741,0.166003,11.8501,12.2201,16.5407
0.0457284,0.0218683,0.144138,9.28809,11.9021,16.5407
0.0435442,0.0243055,0.154843,12.074,12.4652,16.5408
0.0442007,0.0152682,0.132856,11.728,12.0248,16.5409
0.0468596,0.00479733,0.159293,7.56152,12.1918,16.5409
0.0454657,0.0100411,0.159536,9.15642,13.4872,16.5409
0.0453964,0.00686038,0.15396,9.88286,12.4619,16.5409
0.0450574,0.0107716,0.165076,10.1844,12.9534,16.541
0.0455576,0.0247299,0.136636,9.19515,11.989,16.5411
0.046119,0.025371,0.145105,8.18417,12.4888,16.5413
0.0434692,0.00567215,0.146148,12.2597,13.2229,16.5414
0.0463029,0.0225469,0.152798,8.68843,12.6406,16.5415
0.0455107,0.00104311,0.158849,9.0364,13.524,16.5416
0.0453977,0.0232368,0.134196,9.40936,12.7358,16.5416
0.0429573,0.0325103,0.130368,13.2095,11.206,16.5417
0.0442033,0.0317251,0.149988,11.7745,12.3253,16.5418
0.0434347,0.0333498,0.152602,12.0666,12.2632,16.5418
0.0434667,0.00503923,0.136686,12.9916,12.1668,16.5418
0.0432081,0.0623088,0.16545,12.6424,13.3744,16.5418
0.0447207,0.0585999,0.150566,10.8365,12.9673,16.5419
0.0440055,0.0299632,0.134299,11.8236,12.4043,16.542
0.0440731,0.000394868,0.128788,11.0873,12.1272,16.542
0.0445908,0.0504546,0.154052,10.6656,12.4273,16.5421
0.0419955,0.0931603,0.15885,14.1476,13.0005,16.5423
0.0434409,0.0574162,0.159107,12.3871,12.8396,16.5423
0.0435944,0.0250944,0.141618,12.9516,11.7557,16.5425
0.0434493,0.0672662,0.13883,12.9709,11.5691,16.5427
0.0477995,0.00398418,0.161001,6.93069,12.3295,16.5428
0.0435159,0.0290495,0.15501,12.2077,12.2128,16.5428
0.0434522,0.0502427,0.15759,12.3142,12.6861,16.543
0.0436438,0.00825441,0.139341,12.2464,11.2137,16.5435
0.0448475,0.023918,0.130967,10.9911,11.1466,16.5435
0.0434849,0.00656948,0.143743,12.9965,12.1047,16.5436
0.0449999,0.0270715,0.152787,10.1519,11.2872,16.5436
0.0446571,0.0320402,0.134639,10.54,12.3645,16.5438
0.0447009,0.0360563,0.136329,10.9239,12.0082,16.5439
0.0433601,0.0148231,0.16082,12.6057,13.3243,16.5439
0.0448287,0.00661469,0.166301,10.7091,12.4758,16.544
0.0454847,0.0364792,0.150806,9.21325,11.6897,16.5442
0.0461194,0.00497519,0.15771,8.13632,12.7159,16.5442
0.0434079,0.0422604,0.164573,12.8418,13.089,16.5444
0.0434435,0.0190129,0.164002,12.5141,13.6575,16.5445
0.0435763,0.0195957,0.125598,12.5118,11.8874,16.5446
0.0448967,0.0227708,0.14465,10.4697,12.437,16.5447
0.0440199,0.0329979,0.15205,11.9715,13.6591,16.5449
0.0442564,0.00615588,0.122627,11.7771,11.4215,16.5449
0.0434058,0.0665554,0.161198,12.45,12.4237,16.5449
0.0446887,0.0182879,0.131717,10.9194,12.1365,16.545
0.0443638,0.00308817,0.164981,11.0608,12.8229,16.5451
0.0455239,0.0187432,0.139484,9.75484,12.9163,16.5454
0.0454775,0.0498525,0.157184,9.53903,11.7613,16.5454
0.0445712,0.0564188,0.154231,10.34,12.4003,16.5454
0.0431757,0.0707516,0.159798,12.1812,13.9801,16.5458
0.0441029,0.0153286,0.15715,11.2715,12.6854,16.5459
0.0468407,0.0127822,0.162876,7.98309,12.6217,16.5459
0.0440015,0.0371724,0.150225,11.1777,12.2524,16.5462
0.043556,0.0299452,0.161827,12.0858,12.852,16.5462
0.0447389,0.0110803,0.158654,10.4217,12.0846,16.5463
0.0457256,0.000763712,0.12302,9.64004,10.0578,16.5463
0.0431538,0.0948607,0.16503,12.3184,13.8618,16.5465
0.0434072,0.0392708,0.160224,12.7402,13.943,16.5465
0.0434542,0.0100928,0.157923,12.3761,13.8236,16.5465
0.0453932,0.000223875,0.135019,9.69571,12.9483,16.5465
0.0441682,0.00249153,0.126574,11.4233,12.5853,16.5466
0.0478504,0.002709,0.159972,6.62879,12.7072,16.5466
0.0448663,0.0318704,0.13246,10.6407,11.7545,16.5466
0.0434535,0.0785766,0.140715,12.397,11.1203,16.5468
0.0448699,0.0103514,0.141932,10.8213,11.2717,16.5469
0.0448925,0.0222043,0.142393,10.0126,12.9708,16.547
0.043413,0.0189568,0.126792,12.3376,12.4311,16.5471
0.0425918,0.0748814,0.156793,13.1014,13.2224,16.5475
0.0434422,0.082704,0.143955,12.2113,11.3928,16.5475
0.0425623,0.0932761,0.16213,13.1167,13.863,16.5476
0.0433296,0.0803729,0.162768,12.5761,12.7306,16.5477
0.0433532,0.0828157,0.152747,12.5771,12.6856,16.5478
0.0455875,0.035229,0.141533,9.1317,11.966,16.5485
0.0427367,0.0426938,0.147806,13.2444,13.5764,16.5485
0.0433477,0.047701,0.143822,12.8046,12.139,16.5486
0.0446199,0.0413264,0.143039,10.6457,12.1602,16.5486
0.0432804,0.0914233,0.155259,12.3599,12.1053,16.5486
0.0434265,0.00398479,0.141752,12.2669,13.7455,16.5486
0.0433227,0.0531414,0.152632,12.7567,13.035,16.5489
0.0435629,0.0314547,0.15361,12.4805,12.6346,16.5491
0.0434807,0.0526591,0.161877,12.0879,12.6255,16.5492
0.0434545,0.0173773,0.149529,12.0255,13.6728,16.5495
0.0440797,0.0371746,0.164189,11.09,12.7002,16.5496
0.045598,0.00972745,0.139053,9.63346,12.951,16.5496
0.0454721,0.0233001,0.166342,9.22345,13.1982,16.5498
0.0426139,0.0841426,0.15797,13.0229,13.7262,16.5499
0.0442688,0.0192115,0.126074,11.5652,11.486,16.5499
0.0448442,0.0364568,0.147717,10.6252,12.7041,16.5501
0.0455032,0.0252686,0.144539,9.30055,11.7114,16.5503
0.0453392,0.0253082,0.15316,9.85435,12.4312,16.5503
0.0457531,0.0105264,0.127114,9.08085,10.9043,16.5503
0.0433674,0.0791723,0.165326,12.7601,12.7587,16.5504
0.0434553,0.0180187,0.162675,12.6047,13.1049,16.5505
0.042663,0.0457257,0.147613,13.744,13.2566,16.5506
0.0439732,0.0366615,0.139354,11.4755,12.2818,16.5506
0.0462393,0.039275,0.163548,8.28162,11.4943,16.5507
0.0455309,0.0139528,0.140479,9.38102,11.6464,16.5507
0.0463107,0.00795484,0.142919,8.96011,12.6013,16.5508
0.0435139,0.0223083,0.155071,12.4201,12.4577,16.5508
0.0426578,0.0635129,0.151117,13.1109,13.3964,16.5509
0.0448771,0.0492297,0.159155,10.5829,11.4211,16.551
0.0427945,0.0541339,0.146862,13.5116,12.8442,16.5514
0.04345,0.0243726,0.157261,12.3786,13.5391,16.5515
0.0441144,0.0512467,0.13823,11.2683,11.1862,16.5515
0.0455622,0.00507563,0.164668,9.68618,13.5384,16.5516
0.0435021,0.0303056,0.157728,12.9762,12.9758,16.5521
0.0440486,0.0249698,0.155476,11.1569,12.0146,16.5522
0.0434628,0.00205466,0.122927,12.8337,12.2823,16.5524
0.0462851,0.00835619,0.136067,8.04837,11.465,16.5524
0.0436111,0.00566073,0.151774,12.5516,12.9864,16.5525
0.0470963,0.00714181,0.146892,7.78039,11.9209,16.5526
0.0447958,0.00508292,0.127435,10.8552,12.8921,16.5527
0.043534,0.0463841,0.159844,12.4568,12.8945,16.5527
0.0436057,0.0102658,0.140074,12.2692,12.4249,16.5527
0.0433839,0.0263137,0.138292,12.4682,12.3804,16.5528
0.0448208,0.0595132,0.145517,10.6918,11.4234,16.5529
0.0462653,0.0307232,0.153825,8.38449,11.4688,16.5531
0.0446715,0.0252327,0.154922,10.2463,12.9989,16.5532
0.0419935,0.102272,0.166106,14.9384,13.1489,16.5535
0.0435531,0.0432118,0.162643,12.4837,12.1825,16.5536
0.0446961,0.00939143,0.131983,10.6836,12.4094,16.5536
0.043463,0.0258082,0.162553,12.5649,13.8507,16.5536
0.0453204,0.066299,0.164865,9.85291,12.6898,16.5538
0.0420784,0.0669505,0.153852,14.0099,13.8334,16.5538
0.043565,0.0483578,0.166438,12.668,12.3682,16.5539
0.0436026,0.0106027,0.156269,12.0872,12.6626,16.5547
0.0438619,0.0653081,0.15906,11.3872,13.7891,16.5548
0.0435653,0.00828301,0.150144,12.3288,12.4241,16.5549
0.0463036,0.0364649,0.159343,8.00503,11.0936,16.5549
0.043889,0.0807556,0.148826,11.1632,12.5355,16.5551
0.0472004,0.00755447,0.148069,7.363,11.9979,16.5552
0.0434236,0.0561338,0.161043,12.63,12.6347,16.5553
0.0440346,0.078472,0.155371,11.3223,11.8157,16.5553
0.0435564,0.0608994,0.13873,12.8115,11.3609,16.5554
0.0454539,0.0468581,0.165548,9.08087,11.6484,16.5555
0.0464307,0.00535982,0.135806,8.45369,11.7903,16.5556
0.0448812,0.0243621,0.141004,10.3301,12.8848,16.5557
0.0458344,0.000771389,0.139497,9.08181,11.0982,16.5557
0.0447988,0.0104243,0.166361,10.7828,12.4723,16.5557
0.0460545,0.0155072,0.144281,8.74217,12.0771,16.556
0.044048,0.0289966,0.151051,11.0153,13.8665,16.5561
0.0446101,0.0539601,0.142792,10.6407,12.5233,16.5566
0.0429165,0.00466203,0.135138,13.5044,12.6655,16.5566
0.0456955,0.00226726,0.145725,9.8339,12.6689,16.5568
0.0427346,0.042277,0.146892,13.3703,13.4894,16.5568
0.0447871,0.00924372,0.164561,10.808,12.4306,16.5569
0.0431973,0.0636294,0.165535,12.0772,13.3325,16.557
0.0429067,0.0287423,0.142359,13.738,12.753,16.5573
0.0435574,0.0224393,0.138071,12.8072,12.909,16.5573
0.0427746,0.0120512,0.145431,13.4572,13.5225,16.5574
0.045024,0.00904289,0.157899,10.4886,12.5423,16.5574
0.0426953,0.0409731,0.15989,13.4507,13.6517,16.5575
0.0439925,0.0596652,0.166426,11.8431,13.1441,16.5575
0.0425831,0.102821,0.165309,13.9068,13.6298,16.5576
0.0445438,0.0695701,0.158651,10.8306,12.4658,16.5579
0.0448572,0.0130974,0.139859,10.8464,11.2583,16.5579
0.0452988,0.0587444,0.158386,9.74191,12.2529,16.5579
0.0433331,0.0511429,0.144218,12.5122,12.6457,16.5583
0.0453689,0.0537551,0.151445,9.87751,12.3969,16.5583
0.0433663,0.0366307,0.129959,12.5768,12.2422,16.5585
0.0453644,0.0117502,0.134053,9.79623,12.0301,16.5586
0.0435587,0.0620602,0.143969,12.7973,11.4921,16.5587
0.044218,0.0295922,0.149414,11.3089,12.8046,16.5588
0.0462185,0.0364019,0.156946,8.84861,12.0217,16.5589
0.0427465,0.0466764,0.166093,13.0178,13.8339,16.559
0.0438835,0.0437409,0.157221,11.0991,13.465,16.559
0.0434344,0.066028,0.152048,12.6256,12.2246,16.5591
0.0436121,0.0206868,0.155693,12.7694,12.3811,16.5593
0.043617,0.016191,0.16552,12.259,12.3561,16.5596
0.0434996,0.0358466,0.161929,12.9313,12.837,16.5597
0.0427731,0.0174452,0.143711,13.4828,13.0615,16.5598
0.0427573,0.0449907,0.159882,13.7658,13.1005,16.56
0.0434188,0.0745608,0.144721,12.7967,11.5084,16.56
0.0441638,0.0258791,0.1493,11.2862,11.399,16.5601
0.0453406,0.0294403,0.163731,9.2756,12.0524,16.5602
0.0462974,0.025849,0.1468,8.03423,11.5062,16.5602
0.0446773,0.060749,0.14794,10.073,12.2091,16.5603
0.044738,0.00787313,0.151174,10.4254,13.9214,16.5603
0.0440848,0.00851192,0.12467,11.3873,12.2063,16.5603
0.0445678,0.0428114,0.162231,10.3055,13.1008,16.5603
0.0427379,0.0287511,0.15561,13.6323,13.4793,16.5604
0.0432948,0.0729772,0.162868,12.6049,13.4292,16.5604
0.0452542,0.057089,0.166401,9.89003,12.1535,16.5605
0.0442373,0.000378232,0.132671,11.0625,11.0316,16.5606
0.0426047,0.0623072,0.152269,13.7725,13.4636,16.5607
0.0448657,0.00885266,0.123247,10.9791,11.8701,16.5607
0.0462973,0.0323298,0.153063,8.83507,11.1079,16.5609
0.0428937,0.0316339,0.137533,13.906,12.2094,16.5609
