beta,permeability,xi,init_days,delay,value
0.100134,0.0441073,0.154556,15.559,7.3427,191.208
0.0924159,0.0726898,0.133843,19.8202,7.12506,192.641
0.0912672,0.0195027,0.0970724,20.0222,6.30096,193.111
0.108383,0.0311975,0.145408,11.3801,6.45901,193.946
0.113676,0.0132913,0.159508,9.72458,6.33395,196.387
0.111167,0.017979,0.141142,10.0406,6.26469,196.494
0.111182,0.0184862,0.137908,10.9171,6.58017,196.976
0.0978376,0.0705688,0.162042,16.865,7.36137,197.449
0.0996063,0.0417407,0.132514,15.6177,7.32137,197.78
0.0887401,0.098459,0.127871,21.5431,7.99045,197.786
0.0943671,0.0621509,0.139352,18.9414,7.01279,198.12
0.102346,0.00446177,0.118095,14.0577,6.55236,198.4
0.0995569,0.0587213,0.126365,15.6788,6.96709,198.664
0.0936273,0.0991134,0.161464,18.5557,7.37477,198.786
0.0963545,0.00196119,0.107019,17.7437,7.93998,198.947
0.0953586,0.100189,0.165587,17.8992,7.50913,199.701
0.0873596,0.10699,0.130076,22.4968,7.97605,199.817
0.0979317,0.0614418,0.134456,16.6207,6.77259,199.93
0.106173,0.0447431,0.152786,12.2529,6.86768,200.178
0.0955359,0.0695601,0.136163,17.6536,7.93629,201.347
0.105939,0.00404857,0.129579,12.1848,8.67922,201.544
0.0934965,0.00515343,0.0949508,19.7215,5.6317,201.941
0.0912239,0.038294,0.102407,20.6679,6.83872,202.011
0.110805,0.0267944,0.164565,10.86,6.79916,202.368
0.0991838,0.0510907,0.143086,15.2745,8.7953,202.539
0.083214,0.097167,0.111493,25.3323,7.10756,203.121
0.113713,0.0301878,0.157158,9.39461,6.59584,203.243
0.0945927,0.0135365,0.108559,18.1884,7.95046,203.836
0.113794,0.00942979,0.137356,9.56595,6.10109,204.33
0.116423,0.00539308,0.150612,8.35804,6.21205,204.433
0.0904068,0.0731142,0.116431,20.0233,7.35509,204.609
0.108105,0.0568548,0.15221,11.6158,6.57255,205.057
0.0996283,0.0659145,0.141436,15.2694,6.16986,205.396
0.0893208,0.0730483,0.1312,21.5402,7.28481,205.585
0.101576,0.0145438,0.123586,14.5405,8.93385,205.769
0.0878329,0.0133485,0.102146,22.4994,8.2665,206.018
0.103599,0.0387477,0.134485,13.8098,7.89779,206.91
0.0909351,0.0781451,0.13596,20.6128,7.41688,207.18
0.0956798,0.0493208,0.135683,17.2086,8.05326,208.19
0.100586,0.0133582,0.10966,15.9836,5.00328,208.315
0.101246,0.0495678,0.154292,14.9746,8.2785,208.56
0.0872336,0.101795,0.138929,22.9253,8.60401,208.983
0.110488,0.0459511,0.159597,10.4633,6.46799,209.237
0.0789489,0.156358,0.127564,28.7191,8.17994,209.303
0.101125,0.0613686,0.161342,14.1572,8.27411,209.542
0.0868671,0.0349469,0.0976519,23.0889,6.71548,209.621
0.0916719,0.105836,0.154929,19.6244,8.14231,209.913
0.0871181,0.0178691,0.0972194,23.3028,6.51671,210.277
0.0980198,0.0277819,0.127579,16.886,7.8239,210.388
0.0897063,0.0301968,0.110764,21.0501,7.57755,210.462
0.10362,0.00998992,0.120853,13.1774,8.18693,210.659
0.083972,0.157629,0.158385,24.1382,8.66005,210.981
0.116672,0.0141961,0.142843,8.27794,5.54687,211.564
0.0727649,0.187854,0.122797,34.96,8.68944,211.587
0.095886,0.0649879,0.132923,17.4706,6.02938,211.759
0.11317,0.0325251,0.163646,9.3391,6.38846,211.791
0.0994673,0.0493602,0.121211,15.6483,6.18787,211.995
0.102862,0.00539451,0.108903,14.8033,5.71957,212.152
0.0786631,0.00776705,0.0915083,29.5018,9.15365,212.412
0.0946633,0.0767894,0.164895,17.9636,10.3638,212.665
0.102657,0.019827,0.150173,14.1771,7.84747,212.868
0.119829,0.00327138,0.156484,7.89277,6.87914,213.125
0.0912339,0.0816999,0.152019,19.2396,10.0653,213.271
0.0804813,0.118821,0.123913,27.8005,8.22149,213.273
0.0949268,0.0239163,0.124731,18.0123,7.95623,213.597
0.0788378,0.1796,0.141944,28.9204,8.39509,213.704
0.0842243,0.0784084,0.121545,24.2211,9.3159,213.841
0.074472,0.0915297,0.0972708,33.2078,7.38231,213.845
0.0992219,0.021502,0.132909,15.8401,9.85407,214.018
0.116988,0.0101614,0.165192,8.92793,6.83523,214.1
0.0908794,0.0216408,0.11019,20.0782,8.94941,214.509
0.103152,0.0277551,0.141533,13.2217,9.04804,214.571
0.0857801,0.119292,0.125299,23.1327,7.8118,214.602
0.0973343,0.0915929,0.145922,16.7539,6.77341,214.725
0.0764386,0.101828,0.104643,31.573,7.5299,214.747
0.0913772,0.0443012,0.124283,20.2165,7.57201,214.765
0.072758,0.182675,0.120936,34.043,8.79124,214.801
0.1194,0.00405114,0.127977,7.52316,5.74783,215.057
0.0996553,0.0241709,0.129217,15.0906,8.61245,215.206
0.102719,0.0055352,0.135436,14.4465,7.488,215.25
0.0873146,0.0970417,0.135612,22.1885,8.04057,215.279
0.0944447,0.0274939,0.0971611,18.3682,6.2198,215.328
0.0978608,0.0402363,0.106232,16.4357,6.85952,215.353
0.0839475,0.00927883,0.0849584,25.2553,7.89655,215.392
0.0769766,0.172361,0.142211,30.0613,8.65446,215.586
0.0867837,0.149377,0.152506,22.2825,7.72124,215.648
0.0870276,0.123314,0.157306,22.5005,8.83646,215.667
0.0859404,0.0537816,0.104269,23.786,8.3413,215.716
0.0906605,0.0684166,0.116158,20.0673,7.43936,215.821
0.0904518,0.0794565,0.132389,20.6602,7.29421,215.885
0.0987631,0.0195859,0.130801,15.474,10.4056,215.893
0.0886106,0.0471199,0.115517,21.4993,9.72231,216.027
0.0828996,0.0156747,0.0984099,26.2438,7.2509,216.044
0.103837,0.0157171,0.141996,13.217,8.81451,216.055
0.101058,0.0270503,0.132853,14.8011,9.62288,216.075
0.0815673,0.119908,0.11651,26.4207,8.66875,216.17
0.0805345,0.137528,0.138203,27.9351,8.54464,216.232
0.109019,0.0178354,0.131574,11.5541,6.22944,216.435
0.0956919,0.0907724,0.139145,17.9926,6.25203,216.449
0.0800094,0.179298,0.1542,27.9169,8.78342,216.631
0.0857185,0.113678,0.135803,23.8464,8.41618,216.697
0.0906869,0.0212067,0.108058,20.5649,8.89646,216.994
0.0744883,0.0880309,0.0978333,33.3907,7.80447,217.128
0.0854971,0.111521,0.124732,23.7774,8.23391,217.152
0.0732093,0.130199,0.100791,34.8346,7.24376,217.193
0.0832758,0.0684516,0.105227,25.3658,8.13849,217.23
0.0868651,0.127623,0.155859,22.9862,8.84027,217.234
0.0854474,0.0598529,0.12026,23.0882,10.6361,217.271
0.0820619,0.0759717,0.11033,26.0512,8.78436,217.357
0.0937027,0.0786112,0.148,18.9491,7.29695,217.365
0.0883542,0.0188856,0.11035,22.2573,7.58619,217.54
0.0994415,0.0584315,0.135392,15.3356,7.55251,217.577
0.0870284,0.0318892,0.114517,22.162,10.3478,217.65
0.068802,0.0779323,0.0909373,39.4486,9.22219,217.74
0.0903934,0.0880582,0.140706,20.7201,8.62429,217.839
0.0759263,0.181607,0.141169,31.4179,8.96529,218.07
0.0789046,0.0308516,0.0987779,29.1889,8.31828,218.104
0.0976922,0.0800979,0.139496,16.3172,6.68651,218.111
0.0999283,0.0198291,0.128611,15.21,7.74775,218.202
0.104267,0.0136184,0.13558,13.5239,6.37252,218.271
0.0842587,0.130679,0.122815,24.8158,7.28863,218.338
0.0923844,0.0481557,0.132278,19.9979,8.74367,218.371
0.0866601,0.027621,0.105978,23.6821,7.90153,218.454
0.0817539,0.0710386,0.115177,26.035,9.07402,218.515
0.107991,0.0324632,0.148872,11.7166,7.43758,218.604
0.0926591,0.0995317,0.164454,18.3133,10.2256,218.673
0.09743,0.06212,0.150181,16.8588,7.8613,218.732
0.0724692,0.22987,0.154718,34.8201,9.34197,218.754
0.0911186,0.111169,0.160422,19.8144,9.00843,219.188
0.0879513,0.0758488,0.111693,22.9646,6.4857,219.257
0.0999635,0.0277117,0.137268,15.2255,7.82452,219.335
0.0915144,0.126656,0.14795,19.3809,7.52929,219.608
0.0826787,0.139846,0.141754,25.0905,8.98147,219.615
0.105392,0.0737302,0.165876,12.2467,6.23292,219.703
0.107652,0.00390447,0.133068,11.1175,9.21708,219.758
0.0829334,0.0239502,0.101146,26.976,7.83368,219.774
0.108783,0.00427594,0.150239,11.1602,6.91895,219.868
0.0827379,0.0589901,0.090282,26.3428,5.30011,219.915
0.100096,0.0260114,0.128609,15.4651,6.96512,220.05
0.0960343,0.0724529,0.131369,17.0893,6.52321,220.08
0.0800759,0.173213,0.162926,27.5833,9.356,220.113
0.091305,0.0237195,0.117238,20.1419,7.55825,220.235
0.0941812,0.0720931,0.163621,18.0634,8.09956,220.274
0.0930784,0.0154954,0.122514,19.8347,7.64041,220.299
0.0756478,0.135153,0.115198,31.362,9.66257,220.358
0.112541,0.0141055,0.158337,9.49288,9.85618,220.382
0.0902078,0.00799733,0.110206,20.7787,10.3535,220.385
0.0931278,0.0122769,0.120829,19.6842,7.85255,220.425
0.0847308,0.121191,0.153816,23.2468,11.0082,220.552
0.0884492,0.0464798,0.122266,21.8477,10.1493,220.681
0.102858,0.0450372,0.163679,13.1875,9.7037,220.703
0.0861025,0.0999835,0.141497,23.2909,8.96816,220.791
0.119517,0.00640406,0.152607,7.96728,5.17832,220.864
0.113763,0.0227075,0.121839,9.75439,5.97706,220.947
0.0739937,0.178837,0.117524,33.5689,7.42939,220.985
0.093104,0.0592179,0.140337,18.5881,10.9616,221.079
0.0874555,0.0884341,0.140652,22.0318,8.49353,221.081
0.0832824,0.130564,0.150297,24.979,11.9999,221.237
0.0783544,0.0315089,0.0819751,30.0202,5.9326,221.424
0.0862567,0.0658385,0.117613,23.8014,7.82317,221.577
0.0934371,0.100108,0.158471,18.7752,8.86329,221.857
0.0737854,0.215263,0.134483,33.5482,7.87952,221.857
0.102822,0.00709332,0.14697,14.2936,7.78848,221.946
0.0838321,0.172231,0.161352,24.8522,8.75493,222.043
0.0812566,0.0619222,0.0960703,27.9058,6.67105,222.08
0.0817965,0.10699,0.110748,26.6991,7.38656,222.268
0.0940056,0.0629855,0.109292,18.9871,6.00113,222.28
0.100118,0.0171867,0.13475,15.0745,7.28492,222.286
0.105704,0.0579359,0.136179,12.1411,6.37295,222.342
0.108154,0.010648,0.147949,11.2978,8.03447,222.438
0.0992871,0.0290282,0.144558,15.7722,9.29633,222.491
0.0745258,0.178147,0.129109,32.6277,9.01553,222.819
0.0787787,0.0492296,0.0938831,29.6325,7.67357,222.85
0.0852058,0.05253,0.124311,23.9427,11.5249,222.966
0.113359,0.0166955,0.147408,9.53254,7.73387,222.972
0.0843582,0.102998,0.120879,24.3159,8.96001,222.992
0.0715768,0.0751165,0.0907356,36.9904,8.14032,223.205
0.0781237,0.18608,0.161346,29.151,8.13333,223.221
0.112452,0.00497621,0.164108,9.4404,10.309,223.25
0.100481,0.00342928,0.134276,15.874,7.05488,223.374
0.0695689,0.242273,0.150018,37.6351,10.6671,223.416
0.0992822,0.039884,0.120855,15.1726,7.42326,223.538
0.085114,0.0632948,0.108405,24.356,7.40265,223.567
0.0751308,0.168509,0.144174,31.5328,11.695,223.782
0.100428,0.0153882,0.10767,15.7552,6.87682,223.815
0.0861268,0.0610237,0.112926,23.9575,8.07104,224.019
0.0842618,0.0995558,0.126148,24.3671,8.93683,224.08
0.0799397,0.080863,0.103242,28.1498,7.655,224.09
0.0713291,0.170438,0.111462,36.1897,7.56513,224.121
0.0767956,0.150297,0.130791,30.1524,9.0752,224.149
0.0774758,0.184028,0.148977,29.9703,9.94872,224.17
0.0837357,0.0391061,0.0899655,25.9141,7.51041,224.189
0.0806131,0.125001,0.134827,27.6581,8.43826,224.261
0.110353,0.0400879,0.155451,10.8186,7.45313,224.334
0.0805129,0.1485,0.165371,26.6947,12.6831,224.524
0.0912206,0.0487566,0.117798,20.0615,7.71537,224.55
0.0775742,0.16857,0.130221,29.5426,9.08139,224.61
0.0659582,0.0889504,0.0846417,43.3129,8.82606,224.634
0.0901939,0.0253611,0.0981988,21.5447,5.29149,224.667
0.0899795,0.147513,0.163106,20.9785,7.72474,224.686
0.111434,0.0231418,0.139888,10.071,5.65579,224.839
0.0896612,0.0606015,0.0988126,21.5638,5.47961,224.896
0.100665,0.0637269,0.159356,14.9814,9.12784,225.036
0.0768603,0.205098,0.162448,30.1603,8.99049,225.076
0.0781525,0.157356,0.162655,28.6552,12.7833,225.153
0.0857787,0.0789325,0.12227,23.6215,8.69623,225.187
0.0886388,0.13386,0.13567,21.2474,6.1934,225.225
0.0852371,0.146223,0.142846,23.6691,8.40198,225.307
0.0998246,0.0359503,0.133992,15.905,6.4653,225.348
0.0949056,0.00700059,0.0963678,18.4621,5.36959,225.389
0.0767733,0.17765,0.15178,30.8028,9.5097,225.456
0.0974434,0.0479862,0.114468,16.9549,6.30384,225.657
0.0678485,0.174814,0.106466,40.9887,8.34546,225.693
0.0778541,0.0456826,0.0882111,30.4976,7.73492,225.767
0.0763539,0.0401873,0.0950702,31.7476,9.82536,225.851
0.0834762,0.00686775,0.093165,25.9742,9.50901,225.903
0.0848499,0.0370511,0.0979839,24.3224,8.0767,225.987
0.100342,0.00364704,0.130247,15.0017,7.55074,226.011
0.0639906,0.0667139,0.0811715,46.8323,8.17033,226.049
0.113209,0.0102146,0.154255,9.27883,8.06431,226.111
0.0724733,0.205086,0.130627,34.6648,9.47089,226.219
0.102972,0.00513783,0.146571,14.314,7.77912,226.306
0.0954646,0.0392602,0.140969,17.4221,9.70902,226.31
0.0861575,0.0801251,0.127512,23.9437,8.21572,226.325
0.0920135,0.0978609,0.120123,19.9618,6.62211,226.376
0.104443,0.037666,0.150816,13.5372,6.58143,226.456
0.0989753,0.0959371,0.157832,15.305,6.55117,226.488
0.0807181,0.151323,0.125552,27.5183,6.84178,226.538
0.0724033,0.00969275,0.0776343,36.0488,6.86357,226.566
0.094991,0.00504174,0.109754,18.7548,7.4357,226.576
0.111305,0.0252509,0.14062,10.7606,6.64175,226.612
0.0889093,0.105302,0.114429,21.2054,6.3547,226.679
0.0852666,0.0121116,0.106559,24.2216,8.28056,226.765
0.0774317,0.0088498,0.0787826,31.8051,5.25776,226.796
0.0910882,0.075008,0.126775,20.1307,6.41567,226.937
0.0679224,0.10293,0.0927098,40.2064,9.17043,226.961
0.0832533,0.0710981,0.0996234,25.3644,7.93792,227.001
0.0778357,0.189108,0.143795,29.7894,8.00201,227.013
0.0734314,0.228091,0.151747,33.1447,8.16651,227.033
0.0781963,0.126581,0.104436,29.4753,7.65681,227.052
0.102578,0.0269401,0.132825,14.1382,6.67102,227.056
0.113732,0.0268347,0.124894,9.28848,5.47113,227.16
0.0654392,0.229614,0.115619,43.7093,8.43483,227.161
0.0875984,0.0681083,0.130932,22.3734,8.90768,227.185
0.106608,0.0136283,0.156831,12.1908,8.80876,227.225
0.091297,0.0265916,0.122201,19.4005,11.0687,227.262
0.0686639,0.137151,0.096087,39.9207,8.68313,227.326
0.103074,0.0221988,0.153102,13.8976,10.2437,227.375
0.0913143,0.0522769,0.108003,20.843,5.89827,227.428
0.0915669,0.0931982,0.129733,19.0559,8.82368,227.473
0.103162,0.0162971,0.15097,13.0875,10.6785,227.522
0.0861851,0.101397,0.154585,23.1588,8.01096,227.552
0.118805,0.0304088,0.165049,7.69056,6.49936,227.617
0.105523,0.0439041,0.159601,12.9047,7.37334,227.658
0.0713398,0.0829223,0.100726,36.295,9.89701,227.759
0.0766881,0.154454,0.136171,30.3268,9.31555,227.76
0.107822,0.0379986,0.14731,11.0414,7.671,227.844
0.0824826,0.0604598,0.0893228,26.5476,6.41484,227.881
0.0630817,0.0249182,0.0751538,48.7535,7.2034,227.904
0.0676458,0.0682554,0.0814832,41.9347,7.08749,227.951
0.0774415,0.18788,0.161671,29.4098,10.9248,227.953
0.0849903,0.0957848,0.131268,24.358,7.35794,227.999
0.0750056,0.116003,0.108796,32.9791,8.27506,228.037
0.10108,0.067495,0.137605,14.8092,6.84142,228.098
0.0919287,0.0795591,0.140867,19.4798,7.33104,228.18
0.112891,0.0460429,0.164537,9.70605,6.1943,228.259
0.0656919,0.0249075,0.0766969,44.6686,7.49787,228.279
0.0801926,0.136175,0.12674,27.8166,8.45574,228.284
0.0894028,0.0729906,0.145023,21.6967,8.47885,228.293
0.091849,0.103362,0.131515,19.0711,6.84336,228.336
0.115926,0.00573531,0.159459,8.0607,8.96528,228.367
0.0842262,0.0382106,0.0953697,25.7018,6.32269,228.453
0.0789734,0.199782,0.147435,28.775,7.21643,228.458
0.0892485,0.00638542,0.109502,21.1662,9.71623,228.513
0.0827331,0.10837,0.114733,25.5176,8.04759,228.516
0.0708258,0.133678,0.0955386,37.6689,6.17954,228.535
0.0775311,0.0637422,0.0974011,30.7952,8.58214,228.545
0.0929555,0.141697,0.165426,18.2539,7.80122,228.576
0.0922136,0.0730389,0.153233,19.4552,7.84281,228.6
0.08372,0.0142791,0.101712,25.7456,8.22754,228.606
0.106261,0.0445107,0.162517,12.7149,7.97004,228.786
0.106518,0.00716818,0.14584,12.5305,6.66196,228.794
0.101325,0.0106795,0.1377,14.6946,9.0042,228.84
0.0971188,0.0617523,0.126929,16.9013,7.85736,228.845
0.0931076,0.105768,0.146749,18.7658,8.64195,228.865
0.110913,0.00891581,0.159721,10.1284,7.27067,228.867
0.108635,0.0198533,0.141263,11.4467,7.12613,228.88
0.0865104,0.122124,0.159548,22.0646,10.7451,229.024
0.0981381,0.0349398,0.146922,16.852,8.05769,229.048
0.108318,0.0160162,0.16548,11.4533,8.55842,229.056
0.117014,0.0102654,0.15663,8.415,6.61378,229.134
0.0883286,0.064897,0.116662,21.9302,9.74789,229.136
0.0930735,0.115332,0.157683,18.1146,8.32013,229.154
0.0870731,0.0293357,0.108721,22.5916,10.259,229.244
0.0940758,0.00234412,0.119842,18.9479,9.18263,229.286
0.116149,0.0117785,0.136323,8.94064,6.19297,229.286
0.0863555,0.0590442,0.120773,23.3267,8.51547,229.419
0.0803399,0.0630301,0.0916165,28.0017,5.67536,229.442
0.0932837,0.0388088,0.12587,18.8392,10.3459,229.494
0.101175,0.0353881,0.143842,14.4058,8.14627,229.504
0.0699436,0.0102483,0.0855699,38.9919,9.39359,229.544
0.0936063,0.0119011,0.108827,18.128,9.44108,229.592
0.0808162,0.15929,0.144346,26.0431,10.5514,229.617
0.0681196,0.1146,0.0937093,40.0758,8.71765,229.623
0.105634,0.0137527,0.137315,12.3118,8.85022,229.664
0.0680242,0.110839,0.0895515,40.0589,8.22919,229.691
0.0901232,0.0347976,0.10901,20.7456,9.95109,229.693
0.0889589,0.108354,0.15918,20.2636,11.323,229.743
0.0655623,0.181266,0.103213,43.3107,8.81423,229.749
0.101425,0.0232436,0.153159,14.204,9.75394,229.819
0.084956,0.0471658,0.12841,23.3736,12.2478,229.823
0.0697142,0.126397,0.0910773,38.4936,7.79211,229.828
0.0961058,0.0546175,0.16582,17.5914,8.87303,229.857
0.080564,0.018304,0.0962584,27.1276,10.2651,229.926
0.0724356,0.209258,0.158938,34.1578,10.3347,229.928
0.0933733,0.00898548,0.113161,18.182,10.7371,229.984
0.0892329,0.0904381,0.116674,21.7702,6.75579,229.993
0.0962273,0.0292437,0.140016,17.7164,8.63748,230.004
0.106371,0.00927175,0.149291,12.2704,6.19138,230.006
0.0726153,0.11496,0.0896163,35.1528,6.15261,230.016
0.0800725,0.153289,0.135116,27.005,8.42684,230.053
0.0834067,0.137111,0.163402,24.7381,11.4931,230.063
0.0703934,0.193956,0.142352,36.9032,11.4207,230.099
0.0992089,0.0372276,0.154626,15.6022,9.46836,230.113
0.0891821,0.12105,0.159992,20.1459,10.0017,230.173
0.0813684,0.157248,0.155227,26.9912,8.96591,230.205
0.105044,0.00333058,0.15858,12.5502,11.1029,230.259
0.0690956,0.143153,0.106318,38.3175,10.4483,230.264
0.0817287,0.128345,0.128709,26.2092,7.23744,230.331
0.0791118,0.182327,0.150105,28.5197,7.76456,230.332
0.0931724,0.0828457,0.162955,18.5785,9.63488,230.345
0.103151,0.055298,0.155191,13.3675,7.62959,230.384
0.071263,0.2004,0.109895,36.0618,6.98338,230.387
0.102311,0.0196104,0.160039,14.29,7.98447,230.466
0.0646239,0.093599,0.0882034,45.8359,8.547,230.585
0.0948076,0.0427413,0.112928,18.3822,5.12334,230.618
0.0801426,0.098679,0.097374,28.8273,5.62011,230.619
0.0928503,0.0693686,0.164649,19.3642,8.79477,230.641
0.0935298,0.0822616,0.16068,18.2337,7.62959,230.651
0.0839384,0.0746254,0.126341,24.0142,10.3066,230.68
0.0670644,0.24791,0.131974,40.802,10.1158,230.743
0.0986469,0.0250079,0.155837,15.6575,11.2514,230.805
0.111272,0.0283742,0.147419,10.769,5.03587,230.808
0.089981,0.0830373,0.163009,20.1133,10.5857,230.944
0.0941405,0.0281985,0.0953515,18.6362,6.03505,230.997
0.0660992,0.221344,0.107321,42.7655,8.76204,231.084
0.0725739,0.1359,0.110871,34.1284,10.5412,231.205
0.0751674,0.185452,0.165753,31.4583,11.67,231.217
0.074618,0.190642,0.137769,32.5294,8.10964,231.244
0.091943,0.088299,0.165718,19.7062,8.35267,231.291
0.113152,0.0165991,0.138862,9.04349,7.19456,231.367
0.0884968,0.0750048,0.118106,21.0102,8.08714,231.377
0.0720349,0.20323,0.141106,35.6309,8.09238,231.398
0.0629725,0.303334,0.136035,46.7208,9.55665,231.41
0.0954428,0.0619032,0.16577,17.5301,9.98076,231.417
0.0758014,0.117488,0.105691,31.809,9.60364,231.422
0.104986,0.00918947,0.117834,13.8022,6.14541,231.473
0.0724643,0.18539,0.125518,34.5551,9.77934,231.486
0.0683023,0.253705,0.160703,38.5027,12.954,231.501
0.0978038,0.022063,0.108267,16.2304,6.88357,231.504
0.0651456,0.0734783,0.0850985,44.7626,9.59581,231.588
0.0998843,0.0453256,0.111004,15.4506,5.05445,231.623
0.0879209,0.0168873,0.112502,22.7172,8.76921,231.649
0.103733,0.029779,0.141759,13.483,6.85557,231.651
0.0764479,0.0955607,0.114329,31.5774,8.84637,231.666
0.107704,0.0444634,0.159788,11.8869,8.00772,231.75
0.0644803,0.0619989,0.0818609,45.2122,9.13189,231.772
0.0784926,0.138435,0.140873,29.5326,8.78536,231.797
0.0963505,0.0579868,0.139641,16.8846,10.6414,231.81
0.0719488,0.189376,0.108989,35.6916,7.28839,231.85
0.0909811,0.028078,0.112629,20.0444,8.28341,231.865
0.0891935,0.11189,0.152023,20.9869,10.5838,231.916
0.111029,0.00955662,0.123786,10.5763,5.81002,232.022
0.0801801,0.0602583,0.117415,27.7484,11.9923,232.047
0.0718583,0.153409,0.11152,35.5787,9.87074,232.101
0.0721538,0.0399336,0.0829535,36.3508,6.83766,232.102
0.0865755,0.127168,0.164506,22.1222,9.01295,232.103
0.0925003,0.0587751,0.145379,19.4342,7.27182,232.14
0.0806947,0.133123,0.14083,26.9976,11.188,232.17
0.0910865,0.0475073,0.118598,20.2962,6.20735,232.195
0.0683998,0.127268,0.0900974,40.2468,6.41994,232.201
0.0764838,0.13752,0.131201,30.3506,10.6289,232.238
0.111026,0.0185255,0.129869,10.1702,5.26554,232.25
0.0936242,0.0197804,0.0940787,19.6799,4.22189,232.267
0.0739565,0.190731,0.145435,33.8213,8.85227,232.327
0.0640595,0.212633,0.102229,45.8393,8.47012,232.328
0.0712619,0.140086,0.111364,36.6222,8.0104,232.36
0.0925802,0.0859687,0.136339,19.1366,6.95053,232.385
0.101544,0.0444058,0.153921,14.1826,6.72918,232.389
0.105068,0.0106435,0.109369,13.1122,4.83206,232.392
0.099269,0.0451851,0.15377,15.1292,8.70115,232.398
0.0706276,0.124028,0.112589,36.8813,11.4554,232.452
0.0758279,0.0841846,0.0946226,32.6172,6.66848,232.48
0.0893156,0.0754874,0.120723,21.9211,7.30604,232.487
0.104652,0.0338006,0.159543,13.3982,7.231,232.557
0.0688164,0.141106,0.0919983,39.8856,7.36151,232.58
0.0762351,0.175437,0.165425,30.7011,11.1468,232.622
0.0926846,0.00480513,0.0902856,19.531,6.6877,232.645
0.069685,0.233914,0.127817,37.577,9.4263,232.675
0.0768306,0.0569747,0.109866,30.4341,11.6745,232.75
0.0665651,0.123601,0.0920488,42.3261,8.09563,232.756
0.0895628,0.0767882,0.153382,20.1543,11.0879,232.76
0.0747093,0.0264611,0.0870573,33.3831,8.23286,232.802
0.0918898,0.0765384,0.133636,19.1301,7.78258,232.905
0.0865342,0.0312847,0.111173,23.5367,7.17653,232.924
0.102201,0.0506721,0.151981,14.572,6.59856,232.968
0.0964984,0.0176289,0.13048,16.3155,11.7726,232.995
0.103646,0.07177,0.139518,13.8563,6.48208,233.136
0.0874394,0.0849554,0.13645,22.7897,7.93197,233.137
0.104575,0.00943154,0.158323,13.387,8.16094,233.151
0.0704594,0.243499,0.147348,36.7778,9.40119,233.202
0.0974093,0.0487459,0.15163,16.3528,8.15776,233.218
0.100071,0.0222982,0.100846,15.1553,5.2454,233.231
0.0855218,0.119782,0.164404,23.2245,9.11537,233.235
0.0862521,0.093292,0.152425,23.3336,8.17462,233.352
0.0951643,0.0101777,0.101441,18.2931,6.78419,233.354
0.0634916,0.199423,0.10279,46.4965,8.92665,233.371
0.0758276,0.206617,0.154639,31.9009,8.98375,233.451
0.0842379,0.093609,0.109102,24.0714,8.45824,233.46
0.0800933,0.0770534,0.0929679,28.4637,6.56547,233.473
0.0903291,0.0823723,0.147711,20.7893,7.2318,233.559
0.0719189,0.158923,0.112719,35.8709,8.50587,233.562
0.103927,0.00777747,0.155714,13.9693,9.75856,233.578
0.0741391,0.223091,0.144504,32.1574,9.00457,233.679
0.0902897,0.0095165,0.113607,21.6862,7.05118,233.735
0.0822433,0.0619764,0.11754,26.814,8.23727,233.798
0.0653342,0.264244,0.161218,42.6393,12.013,233.841
0.0911011,0.0450731,0.126086,19.4795,11.3795,233.845
0.0770181,0.0394418,0.0960342,30.6236,10.688,233.898
0.10826,0.0660495,0.158612,11.8004,6.09055,233.906
0.0894563,0.0487346,0.145256,20.2587,12.0425,233.943
0.072696,0.114668,0.11479,34.4645,10.3736,233.948
0.0620227,0.319195,0.150523,47.4463,11.163,234.048
0.0741481,0.0110401,0.0889545,33.2831,10.1674,234.074
0.0749135,0.116705,0.0993447,32.1474,8.31577,234.09
0.0711178,0.201702,0.13743,35.9026,11.3583,234.11
0.0689243,0.143683,0.113213,38.08,11.1521,234.174
0.0944115,0.0626176,0.150508,18.787,7.34012,234.187
0.111703,0.00766352,0.159729,10.3848,6.46923,234.227
0.0866157,0.127093,0.145588,22.901,9.87939,234.308
0.0898648,0.00777031,0.103688,21.7453,6.02805,234.345
0.0881058,0.0447894,0.104474,22.0627,7.01479,234.486
0.0797732,0.19459,0.15494,27.525,8.95824,234.514
0.074067,0.169013,0.129143,33.6582,8.37391,234.556
0.0814094,0.0468962,0.096964,27.4411,6.06441,234.596
0.0859955,0.0164725,0.11412,23.143,10.2013,234.619
0.0715042,0.00539548,0.0856309,36.9393,10.9449,234.643
0.11141,0.0113293,0.141544,10.4334,5.46297,234.662
0.0965386,0.0465131,0.155378,16.4689,11.3461,234.67
0.0657671,0.161161,0.101954,43.8422,8.98002,234.694
0.0767256,0.192823,0.137003,30.8545,8.51813,234.696
0.103773,0.0707285,0.143102,13.3028,5.28654,234.786
0.0978101,0.0252107,0.163219,15.61,13.0293,234.832
0.0672874,0.199192,0.114173,40.3402,10.9948,234.836
0.0749863,0.0539695,0.0801292,33.0262,5.17238,234.85
0.0802187,0.139098,0.134029,27.8708,9.50109,234.861
0.0832473,0.0831383,0.132218,25.9936,9.573,234.881
0.0608679,0.0778403,0.0797753,51.3933,8.0727,234.898
0.088096,0.00855433,0.0994636,22.8492,8.5615,234.926
0.0916762,0.0221724,0.100111,20.9316,6.17233,234.93
0.060325,0.247672,0.10249,51.724,8.97506,234.948
0.0833909,0.0425107,0.0921947,25.3121,8.60839,234.948
0.066727,0.280604,0.140584,41.7807,8.7515,234.984
0.100851,0.0242125,0.131839,14.8156,9.64071,235.028
0.0757638,0.0320983,0.0974488,32.4608,8.50015,235.079
0.0824555,0.138761,0.151616,25.3589,9.83971,235.119
0.0897745,0.0778565,0.154635,20.8461,10.1734,235.137
0.0823274,0.0405881,0.117589,25.3913,12.2315,235.139
0.076336,0.178668,0.129194,30.3872,9.42722,235.166
0.0739943,0.194807,0.132236,33.3801,7.51489,235.188
0.0938381,0.0336203,0.125494,18.8678,9.49369,235.208
0.0748233,0.0196792,0.0937579,33.3121,8.91238,235.249
0.0899733,0.0491177,0.137261,20.177,10.4174,235.254
0.0763055,0.0290819,0.0957696,31.9988,9.82308,235.293
0.0792833,0.113974,0.156272,27.7594,13.9081,235.319
0.115442,0.00916941,0.152505,8.32317,8.36502,235.38
0.0896326,0.0434391,0.0959449,21.1501,6.14898,235.4
0.0596348,0.366028,0.164388,51.8553,11.5996,235.4
0.0863639,0.0457507,0.108024,23.3632,8.34524,235.416
0.109346,0.0164784,0.120925,11.7989,4.29958,235.437
0.0932833,0.106991,0.13147,18.0853,7.68847,235.461
0.0690392,0.211506,0.156309,37.503,13.2249,235.467
0.0834494,0.0925368,0.128606,24.0646,11.3163,235.505
0.121907,0.00260562,0.155292,6.5596,5.46213,235.512
0.085683,0.0900733,0.129098,23.5214,9.90189,235.528
0.0890759,0.0912055,0.130911,21.399,6.75512,235.528
0.0732394,0.108479,0.090964,34.6173,7.06338,235.568
0.111624,0.00401121,0.102517,10.602,5.63571,235.618
0.0914968,0.0136735,0.120512,20.4388,8.55517,235.622
0.065529,0.24171,0.110049,43.2324,7.50066,235.629
0.0636368,0.12199,0.0950371,46.4992,9.6417,235.632
0.0772338,0.108296,0.126277,29.3749,12.02,235.637
0.0922388,0.0511387,0.159339,18.9594,13.3895,235.64
0.0859471,0.00301943,0.100007,24.3707,7.78737,235.64
0.0802596,0.0858551,0.0976055,28.1015,5.48552,235.651
0.0741057,0.224327,0.159966,32.8433,10.7208,235.658
0.10211,0.0345005,0.102985,14.0343,5.16995,235.705
0.110484,0.0192352,0.120251,10.4702,5.74251,235.771
0.0966488,0.116714,0.158137,16.4988,7.01155,235.773
0.0782347,0.0428868,0.0886622,30.0259,6.7376,235.799
0.0953004,0.0464645,0.148242,17.0763,9.47385,235.821
0.0616851,0.230875,0.0971452,49.3157,7.55215,235.831
0.0963902,0.032354,0.0968803,17.2487,5.81154,235.889
0.0929533,0.0186718,0.131677,19.3691,8.19687,235.904
0.0684441,0.246429,0.143784,38.0367,11.2786,235.914
0.0815803,0.0644534,0.12321,26.3284,10.8574,235.968
0.0921,0.0681318,0.163175,19.3155,9.12336,235.971
0.107112,0.0407249,0.163075,11.7945,9.91548,235.983
0.0949743,0.077722,0.131353,17.7544,8.84288,236.004
0.0906108,0.105169,0.141733,20.0131,6.96126,236.009
0.0942217,0.0481338,0.0979515,18.2238,6.16194,236.045
0.0894624,0.0237731,0.117829,21.4156,7.93649,236.079
0.0733809,0.0560359,0.0964745,34.0294,9.97321,236.105
0.0857864,0.147472,0.163116,23.1409,7.34773,236.135
0.0811147,0.0244732,0.104552,27.3615,9.1414,236.147
0.0761533,0.0427276,0.101426,31.2851,10.1173,236.149
0.0951911,0.116026,0.156857,17.5798,7.81434,236.158
0.0852943,0.00490454,0.10194,24.0548,7.80551,236.174
0.0751267,0.142509,0.128279,32.1444,8.70608,236.185
0.0806364,0.171604,0.155593,26.2857,10.0778,236.223
0.0845941,0.0358711,0.0935104,24.9532,8.38901,236.231
0.119202,0.0354707,0.163905,7.0927,5.47859,236.25
0.0797944,0.0793224,0.0921022,28.4375,6.66541,236.272
0.0992324,0.0503627,0.165651,15.5056,7.53654,236.274
0.0713145,0.142811,0.129422,35.2277,12.5321,236.3
0.0761637,0.0504228,0.0999242,31.9672,9.98464,236.301
0.077012,0.160553,0.165157,29.949,12.9206,236.314
0.0950638,0.111371,0.144373,17.672,7.10386,236.319
0.0831507,0.00288038,0.0930793,26.2647,6.13433,236.338
0.0834603,0.128856,0.116362,25.0581,5.34681,236.341
0.0931673,0.0383363,0.117826,19.0539,7.56575,236.36
0.0959109,0.0702651,0.136506,17.5031,7.85037,236.384
0.0893913,0.0406666,0.129722,21.5008,7.32568,236.425
0.0749868,0.129221,0.0998861,32.0199,7.78827,236.443
0.0632925,0.172827,0.104419,46.2604,10.5518,236.444
0.0898556,0.029221,0.0991613,21.8505,5.04226,236.456
0.076828,0.175258,0.115674,30.0973,7.76093,236.474
0.0824338,0.0984796,0.120159,26.7028,7.16037,236.494
0.0942749,0.0845605,0.149977,17.9455,10.3277,236.569
0.122438,0.0211824,0.153246,6.44377,5.58207,236.589
0.0821773,0.0868461,0.130384,26.6061,8.78126,236.596
0.0782374,0.093062,0.110184,29.8659,8.22157,236.625
0.076656,0.198573,0.137229,30.246,7.25177,236.664
0.0940411,0.0358823,0.132353,18.2307,7.25371,236.675
0.0905046,0.0277969,0.109559,20.5245,9.0726,236.729
0.0848468,0.0529916,0.121109,24.0949,8.7652,236.735
0.0925043,0.0887801,0.145177,18.366,10.9665,236.771
0.0908024,0.0752506,0.165424,20.4622,8.40109,236.774
0.0674701,0.22241,0.130794,40.7406,9.22723,236.818
0.0677152,0.257601,0.151473,39.4782,11.6155,236.826
0.061071,0.241059,0.0983928,50.5931,7.5125,236.837
0.0961937,0.0621262,0.138399,16.7784,10.5335,236.838
0.0756788,0.0410085,0.0927411,32.9462,7.36549,236.839
0.0778139,0.210156,0.141176,29.9981,7.29162,236.84
0.0955213,0.049981,0.154792,17.5428,7.06902,236.883
0.0883031,0.0130754,0.103404,22.5031,6.65221,236.896
0.107644,0.0607525,0.151857,11.2181,7.02295,236.902
0.0984205,0.0316582,0.157291,16.1331,8.26178,236.942
0.0622644,0.302018,0.139448,47.0311,10.4701,236.964
0.0989892,0.0282339,0.120147,15.8564,9.2099,237.004
0.108617,0.0354266,0.150617,11.924,5.54123,237.006
0.0937105,0.00903342,0.114254,18.5286,9.47031,237.018
0.106157,0.0321552,0.161166,12.0028,6.14512,237.019
0.086534,0.0891327,0.102221,23.6079,5.74509,237.045
0.104763,0.00479668,0.1052,13.1031,4.28244,237.047
0.103508,0.0840416,0.154901,13.7696,6.82541,237.068
0.0634574,0.294437,0.132775,45.3269,10.5164,237.126
0.0760954,0.0121893,0.0843325,32.0274,6.3864,237.137
0.0883549,0.101317,0.143035,21.5537,8.93958,237.148
0.0665167,0.258394,0.126274,41.3055,9.08161,237.16
0.100095,0.0254355,0.138357,15.2027,8.01047,237.172
0.11408,0.0246761,0.144807,9.8684,5.49303,237.172
0.0805021,0.149079,0.159655,27.7208,9.35293,237.175
0.099198,0.0586882,0.134625,15.8305,6.08068,237.194
0.0836912,0.104394,0.148033,24.5916,11.7544,237.226
0.0892453,0.0779622,0.146699,20.6393,11.5385,237.233
0.0774055,0.14527,0.153491,29.4647,11.7834,237.258
0.078113,0.0212886,0.095861,30.5693,7.74709,237.268
0.101813,0.0240553,0.15912,14.0014,9.61249,237.279
0.0820607,0.0665079,0.122168,26.3561,9.86761,237.29
0.0933471,0.0702142,0.138221,18.0181,8.45451,237.301
0.0955253,0.109667,0.155137,17.2479,6.37462,237.305
0.0974536,0.0911001,0.160648,16.7791,6.92127,237.31
0.0727842,0.0623827,0.10468,34.2945,11.0386,237.373
0.0625327,0.209849,0.110357,47.5634,10.1576,237.379
0.0820586,0.110615,0.131028,25.1204,11.1883,237.393
0.0967391,0.0208107,0.117036,17.298,7.51219,237.401
0.0946875,0.049594,0.165597,18.398,8.34655,237.427
0.103626,0.0135193,0.142943,13.0323,8.39711,237.455
0.0900143,0.15122,0.155446,20.7683,6.28577,237.508
0.0842331,0.101029,0.128469,24.2343,9.7784,237.525
0.0664459,0.196807,0.101698,42.7611,7.79321,237.535
0.124916,0.015457,0.157586,5.47114,5.6685,237.544
0.0842409,0.0870305,0.143311,24.3875,10.6443,237.596
0.0896346,0.0744543,0.15182,21.61,8.4159,237.605
0.0633799,0.221273,0.106535,46.6971,8.45878,237.609
0.0778348,0.180505,0.155106,29.1028,8.53452,237.622
0.0668907,0.10946,0.0816265,42.8833,6.70533,237.683
0.062647,0.24201,0.104602,47.2036,8.11785,237.694
0.0844734,0.0932309,0.159941,23.8401,13.0499,237.695
0.0761073,0.139612,0.101057,31.735,7.52961,237.701
0.0809339,0.00827883,0.0869393,27.4444,9.29158,237.707
0.0998103,0.0617527,0.152385,15.2335,6.96807,237.749
0.0839853,0.130309,0.120775,24.581,7.70402,237.751
0.0609656,0.124272,0.090969,50.6934,10.3067,237.831
0.0951479,0.0285354,0.122704,17.45,10.9595,237.832
0.0948061,0.0540868,0.106907,18.0452,4.77756,237.849
0.0854649,0.0747791,0.126315,23.9737,10.7898,237.865
0.0967104,0.0440431,0.134613,17.9235,7.23634,237.874
0.0828023,0.181007,0.137424,25.746,6.75454,237.895
0.0696271,0.287042,0.156021,37.9954,8.61458,237.929
0.0918614,0.0279559,0.135132,19.0416,10.2381,237.949
0.0836658,0.0837106,0.0972102,25.2499,5.6443,237.953
0.0864522,0.0639453,0.114271,23.2109,6.98906,237.994
0.0853938,0.0901225,0.111294,23.3685,8.22528,238
0.0672169,0.25892,0.126275,40.7474,9.2412,238.033
0.092359,0.0347118,0.13032,19.1794,7.72157,238.034
0.0666086,0.219124,0.11904,41.6794,9.60918,238.066
0.0785936,0.0792213,0.106955,29.5712,7.99205,238.123
0.0978516,0.00702154,0.138599,16.8213,9.16061,238.131
0.0665974,0.146927,0.088001,42.9549,7.80143,238.135
0.0751373,0.134689,0.145045,31.0742,12.6863,238.139
0.102837,0.0911614,0.159788,13.2591,6.84066,238.171
0.0731083,0.203204,0.154538,33.3322,11.2225,238.182
0.114311,0.00241846,0.1179,9.05833,4.33943,238.276
0.080566,0.120327,0.137717,26.5113,12.2232,238.279
0.0614583,0.248995,0.129738,48.2325,12.3743,238.288
0.118467,0.0297304,0.142018,7.79401,5.21239,238.292
0.104746,0.00199452,0.146892,12.0143,11.4523,238.304
0.068739,0.0769248,0.0913064,39.8408,9.10222,238.334
0.0871135,0.112859,0.150675,22.7747,7.99831,238.334
0.0969693,0.0101311,0.139436,16.2688,11.5445,238.352
0.0755023,0.119636,0.131353,31.3553,11.2644,238.353
0.108833,0.0122159,0.157573,11.7981,8.86699,238.548
0.0775385,0.0183859,0.0985795,30.4967,9.56238,238.58
0.0780914,0.121286,0.133971,29.6115,9.50105,238.586
0.100472,0.00632548,0.155896,14.7964,12.5643,238.63
0.0747251,0.106138,0.0872419,33.9709,5.14747,238.637
0.0849605,0.0631181,0.120003,23.476,11.1239,238.677
0.06409,0.321277,0.156879,44.6976,10.3161,238.68
0.0767178,0.217055,0.138349,30.9446,7.86545,238.712
0.0872664,0.0132106,0.083414,23.7588,5.68494,238.771
0.0698263,0.163994,0.110628,37.5046,10.6232,238.801
0.0856074,0.0201362,0.101268,23.2435,10.8325,238.804
0.0647749,0.172016,0.107141,44.7926,9.20352,238.816
0.102341,0.0375222,0.12488,14.0975,6.52659,238.821
0.0982363,0.0149639,0.12751,16.6572,8.457,238.827
0.0961613,0.0749345,0.157712,17.4572,7.00526,238.902
0.077256,0.0761284,0.103709,30.6896,8.49351,238.904
0.100775,0.0085642,0.146663,15.6723,7.09191,239.047
0.113373,0.0527657,0.162124,9.8987,5.79617,239.049
0.0760212,0.148921,0.120802,31.9733,7.23753,239.072
0.0803234,0.0245395,0.0855609,28.3177,7.56248,239.15
0.0750876,0.0942613,0.115659,32.9289,9.69659,239.173
0.0727817,0.188115,0.142741,33.0272,12.5343,239.185
0.0954103,0.0547277,0.151345,17.1558,8.42862,239.198
0.114028,0.00789841,0.150089,9.38628,5.21706,239.2
0.107558,0.0332899,0.162535,11.6781,8.75258,239.2
0.0638499,0.243556,0.14939,44.9513,13.8104,239.201
0.0829106,0.0798693,0.106115,25.5187,8.57469,239.207
0.0861688,0.0862253,0.165305,22.2519,12.4269,239.231
0.0989788,0.00525099,0.118308,16.103,7.86765,239.241
0.0764292,0.00517664,0.0789935,32.5864,5.42429,239.263
0.0748882,0.0982183,0.118321,32.6033,10.2825,239.309
0.0787019,0.143756,0.164337,28.1211,11.4743,239.319
0.0755166,0.189446,0.165468,30.6687,13.6244,239.381
0.0823817,0.0288294,0.112397,25.3751,12.0708,239.393
0.0839339,0.0574239,0.125317,25.4893,8.0274,239.395
0.0872453,0.124903,0.158657,21.9385,11.8487,239.426
0.105164,0.0440395,0.158882,12.9845,9.80312,239.439
0.1105,0.00866561,0.135962,10.8216,7.18709,239.478
0.069082,0.0811441,0.082118,39.2454,7.46588,239.485
0.0992788,0.0296483,0.164152,15.0605,10.2666,239.494
0.0853858,0.117196,0.142557,23.0997,8.58885,239.494
0.0783508,0.100642,0.12439,28.9447,12.1356,239.522
0.0607292,0.0691045,0.0799582,51.7583,9.29676,239.54
0.113928,0.0347072,0.15564,9.03725,6.74312,239.543
0.106944,0.030905,0.154293,12.1861,6.07044,239.55
0.0770168,0.123632,0.101398,30.4174,7.87983,239.552
0.0850652,0.18264,0.159448,23.0637,7.61665,239.565
0.083282,0.0049634,0.0970413,26.9559,7.29,239.566
0.0899332,0.00501642,0.119167,21.4827,8.80944,239.591
0.0807074,0.118039,0.160757,26.6219,12.9026,239.609
0.0853364,0.130766,0.160461,23.2573,8.94936,239.646
0.0677803,0.070219,0.0822579,41.0435,7.9633,239.678
0.0957776,0.032523,0.134663,17.1352,9.57629,239.693
0.0715196,0.115886,0.108103,35.3452,11.7865,239.741
0.0689659,0.209787,0.143104,38.1756,10.2074,239.763
0.0913884,0.0589408,0.126641,20.5455,7.35771,239.785
0.0817152,0.00219756,0.106066,26.0869,11.747,239.792
0.0643664,0.173594,0.107997,44.7812,11.4403,239.904
0.101424,0.0118777,0.10622,14.8219,7.61237,239.906
0.0996662,0.0600486,0.160968,14.0446,11.9868,239.908
0.0844925,0.0323864,0.0821247,25.1767,4.01689,239.915
0.094869,0.0415922,0.162897,17.7257,11.21,239.918
0.0823759,0.0719739,0.1268,25.3441,11.3158,239.934
0.0972878,0.0227188,0.117526,16.0596,8.53387,239.966
0.0867717,0.0704892,0.14652,23.389,8.67444,239.97
0.0782038,0.133482,0.115802,29.948,8.35119,239.997
0.0786918,0.0290851,0.105124,29.2701,9.4612,239.998
0.0787416,0.00471463,0.0762423,30.7823,4.96637,240.046
0.0650631,0.32946,0.156027,43.5551,8.02526,240.081
0.111785,0.016147,0.144055,10.7464,5.12258,240.121
0.0863192,0.0469342,0.105456,23.4295,8.29638,240.153
0.0968645,0.0962254,0.149502,16.9188,6.67908,240.155
0.0601208,0.368689,0.16184,50.0877,11.6215,240.167
0.097259,0.0433107,0.146936,16.5724,8.57647,240.173
0.0831267,0.0752689,0.131668,25.2595,9.27103,240.201
0.084362,0.101973,0.13372,24.7136,9.85646,240.257
0.0700593,0.199226,0.139058,36.0455,12.2707,240.288
0.0784812,0.137606,0.103467,29.6643,6.21628,240.304
0.0783584,0.0823119,0.110319,29.6769,9.79379,240.361
0.0869353,0.0296082,0.130184,22.0492,11.2209,240.395
0.0714226,0.032035,0.0942514,36.555,10.092,240.405
0.083068,0.0934242,0.139614,25.1719,9.94333,240.447
0.0581565,0.313512,0.106224,55.5965,7.82538,240.457
0.0897191,0.0109612,0.110306,20.0521,11.7744,240.466
0.0708561,0.240112,0.137572,36.0952,7.10352,240.484
0.0616357,0.346361,0.151751,48.5362,9.93042,240.511
0.0673048,0.278395,0.131012,40.9555,8.42352,240.52
0.0669359,0.0145951,0.0799255,42.2971,8.17039,240.534
0.0684696,0.0707346,0.0986156,39.1115,11.2347,240.558
0.0871448,0.056631,0.140829,22.7806,10.8284,240.56
0.0587431,0.36951,0.134656,53.959,9.6972,240.572
0.0844005,0.132236,0.152578,23.6616,11.6764,240.619
0.115705,0.0342955,0.135389,8.98971,5.04519,240.625
0.0969735,0.0808332,0.125278,16.2369,6.65057,240.629
0.0762128,0.208384,0.161297,30.8877,10.0909,240.631
0.0648841,0.256258,0.122707,43.705,10.472,240.66
0.0662692,0.0693769,0.0793669,43.7405,7.81521,240.718
0.0783071,0.139057,0.146686,29.3854,9.74964,240.722
0.0910916,0.0641081,0.119656,20.5536,7.32645,240.747
0.091083,0.0354226,0.135981,19.49,12.8687,240.791
0.0871422,0.100686,0.15382,22.4513,8.72571,240.797
0.0856186,0.0524038,0.115247,23.0794,10.1326,240.809
0.0620457,0.107265,0.0919567,48.06,11.9766,240.832
0.0607143,0.303355,0.150814,49.3764,12.6985,240.854
0.0896195,0.0422678,0.13625,20.8816,11.6581,240.863
0.0746703,0.0777299,0.0827882,33.3268,6.75441,240.892
0.0955797,0.0430359,0.124068,17.4567,7.01516,240.936
0.105841,0.0291105,0.155305,12.8552,6.60158,240.938
0.0902304,0.1412,0.145374,20.3507,6.70441,240.947
0.0757214,0.120189,0.131162,31.3654,10.6359,240.96
0.0742936,0.178123,0.156455,32.2906,11.3112,240.972
0.0926939,0.0383138,0.122533,19.8441,8.19402,240.988
0.0655808,0.167636,0.101386,43.7414,8.18135,240.99
0.0909904,0.0663841,0.163528,19.6708,12.2504,241.007
0.0754313,0.0235296,0.0856823,32.1248,9.21035,241.026
0.0932455,0.0394101,0.157267,18.9191,11.4947,241.041
0.077072,0.0942009,0.133175,29.0676,13.9322,241.061
0.0877039,0.0674489,0.136623,22.4814,7.09269,241.065
0.0822832,0.0805144,0.145669,25.5178,12.5267,241.069
0.0826718,0.160444,0.158774,25.382,7.69873,241.086
0.0915812,0.0375994,0.0903636,20.6542,4.00447,241.114
0.0596636,0.380263,0.159829,51.2383,10.2445,241.12
0.0830835,0.161998,0.165834,24.0196,11.194,241.211
0.086741,0.0160808,0.117788,23.7128,8.35783,241.217
0.0813568,0.0560303,0.123495,27.0892,8.58341,241.231
0.0768098,0.0433154,0.108329,30.5996,11.9691,241.277
0.0836365,0.0969814,0.104671,25.5926,6.83209,241.28
0.0939085,0.0492193,0.119689,18.977,8.43835,241.299
0.0887526,0.0355063,0.13467,21.058,10.338,241.354
0.0769215,0.0859434,0.121685,30.3801,10.4472,241.375
0.0745481,0.123054,0.108775,32.4383,10.7209,241.396
0.0721256,0.204415,0.161977,34.2127,11.7042,241.401
0.0875548,0.101207,0.140077,21.6105,11.8969,241.43
0.0963005,0.0327474,0.112702,17.698,5.98181,241.462
0.0766021,0.232038,0.14865,30.9477,7.02058,241.481
0.0712037,0.131295,0.107263,36.9303,8.97091,241.517
0.0927499,0.0389394,0.144095,18.1937,12.4716,241.555
0.102304,0.0418525,0.11955,14.6475,4.53813,241.555
0.0869868,0.0694228,0.130149,22.0669,10.4764,241.604
0.108681,0.0483763,0.135551,11.1011,5.97309,241.612
0.0775932,0.0641816,0.119301,29.3736,12.4838,241.657
0.0820417,0.105358,0.145563,26.1923,9.19137,241.665
0.0755124,0.112925,0.115201,31.7772,10.8488,241.685
0.0587811,0.27484,0.123366,53.8962,11.9718,241.686
0.0642518,0.153743,0.100901,45.9361,9.46598,241.727
0.0856693,0.109774,0.124083,23.8124,8.83458,241.761
0.0706267,0.203953,0.115876,36.6369,9.64468,241.774
0.111738,0.00276448,0.14532,10.1349,7.47057,241.777
0.0957661,0.0278477,0.13835,17.7041,8.13818,241.824
0.0939829,0.0515607,0.153455,18.9455,8.08059,241.852
0.100361,0.063243,0.146828,14.7792,9.74623,241.873
0.0860911,0.0115233,0.109753,23.9485,10.9041,241.902
0.0919792,0.0729051,0.105365,19.2091,6.2392,241.915
0.0758175,0.21352,0.12593,31.0519,6.23312,241.931
0.0748268,0.121516,0.104743,32.0011,9.14117,241.935
0.0738083,0.121397,0.125377,33.3888,10.8106,241.941
0.0677331,0.2146,0.128459,39.5809,11.6317,241.949
0.105538,0.0608293,0.132068,12.9926,6.09629,241.964
0.0898555,0.0875142,0.156532,20.7508,9.68084,241.984
0.081095,0.0383673,0.0966022,27.292,7.02515,242.006
0.0782425,0.06177,0.0828152,30.2907,4.53221,242.029
0.0937557,0.0949796,0.115655,18.4659,6.04635,242.06
0.10052,0.0702241,0.155059,14.5909,8.11188,242.083
0.0774223,0.114179,0.142917,29.6605,12.2108,242.102
0.06632,0.0391609,0.090788,42.0404,11.8073,242.18
0.0924235,0.0335714,0.129874,19.8369,9.14303,242.192
0.0891331,0.0415946,0.130161,21.1582,8.82217,242.196
0.0925032,0.0214611,0.0973215,19.96,6.44587,242.255
0.094492,0.0517882,0.129843,18.0482,6.6652,242.259
0.0914285,0.0241916,0.139319,19.0678,11.7517,242.271
0.0746,0.177656,0.130394,32.9302,8.41987,242.277
0.0732794,0.170961,0.132854,33.545,10.2144,242.285
0.0750931,0.152704,0.121027,32.844,7.59028,242.311
0.0921312,0.0240487,0.0951337,19.5511,7.09398,242.315
0.063778,0.299177,0.165207,44.6906,12.1939,242.315
0.0804309,0.0964388,0.101181,27.2544,8.1659,242.336
0.100647,0.024273,0.122467,15.3016,6.15442,242.345
0.0869506,0.153188,0.158591,22.4949,6.51847,242.347
0.105222,0.0121964,0.124348,12.9027,9.54415,242.348
0.0869962,0.139107,0.147033,22.5027,6.55914,242.357
0.105518,0.0497769,0.130212,12.1695,6.99267,242.39
0.0723737,0.165281,0.144565,34.3374,11.2022,242.392
0.0916797,0.0344384,0.0978731,20.3956,5.71386,242.401
0.0677243,0.128204,0.0992721,40.0387,9.61752,242.402
0.0916481,0.0247242,0.125636,20.208,7.75278,242.451
0.0600865,0.0314104,0.0709856,53.4724,7.52423,242.455
0.105763,0.0783684,0.147232,12.0101,6.58221,242.479
0.0684931,0.124842,0.0984794,39.8319,9.2955,242.489
0.0894796,0.150278,0.156878,20.9404,8.47576,242.516
0.0992562,0.0577904,0.119747,15.9213,7.68877,242.531
0.114616,0.00665008,0.144077,9.89103,6.40769,242.531
0.0645846,0.0177321,0.0711665,46.5515,6.76945,242.533
0.104274,0.0115104,0.102039,13.8457,6.33885,242.55
0.0843631,0.0264314,0.0807246,25.7781,5.87169,242.584
0.0884453,0.14105,0.139397,21.8739,7.57901,242.593
0.0907945,0.052975,0.151496,19.7903,12.1137,242.594
0.0697973,0.247036,0.160477,37.7859,9.6406,242.605
0.0999092,0.0442657,0.129338,15.642,5.45809,242.609
0.0893837,0.132878,0.151713,20.3444,9.38092,242.627
0.0839357,0.0929606,0.111773,24.8421,9.05334,242.64
0.0850289,0.0699692,0.145902,23.3497,12.2106,242.651
0.0788416,0.203509,0.132219,28.3653,7.33969,242.652
0.108704,0.0197447,0.139245,11.0001,7.41352,242.726
0.0769648,0.0637912,0.10185,31.9345,7.86647,242.741
0.0641799,0.157324,0.0972545,45.3276,9.07547,242.762
0.0613979,0.277467,0.116715,49.54,8.7209,242.808
0.0668318,0.171344,0.119629,41.1369,10.247,242.814
0.0701532,0.23795,0.120541,37.0313,6.5783,242.816
0.082219,0.125073,0.142448,25.3776,10.676,242.854
0.0702679,0.220302,0.109122,37.9141,6.26406,242.864
0.124983,0.0285492,0.146427,5.05714,5.95787,242.881
0.0810724,0.192044,0.142749,26.3622,8.96024,242.891
0.0585442,0.301651,0.109322,54.1993,8.69835,242.901
0.0585954,0.120263,0.0795452,55.2076,8.94683,242.922
0.0940373,0.089304,0.126518,18.0221,6.10507,242.944
0.0702131,0.131616,0.128595,36.5946,13.6067,242.954
0.110723,0.0366771,0.116175,10.5434,5.17336,242.983
0.0641246,0.113261,0.0787652,46.9389,6.33791,242.986
0.0912644,0.0267859,0.14455,19.0645,12.8886,243.007
0.0683098,0.202596,0.156564,38.472,13.4761,243.066
0.0628516,0.220462,0.103647,47.3868,8.71921,243.082
0.0575142,0.0354216,0.0719469,58.0905,7.73578,243.083
0.0890485,0.0752418,0.164474,21.2008,9.90228,243.088
0.0952525,0.00332626,0.0967872,18.2111,6.13316,243.116
0.0690508,0.222379,0.152142,38.5276,10.2946,243.119
0.0842107,0.113525,0.165273,24.078,10.8307,243.132
0.0913405,0.0431705,0.129101,19.8918,11.4376,243.138
0.0943857,0.0607151,0.112599,18.2706,6.39823,243.144
0.0898089,0.13308,0.131687,20.0396,7.73937,243.157
0.124696,0.0222785,0.165793,5.76479,5.7882,243.162
0.0675279,0.0901917,0.0956725,41.7196,8.38574,243.164
0.0897809,0.081506,0.119932,20.6125,9.62359,243.194
0.087536,0.0131274,0.116204,22.0687,9.51521,243.209
0.0899973,0.0606101,0.135968,20.4458,9.52394,243.233
0.0750288,0.0667189,0.0901191,32.6164,9.05198,243.245
0.0886618,0.106425,0.16351,21.1852,7.90187,243.247
0.074581,0.126571,0.14139,31.3195,14.2801,243.259
0.0918793,0.134832,0.147427,19.9492,6.51038,243.311
0.0728083,0.066821,0.0987095,35.7453,8.01451,243.329
0.0854434,0.0926851,0.138158,23.8546,10.7979,243.346
0.0637723,0.284916,0.131516,45.2671,9.87253,243.364
0.0786275,0.133473,0.0986953,29.4326,5.73864,243.374
0.0574704,0.400478,0.163555,55.0417,11,243.381
0.081083,0.0630627,0.121107,27.2776,8.98389,243.382
0.0743466,0.00731375,0.087729,33.5237,10.0592,243.386
0.10356,0.00332575,0.145828,13.4754,10.4359,243.407
0.0970419,0.0560729,0.16143,16.1875,10.4182,243.424
0.0819589,0.120768,0.154934,26.9462,8.14165,243.473
0.0776415,0.0832612,0.123616,29.7692,11.6181,243.491
0.0838639,0.0734058,0.124423,25.1289,8.74335,243.5
0.0645796,0.269999,0.146249,43.8118,12.8795,243.518
0.0937509,0.0354341,0.164578,17.9174,14.8524,243.527
0.061627,0.347228,0.153517,48.5673,9.19697,243.533
0.085442,0.0222307,0.114248,24.5623,7.64104,243.543
0.0596952,0.248133,0.107036,52.2176,9.93379,243.565
0.0757523,0.223787,0.144413,31.9935,7.8762,243.567
0.0741662,0.26144,0.159596,32.6603,8.25279,243.584
0.0955404,0.0469989,0.132972,17.8619,7.22163,243.584
0.089445,0.0214549,0.123703,21.2588,8.73885,243.621
0.0888167,0.0224764,0.0955185,22.497,5.77435,243.625
0.0633877,0.229002,0.121989,46.0935,9.36418,243.636
0.0900085,0.0177614,0.128337,21.3286,8.88929,243.66
0.100443,0.00873629,0.117793,14.4136,10.4553,243.661
0.0726956,0.0200047,0.0887507,35.2725,9.62533,243.676
0.0731735,0.0124007,0.0731661,35.2645,6.11575,243.711
0.0636979,0.274759,0.145994,45.8153,10.9567,243.715
0.105332,0.0106873,0.163964,13.8196,7.47147,243.744
0.072154,0.161245,0.148974,34.4981,12.9138,243.756
0.0841445,0.0839858,0.110054,24.8706,8.56625,243.773
0.0767301,0.00414631,0.0767349,31.3355,7.46209,243.83
0.0898888,0.0352676,0.140924,21.1428,8.03797,243.833
0.0668963,0.0782788,0.100394,41.4283,11.383,243.837
0.101866,0.0426564,0.134136,14.6984,7.37389,243.844
0.0972493,0.0448234,0.108572,16.1578,6.55251,243.924
0.0928999,0.10505,0.158926,18.2452,8.52565,243.935
0.108911,0.0313959,0.132745,11.6707,6.38318,243.961
0.0685606,0.249119,0.152053,38.4292,11.7427,244.033
0.118575,0.0476829,0.13728,7.15728,5.93141,244.034
0.0779315,0.204962,0.135147,29.8888,6.48647,244.04
0.0682817,0.221093,0.109085,39.021,8.12036,244.04
0.105288,0.0802552,0.13921,12.2528,6.45727,244.09
0.0681621,0.263933,0.146376,39.8339,8.37333,244.09
0.100244,0.0343184,0.107674,15.3212,4.12491,244.115
0.0734651,0.100858,0.0880915,34.2524,6.99542,244.116
0.0662969,0.257314,0.126772,41.5835,10.256,244.117
0.0838635,0.15066,0.128594,24.7872,7.64192,244.124
0.0627137,0.281776,0.131245,46.4646,11.6517,244.126
0.103383,0.0868974,0.147537,13.1794,5.51546,244.135
0.0965704,0.0907261,0.144413,16.0662,8.41147,244.151
0.0748183,0.12046,0.134513,31.6326,13.8832,244.154
0.0760788,0.176212,0.162874,30.7962,11.0895,244.194
0.0742556,0.0757716,0.0859832,33.1195,8.83265,244.238
0.102088,0.0487948,0.146625,14.2196,7.25384,244.256
0.077063,0.142963,0.101294,30.1747,7.12929,244.286
0.10372,0.0424552,0.121946,13.5977,5.1509,244.31
0.0774674,0.153433,0.117597,30.7776,6.31457,244.312
0.0872992,0.0362922,0.101307,22.1957,8.88434,244.326
0.103986,0.059945,0.134703,13.7141,6.4729,244.365
0.0601278,0.172961,0.0945238,52.8125,8.01854,244.428
0.0784111,0.0792648,0.120103,28.7693,12.9493,244.458
0.0591672,0.351748,0.156726,52.5897,11.3527,244.463
0.087053,0.102638,0.13256,22.5404,7.88375,244.471
0.0967816,0.124228,0.137938,16.9514,6.30311,244.484
0.0760076,0.0596397,0.0911416,31.5913,9.70044,244.49
0.0984704,0.0267246,0.121345,16.2126,7.57291,244.496
0.0629482,0.0252775,0.0758171,48.2779,8.43215,244.498
0.100132,0.0180438,0.130234,15.7232,8.55544,244.5
0.0740111,0.198982,0.141734,32.8292,10.2658,244.531
0.0762986,0.0988651,0.0898834,31.4147,7.85854,244.531
0.0874749,0.024507,0.0986523,22.2403,9.12964,244.538
0.0735994,0.156638,0.12907,33.3857,9.726,244.569
0.0702792,0.138281,0.118168,37.2516,9.68595,244.57
0.0567505,0.323401,0.117055,57.7655,10.1226,244.595
0.0972578,0.0424494,0.114511,16.0888,8.07021,244.598
0.062677,0.279474,0.153295,46.3329,12.5094,244.6
0.112961,0.0619896,0.144765,9.89994,5.46576,244.62
0.0862817,0.114723,0.134063,22.5744,10.0634,244.631
0.0582,0.344879,0.128774,54.5865,10.6065,244.636
0.0915619,0.115874,0.150441,19.8391,8.93662,244.641
0.0584527,0.0139426,0.0721044,56.2989,8.14436,244.645
0.0881399,0.0684105,0.115113,21.7362,9.01673,244.648
0.071761,0.102367,0.106357,36.3718,8.67784,244.653
0.0763777,0.110929,0.135927,30.7588,12.4409,244.654
0.0778377,0.0222143,0.0946168,29.4118,11.3581,244.655
0.0897575,0.0635032,0.142139,21.6765,8.12505,244.692
0.103255,0.00297903,0.120078,14.8954,5.98208,244.742
0.0674095,0.0276645,0.075098,42.1192,6.25662,244.754
0.067985,0.158687,0.110657,39.1898,11.3357,244.779
0.064736,0.301704,0.139503,43.4282,10.839,244.805
0.098485,0.0226181,0.119956,15.2779,10.4676,244.806
0.0744723,0.209841,0.154934,32.1578,8.84403,244.809
0.0962307,0.0140154,0.164189,16.246,13.1332,244.879
0.0716585,0.133539,0.131182,35.1154,11.4953,244.892
0.0853605,0.0364583,0.117697,24.8096,7.22352,244.923
0.0749354,0.0928574,0.113388,32.8754,10.8038,244.927
0.0628264,0.296565,0.143168,46.1038,10.0053,244.965
0.101118,0.0546563,0.142822,14.8509,6.35957,244.97
0.0778084,0.156183,0.136475,29.5395,8.26361,244.973
0.0753963,0.110978,0.123853,32.6868,8.78524,244.977
0.0816299,0.107437,0.144676,26.4611,10.7371,244.996
0.0990389,0.0188345,0.157097,15.917,11.2006,244.999
0.0774425,0.0584142,0.105758,30.5353,8.15739,245.017
0.0797318,0.142223,0.10412,28.363,5.93254,245.023
0.0711546,0.0627682,0.0770408,37.933,6.61863,245.028
0.0664638,0.28914,0.160923,41.9218,9.30974,245.038
0.0545323,0.428298,0.165143,61.1706,12.3369,245.043
0.0872125,0.115898,0.120579,22.7424,7.34447,245.044
0.112854,0.0731359,0.158736,9.21569,5.829,245.044
0.0767902,0.176277,0.152705,30.1862,8.99232,245.056
0.0810884,0.119036,0.138655,27.4621,8.66242,245.078
0.0817398,0.00531768,0.0933016,27.5403,6.51924,245.08
0.0601957,0.179666,0.0974367,51.0168,10.0777,245.088
0.0749512,0.208006,0.161868,32.2446,8.2948,245.094
0.0790293,0.0886907,0.108822,28.2753,10.181,245.127
0.120127,0.00554234,0.133605,7.67221,4.42734,245.136
0.0813563,0.192257,0.13986,26.7226,7.62311,245.14
0.0961303,0.0387252,0.162109,17.5531,9.16654,245.144
0.0978967,0.0311216,0.154498,15.6733,12.9272,245.161
0.111828,0.0193385,0.14417,10.0657,5.49275,245.187
0.0742692,0.156028,0.134563,33.7522,8.43354,245.214
0.0749148,0.118015,0.143499,31.409,13.4353,245.219
0.094305,0.0191262,0.141719,18.6476,9.57455,245.229
0.0952746,0.0605425,0.118603,17.0125,8.41621,245.23
0.0712121,0.11527,0.0912155,36.3445,8.7195,245.234
0.0881234,0.0491894,0.121431,22.2522,8.20975,245.253
0.078764,0.0639631,0.0888805,29.2544,6.77917,245.264
0.0916368,0.028734,0.150141,20.9358,8.45574,245.273
