beta,permeability,xi,init_days,delay,value
0.0458049,0.999097,0.0514203,0.757083,4.91907,25.9627
0.0460393,0.99515,0.0510966,0.955742,5.30733,25.9697
0.0458104,0.997333,0.0520946,0.454377,4.85258,26.029
0.0457767,0.998967,0.0519358,0.350468,4.80569,26.0348
0.0459394,0.995462,0.0537592,0.924557,5.85526,26.0685
0.0459586,0.994251,0.0536643,0.865755,5.59607,26.072
0.0452816,0.990957,0.0755182,0.934119,6.9623,26.0783
0.046093,0.985482,0.0513432,0.848198,5.20943,26.0862
0.0452458,0.990369,0.0761343,0.0969043,6.35448,26.0947
0.0453716,0.98111,0.0727107,0.72603,6.05064,26.1003
0.0453437,0.982241,0.0739795,0.933674,6.75603,26.1059
0.0453829,0.980574,0.0720581,0.231226,6.38045,26.1069
0.0452708,0.987737,0.0762751,0.389975,6.95706,26.107
0.0455197,0.971306,0.0685497,0.550162,6.36064,26.1107
0.0451344,0.998212,0.0812139,0.057996,6.46494,26.1144
0.0453798,0.977668,0.0731566,0.985765,6.05629,26.118
0.0454065,0.975648,0.0715053,0.252034,6.63445,26.1214
0.0452083,0.993613,0.0859452,0.749581,7.43459,26.1241
0.0459291,0.986085,0.0506058,0.704219,4.87381,26.1248
0.0458038,0.992159,0.0514268,0.421421,4.48809,26.125
0.0455162,0.966052,0.069915,0.477591,6.71485,26.1271
0.0453844,0.975012,0.0722914,0.941647,6.89485,26.1274
0.0457264,0.942515,0.0586282,0.309882,5.47164,26.1298
0.0453984,0.986016,0.070087,0.923383,6.28679,26.1308
0.0452456,0.994352,0.0749654,0.126137,6.82732,26.1308
0.045752,0.936396,0.0589381,0.540927,5.41054,26.1321
0.0461042,0.99584,0.0507557,0.248893,5.82053,26.1324
0.0454599,0.960152,0.0714767,0.324046,6.32995,26.1336
0.0453877,0.967522,0.0733016,4.9976e-05,6.7412,26.1342
0.0454395,0.978698,0.0711528,0.34405,6.52872,26.1349
0.0454952,0.964365,0.0700229,0.240305,6.61094,26.1361
0.0456902,0.944407,0.0594497,0.0717406,5.62055,26.1361
0.0452369,0.982832,0.0783181,0.805307,6.29607,26.1376
0.0458105,0.998446,0.0524164,0.0260671,4.27807,26.138
0.0457561,0.994603,0.0519015,0.0987849,4.15651,26.1405
0.0455761,0.969329,0.0665794,0.941632,6.93689,26.141
0.0455446,0.960927,0.0679278,0.00656471,6.91921,26.1435
0.0460902,0.997081,0.0510423,0.674901,5.45324,26.1439
0.0457394,0.939134,0.0585421,0.934892,5.19766,26.1452
0.0453266,0.981318,0.0734987,0.784493,6.36889,26.1481
0.0452419,0.994675,0.0844589,0.520899,7.23329,26.1493
0.0452308,0.992362,0.0856029,0.883311,7.16968,26.1536
0.0456864,0.936315,0.0662856,0.0789041,6.42173,26.1543
0.0454613,0.984991,0.0685991,0.272843,6.46427,26.1578
0.0458325,0.988557,0.0511217,0.709369,4.12944,26.1579
0.0452911,0.99657,0.0838269,0.903431,7.38279,26.1591
0.0453639,0.969304,0.0747921,0.0146207,6.23519,26.1592
0.0455733,0.95974,0.0618306,0.84337,5.06211,26.1607
0.0460086,0.910798,0.0546369,0.424366,5.48942,26.162
0.0457851,0.926445,0.0641312,0.758238,6.07595,26.1625
0.0458827,0.930578,0.0618495,0.87225,6.83489,26.1635
0.0453588,0.996886,0.0700324,0.386248,6.33825,26.1659
0.0456801,0.944664,0.0654616,0.00448842,6.4482,26.1664
0.0458535,0.932319,0.0624349,0.817412,6.34764,26.1668
0.0460293,0.98358,0.0527791,0.40675,5.48724,26.168
0.0452155,0.998838,0.0867613,0.859409,7.01022,26.1685
0.0452523,0.988154,0.0855155,0.91362,7.68916,26.1686
0.045654,0.963084,0.064446,0.97827,6.36697,26.1695
0.0456891,0.934315,0.0666308,0.184564,6.05445,26.1701
0.0457496,0.940445,0.0579068,0.569227,5.76182,26.1716
0.0452274,0.992878,0.0693102,0.33111,5.43648,26.1717
0.0456343,0.941257,0.0668105,0.88284,6.56808,26.1721
0.0452702,0.995261,0.0842073,0.957689,7.68545,26.1722
0.0455214,0.954823,0.0640828,0.742731,5.57257,26.1735
0.0458564,0.998804,0.0563606,0.413927,5.8691,26.1736
0.0456415,0.952453,0.0606908,0.408864,5.88482,26.1736
0.0451476,0.99271,0.0797826,0.267968,6.17891,26.174
0.0460434,0.99094,0.0525146,0.232374,5.5376,26.1746
0.0454123,0.9633,0.073826,0.586339,6.10275,26.1755
0.0452348,0.991205,0.069335,0.368422,5.39378,26.1757
0.0451852,0.989857,0.0806221,0.134555,6.15106,26.176
0.0460816,0.911683,0.0522493,0.505372,5.59532,26.1767
0.0453457,0.990461,0.0815842,0.123061,7.03264,26.1773
0.0454273,0.977595,0.0636476,0.0113174,5.39875,26.1782
0.0452888,0.985315,0.0684025,0.895031,5.68473,26.18
0.04568,0.93526,0.0670111,0.129629,6.59846,26.1819
0.0456311,0.943455,0.0621175,0.305867,5.04868,26.1826
0.045781,0.931123,0.0643321,0.467831,6.87994,26.1838
0.0455161,0.978702,0.0665664,0.175277,6.75786,26.1842
0.0458973,0.911094,0.0569839,0.595568,5.37601,26.1849
0.0459088,0.914737,0.0616563,0.680328,6.36399,26.1856
0.0454072,0.986963,0.0795933,0.0820096,7.83927,26.1857
0.0452856,0.98737,0.0771429,0.391025,6.91779,26.1858
0.0451703,0.989426,0.0895463,0.942427,7.11563,26.1869
0.0450693,0.994217,0.0844922,0.777453,6.8986,26.1885
0.0457163,0.937222,0.0603882,0.697399,5.87278,26.1896
0.0452625,0.99675,0.0859055,0.489057,7.52308,26.1898
0.0453008,0.98936,0.0836669,0.905305,7.13337,26.1903
0.0452986,0.978545,0.0850292,0.0425554,7.42997,26.191
0.0453688,0.984708,0.0796828,0.874536,7.30483,26.1943
0.0455217,0.953655,0.064238,0.129244,5.30549,26.1947
0.0451335,0.996273,0.0892154,0.835253,7.59875,26.1949
0.0462121,0.87923,0.0516405,0.425914,5.69483,26.1949
0.0452966,0.994932,0.0673324,0.214285,5.96094,26.1951
0.045585,0.971121,0.0666858,0.0650352,6.53051,26.1952
0.0453894,0.980739,0.079393,0.0214534,7.76195,26.1954
0.0456395,0.953634,0.0676883,0.850069,6.21797,26.1961
0.0460928,0.890624,0.0537825,0.940954,5.82527,26.1963
0.0456948,0.949099,0.0595494,0.971883,5.15801,26.197
0.0456376,0.938732,0.0683755,0.00260986,6.08546,26.1984
0.0462419,0.885562,0.0515428,0.428557,5.06412,26.1986
0.0457601,0.929853,0.06525,0.139214,6.22312,26.1993
0.0461402,0.891893,0.0529209,0.0173373,5.36808,26.2005
0.0454328,0.99238,0.0760983,0.3996,7.96737,26.2011
0.045234,0.992565,0.0838665,0.35405,7.37496,26.2012
0.0461981,0.88558,0.0514426,0.0145182,5.53932,26.2016
0.0457968,0.940696,0.0620872,0.294304,6.55534,26.2016
0.0454307,0.982352,0.0642187,0.584103,5.12178,26.2027
0.0459302,0.919836,0.0613883,0.420412,6.10642,26.2029
0.0458877,0.923355,0.0607747,0.159895,6.46512,26.2031
0.0462392,0.885257,0.0509747,0.297804,5.65699,26.2034
0.0460555,0.981279,0.0527107,0.525189,5.08984,26.2045
0.0459524,0.927018,0.0593256,0.906645,6.57779,26.2051
0.0458936,0.911185,0.0625976,0.778793,6.49183,26.2053
0.0453983,0.983976,0.0639456,0.410693,5.09387,26.2059
0.0457315,0.949689,0.058129,0.11894,5.96077,26.2061
0.045561,0.969312,0.0683364,0.969114,6.88238,26.2061
0.0459492,0.916478,0.0598834,0.178479,6.11407,26.2063
0.0459658,0.915077,0.055742,0.102449,5.28117,26.207
0.0459023,0.997472,0.0524405,0.0386271,5.50136,26.2071
0.0457485,0.946872,0.058027,0.818605,5.28324,26.2072
0.0461037,0.898441,0.0524929,0.122175,5.51175,26.2074
0.0452852,0.983547,0.0744471,0.702871,6.37346,26.208
0.0463151,0.865297,0.0507608,0.0703236,5.62627,26.2083
0.0453327,0.978812,0.0766006,0.569485,6.69475,26.2094
0.0452656,0.981053,0.0786468,0.756089,6.91227,26.2096
0.0451872,0.993598,0.0709386,0.912725,5.40146,26.2097
0.0457485,0.941348,0.0590666,0.990387,5.73936,26.2103
0.0457275,0.943867,0.0633987,0.960551,6.35475,26.2105
0.0456768,0.961382,0.0647809,0.724964,6.51133,26.2109
0.045376,0.987379,0.0657437,0.618722,5.52127,26.2113
0.0452822,0.984458,0.0688916,0.541661,5.59317,26.2127
0.0453487,0.982142,0.0827952,0.337918,7.57136,26.2127
0.0460341,0.92197,0.0579364,0.309945,6.87892,26.2128
0.0455284,0.979812,0.0742615,0.802385,7.45182,26.2129
0.0461125,0.911015,0.0518401,0.279886,5.71237,26.213
0.0454636,0.972941,0.0719709,0.268893,6.5165,26.2131
0.0452874,0.96684,0.0775992,0.93913,6.94977,26.2132
0.0458607,0.91115,0.0577429,0.285836,5.69711,26.2138
0.0452028,0.986943,0.0893048,0.482727,7.77426,26.2139
0.0460251,0.906909,0.0592306,0.452078,6.97951,26.2143
0.045192,0.981593,0.0792911,0.21011,6.25946,26.2146
0.0454704,0.958645,0.0727231,0.602328,6.06534,26.2147
0.045255,0.990969,0.0691486,0.0231908,5.56652,26.2148
0.0450945,0.99523,0.0815804,0.761636,6.85241,26.2157
0.0453943,0.956472,0.0755149,0.14251,6.05216,26.2157
0.0461764,0.890098,0.0514152,0.959699,5.81273,26.2159
0.0454051,0.99008,0.064546,0.769871,5.92841,26.2161
0.0460458,0.918841,0.0581649,0.853959,6.05915,26.2162
0.0460679,0.906302,0.058562,0.375455,6.41372,26.2164
0.0455076,0.956043,0.0635238,0.387998,5.73264,26.2168
0.0459797,0.915591,0.0592741,0.19527,6.88411,26.2171
0.0459429,0.988227,0.0543247,0.119009,5.14408,26.2179
0.0450301,0.996797,0.0866681,0.819604,6.46153,26.2186
0.0452385,0.995782,0.0875918,0.598327,7.07484,26.2187
0.0461738,0.878987,0.0530034,0.3611,5.76052,26.2187
0.0460197,0.905026,0.0589721,0.204364,6.31264,26.219
0.0455846,0.948152,0.0618812,0.317925,5.58052,26.2199
0.0454162,0.968263,0.08085,0.458613,7.42394,26.2204
0.046005,0.90606,0.0592803,0.844998,6.81018,26.2205
0.0458617,0.93676,0.0559316,0.830305,5.52138,26.2208
0.0454098,0.983836,0.0773102,0.629543,7.93355,26.2209
0.0454446,0.987706,0.0631064,0.122725,5.58756,26.2214
0.0457864,0.945972,0.0569707,0.986949,5.42327,26.2219
0.0455941,0.962604,0.0682088,0.483824,6.68346,26.222
0.0452859,0.997924,0.0678079,0.043027,5.63375,26.2223
0.0453463,0.983319,0.0754056,0.230584,6.54169,26.2225
0.0451597,0.994441,0.0824475,0.500971,6.97349,26.2226
0.0455134,0.969623,0.0763795,0.0578157,7.69894,26.2228
0.0454729,0.9699,0.0766934,0.796614,7.4499,26.223
0.0461487,0.898837,0.0571807,0.0961819,6.35868,26.2235
0.0452834,0.965069,0.0784816,0.625063,6.93442,26.2235
0.0458573,0.941731,0.0611974,0.663356,6.43012,26.2241
0.0458421,0.936124,0.0568099,0.3217,5.08754,26.2245
0.0453356,0.984347,0.0837894,0.811025,7.69877,26.226
0.0461151,0.89896,0.0572219,0.497229,6.17049,26.226
0.0459833,0.910756,0.0608757,0.68722,6.20466,26.2263
0.0453771,0.984744,0.0642426,0.581951,5.5016,26.2264
0.0454572,0.97015,0.0790985,0.153646,7.52804,26.2267
0.0461392,0.895487,0.0570552,0.430459,6.3324,26.2268
0.045167,0.978674,0.0819491,0.719139,6.69221,26.2271
0.0461214,0.899754,0.0575641,0.273052,6.97804,26.2271
0.0453368,0.983365,0.0802477,0.871881,7.48644,26.2275
0.0461392,0.893768,0.0577104,0.500757,6.99225,26.2279
0.0455918,0.955469,0.0623895,0.0756196,5.01476,26.2284
0.0457214,0.926656,0.0601866,0.362171,5.85262,26.2291
0.0456109,0.942803,0.0694051,0.574046,6.47834,26.2298
0.0453306,0.998872,0.0784812,0.533249,7.15762,26.2303
0.0461582,0.894549,0.0569901,0.0333098,6.36762,26.2304
0.0453728,0.963462,0.0736704,0.351969,6.11776,26.2307
0.0461153,0.877409,0.0546048,0.518416,5.0312,26.2308
0.0457908,0.946437,0.0614246,0.170413,6.82639,26.2309
0.0453685,0.994045,0.0656037,0.216187,5.08656,26.2319
0.0458727,0.93718,0.0547506,0.858345,5.01623,26.2325
0.0461815,0.896185,0.0521894,0.270132,5.38863,26.2325
0.0453541,0.976861,0.0761526,0.524091,6.67444,26.2329
0.0457291,0.952733,0.0581198,0.515523,5.30507,26.2333
0.0454669,0.976881,0.0790224,0.340707,7.88186,26.2337
0.045298,0.986512,0.085368,0.672643,7.9172,26.2354
0.0455088,0.977844,0.0764807,0.861447,7.76514,26.2357
0.0459637,0.915788,0.061697,0.0303296,6.86804,26.2357
0.0452812,0.978933,0.0866621,0.731787,7.90155,26.2363
0.0454724,0.967691,0.0648076,0.700234,5.81757,26.2368
0.046168,0.896717,0.0559351,0.731076,6.85895,26.2374
0.0455238,0.967979,0.0771917,0.52035,7.16224,26.2375
0.0455656,0.97055,0.0681205,0.963824,6.44269,26.2378
0.0452125,0.983425,0.0880891,0.744501,7.76346,26.238
0.0455215,0.980753,0.0616566,0.297522,5.72184,26.238
0.0454229,0.985118,0.0765518,0.721218,7.62463,26.2381
0.0460447,0.980505,0.0522243,0.404002,5.65939,26.2388
0.0455288,0.96382,0.0769555,0.059618,7.4416,26.2389
0.0455607,0.962267,0.0758041,0.147943,7.04533,26.2389
0.0454122,0.98222,0.0654061,0.47326,5.9241,26.2398
0.0454737,0.972873,0.062243,0.860521,5.70024,26.2402
0.0456885,0.929469,0.0680283,0.837316,6.59548,26.2414
0.0455936,0.968413,0.0609215,0.647976,5.54324,26.2416
0.045624,0.963437,0.0729058,0.91658,7.90687,26.2421
0.0460153,0.890908,0.0560432,0.121658,5.45697,26.2427
0.0457696,0.954708,0.0610491,0.892313,6.02972,26.243
0.0454623,0.971754,0.0798649,0.581568,7.05028,26.243
0.0457236,0.92504,0.0673168,0.450683,6.86283,26.243
0.0452457,0.99878,0.0669987,0.56231,5.21272,26.2439
0.0455789,0.960493,0.0736641,0.748881,7.94682,26.2442
0.0459696,0.92424,0.0533334,0.722398,5.40043,26.2443
0.0463399,0.877804,0.0541489,0.827694,6.45318,26.2448
0.0457292,0.955281,0.0572428,0.131552,5.95276,26.2461
0.0460654,0.88978,0.0550915,0.859898,5.96819,26.2463
0.0457864,0.953948,0.0615588,0.375722,6.96986,26.2469
0.0450445,0.987596,0.0620526,1.60181,6.40227,26.247
0.0458565,0.994864,0.0537867,0.0328118,5.21289,26.247
0.0450249,0.987372,0.0629509,1.79238,6.12953,26.2472
0.0456499,0.95233,0.0730144,0.697707,7.28761,26.2475
0.0463311,0.886312,0.0535094,0.873934,6.9284,26.2476
0.0458471,0.912119,0.0587598,0.146682,5.20662,26.2477
0.0449652,0.99389,0.0643087,1.40771,6.43182,26.2481
0.0455667,0.980342,0.0648785,0.709353,6.00423,26.2483
0.0458478,0.942394,0.0556785,0.0872199,5.21584,26.2489
0.0460129,0.917736,0.057982,0.517401,6.52234,26.2492
0.0450685,0.981698,0.0623568,1.63756,6.79793,26.2495
0.0457028,0.964176,0.0625349,0.529687,6.40498,26.2497
0.0454984,0.974389,0.0704049,0.795907,6.34554,26.2497
0.04632,0.884875,0.0538607,0.0561251,6.03659,26.2498
0.0458401,0.93876,0.0568667,0.655546,5.16805,26.25
0.0458905,0.917713,0.0578291,0.0111535,5.17422,26.2505
0.0461466,0.889091,0.0583068,0.0812002,6.65049,26.2506
0.0460923,0.913055,0.0513666,0.123325,5.00591,26.2506
0.0454877,0.966423,0.0791021,0.915162,7.13036,26.2509
0.0456655,0.951141,0.0725307,0.677753,7.56927,26.2514
0.0461037,0.974083,0.0520842,0.438401,5.49135,26.2517
0.0462777,0.89651,0.053655,0.654849,6.90982,26.2519
0.0451621,0.986623,0.090817,0.5401,7.5691,26.2523
0.0460869,0.987602,0.0519734,0.0134146,5.91835,26.2524
0.0453827,0.997676,0.0633112,0.739422,5.82643,26.2528
0.0452481,0.98612,0.0878406,0.836587,7.32305,26.253
0.0457067,0.944335,0.0720868,0.318826,7.54252,26.253
0.045255,0.9741,0.0770117,0.55045,6.54963,26.253
0.0453515,0.972766,0.0666478,0.49586,5.63523,26.2531
0.0460724,0.977567,0.0518902,0.815699,5.07326,26.2532
0.0453143,0.98576,0.0853402,0.356721,7.01462,26.2533
0.0455819,0.955661,0.062847,0.670671,5.7229,26.2534
0.0454379,0.964672,0.0745298,0.656933,6.13653,26.2534
0.0458447,0.934273,0.0573716,0.698313,5.54223,26.2537
0.0456883,0.948236,0.0724347,0.739674,7.37763,26.2538
0.0452732,0.964636,0.0800605,0.708585,6.00651,26.2538
0.0448234,0.997903,0.0677165,1.06584,6.09219,26.254
0.0452463,0.975915,0.0801289,0.595832,6.53814,26.2544
0.0461126,0.894208,0.059035,0.0988768,6.09649,26.2549
0.0465662,0.851042,0.051081,0.6361,6.57678,26.2559
0.0457408,0.953415,0.0580706,0.0242184,5.59545,26.256
0.0453084,0.975342,0.0782757,0.378483,6.67892,26.2561
0.0452425,0.991511,0.0882011,0.912516,7.51618,26.2561
0.0457872,0.945824,0.0558619,0.805256,5.17962,26.2562
0.0460244,0.981707,0.0519406,0.757091,5.29663,26.2567
0.0453248,0.978232,0.082057,0.654543,7.23816,26.257
0.0451794,0.993686,0.0703241,0.99425,5.4238,26.2573
0.0458052,0.923247,0.0577636,0.683181,5.02384,26.2575
0.0450255,0.984586,0.0632489,1.63506,6.31228,26.2575
0.0455961,0.959295,0.0755865,0.408457,7.83418,26.2576
0.045071,0.993906,0.0956014,0.694424,7.0184,26.2576
0.0461765,0.885945,0.0579046,0.515066,6.32713,26.2579
0.0463513,0.880906,0.0531406,0.354153,6.9073,26.2582
0.0464882,0.860787,0.0521845,0.477467,6.93295,26.2583
0.0457908,0.986776,0.0514057,0.0646149,4.0706,26.2586
0.0454395,0.988952,0.0753749,0.382484,7.22289,26.2589
0.0459423,0.929587,0.0549811,0.359156,5.34178,26.2591
0.0456855,0.954535,0.0599937,0.49109,5.26814,26.2591
0.045465,0.95785,0.070405,0.704604,6.19557,26.2593
0.0455127,0.972491,0.0634343,0.547991,5.29619,26.2594
0.0448976,0.995487,0.0658292,1.88166,6.63492,26.2597
0.0453202,0.986092,0.0764825,0.21755,6.52556,26.2598
0.0456396,0.969325,0.0590895,0.422464,5.62006,26.2598
0.0459149,0.928706,0.0592831,0.305482,6.74555,26.2602
0.0455555,0.98271,0.0654436,0.854139,6.58078,26.2603
0.0454466,0.979474,0.0648365,0.804875,5.72064,26.261
0.0463935,0.877847,0.0524935,0.24116,6.00514,26.2612
0.045734,0.946635,0.0710312,0.694297,7.4148,26.2615
0.0460924,0.908429,0.056601,0.332769,6.44421,26.2623
0.0448825,0.994169,0.0662786,1.1849,6.32601,26.2624
0.0460233,0.928609,0.0573681,0.479789,6.2553,26.2625
0.0459073,0.941537,0.0593684,0.0928508,6.66312,26.2629
0.046323,0.879976,0.0548817,0.151364,6.38221,26.2631
0.0454793,0.987017,0.0759269,0.510986,7.34079,26.2633
0.0449787,0.976492,0.0649475,1.01172,6.7989,26.2637
0.045516,0.98645,0.0654646,0.181754,6.75315,26.2641
0.0454873,0.959002,0.0692398,0.77237,6.07628,26.2642
0.0448854,0.990608,0.0658912,1.44638,6.05631,26.2647
0.045572,0.975458,0.0645894,0.690587,6.68457,26.265
0.0448994,0.989613,0.0664382,1.26286,6.98757,26.2653
0.0458745,0.937586,0.0561438,0.600762,5.5084,26.2655
0.0458593,0.980408,0.050834,0.501689,4.00252,26.266
0.0461629,0.90463,0.0519915,0.833479,5.939,26.2661
0.0460891,0.91557,0.0562988,0.67121,6.12938,26.2662
0.0456263,0.973857,0.0710374,0.429253,7.00517,26.2665
0.0454033,0.971911,0.0793479,0.230062,7.78445,26.2666
0.0449422,0.986719,0.0648893,1.11615,6.72378,26.2669
0.0460096,0.922142,0.0541153,0.689709,5.17326,26.267
0.0456495,0.971977,0.0635981,0.712948,6.20024,26.2677
0.0456917,0.955707,0.0629928,0.537826,6.75254,26.2679
0.046058,0.894241,0.0536618,0.18382,5.64845,26.268
0.0451001,0.983168,0.0851384,0.39061,6.47058,26.2681
0.0449205,0.98489,0.0663493,1.00313,6.675,26.2682
0.0452383,0.984188,0.0696379,0.715011,5.43532,26.2683
0.0450899,0.982046,0.0616313,1.01286,6.39383,26.2684
0.0457532,0.997061,0.056617,0.643615,5.50197,26.2691
0.0463536,0.866652,0.0550528,0.752293,6.48708,26.2691
0.0460049,0.928087,0.0522633,0.96315,5.58644,26.2692
0.0455654,0.98038,0.0642162,0.652028,6.0006,26.27
0.0454811,0.949008,0.0736096,0.225638,6.21285,26.2705
0.0455475,0.973514,0.0731695,0.373499,7.90848,26.2706
0.0457206,0.922718,0.0678576,0.816198,6.83689,26.2708
0.0455125,0.987792,0.0607489,0.644658,5.68182,26.2711
0.0449612,0.984261,0.0595744,1.40355,5.6081,26.2715
0.0458614,0.902636,0.05852,0.560703,5.33278,26.2717
0.0452098,0.983051,0.0904824,0.0307319,7.14915,26.2718
0.0453364,0.975355,0.0729327,0.745602,6.38944,26.2718
0.0463125,0.898498,0.0527279,0.962754,6.26861,26.2719
0.0455444,0.970771,0.0732069,0.00926388,7.61137,26.272
0.0455995,0.955993,0.06577,0.687854,6.56731,26.272
0.0456384,0.953039,0.0747378,0.301719,7.85191,26.2722
0.0466039,0.845221,0.0509067,0.100532,6.91936,26.2722
0.0453637,0.991148,0.0638342,0.675365,5.06171,26.2727
0.0459721,0.936303,0.0572544,0.974941,6.33529,26.2727
0.0460928,0.888987,0.0532036,0.830425,5.93211,26.2728
0.045603,0.957145,0.0759532,0.00729773,7.25612,26.2729
0.0454312,0.962825,0.0820865,0.0335642,7.43233,26.274
0.0457127,0.922468,0.0609759,0.645868,5.20164,26.2742
0.0452854,0.979221,0.0697037,0.951549,5.26575,26.2743
0.0452306,0.995552,0.0792572,0.221548,6.13763,26.2743
0.0448708,0.994157,0.0676847,1.38313,6.69027,26.2745
0.0451478,0.997673,0.082996,0.384808,6.15174,26.2754
0.0450304,0.980587,0.0642426,1.03543,6.80516,26.2754
0.0462258,0.880306,0.0573983,0.0785981,6.02821,26.2755
0.0455674,0.948893,0.0711548,0.942903,6.80304,26.2756
0.0454448,0.963087,0.0802161,0.963691,7.88653,26.276
0.0458984,0.938896,0.0604442,0.849181,6.58733,26.2761
0.0458198,0.949095,0.0557644,0.0852528,5.45872,26.2765
0.0457936,0.985695,0.0513393,0.37788,4.4482,26.2773
0.0449534,0.989051,0.0591623,1.0314,5.68144,26.2775
0.0449543,0.993714,0.0651863,1.87559,6.93081,26.2779
0.0455116,0.940222,0.0726559,0.289152,6.93961,26.2788
0.0451647,0.961846,0.055564,1.88823,5.0014,26.2792
0.0452986,0.991131,0.0802606,0.11335,7.09663,26.2793
0.0453373,0.976281,0.0683358,0.134523,5.39678,26.2793
0.0463562,0.870185,0.0550763,0.719231,6.45191,26.2794
0.0462914,0.90124,0.0529882,0.0692395,6.88728,26.2794
0.0451081,0.968829,0.0615338,1.14103,6.80898,26.2796
0.0457466,0.949118,0.0588218,0.592881,5.73225,26.2799
0.0459495,0.903744,0.0572058,0.543569,5.72707,26.28
0.0452013,0.995422,0.0845423,0.98975,7.59161,26.2814
0.0454,0.991041,0.0720332,0.965626,6.13,26.2815
0.0458452,0.947508,0.0554615,0.282402,5.45945,26.2816
0.0455992,0.93777,0.0706346,0.720179,6.46818,26.2822
0.0451439,0.96952,0.0605142,1.26764,6.46021,26.2823
0.0451284,0.96695,0.0611997,1.07608,6.36892,26.2824
0.0462772,0.877124,0.0520409,0.850467,5.07611,26.2825
0.0458957,0.919412,0.0555335,0.898834,5.05311,26.2827
0.0455948,0.980163,0.0641042,0.387006,6.17134,26.283
0.0456999,0.957982,0.0591592,0.995923,5.01685,26.2831
0.0451388,0.970198,0.060437,1.48737,6.42086,26.2831
0.0456576,0.943743,0.0749672,0.0746872,7.95025,26.2838
0.0460969,0.887312,0.0548459,0.88,5.98426,26.2838
0.0453727,0.989463,0.0636127,0.898607,5.46384,26.2843
0.0463666,0.864778,0.0551625,0.511325,6.51341,26.2846
0.0448819,0.98595,0.0677837,1.38933,6.49901,26.2846
0.04565,0.938714,0.0605607,0.895516,5.54428,26.2846
0.0451743,0.969507,0.0596983,1.5113,6.5918,26.2847
0.0462333,0.875479,0.0527523,0.405419,5.29413,26.285
0.0452773,0.980972,0.0875518,0.773784,7.43131,26.2851
0.0460673,0.895974,0.0553862,0.694194,5.95499,26.2854
0.0457637,0.94655,0.068836,0.0163002,7.68579,26.2858
0.0457918,0.916779,0.0646648,0.326549,6.78068,26.286
0.0458699,0.948588,0.0590383,0.76199,6.71762,26.2862
0.0454353,0.989987,0.0780271,0.485834,7.46948,26.2865
0.0455208,0.956126,0.0726867,0.510251,6.49898,26.2871
0.0460389,0.900909,0.0556959,0.544144,5.87756,26.2875
0.0450699,0.99322,0.0864966,0.800631,6.05739,26.2875
0.0456661,0.937023,0.0688481,0.165812,6.91007,26.2877
0.045436,0.961642,0.0818895,0.905798,7.36859,26.288
0.0450507,0.967966,0.0581225,1.78823,5.22679,26.2884
0.0451208,0.969389,0.0606375,1.39253,6.46891,26.2885
0.0460677,0.916678,0.0581776,0.164293,6.64202,26.2886
0.0458021,0.917855,0.0659619,0.793044,6.26576,26.2891
0.0458686,0.909314,0.0631625,0.66227,6.43744,26.2891
0.0453711,0.923076,0.0533899,1.11353,5.56137,26.2891
0.0461499,0.898701,0.0531282,0.0315203,5.69138,26.2892
0.0449607,0.977338,0.0598725,1.01191,5.53833,26.2897
0.045553,0.986232,0.0596396,0.277542,5.76246,26.2898
0.0451721,0.994086,0.0919202,0.831064,7.8701,26.2899
0.0456221,0.975898,0.0706699,0.181408,7.23837,26.2899
0.0451654,0.976387,0.0592678,1.29442,6.81668,26.2902
0.0457228,0.954718,0.0694235,0.568605,7.62241,26.2911
0.0454047,0.993291,0.0648719,0.285037,5.51393,26.2911
0.0456111,0.978604,0.0645371,0.531758,6.57537,26.2915
0.0447486,0.993862,0.070872,1.99486,6.34174,26.2915
0.0453733,0.94393,0.0522828,1.658,5.207,26.2916
0.0450248,0.969947,0.0587018,1.44245,5.60777,26.2918
0.0458776,0.988813,0.0542004,0.645039,5.39231,26.2918
0.0454833,0.974898,0.0790024,0.439619,7.82813,26.2921
0.045548,0.964287,0.0702526,0.758765,6.61299,26.2921
0.045378,0.985717,0.082376,0.203381,7.34421,26.2925
0.0455114,0.961208,0.0793043,0.655732,7.20186,26.2931
0.0455104,0.971893,0.0739582,0.0375059,7.35498,26.2943
0.0455671,0.983193,0.0657268,0.481022,6.11515,26.2944
0.0451481,0.957043,0.0613363,1.56706,6.17409,26.2945
0.0464655,0.857918,0.0525232,0.661128,6.58345,26.2948
0.0452704,0.989054,0.0736335,0.193509,6.03164,26.2948
0.0450931,0.993917,0.0859312,0.640657,6.32528,26.2949
0.0453352,0.947308,0.0577028,1.69279,6.22232,26.2952
0.0449991,0.994873,0.0887884,0.167555,6.63329,26.2954
0.0456143,0.955597,0.0652077,0.808976,6.95845,26.2957
0.0453189,0.972717,0.0840598,0.130353,7.82328,26.2957
0.0454484,0.940613,0.055488,1.71567,6.30555,26.2957
0.0452047,0.957433,0.0605821,1.68136,6.72703,26.296
0.0452703,0.98017,0.068627,0.954807,5.84741,26.2961
0.0452503,0.957157,0.059875,1.71239,6.91566,26.2964
0.0454188,0.944504,0.0508198,1.22223,5.58459,26.2967
0.0454861,0.995211,0.0658313,0.694834,6.66172,26.2968
0.0460128,0.91845,0.0546461,0.150872,5.48943,26.2968
0.0452646,0.941813,0.0545712,1.42895,5.53512,26.2973
0.0453521,0.952079,0.0515811,1.96437,5.02147,26.2976
0.046068,0.925074,0.051683,0.598219,5.57759,26.298
0.0461936,0.86621,0.0534987,0.770688,5.26827,26.2981
0.0452494,0.94854,0.0591093,1.63405,6.03762,26.2981
0.0450497,0.984129,0.0563862,1.30867,5.40505,26.2986
0.04494,0.990127,0.0586679,1.52928,5.92041,26.2986
0.0463585,0.876348,0.0545583,0.615726,6.20587,26.2986
0.0452292,0.978828,0.0814613,0.414338,6.70958,26.2989
0.0459161,0.987165,0.0556509,0.944523,5.19301,26.2995
0.0452638,0.938126,0.0546838,1.56324,5.96234,26.3003
0.0452404,0.988985,0.0748371,0.685354,6.5292,26.3006
0.0459148,0.927789,0.0589858,0.0760773,6.38949,26.3009
0.0459588,0.923456,0.0658161,0.237885,7.86764,26.3009
0.0451076,0.996548,0.0795111,0.626745,6.40581,26.3011
0.0455268,0.988594,0.0648199,0.278033,6.23258,26.3014
0.045551,0.977648,0.0596842,0.714656,5.97665,26.3015
0.0459412,0.924615,0.0660042,0.123937,7.88873,26.3017
0.0452704,0.954697,0.0530971,1.25503,5.8238,26.3017
0.0454419,0.923266,0.0516482,1.99633,5.78736,26.3022
0.0454495,0.959722,0.0816572,0.325041,7.48221,26.3022
0.0451821,0.984689,0.0830872,0.374325,6.28409,26.3024
0.0454644,0.92884,0.0511516,1.30683,5.46533,26.3026
0.0460946,0.973085,0.0518259,0.631958,5.60079,26.3028
0.0459715,0.892803,0.0572355,0.631251,5.25973,26.303
0.0457769,0.992506,0.0564025,0.0307096,5.82078,26.303
0.0450891,0.992571,0.093013,0.16695,7.17955,26.3032
0.0450062,0.971056,0.0640302,1.86983,6.79064,26.3033
0.0460803,0.908957,0.0538972,0.0241548,5.36733,26.3034
0.0452691,0.961417,0.080292,0.93531,6.13979,26.3034
0.045176,0.997139,0.0820301,0.23465,6.00554,26.3038
0.0454029,0.947215,0.0506401,1.06862,5.77933,26.304
0.0459494,0.919437,0.0564423,0.924194,5.11269,26.3046
0.0460419,0.924043,0.0578941,0.424315,6.95653,26.3048
0.0453804,0.934249,0.0522201,1.86575,5.01081,26.3048
0.0455841,0.943748,0.0711452,0.92129,6.49497,26.3049
0.0459544,0.92584,0.0532995,0.0198406,5.75255,26.3052
0.0459902,0.934479,0.0528363,0.497022,5.56385,26.3052
0.0454247,0.942137,0.0557332,1.44489,6.03631,26.3054
0.0455792,0.943471,0.0712892,0.918992,6.37653,26.3058
0.0457099,0.961708,0.0691101,0.748399,7.52233,26.3062
0.0459766,0.936427,0.0567354,0.303847,6.00786,26.3076
0.0458754,0.924377,0.0692198,0.513509,7.56477,26.3076
0.045384,0.965659,0.0661843,0.69129,5.07613,26.308
0.0454824,0.965231,0.0805801,0.87571,7.57495,26.308
0.0454603,0.920335,0.0516897,1.4958,5.0236,26.3081
0.0452893,0.955822,0.0575111,1.15292,6.10058,26.3081
0.0463977,0.893602,0.0508868,0.521267,6.54233,26.3083
0.0454851,0.932467,0.0507621,1.05797,5.41619,26.3084
0.045101,0.996936,0.0741492,0.515407,5.87709,26.3084
0.0451617,0.974976,0.0842478,0.022533,6.40559,26.3088
0.0452506,0.978769,0.0895701,0.226209,7.5596,26.3091
0.0455149,0.921773,0.0504961,1.94782,5.73025,26.3092
0.0453615,0.960691,0.0744891,0.0599514,6.3139,26.3092
0.0457762,0.934401,0.0720836,0.895254,7.78978,26.3093
0.045324,0.996302,0.074886,0.318514,6.50881,26.3097
0.0459686,0.933933,0.0571489,0.454654,6.10128,26.3098
0.0460451,0.882615,0.0553772,0.407788,5.54599,26.3103
0.0458399,0.932827,0.055603,0.475461,5.40693,26.3104
0.0457406,0.935331,0.0722807,0.272999,7.49376,26.3106
0.0450738,0.96515,0.0580852,1.137,5.64343,26.3107
0.0460349,0.898924,0.0612967,0.838789,6.45967,26.3108
0.0455381,0.923265,0.0545634,1.31306,6.43326,26.3108
0.0456757,0.956725,0.0630644,0.590932,6.98782,26.3115
0.0451198,0.967068,0.0629149,1.44393,6.08136,26.3116
0.0451679,0.980089,0.0836381,0.357495,6.39566,26.3116
0.0453425,0.986739,0.0788253,0.0363503,7.77684,26.3117
0.0452649,0.996105,0.0954237,0.313569,8.14374,26.3117
0.0456117,0.97898,0.059112,0.770935,5.02532,26.3117
0.0455511,0.944443,0.0645185,0.479163,5.43323,26.3118
0.0453298,0.966088,0.0785492,0.688413,6.35985,26.3121
0.0462436,0.875613,0.0506301,0.793063,5.85525,26.3121
0.0456598,0.956611,0.0670669,0.00536057,6.17177,26.3122
0.045935,0.93315,0.0580452,0.819846,6.08094,26.3128
0.04543,0.930213,0.052136,1.84144,5.3738,26.3137
0.0452957,0.979723,0.087518,0.0409904,7.97112,26.3138
0.0457427,0.948243,0.0715267,0.0170083,7.38464,26.3138
0.0452628,0.946592,0.0588803,1.4251,6.35686,26.3139
0.0455541,0.986067,0.0720031,0.574532,7.91116,26.3141
0.0457814,0.928717,0.0600085,0.714002,5.122,26.3141
0.0454606,0.951648,0.0747224,0.688809,6.08335,26.3145
0.0461698,0.885801,0.051476,0.40044,5.71969,26.3146
0.0457144,0.943658,0.0709165,0.404229,7.38816,26.3149
0.0461343,0.894704,0.0563975,0.645309,6.39548,26.3151
0.0455136,0.948138,0.0699918,0.765749,6.19115,26.3153
0.0454343,0.960378,0.0823054,0.847929,7.11822,26.3156
0.0457927,0.926105,0.0664811,0.878121,6.56636,26.3157
0.0458958,0.904484,0.0567089,0.657317,5.1829,26.3162
0.0448472,0.983862,0.0696577,1.76811,6.51503,26.3163
0.0454079,0.941353,0.0555697,1.80268,6.14742,26.3169
0.0459143,0.944404,0.0535087,0.840635,5.99283,26.3169
0.0454776,0.925244,0.0560597,1.2454,6.76385,26.317
0.0459068,0.934958,0.0611423,0.312051,6.94118,26.3173
0.0454231,0.970851,0.0828731,0.0713643,7.70952,26.3178
0.0456741,0.910383,0.0524491,1.67433,6.87092,26.3179
0.0450597,0.990797,0.0616848,1.42401,6.27821,26.318
0.045511,0.949769,0.0697511,0.642557,6.29998,26.3181
0.0449457,0.97938,0.0669319,1.15436,6.68126,26.3182
0.0459368,0.941572,0.0528913,0.238974,5.40998,26.3183
0.0457799,0.916203,0.0588389,0.975731,5.58643,26.3194
0.0464651,0.856296,0.0526634,0.7964,6.43259,26.3199
0.0451513,0.969846,0.059564,1.26246,6.14322,26.3199
0.0462091,0.909099,0.0547038,0.784469,6.25127,26.32
0.0453544,0.9543,0.0768947,0.132949,6.24171,26.3201
0.0461408,0.96887,0.0517449,0.0873142,5.42336,26.3202
0.045536,0.917517,0.0551893,1.451,6.69632,26.3204
0.0452736,0.962812,0.0573229,1.91313,6.88632,26.3211
0.0464157,0.863788,0.0528694,0.207982,6.25791,26.3215
0.0455122,0.995883,0.0598845,0.599469,5.9689,26.322
0.0451628,0.949772,0.0567315,1.97907,5.08577,26.322
0.0449188,0.995827,0.0726252,1.7119,7.1067,26.3223
0.0456328,0.974811,0.0709975,0.814343,7.91418,26.3224
0.0454436,0.95942,0.0818035,0.185714,7.83709,26.3224
0.0462957,0.866795,0.0567621,0.784521,6.07354,26.3224
0.045945,0.934524,0.0547086,0.928178,5.91045,26.3229
0.0456098,0.961562,0.0683585,0.917268,6.94024,26.3232
0.0452289,0.992959,0.0705184,0.55527,5.91196,26.3234
0.0452666,0.99719,0.0658102,0.704013,5.87304,26.3237
0.0458938,0.931315,0.0678283,0.307842,7.40681,26.3238
0.0457249,0.967548,0.0568537,0.463575,5.70418,26.3239
0.0454513,0.938888,0.0547659,1.58105,6.58519,26.3239
0.0454832,0.996916,0.060029,0.180537,5.09185,26.3239
0.0455292,0.927525,0.0536305,1.4445,6.2519,26.324
0.0461514,0.881587,0.0594755,0.0658872,6.96052,26.3244
0.0459258,0.898872,0.058035,0.819064,5.28992,26.3248
0.0453259,0.980891,0.08661,0.356241,7.35986,26.3254
0.0463242,0.88904,0.0521446,0.796817,6.46951,26.3255
0.0460194,0.897291,0.056415,0.449573,5.47158,26.3259
0.0456125,0.933932,0.063478,0.0270156,5.09002,26.326
0.0456718,0.962001,0.0572188,0.920591,5.85069,26.3262
0.0453482,0.966407,0.0783765,0.944632,6.31083,26.3263
0.0459165,0.93013,0.0654545,0.207096,7.95628,26.3265
0.0456332,0.930361,0.061955,0.777742,5.67294,26.3269
0.0458774,0.97763,0.0510192,0.891194,4.84695,26.3271
0.0461694,0.908841,0.0561238,0.359157,6.99803,26.3271
0.0454892,0.991384,0.07259,0.929303,7.95891,26.3284
0.045611,0.98315,0.0633257,0.876909,6.62738,26.3285
0.0459421,0.939768,0.054102,0.870202,5.39187,26.3286
0.0454898,0.933541,0.0506597,1.79576,5.26109,26.3297
0.0452079,0.976091,0.0786215,0.995624,6.19229,26.3297
0.0448241,0.987892,0.0702658,1.25384,6.03219,26.3298
0.0449691,0.990185,0.0714043,1.12929,7.5692,26.3302
0.0452297,0.967963,0.0823223,0.0783805,6.13456,26.3302
0.0453021,0.960608,0.0567133,1.11829,6.65755,26.3303
0.0448721,0.992038,0.0690768,1.01778,6.83453,26.3304
0.0457584,0.944537,0.0652627,0.34754,6.43223,26.3304
0.0453641,0.990697,0.0667058,0.172627,5.9816,26.3306
0.0456526,0.997015,0.0513313,0.179277,4.76587,26.3309
0.0452823,0.974099,0.0855077,0.163514,7.33735,26.3309
0.0452939,0.972286,0.0885661,0.0245314,7.93616,26.3311
0.0451606,0.945378,0.0569075,1.36497,5.63349,26.3312
0.0449359,0.994699,0.0724958,1.78823,7.63465,26.3313
0.0452834,0.975246,0.0689479,0.367226,5.16648,26.3319
0.0450031,0.968332,0.0660722,1.90888,6.66959,26.332
0.0452668,0.967747,0.0776587,0.0245155,6.23099,26.3322
0.0454832,0.951612,0.0743406,0.328797,6.27542,26.3324
0.0460593,0.90524,0.065019,0.618044,7.87489,26.3324
0.0451181,0.976245,0.0851154,0.414723,6.15047,26.3328
0.0455102,0.9709,0.0709922,0.483205,6.73355,26.3331
0.0453416,0.988432,0.091721,0.197271,8.07301,26.3331
0.0456557,0.916327,0.051748,1.48087,6.26094,26.3333
0.0453541,0.949352,0.0561211,1.56914,6.9584,26.3334
0.0455583,0.986514,0.0708992,0.544405,7.51194,26.3334
0.0453272,0.975418,0.0666202,0.765293,5.83365,26.3337
0.0454368,0.961333,0.0645532,0.495321,5.32027,26.3339
0.0461152,0.924308,0.0509433,0.061159,5.96342,26.3341
0.0455995,0.951292,0.0742511,0.0809072,7.72735,26.3347
0.0455504,0.983817,0.0669466,0.353062,6.71208,26.3349
0.0462111,0.884772,0.0505544,0.225739,5.61077,26.3352
0.0464709,0.853039,0.0531296,0.0360663,6.82572,26.3356
0.0453595,0.930483,0.0587898,1.3476,6.90856,26.3358
0.0458737,0.953938,0.0579927,0.471278,6.68495,26.3359
0.0450443,0.988454,0.0850564,0.379407,6.255,26.336
0.0455512,0.935515,0.0710777,0.368014,6.94345,26.3365
0.0463476,0.881001,0.0522194,0.430312,6.02729,26.3371
0.0451899,0.979433,0.058478,1.47669,6.06586,26.3377
0.0459258,0.932222,0.0667056,0.778036,7.41891,26.3378
0.0461179,0.989059,0.051518,0.0216655,5.77997,26.3379
0.0462892,0.882108,0.0562027,0.83503,6.17048,26.338
0.0449748,0.990222,0.0703965,1.0415,7.1385,26.3382
0.0454607,0.988825,0.0607962,0.0925087,5.6461,26.3385
0.0451971,0.984312,0.0724316,0.664236,5.92795,26.3389
0.0450408,0.990086,0.062715,1.91436,6.97838,26.339
0.0459889,0.899271,0.0626068,0.233721,6.10723,26.3393
0.045384,0.953341,0.0505678,1.70031,5.66079,26.3395
0.045535,0.953546,0.0770231,0.599866,7.37648,26.3396
0.0455209,0.983308,0.0648495,0.194033,6.81771,26.34
0.0451104,0.988866,0.0597473,1.50084,6.59329,26.34
0.0454365,0.955275,0.0758431,0.587493,6.84352,26.3403
0.0456163,0.933037,0.0711125,0.972089,6.91744,26.3404
0.0452825,0.964091,0.0520297,1.5937,5.38284,26.3405
0.0448454,0.981819,0.0701208,1.8275,6.70383,26.3407
0.0448466,0.987045,0.0697492,1.71697,6.44717,26.3411
0.0461172,0.907806,0.0551795,0.207167,6.97403,26.3412
0.0460308,0.912087,0.0644549,0.959109,7.77575,26.3422
0.0453116,0.956095,0.0528336,1.7211,5.64743,26.3427
0.0461601,0.9213,0.0541705,0.976556,6.51549,26.3429
0.045938,0.924054,0.0655953,0.664042,7.61424,26.3431
0.044965,0.97185,0.0599867,1.58726,5.83318,26.3433
0.0458986,0.904987,0.0584913,0.62274,5.60447,26.3435
0.0453106,0.934482,0.0544968,1.63618,5.22511,26.3445
0.0456716,0.979736,0.0520633,0.130641,4.23424,26.3448
0.0454969,0.957913,0.0809907,0.495191,7.31141,26.3456
0.0463125,0.903837,0.0521696,0.365613,6.72245,26.3459
0.0453392,0.989604,0.0676926,0.321887,5.66413,26.3459
0.0454946,0.968159,0.080145,0.536497,7.58975,26.3459
0.0448914,0.995206,0.0745982,1.97222,7.54838,26.3461
0.0456416,0.972485,0.0622066,0.86379,6.8081,26.3461
0.0456949,0.992388,0.0505849,0.653971,4.00903,26.3465
0.0462444,0.907085,0.0526055,0.275413,6.31593,26.3466
0.0458867,0.952498,0.0581399,0.675966,6.85908,26.3469
0.0449951,0.993574,0.0617492,1.19009,6.6099,26.3471
0.0453589,0.950333,0.0782147,0.373841,6.9533,26.3475
0.0459409,0.946878,0.0526052,0.632024,5.90839,26.3476
0.045277,0.968311,0.0807475,0.638065,6.71732,26.3478
0.0458907,0.95241,0.057931,0.859289,6.89106,26.3481
0.0459213,0.907584,0.0581576,0.525082,5.8124,26.3481
0.0455805,0.982797,0.0704276,0.402449,7.58534,26.3482
0.045946,0.938211,0.0592137,0.0172017,6.22324,26.3482
0.0461699,0.880315,0.0518936,0.881333,5.36183,26.3483
0.0457449,0.929411,0.0639138,0.138317,6.60559,26.3485
0.0458798,0.904649,0.0632652,0.0367774,6.81865,26.3486
0.0459167,0.917568,0.0682121,0.803001,7.48984,26.3489
0.0449989,0.972772,0.0585417,1.69889,5.81354,26.3489
0.045397,0.974963,0.0641004,0.789776,5.84932,26.3491
0.0458744,0.924857,0.069791,0.423604,7.12056,26.3493
0.0452189,0.963123,0.0580104,1.5648,6.79384,26.3494
0.0452083,0.984743,0.0828455,0.713227,6.03854,26.3494
0.0451449,0.995106,0.0953076,0.441641,7.09405,26.3494
0.045237,0.971808,0.0820205,0.00293228,6.84603,26.3496
0.0458993,0.932029,0.0655553,0.577503,7.77055,26.3497
0.0465972,0.844785,0.0517328,0.0467473,6.59717,26.3498
0.0450686,0.983283,0.0605155,1.52529,6.09724,26.3499
0.0453903,0.919225,0.053639,1.19052,5.84208,26.35
0.0457116,0.984484,0.0508708,0.400648,4.44885,26.35
0.0458606,0.989143,0.0536293,0.477391,5.57541,26.3501
0.0448987,0.986523,0.0751486,1.11875,7.61058,26.3501
0.0461325,0.907512,0.0617087,0.828217,7.45374,26.3502
0.0452685,0.985539,0.0894562,0.0447701,7.90651,26.3503
0.0464247,0.882004,0.0522425,0.0504632,6.19608,26.3506
0.0454157,0.946922,0.077272,0.828834,6.91073,26.3512
0.0449929,0.997566,0.0695633,1.92847,7.72478,26.3515
0.0460227,0.905724,0.0667607,0.409872,7.69398,26.3516
0.0455646,0.99105,0.0592009,0.362551,5.8164,26.3517
0.0454478,0.941729,0.0765957,0.393178,6.63525,26.352
0.0451212,0.972239,0.0680021,1.53503,7.50584,26.3522
0.0454548,0.995591,0.0758809,0.126207,7.42278,26.3523
0.0457749,0.951243,0.0674946,0.755256,7.8218,26.3523
0.045531,0.976743,0.0692818,0.618247,6.27558,26.3525
0.0453055,0.996895,0.0937435,0.111749,8.66935,26.3526
0.0457357,0.95259,0.064972,0.982784,6.80729,26.3527
0.0451293,0.998254,0.0845808,0.0180843,6.65067,26.3527
0.045616,0.973343,0.0628669,0.275375,6.95552,26.3528
0.0451985,0.962912,0.0611801,1.07003,6.16457,26.3528
0.0455087,0.976869,0.0660108,0.654542,6.60382,26.3533
0.0460973,0.910567,0.0621735,0.0781889,7.31884,26.3535
0.0454582,0.964796,0.0775642,0.554346,7.03797,26.3538
0.0452796,0.969456,0.057125,1.43515,6.54796,26.3539
0.04607,0.918639,0.0625852,0.489637,7.56224,26.3542
0.0456734,0.973375,0.0566646,0.471224,5.22189,26.3544
0.0459453,0.938301,0.0570743,0.750983,6.30273,26.3548
0.045524,0.96152,0.0750265,0.292893,7.20774,26.3548
0.0457219,0.969251,0.0558136,0.188621,5.71174,26.355
0.0453722,0.949155,0.0776377,0.397074,6.96938,26.355
0.0453675,0.964345,0.0834913,0.723234,7.72951,26.3552
0.0457099,0.910533,0.0505624,1.90429,6.10642,26.3552
0.0457398,0.97361,0.0554164,0.0764401,5.90247,26.3552
0.0452344,0.997508,0.0953305,0.922751,8.99736,26.3555
0.0455433,0.954324,0.0617733,0.36291,5.55853,26.3557
0.0450781,0.97619,0.0692769,1.09026,7.7764,26.3562
0.0462418,0.876271,0.0504983,0.50345,5.13121,26.3564
0.0457591,0.992938,0.0538406,0.411408,4.2471,26.3566
0.0459261,0.891062,0.0584849,0.8768,5.76885,26.3566
0.0457961,0.958029,0.0667845,0.487577,7.72101,26.3567
0.0452708,0.998352,0.0773108,0.67409,6.14478,26.357
0.0461198,0.92351,0.0511624,0.276672,5.24505,26.3571
0.0455476,0.96701,0.0776896,0.342537,7.68031,26.3571
0.0456655,0.966184,0.0718179,0.785583,7.1215,26.3574
0.0451236,0.982015,0.0545704,1.53176,5.90705,26.3574
0.0449639,0.971131,0.0603889,1.51815,5.03978,26.358
0.0456048,0.934847,0.0516591,1.75628,6.78466,26.3584
0.0451711,0.985414,0.0939483,0.747556,7.94353,26.3584
0.0455322,0.965544,0.0738763,0.827414,7.71884,26.3587
0.0456018,0.961973,0.0623325,0.722124,5.26416,26.3591
0.0457456,0.964651,0.062309,0.465981,6.28714,26.3592
0.0453376,0.965877,0.079179,0.197883,6.85909,26.3594
0.0459857,0.927599,0.0568718,0.361315,6.69538,26.3596
0.0456088,0.976002,0.0577781,0.769866,5.5053,26.3596
0.0456215,0.980399,0.0700687,0.362314,7.20811,26.3598
0.0450267,0.996187,0.0677467,1.55059,7.04616,26.3602
0.0450166,0.980961,0.07122,1.18383,7.45601,26.3604
0.0460142,0.922943,0.0564967,0.271709,6.68529,26.3606
0.0458703,0.992133,0.0571091,0.145747,5.08915,26.3606
0.045365,0.969923,0.0861586,0.458465,7.0926,26.3606
0.0455634,0.927783,0.0525676,1.69947,6.26654,26.3608
0.0457784,0.898705,0.0512077,1.87806,6.51618,26.3608
0.0457066,0.937657,0.0724801,0.410224,7.17009,26.3616
0.044629,0.998048,0.0762023,1.23799,6.40595,26.3618
0.0458707,0.945289,0.0558376,0.602321,5.606,26.3618
0.0455101,0.992912,0.0592684,0.96537,5.10381,26.3618
0.0451458,0.972806,0.0665589,1.97239,7.13822,26.3619
0.0457773,0.965135,0.0605334,0.288344,6.68909,26.3622
0.0455239,0.976215,0.0655287,0.444214,6.58052,26.3622
0.0454974,0.926075,0.0542852,1.02011,6.92059,26.3631
0.0462462,0.896822,0.0556334,0.254488,6.92648,26.3632
0.0460419,0.888251,0.0613085,0.793553,6.93408,26.3632
0.0460762,0.898952,0.0606588,0.18265,6.50343,26.3633
0.0462949,0.888801,0.0507058,0.551665,5.24773,26.3633
0.0456064,0.95942,0.0690112,0.510919,6.52663,26.3635
0.0455589,0.948748,0.0795291,0.695254,7.94883,26.3639
0.0455276,0.948308,0.0739638,0.152989,6.2852,26.364
0.0458253,0.955814,0.0540666,0.239296,5.73126,26.364
0.0454883,0.920653,0.0519925,1.89286,5.75199,26.3642
0.045372,0.963203,0.0783682,0.344644,6.65105,26.3647
0.0450848,0.957013,0.057591,1.68611,5.21861,26.3648
0.0463319,0.871534,0.0560696,0.988501,6.07092,26.3648
0.045771,0.993463,0.0578093,0.274643,5.72788,26.3649
0.0461191,0.922555,0.051417,0.84207,5.8791,26.3649
0.0449369,0.99241,0.060049,1.79549,5.48477,26.365
0.046151,0.907826,0.0523633,0.962652,5.88011,26.3652
0.0455366,0.985666,0.0675989,0.494269,6.36502,26.3653
0.0457526,0.914198,0.0671535,0.0679637,6.99461,26.3655
0.0464264,0.847705,0.0507049,0.172575,5.96385,26.3656
0.0448445,0.99452,0.0750698,1.75253,7.82892,26.3656
0.04552,0.973125,0.0660088,0.58433,6.68052,26.3659
0.0453785,0.951687,0.078384,0.273923,6.0078,26.3662
0.0451401,0.976988,0.0658407,1.61274,7.22066,26.3664
0.0457356,0.973734,0.0512856,0.142365,4.12251,26.3667
0.0452262,0.957792,0.0660275,1.32177,7.13536,26.3669
0.0458756,0.937533,0.0621516,0.172283,6.1091,26.3669
0.0455305,0.94976,0.0792058,0.738653,7.03948,26.3669
0.045702,0.997863,0.0565476,0.331092,5.62416,26.3672
0.0453166,0.994313,0.064174,0.520781,5.69522,26.3674
0.0449725,0.992329,0.0716796,1.59676,7.70723,26.3675
0.0454509,0.979799,0.0874157,0.561574,8.16168,26.3681
0.0458294,0.925711,0.0592618,0.569432,5.87704,26.3682
0.0451892,0.957094,0.0622456,1.00056,6.49535,26.3683
0.0460271,0.92698,0.0627719,0.926663,7.15448,26.3683
0.0448832,0.992773,0.0734317,1.21633,7.56845,26.3683
0.0450627,0.988685,0.0671728,1.34346,7.23785,26.3683
0.0454551,0.977654,0.0875455,0.104363,8.1157,26.3685
0.0456545,0.941215,0.07418,0.233541,7.09394,26.3685
0.0461229,0.90348,0.063495,0.379744,7.73121,26.3689
0.045265,0.995936,0.0723874,0.988852,6.61526,26.3694
0.0458686,0.904773,0.0591956,0.2179,5.2047,26.3695
0.0456934,0.91539,0.0519418,1.56652,6.87337,26.3696
0.0452824,0.944727,0.0580953,1.77923,6.48986,26.3698
0.0450992,0.994518,0.0746475,0.451972,5.62104,26.3698
0.0458819,0.937555,0.0537632,0.906227,5.39762,26.3703
0.0452075,0.969158,0.0649739,1.05926,7.46061,26.3703
0.0451017,0.985496,0.0592983,1.9374,6.64759,26.3705
0.0461526,0.897763,0.0507583,0.095457,5.45262,26.3705
0.0452657,0.983586,0.0675484,0.989377,5.27097,26.3708
0.0453553,0.98386,0.0677515,0.57422,5.13134,26.3709
0.0457417,0.973493,0.0555778,0.702004,5.37565,26.371
0.0462125,0.920426,0.0524307,0.280003,6.86856,26.371
0.0460494,0.884402,0.0547071,0.181819,5.47357,26.3711
0.0453721,0.996786,0.0872635,0.781674,8.06666,26.3712
0.044975,0.993607,0.105431,0.440728,7.30253,26.3712
0.0457057,0.981234,0.0555182,0.381214,5.30254,26.3714
0.0465661,0.855925,0.0517106,0.997055,6.03219,26.3716
0.0453266,0.995391,0.0894128,0.218239,8.77235,26.3721
0.0455315,0.993167,0.0714508,0.624377,7.56539,26.3724
0.0449548,0.991555,0.0701461,1.77575,7.07373,26.3727
0.0457312,0.912395,0.0615153,0.995715,5.94359,26.3729
0.0460448,0.907617,0.065803,0.92472,7.66109,26.373
0.0458415,0.992479,0.053517,0.0854351,5.89355,26.3732
0.0450808,0.965164,0.0585594,1.91638,5.00109,26.3734
0.0458163,0.914943,0.0575638,0.952895,5.68706,26.3735
0.045272,0.958581,0.0638006,1.71766,7.68191,26.374
0.0449698,0.978634,0.060365,1.66594,5.67104,26.3742
0.0452102,0.946873,0.0620739,1.70279,6.76598,26.3742
0.0464114,0.844029,0.0511847,0.590113,5.42314,26.3746
0.0457103,0.968611,0.0580045,0.0215558,5.52611,26.3747
0.0454333,0.980708,0.0729481,0.681887,6.04448,26.3747
0.0459803,0.94104,0.0514425,0.476352,5.99668,26.375
0.0451534,0.970023,0.0661796,1.50117,7.27514,26.3753
0.045301,0.955106,0.0633879,1.83881,7.11824,26.3756
0.0450658,0.983169,0.0878951,0.536228,6.75496,26.3757
0.0449319,0.968609,0.0680087,1.39772,6.12219,26.3758
0.0452053,0.98018,0.0835961,0.717442,6.60527,26.3761
0.0458979,0.915714,0.0696419,0.210091,7.4389,26.3762
0.0450793,0.976874,0.0635652,1.7445,6.84136,26.3766
0.0452046,0.979234,0.08353,0.0955897,6.76157,26.3766
0.0454376,0.99827,0.069956,0.0327088,6.98672,26.3766
0.0462651,0.991895,0.0512037,0.699099,6.95735,26.3767
0.0463624,0.896563,0.0520533,0.0631614,6.18617,26.3768
0.0453236,0.934145,0.0546195,1.85508,5.28127,26.377
0.0454878,0.960355,0.0656711,0.362787,5.03479,26.3771
0.04494,0.998223,0.107839,0.565516,7.63591,26.3777
0.0457967,0.892552,0.0505157,1.40123,6.58189,26.3777
0.045086,0.956103,0.0633758,1.8623,6.66671,26.3778
0.0453041,0.998478,0.0939646,0.734716,8.00377,26.3782
0.0451634,0.994345,0.0865005,0.881421,7.32873,26.3785
0.0451919,0.977469,0.0912997,0.604982,7.35951,26.3786
0.0454705,0.951228,0.0535003,1.41762,6.56642,26.3787
0.045148,0.981529,0.0540638,1.44792,5.7947,26.3791
0.0461028,0.902237,0.0543315,0.273692,5.56212,26.3797
0.0451865,0.96092,0.0620111,1.97817,6.7956,26.3803
0.0452317,0.990588,0.0677494,0.820474,5.84013,26.3803
0.0455763,0.945037,0.0794387,0.0820211,7.88663,26.3803
0.0453976,0.9745,0.0671981,0.871109,5.94633,26.3804
0.0448293,0.987427,0.0707471,1.16906,6.728,26.3805
0.0449517,0.991566,0.0662636,1.6018,6.984,26.3806
0.0456356,0.984248,0.0521242,0.0439006,4.06157,26.3809
0.045601,0.939889,0.0722341,0.912915,6.78219,26.381
0.0447895,0.997794,0.0788835,1.76636,7.21159,26.3815
0.045678,0.96457,0.0565315,0.834623,5.9574,26.3815
0.0451882,0.96976,0.0659692,1.29584,7.08165,26.3816
0.0453243,0.995279,0.0637848,0.980523,5.2799,26.3816
0.0456338,0.991474,0.0530363,0.75934,4.22427,26.3819
0.0453663,0.9648,0.0688532,0.812957,5.49968,26.382
0.0459272,0.92884,0.0617199,0.208295,6.36176,26.3821
0.045547,0.983249,0.0619397,0.0461663,5.14539,26.3822
0.0453119,0.942148,0.0546913,1.10212,5.29713,26.3825
0.0462486,0.863926,0.0517246,0.27074,5.16808,26.3825
0.0459051,0.941658,0.0604317,0.59192,6.75529,26.3825
0.045509,0.994442,0.0672228,0.132845,6.11966,26.3827
0.0459928,0.90038,0.0630422,0.401466,6.36439,26.3827
0.0451102,0.988933,0.0656247,1.14757,7.58345,26.3828
0.0445755,0.988462,0.0579025,2.99942,6.01437,26.3828
0.0452959,0.956364,0.0563208,1.32915,6.49211,26.3829
0.0454471,0.998098,0.0728018,0.51451,7.28563,26.383
0.0456235,0.943397,0.074873,0.68708,7.91614,26.3832
0.0453899,0.959489,0.0665706,0.347179,5.33675,26.3833
0.0456918,0.991918,0.0592031,0.339738,5.95452,26.3833
0.0452583,0.96405,0.0538477,1.73903,5.91325,26.3834
0.0461838,0.973164,0.0510959,0.905533,5.77243,26.3841
0.0458921,0.960757,0.0523814,0.0828009,5.51224,26.3847
0.0460673,0.938442,0.0505542,0.47473,5.94263,26.3848
0.0452009,0.987351,0.0759956,0.352151,6.84377,26.3849
0.0456024,0.985227,0.069612,0.596538,7.55432,26.3849
0.0452834,0.966562,0.0560569,1.28657,6.2735,26.3849
0.0463747,0.886828,0.0532377,0.865266,6.29001,26.3849
0.0450018,0.968551,0.0599038,1.118,5.97748,26.385
0.0455856,0.914913,0.0549336,1.43866,6.81121,26.3853
0.0452034,0.977652,0.0836132,0.507962,6.90221,26.3858
0.0457297,0.921005,0.068963,0.498829,6.3286,26.3858
0.0458251,0.981948,0.0561905,0.307286,5.72714,26.3858
0.0456558,0.937766,0.0754789,0.0256503,7.05676,26.3859
0.0455748,0.995765,0.0592492,0.766003,5.16211,26.3861
0.0453989,0.961937,0.0655303,0.868808,5.60946,26.3861
0.0460588,0.916143,0.0643273,0.534102,7.2406,26.3861
0.0456442,0.929122,0.0515097,1.92288,6.63947,26.3862
0.0453851,0.953652,0.0746168,0.236883,6.64409,26.3864
0.0456097,0.982537,0.0690757,0.915439,7.35565,26.3865
0.045509,0.969429,0.0740623,0.790815,7.80577,26.3869
0.0452695,0.963046,0.0630605,1.85065,7.32818,26.3871
0.0454065,0.95938,0.082607,0.380341,7.25471,26.3871
0.0458374,0.920971,0.0710194,0.0825985,7.80721,26.3872
0.0455954,0.932089,0.072495,0.606813,6.58313,26.3875
0.0450193,0.997533,0.0604194,1.79397,6.6051,26.3875
0.0454911,0.93862,0.0756631,0.0144169,6.54588,26.3882
0.0453246,0.952606,0.0584623,1.67542,6.22031,26.3882
0.0462821,0.916745,0.0507918,0.822742,6.01348,26.3884
0.0453031,0.967559,0.087856,0.237633,7.23985,26.3884
0.0461638,0.877337,0.0582202,0.369588,6.01744,26.3885
0.0461654,0.913506,0.0558388,0.557946,6.08148,26.3886
0.0454185,0.97957,0.0821074,0.259392,7.65596,26.3886
0.0457502,0.922552,0.0646811,0.168012,6.63713,26.3892
0.0454975,0.959945,0.0815703,0.189102,7.41707,26.3892
0.0448435,0.990137,0.0767089,1.03961,7.32547,26.3894
0.0456916,0.995941,0.0568093,0.615642,5.25502,26.3895
0.0452227,0.958632,0.0555289,1.73777,5.53846,26.3895
0.0458585,0.935439,0.0593876,0.839964,6.1221,26.3897
0.0453296,0.955679,0.0801552,0.775415,6.41404,26.3897
0.045652,0.990568,0.0510724,0.830158,4.20875,26.3901
0.0456572,0.920982,0.0713905,0.738545,6.71097,26.3903
0.0459764,0.953475,0.0511189,0.119099,5.56503,26.3904
0.0451386,0.96359,0.0685621,1.65931,7.0166,26.3905
0.0446974,0.981084,0.0510096,2.71622,5.62254,26.3906
0.0457838,0.950512,0.0666079,0.0732064,7.0093,26.3908
0.0450583,0.955026,0.058774,1.04353,5.40097,26.3908
0.0455044,0.978197,0.0844466,0.865105,8.21161,26.3909
0.044967,0.991895,0.0722777,1.14836,7.27347,26.3909
0.0460152,0.969406,0.0522141,0.341138,5.52389,26.391
0.0455641,0.971638,0.0690279,0.678047,6.48844,26.3911
0.0460609,0.914685,0.064506,0.00881312,7.40968,26.3913
0.0452732,0.965332,0.0562811,1.98661,6.47941,26.3914
0.0458531,0.923818,0.0557869,0.456922,5.3074,26.3916
0.0452128,0.965748,0.0550642,1.60262,5.38927,26.392
0.045871,0.946765,0.064973,0.960048,7.97385,26.392
0.0451717,0.989464,0.076943,0.694726,6.51949,26.392
0.0455582,0.998722,0.0629247,0.32843,6.28249,26.3921
0.0456441,0.965404,0.0608268,0.117753,5.60332,26.3921
0.0458768,0.939518,0.0650428,0.484191,7.7847,26.3922
0.0450344,0.9681,0.059463,1.7519,5.93541,26.3926
0.0457922,0.973855,0.053946,0.550075,5.69213,26.3926
0.0449152,0.993236,0.0638781,1.09184,6.01068,26.3927
0.045657,0.994049,0.0584181,0.341017,5.89151,26.3928
0.0457515,0.980831,0.0540737,0.995622,5.33022,26.3928
0.0446585,0.986651,0.0557353,2.66736,6.94381,26.3929
0.0455963,0.9397,0.0726482,0.394996,6.95364,26.3929
0.046242,0.889417,0.0537562,0.427688,6.71436,26.3929
0.045767,0.911738,0.0677618,0.736295,6.25671,26.393
0.0466285,0.836505,0.0508255,0.221958,6.42586,26.3932
0.0455533,0.97418,0.0760743,0.561097,7.46736,26.3933
0.045281,0.997084,0.0960041,0.300326,8.39991,26.3935
0.045877,0.906354,0.0657199,0.645465,6.47812,26.3935
0.0447692,0.983358,0.0535032,2.32032,6.53138,26.3936
0.0452785,0.993149,0.0655807,0.356291,5.73406,26.3937
0.0456554,0.933928,0.0630799,0.501836,5.93294,26.3938
0.0447971,0.998847,0.0672881,1.83832,6.67882,26.3938
0.0459946,0.930301,0.0562147,0.31133,6.73632,26.3939
0.0453265,0.994472,0.0934807,0.440086,8.61519,26.3939
0.0447676,0.969532,0.0547092,2.60928,6.46075,26.394
0.045123,0.971528,0.0628348,1.19914,6.9237,26.394
0.0453765,0.973036,0.0859927,0.642981,7.85752,26.394
0.0459006,0.951107,0.0542811,0.049364,5.44498,26.3941
0.0453766,0.987698,0.0827058,0.712733,7.1176,26.3944
0.0452159,0.983172,0.0565994,1.17291,6.10852,26.3945
0.0458945,0.957066,0.0532679,0.330187,5.23992,26.3948
0.0447159,0.961468,0.0517064,2.4278,5.27756,26.3948
0.0452543,0.953654,0.0552057,1.68597,5.25689,26.3952
0.0450484,0.95753,0.0584842,1.97165,5.31127,26.3954
0.0445542,0.997751,0.0575028,2.85432,6.96529,26.3956
0.0457556,0.985816,0.0577758,0.286951,5.51858,26.3956
0.0463199,0.887498,0.0586921,0.00466618,7.54625,26.3958
0.0453563,0.986271,0.0842174,0.132012,7.77045,26.3962
0.0460582,0.966987,0.0515439,0.0963621,5.96558,26.3962
0.04527,0.974047,0.0908753,0.269019,7.09886,26.3962
0.045596,0.994032,0.0538733,0.837747,4.35379,26.3962
0.0453244,0.93286,0.0601638,1.32304,6.86494,26.3963
0.0458287,0.973328,0.0505767,0.137731,4.55262,26.3965
0.0447045,0.973838,0.0562844,2.77978,6.59557,26.3966
0.0462549,0.871384,0.0559406,0.309072,6.29126,26.3966
0.046132,0.878718,0.059105,0.318222,6.55898,26.3968
0.0458984,0.899128,0.0638799,0.221189,6.7642,26.3968
0.0455506,0.995935,0.063091,0.969893,6.05787,26.3969
0.0456368,0.90801,0.0542553,1.25489,6.79867,26.397
0.04543,0.992072,0.0714611,0.4201,6.31263,26.3971
0.045645,0.934416,0.0713698,0.466431,6.92914,26.3971
0.0448484,0.984315,0.0627904,1.84018,5.59924,26.3973
0.0460682,0.917961,0.0509001,0.410485,5.75001,26.3974
0.0458461,0.952579,0.0580755,0.777052,6.62581,26.3976
0.0451699,0.977234,0.0956472,0.445556,7.92231,26.3979
0.0456916,0.978518,0.0575545,0.781128,5.28326,26.3981
0.0456793,0.976892,0.0674633,0.122075,7.54105,26.3981
0.0450642,0.968083,0.0713638,1.55684,7.2078,26.3982
0.0451532,0.98982,0.0851047,0.62853,6.07859,26.3988
0.0456625,0.965951,0.0687527,0.269656,7.87719,26.3989
0.0451122,0.986205,0.054215,1.1348,5.9729,26.3992
0.0462207,0.88748,0.0623499,0.159577,7.36818,26.3994
0.04469,0.986034,0.0507377,2.47979,5.51912,26.4
0.0454375,0.998923,0.064278,0.575288,5.21546,26.4001
0.0454929,0.942933,0.0649501,0.443621,5.09595,26.4001
0.0452369,0.98726,0.0711599,0.644639,5.67192,26.4008
0.0461842,0.912882,0.0530574,0.871022,6.36936,26.4012
0.0460848,0.903082,0.0652104,0.598602,7.105,26.4012
0.0454294,0.958381,0.053785,1.6526,6.47419,26.4016
0.0456733,0.925873,0.0706106,0.831435,6.87688,26.4017
0.0455598,0.944158,0.0806051,0.961602,7.11801,26.4018
0.0462267,0.879268,0.0553443,0.803093,6.52277,26.402
0.0457328,0.915856,0.0667277,0.212213,6.50955,26.402
0.0450359,0.9825,0.0584482,1.97026,5.41994,26.402
0.046014,0.929055,0.0539201,0.548654,5.92523,26.4021
0.044946,0.954378,0.0513902,2.29225,6.8423,26.4022
0.0455239,0.944046,0.0746388,0.103992,6.47376,26.4023
0.0453083,0.990869,0.0771262,0.042821,6.61715,26.4025
0.0445205,0.990364,0.0541431,2.3581,5.10968,26.4028
0.0451947,0.996068,0.101973,0.422486,8.57137,26.4029
0.0459138,0.904618,0.0585703,0.00275217,5.07727,26.4033
