beta,permeability,xi,init_days,delay,value
0.0574514,0.00333596,0.166379,17.7089,8.29003,25.2065
0.0567494,0.00595413,0.164513,18.9252,8.70197,25.2486
0.0567606,0.00671876,0.166369,18.005,8.55978,25.2532
0.0575997,0.00245194,0.163826,17.4218,8.42272,25.2656
0.056705,0.0128196,0.166141,18.0683,8.56552,25.2685
0.0567522,0.010219,0.165584,18.5828,8.42141,25.2693
0.0576,0.0046391,0.16564,17.4026,8.1561,25.2717
0.0568413,0.00264412,0.160092,18.6311,8.83087,25.2777
0.0567541,0.011383,0.165537,18.6444,8.05367,25.2804
0.056771,0.0104125,0.165563,18.6994,8.97075,25.2806
0.057491,0.00926408,0.165625,17.5466,8.92138,25.2825
0.0566717,0.00526501,0.165724,18.1878,8.57768,25.2881
0.0574783,0.00943718,0.16578,17.5529,8.37363,25.2883
0.0568141,0.00664819,0.162064,18.001,8.11114,25.2931
0.0568546,0.00169517,0.159205,18.1933,8.17199,25.2976
0.0566513,0.00274258,0.165109,18.4402,8.63946,25.3142
0.0567165,0.0165743,0.164768,18.8187,8.38383,25.3202
0.057562,0.0109047,0.166176,17.0742,8.53714,25.3257
0.05747,0.0108783,0.165373,17.1366,8.89439,25.3267
0.0567655,0.0128765,0.162199,18.9909,8.40346,25.3296
0.0567443,0.0136149,0.162717,18.8297,8.26606,25.3302
0.0567155,0.0188604,0.165778,18.4351,8.51474,25.3318
0.0568552,0.0019734,0.157135,18.9277,8.87688,25.3361
0.0566696,0.0174921,0.165994,18.209,8.90729,25.3379
0.0567447,0.0135063,0.162173,18.1235,8.68966,25.3446
0.0582341,0.00421333,0.166142,16.8227,8.92795,25.3455
0.0575343,0.0011516,0.159985,17.8142,8.5864,25.3575
0.057535,0.0148501,0.166357,17.9072,8.845,25.3586
0.0574834,0.0151449,0.16619,17.6138,8.0097,25.363
0.057463,0.00660593,0.162575,17.6471,8.06384,25.3658
0.0576368,0.00631342,0.166395,17.6776,8.75353,25.3666
0.0574847,0.0134289,0.16529,17.1716,8.88,25.367
0.0567484,0.0187042,0.164607,18.1289,8.50631,25.3782
0.056871,0.00513243,0.160945,18.1334,8.79118,25.3818
0.0567541,0.0142158,0.160323,18.0217,8.02356,25.4079
0.0583669,0.00281003,0.165899,16.4994,8.38494,25.4099
0.0576389,0.00264988,0.160671,17.7943,8.22777,25.4112
0.0567597,0.0202437,0.165713,18.7609,8.28752,25.4114
0.056668,0.00659126,0.162111,18.3388,8.09551,25.4115
0.0576558,0.00572166,0.165361,17.1882,8.64224,25.4148
0.0548718,0.00271687,0.164183,21.4001,9.86976,25.4188
0.0566751,0.0260265,0.166347,18.7144,8.91951,25.4224
0.0559601,0.00566026,0.1647,19.7695,8.94881,25.4245
0.0567973,0.00463111,0.155263,18.132,8.14669,25.4258
0.0559238,0.00875641,0.165145,19.6656,8.58162,25.4284
0.0567468,0.01172,0.158565,18.9526,8.73957,25.4318
0.0573681,0.00758683,0.165094,17.8666,8.89064,25.4392
0.0559884,0.00284504,0.16467,19.1196,8.20281,25.4393
0.0559151,0.00916807,0.164677,19.6469,8.05448,25.4417
0.055944,0.00879297,0.164122,19.4348,8.74311,25.4441
0.0548619,0.00500741,0.164318,21.2365,9.73123,25.4445
0.0567932,0.0062583,0.155524,18.3935,8.50282,25.4467
0.0575012,0.0169354,0.164879,17.9565,8.19609,25.4477
0.0567117,0.0189448,0.161394,18.0328,8.80313,25.4525
0.0566338,0.00646983,0.163101,18.2657,8.95064,25.4528
0.056854,0.0105581,0.161445,18.3977,8.90796,25.453
0.0567292,0.0190495,0.161249,18.0667,8.4042,25.4554
0.0574681,0.0128285,0.162604,17.5163,8.86271,25.4562
0.0582122,0.00752617,0.1656,16.0636,8.30228,25.4604
0.0575884,0.0135178,0.164609,17.3244,8.88659,25.4631
0.0559471,0.0113696,0.164047,19.7456,8.06396,25.4653
0.0575483,0.0119457,0.162162,17.3993,8.19864,25.4685
0.0575235,0.0102866,0.161486,17.9152,8.65923,25.4687
0.0558801,0.00306011,0.165196,19.7443,8.28278,25.4719
0.056783,0.0178329,0.160805,18.921,8.6077,25.4722
0.0560445,0.00216357,0.160667,19.8114,8.51517,25.4734
0.0566787,0.0274436,0.165125,18.8849,8.29477,25.475
0.0574939,0.0120081,0.161947,17.9361,8.59386,25.4759
0.0567253,0.0244381,0.16342,18.4447,8.13456,25.4779
0.0566073,0.0120041,0.164532,18.4312,8.59857,25.478
0.0560179,0.00438585,0.163312,19.498,8.50018,25.4787
0.0560079,0.00585167,0.158919,19.0491,8.73056,25.4811
0.0574323,0.0127746,0.162698,17.4075,8.49754,25.4871
0.057358,0.00726402,0.164262,17.6177,8.25874,25.4876
0.0558956,0.00767964,0.164075,19.7146,8.3542,25.4903
0.0561153,0.00887252,0.155616,19.9867,8.11773,25.4919
0.0560884,0.0108457,0.154623,19.1421,8.56185,25.4919
0.0568515,0.014306,0.164867,18.6918,8.56172,25.4922
0.0588951,0.00405024,0.16338,15.0416,7.76919,25.4926
0.0559003,0.0073352,0.163339,19.0646,8.08775,25.4963
0.0566791,0.030083,0.165535,18.8125,8.61032,25.499
0.0566266,0.00511487,0.162259,18.7852,8.86693,25.5003
0.0561334,0.00657103,0.152215,19.412,8.03136,25.501
0.0589647,0.00306549,0.161029,15.684,7.76755,25.5041
0.058943,0.00357642,0.160907,15.6531,7.03322,25.5048
0.0566683,0.0156186,0.160461,18.6988,8.25415,25.505
0.056083,0.0136273,0.154605,19.0207,8.31639,25.5053
0.056063,0.00754021,0.159493,19.6197,8.44427,25.5053
0.0566809,0.00639002,0.159017,18.4628,8.28673,25.5072
0.0555858,0.00348455,0.166086,20.8172,9.47342,25.5074
0.0561262,0.00175744,0.1587,19.3744,8.79583,25.5076
0.0566853,0.0318954,0.166093,18.6748,8.37306,25.5088
0.0569532,0.00228783,0.160525,18.0392,8.25368,25.5094
0.0559194,0.00855302,0.161461,19.177,8.54005,25.5097
0.0568407,0.00721946,0.154922,18.1477,8.15133,25.5101
0.0575871,0.00109049,0.156639,17.1414,8.9766,25.5107
0.0559221,0.0107961,0.161616,19.154,8.64936,25.5109
0.0576483,0.00528374,0.159895,17.0684,8.46801,25.5131
0.0573942,0.00710112,0.161914,17.4121,8.85329,25.5133
0.0560212,0.004291,0.156019,19.7788,8.38557,25.5142
0.0582825,0.00674345,0.163954,16.1528,8.75794,25.5144
0.0560386,0.00298078,0.166469,19.3449,8.64928,25.5176
0.0560499,0.00985388,0.16103,19.7421,8.86253,25.518
0.0550064,0.00329997,0.164966,21.4865,9.05522,25.5186
0.0560103,0.0220111,0.160316,19.0422,8.03177,25.5203
0.0589642,0.0042568,0.160838,15.6811,7.65679,25.5218
0.0560907,0.00288984,0.16241,19.7751,8.63141,25.5226
0.0561132,0.00558286,0.160141,19.3993,8.59958,25.5233
0.0567249,0.0299326,0.166394,18.5081,8.46836,25.5239
0.0574535,0.00937033,0.160209,17.5096,8.31721,25.5252
0.0561243,0.0084497,0.159665,19.3953,8.06996,25.5252
0.0550185,0.00122112,0.163705,21.7777,9.70146,25.5255
0.0559849,0.0155435,0.165172,19.7054,8.02144,25.5262
0.0589125,0.00591359,0.16416,15.0217,7.44021,25.5265
0.05596,0.022428,0.164123,19.5983,8.408,25.5266
0.0589003,0.00532691,0.162033,15.074,7.76067,25.5278
0.056089,0.0107907,0.160173,19.0465,8.99748,25.5288
0.0549853,0.00355051,0.164144,21.8249,9.08046,25.5293
0.0561589,0.00727225,0.157515,19.1968,8.207,25.5312
0.0555554,0.00424446,0.165327,20.2909,9.37386,25.5341
0.0575344,0.0140363,0.161434,17.697,8.77385,25.5345
0.0560628,0.0154447,0.160831,19.5821,8.24127,25.5349
0.0561085,0.00174901,0.150408,19.9163,8.81114,25.5352
0.0561127,0.00383818,0.150194,19.8378,8.50935,25.5366
0.0549489,0.00528069,0.163771,21.9173,9.85815,25.5372
0.0560548,0.0187701,0.161063,19.8558,8.75737,25.5379
0.0560132,0.0143104,0.164593,19.9607,8.68572,25.538
0.0548778,0.0141827,0.166502,21.3699,9.09239,25.5392
0.0561468,0.00285574,0.160409,19.6251,8.2721,25.5395
0.0548341,0.0157001,0.165923,21.3304,9.22386,25.5397
0.0581859,0.0046163,0.164402,16.4074,8.77634,25.5397
0.0568206,0.0111176,0.155752,18.6028,8.8871,25.546
0.0561009,0.00453107,0.16288,19.8158,8.94066,25.5478
0.0560787,0.0184265,0.160582,19.9641,8.64114,25.5481
0.0582541,0.00633297,0.163111,16.4494,8.07846,25.5485
0.0541886,0.0138095,0.166024,22.6296,9.26253,25.5489
0.0566959,0.0273219,0.162333,18.6301,8.02135,25.5499
0.0561463,0.00846644,0.160758,19.8638,8.22296,25.5501
0.0561287,0.0114059,0.161217,19.7057,8.84509,25.5502
0.0561951,0.00330918,0.155056,19.3626,8.80136,25.5511
0.058178,0.00482033,0.1645,16.719,8.37166,25.5518
0.0559675,0.0264315,0.165296,19.0811,8.51307,25.5537
0.0559058,0.0259606,0.163877,19.6264,8.30186,25.5547
0.0559401,0.030307,0.166389,19.6168,8.51821,25.5554
0.0561492,0.0100993,0.157178,19.3462,8.08555,25.5559
0.0589001,0.00733795,0.162702,15.4567,7.61786,25.5559
0.054323,0.00228916,0.16406,22.6751,9.74567,25.5573
0.0560846,0.017626,0.156028,19.9577,8.01201,25.5577
0.0581845,0.00216026,0.154078,16.1409,7.01674,25.5588
0.0559645,0.0230457,0.159988,19.3114,8.11311,25.5593
0.0567728,0.0188888,0.158703,18.5549,8.30812,25.5617
0.0559459,0.00486944,0.157994,19.8755,8.34263,25.5618
0.0560621,0.0188427,0.16392,19.13,8.8914,25.5619
0.0560816,0.00275868,0.165596,19.5771,8.85498,25.562
0.0561382,0.0122128,0.16065,19.8496,8.63547,25.5633
0.0576591,0.00115522,0.156626,17.5398,8.82453,25.5641
0.0559766,0.0281325,0.165768,19.0276,8.87525,25.5649
0.0574953,0.00791841,0.158122,17.5279,8.25176,25.5651
0.0583003,0.00639951,0.162765,16.0398,8.09856,25.5661
0.0550073,0.00635024,0.165223,21.6605,9.67945,25.5693
0.0561307,0.0114304,0.162251,19.4791,8.56253,25.5695
0.054772,0.00635359,0.164481,21.7893,9.26244,25.5696
0.0542289,0.0124618,0.163561,22.4758,9.94967,25.5697
0.0568152,0.018145,0.158511,18.2184,8.81777,25.5718
0.0559376,0.0339395,0.164615,19.6901,8.07955,25.5732
0.0577668,0.00141064,0.164431,17.2184,8.05596,25.5734
0.0577125,0.0036406,0.160811,17.9704,8.39343,25.5748
0.0561182,0.00953331,0.163095,19.06,8.25071,25.5767
0.0560824,0.00432751,0.166036,19.7333,8.99185,25.5773
0.0542811,0.00838595,0.163359,22.1755,9.82815,25.5777
0.0590304,0.0022152,0.156965,15.3689,7.80485,25.5791
0.057352,0.00610243,0.162256,17.8089,8.86778,25.5799
0.0561611,0.0062248,0.149574,19.0273,8.58757,25.5799
0.0558917,0.0177266,0.162431,19.9415,8.93653,25.5801
0.0541793,0.00694009,0.164079,22.9374,9.94348,25.5801
0.0550131,0.00775272,0.166393,21.2956,9.82092,25.5818
0.057673,0.0106109,0.166168,17.1985,8.42806,25.5832
0.0561147,0.0101671,0.163591,19.8824,8.42467,25.5836
0.057318,0.00882475,0.164665,17.5418,8.52611,25.5844
0.0558867,0.0327216,0.164203,19.2755,8.18727,25.5859
0.0552616,0.00401584,0.159847,20.3242,8.7078,25.5862
0.0542673,0.0128888,0.166309,22.456,9.86945,25.5865
0.0566642,0.0280861,0.161904,18.0699,8.8375,25.5875
0.055455,0.00444586,0.165378,20.6442,9.01899,25.5885
0.0560789,0.0136441,0.165069,19.5582,8.32541,25.589
0.0560232,0.021792,0.155441,19.1394,8.5094,25.5893
0.0543502,0.00329207,0.166324,22.4653,9.85305,25.5901
0.0560723,0.0165488,0.165216,19.8698,8.04376,25.5905
0.0566579,0.00369376,0.158171,18.3457,8.21432,25.5909
0.056025,0.0267917,0.162033,19.2937,8.91233,25.5911
0.0581061,0.00478744,0.165945,16.5245,8.26744,25.5924
0.0543137,0.00269085,0.160754,22.1948,9.07397,25.5935
0.0548796,0.00954457,0.162401,21.0459,9.42604,25.5941
0.0577225,0.00428242,0.162206,17.9093,8.16188,25.5945
0.0574366,0.0135625,0.160388,17.7987,8.67992,25.5946
0.0574421,0.00754388,0.158677,17.6193,8.3054,25.5949
0.0552464,0.00147835,0.162872,20.2645,8.32273,25.5958
0.0542502,0.0142745,0.164989,22.9176,9.91401,25.5964
0.0560144,0.0168799,0.15462,19.6014,8.60053,25.5967
0.0588818,0.00578876,0.15954,15.0869,7.64381,25.5971
0.0560059,0.0291124,0.159708,19.8367,8.56395,25.5974
0.0582565,0.00483146,0.161602,16.5188,8.31658,25.5975
0.0560197,0.0140641,0.154013,19.1916,8.80725,25.5983
0.0541755,0.0214609,0.166182,22.8933,9.25518,25.5997
0.0560222,0.0236574,0.156032,19.9334,8.94712,25.6001
0.0558651,0.00728023,0.163041,19.0457,8.03569,25.6033
0.0569124,0.0124355,0.165861,18.9147,8.66225,25.606
0.0559935,0.022063,0.155764,19.7131,8.31798,25.6064
0.0561452,0.0131716,0.162583,19.6002,8.42832,25.6069
0.0569563,0.00643279,0.164221,18.8109,8.15067,25.607
0.0542455,0.00626646,0.160362,22.8916,9.64702,25.6074
0.0569307,0.00565638,0.156,18.1951,8.23689,25.6086
0.0552921,0.00233004,0.157256,20.3733,8.78251,25.6087
0.0542283,0.00542443,0.160171,22.9687,9.37939,25.6088
0.0588607,0.0109792,0.163876,15.641,7.39367,25.6103
0.0581659,0.00611883,0.164051,16.8357,8.07811,25.6117
0.0559506,0.0356404,0.162834,19.126,8.02596,25.6124
0.0574998,0.0113854,0.158277,17.1178,8.78129,25.6131
0.0568771,0.0105659,0.155092,18.425,8.36617,25.6132
0.055854,0.0366528,0.165871,19.4719,8.75663,25.6137
0.0559784,0.0238844,0.156384,19.0942,8.33933,25.6159
0.0589322,0.00838868,0.166079,15.2108,7.48107,25.6163
0.055258,0.00126191,0.156349,20.4231,8.24284,25.6176
0.0561147,0.0180041,0.161341,19.7533,8.84053,25.6176
0.0575295,0.00756319,0.156576,17.5928,8.67757,25.6192
0.0558722,0.0271322,0.163704,19.3521,8.8158,25.6193
0.0568233,0.0169157,0.156759,18.0856,8.02977,25.62
0.0568399,0.0222085,0.16501,18.9426,8.48722,25.6209
0.0565944,0.0218119,0.162448,18.0334,8.47561,25.6244
0.0558409,0.00699636,0.164105,19.2784,8.15736,25.6252
0.058162,0.00725573,0.155326,16.0263,7.25623,25.6257
0.0552197,0.00150446,0.162816,20.4541,8.13491,25.6258
0.0552833,0.00484869,0.160786,20.0344,8.56504,25.6264
0.0560635,0.024277,0.159924,19.2594,8.03208,25.6271
0.056785,0.00895826,0.152648,18.591,8.06235,25.628
0.0588992,0.0100859,0.161614,15.0315,7.14965,25.6281
0.0541931,0.0132703,0.161376,22.9864,9.85583,25.6285
0.0560026,0.020124,0.154039,19.6217,8.23809,25.6286
0.0581398,0.00723337,0.15588,16.1288,7.89954,25.6286
0.0575758,0.0181107,0.162916,17.4722,8.81671,25.6288
0.0581083,0.00448644,0.165039,16.1219,8.06898,25.629
0.0569922,0.00146706,0.158099,18.5793,8.08363,25.629
0.0560247,0.0295045,0.16164,19.971,8.62404,25.6309
0.0581602,0.0117679,0.165155,16.1093,8.07852,25.6309
0.0569025,0.00537848,0.152445,18.6691,8.95738,25.6316
0.0552042,0.00841948,0.16411,20.2841,8.09398,25.6323
0.0561336,0.0121075,0.166021,19.1261,8.3442,25.6351
0.0559954,0.0130175,0.154185,19.9491,8.43809,25.6361
0.0573228,0.00780556,0.163099,17.3768,8.7719,25.6367
0.0569418,0.00937526,0.162331,18.9026,8.1196,25.6369
0.0582272,0.00529448,0.152252,16.7765,7.63263,25.6378
0.057358,0.00406862,0.160412,17.6945,8.67785,25.6382
0.0559025,0.0366963,0.162226,19.7989,8.04685,25.6382
0.0581384,0.00700952,0.154058,16.1174,7.34813,25.6387
0.0542066,0.0120938,0.160352,22.4367,9.4986,25.6388
0.0573397,0.00829234,0.161987,17.5742,8.2013,25.6388
0.0589267,0.00935131,0.166177,15.8924,7.04832,25.6389
0.0559064,0.0320723,0.161054,19.7962,8.54602,25.6394
0.056654,0.0193665,0.158716,18.8069,8.19253,25.6399
0.0552804,0.00529861,0.156438,20.1778,8.0456,25.6401
0.0574299,0.0142022,0.159779,17.2204,8.7142,25.6405
0.0550178,0.00840327,0.164156,21.0016,9.6367,25.6407
0.0549557,0.00806807,0.162397,21.8214,9.92243,25.6426
0.0560265,0.0299922,0.162888,19.68,8.40835,25.6429
0.0581222,0.00478118,0.159996,16.5047,7.37655,25.6431
0.0552375,0.00218401,0.166249,20.1447,8.21704,25.6431
0.0553185,0.00246222,0.155282,20.1617,8.3036,25.644
0.0588496,0.00892641,0.161223,15.1563,7.94266,25.644
0.0565435,0.0247032,0.165633,18.3095,8.89082,25.6452
0.0562409,0.00301914,0.157533,19.7143,8.70524,25.6454
0.0559395,0.0169061,0.157763,19.1938,8.67818,25.6455
0.0552256,0.0104804,0.160638,20.0609,8.06185,25.6455
0.0560534,0.0260219,0.157955,19.1264,8.95448,25.6461
0.058949,0.00559312,0.155762,15.4012,7.65726,25.6465
0.0549345,0.0109206,0.163258,21.7486,9.9819,25.6469
0.0565939,0.0127904,0.161324,18.8006,8.00594,25.6482
0.0543859,0.00119594,0.163399,22.9539,9.41181,25.6485
0.0541487,0.0250782,0.165484,22.5259,9.84091,25.649
0.0542316,0.00350945,0.157577,22.2329,9.84091,25.6508
0.0569158,0.0097438,0.156868,18.62,8.93468,25.6526
0.0568196,0.0250415,0.163316,18.4232,8.48464,25.653
0.0552418,0.0085153,0.157963,20.6415,8.31063,25.6554
0.0541652,0.0213956,0.163057,22.5132,9.45957,25.6554
0.0549615,0.0120094,0.164483,21.7472,9.58628,25.6555
0.0552096,0.0121512,0.161909,20.7373,8.90518,25.6562
0.0565697,0.00954538,0.163182,18.9764,8.93157,25.6576
0.055181,0.0149566,0.166302,20.0926,8.63777,25.6586
0.0542865,0.0139485,0.163843,22.3787,9.8184,25.6589
0.0566204,0.0210896,0.160231,18.396,8.80167,25.6598
0.0552476,0.00725855,0.156877,20.1636,8.87614,25.6601
0.0573728,0.0111345,0.16052,17.1023,8.53452,25.6614
0.0567603,0.0336943,0.165487,18.1333,8.82516,25.6618
0.0552765,0.00964038,0.159839,20.0207,8.02573,25.6623
0.0570048,0.00201058,0.164436,18.9311,8.57565,25.6629
0.0576683,0.00686304,0.157546,17.9537,8.96203,25.6633
0.0568446,0.00501439,0.150644,18.4715,8.77875,25.6639
0.0558144,0.0153997,0.166316,19.9015,8.44722,25.6644
0.0559589,0.0313074,0.157816,19.3867,8.17933,25.6649
0.0552928,0.0050564,0.154079,20.0354,8.6949,25.6652
0.0562427,0.00165399,0.150666,19.8275,8.41719,25.6658
0.0561876,0.00522281,0.165207,19.9337,8.23958,25.6663
0.0590377,0.00148577,0.162201,15.9389,7.00796,25.6668
0.0567701,0.0327254,0.165349,18.9234,8.8148,25.668
0.0562196,0.00669417,0.15946,19.2186,8.99524,25.6693
0.0542199,0.011347,0.159111,22.5312,9.91633,25.6693
0.0562075,0.00820988,0.159884,19.926,8.47563,25.6698
0.0560692,0.0087216,0.14828,19.5145,8.44696,25.6717
0.0581349,0.00621763,0.151754,16.0654,7.32466,25.6718
0.0568652,0.0205438,0.163333,18.7287,8.82612,25.672
0.0552369,0.0100354,0.157986,20.1998,8.53391,25.672
0.0559426,0.0152215,0.156548,19.3959,8.58413,25.6756
0.0547359,0.00641835,0.164023,21.9399,9.24807,25.676
0.0559445,0.0239453,0.156987,19.8835,8.02313,25.6766
0.0542309,0.0172864,0.162116,22.3872,9.8543,25.677
0.0552155,0.00672062,0.158698,20.9331,8.16276,25.677
0.0568211,0.0256801,0.162987,18.2134,8.46675,25.6772
0.0569258,0.0133917,0.163367,18.2514,8.10684,25.6779
0.0559759,0.0268557,0.15529,19.8036,8.55536,25.678
0.0559538,0.0182299,0.156034,19.9642,8.57576,25.6784
0.055897,0.0296627,0.160492,19.9671,8.5611,25.6786
0.0566757,0.0109147,0.155275,18.7223,8.72625,25.6794
0.0583866,0.00810323,0.164961,16.5793,8.47101,25.6805
0.0555523,0.0129678,0.165598,20.3726,9.43939,25.6824
0.0567631,0.0167997,0.154815,18.2918,8.77948,25.6825
0.056785,0.0316341,0.165325,18.9888,8.95643,25.6829
0.0567889,0.02808,0.160753,18.93,8.48998,25.6833
0.0542098,0.0224009,0.164134,22.7137,9.62749,25.6839
0.0574764,0.0240685,0.162576,17.3341,8.447,25.6841
0.0552812,0.0102184,0.15676,20.1424,8.92439,25.686
0.0575069,0.00109721,0.153788,17.6869,8.36321,25.6862
0.0559197,0.0435594,0.164407,19.8514,8.03923,25.6868
0.05811,0.00974519,0.16194,16.7533,7.05581,25.6868
0.0568621,0.0211423,0.162372,18.12,8.40391,25.6873
0.0588922,0.0127596,0.165837,15.3464,7.67433,25.6877
0.0543013,0.00803174,0.158551,22.8183,9.936,25.6885
0.0552627,0.0128375,0.158187,20.8718,8.26057,25.6891
0.0559946,0.033746,0.158788,19.5588,8.77958,25.6891
0.0581213,0.00770418,0.15252,16.6119,7.60959,25.6892
0.0549208,0.00862272,0.160635,21.6215,9.85575,25.6895
0.0569272,0.0139212,0.165623,18.5387,8.17062,25.6898
0.0554533,0.0118625,0.165214,20.4503,9.03802,25.6901
0.0574155,0.0220208,0.161618,17.532,8.79213,25.6924
0.0555429,0.00306369,0.162008,20.5231,9.31817,25.693
0.0551639,0.01312,0.165707,20.7904,8.82076,25.6939
0.05749,0.0242963,0.162884,17.0442,8.65465,25.6956
0.0541598,0.0249458,0.163253,22.2846,9.31621,25.6957
0.0561744,0.0140347,0.158478,19.2008,8.3028,25.6971
0.0559412,0.0271539,0.156646,19.7882,8.76207,25.6976
0.0542282,0.019329,0.162358,22.4289,9.39721,25.6981
0.0580797,0.00257372,0.158532,16.4738,7.85305,25.6984
0.0552171,0.00240338,0.157522,20.6095,8.25511,25.6987
0.0581113,0.00897468,0.153423,16.187,7.53373,25.6989
0.0552834,0.00343043,0.152366,20.2365,8.54822,25.7
0.0568589,0.00845044,0.151703,18.774,8.18815,25.7001
0.0556214,0.0114236,0.1658,20.5517,9.69976,25.7012
0.0581328,0.0121784,0.158876,16.5087,7.67091,25.7025
0.0573289,0.00569016,0.161057,17.0717,8.80455,25.7029
0.0551618,0.0112063,0.165346,20.7297,8.0548,25.7033
0.0558778,0.0190964,0.160082,19.1625,8.10215,25.7034
0.0588799,0.00114307,0.153354,15.8932,7.14395,25.7035
0.0557461,0.00718919,0.16523,20.3089,9.67576,25.7036
0.0543977,0.00133608,0.160857,22.5773,9.17578,25.7036
0.0567645,0.0109873,0.152196,18.1639,8.46267,25.7042
0.0566417,0.0129431,0.156863,18.7847,8.84251,25.7043
0.05607,0.0117204,0.148116,19.8781,8.73595,25.7049
0.0576414,0.00725024,0.156228,17.7481,8.37147,25.7054
0.0561219,0.00148129,0.165575,19.2034,9.36542,25.7064
0.0543003,0.00308015,0.156017,22.5398,9.49654,25.7077
0.0581008,0.0125913,0.160745,16.6124,7.06692,25.7084
0.0589495,0.00989469,0.159016,15.5185,7.21725,25.709
0.0559704,0.0378921,0.160075,19.2081,8.06645,25.709
0.0559318,0.0434199,0.163291,19.1296,8.14533,25.7091
0.0561778,0.0140913,0.159172,19.1685,8.62951,25.7099
0.0577763,0.00334967,0.161361,17.4856,8.54045,25.711
0.0589454,0.0106603,0.162449,15.3559,7.2205,25.7117
0.0573401,0.00732886,0.160262,17.786,8.17038,25.712
0.0581073,0.00506415,0.164603,16.9939,7.77621,25.7125
0.0549459,0.0180216,0.165646,21.4115,9.22141,25.7126
0.0582852,0.00934851,0.161378,16.823,8.81159,25.7127
0.0566654,0.0241746,0.158165,18.2373,8.4635,25.7129
0.0547205,0.0243669,0.166446,21.4002,9.86453,25.7138
0.0574597,0.00686927,0.155789,17.3012,8.66348,25.7141
0.0553231,0.00727549,0.151999,20.0656,8.73848,25.7142
0.0574875,0.0179157,0.158552,17.6349,8.33647,25.7145
0.0554545,0.00477324,0.146717,20.7432,8.00671,25.7146
0.0565144,0.0294724,0.16649,18.8186,8.60445,25.7155
0.0568852,0.0101635,0.152697,18.7581,8.42419,25.7155
0.0596093,0.00157611,0.165131,14.7566,7.38689,25.7159
0.0559666,0.026328,0.154521,19.697,8.92543,25.7161
0.0577479,0.00246139,0.156724,17.9051,8.39198,25.7166
0.0548584,0.00787256,0.159006,21.4996,9.14511,25.717
0.0543123,0.00655227,0.157248,22.4317,9.17028,25.7176
0.0582097,0.00468024,0.15907,16.3806,7.83267,25.7177
0.058101,0.0082754,0.164427,16.6648,7.58856,25.7181
0.0567399,0.0191687,0.154987,18.0077,8.46245,25.7186
0.0562222,0.0077637,0.153689,19.6758,8.19701,25.7189
0.058135,0.00763824,0.163033,16.1933,7.79979,25.7196
0.0567092,0.0372661,0.162828,18.8683,8.5172,25.7199
0.0573876,0.0331488,0.166215,17.0872,8.26021,25.7201
0.0573384,0.012227,0.161033,17.7793,8.34786,25.7207
0.0561908,0.0129214,0.159231,19.7903,8.87754,25.7213
0.0548108,0.0137585,0.161119,21.0655,9.66102,25.7215
0.0564152,0.00178571,0.166045,19.649,9.50256,25.7219
0.0581018,0.0137038,0.160853,16.179,7.7823,25.7221
0.0576684,0.00998073,0.158527,17.5918,8.62453,25.7233
0.0551951,0.0252343,0.164456,20.6191,8.00119,25.7239
0.0561077,0.0225163,0.155066,19.7605,8.00801,25.7244
0.0589921,0.0072424,0.155125,15.7539,7.0847,25.7245
0.0587579,0.00333666,0.165027,15.2474,7.94717,25.7247
0.0589296,0.0109377,0.159498,15.0345,7.70215,25.7249
0.056028,0.00720193,0.149764,19.7944,8.91908,25.7253
0.0588315,0.00993237,0.159849,15.9709,7.69667,25.727
0.0560692,0.0292285,0.163138,19.467,8.83329,25.7271
0.0580713,0.00901993,0.16567,16.4386,8.08244,25.7273
0.055466,0.00144851,0.149076,20.5873,8.24786,25.7277
0.0568214,0.0227163,0.157398,18.6461,8.91707,25.7284
0.0581337,0.0105167,0.162233,16.6028,7.71222,25.7297
0.0542217,0.0189119,0.160643,22.5472,9.11284,25.7303
0.056037,0.033159,0.163044,19.3187,8.87947,25.7306
0.0560186,0.0114925,0.150354,19.6462,8.49831,25.7311
0.0575113,0.0157704,0.157289,17.7007,8.17835,25.7314
0.0565823,0.00800409,0.160183,18.433,8.26423,25.7316
0.0581524,0.00726443,0.162411,16.5101,7.94924,25.7324
0.0561592,0.0171212,0.155901,19.3339,8.41477,25.733
0.0556465,0.00198349,0.160156,20.4337,9.66725,25.7332
0.0574399,0.0299778,0.16452,17.5646,8.00899,25.7337
0.0581192,0.00595799,0.163021,16.6928,8.12857,25.735
0.0554114,0.00362165,0.15314,20.3969,8.11635,25.7352
0.056658,0.0032414,0.154591,18.801,8.32851,25.7362
0.0569361,0.0140132,0.161073,18.1297,8.99075,25.7363
0.0569845,0.00779416,0.160727,18.1249,8.11048,25.7364
0.0581698,0.0130579,0.156054,16.6123,7.15427,25.7367
0.0582778,0.00453984,0.158915,16.7462,8.2986,25.7369
0.0552824,0.014402,0.162722,20.9698,8.31451,25.7369
0.0554087,0.00991364,0.149467,20.539,8.89389,25.7372
0.0541208,0.0255521,0.162881,22.89,9.3647,25.7376
0.0567765,0.00891256,0.15079,18.5288,8.77834,25.7377
0.0553478,0.0042414,0.148674,20.7314,8.76071,25.738
0.0588283,0.0158334,0.163852,15.073,7.19914,25.7383
0.0569117,0.0141465,0.157172,18.4947,8.76696,25.7391
0.056965,0.00479855,0.152543,18.3503,8.8537,25.7395
0.0557934,0.00392952,0.164797,19.7862,8.59097,25.7396
0.0551499,0.0119425,0.16476,20.4487,8.45658,25.7397
0.0580925,0.015848,0.158992,16.4988,7.91019,25.7399
0.05657,0.0364197,0.164176,18.0066,8.88089,25.7402
0.0551731,0.016818,0.162323,20.5274,8.82842,25.741
0.0580898,0.0143464,0.16278,16.2518,7.48863,25.7425
0.0550556,0.0098538,0.162494,21.6623,9.96012,25.7442
0.0547724,0.0178426,0.162198,21.9947,9.10533,25.7444
0.0581295,0.0103089,0.163049,16.3361,7.61282,25.7445
0.0566272,0.0156257,0.156811,18.7637,8.87651,25.7446
0.0582233,0.00123028,0.160899,16.8199,7.25639,25.7465
0.0559888,0.0149261,0.151985,19.926,8.72956,25.7469
0.0582403,0.00668915,0.146872,16.8551,7.39374,25.7472
0.0572686,0.0139537,0.165125,17.8466,8.22054,25.7478
0.0552327,0.00990215,0.154927,20.5234,8.93656,25.748
0.0582018,0.0126351,0.152025,16.9543,7.27681,25.7484
0.054152,0.0236543,0.161163,22.2563,9.82262,25.7488
0.058145,0.0148024,0.156503,16.4046,7.44846,25.7494
0.0553986,0.0132963,0.149875,20.8912,8.27389,25.7496
0.0550584,0.00685055,0.1603,21.1078,9.32717,25.7501
0.0564333,0.00200101,0.165462,19.2562,9.08791,25.7502
0.0573614,0.0156889,0.160402,17.5479,8.11672,25.7506
0.0580425,0.0135085,0.162429,16.4302,7.88365,25.7507
0.0541021,0.0054075,0.163073,22.9307,9.58312,25.7512
0.0547343,0.0170558,0.163212,21.8874,9.04077,25.7512
0.0540747,0.0212996,0.164926,22.5001,9.77166,25.7513
0.0552816,0.0170976,0.155383,20.7529,8.15939,25.7513
0.0541116,0.0195558,0.161899,22.1055,9.14647,25.7514
0.0558794,0.0467849,0.163155,19.649,8.85072,25.7514
0.05746,0.00301882,0.15423,17.7931,8.93185,25.7517
0.0561316,0.022133,0.15887,19.4254,8.70463,25.7517
0.0559532,0.0122277,0.153806,19.2805,8.24313,25.7524
0.0540861,0.0264654,0.163806,22.482,9.53191,25.7529
0.0560044,0.0091666,0.150648,19.1007,8.36356,25.7536
0.0567876,0.0345125,0.166435,18.9082,8.20595,25.7536
0.0546984,0.00788262,0.164595,21.1967,9.98483,25.7538
0.0561397,0.021143,0.158182,19.0549,8.54714,25.754
0.0590477,0.0025251,0.151001,15.6881,7.9654,25.7544
0.055886,0.00805605,0.157444,19.4434,8.3444,25.7549
0.0540875,0.00800809,0.164028,22.3155,9.60451,25.7552
0.0558399,0.0201125,0.16197,19.2378,8.99203,25.7552
0.0559483,0.00828214,0.153585,19.7257,8.43865,25.7555
0.0547376,0.0104226,0.161566,21.1892,9.62579,25.7571
0.0574184,0.0282176,0.162777,17.2527,8.23437,25.7574
0.0562016,0.0128055,0.161997,19.8216,8.18276,25.7575
0.0572878,0.0162155,0.163803,17.1991,8.44611,25.7575
0.0570236,0.00264596,0.166213,18.7337,8.51979,25.7578
0.0557388,0.0114226,0.166278,20.2431,9.39173,25.758
0.0543702,0.00664267,0.159432,22.1599,9.76084,25.7582
0.0589684,0.00186905,0.149234,15.0372,7.66466,25.7584
0.0550659,0.0100697,0.164086,21.4528,9.01063,25.7588
0.0580403,0.0118779,0.162467,16.3914,7.5597,25.7589
0.055179,0.00283033,0.160653,20.9352,8.3431,25.7591
0.0575443,0.0116624,0.155427,17.945,8.33178,25.76
0.0578221,0.00235302,0.165683,17.7677,8.73262,25.7601
0.0558604,0.00685156,0.159004,19.8935,8.58491,25.7602
0.0569272,0.0119375,0.155227,18.2495,8.74067,25.7612
0.0547755,0.0270343,0.165444,21.8557,9.50982,25.7621
0.0542953,0.0146764,0.160202,22.7327,9.79888,25.7624
0.0587649,0.00440062,0.163108,15.5207,7.79752,25.7626
0.0581423,0.0150072,0.159314,16.7508,7.19441,25.7627
0.0541,0.0168552,0.162692,22.9812,9.45985,25.7628
0.0556306,0.00566037,0.160866,20.2927,9.94242,25.763
0.0590603,0.00284136,0.151795,15.4073,7.7701,25.7632
0.0554618,0.00888886,0.151024,20.5486,8.61431,25.7632
0.0569506,0.00332819,0.149728,18.982,8.29201,25.7633
0.0562367,0.00469683,0.165993,19.7699,8.53483,25.7635
0.0575492,0.0181471,0.159217,17.2624,8.41057,25.7637
0.0541448,0.033762,0.165417,22.9128,9.63893,25.7637
0.0541473,0.00949278,0.159125,22.2947,9.42674,25.764
0.0542003,0.0306693,0.166416,22.2335,9.24099,25.7644
0.0575225,0.0198483,0.159397,17.617,8.17365,25.7662
0.0574594,0.00885831,0.15556,17.8846,8.54578,25.7666
0.0544041,0.00336513,0.16038,22.5898,9.42775,25.7669
0.0552853,0.00333456,0.150621,20.8535,8.43851,25.7669
0.0552054,0.0271967,0.160599,20.8234,8.79214,25.7682
0.0559595,0.0263996,0.153702,19.9145,8.99645,25.7709
0.0557129,0.010653,0.164855,20.453,9.1397,25.7716
0.0553702,0.0213345,0.151837,20.254,8.85042,25.772
0.0577412,0.00494612,0.156784,17.4211,8.33715,25.7725
0.0581133,0.0131989,0.164281,16.9503,8.73197,25.7726
0.0587676,0.00333921,0.161823,15.4389,7.30615,25.7737
0.0565141,0.0326811,0.165356,18.0293,8.66454,25.7751
0.0542512,0.00967953,0.155376,22.664,9.09822,25.7757
0.0553774,0.00140745,0.163343,20.6728,9.93109,25.7757
0.0567872,0.0183534,0.15348,18.5675,8.87822,25.7758
0.0580313,0.0134017,0.162828,16.2636,7.64285,25.7759
0.0553094,0.0198658,0.158079,20.1996,8.44007,25.777
0.0560877,0.00221294,0.144805,19.1911,8.91271,25.7775
0.0559941,0.0411605,0.16462,19.1233,8.00577,25.7779
0.0568645,0.0165777,0.154085,18.9957,8.42835,25.7781
0.0552467,0.0162938,0.154599,20.2223,8.82042,25.7785
0.058794,0.0118001,0.161928,15.6015,7.62254,25.7786
0.0581076,0.0137583,0.153456,16.127,7.14822,25.7787
0.0553085,0.0217146,0.157155,20.8861,8.2424,25.7788
0.0589817,0.0037879,0.149649,15.6761,7.47442,25.7788
0.0552563,0.0151307,0.15384,20.0081,8.15137,25.7798
0.0562694,0.00267087,0.165088,19.52,9.44481,25.7799
0.0568677,0.0214133,0.157981,18.9821,8.75531,25.78
0.0562025,0.0137872,0.157126,19.4588,8.85443,25.7812
0.0557019,0.00440482,0.161282,20.2056,9.05103,25.7814
0.0553327,0.00602283,0.164426,20.4331,8.86255,25.7818
0.0574081,0.0133323,0.157752,17.7324,8.54784,25.7819
0.0587538,0.00681285,0.164375,15.304,7.34296,25.782
0.0582449,0.0060873,0.156201,16.838,7.59583,25.782
0.0552987,0.0228305,0.155869,20.3293,8.43938,25.7822
0.0554653,0.0111234,0.151985,20.3519,8.41993,25.7828
0.0542285,0.0224347,0.161596,22.7317,9.14613,25.7831
0.0553976,0.0128233,0.164447,20.5743,9.12006,25.7833
0.0541004,0.01273,0.162171,22.2766,9.20489,25.7844
0.0560596,0.00227976,0.146382,19.2117,8.75981,25.7851
0.0551697,0.0278365,0.162979,20.329,8.54983,25.7855
0.0582481,0.0184758,0.165446,16.5803,8.65764,25.7857
0.0554843,0.00904345,0.148175,20.6092,8.43631,25.7858
0.0553107,0.0188524,0.160032,20.1908,8.31842,25.7859
0.0559391,0.0310256,0.155268,19.4474,8.19611,25.7864
0.0583249,0.00152659,0.143738,16.8928,7.39017,25.7869
0.0558028,0.00268162,0.161403,20.8881,9.22977,25.787
0.0583364,0.00703999,0.159964,16.2391,8.21849,25.7876
0.0552152,0.0299537,0.165315,20.6579,8.05402,25.788
0.0580274,0.0100236,0.165858,16.827,7.02291,25.7884
0.0567454,0.0302498,0.158043,18.4069,8.07954,25.7884
0.0553846,0.0230273,0.15005,20.0004,8.45795,25.7885
0.0566021,0.0410448,0.163188,18.3464,8.40827,25.7889
0.0552502,0.0281633,0.159571,20.5888,8.43273,25.7889
0.055809,0.0154124,0.162882,19.3853,8.17352,25.7892
0.0562039,0.0130443,0.163411,19.4322,8.9875,25.7897
0.0569154,0.011191,0.152262,18.2126,8.66283,25.79
0.0543782,0.00318941,0.155428,22.0036,9.84215,25.7901
0.0574511,0.00196377,0.147589,17.9046,7.66232,25.7903
0.0554879,0.00737536,0.144184,20.1495,8.30722,25.7909
0.0562389,0.0062941,0.149636,19.042,8.53309,25.7911
0.0576481,0.0121427,0.157449,17.8694,8.12555,25.7911
0.0557686,0.0191543,0.166381,19.7815,8.32432,25.7917
0.0574868,0.0196581,0.157614,17.8243,8.92914,25.7924
0.0552966,0.0142417,0.151345,20.2374,8.81036,25.7925
0.0581226,0.0173267,0.160874,16.9567,7.76093,25.7935
0.0552653,0.0251665,0.162186,20.0569,8.36553,25.794
0.0562607,0.0063074,0.157205,19.7586,8.72035,25.7941
0.0559994,0.0170581,0.150248,19.1537,8.94481,25.7942
0.0555238,0.00272415,0.160101,20.0651,9.11826,25.7944
0.0581316,0.00322534,0.146166,16.9684,7.00304,25.7948
0.0554615,0.0118723,0.152999,20.3379,8.38793,25.7952
0.0550173,0.00426843,0.157467,21.5572,9.25668,25.7955
0.0565391,0.0333748,0.163174,18.2277,8.71473,25.7958
0.056108,0.0274882,0.160206,19.1374,8.67625,25.7962
0.0575484,0.0200293,0.159728,17.0133,8.08057,25.7971
0.054311,0.0059967,0.154495,22.8732,9.30301,25.7972
0.0566913,0.037804,0.160835,18.0614,8.38095,25.798
0.0582815,0.0126063,0.161957,16.4788,8.14307,25.798
0.0551393,0.00709712,0.163423,20.4744,8.61784,25.7982
0.0554317,0.00145622,0.157251,20.7746,8.59232,25.799
0.0561132,0.00343023,0.143846,19.6992,8.60146,25.799
0.0561601,0.0203551,0.162888,19.9952,8.56351,25.7994
0.0574396,0.0323598,0.164409,17.5949,8.39066,25.7999
0.0559732,0.0447939,0.162848,19.4497,8.75118,25.8
0.0547213,0.0285074,0.164924,21.0683,9.47637,25.8005
0.0554308,0.00977025,0.155013,20.2072,8.67035,25.8015
0.0576378,0.00818658,0.154639,17.3734,8.88047,25.802
0.0554217,0.0140801,0.15481,20.3358,8.48882,25.8022
0.0568518,0.0260292,0.16042,18.4446,8.91481,25.8023
0.0576175,0.017611,0.160067,17.5289,8.36074,25.8025
0.0553808,0.00286756,0.145184,20.8417,8.86913,25.8034
0.0541263,0.00376718,0.159753,22.5042,9.46357,25.8039
0.0546825,0.0175674,0.164558,21.0209,9.89737,25.804
0.0581593,0.0115611,0.149317,16.7325,7.39476,25.8041
0.0553992,0.00198502,0.161337,20.2128,9.83037,25.8052
0.0570492,0.00262685,0.160966,18.409,8.8017,25.8057
0.0576847,0.0107299,0.15765,17.5373,8.60854,25.806
0.057627,0.0107912,0.155868,17.4068,8.58022,25.8064
0.0587315,0.00195569,0.164008,15.0845,7.05262,25.8068
0.0560052,0.0256223,0.151597,19.0796,8.51658,25.8077
0.0557628,0.0159977,0.165751,19.5966,8.35461,25.8077
0.0536605,0.00907998,0.16414,23.0344,9.03646,25.8081
0.0559541,0.0151515,0.152699,19.3019,8.29763,25.8081
0.0540959,0.0412276,0.166293,22.6602,9.13917,25.8094
0.0554457,0.016168,0.148805,20.278,8.34611,25.8094
0.0561005,0.0274898,0.155431,19.1306,8.75272,25.8096
0.0562161,0.0123175,0.163103,19.5999,8.22654,25.8097
0.0540726,0.0398296,0.166139,22.5611,9.65363,25.811
0.0552766,0.00750655,0.150715,20.0494,8.5418,25.8111
0.0574541,0.00228454,0.143894,17.5202,7.40947,25.8112
0.0587817,0.0164861,0.163466,15.3693,7.28549,25.8113
0.0555417,0.0189867,0.165683,20.2027,9.58493,25.8113
0.0574668,0.00224264,0.152782,17.7038,8.87943,25.8115
0.0580593,0.0081629,0.153632,16.7274,7.97149,25.8117
0.0552267,0.011592,0.153903,20.6596,8.70994,25.8117
0.0553052,0.0259181,0.159079,20.9938,8.00483,25.8121
0.0574509,0.0305011,0.163183,17.5215,8.04473,25.8124
0.0544357,0.00108603,0.16031,22.6589,9.54421,25.8124
0.0552771,0.0283218,0.160683,20.3008,8.02328,25.8129
0.0587091,0.0024048,0.166345,15.0428,7.53607,25.8129
0.0547926,0.0120635,0.158861,21.8005,9.86741,25.8132
0.0582296,0.00880205,0.145722,16.1598,7.54575,25.8135
0.0561077,0.0283984,0.162405,19.3531,8.5114,25.8147
0.0552049,0.0359699,0.161729,20.5405,8.58174,25.8156
0.0577039,0.00353658,0.153111,17.3759,8.16877,25.8158
0.058192,0.00256906,0.15832,16.967,8.07497,25.8165
0.055169,0.0280739,0.161312,20.4639,8.48639,25.8171
0.0553895,0.0236418,0.156002,20.1653,8.27558,25.8172
0.0553955,0.0144988,0.164005,20.147,9.03151,25.8174
0.0560241,0.0373588,0.157888,19.1326,8.46943,25.8174
0.0567542,0.0399192,0.166153,18.6048,8.03101,25.8175
0.0552875,0.0274003,0.160766,20.7457,8.47573,25.818
0.0582098,0.0136761,0.149125,16.4818,7.14201,25.8181
0.0553481,0.0165527,0.159832,20.5743,8.60536,25.8188
0.0584603,0.00497428,0.162628,16.1906,8.02222,25.8198
0.0583546,0.01189,0.163884,16.4722,8.99121,25.82
0.054946,0.0102149,0.158545,21.9003,9.62328,25.82
0.0544087,0.00542706,0.160506,22.7453,9.32062,25.8203
0.0557799,0.0237597,0.16532,19.1005,8.05181,25.8204
0.0553378,0.0112893,0.165694,20.6806,9.88763,25.8208
0.0555564,0.0105193,0.16211,20.5735,9.95662,25.8215
0.0574638,0.00338329,0.142564,17.4452,7.84456,25.8218
0.0554107,0.0226971,0.152031,20.5005,8.07199,25.822
0.0558532,0.0368199,0.159647,19.8908,8.19952,25.8221
0.0551253,0.0150036,0.162814,20.7458,8.38963,25.8226
0.0553973,0.0206696,0.147217,20.3219,8.62943,25.8232
0.0564156,0.00364613,0.16432,19.2105,9.12766,25.8232
0.0589404,0.00927681,0.153782,15.9773,7.19295,25.824
0.0577982,0.00438993,0.160753,17.9933,8.74823,25.8242
0.0580401,0.0226805,0.163159,16.6205,7.81276,25.8242
0.0553183,0.0317708,0.157686,20.5323,8.03793,25.8252
0.0582269,0.0138315,0.149946,16.2581,7.07508,25.8253
0.0581515,0.019474,0.156165,16.8804,7.02217,25.8253
0.0559914,0.0438349,0.163691,19.4759,8.40945,25.8256
0.058007,0.0169587,0.166456,16.5782,7.90597,25.8258
0.0588954,0.00395202,0.1507,15.8009,7.77604,25.8262
0.0557992,0.0539554,0.166145,19.7616,8.89619,25.8264
0.0569701,0.0130076,0.158535,18.5945,8.24158,25.8267
0.0580984,0.00363295,0.147875,16.6746,7.66208,25.8269
0.0553849,0.0275583,0.15578,20.5805,8.76489,25.8269
0.0559362,0.0285839,0.153998,19.8606,8.60485,25.827
0.0569934,0.00340343,0.15007,18.6616,8.66615,25.8275
0.0553093,0.015673,0.164532,20.7685,8.01078,25.8277
0.0543255,0.0196369,0.166135,22.8439,9.62925,25.8279
0.0556931,0.00678891,0.161277,20.4057,9.81064,25.8281
0.0581835,0.00787025,0.159736,16.7489,8.61115,25.8286
0.0559465,0.0273643,0.153231,19.6287,8.70087,25.8291
0.0536129,0.00895789,0.159957,23.4112,9.71814,25.8293
0.0553136,0.0316781,0.158384,20.5204,8.23157,25.8295
0.0546604,0.0259301,0.16631,21.9352,9.76055,25.8302
0.0552374,0.039503,0.160717,20.3524,8.83304,25.8303
0.0548713,0.0281955,0.165583,21.9196,9.19631,25.8306
0.058997,0.00880857,0.153731,15.1402,7.29037,25.8308
0.0589289,0.0103738,0.154696,15.1509,7.64507,25.8313
0.0570149,0.0016412,0.150001,18.9678,8.35624,25.8319
0.0552321,0.0400559,0.160986,20.228,8.5288,25.8322
0.0550076,0.00826243,0.158125,21.6349,9.30617,25.8327
0.0587323,0.00552959,0.163317,15.2889,7.56993,25.8327
0.0581395,0.00396204,0.144787,16.6751,7.80772,25.8337
0.0543062,0.0114808,0.156554,22.8864,9.13909,25.8338
0.0575972,0.00565868,0.152128,17.7343,8.52317,25.8352
0.0555319,0.00285175,0.152849,20.4515,8.12872,25.8354
0.0535692,0.0134856,0.165776,23.163,9.63154,25.8358
0.0535388,0.00494166,0.160812,23.6487,9.79719,25.8358
0.0535546,0.00619046,0.159456,23.0036,9.37331,25.836
0.056008,0.0428177,0.166333,19.8726,8.70892,25.8363
0.0540437,0.0271578,0.164301,22.0802,9.40448,25.8367
0.057552,0.0111534,0.153705,17.3699,8.47851,25.8368
0.053536,0.0211956,0.162393,23.8778,9.68604,25.8372
0.0562936,0.00346011,0.156413,19.0724,8.84812,25.8377
0.055199,0.040768,0.161525,20.7626,8.43403,25.8384
0.0567683,0.0171348,0.151791,18.5575,8.3541,25.8387
0.0566894,0.0473814,0.166273,18,8.28042,25.8392
0.053633,0.00803763,0.158074,23.1263,9.25685,25.8393
0.0560428,0.0363333,0.156969,19.4533,8.18837,25.8396
0.0567431,0.0253749,0.15471,18.5297,8.20013,25.8396
0.0555429,0.00505767,0.147758,20.3851,8.31583,25.8396
0.0553667,0.0279477,0.149921,20.7644,8.40782,25.8397
0.0542314,0.0186286,0.15739,22.1102,9.52597,25.8399
0.057473,0.00802454,0.148904,17.5942,7.29889,25.8401
0.0553058,0.0335098,0.151011,20.5682,8.20128,25.8401
0.0535541,0.0166163,0.164723,23.5708,9.93807,25.8407
0.0543656,0.00958232,0.157488,22.9496,9.37594,25.8408
0.05355,0.00594089,0.165828,23.3709,9.73943,25.841
0.0580185,0.00243274,0.166038,16.121,8.75708,25.8413
0.054181,0.00824151,0.155575,22.7335,9.54354,25.8415
0.0535498,0.015357,0.159118,23.3813,9.84064,25.8417
0.0535159,0.0022258,0.160447,23.4637,9.34945,25.8421
0.0552177,0.0432786,0.162973,20.4238,8.22434,25.8424
0.0590296,0.00481865,0.150409,15.3398,7.49805,25.8425
0.0553936,0.00970376,0.162387,20.3594,9.61366,25.8426
0.0535466,0.0117675,0.15951,23.0316,9.89143,25.8428
0.0558894,0.0106739,0.155304,19.3351,8.8339,25.8429
0.053692,0.00340787,0.159444,23.3554,9.56313,25.8429
0.0548979,0.0167049,0.160102,21.5176,9.8772,25.8432
0.0580708,0.0155119,0.1526,16.2716,7.24868,25.8433
0.0535778,0.0138243,0.158506,23.0307,9.12968,25.8436
0.0535572,0.0113378,0.165858,23.5934,9.31433,25.8439
0.0552738,0.0356581,0.161327,20.0707,8.48774,25.8444
0.0553735,0.0216093,0.14652,20.7112,8.01735,25.8446
0.0569842,0.0131201,0.164829,18.6392,8.05501,25.8446
0.0536407,0.00823907,0.158299,23.6365,9.18576,25.8447
0.0535896,0.00421003,0.155385,23.8895,9.75334,25.8447
0.055348,0.0102396,0.164272,20.3289,8.04434,25.8448
0.0535797,0.0239663,0.166409,23.9158,9.67244,25.845
0.0580125,0.0111111,0.159224,16.3669,7.26959,25.8451
0.0562456,0.00523759,0.146309,19.9812,8.00603,25.8452
0.0558543,0.059748,0.166123,19.3859,8.29967,25.8455
0.0560011,0.00976496,0.148812,19.731,8.29081,25.8456
0.0579962,0.0138209,0.16454,16.5421,7.12096,25.846
0.0561176,0.0289154,0.160511,19.6288,8.13492,25.8462
0.0535195,0.0267183,0.164305,23.7455,9.33121,25.8462
0.0555223,0.0143527,0.163157,20.5778,9.01092,25.8467
0.0541973,0.0137607,0.15574,22.6511,9.48317,25.8472
0.0560418,0.0324614,0.154318,19.8474,8.78187,25.8473
0.0578077,0.00166329,0.156946,17.2576,8.66948,25.8476
0.0535353,0.0131424,0.163522,23.076,9.89394,25.8478
0.0540351,0.0202825,0.164907,22.9138,9.68592,25.848
0.0581513,0.00973231,0.16517,16.2247,7.49441,25.8483
0.0561457,0.0236725,0.156725,19.2543,8.87516,25.8485
0.0551682,0.00224703,0.162706,21.1203,9.59578,25.8487
0.0556443,0.00822415,0.160535,20.1941,9.10833,25.8488
0.0560909,0.0143872,0.146292,19.9543,8.4927,25.8488
0.0535123,0.0286177,0.164578,23.8837,9.5286,25.8489
0.058293,0.00763755,0.149684,16.3402,7.61513,25.8505
0.0575841,0.00536397,0.15151,17.3453,8.04726,25.8506
0.0535622,0.0163241,0.158833,23.7802,9.47197,25.8506
0.0580695,0.0171644,0.153669,16.4548,7.7565,25.8511
0.0560825,0.031695,0.155923,19.0032,8.75504,25.8513
0.0575188,0.00184961,0.139759,17.1094,7.93302,25.8514
0.0554864,0.0109233,0.154952,20.7498,8.73287,25.8523
0.0536743,0.0121246,0.163518,23.7621,9.75941,25.8523
0.0550891,0.00158313,0.155086,21.0184,9.70132,25.8524
0.0548227,0.00539638,0.155908,21.2557,9.16115,25.8525
0.0558578,0.0515284,0.162827,19.2175,8.14386,25.8528
0.0566325,0.0487356,0.164859,18.0903,8.28034,25.8529
0.0551465,0.016705,0.159247,20.232,8.71024,25.853
0.0560652,0.0266166,0.151503,19.344,8.02195,25.8533
0.0551941,0.0468868,0.165029,20.4115,8.03464,25.8537
0.0540463,0.0118427,0.163755,22.1787,9.84823,25.8541
0.0552465,0.0430173,0.16227,20.9833,8.43473,25.8542
0.05749,0.00115985,0.15141,17.3908,8.8763,25.8545
0.0582079,0.0154836,0.156074,16.1085,7.61861,25.8545
0.0584623,0.00660938,0.163772,16.5612,8.7533,25.8547
0.0551457,0.032391,0.16264,20.6906,8.62801,25.8547
0.0553284,0.0123372,0.16611,20.6827,8.65182,25.855
0.0558545,0.0474446,0.161449,19.9181,8.65018,25.855
0.0552982,0.037748,0.160839,20.5033,8.87414,25.8551
0.0581448,0.0176106,0.151591,16.1513,7.46274,25.8554
0.0552199,0.0100357,0.153033,20.8796,8.25707,25.8561
0.0558717,0.0125687,0.15643,19.1508,8.41995,25.8562
0.0570428,0.00540499,0.157254,18.6556,8.97413,25.8563
0.0556498,0.0175517,0.165823,20.7962,9.00602,25.8566
0.0567534,0.0406277,0.164817,18.1371,8.78598,25.8566
0.054421,0.0048467,0.157419,22.4825,9.91596,25.8567
0.0542949,0.00833781,0.15357,22.8494,9.09734,25.8572
0.0566889,0.0177849,0.152669,18.1926,8.17644,25.8573
0.0535551,0.0196785,0.159387,23.8148,9.57947,25.8576
0.0552559,0.0380445,0.153924,20.7599,8.28921,25.8582
0.0567093,0.0303138,0.156464,18.2587,8.55234,25.8582
0.0564764,0.0101009,0.165023,18.5911,8.10563,25.8583
0.0536544,0.0114776,0.160879,23.0553,9.47752,25.8588
0.0535449,0.0253336,0.161553,23.0362,9.1666,25.8588
0.0554513,0.0196745,0.152232,20.1547,8.34192,25.8589
0.0580239,0.0132113,0.156269,16.0792,7.92732,25.8592
0.0588897,0.0171443,0.162391,15.1775,7.00273,25.8592
0.0554335,0.00462571,0.159661,20.4054,9.06637,25.8593
0.0550047,0.0173766,0.161856,21.7304,9.93515,25.8595
0.0588903,0.0111694,0.154055,15.5201,7.46193,25.8602
0.0573898,0.00444257,0.153193,17.0781,7.27383,25.8604
0.0540395,0.00348363,0.163195,22.7899,9.31863,25.8608
0.0554187,0.0230104,0.157263,20.2768,8.08378,25.8609
0.0534891,0.0369899,0.166271,23.7561,9.73466,25.8613
0.0543562,0.0130262,0.15894,22.1671,9.69916,25.8622
0.0551677,0.0376353,0.160631,20.8837,8.45277,25.8622
0.0561091,0.00972673,0.144417,19.8008,8.56409,25.8626
0.0536562,0.0116153,0.160809,23.489,9.54869,25.8627
0.0561858,0.0051466,0.164116,19.6114,9.69957,25.8639
0.0567881,0.0232103,0.153983,18.3077,8.89357,25.8642
0.0574507,0.0130753,0.149242,17.1765,7.87248,25.8645
0.0558141,0.0175643,0.160871,19.6884,8.84167,25.8648
0.0535265,0.0167374,0.159178,23.0366,9.22042,25.8648
0.0574704,0.0116284,0.146867,17.3722,7.29734,25.865
0.0577976,0.00325664,0.157466,17.06,8.44326,25.8654
0.0581425,0.0124248,0.147865,16.2883,7.07931,25.8656
0.0560103,0.0423386,0.158976,19.6565,8.09204,25.8662
0.0542498,0.0216423,0.159422,22.6591,9.20012,25.8664
0.0551207,0.00863807,0.163888,21.2126,9.68635,25.8666
0.0566629,0.0367766,0.159161,18.4153,8.04134,25.8666
0.0590375,0.0085533,0.154971,15.3698,7.72145,25.8667
0.0564838,0.0093997,0.164087,18.4219,8.2889,25.8669
0.0561735,0.0215633,0.160432,19.0303,8.14665,25.8671
0.0564717,0.0308178,0.166032,18.0926,8.24199,25.8671
0.0577548,0.0116107,0.165242,17.5572,8.28743,25.868
0.0561785,0.0210195,0.161184,19.363,8.60888,25.8691
0.0573778,0.00160272,0.147804,17.3051,7.5057,25.8694
0.0540283,0.0331409,0.164668,22.1149,9.75706,25.8701
0.0558161,0.00812859,0.165954,20.8999,9.49611,25.8705
0.0572786,0.0205677,0.162292,17.6103,8.97965,25.8706
0.0582227,0.00407583,0.163892,16.3448,7.7398,25.8706
0.0564606,0.0129231,0.166375,18.7015,8.50053,25.8707
0.0550943,0.00524852,0.156139,21.413,9.33655,25.8708
0.0581533,0.0079509,0.145034,16.9065,7.65538,25.8709
0.0540897,0.0154859,0.160107,22.7672,9.64538,25.871
0.0553041,0.0223937,0.16477,20.7385,8.91439,25.871
0.0588247,0.00223308,0.153064,15.543,7.44549,25.8711
0.0536838,0.00800045,0.159774,23.0257,9.51842,25.8712
0.0583123,0.00138859,0.155358,16.3851,8.02997,25.8714
0.0581743,0.0112061,0.145994,16.4234,7.43356,25.8716
0.0581383,0.0106386,0.146829,16.321,7.42174,25.8723
0.0536108,0.0185709,0.1608,23.1348,9.24552,25.8724
0.0554307,0.0158621,0.158016,20.3094,8.98306,25.8725
0.0546038,0.00871138,0.156417,21.6194,8.08616,25.8733
0.0535403,0.0107908,0.157485,23.414,9.9961,25.8737
0.0590368,0.0036789,0.148684,15.8613,7.28103,25.8739
0.0554755,0.0156761,0.154794,20.8142,8.1505,25.874
0.0546244,0.0071266,0.165815,21.88,9.87171,25.874
0.0575548,0.0221876,0.159729,17.5668,8.06119,25.8744
0.0544424,0.00275346,0.157845,22.0783,9.06908,25.875
0.0557682,0.0547814,0.166477,19.3702,8.84394,25.8751
0.0553512,0.0300578,0.160172,20.5388,8.17224,25.8752
0.0573542,0.00599403,0.153847,17.4727,7.1061,25.8754
0.0557097,0.0106762,0.162265,20.4079,9.63535,25.8756
0.0588384,0.0134785,0.155704,15.0161,7.12742,25.8756
0.0575054,0.0197516,0.156418,17.5023,8.53856,25.8763
0.0574371,0.0180024,0.156786,17.948,8.10314,25.8769
0.0573926,0.00751233,0.154992,17.2539,8.83035,25.8769
0.0559161,0.0428287,0.157483,19.4718,8.45072,25.8769
0.0535377,0.0114029,0.157571,23.6695,9.56381,25.877
0.0541157,0.034998,0.162323,22.5963,9.86201,25.877
0.0577676,0.0107627,0.166463,17.5693,8.50501,25.8774
0.0581361,0.022041,0.155321,16.9793,7.03021,25.8776
0.0557751,0.0044555,0.159526,20.0518,9.13406,25.8776
0.0540869,0.00462524,0.160126,22.5805,9.99137,25.8777
0.0544232,0.00583156,0.166188,22.7163,9.34705,25.878
0.0574499,0.00792763,0.142595,17.3906,7.21024,25.8781
0.0580519,0.023122,0.157698,16.1362,7.37692,25.8783
0.0568488,0.027239,0.157138,18.3736,8.72511,25.8783
0.0542745,0.0253329,0.162648,22.28,9.62031,25.8785
0.055044,0.0158827,0.161228,21.3603,9.6434,25.8785
0.0551171,0.018063,0.160942,20.1114,8.28953,25.8786
0.0559527,0.0164007,0.151206,19.7553,8.97824,25.8789
0.056998,0.0092951,0.154055,18.7242,8.38614,25.8789
0.0534687,0.0328008,0.162568,23.4218,9.90329,25.879
0.0541465,0.0365444,0.163432,22.2647,9.33148,25.8797
0.0535301,0.00446232,0.157956,23.7651,9.40908,25.8798
0.0551378,0.0318254,0.161954,20.1291,8.93827,25.8803
0.0550804,0.00560228,0.155901,21.9904,9.97784,25.8805
0.0589054,0.00600386,0.166134,15.5254,8.2987,25.8807
0.0552659,0.0401728,0.163969,20.5792,8.80737,25.8808
0.0551395,0.0355062,0.162274,20.0314,8.48011,25.8809
0.0582331,0.0142063,0.160981,16.3208,8.04866,25.881
0.0535638,0.0320074,0.165473,23.251,9.38928,25.881
0.0582636,0.00290172,0.160173,16.0509,7.79021,25.8819
0.0560523,0.0368056,0.156366,19.1935,8.50547,25.8822
0.0559088,0.0356322,0.155551,19.0659,8.9315,25.8822
0.0583551,0.00162884,0.147144,16.6955,7.17191,25.8823
0.0565964,0.0258969,0.156919,18.5819,8.6675,25.8823
0.0590157,0.0108677,0.156341,15.3674,7.26818,25.8824
0.0552584,0.0468934,0.159157,20.3416,8.21253,25.8825
0.0582481,0.00685154,0.1588,16.3193,7.5941,25.8825
0.0575216,0.0224454,0.158592,17.7554,8.9775,25.8826
0.0541564,0.039683,0.166241,22.7351,9.93082,25.8828
0.0565104,0.00473821,0.161298,18.3795,8.54206,25.883
0.0580489,0.0254448,0.161527,16.4561,7.98479,25.883
0.0582122,0.0123434,0.145516,16.3593,7.28264,25.8834
0.0569775,0.0107303,0.153196,18.0219,8.718,25.8835
0.0580586,0.01763,0.164805,16.8007,8.95407,25.8836
0.0568861,0.0104632,0.149641,18.612,8.69307,25.884
0.056113,0.0303875,0.159201,19.9575,8.19079,25.8841
0.0555523,0.00487672,0.152986,20.6573,8.19095,25.8842
0.0573896,0.0132256,0.151851,17.2135,7.44107,25.8843
0.0588047,0.0133868,0.157342,15.1068,7.92296,25.8845
0.0545648,0.0150735,0.156335,21.3051,8.17587,25.8846
0.0548076,0.0225462,0.16126,21.1619,9.75145,25.8849
0.0580517,0.0253393,0.164009,16.2355,7.79335,25.885
0.0566843,0.0456882,0.163326,18.3428,8.76971,25.885
0.0558371,0.0340687,0.158897,19.8672,8.37206,25.885
0.05541,0.0154961,0.159798,20.6409,8.84961,25.8851
0.0580729,0.0247558,0.162171,16.6024,7.13924,25.8851
0.0590857,0.00444767,0.15275,15.1717,7.26274,25.8851
0.0546617,0.0298776,0.165254,21.6257,9.63365,25.8853
0.0574443,0.013433,0.1449,17.8932,7.13494,25.8854
0.0544011,0.0106143,0.163764,22.0015,9.57185,25.8856
0.0572424,0.0267826,0.165088,17.1296,8.45428,25.8857
0.0558422,0.00568106,0.165928,20.7416,9.53381,25.8859
0.0573894,0.00576352,0.146535,17.2513,7.98448,25.8862
0.0558203,0.0398262,0.160234,19.8686,8.48738,25.8862
0.0532647,0.00368013,0.16576,24.7419,10.5779,25.8863
0.0543205,0.019901,0.161258,22.026,9.5936,25.8863
0.0550009,0.0077793,0.156497,21.5209,9.2202,25.8865
0.0574833,0.0206522,0.156551,17.4266,8.04672,25.8868
0.0552852,0.0272116,0.165733,20.8962,8.91319,25.8869
0.0557974,0.0498418,0.163424,19.7776,8.7828,25.887
0.0570824,0.00143078,0.160918,18.8178,8.88522,25.8871
0.0574277,0.0167844,0.147375,17.8358,7.58117,25.8878
0.0580914,0.0103075,0.147104,16.3414,7.11995,25.8885
0.0581291,0.0231527,0.158223,16.4134,7.5346,25.8885
0.057558,0.00539404,0.151163,17.1182,8.05527,25.8886
0.0574807,0.00361764,0.151731,17.3386,8.09589,25.8888
0.0564936,0.0476217,0.1665,18.1577,8.31511,25.8889
0.0575501,0.00562706,0.140916,17.5032,7.20388,25.8889
0.0573177,0.024783,0.161385,17.631,8.588,25.8894
0.0543864,0.0132023,0.1646,22.7166,9.58711,25.8895
0.0579816,0.0201196,0.165354,16.5393,7.79718,25.8896
0.0581259,0.0178765,0.163307,16.6349,8.57218,25.8897
0.0541672,0.0363754,0.164243,22.1458,9.2523,25.8902
0.0582659,0.00894549,0.144766,16.6249,7.61391,25.8904
0.0557775,0.0216451,0.163295,19.8946,8.06467,25.8904
0.0553543,0.0314819,0.160787,20.6649,8.78093,25.8906
0.0562818,0.00600874,0.151046,19.1597,8.82979,25.8909
0.0541595,0.0104562,0.155412,22.0695,9.94108,25.891
0.0574248,0.0202337,0.157388,17.3085,8.66616,25.8919
0.055866,0.0281017,0.156636,19.7131,8.57348,25.8919
0.0534503,0.0323767,0.163935,23.1821,9.7397,25.8919
0.0539932,0.0300594,0.166318,22.4627,9.29154,25.8921
0.0552423,0.0493399,0.161248,20.8968,8.13402,25.8927
0.058229,0.0232226,0.166336,16.1966,8.63097,25.8929
0.0541033,0.0118584,0.158479,22.5279,9.36382,25.8934
0.0554159,0.0181487,0.159565,20.2019,8.76743,25.8934
0.0553886,0.0117623,0.161709,20.2284,9.83175,25.8935
0.0558483,0.0385328,0.158526,19.5838,8.2493,25.8938
0.0566405,0.00313152,0.152091,18.5546,8.02858,25.8941
0.0557892,0.0414928,0.162767,19.0779,8.09195,25.8941
0.0579876,0.0134684,0.160215,16.1269,7.50887,25.8948
0.0551746,0.0353223,0.15806,20.8808,8.42843,25.895
0.0572466,0.0246917,0.164404,17.6686,8.06018,25.8957
0.0554614,0.019839,0.147472,20.6443,8.02079,25.8957
0.0551368,0.0278997,0.160431,20.8427,8.60095,25.8959
0.0572658,0.0162804,0.162288,17.5117,8.70769,25.896
0.0546513,0.00920326,0.152741,21.8225,8.53759,25.896
0.0537134,0.00152908,0.166402,23.9888,9.55979,25.8961
0.0542054,0.0296619,0.161485,22.8909,9.29077,25.8966
0.0541084,0.00425433,0.158117,22.5443,9.82988,25.8969
0.053583,0.0193389,0.156752,23.9369,9.80849,25.8972
0.053667,0.00530852,0.154293,23.415,9.241,25.8973
0.0553915,0.00757256,0.163786,20.2429,8.77371,25.8974
0.0542388,0.0102218,0.153226,22.8206,9.81935,25.8975
0.0559386,0.0366243,0.154613,19.5981,8.5236,25.8976
0.0543312,0.0125749,0.156123,22.1896,9.07595,25.8985
0.0547888,0.0293721,0.163636,21.5327,9.48173,25.8986
0.0552162,0.0515989,0.160571,20.6556,8.41578,25.8988
0.0573812,0.00857022,0.15516,17.7949,8.25443,25.8988
0.0553407,0.0247453,0.165951,20.5214,9.29596,25.8988
0.0534172,0.0147658,0.165424,23.1331,9.69808,25.8992
0.0580106,0.0122497,0.166251,16.4503,8.55692,25.8992
0.0582827,0.00976374,0.146067,16.58,7.96837,25.8993
0.0546777,0.00277202,0.152003,21.7764,8.43252,25.8994
0.0553834,0.0246268,0.165783,20.7318,9.56253,25.8995
0.0545905,0.010057,0.158215,21.163,8.1512,25.9004
0.0551617,0.00546898,0.165034,21.6135,9.11098,25.9012
0.0561573,0.0241615,0.156282,19.3835,8.94281,25.9019
0.057673,0.0175836,0.161834,17.5443,8.76343,25.902
0.0587932,0.00709422,0.155777,15.2825,7.94991,25.9024
0.0551679,0.025721,0.15747,20.366,8.26459,25.9025
0.0560947,0.0311625,0.15424,19.6496,8.59637,25.9026
0.0558434,0.0432886,0.159465,19.6945,8.04129,25.9028
0.0544065,0.00920627,0.157139,22.1505,9.63271,25.9031
0.0575761,0.00267375,0.141021,17.1483,7.60899,25.9032
0.0540587,0.0215506,0.161166,22.2228,9.87476,25.9033
0.0589703,0.00346734,0.163717,15.0607,8.02042,25.9035
0.0553028,0.0210432,0.148786,20.2972,8.63124,25.9036
0.0580889,0.0254713,0.161149,16.2895,7.25821,25.9038
0.0574689,0.0148682,0.146887,17.0097,7.96228,25.904
0.0555521,0.00828592,0.159975,20.5049,9.24376,25.9044
0.0548337,0.0327836,0.16498,21.5571,9.09682,25.9046
0.0581388,0.013753,0.160985,16.9207,8.74176,25.9049
