beta,permeability,xi,init_days,delay,value
0.0594063,0.414388,0.0503554,3.74984,13.3136,38.0939
0.0590102,0.447906,0.0541131,3.64321,13.0931,38.258
0.0592346,0.43598,0.0511463,3.75161,13.9952,38.2848
0.0621413,0.335598,0.050408,1.91169,13.4867,38.2941
0.0600041,0.422943,0.0577602,2.18481,13.0889,38.3006
0.0599938,0.423637,0.0581601,2.1939,13.1729,38.3139
0.0606875,0.3778,0.0521597,2.18629,13.409,38.3257
0.0591709,0.442802,0.0519695,3.6781,13.9884,38.3342
0.0618003,0.368036,0.0522985,1.47228,13.4989,38.3389
0.0601732,0.419097,0.0563391,2.96112,13.6601,38.3417
0.0615929,0.369376,0.0556789,1.62884,13.1414,38.3483
0.0605272,0.385668,0.0535131,2.97595,13.7448,38.3668
0.0632961,0.323323,0.0523116,0.183125,13.6555,38.3797
0.0630478,0.332382,0.0557909,0.641622,13.4441,38.3833
0.0630302,0.336155,0.0546401,0.326188,13.4475,38.3926
0.0623428,0.371974,0.063174,0.463262,13.9291,38.407
0.0572154,0.462321,0.0550275,5.54069,14.4935,38.425
0.0616606,0.380609,0.0540442,1.13574,13.5985,38.4355
0.0632987,0.316607,0.0548127,0.558247,13.2477,38.4375
0.0598981,0.433133,0.0583385,2.65303,13.5925,38.4427
0.0593561,0.428652,0.0506876,3.20722,13.8827,38.4435
0.0592159,0.432528,0.053183,3.84222,13.664,38.4437
0.0579678,0.460425,0.0532694,4.99806,13.6126,38.4488
0.0627112,0.353206,0.0535994,0.575273,12.1168,38.451
0.0619151,0.349095,0.0516601,1.10059,13.7927,38.4515
0.059554,0.449033,0.0636514,2.70255,13.9648,38.4524
0.0615547,0.374707,0.0567741,1.56542,13.4991,38.4571
0.0586729,0.398177,0.0540989,4.34896,14.6529,38.4586
0.0591415,0.427357,0.0612021,3.79703,14.5566,38.4654
0.0620737,0.391505,0.0651398,0.557749,13.99,38.4714
0.0604137,0.394178,0.0556174,2.25791,13.0434,38.4785
0.0623327,0.326773,0.0507915,1.00544,13.8652,38.4803
0.0587378,0.469619,0.0567027,3.50966,13.4804,38.4809
0.0635409,0.299155,0.0514275,0.237627,13.9946,38.4932
0.0598823,0.428139,0.058033,2.63261,13.9937,38.4999
0.0596747,0.381583,0.05621,3.10183,14.1881,38.5023
0.0614379,0.396001,0.0565035,1.63842,13.5724,38.5065
0.0613373,0.400685,0.0570477,1.35968,13.3338,38.5218
0.0613878,0.319766,0.0533088,2.93513,14.1842,38.5237
0.0611829,0.389874,0.0608328,1.76243,13.1701,38.5238
0.0602483,0.399602,0.0640381,2.97304,14.6822,38.5239
0.0622938,0.325923,0.0525225,1.95876,13.1567,38.5286
0.0594356,0.399822,0.0583282,3.4823,14.516,38.5306
0.0606307,0.371867,0.0600544,2.80495,14.0319,38.5337
0.0613543,0.379759,0.0588241,1.20387,13.8908,38.5352
0.0581232,0.464266,0.0506182,4.52877,13.1625,38.5428
0.0619086,0.399023,0.0702422,0.990946,13.5071,38.5433
0.0621608,0.388623,0.0635583,0.00801424,13.8104,38.5446
0.0629126,0.349365,0.0553914,0.297414,13.8514,38.5486
0.0603509,0.396714,0.062414,2.81995,14.7017,38.5509
0.0626731,0.35616,0.0533088,0.742048,12.6287,38.5515
0.0563119,0.47277,0.0540131,6.85275,14.6049,38.5541
0.0622143,0.329848,0.0571766,1.17904,14.2999,38.5588
0.0552778,0.507691,0.052166,7.28801,14.7398,38.5634
0.0588688,0.464313,0.0548177,3.44227,13.0929,38.565
0.0600373,0.42583,0.0589472,2.25858,13.8843,38.5722
0.0587988,0.446461,0.057442,3.74276,13.7326,38.5743
0.0586994,0.460888,0.066628,3.67254,14.9657,38.5751
0.06135,0.401682,0.056788,1.05444,13.0837,38.577
0.0601088,0.461364,0.0863168,1.8293,14.0748,38.5853
0.0576449,0.531777,0.0839302,3.38671,14.9401,38.5872
0.0586353,0.469807,0.056836,3.09305,13.786,38.5905
0.0637048,0.288456,0.0510803,0.489219,13.6929,38.591
0.0580031,0.457304,0.0606312,4.91471,14.8958,38.5914
0.0596518,0.447244,0.060048,2.26938,13.6368,38.593
0.0604048,0.328656,0.050756,3.18335,14.5824,38.5949
0.0569376,0.409566,0.0551363,6.08566,15.6949,38.5963
0.059525,0.40108,0.0555515,3.80525,14.0442,38.5985
0.0604825,0.399011,0.0540998,2.17868,13.4458,38.5998
0.059473,0.460459,0.0644235,2.75221,13.7667,38.5999
0.0557326,0.524892,0.058619,6.07371,14.6765,38.603
0.0602925,0.397374,0.0541849,2.02584,13.8536,38.6062
0.0592889,0.417816,0.058406,3.60599,14.8557,38.6066
0.0559161,0.439953,0.0536942,7.50878,15.961,38.6075
0.060219,0.403382,0.0662019,2.97039,14.7393,38.608
0.0578149,0.467603,0.0639284,4.51095,14.6018,38.6139
0.0629324,0.350825,0.05725,0.395824,13.2671,38.6144
0.0567098,0.509312,0.0541353,5.32145,13.123,38.616
0.0596115,0.454455,0.0608387,2.10403,13.4125,38.6166
0.0598546,0.434576,0.0690231,2.63907,14.7829,38.6182
0.0610849,0.338835,0.0562368,2.01695,14.541,38.626
0.0584785,0.474113,0.069336,3.36916,14.3496,38.6268
0.0560086,0.504327,0.0536433,6.66935,14.1609,38.6296
0.0569206,0.408368,0.0555616,6.06422,15.5118,38.6302
0.0575255,0.540448,0.0866457,3.84234,14.8553,38.6309
0.0615939,0.383681,0.0503998,1.92556,12.2708,38.6325
0.0632479,0.252468,0.0506218,1.26513,14.0886,38.6327
0.0579454,0.465073,0.0587044,4.98396,14.21,38.6341
0.0602078,0.451654,0.0848452,1.31593,14.3341,38.6414
0.0633798,0.314538,0.0550854,0.246621,13.1673,38.6475
0.0629197,0.336267,0.0592637,0.15115,13.7224,38.6485
0.0629179,0.277219,0.0513335,1.52434,14.4379,38.6498
0.06044,0.329312,0.0514909,3.29638,14.7718,38.65
0.0617779,0.407772,0.0722575,0.685543,13.0497,38.651
0.0597121,0.449762,0.0623899,2.1973,13.3964,38.6511
0.055729,0.524498,0.0579715,6.7068,14.1821,38.6522
0.0561032,0.427695,0.0507029,7.15625,15.8054,38.6534
0.0580104,0.456203,0.0506441,4.37841,13.8711,38.656
0.0558279,0.50767,0.0683197,6.61463,15.121,38.6586
0.0587954,0.495258,0.0872089,2.30245,14.3367,38.6587
0.0584209,0.420998,0.0543019,4.4245,14.1868,38.6597
0.0586682,0.394486,0.0531635,4.05632,14.1811,38.6607
0.0566919,0.502586,0.0536549,5.68213,13.8255,38.663
0.0634164,0.309316,0.0554656,0.815946,13.3429,38.6633
0.0572304,0.516002,0.0698005,4.05146,14.1998,38.666
0.0627979,0.359774,0.0528394,0.786725,12.8565,38.6663
0.0565598,0.509757,0.064118,5.91508,14.3221,38.6688
0.0612201,0.399464,0.0611282,1.35075,13.6824,38.6694
0.0574231,0.501176,0.057364,4.04108,13.9139,38.6701
0.0588989,0.440748,0.0675751,3.63202,14.5499,38.6704
0.0545835,0.576821,0.057045,7.17842,14.2205,38.6708
0.0617239,0.361933,0.0522862,1.47257,13.255,38.6718
0.0633059,0.312993,0.0570291,0.451057,13.9795,38.6719
0.0572255,0.451593,0.0577881,5.51857,14.1361,38.673
0.0617971,0.294457,0.0517639,2.85755,14.1345,38.673
0.0574115,0.506626,0.0652517,4.2834,14.7981,38.674
0.0583386,0.421001,0.0565624,4.22144,14.4692,38.6761
0.0567617,0.492013,0.0594967,5.24249,14.1541,38.6781
0.0609298,0.40871,0.0727649,1.27905,14.8197,38.6788
0.0570054,0.571175,0.15322,3.39237,16.4028,38.6806
0.0601741,0.343003,0.0533685,3.07198,14.929,38.681
0.0568469,0.582519,0.160068,3.06086,16.2415,38.6832
0.0617256,0.405508,0.0733895,0.471197,13.8667,38.6848
0.0573952,0.504717,0.065907,4.78582,14.054,38.6865
0.0638126,0.280321,0.0520945,0.450488,13.6875,38.6889
0.0551081,0.449624,0.0503663,8.78397,15.8679,38.6891
0.0556043,0.531884,0.060469,6.29275,14.0154,38.6901
0.0601177,0.408249,0.0558625,2.23112,13.2413,38.6919
0.0612099,0.412533,0.0581348,1.46258,13.5637,38.6919
0.0627054,0.345981,0.070066,0.964203,14.3749,38.6925
0.0627977,0.281185,0.0544787,1.13755,14.4928,38.6931
0.0611589,0.405394,0.0577623,1.07192,13.4654,38.694
0.0574693,0.429932,0.0625735,5.17397,15.5543,38.6945
0.0576183,0.4175,0.0612534,5.06129,15.4513,38.696
0.0603761,0.386364,0.0626522,2.18341,14.7093,38.6963
0.0559361,0.430357,0.05338,7.80293,15.0374,38.697
0.055474,0.488624,0.0509642,7.53866,14.3806,38.6984
0.0599286,0.359397,0.0580922,3.52658,14.2011,38.7015
0.0616557,0.358861,0.0584557,1.67432,13.5493,38.7019
0.0625775,0.295624,0.0587229,1.01307,14.4576,38.7036
0.058484,0.489476,0.0585193,3.0583,13.845,38.7044
0.0623128,0.378127,0.06464,0.187876,13.9417,38.709
0.0611552,0.345422,0.0521757,2.22833,14.5432,38.7096
0.0618549,0.346022,0.0540616,1.68556,13.574,38.7099
0.0563825,0.52115,0.0770205,5.57892,15.5051,38.7106
0.0552532,0.568236,0.0652663,6.77811,14.8869,38.7126
0.0563077,0.52766,0.0782882,5.1137,15.5779,38.714
0.0611075,0.400178,0.0714607,1.08273,14.2793,38.7144
0.0615202,0.304759,0.055023,2.31606,14.7466,38.715
0.0629236,0.33813,0.0602783,0.883066,13.025,38.715
0.0581065,0.447287,0.056764,4.86413,14.1193,38.7165
0.0609685,0.347082,0.0601794,2.46193,14.4922,38.72
0.0584299,0.343598,0.0511723,5.94364,15.5121,38.72
0.0610315,0.406443,0.0710078,1.1181,14.2086,38.722
0.0592886,0.473388,0.0655119,2.03856,13.5172,38.7248
0.0614612,0.37022,0.0659527,1.59218,14.17,38.7251
0.0593315,0.409275,0.0622931,3.87749,14.0325,38.7261
0.0629176,0.35823,0.0515205,0.698506,12.167,38.7271
0.0614026,0.320173,0.0549569,2.73708,14.3586,38.7279
0.0602667,0.419423,0.0553865,2.0876,13.3781,38.7344
0.0614301,0.392974,0.0518479,1.69539,12.1818,38.7359
0.0580463,0.448168,0.057978,4.67765,14.9081,38.7383
0.055481,0.558939,0.0589537,6.43078,14.7063,38.7388
0.0583414,0.420682,0.0605746,4.17506,14.984,38.7392
0.0596167,0.386408,0.050517,3.20549,13.5511,38.7395
0.0579563,0.508964,0.0787331,3.39702,14.9367,38.7401
0.0624868,0.358863,0.0747038,0.495292,14.8633,38.7403
0.0583716,0.525491,0.115644,2.58549,15.2003,38.7406
0.0571276,0.524546,0.0615379,4.18265,13.2691,38.7419
0.0540498,0.570869,0.0509409,8.17637,14.6708,38.7421
0.0596404,0.481387,0.158562,1.34585,16.1935,38.7429
0.0570271,0.570146,0.148695,3.3806,16.219,38.7432
0.0614972,0.389627,0.05727,1.84003,13.5536,38.7452
0.0622209,0.401968,0.063745,0.509034,13.8068,38.7453
0.0565279,0.513171,0.0648649,5.12384,14.1111,38.7459
0.0568826,0.581685,0.152917,3.57862,16.5627,38.7466
0.0632539,0.26173,0.0509939,1.26414,14.0275,38.7474
0.0572807,0.51977,0.0673958,4.67439,14.527,38.7477
0.0620726,0.326934,0.0654711,1.88323,14.6385,38.7479
0.0599067,0.420519,0.0721983,2.50656,14.2697,38.7505
0.0569369,0.404636,0.0560741,6.057,15.669,38.7506
0.0570995,0.558447,0.154809,3.41803,16.6735,38.7519
0.0602985,0.340924,0.0522569,3.66784,14.0412,38.7529
0.0619757,0.402937,0.0685301,0.992419,13.3549,38.7533
0.0624004,0.368529,0.0648182,0.568248,13.4152,38.7537
0.0635527,0.293719,0.05281,0.173386,13.1679,38.7539
0.0589112,0.439377,0.0574822,3.88003,13.9811,38.7545
0.0571677,0.555788,0.156194,3.45457,16.8902,38.7551
0.0614843,0.368072,0.0571636,1.6309,13.4075,38.7558
0.0581195,0.453933,0.0564396,4.87291,14.1891,38.7579
0.0615368,0.361896,0.0655447,1.27333,14.49,38.7588
0.0565715,0.510812,0.0540383,5.2978,13.1207,38.759
0.0597029,0.439368,0.0731282,2.84996,14.0444,38.76
0.0635024,0.297885,0.0598993,0.465057,14.986,38.7617
0.062985,0.335816,0.0669482,0.0451545,14.0968,38.7623
0.059915,0.416091,0.0697544,2.67523,14.8443,38.7626
0.0541039,0.559093,0.0504047,8.61498,14.8238,38.7634
0.0572534,0.442985,0.0650986,5.44223,15.6049,38.7635
0.0558723,0.606717,0.149673,4.62442,16.7428,38.765
0.0564344,0.450181,0.0606699,6.53801,15.3861,38.7652
0.0567355,0.497606,0.0542489,5.4662,13.8242,38.7656
0.0622274,0.400486,0.0641766,0.840026,13.6825,38.7669
0.0646758,0.220598,0.0524704,0.895367,14.5283,38.767
0.0599067,0.470126,0.0909077,1.45766,14.3174,38.7672
0.0588042,0.473377,0.0547348,3.09113,13.1602,38.7691
0.0588327,0.382345,0.0613094,4.08998,15.4373,38.7692
0.0569328,0.577187,0.162406,3.03766,16.5699,38.7694
0.0577346,0.530716,0.0806256,3.31634,14.6973,38.7698
0.0567443,0.488837,0.0600863,5.59679,14.371,38.7707
0.0561088,0.59057,0.108501,4.50288,15.109,38.7709
0.0575505,0.425978,0.0512162,5.92753,14.5651,38.7715
0.0567601,0.544169,0.075377,4.93664,14.4102,38.7721
0.0574518,0.493734,0.0598477,4.89037,13.5303,38.7747
0.0630219,0.329563,0.054704,0.828074,13.228,38.7748
0.0582837,0.489133,0.0745862,3.56953,14.3319,38.7754
0.058352,0.422418,0.0598859,4.37409,14.7714,38.7762
0.0613529,0.38276,0.0617574,1.5821,13.5846,38.7797
0.0594514,0.451623,0.0763973,2.5411,14.7403,38.7799
0.058249,0.357425,0.0529418,5.33078,15.2106,38.7801
0.0596726,0.434496,0.0740032,2.12378,14.2991,38.783
0.0620686,0.401184,0.0646347,0.747229,13.7548,38.7831
0.0590912,0.49368,0.0689277,2.17906,13.5347,38.7832
0.0597633,0.378053,0.0505579,3.54741,13.7085,38.785
0.0584279,0.514557,0.151467,2.237,16.3175,38.7859
0.0602212,0.45716,0.0808537,1.78874,14.541,38.7861
0.0601003,0.404055,0.0681363,2.74077,14.6819,38.7863
0.0595774,0.490685,0.153503,1.72667,16.5335,38.7881
0.0560543,0.548657,0.0832498,5.21558,15.6918,38.7887
0.0609082,0.3617,0.0529177,2.90764,13.163,38.7891
0.0560297,0.59956,0.108888,4.38361,15.8553,38.7896
0.0585204,0.465938,0.072756,3.9907,14.9972,38.7922
0.0618279,0.399944,0.0702006,0.337924,13.4587,38.7923
0.0595273,0.485823,0.144309,1.91361,15.6393,38.7936
0.0549966,0.519814,0.0644249,7.5624,15.1764,38.7937
0.0634241,0.300265,0.0637608,0.343368,14.8518,38.7947
0.0600185,0.351822,0.0547129,3.79411,14.456,38.7949
0.0559035,0.555003,0.0858856,5.42551,15.4421,38.795
0.0625892,0.35918,0.0728912,0.109369,14.1304,38.7958
0.0601385,0.429192,0.050456,2.44914,12.0593,38.7982
0.0551287,0.574159,0.0661505,6.86953,14.5807,38.7986
0.0577362,0.488865,0.0524145,4.19951,13.4805,38.7988
0.0615444,0.382465,0.0579913,1.10944,13.397,38.8009
0.0609215,0.403925,0.0787166,1.11124,14.0253,38.8027
0.0560299,0.594417,0.143413,4.27351,16.8639,38.8044
0.0648135,0.214857,0.0520915,0.278691,14.4395,38.8059
0.0570733,0.557966,0.161432,3.93992,16.9191,38.8068
0.0599219,0.422525,0.0620492,2.06198,13.3919,38.8072
0.0604596,0.386181,0.0602437,2.51767,14.5045,38.8079
0.0624101,0.311948,0.0538336,1.29498,13.3568,38.8094
0.0596652,0.456156,0.0592606,2.74918,13.3058,38.8115
0.0603801,0.324601,0.0539427,3.47725,14.7101,38.8122
0.0612326,0.381779,0.0732967,1.25844,14.8646,38.8123
0.0633827,0.301572,0.0560976,0.133766,13.861,38.8124
0.0568626,0.532244,0.0904978,4.17928,15.8611,38.8134
0.0554497,0.552602,0.0632216,6.14336,14.539,38.8138
0.0591692,0.422576,0.0566772,3.29244,13.1395,38.8145
0.0559345,0.604343,0.114381,4.93223,15.75,38.8159
0.056194,0.584086,0.105352,4.42846,15.2041,38.8159
0.0624449,0.306912,0.0527815,1.39197,13.8472,38.8162
0.0585698,0.46951,0.0658558,3.8614,14.4975,38.8164
0.0572332,0.550174,0.148888,3.22288,16.4083,38.8168
0.0579758,0.55003,0.162732,2.35312,16.0158,38.8169
0.0573113,0.497163,0.0818227,4.51306,15.0957,38.8183
0.0624119,0.374054,0.0639911,0.536026,13.1861,38.8183
0.0621389,0.382533,0.0759901,0.518921,14.8069,38.8196
0.0641316,0.25207,0.0575285,0.196326,14.5745,38.8203
0.0600816,0.407902,0.0593595,2.98067,13.7562,38.8207
0.0583058,0.525248,0.148734,2.33964,16.9374,38.8215
0.0600561,0.41707,0.0610733,2.8995,13.9749,38.8218
0.0583706,0.517015,0.155277,2.98917,16.3666,38.8221
0.0578131,0.472387,0.0584098,4.06937,14.027,38.8237
0.0626453,0.364122,0.0522959,0.150336,12.2883,38.8238
0.0608833,0.353552,0.0612995,2.79984,14.908,38.8241
0.0626739,0.372456,0.0513966,0.475723,12.9537,38.8241
0.0571754,0.388373,0.05312,6.75021,15.1617,38.8242
0.0609127,0.403326,0.0769808,1.55563,14.7061,38.8242
0.0619395,0.417574,0.0676636,0.817889,13.8432,38.8247
0.0565486,0.513867,0.0566194,5.82233,13.3225,38.8249
0.0560378,0.542177,0.0846905,5.34485,15.7397,38.8264
0.0553159,0.552777,0.0777165,6.0826,15.9065,38.8283
0.0631806,0.313328,0.0582692,0.125476,13.8976,38.8289
0.0616874,0.409837,0.0759324,0.696952,13.1527,38.8302
0.0604056,0.455705,0.0713214,1.87816,13.0936,38.8303
0.0632206,0.311281,0.0574611,0.0509724,13.087,38.8304
0.0557042,0.573544,0.0910164,5.81538,15.1827,38.8305
0.0570764,0.523624,0.0737536,4.7869,14.4463,38.8315
0.0583525,0.485484,0.0691251,3.13099,14.4123,38.8316
0.0580579,0.54535,0.155291,2.42869,16.0973,38.8318
0.0623916,0.365674,0.0662426,0.809674,13.3473,38.832
0.0567541,0.591581,0.15783,3.79481,16.6568,38.8322
0.0585131,0.51503,0.111161,2.4778,15.0981,38.8329
0.0621237,0.390517,0.0779151,0.422911,14.8879,38.8336
0.0557166,0.61694,0.161731,4.22485,16.9531,38.8344
0.0585042,0.469211,0.0729428,3.28453,14.2593,38.835
0.0550522,0.581732,0.0670054,6.56887,14.5033,38.8354
0.0624472,0.367948,0.0741388,0.685674,14.8828,38.8356
0.0592945,0.478955,0.0774287,2.27697,14.6872,38.8378
0.0578522,0.468377,0.0516677,4.45783,13.1952,38.8381
0.0613364,0.427838,0.0924522,0.917742,14.4023,38.8385
0.0587409,0.386962,0.0627439,4.41804,15.5402,38.8392
0.0553292,0.546749,0.076059,6.28228,15.8191,38.8395
0.0584666,0.526914,0.0923853,2.52836,14.892,38.8402
0.0567988,0.502699,0.0539716,5.87047,13.5443,38.8408
0.0584765,0.530445,0.0925772,2.856,14.2042,38.8411
0.0595503,0.485917,0.160209,1.46236,16.5613,38.8436
0.0631215,0.322481,0.0673066,0.238357,14.0436,38.8437
0.0587429,0.386781,0.0627804,4.49763,15.0442,38.8437
0.0596878,0.431463,0.0782956,2.52343,14.2751,38.8445
0.0606725,0.424265,0.0783029,1.83677,14.1306,38.8449
0.0595852,0.485341,0.130247,1.91123,15.0693,38.8449
0.0543778,0.526896,0.0514682,8.10313,14.5763,38.8487
0.0573521,0.441578,0.05769,5.65197,14.6661,38.8487
0.0629552,0.325677,0.0674243,0.0432295,14.8483,38.8488
0.057227,0.455612,0.053212,5.36652,14.4583,38.849
0.0591299,0.471932,0.072716,2.35732,13.5598,38.85
0.057223,0.550577,0.158004,3.80418,16.6399,38.8501
0.0593544,0.46732,0.0776729,2.43694,14.7746,38.8501
0.05719,0.560231,0.109856,3.73763,15.8218,38.8504
0.0572003,0.515222,0.0843539,4.92404,15.951,38.8505
0.0556262,0.626755,0.160096,4.15156,16.3302,38.8506
0.0623613,0.384752,0.0600972,0.511902,13.1357,38.8521
0.0587014,0.520467,0.0876045,2.73473,14.4393,38.8529
0.0586985,0.521156,0.0858267,2.13923,14.0184,38.8537
0.0592493,0.413548,0.0645023,3.50517,14.3418,38.854
0.0610095,0.451187,0.0963518,0.309594,14.8812,38.8541
0.0580704,0.451568,0.0556849,4.85214,14.9165,38.8543
0.058065,0.48925,0.0934484,3.55855,15.6773,38.8546
0.0555354,0.545719,0.0527689,6.09798,13.6987,38.8549
0.0624589,0.361762,0.0659945,0.196727,13.1865,38.8552
0.0583043,0.506417,0.0624249,3.34805,13.2022,38.8558
0.0626082,0.35831,0.0693601,0.704234,14.4178,38.8564
0.0578657,0.519585,0.0971655,3.29852,15.2905,38.8565
0.0606698,0.431854,0.0791729,1.48298,14.3182,38.8567
0.0593312,0.455857,0.0936392,2.03201,15.7929,38.8573
0.0581218,0.493312,0.0662676,3.47519,13.3432,38.8574
0.0579543,0.512831,0.0939461,3.67558,15.043,38.8575
0.0591367,0.48207,0.0800137,2.62491,14.8203,38.8576
0.0572968,0.517113,0.0616164,4.6579,13.2224,38.8597
0.0595015,0.498723,0.118564,1.65841,15.1795,38.8597
0.0591027,0.454664,0.0521562,3.61976,13.5831,38.86
0.0576295,0.545041,0.0822772,3.90943,14.7386,38.8604
0.0554796,0.490202,0.0510849,7.56013,14.1082,38.8605
0.0605187,0.458416,0.0673738,1.41996,13.1029,38.8611
0.0579258,0.449802,0.0645892,4.78009,14.115,38.8623
0.0606287,0.468306,0.145877,0.186642,15.8482,38.8632
0.0588361,0.438901,0.0810343,3.30831,15.9526,38.8637
0.0588081,0.389947,0.0549079,4.4426,14.002,38.8643
0.0590683,0.436383,0.0583363,3.58587,14.3163,38.8644
0.055391,0.480079,0.058982,7.41,15.1047,38.8649
0.0566421,0.436116,0.0567075,6.7462,15.8539,38.8653
0.062144,0.379888,0.0808675,0.00429143,14.8881,38.8661
0.0573448,0.497786,0.066813,4.64713,14.3238,38.8674
0.0625389,0.364337,0.0577637,0.925116,13.1863,38.8689
0.0553697,0.559567,0.059789,6.75906,14.4774,38.869
0.0570601,0.574217,0.115698,3.06929,15.2549,38.8691
0.0563694,0.516939,0.0659194,5.56841,14.8873,38.8703
0.0584802,0.348039,0.0510864,5.27329,15.1471,38.8709
0.0584503,0.412446,0.0661755,4.33759,15.8701,38.871
0.0589761,0.431278,0.0744627,3.59569,15.9949,38.8715
0.0598545,0.367726,0.0590165,3.85204,14.7844,38.8717
0.0562754,0.578073,0.104951,4.67438,15.2563,38.872
0.0592321,0.412593,0.0545698,3.69451,13.3556,38.8726
0.0595245,0.4429,0.074792,2.94288,14.5706,38.8729
0.0548099,0.641719,0.144419,5.40814,16.4818,38.8732
0.0550488,0.590218,0.0670473,6.75414,14.7243,38.8735
0.0619428,0.271091,0.0515641,2.45656,14.367,38.8735
0.0534772,0.602372,0.0725648,8.06283,15.6116,38.8736
0.0569864,0.577112,0.119354,3.48042,15.4115,38.8748
0.0566513,0.445239,0.0569874,6.43482,15.2939,38.8753
0.0616481,0.426351,0.0738395,0.921347,13.9393,38.877
0.0618533,0.421805,0.0666525,0.806259,13.6103,38.8771
0.0619856,0.333873,0.0598998,1.59171,14.198,38.8778
0.0582287,0.534347,0.147044,2.68704,16.4365,38.8783
0.0613628,0.39815,0.0529561,1.20134,12.0944,38.8785
0.0562608,0.58208,0.0880095,4.49205,14.3274,38.8797
0.0572044,0.521493,0.0597822,4.06616,13.8896,38.8797
0.0613038,0.389301,0.0631549,1.54672,13.6445,38.8808
0.0615604,0.424196,0.0761004,0.607642,13.9289,38.881
0.061911,0.421793,0.0683157,0.986351,13.0957,38.8821
0.0573174,0.550981,0.0933215,3.61025,14.0233,38.8832
0.0593647,0.336284,0.0512136,4.11487,14.4214,38.8851
0.0532211,0.581735,0.0510051,9.28963,14.5708,38.8852
0.0595197,0.496417,0.160122,1.43524,16.3164,38.8856
0.0574417,0.541206,0.104443,3.54219,15.8889,38.8867
0.0577773,0.402053,0.0505742,5.68693,14.0806,38.8872
0.0606168,0.424507,0.0803053,1.84313,14.9195,38.8907
0.0560472,0.589871,0.142132,4.11072,16.364,38.8913
0.0574461,0.426214,0.0617172,5.38001,15.8226,38.8923
0.0592455,0.427005,0.057256,3.43473,14.1455,38.8923
0.0567014,0.430607,0.0591942,6.3532,15.5128,38.8925
0.0610252,0.420716,0.0548368,1.41828,12.6389,38.8933
0.0588118,0.381336,0.0515988,4.60412,14.4562,38.8934
0.0572494,0.518123,0.0619174,4.95323,13.2177,38.8934
0.0539549,0.556601,0.0641103,8.28618,15.612,38.8943
0.0559643,0.562518,0.0682422,5.89729,14.2013,38.8953
0.0592294,0.353226,0.0565311,4.60077,15.3833,38.8954
0.0596088,0.487871,0.147002,1.3268,16.5526,38.8959
0.0591057,0.359097,0.0582445,4.0013,15.1282,38.8969
0.0585014,0.514111,0.140005,2.03749,16.8094,38.8976
0.0636864,0.28266,0.0532235,0.895652,13.3277,38.8976
0.0628218,0.336248,0.0715529,0.184342,14.6969,38.898
0.0601499,0.402254,0.0784984,2.48413,15.5853,38.8986
0.060272,0.38859,0.065724,2.95043,14.3857,38.8992
0.059679,0.47584,0.133523,1.98521,15.0596,38.8994
0.0542272,0.606432,0.0639571,7.2384,14.3118,38.8994
0.0582418,0.512083,0.0627005,3.64325,13.7858,38.8999
0.0573629,0.540726,0.142717,3.21407,16.2089,38.9001
0.0595583,0.493417,0.159645,1.99497,16.5569,38.9003
0.0618618,0.39819,0.073862,0.0756446,13.3335,38.9004
0.0586331,0.327218,0.0506002,5.99812,15.7043,38.9009
0.0593144,0.347095,0.0554692,4.71653,15.3384,38.9016
0.0595765,0.486789,0.128291,1.633,15.3509,38.9022
0.0566744,0.559453,0.095343,4.96898,15.2318,38.9023
0.0600675,0.352071,0.0612615,3.04746,15.9632,38.9031
0.0578026,0.401582,0.0568538,5.63439,15.1385,38.9033
0.0601624,0.456043,0.0769283,1.89473,13.7003,38.9035
0.061499,0.431721,0.0746845,0.152294,13.0346,38.9035
0.060741,0.462285,0.145854,0.584312,15.1555,38.9038
0.0586963,0.503959,0.0918807,2.44796,14.323,38.9038
0.0569654,0.493442,0.0517375,5.72877,13.9441,38.906
0.0579891,0.551889,0.1557,2.37226,16.4073,38.906
0.0567322,0.591006,0.162118,3.93944,16.2018,38.9061
0.0624282,0.360166,0.0723969,0.989906,14.0488,38.9072
0.0602725,0.393561,0.0582452,2.81762,13.4644,38.908
0.060429,0.45073,0.0799991,1.46331,14.036,38.9087
0.0573564,0.548813,0.108991,3.00256,15.597,38.9104
0.0540383,0.49233,0.0504177,9.70143,15.3122,38.9105
0.059567,0.510588,0.0966717,1.86282,14.1384,38.911
0.0571639,0.533402,0.0681246,4.9204,14.9262,38.9115
0.0591561,0.490211,0.0795517,2.23074,14.058,38.9115
0.0573515,0.54399,0.137092,3.04127,16.1086,38.9117
0.0600394,0.371799,0.0517888,3.9964,14.1058,38.9124
0.062169,0.379725,0.0814849,0.672077,14.9595,38.9125
0.0560497,0.595238,0.141785,4.17974,16.7942,38.9132
0.0571676,0.562199,0.147677,3.03534,16.4068,38.9138
0.0581251,0.377692,0.0559651,5.67964,15.7719,38.9138
0.0631002,0.318978,0.0689304,0.268662,14.9105,38.9143
0.0624334,0.371971,0.0650411,0.764486,13.6852,38.9144
0.0613419,0.381772,0.0530984,1.20293,12.2641,38.9147
0.0553253,0.571,0.0562304,6.46979,13.4141,38.9149
0.0603615,0.442985,0.0987537,1.53804,15.9065,38.915
0.0546855,0.49469,0.0540308,8.65094,15.8195,38.9154
0.0627776,0.3593,0.0547269,0.801042,13.691,38.9155
0.0587008,0.482661,0.0549154,3.47617,13.0655,38.916
0.0635257,0.229518,0.0515523,1.40125,14.4483,38.9162
0.0587557,0.45691,0.0607556,3.0226,13.072,38.9168
0.0563236,0.539912,0.0661261,5.22118,14.7069,38.9171
0.0601859,0.407916,0.0679865,2.65967,14.1705,38.9176
0.0612946,0.400612,0.0606872,1.03617,13.0473,38.9189
0.062549,0.353658,0.0599828,0.196611,13.3724,38.9199
0.0618972,0.408149,0.070633,0.301413,13.4616,38.9202
0.0558613,0.577139,0.0734218,5.02702,14.2637,38.9207
0.0557508,0.62021,0.155183,4.57236,16.6653,38.9213
0.0556805,0.448826,0.0569602,7.19762,15.943,38.922
0.060305,0.443962,0.104594,1.86259,15.4041,38.9226
0.057455,0.486511,0.0705454,4.47743,14.0763,38.9228
0.0598774,0.469608,0.118578,1.10805,15.4456,38.9237
0.0589576,0.37948,0.0580772,4.11747,15.2558,38.9239
0.0544141,0.520953,0.0509721,8.25863,14.0009,38.924
0.0613474,0.447796,0.0785558,0.837149,13.3118,38.9245
0.0572672,0.499503,0.0701509,4.2453,14.713,38.9245
0.0599558,0.482937,0.0867993,1.07785,14.1446,38.9251
0.0583495,0.484751,0.0754979,3.42371,14.6682,38.9274
0.0571468,0.534057,0.0623479,4.80313,13.8819,38.9278
0.0613302,0.423716,0.11646,0.724682,15.5034,38.9278
0.0519087,0.654057,0.055115,10.0446,14.6454,38.9278
0.0561091,0.562088,0.0601478,5.81581,13.647,38.9284
0.0630989,0.329231,0.0525213,0.0633563,13.8929,38.9285
0.0592691,0.516314,0.162721,1.99748,16.9573,38.9285
0.0583083,0.418634,0.0661864,4.37802,15.2,38.9289
0.0587073,0.498137,0.114853,2.8009,15.3516,38.9291
0.0605922,0.424261,0.0959573,1.88306,15.225,38.9292
0.0579581,0.386687,0.0517318,5.75643,14.4739,38.9294
0.0609624,0.341349,0.0578858,2.82376,14.0091,38.9297
0.058264,0.534501,0.114192,2.82761,15.72,38.9298
0.061717,0.346775,0.0650178,1.82556,14.1037,38.9304
0.0556172,0.536762,0.0566745,6.45933,14.5999,38.9306
0.0609145,0.397534,0.0811604,1.58227,14.7095,38.9308
0.0609782,0.460942,0.0960895,0.706073,14.8738,38.9311
0.0601673,0.449867,0.110702,1.36375,15.725,38.9318
0.0611349,0.346068,0.0555974,2.58982,14.5874,38.9319
0.0625352,0.354318,0.0655904,0.292274,13.5482,38.932
0.0589524,0.489555,0.102248,2.98601,15.4515,38.9322
0.0548728,0.528744,0.067232,7.07031,15.9946,38.9323
0.0622222,0.371382,0.0787798,0.219988,14.4463,38.9326
0.0612177,0.437702,0.0961511,0.63993,14.1716,38.9327
0.0602849,0.457322,0.082257,1.77077,14.7149,38.9329
0.0596292,0.481242,0.155872,1.1559,16.7411,38.9331
0.0608562,0.355783,0.0620664,2.53706,14.8658,38.9331
0.0584295,0.409937,0.0583893,4.80225,14.5644,38.9332
0.0571821,0.526088,0.0600737,4.32283,13.1776,38.9335
0.0595987,0.379945,0.0571663,3.94521,14.618,38.9336
0.0562375,0.531566,0.0649894,5.08478,14.7339,38.9339
0.0581837,0.431789,0.0707389,4.1933,15.56,38.9341
0.0590458,0.476873,0.0740797,2.50022,13.1405,38.9341
0.0630499,0.327891,0.0685993,0.282819,14.2686,38.9348
0.0602901,0.444198,0.105602,1.31074,15.6057,38.9349
0.0548523,0.543262,0.0582505,7.57734,14.066,38.935
0.0556423,0.452378,0.057535,7.47809,15.7825,38.9367
0.0576459,0.418632,0.0550828,5.20752,14.6093,38.9369
0.0590352,0.485605,0.101112,2.80175,15.187,38.9371
0.0626273,0.346825,0.0608106,0.837334,13.3495,38.9374
0.0616195,0.317538,0.0507027,2.93722,14.447,38.9386
0.059573,0.518675,0.0958344,1.48347,14.2978,38.9391
0.0625598,0.348472,0.0752303,0.728725,14.0005,38.9391
0.0627414,0.293729,0.0551353,1.96579,14.6665,38.9392
0.0547453,0.648977,0.147448,5.91446,16.5767,38.9392
0.0549416,0.530441,0.0644287,7.93139,15.7518,38.9404
0.0560227,0.594654,0.111576,4.43195,15.5066,38.9409
0.0563174,0.521393,0.0661607,5.70507,14.893,38.9412
0.0595305,0.320277,0.0540437,4.57132,15.0714,38.942
0.0569031,0.53316,0.0878278,4.30792,15.3471,38.9423
0.0637465,0.284077,0.0608718,0.955211,14.1235,38.9425
0.0575156,0.428152,0.0601522,5.04653,15.723,38.9428
0.0635363,0.294937,0.0510031,0.809297,13.6081,38.9431
0.0571526,0.513395,0.0639815,4.14877,13.5941,38.9432
0.0558311,0.573058,0.0703646,5.16182,14.2102,38.9435
0.0581225,0.490423,0.0682057,3.36231,13.4484,38.9436
0.0557231,0.510969,0.0706761,6.25343,15.7733,38.944
0.0617027,0.347672,0.0650842,1.18059,14.5217,38.9441
0.0610162,0.429304,0.059303,1.00922,13.375,38.9442
0.0614887,0.427325,0.075911,0.618931,13.6574,38.9455
0.0585244,0.511334,0.117067,2.76717,15.9006,38.9455
0.0574579,0.430948,0.060727,5.95973,15.8818,38.9458
0.0579061,0.45685,0.0585987,4.19564,14.5219,38.9467
0.0588886,0.373914,0.0522412,4.1622,14.2365,38.9483
0.0591876,0.345347,0.0558801,4.80681,15.5301,38.949
0.060637,0.364991,0.0640292,2.12221,14.9273,38.95
0.0526367,0.639993,0.0574687,9.32638,14.1399,38.9504
0.0584187,0.530203,0.092706,2.0708,14.8371,38.9505
0.0607053,0.413458,0.0862043,1.3379,14.2669,38.9508
0.0592295,0.491009,0.0650503,2.48874,13.502,38.9527
0.0583264,0.521695,0.148676,2.41658,16.7492,38.9532
0.059581,0.484929,0.154264,1.82471,16.673,38.9532
0.0622729,0.311525,0.0585329,1.07285,14.0122,38.9539
0.0620681,0.32406,0.0659139,1.71086,14.5886,38.9544
0.0591147,0.478848,0.0728369,2.16555,13.21,38.9572
0.062639,0.378104,0.0568499,0.672841,13.1258,38.9573
0.057847,0.506891,0.097195,3.71355,15.0013,38.9573
0.055622,0.520152,0.0725799,6.68961,15.466,38.9574
0.0559351,0.514656,0.0564198,6.31843,14.644,38.9575
0.0569895,0.583086,0.116566,3.08731,15.1788,38.9576
0.0538052,0.57986,0.0581492,8.62637,14.7853,38.9584
0.0585735,0.508342,0.138381,2.81561,16.1666,38.9588
0.0605484,0.389595,0.0576157,2.96851,14.4691,38.9591
0.0542121,0.591426,0.0763345,7.46535,15.8843,38.9592
0.0605223,0.459214,0.0657493,1.93981,13.0644,38.9603
0.0599521,0.444312,0.0588407,2.40108,13.4182,38.9612
0.0620803,0.325181,0.061601,1.32779,14.3136,38.9617
0.0564727,0.460023,0.0593795,6.35148,15.0409,38.9617
0.0590085,0.50663,0.068876,2.03186,13.9017,38.9622
0.055158,0.616018,0.104676,5.06655,15.7151,38.963
0.0584766,0.512236,0.119827,2.46971,15.0805,38.9637
0.0587258,0.497035,0.110429,2.00192,15.0315,38.9639
0.055331,0.602565,0.122731,5.24232,16.2272,38.9639
0.0578004,0.5094,0.106135,3.4406,15.4199,38.9641
0.0611095,0.411515,0.0573546,1.88582,13.4902,38.9648
0.0566067,0.436586,0.057039,6.82174,15.286,38.965
0.0554628,0.603636,0.0958404,5.79072,15.4166,38.9651
0.0617695,0.40962,0.0738135,0.709464,13.6469,38.9651
0.0611881,0.428975,0.131809,0.81847,15.8623,38.9654
0.0604361,0.449891,0.0794043,1.06475,14.6696,38.9666
0.0567708,0.427239,0.0585259,6.69451,15.1212,38.967
0.0579739,0.451867,0.0550371,4.45329,13.1927,38.9674
0.0620275,0.394486,0.0817854,0.723899,14.087,38.9676
0.0620735,0.387362,0.0834137,0.11371,14.5439,38.9681
0.0567085,0.555847,0.0740272,4.98924,14.6738,38.9687
0.0579396,0.515663,0.0733069,3.74265,14.5164,38.9688
0.0551372,0.564502,0.0819191,6.22929,15.4675,38.9689
0.056766,0.61056,0.124285,3.11803,15.9752,38.9691
0.0580641,0.500315,0.0790196,3.78689,14.901,38.9692
0.0619313,0.408341,0.0784239,0.811583,14.119,38.9701
0.05702,0.584738,0.153278,3.97328,16.7603,38.9702
0.0561661,0.588595,0.136064,4.54928,16.0844,38.9704
0.0601704,0.459388,0.0747419,1.95226,13.31,38.9705
0.0554251,0.589164,0.122119,5.90861,16.6216,38.9712
0.0537317,0.57554,0.0676603,8.42979,15.8486,38.9714
0.0611723,0.436441,0.0994275,0.984251,14.7405,38.9715
0.0625309,0.353125,0.065305,0.230003,13.9655,38.9715
0.0572284,0.556152,0.148486,3.73789,16.545,38.9717
0.0594872,0.4911,0.147214,1.47596,15.8765,38.9718
0.0636399,0.219528,0.0510149,1.62981,14.4906,38.9721
0.0603272,0.439792,0.108057,1.13192,15.1178,38.9722
0.0545035,0.579546,0.0527595,7.32721,13.4169,38.9728
0.0582732,0.519994,0.156938,2.7519,16.3379,38.9732
0.0567955,0.5609,0.0759474,4.85724,14.5652,38.9739
0.06029,0.397026,0.0599161,2.61103,13.0107,38.974
0.0583621,0.474636,0.0881126,3.55966,15.0624,38.9754
0.0626067,0.363785,0.0558018,0.0754881,12.7707,38.9759
0.057661,0.525136,0.104113,3.9681,15.6139,38.9773
0.0626733,0.287932,0.0532847,1.58299,14.8362,38.9774
0.0631801,0.316272,0.0695088,0.769469,14.3125,38.978
0.0618632,0.289593,0.0524685,2.93426,14.6715,38.9787
0.0597187,0.480217,0.129411,1.54839,15.9769,38.9788
0.0528255,0.617794,0.0549426,9.4035,14.9906,38.9793
0.0546969,0.488698,0.0532846,8.31593,15.0337,38.9799
0.0610541,0.451387,0.0975516,0.261415,14.0714,38.9806
0.0603967,0.455815,0.0795332,1.6415,14.8962,38.9813
0.0542903,0.593339,0.0654491,7.61233,14.6035,38.9816
0.06111,0.420898,0.0529196,1.60527,12.6007,38.9818
0.0550741,0.588144,0.0686766,6.11122,14.5284,38.982
0.0607436,0.42086,0.0691416,1.57359,13.9032,38.9822
0.0592322,0.478578,0.0699706,2.7833,13.7848,38.9828
0.058667,0.499815,0.113407,2.88552,15.6828,38.9828
0.0550541,0.629851,0.103152,5.89402,15.8493,38.983
0.05712,0.583547,0.0944793,3.96319,14.4575,38.9831
0.0597115,0.306296,0.050452,4.81028,15.2588,38.9836
0.0559992,0.597694,0.116037,4.18018,15.358,38.9845
0.0542944,0.602504,0.0628695,7.70092,14.6357,38.9846
0.0565722,0.628561,0.129834,3.68841,15.5052,38.9852
0.0569392,0.593357,0.15593,3.40809,16.5041,38.9852
0.0599195,0.428063,0.0642851,2.28414,14.8478,38.9865
0.0582167,0.506219,0.0697343,3.45298,14.8069,38.9867
0.0550471,0.62007,0.141282,5.87676,16.0472,38.987
0.0590626,0.45991,0.0521393,3.94828,13.8976,38.9874
0.0572987,0.511817,0.0582056,4.98949,13.0284,38.9875
0.0616911,0.404348,0.0827063,0.12335,14.1791,38.9881
0.0552187,0.610931,0.0997393,5.42529,15.5574,38.9887
0.0610948,0.462816,0.0940081,0.961347,14.6784,38.9891
0.0602597,0.354138,0.0508319,3.00127,14.6232,38.9893
0.0606426,0.472079,0.13145,0.117084,15.0213,38.9896
0.05644,0.563804,0.13027,4.33985,16.7558,38.9898
0.0582945,0.541286,0.162871,2.23121,16.3168,38.9901
0.0551945,0.50616,0.0545486,7.54931,14.9689,38.9907
0.0614295,0.374182,0.0725448,1.26868,14.9121,38.9922
0.0610993,0.433487,0.138755,0.2682,15.3156,38.9929
0.0602962,0.444497,0.0737199,1.28277,13.3999,38.9937
0.0586249,0.504802,0.135609,2.62108,16.8866,38.9937
0.0584923,0.40007,0.0670157,4.01442,15.0222,38.9938
0.0584429,0.404955,0.0681646,4.29285,15.4355,38.9943
0.0579977,0.50832,0.0723166,3.14724,14.8067,38.9944
0.0594432,0.397929,0.0691457,3.3907,15.2162,38.9951
0.0580785,0.548284,0.124515,2.55921,15.9353,38.9956
0.0597165,0.479025,0.158967,1.24082,16.9722,38.9956
0.0555342,0.635806,0.158979,4.62873,16.3644,38.9958
0.0543265,0.52712,0.0566955,8.95788,15.4401,38.9959
0.0606218,0.419899,0.0950989,1.47714,15.5533,38.996
0.0600449,0.453829,0.122427,1.38402,15.2193,38.9961
0.0599339,0.479168,0.0861583,1.35196,14.641,38.9962
0.0571521,0.554331,0.146698,3.57468,16.9402,38.9962
0.058159,0.560082,0.101227,2.18693,14.2315,38.9965
0.0615163,0.416766,0.0848073,0.103573,14.8593,38.9966
0.0586208,0.457513,0.0622248,3.42662,13.3303,38.9971
0.0558684,0.501312,0.0583641,6.86525,14.178,38.9981
0.0560615,0.599744,0.104932,4.34809,15.1687,38.9989
0.062489,0.354824,0.0718062,0.323909,14.5449,38.9993
0.0587094,0.500527,0.104653,2.1247,15.4733,38.9998
0.0584511,0.463505,0.0847434,3.60519,15.0169,39.0005
0.0565805,0.550228,0.12141,4.58553,16.8656,39.0009
0.056225,0.539078,0.0604416,5.61641,13.5814,39.0009
0.0625822,0.361546,0.0564017,0.870304,12.8982,39.001
0.0614795,0.421772,0.0905339,0.248769,14.7409,39.0011
0.0550797,0.570596,0.0789984,6.57364,15.0197,39.0018
0.059462,0.445845,0.078192,2.67539,14.7263,39.0018
0.0612996,0.377389,0.0615582,1.14842,13.7885,39.0019
0.0564555,0.45242,0.0512953,6.88733,14.9849,39.002
0.054725,0.608806,0.0883302,6.94754,15.602,39.0027
0.0585811,0.5035,0.118172,2.2011,15.9548,39.003
0.0570315,0.586371,0.154357,3.4705,16.7347,39.0031
0.0598177,0.478753,0.110155,1.51772,15.0867,39.0032
0.0631766,0.268056,0.0519869,1.74233,14.5871,39.0032
0.0579362,0.507506,0.0987703,3.00635,15.927,39.0035
0.0569131,0.570113,0.164738,3.52371,16.6942,39.0035
0.0570056,0.569601,0.123776,3.49942,15.9552,39.0036
0.0584476,0.463951,0.0835998,3.09557,15.571,39.0036
0.05339,0.625613,0.060092,8.23023,14.9883,39.0038
0.0569408,0.587938,0.117649,3.13965,15.4677,39.004
0.0567743,0.554148,0.0792301,4.23288,14.5829,39.0041
0.0583971,0.523898,0.150624,2.99339,16.6453,39.0047
0.0567088,0.436836,0.0553068,6.95127,15.5404,39.005
0.0619715,0.334939,0.0534847,1.60272,13.6903,39.0059
0.059311,0.503429,0.142999,1.88445,15.7198,39.006
0.0586562,0.415751,0.0516179,4.73127,14.4637,39.0062
0.0554264,0.604798,0.0819472,5.59102,14.858,39.0063
0.0537503,0.596934,0.055563,8.68498,14.5167,39.0066
0.0591394,0.413817,0.0676588,3.23798,14.1972,39.0069
0.060558,0.303058,0.0568086,3.4649,15.1501,39.0079
0.0614224,0.436018,0.0869609,0.308615,14.6282,39.0082
0.062205,0.334796,0.053968,1.50028,13.9774,39.0087
0.0592161,0.4065,0.0756199,3.10056,15.347,39.0087
0.0578366,0.509253,0.0958032,3.49035,15.0106,39.0089
0.0603359,0.453175,0.07956,1.46528,14.5421,39.009
0.0573423,0.498539,0.0620231,4.26824,13.7467,39.0091
0.06048,0.374871,0.0695887,2.31218,14.8879,39.0095
0.0606662,0.36579,0.0525859,2.58656,13.5337,39.0096
0.060389,0.432295,0.10268,1.48603,15.9153,39.0098
0.0555341,0.591438,0.0939742,5.22317,15.0123,39.0102
0.0604591,0.436449,0.0838187,1.70278,14.9979,39.0102
0.0543544,0.513525,0.0589955,8.82991,15.4357,39.0103
0.0554128,0.595216,0.121451,5.52684,16.4955,39.0106
0.0598399,0.475743,0.114067,1.99579,15.4788,39.0107
0.0608709,0.349982,0.0690122,2.62448,15.4655,39.011
0.0627613,0.337705,0.0635609,0.752529,13.718,39.0113
0.0542665,0.589055,0.0661478,7.41808,14.6526,39.0118
0.0604229,0.399817,0.0617836,2.97404,14.6409,39.0128
0.0559781,0.574944,0.0680465,5.18675,14.7466,39.013
0.0611388,0.387163,0.0778707,1.57862,14.9396,39.0133
0.0585456,0.513778,0.112999,2.38411,15.3486,39.0135
0.0519945,0.643056,0.0552217,10.5504,14.5137,39.0138
0.0604152,0.435003,0.0849549,1.69577,14.0555,39.014
0.0556082,0.579863,0.0798778,5.95748,14.29,39.0153
0.0618449,0.407524,0.0858538,0.164335,14.8771,39.0155
0.0596541,0.307866,0.0530666,4.39899,15.646,39.0157
0.0561897,0.592694,0.0889156,4.51581,14.9449,39.0158
0.0603024,0.476127,0.0707818,1.5285,13.4132,39.0166
0.0623598,0.369112,0.058687,0.6467,12.3088,39.0168
0.0574535,0.4984,0.0624816,4.67493,14.4077,39.017
0.0563827,0.467005,0.0602331,6.17533,15.1614,39.017
0.0574869,0.506794,0.0646671,4.66239,14.9771,39.0179
0.0599219,0.487534,0.090768,1.08507,14.9877,39.0189
0.0563084,0.575471,0.125506,4.52488,16.8916,39.0189
0.0556284,0.648602,0.123712,4.85491,15.6053,39.0195
0.0600428,0.470825,0.109614,1.31078,15.4965,39.0197
0.0574998,0.5373,0.13497,3.56112,16.1497,39.02
0.0563212,0.571608,0.105542,4.59079,15.12,39.0209
0.0576199,0.521261,0.11146,3.75161,15.4837,39.0217
0.0554401,0.6629,0.163645,4.29926,16.0198,39.0219
0.0604934,0.428761,0.0830466,1.93739,14.8918,39.0222
0.056855,0.406246,0.0578392,6.22234,15.7258,39.0223
0.0559959,0.59594,0.157656,4.70866,16.3197,39.0231
0.0602381,0.414334,0.0507608,2.87054,12.6016,39.024
0.0586494,0.501757,0.0961888,2.98938,14.9951,39.0242
0.0599546,0.433789,0.0641316,2.61119,14.7561,39.0253
0.0561489,0.601313,0.132359,4.40113,16.8914,39.0253
0.0568258,0.545126,0.0783044,4.96112,14.8888,39.0258
0.057273,0.561703,0.146659,3.0795,16.1949,39.0259
0.0605116,0.427449,0.0803255,1.37358,14.8612,39.0259
0.0612339,0.434171,0.112301,0.58227,15.1977,39.0267
0.0591344,0.354091,0.0589097,4.59302,15.6772,39.027
0.0541386,0.544945,0.0553527,8.02166,14.798,39.027
0.0549112,0.629613,0.144762,5.43463,16.9306,39.0271
0.0604441,0.468493,0.0668498,1.15211,13.6012,39.0275
0.0570525,0.544224,0.0690391,4.90814,14.1137,39.0275
0.0569195,0.59338,0.118268,3.68412,15.4442,39.0278
0.063154,0.249636,0.0548654,1.11942,14.9069,39.0279
0.0574558,0.538719,0.128692,3.95726,16.5195,39.0281
0.0531846,0.572619,0.0606304,9.3565,15.3571,39.0287
0.0559848,0.616245,0.144285,4.66677,16.8056,39.0289
0.0602545,0.458693,0.100355,1.79077,15.6726,39.0292
0.0610608,0.457207,0.0925879,0.512027,14.732,39.0299
0.0563559,0.570774,0.085926,4.92984,14.3404,39.0302
0.0575996,0.523218,0.130761,3.49192,16.8111,39.0302
0.0548577,0.536224,0.0607654,7.20462,14.8867,39.0303
0.0580911,0.568468,0.101288,2.74863,14.9,39.0306
0.0561471,0.53716,0.0729884,5.7551,14.9489,39.0307
0.057155,0.501193,0.0863021,4.93674,15.0969,39.0309
0.0558191,0.630075,0.116121,4.25478,15.07,39.0309
0.0595415,0.327264,0.0536463,4.22573,15.3876,39.0311
0.0552909,0.612284,0.124591,5.21661,16.8502,39.0314
0.0601656,0.43721,0.0524624,2.49123,13.4407,39.0317
0.0532753,0.621873,0.0758508,8.49732,15.9591,39.032
0.0575391,0.545845,0.108083,3.67761,15.8712,39.0321
0.0617144,0.406921,0.100419,0.463932,15.8781,39.0328
0.0603392,0.439084,0.0744169,1.50381,13.3772,39.0334
0.0589587,0.369674,0.0613791,4.34772,15.6625,39.0335
0.0537024,0.641075,0.0728445,7.01257,14.8449,39.0341
0.0569817,0.58406,0.161172,3.98851,16.0065,39.0346
0.0617829,0.399849,0.0882432,0.965841,14.5075,39.0349
0.0558177,0.616446,0.15192,4.49073,16.3955,39.0351
0.0604422,0.457316,0.080962,1.50513,14.4763,39.0356
0.060271,0.478938,0.0694989,1.96213,13.4843,39.0362
0.0602145,0.445101,0.116225,1.51635,15.1187,39.0371
0.0545394,0.667855,0.154379,5.08766,16.9488,39.0375
0.0570905,0.520091,0.0760565,4.52693,14.1149,39.0375
0.0547333,0.562226,0.0532963,7.91495,14.923,39.0377
0.055584,0.532097,0.0650027,6.50568,14.8046,39.0378
0.0581577,0.548524,0.119279,2.26095,15.0743,39.0379
0.0548782,0.629998,0.161856,5.76991,16.1761,39.0383
0.0595333,0.478234,0.063318,2.09735,13.1323,39.0384
0.0556551,0.596848,0.0750348,5.80673,14.7679,39.0391
0.0574725,0.539294,0.134595,3.20862,16.7236,39.0395
0.0580979,0.559645,0.159037,2.9945,16.7022,39.0395
0.0562166,0.57787,0.107872,4.71145,15.5264,39.0399
0.0623869,0.380292,0.0666608,0.0617956,13.35,39.0399
0.0598058,0.477487,0.0992342,1.15253,14.9675,39.0411
0.0533601,0.662624,0.117542,7.56537,16.9531,39.0411
0.060037,0.476064,0.10989,1.84543,15.9136,39.0424
0.0635977,0.285212,0.0599837,0.00887651,14.3929,39.0426
0.062817,0.339779,0.0734399,0.077238,14.0777,39.0433
0.0577971,0.508397,0.10113,3.07379,15.822,39.0436
0.0623773,0.393661,0.0569367,0.67478,12.9757,39.0438
0.0560933,0.475593,0.0678463,6.62308,15.4836,39.0439
0.0583035,0.533781,0.158055,2.81409,16.7011,39.0447
0.0611352,0.460759,0.0938966,0.508094,14.6847,39.0451
0.0616267,0.410767,0.109055,0.417654,15.7181,39.0457
0.0584902,0.506428,0.155918,2.18523,16.8575,39.0464
0.0575504,0.4744,0.0689221,4.78917,14.8088,39.0464
0.0636382,0.313978,0.0504219,0.383643,13.11,39.0467
0.0571025,0.576636,0.147012,3.984,16.9487,39.0473
0.0572322,0.561012,0.0944992,3.18195,14.2499,39.0476
0.0613682,0.46095,0.0746577,0.594711,13.9151,39.0476
0.0593767,0.508613,0.153842,1.35605,16.9064,39.0476
0.0564046,0.579877,0.101535,4.19414,15.0682,39.0477
0.059969,0.459062,0.11597,1.39222,15.6481,39.0481
0.0621494,0.319279,0.0622815,1.40422,14.6599,39.0484
0.0566687,0.565029,0.0755974,4.25776,14.7654,39.049
0.0538323,0.638536,0.0717543,7.72712,14.5034,39.0494
0.0616395,0.368028,0.0614039,1.63922,14.3882,39.0494
0.0618319,0.37537,0.0528152,1.98854,13.8295,39.0495
0.0548153,0.6458,0.139439,5.55135,16.5921,39.0502
0.0609691,0.456097,0.0996747,0.0196347,14.9837,39.0504
0.06229,0.369323,0.0695229,0.0582078,13.9382,39.0506
0.0537513,0.604887,0.0529065,8.93184,14.5815,39.0508
0.0562098,0.583399,0.128874,4.42202,16.5434,39.0512
0.0610194,0.441647,0.141843,0.48702,15.9105,39.0516
0.0595275,0.51293,0.100776,1.36915,14.7035,39.0521
0.060112,0.44731,0.117851,1.08,15.7143,39.0522
0.0554141,0.483425,0.0526168,7.73337,14.5338,39.0536
0.0580611,0.553721,0.124588,2.69334,15.1714,39.054
0.0543616,0.629221,0.120882,6.29037,16.6808,39.0542
0.058642,0.448324,0.0695939,3.53525,14.0907,39.0542
0.0626119,0.3896,0.0517414,0.473033,12.2146,39.0544
0.0579406,0.455721,0.0566311,4.4291,13.2503,39.055
0.0573789,0.496665,0.0741876,4.46471,14.7302,39.0556
0.0608055,0.466101,0.12326,0.125732,15.4193,39.0561
0.058791,0.441368,0.0774849,3.07711,15.2875,39.0563
0.0586336,0.459454,0.0787224,3.56769,15.822,39.0565
0.055304,0.620592,0.0841425,5.35028,14.119,39.0569
0.0635354,0.292672,0.0583331,0.180941,13.8418,39.0569
0.0616205,0.406878,0.0941616,0.553018,14.2338,39.057
0.0536788,0.524258,0.0547898,9.46539,15.1952,39.0573
0.0538306,0.511062,0.0541325,9.49622,15.4957,39.0574
0.0549681,0.593298,0.0660383,6.30545,14.2754,39.058
0.0583624,0.420034,0.0542169,4.99973,14.65,39.0581
0.0562169,0.573846,0.140437,4.56342,16.221,39.0581
0.0595201,0.489546,0.13009,1.73158,15.4563,39.0582
0.0574034,0.549822,0.0859221,3.17826,14.9552,39.0583
0.0599203,0.447127,0.0513405,2.98451,12.7349,39.0585
0.0625878,0.286537,0.0588231,1.80883,14.9822,39.0588
0.0583863,0.530817,0.154181,2.66319,16.3051,39.0588
0.0594823,0.402497,0.0602487,3.02531,14.1125,39.0595
0.0559059,0.608413,0.15246,4.21308,16.0044,39.0598
0.0550216,0.623301,0.142924,5.01336,16.2421,39.0599
0.0585016,0.45983,0.0859322,3.51912,15.8516,39.0604
0.0605216,0.450527,0.0801737,1.87734,14.922,39.0605
0.0600487,0.345735,0.0583588,3.8119,14.8508,39.0607
0.0609935,0.448645,0.14936,0.887567,16.6096,39.0609
0.0621047,0.405103,0.0598819,0.308357,12.0276,39.0627
0.0580243,0.527239,0.0667379,3.27792,13.1157,39.0631
0.0583519,0.533732,0.113565,2.92109,15.9261,39.0636
0.0573269,0.499458,0.074515,4.40335,14.3537,39.0638
0.0577542,0.531613,0.0766178,3.4948,14.7263,39.0639
0.0550211,0.59036,0.064668,6.64189,14.189,39.0641
0.0584771,0.507549,0.131505,2.80793,15.5849,39.0643
0.0593702,0.498282,0.162736,1.9354,16.6537,39.0646
0.0620024,0.399528,0.07068,0.721003,13.4237,39.0646
0.0546777,0.602941,0.074221,6.58788,14.5031,39.0654
0.0629487,0.349144,0.0586872,0.542076,13.0617,39.0656
0.0606937,0.493355,0.104106,0.42926,14.6485,39.0656
0.0580677,0.555463,0.121445,2.4346,15.2756,39.0656
0.0600453,0.426448,0.0667539,2.59576,14.4924,39.0659
0.0622597,0.362709,0.0836044,0.761678,14.761,39.0667
0.0615489,0.415623,0.110856,0.794537,15.8579,39.0669
0.0549007,0.528617,0.0560261,7.51558,14.4218,39.0672
0.0549054,0.587572,0.0809577,6.83712,15.7906,39.0674
0.0566416,0.434818,0.0518988,6.41503,14.8469,39.0681
0.0610062,0.442889,0.155418,0.045053,16.9726,39.0682
0.0583762,0.539974,0.0972188,2.11116,14.1864,39.0682
0.0596993,0.511449,0.0919321,1.97729,14.4743,39.0685
0.0563888,0.560262,0.135362,4.79183,16.3492,39.0686
0.061127,0.462115,0.0835304,0.0383681,13.6497,39.0688
0.0585589,0.506218,0.125929,2.14591,15.8444,39.0691
0.0601846,0.396857,0.081688,2.9778,15.9728,39.0692
0.055105,0.517375,0.0569808,7.76406,14.3883,39.0696
0.0597641,0.476333,0.156402,1.88894,16.0154,39.0697
0.0587248,0.45905,0.061964,3.23582,13.2963,39.0699
0.0605272,0.381134,0.0652313,2.4546,14.8822,39.07
0.0555093,0.656076,0.163688,4.41979,16.2644,39.0702
0.054932,0.583545,0.0689531,6.11485,14.0963,39.0703
0.0551331,0.559132,0.0811264,6.93876,15.649,39.0705
0.0585704,0.53864,0.0879831,2.03969,14.5523,39.0706
0.054851,0.531164,0.0689789,7.75493,15.0558,39.0707
0.0613252,0.431052,0.112968,0.824116,15.806,39.0711
0.0546749,0.562428,0.059904,7.21082,14.1376,39.0711
0.0550957,0.636736,0.130343,5.9017,16.3718,39.0712
0.0610116,0.335,0.0624154,2.0635,14.5171,39.0716
0.0625281,0.363251,0.0671368,0.0968187,13.7381,39.0731
0.057252,0.532511,0.0583909,4.91469,13.6401,39.0731
0.0574093,0.552307,0.134558,3.16766,16.5261,39.0738
0.0539017,0.62319,0.0829318,7.42785,15.6595,39.0738
0.0581988,0.48891,0.081155,3.78359,14.6077,39.0738
0.0560445,0.554293,0.0736888,5.37199,14.1829,39.0739
0.0581906,0.511049,0.0726649,3.23511,14.9488,39.0739
0.0569876,0.459472,0.0692577,5.63522,15.1993,39.0744
0.0552872,0.502849,0.0604967,7.22015,15.3586,39.0748
0.0586337,0.520743,0.108503,2.76983,15.133,39.0754
0.0560588,0.422554,0.0538019,7.53979,15.9822,39.0755
0.057705,0.538747,0.0987349,3.54303,15.4589,39.0761
0.0536531,0.688164,0.147048,6.33891,16.6809,39.0761
0.062058,0.414024,0.063317,0.668113,13.4185,39.0766
0.0600332,0.475644,0.0774311,1.98433,13.1595,39.077
0.0595792,0.483203,0.148023,1.9465,15.4059,39.0773
0.0562386,0.401661,0.0521728,7.69441,15.6857,39.0775
0.0543855,0.582889,0.0719122,7.22674,15.8715,39.0778
0.0579369,0.516288,0.0819406,3.89666,14.1623,39.0779
0.060745,0.468626,0.156858,0.808218,16.1066,39.0781
0.0589912,0.374424,0.0549976,4.18835,14.4273,39.0786
0.0573933,0.497658,0.062034,4.80138,13.0725,39.0786
0.0542272,0.590396,0.0790548,7.7582,15.8288,39.0788
0.0608318,0.464306,0.100057,0.0558094,14.9326,39.079
0.0582239,0.545964,0.117134,2.28217,15.1393,39.079
0.0576159,0.424103,0.0585845,5.20885,15.9357,39.0792
0.059631,0.475517,0.160465,1.66202,16.3553,39.0795
0.0606266,0.478121,0.163793,0.743669,16.8866,39.0798
0.0597876,0.471834,0.132659,1.61886,15.912,39.0798
0.0596651,0.473755,0.143154,1.50497,15.7666,39.0801
0.0580938,0.55872,0.122768,2.11664,15.3372,39.0804
0.0577175,0.536443,0.100749,3.7256,15.4914,39.0809
0.0608095,0.464452,0.129747,0.375592,15.8803,39.081
0.0595298,0.444206,0.0917779,2.34588,15.7463,39.0815
0.0573338,0.499304,0.0862191,4.22562,15.3371,39.0821
0.0557868,0.621312,0.15168,4.22944,16.814,39.0822
0.0612645,0.31741,0.065005,2.46533,15.0656,39.0823
0.0600302,0.470499,0.114726,1.08711,15.761,39.0823
0.0572709,0.558506,0.14051,3.63385,16.901,39.0825
0.0590267,0.353499,0.0602584,4.84854,15.9506,39.0826
0.0580698,0.56403,0.160326,2.6164,16.8104,39.0827
0.0566526,0.617209,0.162504,3.76945,16.3581,39.0827
0.060464,0.442543,0.0840306,1.76523,14.8079,39.0831
0.0606097,0.363838,0.0719959,2.41347,15.8056,39.0831
0.0569212,0.466305,0.0690881,5.46739,15.7129,39.0834
0.0615504,0.377931,0.0623956,1.12506,14.2233,39.0834
0.062607,0.375633,0.0610932,0.14302,13.1697,39.0835
0.0589586,0.491031,0.0721747,2.44125,13.7007,39.0835
0.0593383,0.543738,0.100387,1.19174,14.0684,39.0836
0.0602619,0.41351,0.0578051,2.75746,13.3596,39.0838
0.0559443,0.607855,0.152317,4.14926,16.6976,39.084
0.0573663,0.537028,0.143456,3.09806,16.3365,39.0845
0.0601462,0.458624,0.110227,1.12455,15.764,39.085
0.0554302,0.608014,0.0949222,5.39854,15.6807,39.0852
0.0598025,0.358542,0.0656249,3.93213,15.5488,39.0866
0.0600993,0.4643,0.106634,1.26632,15.0419,39.0867
0.0620221,0.389868,0.0757998,0.320893,14.8351,39.0868
0.0555917,0.60187,0.0781742,5.75417,14.8475,39.087
0.0568567,0.536691,0.0877556,4.90377,15.1851,39.0871
0.0592796,0.539406,0.104965,1.99983,14.1332,39.0875
0.0552114,0.613817,0.0967878,5.41738,15.2607,39.0875
0.0549455,0.626586,0.153401,5.03091,16.1536,39.0875
0.0580066,0.561734,0.124041,2.03871,15.063,39.0882
0.0581941,0.495908,0.0795326,3.84426,14.0891,39.0883
0.0596371,0.454899,0.0656381,2.58866,13.9566,39.0883
0.057657,0.519435,0.125899,3.33471,16.531,39.0883
0.0591118,0.479634,0.101012,2.91732,15.5999,39.0886
0.0568921,0.591074,0.161052,3.84193,16.9267,39.0888
0.0573538,0.494645,0.0878735,4.23602,15.2241,39.0893
0.0569785,0.581918,0.114074,3.33634,15.095,39.0897
0.0595484,0.458152,0.069278,2.77124,14.26,39.0899
0.0535094,0.62194,0.0561325,8.37405,14.1384,39.0899
0.0546665,0.481909,0.0566886,8.28083,15.3136,39.0903
0.0566707,0.606767,0.164606,3.9678,16.0802,39.0903
0.056796,0.556708,0.0786224,4.41638,14.3248,39.0906
0.0601294,0.461983,0.111092,1.31484,15.888,39.0907
0.0579865,0.547502,0.160815,2.82772,16.6583,39.0915
0.0571575,0.557175,0.11576,3.72179,15.1896,39.0919
0.0560106,0.607522,0.142186,4.03176,16.3424,39.0923
0.0594788,0.504881,0.158609,1.6382,16.8878,39.0923
0.0595683,0.46511,0.0653115,2.75473,13.6221,39.0924
0.0608947,0.425221,0.0574695,1.99654,12.1841,39.0924
0.0556078,0.574844,0.100757,5.57159,15.615,39.0926
0.0574292,0.558207,0.104296,3.09409,15.6625,39.0939
0.0605139,0.439185,0.0722233,1.14281,13.3427,39.0939
0.0602064,0.352718,0.0534253,3.25269,14.8295,39.0939
0.0558076,0.500845,0.0697316,6.61336,15.044,39.0939
0.0554041,0.600227,0.0980447,5.65683,15.5468,39.094
0.0614293,0.397334,0.0528197,1.24508,12.472,39.0941
0.056444,0.509487,0.0748321,5.52995,15.5713,39.0941
0.0557279,0.563675,0.0949239,5.40987,15.3447,39.0947
0.0562656,0.588402,0.12712,4.84443,16.0928,39.0954
0.0591886,0.463253,0.0839785,2.52539,14.6951,39.0955
0.057473,0.529691,0.142872,3.81009,16.9138,39.0958
0.0606974,0.471336,0.131747,0.711871,15.6979,39.096
0.0573914,0.487981,0.0679665,4.58445,14.4381,39.0962
0.064599,0.21635,0.0556847,0.304685,14.1387,39.0964
0.0622957,0.404326,0.0620478,0.814415,13.6782,39.0966
0.0591588,0.47839,0.0837011,2.83512,14.932,39.0968
0.0608101,0.379775,0.0515214,2.73832,13.372,39.0968
0.0599889,0.403358,0.0723115,2.32402,14.0831,39.097
0.0526336,0.626033,0.0690988,9.46458,15.5479,39.0972
0.0581189,0.564549,0.161457,2.51923,16.7834,39.0973
0.0571181,0.542361,0.0626139,4.74145,13.8795,39.0977
0.0558261,0.574713,0.0886549,5.76102,15.8613,39.0978
0.0616477,0.419054,0.0797241,0.120431,14.9267,39.0981
0.0552973,0.56258,0.0603455,6.42084,14.4564,39.0981
0.0595916,0.435838,0.0819501,2.729,14.3894,39.0982
0.0539867,0.620606,0.0656404,7.33384,14.2048,39.0982
0.0574663,0.489053,0.0833276,4.91056,15.2903,39.0991
0.0585331,0.507846,0.127491,2.91946,15.1701,39.0991
0.0590558,0.454603,0.0543515,3.07543,13.0281,39.0992
0.0573107,0.546795,0.120267,3.7394,15.847,39.0993
0.0612579,0.433266,0.120858,0.959864,15.2649,39.0996
0.0595656,0.445026,0.0810979,2.52929,14.0493,39.0997
0.0611088,0.43175,0.133813,0.37008,15.7016,39.1003
0.0562829,0.534901,0.0767472,5.45998,15.8289,39.1005
0.05355,0.649746,0.0775574,7.47112,14.1556,39.1009
0.0598696,0.425231,0.0574534,2.70426,13.1226,39.101
0.0592612,0.461805,0.0995625,2.75348,15.0451,39.1013
0.0598984,0.286596,0.0526736,4.23718,15.4499,39.1015
0.0575897,0.513791,0.0542303,4.63015,13.2528,39.1019
0.0618753,0.389153,0.0919686,0.865181,14.8963,39.102
0.0583044,0.548266,0.156544,2.41274,16.9484,39.102
