beta,permeability,xi,init_days,delay,value
0.0521639,0.992093,0.0502877,0.152393,19.5202,36.5741
0.0520942,0.993996,0.0504938,0.191152,19.0247,36.5761
0.0520318,0.997406,0.0508775,0.50831,19.21,36.5955
0.0520509,0.995103,0.0503099,0.778327,19.2047,36.5972
0.0519797,0.997611,0.0508743,0.624544,18.9567,36.6065
0.0521044,0.995766,0.0511503,0.247681,19.7113,36.6085
0.0521429,0.991479,0.0506165,0.938208,19.2948,36.6153
0.052009,0.997744,0.0508248,0.644289,18.8067,36.6156
0.0519995,0.993152,0.0503803,0.561884,18.5659,36.6326
0.0521928,0.98846,0.0503112,0.522093,19.1181,36.6388
0.0521371,0.992946,0.0509977,0.752956,19.3555,36.6416
0.0520842,0.995552,0.0514755,0.307186,19.5191,36.6426
0.0519193,0.998059,0.0510564,0.938676,18.902,36.6431
0.0519705,0.992307,0.0502651,0.759611,18.9161,36.6519
0.0521689,0.988194,0.0504925,0.467347,19.4824,36.6558
0.052159,0.987223,0.0504719,0.431603,19.5005,36.6585
0.0520969,0.996835,0.0516653,0.091533,19.136,36.6635
0.0521256,0.987225,0.0502642,0.68506,19.1288,36.6752
0.0520127,0.990885,0.0504179,0.520211,18.3737,36.6803
0.0520412,0.994182,0.0512865,0.397815,19.0757,36.6837
0.0520165,0.995163,0.051232,0.44767,19.6315,36.6851
0.0521392,0.986303,0.0503522,0.733776,19.5542,36.6859
0.0520349,0.993507,0.0505541,0.766346,19.7234,36.6889
0.0521425,0.996767,0.0512922,0.83337,19.6662,36.689
0.0520377,0.993107,0.0504943,0.264862,19.8445,36.6934
0.0519235,0.994415,0.0504534,0.355497,18.2579,36.6937
0.0519365,0.993753,0.0506826,0.369728,18.0657,36.704
0.0520151,0.997153,0.0522066,0.0945243,19.2514,36.7047
0.0522,0.989405,0.0505596,0.538872,19.6519,36.7048
0.0521505,0.985593,0.0507256,0.986388,19.3756,36.708
0.0521655,0.985515,0.050657,0.00562954,19.9583,36.7094
0.0520302,0.990572,0.0506982,0.48376,18.5925,36.7119
0.0520421,0.996647,0.0523266,0.659182,19.9788,36.713
0.0520839,0.995019,0.0504117,0.171928,18.4994,36.7178
0.0521848,0.997839,0.0511091,0.968227,19.6344,36.7188
0.0520594,0.99757,0.0507251,0.860322,18.2737,36.7203
0.051972,0.996783,0.0515702,0.986253,18.6111,36.7204
0.0520119,0.994208,0.0514989,0.939081,19.5125,36.725
0.0519695,0.997954,0.0508055,0.136223,19.9182,36.7271
0.0520702,0.991643,0.0517021,0.00710847,19.1784,36.7306
0.0520702,0.988966,0.0508436,0.727548,19.9356,36.7324
0.0520498,0.995599,0.0508557,0.902249,18.6529,36.7335
0.0522741,0.996455,0.0505782,0.769986,19.0323,36.7398
0.052191,0.984267,0.0507333,0.325232,19.7336,36.7498
0.0520233,0.989448,0.0507699,0.166297,18.0759,36.7505
0.0519056,0.994887,0.0509933,0.776414,18.4096,36.7506
0.0520767,0.988144,0.0504935,0.96279,18.9057,36.7517
0.052013,0.99305,0.0503491,0.0405843,19.6226,36.7551
0.0522953,0.994585,0.050416,0.99801,19.936,36.7561
0.0522133,0.994327,0.0509017,0.489916,19.0523,36.7576
0.0520983,0.990897,0.0518501,0.690373,19.5237,36.758
0.0520308,0.996322,0.0527076,0.349241,19.7606,36.758
0.0522633,0.99425,0.0505658,0.0753283,19.7941,36.7608
0.0522616,0.990869,0.0503433,0.95255,19.1096,36.7609
0.0521673,0.983915,0.0508853,0.101757,19.2453,36.7611
0.0521717,0.988801,0.051121,0.315843,19.9331,36.7612
0.0521375,0.986916,0.0513372,0.378602,19.2313,36.7652
0.0521081,0.993867,0.0520025,0.365801,19.3415,36.7718
0.0520783,0.990497,0.052041,0.446396,19.7814,36.7743
0.0521122,0.997131,0.0503861,0.109025,18.7953,36.7748
0.0518724,0.99393,0.0504256,0.946447,18.2842,36.7748
0.0518891,0.995911,0.0513582,0.864945,18.653,36.7767
0.0521325,0.981951,0.0503546,0.887552,19.7433,36.785
0.0519527,0.997543,0.0517719,0.719672,19.2353,36.7873
0.0519636,0.98966,0.0509798,0.571028,18.3745,36.7896
0.0519641,0.997063,0.0520271,0.752003,18.9672,36.7939
0.0521042,0.98463,0.0503335,0.628116,18.1317,36.797
0.0521875,0.982231,0.0509059,0.269042,19.4159,36.797
0.0521634,0.989933,0.0514381,0.482979,19.5893,36.8017
0.0522074,0.994456,0.0512362,0.704656,19.4724,36.8062
0.0518752,0.9933,0.0504026,0.267794,17.4425,36.8086
0.0523042,0.995608,0.0509064,0.720557,19.2354,36.8088
0.0521517,0.993975,0.0517274,0.438416,19.8115,36.8092
0.0521228,0.995422,0.0520999,0.666204,19.1468,36.814
0.0519274,0.997559,0.0508615,0.48897,17.4836,36.8145
0.0519261,0.996585,0.0508459,0.748186,17.4011,36.8161
0.0522126,0.979192,0.0506772,0.80813,19.9011,36.8199
0.0519615,0.996993,0.0504785,0.349198,17.0746,36.8247
0.0520665,0.995293,0.0510201,0.976685,18.8654,36.8283
0.0520151,0.987157,0.0510325,0.313545,18.7478,36.8369
0.0522434,0.995705,0.0513088,0.571431,19.4342,36.8381
0.0520538,0.988969,0.0521758,0.166444,19.3957,36.8392
0.0519459,0.988178,0.0506286,0.195232,18.4814,36.8398
0.0518723,0.996793,0.0511072,0.421712,17.0894,36.8399
0.0520822,0.985019,0.0513961,0.945545,19.8745,36.8436
0.0519276,0.993486,0.0518824,0.0269423,18.8042,36.844
0.0520106,0.989486,0.05152,0.47856,18.2918,36.8449
0.0520544,0.98626,0.05031,0.891099,19.9337,36.8453
0.0520531,0.986032,0.0510387,0.447335,18.5031,36.849
0.0520269,0.984405,0.0507242,0.508238,18.6898,36.8496
0.0519461,0.991518,0.0505551,0.666498,17.2133,36.8499
0.0521134,0.985959,0.0504747,0.954249,18.21,36.8533
0.0522853,0.983306,0.0502905,0.129045,19.5327,36.8576
0.0519055,0.994077,0.0520638,0.136357,18.6231,36.8595
0.0520048,0.994177,0.0534618,0.778579,19.3139,36.8599
0.0522832,0.994921,0.0512561,0.0267992,19.0547,36.86
0.0522617,0.987407,0.0507196,0.304685,19.7141,36.8624
0.0522931,0.9979,0.0513134,0.632314,19.777,36.8632
0.0520672,0.986836,0.0520925,0.292807,19.4737,36.8655
0.0519293,0.995064,0.0509958,0.44726,17.4273,36.8666
0.051827,0.996372,0.0514728,0.626428,18.729,36.8675
0.0523561,0.994079,0.0506013,0.97811,19.4819,36.8684
0.0523427,0.98804,0.050333,0.215403,19.9344,36.8686
0.0520041,0.994586,0.0519005,0.0917372,18.0863,36.8721
0.0518571,0.994738,0.0515073,0.232406,18.378,36.8723
0.0517932,0.997208,0.050534,0.930351,18.125,36.8734
0.0520691,0.987169,0.052438,0.0774778,19.4716,36.8738
0.052137,0.991139,0.0521284,0.257367,19.6152,36.8742
0.051949,0.994439,0.0524009,0.329947,18.339,36.8744
0.0522828,0.980592,0.0502936,0.65791,19.2862,36.8744
0.0520747,0.983395,0.0503149,0.686735,19.8186,36.8766
0.051875,0.997776,0.0527098,0.947474,18.2647,36.8769
0.0518538,0.994204,0.0509903,0.53575,17.3696,36.8771
0.0519067,0.996964,0.0506085,0.50257,19.0142,36.8856
0.0522649,0.981279,0.0505567,0.883737,19.8107,36.8872
0.0520623,0.985427,0.0518932,0.449866,19.2344,36.8882
0.052164,0.997701,0.0504628,0.750527,18.7009,36.8897
0.0520944,0.984341,0.0522227,0.961121,19.0367,36.8934
0.0519624,0.994884,0.0507062,0.907727,17.0331,36.8937
0.0520822,0.988687,0.0527982,0.37454,19.3162,36.8938
0.052011,0.990521,0.0528598,0.476041,19.327,36.8953
0.0518723,0.99235,0.0508838,0.885261,17.2069,36.8976
0.0519001,0.994358,0.0512607,0.160837,17.3415,36.8983
0.0521322,0.986475,0.050433,0.540877,18.3258,36.8986
0.0519826,0.992425,0.0530897,0.111953,19.3252,36.8991
0.0521794,0.976952,0.0512443,0.310301,19.8571,36.8992
0.0522249,0.993845,0.0516803,0.200647,19.3451,36.904
0.0519564,0.985682,0.0508362,0.0802669,18.3093,36.9054
0.0518247,0.993806,0.0507027,0.497309,17.3419,36.9064
0.0520301,0.98218,0.0508277,0.626585,18.6859,36.9069
0.0520351,0.994706,0.051667,0.913267,18.03,36.9075
0.0523245,0.995515,0.0511016,0.914893,19.6537,36.9079
0.0520376,0.985615,0.0519755,0.166586,19.6677,36.9103
0.0520638,0.987064,0.0528871,0.177203,19.6539,36.9127
0.0520679,0.983775,0.0518347,0.363199,19.7503,36.9128
0.05226,0.98346,0.050823,0.932793,19.1988,36.9135
0.0519637,0.993653,0.0507615,0.0421968,17.9479,36.9144
0.0520878,0.980951,0.0511194,0.143328,19.6045,36.9148
0.0524374,0.997937,0.0504115,0.492183,19.369,36.916
0.0522724,0.969828,0.0502643,0.970985,19.1315,36.9167
0.0522028,0.976818,0.0512424,0.623258,19.2955,36.9173
0.0520012,0.994841,0.0540446,0.562964,19.3707,36.9191
0.05184,0.996636,0.0524779,0.111042,18.9713,36.9207
0.052057,0.986869,0.052909,0.712258,19.4331,36.9208
0.0520371,0.985316,0.0513052,0.834402,19.8883,36.9212
0.0520189,0.992536,0.0537371,0.405839,19.7642,36.9222
0.0518298,0.996413,0.0521744,0.640156,18.5511,36.9223
0.0521304,0.979775,0.0516974,0.106592,19.3126,36.9225
0.0521529,0.989848,0.0503777,0.567103,18.6426,36.9226
0.0518332,0.993218,0.0513504,0.0485271,18.5109,36.9237
0.0521872,0.98411,0.051639,0.231912,19.1366,36.9238
0.0518916,0.991625,0.0509775,0.786259,17.7066,36.9241
0.0519901,0.993397,0.0539988,0.19522,19.1061,36.9242
0.051955,0.992542,0.052055,0.410181,19.9478,36.9244
0.0517922,0.99573,0.0504996,0.246145,18.4404,36.9249
0.0522858,0.988089,0.0509868,0.098744,19.6489,36.9267
0.052211,0.985137,0.0514411,0.0718616,19.5229,36.9286
0.0519642,0.993602,0.0536725,0.422327,19.8575,36.9288
0.0521471,0.979734,0.0518834,0.710304,19.4824,36.9288
0.0521143,0.995183,0.0528149,0.559539,19.0353,36.9294
0.0518505,0.991188,0.0506324,0.467962,17.5459,36.9311
0.0519904,0.99636,0.0523073,0.91949,18.4431,36.9319
0.0519177,0.987647,0.0504996,0.560803,17.4424,36.9319
0.0518327,0.997955,0.0530717,0.795663,18.1416,36.9327
0.0523794,0.989827,0.0505011,0.260615,19.0487,36.9345
0.0519767,0.988543,0.0502641,0.732557,19.6323,36.9384
0.052107,0.992115,0.052833,0.071457,19.0463,36.9393
0.0521742,0.983722,0.0518608,0.361856,19.9632,36.9406
0.0519185,0.994305,0.0527872,0.874433,18.5512,36.9413
0.0520365,0.985627,0.0516187,0.0779502,18.5666,36.9425
0.0519752,0.99015,0.0523247,0.825494,19.8422,36.9431
0.052101,0.993965,0.0529863,0.980007,19.6309,36.944
0.0519956,0.986096,0.0504155,0.240584,17.1503,36.9442
0.05188,0.997942,0.052183,0.0784346,19.5617,36.9445
0.0521331,0.99203,0.0525866,0.309054,19.6192,36.9461
0.0521388,0.981413,0.0522287,0.39268,19.1429,36.9473
0.0520046,0.994489,0.0521803,0.654214,18.7614,36.9479
0.0520091,0.986837,0.0517118,0.0163237,19.5605,36.9496
0.0518738,0.994687,0.0528094,0.909466,18.1011,36.9498
0.0520655,0.992184,0.0514493,0.268077,18.195,36.9498
0.0521362,0.995549,0.0508431,0.627016,18.906,36.9499
0.0519843,0.990299,0.0532404,0.980669,19.8015,36.9511
0.0522616,0.977811,0.050808,0.387597,19.875,36.9513
0.0521514,0.996251,0.0526795,0.0811235,19.4212,36.9518
0.0521009,0.983251,0.0526449,0.267811,19.6421,36.9529
0.0518942,0.986477,0.0506994,0.897485,18.2343,36.9544
0.0518595,0.994317,0.0525522,0.41567,18.7492,36.9545
0.0521489,0.989235,0.0505346,0.0637528,18.4169,36.9563
0.0519197,0.994669,0.0528258,0.345317,19.1921,36.9563
0.0520729,0.984976,0.0530219,0.232241,19.8614,36.9603
0.051881,0.997835,0.0534585,0.37961,18.3756,36.9608
0.0522856,0.983372,0.0508669,0.885051,19.1089,36.9613
0.0522506,0.985462,0.0512721,0.657202,19.539,36.9618
0.0518701,0.991954,0.0520046,0.726484,18.6781,36.9644
0.0523538,0.983894,0.050526,0.159541,19.9068,36.9651
0.0520475,0.984304,0.0524856,0.953075,19.5658,36.9652
0.0519139,0.994372,0.0515775,0.788645,17.1719,36.9653
0.0522762,0.979693,0.0507967,0.0309054,19.9334,36.966
0.0521393,0.991814,0.0507449,0.804246,18.089,36.9664
0.0522105,0.991637,0.0520057,0.680317,19.9054,36.9665
0.0520336,0.980285,0.0509996,0.843915,18.9725,36.9666
0.0521911,0.971547,0.0506451,0.690765,19.1334,36.9668
0.0521318,0.983471,0.0524997,0.863702,19.2205,36.9677
0.0520462,0.998082,0.0538659,0.0596069,19.0077,36.968
0.0520622,0.985732,0.0532209,0.200504,19.1291,36.9687
0.0519641,0.981502,0.0504146,0.294963,18.455,36.9688
0.0519689,0.987027,0.0507939,0.845255,17.6914,36.9689
0.0518841,0.988062,0.0511203,0.458758,18.0014,36.9695
0.0520886,0.993333,0.0532425,0.763022,19.8173,36.9697
0.0519092,0.994593,0.0503287,0.76573,19.5528,36.9703
0.0519779,0.985443,0.0517114,0.753232,18.5917,36.9704
0.0519008,0.993133,0.0516487,0.529965,17.2614,36.9705
0.0522155,0.989626,0.0518621,0.250574,19.4948,36.9716
0.0520667,0.982121,0.0521824,0.143592,19.7268,36.9717
0.0517541,0.996923,0.0503459,0.238853,18.5778,36.9719
0.0517863,0.994189,0.0509682,0.329376,17.4786,36.9731
0.0521485,0.973485,0.050279,0.669245,19.3867,36.9738
0.0520803,0.981108,0.0521252,0.366979,19.1937,36.9759
0.0519095,0.994411,0.0522615,0.483934,19.7707,36.9781
0.0523302,0.977323,0.0502745,0.76782,19.5957,36.9784
0.0520293,0.989558,0.0538579,0.490334,19.2383,36.9788
0.0523925,0.988922,0.0505256,0.401675,19.5613,36.9815
0.0518956,0.996403,0.0534466,0.0978256,18.1174,36.9816
0.0519287,0.993271,0.0530084,0.28707,18.6911,36.9821
0.0519912,0.981311,0.0511244,0.252586,18.9499,36.9836
0.0519203,0.997085,0.0533894,0.57836,18.7331,36.9838
0.0521612,0.986672,0.0523113,0.437252,19.2286,36.9847
0.0519689,0.991604,0.0540034,0.909517,19.13,36.9853
0.0519174,0.988391,0.0509992,0.0429932,17.5493,36.987
0.0522008,0.968645,0.0502734,0.0532462,19.8104,36.988
0.0523551,0.982169,0.0505118,0.821579,19.4708,36.9891
0.0519194,0.991983,0.0513635,0.0888186,19.0679,36.9906
0.0518288,0.995478,0.0527544,0.609041,18.1191,36.9912
0.0518852,0.997778,0.0537593,0.794169,18.4475,36.9933
0.0519027,0.994382,0.0523399,0.421873,19.2006,36.9942
0.0520883,0.997802,0.0515562,0.503312,18.1983,36.9954
0.0520166,0.983221,0.0503711,0.517827,17.7062,36.9968
0.0522246,0.996697,0.050503,0.614964,18.3575,36.9973
0.0523781,0.981782,0.0504549,0.160679,19.0329,36.9991
0.052031,0.991406,0.0502686,0.888451,17.5673,37.0003
0.0523025,0.980958,0.0508221,0.413552,19.0694,37.0007
0.0519744,0.987285,0.0522523,0.471835,18.871,37.0016
0.0522091,0.991976,0.0522343,0.256626,19.5227,37.002
0.0519162,0.994534,0.0544104,0.735499,19.9441,37.0028
0.0523852,0.980267,0.0502953,0.288753,19.0264,37.0034
0.0520201,0.983782,0.0513047,0.66556,19.7053,37.0034
0.0520729,0.978918,0.0505594,0.399709,19.9251,37.0047
0.0518259,0.997888,0.0536808,0.432999,18.5201,37.006
0.052155,0.971772,0.0503451,0.999327,19.1128,37.0062
0.0523226,0.984596,0.0510194,0.0249154,19.5775,37.0084
0.052029,0.991817,0.0503306,0.924732,17.4608,37.0093
0.0520051,0.984913,0.0515382,0.179828,19.2264,37.01
0.052455,0.997301,0.0506617,0.390529,19.8222,37.011
0.0519904,0.98837,0.0536589,0.451726,19.6912,37.0111
0.0519483,0.989277,0.0504679,0.940638,19.4529,37.0113
0.0521099,0.973117,0.0503976,0.565786,18.5377,37.0115
0.0519765,0.984148,0.0518359,0.166398,18.0523,37.0122
0.052026,0.982286,0.0505994,0.117557,19.0208,37.013
0.0521418,0.983637,0.0507171,0.476082,18.765,37.0133
0.0519369,0.98995,0.0514544,0.324636,19.8713,37.0134
0.0521605,0.989012,0.0506509,0.0827561,18.7442,37.0137
0.0522314,0.996007,0.052453,0.579284,19.7403,37.0139
0.0520737,0.98439,0.0533983,0.779064,19.9719,37.014
0.0519834,0.996919,0.0509298,0.519686,17.5245,37.014
0.0522312,0.992301,0.0521588,0.491931,19.6962,37.0143
0.051983,0.991566,0.0508812,0.374621,17.2879,37.0146
0.0518292,0.990999,0.0512023,0.940546,17.4569,37.0152
0.052161,0.971302,0.0509051,0.476467,19.8328,37.0153
0.051949,0.992567,0.0545252,0.874486,19.9215,37.0157
0.0523504,0.98901,0.051076,0.0250055,19.665,37.0157
0.0523169,0.987148,0.0512827,0.198141,19.6864,37.0162
0.0518785,0.98617,0.0508462,0.264336,18.0717,37.0172
0.0520255,0.985139,0.0532477,0.206317,19.6319,37.0178
0.0519413,0.989611,0.0516896,0.638419,19.7034,37.0218
0.0520651,0.979006,0.0507107,0.644229,19.8413,37.0219
0.0521848,0.985868,0.0503575,0.308155,18.8362,37.0221
0.0519965,0.978315,0.0506245,0.367047,18.712,37.0222
0.0520218,0.989052,0.0504336,0.781245,17.3056,37.0225
0.0522909,0.995818,0.0518938,0.847748,19.1573,37.0231
0.0521761,0.983552,0.0504008,0.566457,18.103,37.0263
0.0521259,0.973647,0.050797,0.0984923,19.9102,37.0274
0.0518405,0.995747,0.0523368,0.470084,17.847,37.0277
0.0518929,0.98645,0.0510262,0.526185,17.2081,37.028
0.0520771,0.981263,0.0530289,0.193057,19.3444,37.0281
0.0521792,0.979889,0.0521672,0.365494,19.619,37.0291
0.0518806,0.989114,0.0520918,0.767626,18.5198,37.0299
0.0519895,0.985788,0.0530189,0.390655,19.1388,37.03
0.0519151,0.993851,0.0517994,0.0443219,17.9145,37.0305
0.0521823,0.974755,0.0520431,0.489548,19.71,37.0315
0.0521508,0.972916,0.0514441,0.725298,19.1614,37.0317
0.0520098,0.982631,0.0505846,0.172907,19.8826,37.0321
0.0520874,0.976897,0.0514589,0.918534,19.2943,37.0331
0.0522748,0.994326,0.0520682,0.926169,19.0807,37.0334
0.0517772,0.995125,0.0517322,0.394977,18.2361,37.0336
0.05202,0.98166,0.0504534,0.926153,17.907,37.0343
0.0518163,0.991291,0.0512292,0.721933,18.0493,37.0364
0.0523435,0.980919,0.0507778,0.275428,19.4039,37.0375
0.051981,0.989178,0.0542759,0.0675954,19.8832,37.038
0.0520942,0.986452,0.0513911,0.105017,18.1907,37.04
0.0520444,0.980346,0.0523564,0.884457,19.2324,37.0441
0.0520923,0.976058,0.0511032,0.796687,18.4562,37.0451
0.0519987,0.987347,0.0540873,0.375652,19.9077,37.0468
0.0522718,0.993884,0.0521451,0.13269,19.3646,37.0471
0.0519068,0.987668,0.0524571,0.645214,18.328,37.0472
0.0519,0.988289,0.0525344,0.89325,18.2476,37.0472
0.0523597,0.974478,0.0502718,0.213721,19.2874,37.0477
0.0519103,0.99188,0.0507701,0.692873,19.3266,37.0478
0.0518166,0.992507,0.0519695,0.771265,17.9577,37.0479
0.052279,0.976123,0.0510742,0.834167,19.0277,37.0488
0.0520007,0.994347,0.0546868,0.983574,19.8471,37.0488
0.0518277,0.990582,0.05148,0.0235125,17.3903,37.0499
0.0521917,0.987948,0.0504845,0.358355,18.8797,37.05
0.0519047,0.9862,0.0518413,0.77382,18.7696,37.0503
0.0518761,0.994786,0.0513638,0.975598,19.1771,37.0506
0.0522196,0.970985,0.0516668,0.870737,19.3678,37.0526
0.0521419,0.971293,0.0507176,0.121633,19.1515,37.0534
0.051811,0.990077,0.050324,0.682806,18.1128,37.0538
0.0518914,0.993162,0.0521415,0.916261,17.9269,37.0539
0.0519217,0.98776,0.0514394,0.121526,17.7437,37.0545
0.0518409,0.9977,0.0520316,0.808792,19.3412,37.0547
0.0519915,0.984711,0.0531417,0.608135,19.673,37.0555
0.0523816,0.982607,0.0507703,0.839787,19.0389,37.057
0.0518133,0.991225,0.0515826,0.215457,18.8924,37.0577
0.0522958,0.975331,0.0509353,0.997159,19.9669,37.0593
0.0517351,0.997148,0.0512288,0.857736,18.6805,37.0595
0.0520994,0.997228,0.053711,0.710482,19.6058,37.0599
0.0523077,0.971577,0.0506958,0.518236,19.6436,37.06
0.0518422,0.998048,0.054398,0.730245,19.9019,37.0616
0.0520707,0.976162,0.0511696,0.209486,18.2256,37.0619
0.0518718,0.995294,0.055,0.745563,19.8272,37.0622
0.0518964,0.991369,0.0532279,0.656466,18.5599,37.0643
0.052351,0.988513,0.0512401,0.593239,19.9375,37.0644
0.0520389,0.981454,0.0503631,0.0619254,17.8281,37.0646
0.051798,0.994808,0.0528718,0.76344,18.8348,37.0646
0.0520642,0.980132,0.0529654,0.610713,19.1049,37.0655
0.052022,0.983184,0.0533107,0.13798,19.4717,37.0659
0.0522804,0.980293,0.0513509,0.879029,19.0171,37.0672
0.0520969,0.977164,0.0525354,0.0109973,19.5798,37.0675
0.0521136,0.987792,0.0532975,0.664153,19.1864,37.0677
0.0521537,0.969727,0.0504355,0.920739,18.6199,37.0685
0.0524568,0.990649,0.0504588,0.0993909,19.0926,37.0695
0.052088,0.976194,0.0521673,0.764714,19.8129,37.0702
0.0522167,0.993694,0.0507399,0.772003,18.2835,37.0703
0.0519759,0.985104,0.0518796,0.538308,19.199,37.0731
0.0519459,0.98215,0.0507617,0.27577,17.1351,37.0734
0.0521832,0.980248,0.0504462,0.767357,18.1284,37.074
0.0521338,0.978608,0.0509896,0.649257,18.9192,37.0749
0.0520461,0.977901,0.0514907,0.161566,18.4617,37.0753
0.0518957,0.988886,0.0517196,0.535229,17.6423,37.0758
0.0523325,0.991003,0.0515383,0.415845,19.2045,37.0759
0.0517757,0.994447,0.0522389,0.458591,18.6604,37.076
0.0523484,0.97817,0.050776,0.711785,19.1933,37.0769
0.0519916,0.996392,0.0528724,0.0936183,18.9093,37.0775
0.0524645,0.990221,0.0504215,0.984595,19.5171,37.078
0.0518001,0.995113,0.0531818,0.83507,18.693,37.0783
0.0521981,0.988362,0.0525046,0.254767,19.2213,37.0787
0.0518048,0.991356,0.0515675,0.492765,18.9052,37.0787
0.0520779,0.982832,0.0537227,0.0121914,19.1587,37.0789
0.0521243,0.987514,0.0532205,0.857477,19.0166,37.0794
0.0520266,0.974277,0.0505997,0.59348,18.5964,37.0797
0.0523827,0.997876,0.0514781,0.249676,19.4466,37.0798
0.0519667,0.977859,0.050702,0.240187,18.056,37.0812
0.0518359,0.988197,0.0512095,0.205268,17.0046,37.0813
0.0519183,0.988735,0.0529875,0.946612,18.0907,37.0815
0.0520171,0.984442,0.0524425,0.481825,18.5171,37.0828
0.0520403,0.980768,0.0530898,0.467766,19.9567,37.0837
0.0521263,0.973709,0.0521197,0.0850867,19.8626,37.0837
0.0519662,0.984193,0.0523801,0.906618,18.9298,37.084
0.0519203,0.989921,0.0506415,0.418346,19.3553,37.0841
0.0519394,0.986727,0.0515898,0.256792,17.7008,37.0845
0.0520761,0.989439,0.0538375,0.00545785,19.7303,37.0851
0.0520333,0.978129,0.0504341,0.618967,17.9067,37.0852
0.0520749,0.988911,0.0538479,0.975796,19.6037,37.0862
0.0517884,0.997052,0.0529097,0.974075,17.1692,37.0876
0.0517943,0.991846,0.0514283,0.251517,18.3591,37.0879
0.052372,0.978817,0.0507244,0.336895,19.5016,37.0897
0.0522041,0.967039,0.0512824,0.51689,19.3785,37.0901
0.0521714,0.990443,0.0509449,0.931623,18.9126,37.0913
0.0523977,0.991747,0.0510409,0.483004,19.1044,37.0924
0.051856,0.99589,0.0509486,0.69455,19.9024,37.0931
0.0521674,0.969555,0.051566,0.977473,19.3747,37.0932
0.0520062,0.990314,0.0547664,0.386345,19.841,37.0937
0.051994,0.995024,0.05109,0.485283,17.0477,37.0941
0.0520116,0.980093,0.0507729,0.836421,19.124,37.0958
0.0520027,0.978485,0.0516857,0.697659,18.2473,37.0962
0.0518869,0.991817,0.051902,0.979808,19.5652,37.0973
0.0523397,0.971467,0.0505712,0.224518,19.0204,37.0973
0.0522485,0.989679,0.0504016,0.161331,18.0867,37.0987
0.0518524,0.99557,0.0516942,0.632958,19.5673,37.0987
0.0522304,0.977814,0.0519019,0.497421,19.9139,37.0997
0.0517508,0.992245,0.0510474,0.383117,17.3692,37.1011
0.0523431,0.98717,0.0514308,0.0523592,19.142,37.1012
0.0520589,0.987145,0.0502844,0.200904,17.3858,37.1016
0.052009,0.981527,0.0524386,0.480043,19.8784,37.1022
0.0524881,0.989388,0.050349,0.957676,19.6719,37.1036
0.0519753,0.993068,0.055239,0.815859,19.2311,37.1036
0.0519779,0.983946,0.0521695,0.15027,19.9791,37.1047
0.0511917,0.996789,0.0502882,1.54819,19.4595,37.1059
0.0518283,0.991603,0.0529107,0.322675,18.222,37.1067
0.0524252,0.980835,0.0504574,0.420712,19.8804,37.1075
0.0519374,0.978199,0.0503434,0.510781,18.3713,37.1081
0.0520269,0.981706,0.0535791,0.800716,19.671,37.1082
0.0520957,0.973367,0.0509775,0.465119,19.3051,37.1084
0.0519135,0.995535,0.0539811,0.491686,18.9487,37.1089
0.0517894,0.994565,0.0527203,0.143869,17.6992,37.1092
0.0520556,0.992025,0.0504422,0.646876,17.3214,37.1093
0.0517185,0.997137,0.0514159,0.97391,18.0873,37.1095
0.0521919,0.969282,0.0503917,0.764867,18.2876,37.1104
0.0517646,0.990242,0.0504324,0.333562,17.8824,37.1111
0.0522032,0.971625,0.0521629,0.0789512,19.9547,37.1117
0.0522071,0.97476,0.0521552,0.14505,19.0856,37.1119
0.0519677,0.988548,0.0532265,0.689481,18.918,37.1129
0.052288,0.969813,0.0511311,0.740212,19.4191,37.1136
0.051965,0.987373,0.0546111,0.0262946,19.2362,37.1141
0.052365,0.970019,0.0503718,0.718374,19.8131,37.1142
0.0518463,0.995166,0.0535636,0.539277,19.9598,37.1151
0.0521818,0.972732,0.0524704,0.0278769,19.3626,37.1163
0.0518759,0.984268,0.0516473,0.894539,18.1,37.1178
0.0521003,0.976455,0.0532817,0.902573,19.6885,37.118
0.0519827,0.997046,0.0552525,0.142987,19.2512,37.1184
0.0511954,0.997035,0.0506464,1.56611,19.8748,37.1197
0.0520224,0.9722,0.0503593,0.441147,18.9586,37.12
0.051978,0.982827,0.0512756,0.0999791,17.9211,37.1204
0.0523663,0.970197,0.0504073,0.154966,19.0787,37.1212
0.0523585,0.981894,0.0512019,0.212655,19.9983,37.122
0.0521022,0.972416,0.0518633,0.224197,19.185,37.1224
0.0516861,0.996644,0.0508612,0.0948308,17.4461,37.1231
0.0522594,0.988327,0.052257,0.268308,19.4039,37.1231
0.0518317,0.99582,0.0529566,0.43776,19.0109,37.1232
0.0511836,0.997643,0.0507169,1.23483,19.5715,37.1235
0.0522548,0.988409,0.0503985,0.511232,18.0329,37.124
0.051954,0.976988,0.0507938,0.622906,18.2688,37.1245
0.0519908,0.985813,0.0511733,0.900411,17.4846,37.1257
0.0518215,0.997531,0.0545992,0.991904,19.3496,37.1259
0.0523325,0.984547,0.0515764,0.628088,19.9846,37.1261
0.0519687,0.984302,0.0537815,0.893124,19.3791,37.1262
0.0520157,0.989178,0.0508912,0.693534,17.485,37.1264
0.0519561,0.996479,0.0516419,0.299294,17.0603,37.1264
0.051896,0.98881,0.0521187,0.0259552,17.3389,37.1288
0.0521865,0.965711,0.051224,0.518847,19.3597,37.1291
0.0521343,0.975029,0.0511686,0.29753,18.1969,37.1292
0.051993,0.980587,0.0511576,0.656479,19.4738,37.1292
0.0520295,0.978227,0.0519339,0.674552,18.5279,37.1297
0.0518576,0.993198,0.0539848,0.388501,18.7457,37.1298
0.0520675,0.974656,0.0508121,0.936231,19.0001,37.13
0.0518087,0.991126,0.0523926,0.0740314,17.8471,37.1303
0.0521869,0.967892,0.0519621,0.996054,19.9505,37.1306
0.0522734,0.996577,0.0525285,0.976816,19.8465,37.1315
0.0521207,0.970416,0.0511918,0.284011,19.6878,37.1321
0.0518581,0.986155,0.0520763,0.726552,18.7011,37.1331
0.0523926,0.981334,0.0509037,0.106499,19.1222,37.1334
0.0522859,0.973611,0.0513661,0.682382,19.5186,37.1335
0.052135,0.996319,0.0517475,0.767754,18.5674,37.1339
0.052086,0.991266,0.0539773,0.180609,19.7276,37.1342
0.0520212,0.980734,0.0524032,0.0596971,18.9645,37.1345
0.0519579,0.975786,0.0505451,0.0854047,18.334,37.1345
0.0518333,0.995876,0.0540776,0.0636319,19.545,37.1349
0.0519316,0.991884,0.0557254,0.489639,19.7861,37.1361
0.0517957,0.992125,0.0529262,0.405317,18.2618,37.1378
0.0520535,0.994775,0.0544538,0.873486,19.2307,37.1382
0.0517369,0.995061,0.0515398,0.050877,18.639,37.1383
0.0518442,0.994977,0.0542638,0.128701,19.2588,37.1384
0.0520427,0.978252,0.0531991,0.0207504,19.5001,37.1387
0.0520253,0.981687,0.0507947,0.311374,17.8039,37.139
0.052089,0.975509,0.0530142,0.0337634,19.0425,37.1394
0.051993,0.976753,0.0515986,0.580099,18.7991,37.1395
0.0516944,0.996496,0.0508434,0.415691,18.1805,37.1395
0.0518218,0.989302,0.0525268,0.302471,18.7318,37.1398
0.0521354,0.99623,0.0517712,0.0206143,18.0492,37.1404
0.0520837,0.983082,0.0538961,0.034493,19.6788,37.1409
0.0521734,0.987153,0.0529687,0.287106,19.9927,37.141
0.051695,0.995183,0.0507186,0.278609,17.1126,37.1417
0.0519539,0.988251,0.0551287,0.555007,19.3049,37.1423
0.051982,0.979709,0.0509764,0.262253,17.6968,37.1433
0.0520459,0.975664,0.051671,0.739849,18.7197,37.1435
0.0522653,0.961098,0.0512566,0.513019,19.9335,37.1435
0.0517706,0.990412,0.0516004,0.296171,17.1247,37.1436
0.0521527,0.988165,0.051245,0.435434,18.2789,37.144
0.051761,0.989685,0.0505138,0.428595,17.9179,37.1441
0.0520421,0.978268,0.0532993,0.313055,19.1012,37.1457
0.051985,0.981458,0.0518397,0.480063,19.891,37.1457
0.0521529,0.995894,0.053626,0.604453,19.7108,37.1465
0.0518773,0.991888,0.0546037,0.773876,19.0651,37.1474
0.0520364,0.985119,0.0524906,0.442638,18.397,37.148
0.0522933,0.957857,0.05065,0.266009,19.6506,37.148
0.0520611,0.98516,0.0542318,0.635082,19.1524,37.1481
0.0518105,0.9899,0.0521853,0.626424,17.0991,37.1489
0.0518644,0.995415,0.0546229,0.200201,18.6386,37.1489
0.052085,0.997631,0.0542969,0.247883,19.5659,37.1491
0.0519849,0.984267,0.0530447,0.612403,18.2354,37.1495
0.0520629,0.983386,0.0542035,0.450343,19.6986,37.1496
0.0523325,0.960201,0.0506373,0.419697,19.7944,37.1498
0.0518769,0.991591,0.0538436,0.267887,19.8041,37.1498
0.0521814,0.989618,0.0510913,0.00703341,18.3405,37.15
0.0518,0.990074,0.0520252,0.900382,17.4694,37.1502
0.0522923,0.981136,0.0517087,0.473375,19.2475,37.1512
0.0524003,0.981264,0.0508857,0.889957,19.8587,37.1514
0.0518255,0.990299,0.0530093,0.381206,18.2391,37.152
0.052037,0.97708,0.0518601,0.969037,19.5817,37.1523
0.0521269,0.969314,0.051892,0.357143,19.6591,37.1526
0.0519518,0.987071,0.0534504,0.0534827,18.8607,37.153
0.0521189,0.984043,0.0535241,0.402805,19.6086,37.153
0.0521031,0.986703,0.0517415,0.188814,18.2149,37.153
0.0519897,0.976744,0.0517338,0.474256,18.62,37.1545
0.0520039,0.981656,0.0526679,0.0157829,18.5175,37.1545
0.0517164,0.996589,0.0518422,0.133389,18.4063,37.155
0.0523378,0.980102,0.0513481,0.865399,19.2302,37.1551
0.0521649,0.983104,0.0529929,0.381057,19.7781,37.1553
0.0521688,0.995019,0.0515575,0.296862,18.5049,37.1574
0.0518145,0.988457,0.0517654,0.569504,18.4837,37.158
0.0522479,0.970633,0.0518356,0.482908,19.4072,37.1599
0.0518735,0.992352,0.0504097,0.118043,19.2857,37.1602
0.0519525,0.984318,0.0528099,0.365246,19.086,37.1603
0.0523354,0.967669,0.0508096,0.100626,19.1082,37.161
0.0521791,0.972776,0.0527005,0.558487,19.014,37.1611
0.052232,0.980002,0.0522344,0.494811,19.4426,37.1612
0.0520185,0.991447,0.0528244,0.64725,18.0818,37.1622
0.0519218,0.987319,0.054781,0.66543,19.0191,37.163
0.052363,0.995123,0.0518101,0.237677,19.8069,37.1638
0.0519097,0.991961,0.0523118,0.325219,17.8993,37.1639
0.0520685,0.977187,0.0520806,0.284923,18.151,37.1646
0.0519924,0.989893,0.0552434,0.77595,19.0279,37.1647
0.0519212,0.998103,0.0562767,0.700034,19.4776,37.1649
0.0518639,0.991483,0.0533151,0.470587,19.7735,37.1656
0.0523906,0.974715,0.0507068,0.62988,19.5158,37.1656
0.052098,0.966722,0.0506486,0.976404,18.9131,37.1657
0.05168,0.99741,0.0521927,0.730058,17.9876,37.1658
0.0517999,0.997621,0.0532713,0.396419,19.4784,37.1686
0.0520147,0.978653,0.0529065,0.862393,19.5751,37.1699
0.051785,0.992092,0.0527496,0.436282,17.0083,37.1703
0.052264,0.988856,0.0525303,0.63652,19.7945,37.1707
0.0519182,0.977395,0.0503124,0.21048,17.3671,37.1708
0.051796,0.993163,0.0536664,0.862834,18.1896,37.1713
0.0520538,0.977747,0.0522644,0.599457,18.6789,37.1715
0.0521425,0.968122,0.0509556,0.00735418,18.0028,37.1719
0.0522953,0.997625,0.0505085,0.321296,18.0435,37.1724
0.0519273,0.984383,0.051816,0.114648,17.3394,37.1728
0.0519188,0.986573,0.0517,0.290335,19.1308,37.1728
0.0520434,0.993831,0.054698,0.561221,19.2635,37.1729
0.0519,0.98274,0.0521784,0.335852,18.9487,37.1733
0.0519007,0.978782,0.0504795,0.0325861,17.4,37.1733
0.0522007,0.964101,0.0515709,0.614825,19.9564,37.1733
0.0522627,0.997874,0.0508058,0.918114,18.2138,37.1736
0.0523304,0.972414,0.0510982,0.183534,19.4117,37.1738
0.0518521,0.993144,0.0530077,0.940468,17.3656,37.174
0.052128,0.971754,0.0530303,0.600479,19.4494,37.1751
0.0520127,0.985318,0.0529016,0.999853,18.7219,37.1753
0.0520638,0.980578,0.0522379,0.499129,18.6207,37.1765
0.0518466,0.994313,0.0505216,0.701895,19.0464,37.1774
0.0518614,0.992536,0.0514391,0.0888106,19.5745,37.1777
0.0519494,0.977293,0.0513925,0.813412,18.0443,37.1779
0.0519385,0.984154,0.0518544,0.852312,19.1148,37.1788
0.0520091,0.975405,0.0506325,0.753241,17.8148,37.1793
0.0519205,0.995675,0.0563381,0.526463,19.0857,37.1803
0.0518348,0.994211,0.0543972,0.5421,19.1864,37.1806
0.0517414,0.992512,0.0510709,0.438209,18.6992,37.1807
0.0519708,0.976719,0.051643,0.728439,18.8267,37.182
0.0520738,0.971592,0.0514003,0.393279,18.2453,37.1824
0.0519376,0.987943,0.0538253,0.919008,18.3947,37.1825
0.0518136,0.985072,0.0511555,0.00947092,17.1462,37.1827
0.0519996,0.979892,0.0538283,0.806778,19.2957,37.1828
0.0520813,0.978659,0.0540388,0.27964,19.8469,37.1833
0.0522532,0.99202,0.0507798,0.385321,18.3235,37.1837
0.0518664,0.99132,0.0521276,0.627335,19.0628,37.1837
0.0522498,0.985788,0.0524602,0.46532,19.6737,37.1842
0.0521406,0.966532,0.050569,0.600385,19.4747,37.1842
0.0511318,0.996395,0.0505036,1.23325,19.9882,37.1848
0.0519522,0.993066,0.0559037,0.440565,19.2712,37.1861
0.0518688,0.989336,0.0538658,0.106926,18.6473,37.1874
0.0523631,0.979864,0.0513581,0.647268,19.8699,37.1874
0.0522441,0.977961,0.0521643,0.551752,19.4259,37.1876
0.0518551,0.992426,0.0557731,0.440591,19.9787,37.1877
0.0517717,0.995228,0.0533655,0.321101,17.4985,37.1879
0.052471,0.985685,0.050574,0.520218,19.4698,37.1882
0.0522284,0.959615,0.0508705,0.965045,19.8901,37.1883
0.0520362,0.992197,0.0527428,0.183202,18.4023,37.1885
0.0519173,0.987982,0.0553054,0.422294,19.4376,37.1886
0.0521158,0.971838,0.0530365,0.033954,19.0128,37.1888
0.0520611,0.990728,0.0544912,0.51735,19.5623,37.1893
0.0520228,0.984422,0.0528216,0.322037,18.5905,37.1894
0.0522783,0.995834,0.0506531,0.70384,18.4702,37.1905
0.0520897,0.971394,0.0525817,0.585527,19.8231,37.1905
0.0522413,0.994537,0.0530557,0.191678,19.7684,37.1905
0.0518883,0.980947,0.0515043,0.96457,18.5168,37.1906
0.0511497,0.996525,0.0508647,1.96773,19.5961,37.1907
0.051781,0.992185,0.0529995,0.424982,17.0248,37.1907
0.0518344,0.994217,0.055195,0.6561,19.4757,37.1911
0.0520346,0.981745,0.0546412,0.671119,19.9542,37.1915
0.0518525,0.990546,0.052737,0.808466,17.4997,37.1915
0.0519531,0.975147,0.0504804,0.138658,17.7123,37.1922
0.0524403,0.981054,0.0506339,0.549338,19.8275,37.1924
0.0517868,0.995339,0.0533875,0.782414,17.1455,37.1928
0.0516798,0.997346,0.052862,0.562569,17.9863,37.1932
0.0512294,0.995463,0.0506576,1.62701,19.0911,37.1935
0.0520529,0.996453,0.0509162,0.242013,17.7721,37.1936
0.0524204,0.977526,0.0507555,0.489888,19.6819,37.1941
0.0519243,0.98704,0.0552034,0.900107,19.292,37.1948
0.052051,0.973952,0.0514383,0.685236,19.4512,37.1955
0.051934,0.985,0.0543762,0.504721,19.2097,37.1969
0.0524335,0.97649,0.0506071,0.688928,19.6723,37.1971
0.0518544,0.997012,0.0551362,0.442835,18.7057,37.1975
0.0517495,0.992575,0.052515,0.719127,17.7989,37.1977
0.0520325,0.978603,0.0509069,0.709779,17.2713,37.1984
0.0519939,0.98545,0.0513727,0.45497,17.7641,37.1989
0.0519237,0.988594,0.0540287,0.262468,18.9437,37.1991
0.0521761,0.965587,0.0520796,0.827013,19.8925,37.1994
0.0522535,0.960026,0.0516139,0.35754,19.1804,37.2018
0.0522465,0.991462,0.052988,0.292023,19.5766,37.2034
0.0517489,0.994042,0.0534951,0.897429,18.0137,37.2037
0.0518823,0.987701,0.0524435,0.831953,17.7023,37.2039
0.0520308,0.996272,0.0550567,0.0779926,19.5214,37.2043
0.0521671,0.984798,0.0532343,0.542175,19.4739,37.2044
0.0518156,0.997987,0.0570031,0.871272,19.8888,37.2046
0.0519016,0.986723,0.0530498,0.271158,19.1571,37.2048
0.0518461,0.992325,0.0543981,0.831411,19.5851,37.2055
0.0518679,0.981966,0.05108,0.654029,18.492,37.2055
0.051856,0.982892,0.0510384,0.299972,18.0968,37.2062
0.0520576,0.984475,0.0545109,0.0582129,19.7039,37.2065
0.0518021,0.988008,0.051698,0.0298056,18.5882,37.2074
0.0518063,0.996578,0.0523729,0.737856,19.0416,37.2081
0.052341,0.954286,0.0507421,0.640272,19.0834,37.2087
0.0521002,0.987317,0.0540475,0.246928,19.8499,37.209
0.0518209,0.996142,0.0567302,0.0298779,19.5196,37.2093
0.0520143,0.969995,0.0506477,0.738646,18.634,37.2099
0.0518245,0.995487,0.0549875,0.487549,18.2262,37.21
0.0520397,0.972948,0.0517791,0.37247,18.8983,37.2108
0.0522526,0.985361,0.0525516,0.349309,19.7404,37.2116
0.0523497,0.956818,0.0506817,0.611263,19.4731,37.2117
0.0511694,0.993043,0.0504657,1.56244,19.4466,37.2122
0.0516472,0.996847,0.0505969,0.478693,17.1097,37.2123
0.0520503,0.982883,0.0546239,0.391743,19.7158,37.2128
0.0519002,0.984079,0.0533177,0.721078,18.153,37.2131
0.0523885,0.972251,0.0507986,0.108992,19.8788,37.2133
0.0519085,0.99786,0.0544856,0.24181,18.3392,37.2136
0.0517833,0.996817,0.0551591,0.66129,18.4889,37.2138
0.0518253,0.986206,0.0520151,0.430788,17.5638,37.214
0.0521183,0.984647,0.0517834,0.986141,18.9899,37.2142
0.0522994,0.987734,0.0503153,0.0132205,18.8505,37.2144
0.0519185,0.977323,0.0508165,0.447559,17.9564,37.2146
0.052269,0.989293,0.0506723,0.319064,18.2108,37.2147
0.0520081,0.976269,0.0514292,0.280213,19.0012,37.2155
0.051988,0.981723,0.0547121,0.318289,19.4244,37.2162
0.0521693,0.99237,0.0536385,0.259895,19.9852,37.2166
0.0518954,0.987624,0.0540864,0.371867,19.579,37.217
0.0518906,0.989942,0.0542914,0.663295,18.9901,37.2189
0.0512007,0.991744,0.0505798,1.14222,19.7653,37.2191
0.0520884,0.974069,0.0537604,0.384334,19.5285,37.2194
0.0519097,0.985933,0.0519817,0.44065,19.3845,37.2196
0.0518481,0.984987,0.0526079,0.856666,18.1046,37.2202
0.0518205,0.988276,0.0531554,0.673746,18.4826,37.2211
0.0518633,0.984451,0.0526868,0.894885,18.9488,37.2215
0.0522446,0.984268,0.0525933,0.713304,19.8133,37.2215
0.0518343,0.987376,0.05256,0.731907,17.582,37.2215
0.0521955,0.963665,0.0506955,0.424234,18.6526,37.2216
0.0519206,0.980359,0.0515918,0.0803924,17.9533,37.2226
0.0517812,0.988721,0.0521495,0.41282,17.7795,37.223
0.0519458,0.981647,0.0530603,0.895552,18.5542,37.2231
0.0522222,0.958415,0.0509904,0.396327,19.3541,37.2238
0.0518511,0.99129,0.054539,0.0874688,19.0899,37.2241
0.0519803,0.97959,0.0528311,0.217134,19.7718,37.2242
0.0516664,0.996584,0.0518721,0.58974,17.833,37.2248
0.0521267,0.995447,0.0542126,0.682868,19.9915,37.226
0.0519137,0.976903,0.0504669,0.164777,18.1416,37.2274
0.0523809,0.967177,0.0506846,0.782527,19.717,37.2275
0.0518233,0.992499,0.0546377,0.752369,18.9767,37.2277
0.0517,0.997287,0.0530509,0.324233,18.949,37.2278
0.051775,0.988739,0.0511751,0.288515,18.938,37.2283
0.0522323,0.959381,0.0514137,0.732613,19.9813,37.229
0.0523003,0.995198,0.052628,0.388312,19.4454,37.23
0.0519451,0.982764,0.0537578,0.815464,19.4821,37.23
0.0525048,0.993533,0.0506422,0.870115,19.4469,37.2301
0.0517883,0.989992,0.052841,0.107196,17.1732,37.2301
0.0520421,0.974019,0.0532509,0.373475,19.2837,37.2302
0.0517559,0.98762,0.0505383,0.0948758,17.2284,37.2303
0.0516969,0.992828,0.0507949,0.569697,18.2513,37.2328
0.0522849,0.992604,0.05065,0.88086,18.757,37.2331
0.0520236,0.980639,0.0548744,0.180727,19.1264,37.2333
0.0518756,0.99006,0.0543809,0.73426,18.6639,37.2335
0.0521557,0.985417,0.0535038,0.574754,19.7357,37.2337
0.052387,0.962383,0.0505041,0.0809311,19.1266,37.2347
0.0520424,0.973797,0.0525533,0.117878,19.3155,37.2352
0.0520597,0.984497,0.0507228,0.186117,17.9161,37.2361
0.052243,0.959767,0.0519094,0.519815,19.76,37.2364
0.0520222,0.977898,0.0527658,0.233344,18.4792,37.2366
0.0517231,0.995613,0.0537937,0.947585,18.7546,37.2368
0.051791,0.98542,0.0515404,0.262189,17.7333,37.239
0.0519069,0.986341,0.0511345,0.256391,19.731,37.2397
0.0520066,0.97145,0.0513255,0.70224,18.6498,37.2407
0.0522647,0.954349,0.0505943,0.935931,19.2586,37.2409
0.0518832,0.987907,0.0521619,0.321479,19.7178,37.2414
0.0519149,0.989182,0.0560738,0.557103,19.5491,37.2418
0.051833,0.993468,0.0508509,0.342516,19.285,37.2418
0.0523298,0.963245,0.0511479,0.558654,19.007,37.2422
0.0519238,0.986657,0.0556239,0.467353,19.1866,37.2424
0.0520107,0.975249,0.0510863,0.977526,17.258,37.2426
0.0519485,0.986511,0.0557283,0.719594,19.9489,37.2432
0.0511461,0.992921,0.0503679,1.75047,19.9405,37.2437
0.0518369,0.984375,0.0521415,0.366248,18.368,37.2443
0.0519492,0.974501,0.0513852,0.967802,18.7567,37.2443
0.0512238,0.988189,0.0502747,1.50184,19.1513,37.2445
0.0518173,0.994725,0.05168,0.464876,19.4692,37.2447
0.0519679,0.979025,0.0515812,0.0145869,17.017,37.2451
0.052175,0.992342,0.0517749,0.254409,18.7458,37.2455
0.0518635,0.997653,0.0574204,0.81241,19.2057,37.2461
0.0518053,0.992256,0.0547441,0.872288,18.5126,37.2468
0.0523782,0.973525,0.0511104,0.251705,19.4374,37.2473
0.0522045,0.986442,0.0511994,0.126013,18.5703,37.2474
0.0522081,0.958459,0.0505433,0.231578,19.0417,37.2477
0.0518458,0.990973,0.0528681,0.228257,19.8239,37.2478
0.0522023,0.98589,0.0531586,0.020788,19.5355,37.2488
0.052251,0.954791,0.0507005,0.509979,19.2014,37.2493
0.0519527,0.992674,0.0520719,0.191723,17.6736,37.2494
0.0517776,0.998047,0.0541287,0.0916053,17.9023,37.2494
0.0518371,0.987049,0.0534142,0.246145,18.8165,37.2495
0.0521246,0.971414,0.0536482,0.0219289,19.7954,37.2498
0.0523708,0.992377,0.0519787,0.960357,19.5401,37.2502
0.0520499,0.983879,0.0527108,0.567049,18.3055,37.2504
0.0519548,0.984243,0.055367,0.319384,19.2782,37.2506
0.0519666,0.972037,0.0509144,0.588547,18.2602,37.2507
0.0521201,0.976768,0.0538268,0.181384,19.1056,37.2511
0.0521425,0.979302,0.0515655,0.420319,18.9858,37.2514
0.0524203,0.966658,0.0504442,0.314674,19.3516,37.2517
0.0523703,0.950011,0.050552,0.0909949,19.8291,37.2525
0.0522904,0.983055,0.0523579,0.662863,19.424,37.2529
0.0522612,0.997915,0.0511467,0.143885,18.9099,37.2531
0.0519976,0.971876,0.0514605,0.28459,18.9838,37.2537
0.0519382,0.993188,0.0563926,0.772671,19.5301,37.2538
0.0520308,0.969883,0.0504211,0.929125,17.6165,37.2548
0.0511538,0.993274,0.0509584,1.51,19.1945,37.255
0.0518718,0.988515,0.0523675,0.477823,19.6881,37.2554
0.0525067,0.982928,0.0504651,0.509049,19.8637,37.2555
0.0519302,0.97752,0.0520821,0.0449535,18.1878,37.2555
0.0522969,0.993567,0.052703,0.610663,19.183,37.2556
0.0517593,0.987643,0.0514475,0.682546,17.52,37.2557
0.0519599,0.980481,0.0511325,0.475593,19.3119,37.2564
0.0523261,0.960352,0.051206,0.934813,19.5193,37.2565
0.05224,0.986142,0.0509836,0.539066,18.935,37.2565
0.0519391,0.973936,0.0504552,0.0657077,18.0799,37.2566
0.0521552,0.975862,0.0513952,0.783054,18.0549,37.2569
0.0518246,0.993576,0.0502784,0.438887,19.1171,37.2572
0.052189,0.960865,0.0517276,0.203554,19.1524,37.2573
0.0517171,0.991021,0.0508889,0.859354,18.0755,37.2573
0.0521965,0.965237,0.0527777,0.112878,19.8602,37.2576
0.0520374,0.97514,0.0524999,0.696448,18.1501,37.2579
0.0518167,0.986489,0.0525421,0.299611,17.9752,37.258
0.0518567,0.981904,0.0517224,0.439326,17.759,37.2581
0.0518825,0.987372,0.0545686,0.581713,19.9559,37.2583
0.0520562,0.995357,0.051099,0.386368,17.3902,37.2584
0.0518138,0.994983,0.0552935,0.67899,18.4912,37.2585
0.0517641,0.988687,0.0523067,0.590551,17.6207,37.2588
0.0521851,0.978209,0.0530994,0.214416,19.7722,37.2594
0.0518122,0.993515,0.0535643,0.215593,19.2199,37.2595
0.0522491,0.979818,0.0525118,0.202058,19.4749,37.2598
0.0523693,0.996384,0.0523324,0.583861,19.4555,37.2621
0.0518357,0.997732,0.057692,0.458735,19.2434,37.2629
0.0518699,0.990318,0.0531509,0.0913348,17.4208,37.263
0.0518161,0.983677,0.0506795,0.402749,18.5231,37.2633
0.0524577,0.992945,0.0515243,0.454094,19.9442,37.2641
0.0519696,0.993277,0.0519358,0.292502,17.6394,37.2643
0.0521156,0.969942,0.053517,0.122945,19.99,37.2652
0.0517692,0.989141,0.0525901,0.891769,17.2781,37.2652
0.0519964,0.979599,0.0548013,0.572604,19.8185,37.2653
0.0520732,0.969967,0.0524409,0.84272,19.2701,37.2657
0.0519684,0.991985,0.0519406,0.21429,17.0997,37.266
0.0518217,0.991795,0.0544347,0.0893707,19.9233,37.2663
0.0511948,0.991758,0.0509695,1.47824,19.0903,37.2664
0.0519442,0.993268,0.0541999,0.879017,18.6221,37.2665
0.0517912,0.984616,0.0514686,0.35837,17.0723,37.267
0.0522097,0.968031,0.0507321,0.312323,18.3055,37.2674
0.0520822,0.96866,0.0504222,0.678782,17.2812,37.2675
0.0520574,0.971724,0.0534249,0.274606,19.2137,37.2675
0.0522071,0.961596,0.0524123,0.119098,19.8809,37.2677
0.0521346,0.965144,0.0512042,0.0606801,18.9201,37.2688
0.0524688,0.980942,0.050687,0.307871,19.072,37.2699
0.051801,0.995521,0.0539267,0.0578607,17.8665,37.2707
0.0522895,0.981343,0.0523371,0.536582,19.5965,37.2714
0.0521263,0.995506,0.0544675,0.861865,19.9119,37.2721
0.05192,0.983106,0.0535573,0.328837,19.6908,37.2723
0.0518115,0.993078,0.0550871,0.793569,18.6758,37.2728
0.0522589,0.957376,0.051945,0.338607,19.0271,37.2728
0.0516766,0.993193,0.0510995,0.00671702,17.1743,37.2731
0.0518596,0.994875,0.0533308,0.696721,17.1259,37.2753
0.0516633,0.996658,0.0533182,0.342342,17.4155,37.2756
0.0517504,0.98808,0.051766,0.793654,17.094,37.2766
0.0518386,0.984622,0.0526076,0.253401,17.0005,37.2768
0.0520497,0.967,0.0511506,0.7011,18.397,37.2769
0.0522332,0.955455,0.0510649,0.16944,19.2166,37.2772
0.0521572,0.962843,0.0522101,0.436806,19.6675,37.2779
0.0520161,0.976554,0.05444,0.508864,19.0262,37.2779
0.0521252,0.964814,0.0516941,0.849976,19.0056,37.278
0.0519537,0.979977,0.0533299,0.998135,19.9364,37.2788
0.0523619,0.995626,0.0523971,0.7939,19.0024,37.2788
0.0518427,0.990366,0.0557034,0.380342,19.211,37.2794
0.0518806,0.990581,0.0530875,0.490357,17.321,37.2798
0.0519353,0.981959,0.0546217,0.777526,19.6633,37.2799
0.0521535,0.986289,0.0517656,0.737694,18.7962,37.2799
0.0523974,0.985917,0.051561,0.494027,19.9899,37.2801
0.0525107,0.978838,0.050296,0.359782,19.5323,37.2801
0.0519933,0.975913,0.0523686,0.385146,19.3086,37.2804
0.0520259,0.986901,0.0531579,0.889404,18.6533,37.2805
0.0519806,0.982219,0.0518152,0.60443,17.3868,37.2807
0.0517176,0.997727,0.0543467,0.927485,17.6758,37.2814
0.0522049,0.961684,0.0525513,0.282468,19.6911,37.2818
0.0517011,0.990207,0.05055,0.332858,17.4663,37.2819
0.0517852,0.996192,0.0528594,0.885583,19.2237,37.2824
0.0517566,0.996601,0.0541568,0.204536,17.2055,37.2828
0.0522556,0.980643,0.0506639,0.951117,18.2279,37.2829
0.0524156,0.972512,0.0509996,0.730499,19.4113,37.2831
0.0520939,0.981833,0.0522879,0.973081,18.3367,37.2833
0.0520445,0.973723,0.0540807,0.967719,19.2921,37.2838
0.0525066,0.978252,0.0503176,0.56009,19.0992,37.2848
0.0518858,0.992756,0.0530268,0.795578,17.9523,37.2852
0.0517782,0.996664,0.0557355,0.344234,18.3483,37.2854
0.0521356,0.970153,0.0536896,0.918701,19.433,37.2855
0.051732,0.992899,0.0534214,0.740765,17.2911,37.2856
0.0522733,0.952408,0.0507805,0.639266,19.9358,37.2863
0.0522753,0.997139,0.0531945,0.134588,19.7268,37.2866
0.0518719,0.978318,0.0504161,0.587351,18.9949,37.287
0.0519009,0.984819,0.0549853,0.966197,19.5004,37.2871
0.0517751,0.997071,0.0528249,0.683356,19.6122,37.2874
0.0520281,0.969383,0.0517231,0.822763,18.8269,37.2884
0.051859,0.990764,0.0549465,0.427789,18.5496,37.2886
0.051723,0.99225,0.0520621,0.671811,18.3492,37.2887
0.0518809,0.988982,0.0547038,0.272126,18.4672,37.2891
0.052039,0.966756,0.0510141,0.466287,18.635,37.2893
0.0523553,0.976038,0.0516385,0.562263,19.0525,37.2895
0.0518219,0.992683,0.0503342,0.928442,19.0251,37.2903
0.0518733,0.979237,0.0512574,0.797234,18.7024,37.2904
0.0518642,0.993106,0.0533243,0.887173,17.5749,37.2905
0.0519437,0.981306,0.0508762,0.640247,19.6972,37.2907
0.0519331,0.984582,0.0541106,0.918607,18.534,37.2908
0.0518896,0.980838,0.0528716,0.0342634,18.8529,37.2909
0.052384,0.995348,0.0503328,0.0224306,18.4922,37.2913
0.0523091,0.97969,0.0502902,0.441198,18.7952,37.2919
0.0520432,0.965863,0.0508534,0.450568,18.3095,37.2927
0.0518932,0.985958,0.0513711,0.631793,19.113,37.2932
0.0521043,0.993772,0.050781,0.73439,17.8316,37.2932
0.0519133,0.990289,0.0568023,0.888309,19.1888,37.2933
0.0518222,0.99182,0.0565449,0.531024,19.7128,37.2934
0.0521054,0.982638,0.0522101,0.162724,18.8523,37.2936
0.0520957,0.969376,0.0535813,0.788783,19.649,37.294
0.0518397,0.989146,0.0540083,0.261043,19.236,37.294
0.0518487,0.989225,0.0554279,0.561788,19.245,37.2946
0.0521979,0.962182,0.0509744,0.414444,18.6868,37.2949
0.0517982,0.993436,0.055455,0.168692,19.7254,37.2952
0.0519893,0.98208,0.0517516,0.103673,17.8029,37.2955
0.0523331,0.992985,0.0504927,0.627903,18.0524,37.2956
0.0521621,0.992703,0.0541412,0.802928,19.5878,37.2961
0.0522795,0.996214,0.0510931,0.628724,18.2332,37.2964
0.0518732,0.983869,0.0525516,0.979907,17.4353,37.2964
0.0521062,0.965871,0.0527719,0.0113556,19.0212,37.2965
0.0519766,0.977531,0.0545967,0.299754,19.8374,37.2975
0.0523268,0.994972,0.0506612,0.448666,18.527,37.2978
0.0518162,0.982449,0.0506344,0.427694,18.8927,37.2978
0.0519495,0.977015,0.0529774,0.836456,18.2846,37.2986
0.0521949,0.956836,0.0502957,0.367834,18.6651,37.2987
0.0518931,0.985344,0.0520418,0.982359,19.4703,37.2988
0.0517078,0.994047,0.0526667,0.897522,18.1926,37.2991
0.0521942,0.975475,0.0511207,0.665544,18.9467,37.2992
0.0519979,0.975015,0.0514244,0.379864,19.5688,37.2993
0.0524012,0.977953,0.0513569,0.191918,19.1483,37.2993
0.0520427,0.971353,0.0504502,0.868256,19.7893,37.2994
0.0519087,0.982608,0.0533584,0.185474,19.4462,37.2997
0.0519938,0.975945,0.0537666,0.643879,19.4738,37.2997
0.052282,0.996237,0.0510877,0.644615,18.5932,37.2999
0.0522359,0.954063,0.0503027,0.882757,19.8044,37.3
0.0517319,0.98694,0.050352,0.0251944,17.3499,37.3001
0.0520071,0.974328,0.0526857,0.901421,19.6321,37.3006
0.0519136,0.983046,0.052182,0.403838,19.4976,37.3009
0.051791,0.984121,0.0506576,0.432943,18.3785,37.3012
0.052348,0.992172,0.0523778,0.271217,19.1417,37.3013
0.0518905,0.977659,0.0514929,0.235309,18.8822,37.3019
0.0516824,0.993047,0.0518633,0.409808,17.9155,37.3028
0.0521994,0.960298,0.0509112,0.783043,18.319,37.3028
0.0520601,0.979993,0.0527647,0.518529,18.6132,37.3031
0.0523107,0.95012,0.0508158,0.806431,19.8398,37.3031
0.0518118,0.985308,0.0526966,0.489722,18.2883,37.3032
0.0519245,0.98113,0.0532247,0.831995,19.4048,37.3032
0.0517542,0.99729,0.0547461,0.947923,19.8527,37.3034
0.0511907,0.99199,0.0513347,1.86916,19.3919,37.3035
0.0521826,0.958717,0.0509884,0.426175,19.4431,37.3036
0.0518098,0.992555,0.0566859,0.89832,19.2045,37.3048
0.0521843,0.959362,0.0519473,0.977066,19.8079,37.3049
0.0518823,0.990412,0.0551386,0.074338,18.2155,37.3051
0.0516619,0.996035,0.0534002,0.807265,17.7391,37.3055
0.0521264,0.963578,0.0514458,0.00510525,19.2633,37.3055
0.0519242,0.981309,0.0526438,0.981297,19.8895,37.3056
0.052195,0.990637,0.0518453,0.592597,18.6682,37.3058
0.0523166,0.985209,0.0504156,0.420213,18.8991,37.306
0.0512232,0.989729,0.0510664,1.94057,19.015,37.3063
0.0516491,0.995973,0.0521734,0.380008,17.0686,37.3064
0.0519073,0.979438,0.052059,0.930233,17.1841,37.3065
0.0518493,0.992677,0.0554706,0.647353,18.5145,37.3065
0.0521953,0.96111,0.0526125,0.438986,19.353,37.307
0.0520316,0.964459,0.0504054,0.6776,18.5752,37.3073
0.0523867,0.99439,0.0523006,0.561677,19.4748,37.3079
0.052559,0.985954,0.0503381,0.0731427,19.4036,37.3086
0.0518005,0.985549,0.052527,0.355109,17.5122,37.3089
0.0519831,0.981299,0.0537835,0.00563542,18.0002,37.309
0.0516868,0.9948,0.0535569,0.905476,17.2476,37.31
0.0518207,0.994712,0.0539608,0.0280203,17.7132,37.31
0.0519642,0.977226,0.0517571,0.141183,17.8259,37.3103
0.0519356,0.982005,0.055468,0.889403,19.8031,37.3103
0.0520811,0.966543,0.0508456,0.450058,19.7586,37.3106
0.0521371,0.996036,0.0526433,0.428416,18.3596,37.311
0.0517664,0.997266,0.0526326,0.636464,19.6598,37.3112
0.0523449,0.994127,0.050543,0.280047,18.1004,37.3112
0.0519784,0.977568,0.0518257,0.741073,17.0404,37.3113
0.0523826,0.954403,0.0507106,0.139679,19.2291,37.3116
0.0524303,0.977718,0.0510949,0.922506,19.4875,37.3121
0.0519337,0.98173,0.0506908,0.829899,19.6943,37.3123
0.0512045,0.99085,0.0512896,1.82024,19.2514,37.3124
0.0520816,0.967547,0.0529135,0.540761,19.7054,37.313
0.0512455,0.987009,0.0507948,1.84223,19.3523,37.3136
0.0521456,0.995011,0.0525249,0.382353,18.7753,37.3138
0.052277,0.985658,0.0508876,0.792124,18.0086,37.3141
0.0520812,0.961845,0.0505246,0.144976,18.2913,37.3143
0.0519169,0.981747,0.0536637,0.362533,19.1145,37.3143
0.051227,0.990446,0.0511182,1.10443,19.7912,37.3148
0.0521327,0.962218,0.0508587,0.824335,19.9407,37.3148
0.0518724,0.985996,0.0531604,0.510974,19.1815,37.3153
0.0518644,0.986358,0.0542845,0.176183,19.6506,37.3157
0.0518905,0.984202,0.054148,0.0322639,19.67,37.3158
0.0521795,0.966546,0.0532732,0.57404,19.5373,37.3159
0.0523605,0.965607,0.0511953,0.392829,19.2579,37.3162
0.0517324,0.992429,0.0535154,0.258389,18.6737,37.3164
0.0519185,0.981589,0.0537716,0.503684,18.0659,37.3166
0.0522575,0.953677,0.0513653,0.00982895,19.9887,37.3171
0.0519869,0.976453,0.0505003,0.230641,19.5316,37.3171
0.0519122,0.994461,0.0548465,0.888297,18.7097,37.3174
0.0521053,0.978825,0.0543083,0.692459,19.7693,37.3178
0.051851,0.987444,0.0531472,0.200065,17.4383,37.3179
0.0512324,0.985724,0.0505473,1.68021,19.0388,37.3191
0.0517134,0.990392,0.0522146,0.165675,17.2292,37.32
0.0521506,0.977544,0.0517205,0.248533,18.0726,37.3202
0.0511699,0.993048,0.0515725,1.75707,19.1217,37.3211
0.0519488,0.984259,0.0560322,0.599709,19.2901,37.3213
0.0511392,0.990727,0.0511194,1.32624,19.3105,37.3214
0.0521251,0.995244,0.0547365,0.893333,19.5743,37.3228
0.0522746,0.963638,0.052094,0.627217,19.6152,37.3229
0.0520766,0.973996,0.052627,0.725027,18.1646,37.324
0.0519973,0.995594,0.053865,0.437374,18.1573,37.3261
0.0523323,0.950448,0.0513125,0.745167,19.4525,37.3263
0.0519547,0.977569,0.0529442,0.882268,19.5297,37.3265
0.0520191,0.996327,0.0517361,0.505008,17.7194,37.3272
0.0522611,0.956907,0.0503111,0.210058,18.8989,37.3274
0.051697,0.993968,0.0526465,0.460123,18.1094,37.3275
0.0521444,0.962066,0.0525739,0.557578,19.2563,37.3275
0.0520549,0.9627,0.0505447,0.283579,18.5758,37.3277
0.0520666,0.964061,0.0511533,0.483671,18.4125,37.3277
0.0523987,0.996287,0.050367,0.990468,18.2923,37.3282
0.0512192,0.993558,0.0512771,1.86033,19.7292,37.3286
0.0518303,0.981215,0.0510553,0.012892,18.6512,37.3287
0.0517771,0.985642,0.0524285,0.48716,17.6094,37.329
0.0522024,0.956106,0.0514404,0.0173678,19.722,37.3291
0.0519105,0.973881,0.0503192,0.806646,18.3218,37.3296
0.0519502,0.982408,0.0523741,0.728054,17.0466,37.3297
0.0516196,0.997358,0.0520792,0.0698188,17.2656,37.3298
0.0524175,0.981436,0.0514056,0.729005,19.384,37.3299
0.0520983,0.997266,0.0511698,0.0758997,17.7071,37.3306
0.0518719,0.981165,0.0531674,0.194611,18.2028,37.3306
0.0519404,0.997853,0.0525711,0.36973,17.0154,37.331
0.0518515,0.988689,0.0518019,0.174233,19.6835,37.331
0.0517711,0.994724,0.0562082,0.442713,19.203,37.3314
0.0512845,0.984627,0.0504574,1.76501,19.3697,37.3322
0.0520073,0.993832,0.0517939,0.220261,17.2446,37.3327
0.0512694,0.989305,0.0506494,1.14682,19.9918,37.3327
0.052029,0.982789,0.0513883,0.599758,17.7435,37.3328
0.0523382,0.969982,0.0516356,0.828306,19.3603,37.3329
0.0521358,0.961851,0.0516688,0.96927,19.313,37.333
0.0512988,0.99234,0.0503213,1.57637,19.7473,37.3333
0.0520496,0.977815,0.0511286,0.165672,17.5571,37.3333
0.0521716,0.978861,0.0535866,0.732429,19.4394,37.3336
0.0522617,0.98027,0.0527878,0.557213,19.9378,37.3338
0.0521428,0.961194,0.0516407,0.710158,19.8129,37.3344
0.0522496,0.95861,0.0524226,0.0619648,19.6821,37.3345
0.0522535,0.972523,0.0525442,0.941618,19.086,37.3347
0.0521609,0.979533,0.0517105,0.762452,18.3891,37.335
0.0519924,0.977813,0.0551025,0.709222,19.6391,37.3355
0.051074,0.996337,0.0519443,1.62329,19.3859,37.3358
0.0520033,0.98762,0.0517383,0.74196,17.0227,37.3362
0.051292,0.990644,0.0503966,1.2566,19.9106,37.3369
0.05175,0.989529,0.0526697,0.919296,18.3894,37.3376
0.0520844,0.966108,0.0502689,0.822339,19.6188,37.3379
0.0523593,0.953506,0.0510684,0.969901,19.2472,37.338
0.0519259,0.988657,0.0547268,0.841892,18.2836,37.3381
0.0521151,0.980902,0.0504308,0.145515,17.598,37.3383
0.0522479,0.99292,0.0514416,0.552601,18.6056,37.3387
0.0517407,0.990943,0.0533368,0.252428,18.2265,37.3387
0.0520737,0.977145,0.0508565,0.529692,17.4577,37.3389
0.0519834,0.972026,0.0513016,0.705335,17.2211,37.3389
0.0517652,0.990269,0.0543447,0.139966,18.3305,37.3393
0.0519275,0.980107,0.0525632,0.737875,19.1717,37.3393
0.0520856,0.99063,0.054916,0.394233,19.3071,37.3394
0.0520086,0.967905,0.0514727,0.828561,18.0694,37.3399
0.051908,0.976353,0.0524144,0.770205,18.6064,37.3401
0.052356,0.973099,0.0516979,0.335645,19.1096,37.3412
0.0512288,0.987207,0.051,1.65108,19.631,37.3414
0.0522398,0.990188,0.0535847,0.00485274,19.1567,37.3418
0.0522094,0.967242,0.0529953,0.293808,19.0089,37.3428
