beta,permeability,xi,init_days,delay,value
0.0470577,0.00464453,0.0963875,55.5801,15.8397,71.689
0.0495025,0.0101243,0.112016,48.5133,15.0928,71.8335
0.0463772,0.0183937,0.0939731,57.6609,15.906,72.1916
0.0469828,0.033849,0.0998148,55.6018,15.0573,72.2541
0.0479901,0.0140233,0.107893,52.3879,15.1272,72.6045
0.0463573,0.0141637,0.0979842,57.921,15.9437,72.6336
0.0463648,0.0156482,0.0992352,57.3675,15.7894,72.6445
0.046385,0.0265351,0.0942681,57.234,15.6695,72.6699
0.048992,0.0125411,0.131417,49.8946,16.938,72.6793
0.0454678,0.028005,0.0909279,60.8002,15.3194,72.7762
0.0483013,0.00434944,0.114311,51.2004,16.0568,72.8084
0.0483455,0.00329365,0.114774,51.4778,16.5729,72.8282
0.047644,0.0106853,0.104051,53.4347,15.3223,72.838
0.049431,0.00641062,0.131351,48.2444,16.5533,72.8388
0.0486892,0.00269028,0.113154,50.3069,15.2323,72.8602
0.0486391,0.0227629,0.123183,50.8135,16.4372,72.8722
0.0476415,0.012799,0.103912,53.5137,15.4802,72.8891
0.051513,0.0206374,0.126348,43.86,15.9211,72.8922
0.0510832,0.0208972,0.125574,44.977,15.9974,72.902
0.04864,0.00443985,0.128771,50.4726,16.0957,72.9293
0.0493584,0.00504465,0.131709,48.259,16.7706,72.9325
0.0494525,0.0210244,0.115198,48.9402,15.8448,72.9333
0.0515806,0.0046163,0.117705,43.5575,15.99,72.9646
0.04606,0.0155767,0.0981767,58.8314,15.7606,72.9662
0.0502399,0.00157243,0.129304,46.856,16.4961,72.9836
0.0460392,0.0349097,0.0985241,58.5959,15.3315,72.9842
0.0502534,0.00446961,0.118595,46.5356,15.9093,73.0144
0.0451783,0.0350871,0.0906482,61.2264,15.6162,73.0595
0.0480462,0.0113108,0.108058,52.1532,15.42,73.0855
0.0502451,0.00265261,0.118815,46.5465,15.1967,73.104
0.0494465,0.00946921,0.123437,48.5017,16.8063,73.108
0.0486565,0.0105392,0.116006,50.9463,16.2842,73.1234
0.048342,0.0414174,0.109985,51.0266,15.0647,73.124
0.0490662,0.0152167,0.114974,49.6815,15.2445,73.1424
0.0460344,0.0219409,0.0968564,58.9091,15.5007,73.1667
0.0486834,0.00854591,0.11396,50.9699,16.4891,73.2366
0.0469434,0.00519933,0.109096,55.6613,16.5637,73.2483
0.0515394,0.0123165,0.120286,43.7798,15.264,73.2516
0.0475643,0.0183076,0.115057,53.4372,16.2371,73.2629
0.0510643,0.0187831,0.12486,44.5929,15.351,73.2749
0.0479338,0.00970364,0.111795,52.2808,16.0367,73.2826
0.0483231,0.0174453,0.108465,51.6189,15.7788,73.2905
0.051537,0.0207912,0.126364,43.0948,15.4469,73.3177
0.048278,0.0278161,0.119764,51.3223,16.3468,73.3394
0.0482972,0.0110919,0.127535,51.5211,16.8604,73.3438
0.0499004,0.0200255,0.112411,47.0263,15.3668,73.3463
0.0460376,0.0497349,0.0967888,58.5977,15.8368,73.3892
0.0460876,0.00176714,0.0900967,58.5081,15.0269,73.3947
0.0503169,0.00595051,0.119324,46.9148,15.9355,73.3961
0.0498342,0.00562126,0.123733,47.9874,16.0333,73.4051
0.0494572,0.00814402,0.121022,48.808,16.1275,73.4451
0.0476146,0.0120388,0.105323,53.4139,15.7325,73.4685
0.0466484,0.0257194,0.104809,56.8657,15.1927,73.4788
0.050666,0.00240816,0.132237,45.1263,16.437,73.5
0.050125,0.0131321,0.140481,46.6202,16.866,73.5682
0.0489548,0.0290732,0.137703,49.4213,16.5637,73.5791
0.049055,0.0171106,0.112138,49.1814,15.2435,73.58
0.052443,0.0150416,0.126382,41.2427,15.3804,73.5815
0.0475369,0.0304318,0.118291,53.1172,16.8806,73.6068
0.0479185,0.0156834,0.126651,52.6802,16.5252,73.6106
0.0509904,0.0124052,0.150207,44.9516,16.6576,73.6299
0.0454502,0.0147716,0.0920019,60.4003,15.8728,73.6647
0.0479012,0.0111617,0.126092,52.7314,16.7304,73.6738
0.048227,0.0343921,0.132039,51.3396,16.2581,73.6738
0.0459999,0.0469882,0.0969926,58.7132,15.6278,73.7167
0.0486396,0.0339127,0.121522,50.9094,16.854,73.725
0.0472386,0.0076245,0.12052,54.874,16.5946,73.7264
0.0506746,0.0232511,0.125201,45.6167,15.4298,73.7287
0.0460315,0.00152883,0.105933,58.7128,16.1568,73.7305
0.0490579,0.0106912,0.121285,49.2027,15.7217,73.7519
0.0489761,0.0230499,0.124767,49.105,16.0583,73.7564
0.0489624,0.00842023,0.12931,49.1517,16.0387,73.7608
0.0476183,0.0209732,0.109201,53.1538,16.5494,73.771
0.0469192,0.0179558,0.107204,55.7147,16.3915,73.8096
0.0515406,0.00845116,0.130035,43.0171,15.3621,73.8245
0.0482748,0.00867774,0.114584,51.2098,16.9567,73.8291
0.0472493,0.0318966,0.117797,54.2552,16.1361,73.8317
0.0476701,0.034565,0.107505,53.1949,15.6529,73.8334
0.0466002,0.0489433,0.102142,56.7939,15.4437,73.8343
0.0467439,0.0104726,0.092295,56.225,15.1118,73.8442
0.051665,0.0026429,0.116038,43.3499,14.4726,73.8468
0.0486894,0.0263672,0.118558,50.0916,15.3867,73.8593
0.0485658,0.0259494,0.130741,50.481,16.3749,73.8665
0.0499233,0.0244649,0.103276,47.8961,14.4016,73.8675
0.0474996,0.0448183,0.127227,53.9328,16.885,73.8681
0.0466157,0.0497901,0.106057,56.6299,15.5027,73.8742
0.0528918,0.0184007,0.132103,40.4493,15.9116,73.8755
0.0472492,0.0686745,0.10993,54.9461,15.9358,73.8771
0.0475328,0.0474751,0.119073,53.8676,16.4233,73.8969
0.0502079,0.0211877,0.121178,46.3366,15.5578,73.9097
0.0498875,0.0130712,0.120436,47.1466,15.8891,73.9135
0.0459761,0.00139145,0.110696,58.1145,16.8762,73.9247
0.046129,0.00650182,0.0951992,58.6917,15.821,73.9359
0.0519001,0.00743229,0.144424,42.1356,16.8479,73.9366
0.0493718,0.0110708,0.124264,48.8988,16.9515,73.942
0.0489265,0.0484404,0.134112,49.994,16.6716,73.9431
0.0479447,0.029619,0.111514,52.9035,16.1245,73.9507
0.0496914,0.011479,0.141321,47.1714,17.9638,73.9542
0.0493391,0.0143199,0.129459,48.1297,16.3725,73.9547
0.0484378,0.00965709,0.0978953,51.8436,14.2004,73.9719
0.0482982,0.00347785,0.112278,51.9286,15.8633,73.972
0.0519448,0.0145299,0.133252,42.3066,15.8693,73.9783
0.0494671,0.0209825,0.119845,48.1769,15.9539,73.9787
0.0482061,0.0343999,0.133225,51.8603,16.4166,73.9826
0.0493639,0.0406094,0.129552,48.826,16.4891,73.9857
0.0529485,0.00717014,0.127218,40.3905,15.8502,73.9857
0.0463261,0.0620861,0.0993246,57.3834,15.9735,73.991
0.0476206,0.0317687,0.113671,53.6737,16.9247,74.0034
0.0469329,0.0113225,0.104891,55.1429,16.4548,74.0067
0.0510021,0.0286727,0.140362,44.5899,16.3109,74.0088
0.0463147,0.0637414,0.10247,57.7827,15.9762,74.0101
0.0488117,0.0035697,0.109589,50.175,15.2512,74.0118
0.0518915,0.020374,0.143965,42.7582,16.2186,74.02
0.0479836,0.00544974,0.121939,52.458,16.8964,74.027
0.0505345,0.0108279,0.144409,45.308,16.4361,74.0286
0.0506249,0.019393,0.124695,45.5755,15.4638,74.0422
0.0523993,0.00700503,0.135474,41.1819,15.7843,74.0442
0.0466279,0.0632228,0.104414,56.2364,15.4118,74.0494
0.0502545,0.00183484,0.120648,46.8224,16.438,74.0652
0.0501572,0.0320848,0.138267,46.8865,16.9455,74.0669
0.0470559,0.0191037,0.101366,55.0725,15.9612,74.0809
0.0460043,0.0185367,0.101339,58.6576,15.0698,74.0901
0.0462882,0.0354061,0.108539,57.6664,16.9121,74.1003
0.0466235,0.0610262,0.105565,56.3836,15.2264,74.1036
0.0501708,0.00751806,0.128741,46.8366,16.1606,74.1119
0.0489792,0.0262891,0.122903,49.811,16.2697,74.112
0.0490077,0.0510988,0.115296,49.9268,15.7874,74.1447
0.0477537,0.00647991,0.0937377,53.1819,14.6403,74.1449
0.0459811,0.0165673,0.112998,58.2646,16.3907,74.1456
0.0493186,0.0109109,0.142319,48.4635,17.04,74.1501
0.0472658,0.0370894,0.112671,54.4658,15.7906,74.1613
0.0478599,0.0116755,0.125331,52.412,17.6549,74.1989
0.0466342,0.0284048,0.110514,56.2456,16.7658,74.2117
0.0506573,0.0110318,0.134803,45.8222,16.7908,74.2258
0.0491471,0.0107552,0.115519,49.0631,15.3643,74.2259
0.0486844,0.0242478,0.124272,50.8785,16.1613,74.2277
0.0460099,0.0173654,0.102252,58.1816,16.5941,74.2296
0.0510361,0.0138274,0.12695,44.0364,15.1078,74.2582
0.0472935,0.0139781,0.117257,54.1648,16.399,74.2625
0.0482699,0.0668438,0.116637,51.7662,15.3357,74.2698
0.0472604,0.0204783,0.104457,54.4729,15.3895,74.2835
0.0482606,0.00311305,0.120257,51.0918,17.7305,74.2881
0.0459085,0.0559646,0.111934,58.7437,16.7,74.2887
0.0454245,0.021831,0.101837,60.0159,16.3312,74.2942
0.0499421,0.0312378,0.106234,47.197,14.6307,74.297
0.0486623,0.0574053,0.110414,50.3318,15.0668,74.3014
0.0485378,0.0089848,0.134033,50.8531,17.1417,74.3074
0.0490695,0.0073597,0.129849,49.8655,16.9601,74.3142
0.0487341,0.00867859,0.120684,50.7233,16.066,74.3179
0.051573,0.0192079,0.117172,43.5665,14.0274,74.318
0.0463334,0.0245927,0.104842,57.837,16.6008,74.3235
0.0523884,0.00368437,0.131575,41.8847,15.1188,74.3242
0.05118,0.0134379,0.116786,44.2722,14.7443,74.3253
0.0467218,0.0232172,0.101786,56.7095,15.9127,74.3342
0.0482044,0.0358194,0.124455,51.1274,16.5645,74.3422
0.0465359,0.0278455,0.117419,56.5742,16.9092,74.3473
0.044204,0.0562319,0.104878,64.8409,16.3926,74.3567
0.0514389,0.0201591,0.145816,43.5903,16.2555,74.362
0.0538863,0.00688111,0.14343,38.088,15.194,74.3737
0.0493354,0.0402419,0.129293,48.9713,16.8944,74.375
0.0501817,0.0590448,0.124127,46.087,15.1378,74.3758
0.0440028,0.0108735,0.0963281,65.9731,16.0458,74.378
0.0518692,0.00687475,0.152874,42.5616,16.4408,74.3789
0.0451294,0.0640632,0.0962617,61.4907,15.8264,74.3793
0.0465211,0.0642588,0.123413,56.826,16.3384,74.3794
0.0487216,0.0328053,0.117295,50.6077,15.7459,74.3817
0.0523445,0.0149143,0.140729,41.8743,16.0179,74.3829
0.0488544,0.0145683,0.0966989,50.6028,14.7037,74.386
0.0460097,0.00283971,0.111377,58.9894,16.9168,74.3946
0.0472127,0.0480008,0.111628,54.5999,15.8014,74.3973
0.0510249,0.00646227,0.149943,44.2928,16.1223,74.4009
0.0435125,0.00322797,0.0935134,67.2086,16.3008,74.4092
0.0472054,0.0101792,0.122791,54.586,16.1493,74.4148
0.0506798,0.0129861,0.127333,45.0556,15.8968,74.4213
0.0465599,0.0294869,0.110134,56.2788,16.5174,74.4224
0.046847,0.0640147,0.124453,55.3645,16.0899,74.4236
0.0463,0.0639279,0.105735,57.9946,15.6316,74.4262
0.0502964,0.022313,0.119939,46.7669,15.3114,74.4272
0.0458677,0.0732941,0.119722,58.2715,16.859,74.4336
0.0471693,0.0363899,0.12459,54.77,16.2243,74.4387
0.0477406,0.00316892,0.0940831,53.1002,14.4914,74.4409
0.0493256,0.0596941,0.133515,48.4054,16.6404,74.4417
0.04747,0.064593,0.126718,53.8124,16.9967,74.4434
0.0486133,0.00595947,0.126296,50.5203,17.289,74.4467
0.0479159,0.0481431,0.116722,52.2494,15.273,74.4502
0.0472318,0.0534521,0.11846,54.3917,16.8272,74.4615
0.0528489,0.0319502,0.137863,40.5672,15.0101,74.4652
0.0506437,0.0176644,0.11615,45.7912,15.7016,74.4712
0.0489033,0.0246569,0.140716,49.9911,17.8074,74.4717
0.0456943,0.0157523,0.0994623,59.0623,16.0776,74.4782
0.0448867,0.0278838,0.0930235,62.7494,15.8865,74.479
0.0520632,0.0126363,0.114768,42.9671,14.9788,74.4913
0.0476865,0.0326924,0.108483,53.8514,15.9401,74.4933
0.0462569,0.0107866,0.11609,57.3517,16.1786,74.4951
0.0459049,0.0704074,0.117162,58.7942,16.8009,74.5028
0.0523758,0.0396616,0.136071,41.2847,15.4204,74.5049
0.0453454,0.054674,0.108872,60.1807,16.8747,74.5102
0.0478912,0.00423413,0.123324,52.6553,17.6723,74.5104
0.0497701,0.0446807,0.121143,47.0669,15.0533,74.5141
0.0501091,0.0110464,0.142991,46.8809,16.644,74.5209
0.0533367,0.0167346,0.143883,39.753,15.9683,74.5234
0.04568,0.0264792,0.100409,59.2794,16.174,74.5292
0.0480064,0.0225371,0.100184,52.4375,15.1335,74.5303
0.0518937,0.0270107,0.148037,42.8053,16.8067,74.5438
0.0519088,0.0151345,0.149687,42.6521,16.7488,74.5443
0.0439452,0.0543405,0.103964,65.8277,16.7145,74.5479
0.0457705,0.00581197,0.100974,59.7418,16.5607,74.5483
0.0505364,0.0467751,0.14253,45.653,16.2864,74.5557
0.0477418,0.00729202,0.0946308,53.3802,14.0446,74.5631
0.05054,0.0333049,0.145277,45.4742,16.4852,74.5661
0.0451029,0.0558249,0.0946179,61.8157,15.0148,74.5862
0.0451233,0.0241234,0.100448,61.8113,16.9694,74.5884
0.0442939,0.0612267,0.089402,64.8413,15.1421,74.5885
0.0506077,0.0322096,0.120177,45.569,15.8703,74.5904
0.0485298,0.0184659,0.137368,50.7268,17.2764,74.5971
0.0506241,0.0206671,0.118417,45.1255,15.9924,74.5972
0.0516129,0.00330804,0.114661,43.4154,15.922,74.5997
0.050157,0.0157163,0.148407,46.472,16.5545,74.6021
0.0453728,0.0350327,0.110735,60.4212,16.882,74.6036
0.0533856,0.00338231,0.131058,39.9773,15.592,74.6091
0.0485889,0.00572657,0.140695,50.306,17.9233,74.6122
0.0448306,0.059991,0.0954423,62.9581,15.1641,74.6156
0.0472943,0.0607873,0.106226,54.6421,15.2883,74.6189
0.0485893,0.0105386,0.121318,50.1389,16.1553,74.6227
0.0525097,0.00560507,0.125284,41.1701,15.8407,74.6241
0.0450507,0.0500933,0.111499,61.3109,16.237,74.6303
0.0461512,0.00255491,0.0879072,58.7561,15.9028,74.6325
0.0456399,0.0940082,0.103811,59.9356,15.028,74.6367
0.0454194,0.00336004,0.0966478,60.931,16.661,74.645
0.0487847,0.0366867,0.0987202,50.4417,14.4908,74.6491
0.049704,0.00576639,0.155869,47.6574,17.422,74.6505
0.0500238,0.00927843,0.0975562,47.3842,14.5713,74.652
0.0478816,0.00440331,0.129326,52.5969,17.5408,74.6528
0.0478583,0.0371692,0.120188,52.5627,16.8183,74.6538
0.0499601,0.00901353,0.1093,47.3264,14.2145,74.6583
0.045662,0.0432454,0.100689,59.9595,15.1018,74.6587
0.0482574,0.0564305,0.112686,51.0012,15.3438,74.6625
0.0486501,0.0129885,0.133829,50.9897,16.393,74.6643
0.0472647,0.0556029,0.11311,54.5793,15.3998,74.6659
0.0478206,0.0306385,0.132206,52.5239,17.3478,74.666
0.0468914,0.00452512,0.112234,55.9514,16.0067,74.6667
0.0473174,0.0487126,0.107595,54.9863,15.4758,74.6724
0.0518521,0.0230579,0.1484,42.939,16.2276,74.6724
0.0478379,0.0652874,0.123665,52.2946,16.3156,74.6758
0.0475483,0.0575937,0.11101,53.8745,15.586,74.6782
0.0454675,0.00758231,0.0973457,60.5012,16.4702,74.6889
0.0442578,0.0179336,0.0976649,64.2787,16.5754,74.694
0.0465135,0.0804646,0.11919,56.6018,16.4924,74.6945
0.0469204,0.0563995,0.101868,55.0604,15.1505,74.7065
0.0509805,0.0233371,0.136054,44.9375,16.3666,74.7098
0.0442647,0.0245687,0.0975425,64.4947,16.5981,74.7162
0.0478948,0.00705202,0.129786,52.1868,16.2762,74.7201
0.0463511,0.0235852,0.10357,57.3752,16.6368,74.7213
0.0516722,0.00917585,0.11275,43.5413,14.1401,74.7215
0.0478541,0.0194642,0.129141,52.4159,17.3472,74.7251
0.0475066,0.0684168,0.12098,53.2198,16.6518,74.7311
0.0494456,0.0267777,0.126436,48.5413,15.011,74.7319
0.0450072,0.0742975,0.114149,61.4361,16.0711,74.7332
0.0482004,0.0442258,0.123444,51.9316,16.2721,74.7348
0.0468362,0.0142479,0.122342,55.2588,17.6511,74.7357
0.0477752,0.01589,0.0923542,53.0096,14.8933,74.7375
0.0490759,0.0201996,0.126179,49.7663,15.5992,74.7382
0.0468586,0.0482355,0.125314,55.7606,16.616,74.7405
0.0479589,0.0170291,0.125753,52.2077,16.2799,74.742
0.0507546,0.0292495,0.107541,45.7012,14.0435,74.7439
0.0518748,0.0337482,0.135465,42.1079,15.4331,74.7488
0.0475606,0.062226,0.114391,53.1084,15.2016,74.7489
0.0463865,0.00619155,0.105396,57.7847,16.4829,74.75
0.0527798,0.0236274,0.152544,40.4911,16.3168,74.75
0.0442785,0.0274706,0.100965,64.0616,16.3353,74.7504
0.0501186,0.0406428,0.136146,46.7527,16.5437,74.7543
0.0498721,0.0425296,0.107401,47.0234,14.8894,74.7588
0.0533123,0.0206016,0.143497,39.7987,15.4042,74.7596
0.0457049,0.024803,0.0985495,59.6581,16.3433,74.7623
0.0514061,0.0278659,0.138587,43.2437,16.9758,74.7634
0.0442036,0.06363,0.103313,64.2648,16.3874,74.7638
0.0492819,0.030215,0.155769,48.8109,17.8664,74.7654
0.0485061,0.0608574,0.137315,50.0423,16.1013,74.7662
0.0448381,0.0252857,0.103635,62.1879,16.5887,74.7687
0.0527844,0.0155935,0.15676,40.3601,16.7395,74.7701
0.0432173,0.038301,0.0969177,68.6976,16.0686,74.7722
0.0482331,0.00868655,0.118197,51.1105,16.6442,74.783
0.0463414,0.00329535,0.111513,57.4213,16.4235,74.7844
0.0506227,0.0355936,0.11866,45.47,15.7223,74.7936
0.0507143,0.0222808,0.121317,45.1132,15.379,74.8072
0.0497453,0.00181674,0.12576,47.9478,16.5728,74.8117
0.0543882,0.0130541,0.14497,37.8214,15.2717,74.8131
0.0505799,0.0386942,0.135297,45.3495,16.4508,74.8147
0.0471332,0.00300289,0.0889743,55.6205,14.7912,74.8147
0.0494667,0.00494891,0.129099,48.2604,15.569,74.8176
0.0511441,0.0021398,0.115539,44.5038,14.3083,74.8221
0.0487609,0.00822809,0.099794,50.2921,14.0484,74.8331
0.0486312,0.0738611,0.120149,50.5783,15.3981,74.8334
0.0459399,0.0395308,0.117302,58.3133,16.8945,74.8382
0.0493563,0.0357837,0.121324,48.0318,16.1462,74.8389
0.0489033,0.0396527,0.149718,49.3281,17.5949,74.8395
0.0513915,0.0187884,0.147443,43.9518,16.9486,74.8412
0.045857,0.0816499,0.122034,58.2386,16.0566,74.8494
0.0493507,0.0123122,0.141454,48.0024,17.6142,74.85
0.0506743,0.0367944,0.113388,45.1298,14.7044,74.85
0.0512216,0.0161559,0.111644,44.0952,14.1474,74.8514
0.0453636,0.0169906,0.102491,60.987,16.7914,74.853
0.0493662,0.048659,0.120487,48.8789,15.7996,74.8557
0.0452841,0.0902982,0.113322,60.1311,16.1567,74.8604
0.0497364,0.0149878,0.14846,47.5114,17.1918,74.8664
0.045151,0.0118587,0.0948179,61.6775,16.2674,74.8727
0.0445385,0.0837737,0.0935558,63.8255,15.5395,74.8746
0.0497072,0.0453209,0.1345,47.9058,16.204,74.8747
0.0514332,0.0214781,0.152355,43.8654,16.1798,74.8834
0.0490431,0.038801,0.126522,49.8167,16.1655,74.8862
0.0452901,0.0817691,0.116668,60.6541,16.0952,74.8908
0.0539406,0.00418068,0.137956,38.3402,15.7094,74.8945
0.0474782,0.0792391,0.125036,53.8662,16.9349,74.8988
0.0520113,0.006194,0.117118,42.58,14.8528,74.9009
0.0505027,0.0145165,0.152506,45.174,17.6693,74.9025
0.046024,0.0294395,0.107886,58.7757,16.7949,74.903
0.0478763,0.00472394,0.137526,52.1424,17.7563,74.9041
0.0513744,0.0412015,0.149892,43.7467,16.2123,74.9044
0.0497224,0.0342368,0.147908,47.5818,16.7423,74.9135
0.0438323,0.0226687,0.0854775,66.8116,15.5903,74.9216
0.0511175,0.0173633,0.130963,44.4746,15.6656,74.923
0.0507225,0.0400927,0.113103,45.7496,14.2687,74.9305
0.0515277,0.00969727,0.137481,43.7114,16.7396,74.9307
0.0459509,0.0715951,0.105923,58.5208,15.8491,74.9337
0.0476128,0.0363349,0.119919,53.4486,16.2811,74.9344
0.0510455,0.0478885,0.130223,44.3412,15.6625,74.9396
0.0497888,0.0423046,0.135608,47.8887,16.0466,74.9528
0.0506407,0.0236806,0.115861,45.2157,15.8491,74.9537
0.0474009,0.0242366,0.0917378,54.513,14.5334,74.9572
0.045448,0.0199806,0.102758,60.7219,16.9848,74.9613
0.0505312,0.0381029,0.137314,45.3201,16.3333,74.9682
0.0485699,0.0622781,0.136649,50.9042,16.1599,74.9801
0.0533215,0.0155968,0.145108,39.2432,15.8386,74.9835
0.0496541,0.0227718,0.151346,47.3176,17.3954,74.985
0.0492748,0.0408519,0.158218,48.5065,17.3422,74.9928
0.0487639,0.02928,0.109952,50.8562,15.5027,74.9965
0.0466685,0.0300854,0.107581,56.1095,15.5233,74.9969
0.0518814,0.031753,0.144542,42.8489,16.7369,75.0028
0.0453936,0.0383555,0.0998778,60.0081,15.8113,75.0046
0.0492598,0.0232052,0.147571,48.1847,17.7534,75.0048
0.0493651,0.0474195,0.11912,48.1461,15.7039,75.008
0.048162,0.0286785,0.13837,51.8873,17.8133,75.0082
0.0496617,0.00216094,0.142786,47.3829,17.8428,75.0131
0.0466209,0.00479846,0.100877,56.584,16.9268,75.0164
0.0441665,0.0870447,0.107033,64.5391,16.8211,75.0193
0.0520598,0.00531058,0.125446,42.306,15.7204,75.0207
0.0538142,0.0138276,0.159359,38.3314,16.1934,75.0246
0.0482094,0.0264535,0.127852,51.1045,17.6545,75.0262
0.0514198,0.0027014,0.13891,43.3932,16.3133,75.0263
0.0506299,0.053257,0.124038,45.5581,15.4767,75.0265
0.0514413,0.0247488,0.128996,43.9334,15.6105,75.0425
0.0504565,0.0126604,0.153123,45.3776,17.0594,75.0451
0.0527906,0.00234928,0.153868,40.2334,16.7805,75.0527
0.0498225,0.0305177,0.112269,47.073,15.0606,75.0535
0.0466832,0.00168387,0.110395,56.8993,16.9816,75.0537
0.0503539,0.00408201,0.112307,46.5376,14.0487,75.054
0.052836,0.0251233,0.134786,40.4005,15.3958,75.0553
0.0469762,0.0566127,0.107378,55.8176,15.8615,75.0567
0.0481919,0.0787636,0.125714,51.9515,16.137,75.0647
0.0485457,0.0577468,0.141707,50.0778,16.732,75.0653
0.0478692,0.007413,0.127744,52.8318,16.1045,75.0669
0.0543642,0.00198243,0.141265,37.6344,15.574,75.0674
0.0514956,0.0214735,0.134445,43.3796,15.7427,75.0679
0.0489247,0.0346488,0.146351,49.9846,17.9484,75.0768
0.0488807,0.0450166,0.149355,49.8069,17.4793,75.0807
0.0489249,0.0473016,0.129541,49.4656,16.8529,75.0809
0.0490688,0.0502312,0.119281,49.9039,15.216,75.0842
0.0496658,0.0334856,0.143395,47.5734,16.0795,75.0847
0.0511133,0.0324006,0.118422,44.9684,15.7056,75.0878
0.049008,0.0324683,0.136177,49.3287,16.2193,75.0882
0.0450626,0.0814908,0.097831,61.2188,15.5078,75.0901
0.0518771,0.0029516,0.1379,42.4755,16.6256,75.0913
0.047305,0.036836,0.113299,54.857,15.9439,75.0922
0.0507401,0.00256835,0.12698,45.8702,15.4763,75.0943
0.0496762,0.0159696,0.16008,47.498,17.8848,75.0982
0.0468721,0.0747327,0.117794,55.1626,16.4076,75.1064
0.0497338,0.0214841,0.127831,47.7803,16.7833,75.1124
0.0455228,0.103578,0.122672,59.5472,16.0235,75.1156
0.0487425,0.0328721,0.117199,50.5232,15.3608,75.1206
0.0456202,0.109857,0.103744,59.4261,15.0199,75.1227
0.0455742,0.0906069,0.118998,59.8188,16.5415,75.1275
0.0482103,0.0388231,0.137362,51.0233,16.7608,75.1283
0.0518502,0.00391274,0.1596,42.0128,16.8651,75.1285
0.0494221,0.0536509,0.125023,48.076,15.9801,75.1302
0.0482507,0.0113674,0.127208,51.532,17.5093,75.1329
0.0519705,0.0355853,0.128193,42.7004,15.7419,75.1335
0.0481396,0.049989,0.147033,51.9074,17.2373,75.1335
0.0506805,0.0108529,0.135222,45.733,16.9074,75.1386
0.052417,0.0342807,0.134535,41.7098,15.3479,75.1396
0.0498271,0.0274834,0.130457,47.5448,15.9639,75.1398
0.0446986,0.0912442,0.110406,62.7392,16.2399,75.1421
0.0479287,0.00817195,0.114101,52.9949,15.9932,75.1488
0.0450804,0.0522837,0.108511,61.0939,16.5049,75.1543
0.0459688,0.0894053,0.104263,58.4914,15.47,75.1581
0.0486584,0.030269,0.126274,50.7397,15.2293,75.1586
0.0538011,0.0171764,0.164705,38.9174,16.6515,75.1591
0.0486444,0.0057565,0.126475,50.6301,17.8661,75.1607
0.0486693,0.0568051,0.121899,50.4571,15.3864,75.1614
0.052496,0.00520884,0.113666,41.8708,14.4618,75.1618
0.0469812,0.0335931,0.11086,55.5005,16.4993,75.1618
0.0448057,0.0113152,0.0985246,62.371,16.6987,75.1717
0.0511788,0.0174114,0.118762,44.8543,14.8918,75.1724
0.0468714,0.00568433,0.12524,55.9544,17.5458,75.1725
0.0471953,0.0628506,0.109372,54.6711,15.0016,75.1733
0.0482347,0.0876665,0.12122,51.5317,15.109,75.1764
0.0471636,0.00830751,0.127491,54.035,17.9535,75.1853
0.0523602,0.0247601,0.130817,41.945,15.7526,75.187
0.0500729,0.0343005,0.148139,46.6534,16.2416,75.1879
0.05281,0.0103626,0.161291,40.6578,16.9732,75.1882
0.0478185,0.0829544,0.125734,52.588,16.0442,75.1902
0.0478796,0.0710929,0.11667,52.8604,15.4696,75.195
0.0461904,0.0252678,0.116457,57.155,17.5424,75.1951
0.0490058,0.0512081,0.131468,49.3766,16.9803,75.1959
0.0451287,0.045586,0.10209,61.9382,16.7845,75.1983
0.0474895,0.0849966,0.123123,53.8086,16.6146,75.199
0.0514513,0.00895945,0.130513,43.9729,15.4691,75.2003
0.0444947,0.0507678,0.101282,63.9911,16.4622,75.2017
0.0444991,0.0619634,0.102037,63.8554,16.3291,75.2022
0.0495013,0.0341935,0.109115,48.7725,15.2118,75.2035
0.0468432,0.025756,0.13069,55.1957,17.8554,75.2036
0.0493212,0.0245166,0.14264,48.3209,17.1269,75.2054
0.0494543,0.0533038,0.108437,48.3713,14.7048,75.2139
0.0478531,0.00715728,0.142319,52.0387,17.2044,75.226
0.0501573,0.038883,0.123279,46.7248,15.0388,75.2265
0.0482266,0.0735893,0.127457,51.0066,16.4237,75.2308
0.0482672,0.0208762,0.111781,51.0801,16.0529,75.2338
0.052805,0.039275,0.140032,40.3617,15.8969,75.2373
0.0456543,0.0498436,0.101393,59.7861,16.552,75.2373
0.0466446,0.0257171,0.101929,56.5628,16.5454,75.2377
0.0490212,0.02586,0.113999,49.7162,16.8787,75.2413
0.0460564,0.0252448,0.104352,58.3634,16.3186,75.2426
0.0492929,0.0634855,0.14379,48.9468,16.4107,75.2433
0.0499921,0.0234837,0.0991364,47.234,14.3617,75.2459
0.0523833,0.0179346,0.154761,41.4737,16.0007,75.251
0.0447562,0.0648067,0.111123,62.4143,16.7262,75.2514
0.0492329,0.0315173,0.147624,48.6104,17.6765,75.2548
0.0514419,0.0252957,0.133575,43.5807,15.3468,75.2569
0.0496525,0.00651588,0.0951838,48.0885,14.7027,75.2596
0.0523588,0.0257832,0.145867,41.9447,16.4461,75.2655
0.0492588,0.0609638,0.144849,48.3756,16.039,75.2743
0.0509971,0.0435279,0.147754,44.3267,16.0393,75.2764
0.0467807,0.00480085,0.0953147,56.7334,15.8418,75.2795
0.0479313,0.0144491,0.116468,52.6244,15.1406,75.2806
0.0478005,0.0581016,0.146286,52.3388,17.6704,75.2836
0.0458595,0.0307151,0.119255,58.6793,17.5342,75.2874
0.0484043,0.02521,0.100548,51.9296,15.1197,75.2949
0.0485075,0.0383666,0.152996,50.2559,17.5527,75.2951
0.04882,0.0308417,0.0991366,50.8042,14.3339,75.2961
0.0454038,0.0462231,0.10657,60.886,16.0182,75.2963
0.0494526,0.0298307,0.124293,48.5702,16.5202,75.3107
0.0474006,0.020995,0.0892582,54.4468,14.4439,75.321
0.045985,0.0454228,0.106878,58.8177,15.7055,75.3274
0.0523169,0.0361354,0.149513,41.6739,16.5536,75.3285
0.0471389,0.0531244,0.135817,54.5186,17.758,75.3303
0.0505378,0.0436696,0.131355,45.752,16.7202,75.3332
0.0523878,0.0167559,0.142062,41.8927,16.0691,75.3354
0.0478781,0.0669525,0.118916,52.7858,16.7353,75.3355
0.0505581,0.00366533,0.163833,45.7234,17.1751,75.336
0.0501724,0.00531168,0.143152,46.0445,17.6717,75.3382
0.0489191,0.0829126,0.136655,49.0399,16.2248,75.3402
0.0467986,0.00916252,0.0877504,56.2094,14.4939,75.3414
0.0475858,0.00935602,0.112736,53.1231,15.8627,75.344
0.0489249,0.0596754,0.126313,49.9533,16.0633,75.345
0.04367,0.0734257,0.104897,66.0052,16.5687,75.3453
0.0446538,0.0275994,0.0883995,63.6225,15.9884,75.3456
0.0452397,0.0146798,0.085428,61.5015,15.6546,75.3457
0.0465833,0.013057,0.11094,56.8271,17.5447,75.3506
0.0473455,0.00216385,0.114244,54.5134,16.7149,75.352
0.0533672,0.00841237,0.149747,39.3995,16.1467,75.3546
0.0474912,0.0410838,0.140301,53.1418,17.4522,75.3548
0.0468188,0.0870662,0.117252,55.9837,16.8756,75.3562
0.0518902,0.0342935,0.14791,42.3742,16.6152,75.3572
0.0505526,0.0142713,0.131361,45.971,16.5986,75.3609
0.0533624,0.0218876,0.147131,39.6234,15.0218,75.3679
0.0527814,0.0300992,0.162509,40.3844,16.1487,75.3756
0.0509964,0.0492808,0.125712,44.9119,15.1907,75.3757
0.0451401,0.029819,0.096932,61.1573,16.6144,75.3758
0.0514793,0.00831292,0.125335,43.1147,16.3002,75.3776
0.0548788,0.00899754,0.15345,36.3033,15.558,75.3779
0.0497779,0.0565225,0.12809,47.8006,15.5367,75.3851
0.0477894,0.0870029,0.136255,52.18,16.145,75.3868
0.0487196,0.0359694,0.100818,50.8833,14.1127,75.3899
0.045685,0.0422516,0.099525,59.9029,16.8631,75.3908
0.0505596,0.00248393,0.132593,45.0004,17.7827,75.4052
0.0472791,0.0160229,0.101825,54.3451,16.8617,75.4071
0.0510452,0.0500295,0.121752,44.8727,15.6423,75.4078
0.0473644,0.0108991,0.106516,54.1796,16.4541,75.4093
0.0446665,0.101057,0.114972,62.6333,16.6402,75.411
0.0462327,0.110467,0.105932,57.1949,15.9538,75.4121
0.0519249,0.00282904,0.155112,42.1369,16.3268,75.4129
0.0479291,0.0054586,0.129279,52.023,17.7,75.4152
0.0441975,0.0880059,0.103161,64.8237,16.1392,75.4194
0.0472271,0.0139695,0.128409,54.5396,17.7054,75.4258
0.0522994,0.0177111,0.159423,41.3375,16.322,75.4259
0.0523874,0.0129913,0.138121,41.666,16.9537,75.426
0.0494527,0.0105802,0.134143,48.1882,16.8701,75.4288
0.0498522,0.0129072,0.133695,47.8371,15.2252,75.4291
0.0499288,0.0200603,0.115191,47.1476,15.1638,75.4321
0.0525952,0.00140489,0.12218,41.3086,14.5916,75.434
0.0486263,0.0240256,0.113811,50.3638,15.2359,75.4355
0.0439152,0.0910614,0.105409,65.4557,16.255,75.4365
0.043889,0.0997726,0.108647,65.5166,16.7473,75.4401
0.0484179,0.00805441,0.115813,51.9455,15.2919,75.442
0.047792,0.0261734,0.135174,52.2556,17.4913,75.4434
0.0445806,0.0113991,0.102655,63.1575,16.1133,75.4442
0.051425,0.00461803,0.141221,43.2991,17.032,75.4487
0.0493507,0.00169305,0.122315,48.4818,17.6565,75.4523
0.0496854,0.0316835,0.149737,47.3387,17.8005,75.4542
0.0498146,0.0112145,0.13229,47.301,15.0329,75.4579
0.0465999,0.0118843,0.109495,56.5123,17.26,75.459
0.0462296,0.0758893,0.109269,57.7638,15.8864,75.4624
0.0528959,0.0322816,0.134861,40.7935,15.1663,75.4637
0.0478167,0.018457,0.135543,52.8906,17.8689,75.4673
0.0469171,0.0441152,0.119984,55.473,16.9238,75.4689
0.051925,0.00706053,0.128301,42.3199,16.6607,75.4703
0.0496038,0.00981043,0.157795,47.9665,18.1081,75.4718
0.0478023,0.0938765,0.127322,52.896,16.3021,75.4724
0.0496873,0.0561775,0.149061,47.0164,16.6954,75.4725
0.0549097,0.00631552,0.142912,36.2845,15.3062,75.4726
0.0461596,0.0296978,0.121817,57.1842,17.369,75.476
0.0518221,0.0383063,0.144683,42.186,16.232,75.4765
0.0477808,0.0515963,0.149158,52.0548,17.1807,75.4816
0.0455871,0.0739651,0.120526,59.969,16.0274,75.4829
0.0478172,0.0128103,0.134963,52.8369,17.9201,75.4845
0.0501707,0.00673573,0.123279,46.2547,16.1027,75.4861
0.0458928,0.0623422,0.110287,58.3377,16.1506,75.4871
0.0500189,0.0146057,0.16046,46.5991,18.8522,75.49
0.0496596,0.0104861,0.162054,47.1731,17.6792,75.4935
0.0494971,0.0219651,0.1049,48.4524,15.5366,75.4986
0.0485996,0.0585787,0.134312,50.7593,16.9049,75.4987
0.0447914,0.0731783,0.0975414,62.2634,15.4866,75.5003
0.0510433,0.0133082,0.134124,44.8856,15.5177,75.5193
0.048945,0.0845539,0.12429,49.9665,15.7669,75.5197
0.0468764,0.036572,0.109606,55.0653,15.0729,75.527
0.0470705,0.0180474,0.0882698,55.5115,14.9348,75.5287
0.0478069,0.0263123,0.144053,52.3517,17.8913,75.5348
0.0492511,0.0490802,0.142958,48.9098,16.0315,75.5349
0.0527628,0.014069,0.158074,40.3718,16.9152,75.538
0.0430117,0.0193887,0.0947162,69.9978,16.3138,75.5385
0.0468726,0.018893,0.121622,55.5273,17.8369,75.5431
0.0475087,0.0414744,0.137466,53.4365,17.2057,75.5442
0.0538146,0.0165294,0.150042,38.0963,15.6147,75.5465
0.0482717,0.0509227,0.127508,51.1383,15.9158,75.5491
0.0513625,0.00837547,0.159052,43.808,17.5435,75.5594
0.0443414,0.00638136,0.0899469,64.4848,15.7657,75.5601
0.0467243,0.0279266,0.0911595,56.8912,14.6707,75.562
0.0482319,0.0239205,0.129571,51.8262,17.6987,75.5663
0.0472172,0.07386,0.105431,54.2658,15.0095,75.5693
0.051164,0.0158318,0.113191,44.46,15.3064,75.5708
0.0495243,0.00142213,0.101699,48.3967,15.3808,75.5716
0.0438112,0.0502533,0.0846687,66.7832,15.4926,75.5717
0.0452599,0.0711889,0.117772,60.1926,16.6063,75.5825
0.0432735,0.0164154,0.0954155,68.5445,16.4689,75.5845
0.046838,0.002496,0.125234,55.3615,17.2684,75.5887
0.0488163,0.0271724,0.0932044,50.2931,14.5537,75.5892
0.0479809,0.0339176,0.120409,52.8232,15.963,75.5905
0.0510781,0.0177422,0.131027,44.5524,16.1081,75.5906
0.050294,0.0017222,0.133692,46.5869,16.0519,75.5932
0.0505813,0.0409039,0.132619,45.1267,16.0454,75.5936
0.0517958,0.00340047,0.157822,42.7476,17.6259,75.5945
0.0508964,0.0185172,0.156369,44.7174,17.3021,75.5981
0.0503182,0.021906,0.109458,46.4176,15.1371,75.5985
0.0471653,0.0955693,0.114428,54.3655,15.5659,75.601
0.0522895,0.0278709,0.144788,41.7836,16.2488,75.6032
0.0490244,0.00936523,0.122477,49.9592,17.2396,75.6115
0.0511082,0.0110036,0.13637,44.7804,16.0645,75.6145
0.045337,0.043254,0.115462,60.7376,16.5746,75.6154
0.0459159,0.0697876,0.108794,58.391,15.4161,75.6164
0.0501988,0.0242887,0.133619,46.8374,15.8402,75.617
0.0522799,0.0437133,0.161279,41.7036,16.0808,75.6197
0.0504359,0.0305805,0.156728,45.512,17.0178,75.6199
0.0501351,0.0186996,0.157863,46.5533,17.9212,75.6207
0.0485473,0.0276141,0.152121,50.671,17.187,75.6244
0.0465775,0.0130745,0.108945,56.213,17.898,75.6263
0.0498124,0.0619644,0.121542,47.7932,15.9124,75.6289
0.0459499,0.0109057,0.115299,58.2602,17.2147,75.6289
0.0515143,0.0222961,0.118194,43.6902,15.7617,75.6304
0.0489585,0.0123149,0.141008,49.7603,16.0232,75.6341
0.0497992,0.0032221,0.143193,47.4931,17.2402,75.6342
0.0469074,0.00290393,0.122678,55.8992,16.1955,75.6368
0.0465104,0.0306601,0.12214,56.5112,16.632,75.6378
0.0443796,0.00378245,0.0889678,64.0066,15.7889,75.6391
0.0471577,0.0428699,0.13035,54.6229,17.5701,75.6414
0.047892,0.0243912,0.132803,52.3384,17.0525,75.6428
0.0473141,0.0315343,0.115364,54.3973,16.3124,75.6432
0.0454568,0.00997809,0.0999639,60.3158,15.7659,75.6436
0.0502783,0.0547065,0.113138,46.4815,14.0663,75.6508
0.0497592,0.016148,0.134847,47.5899,17.4523,75.6516
0.050148,0.026306,0.127832,46.0666,15.3689,75.654
0.0482205,0.0306601,0.137725,51.4069,16.2203,75.6581
0.0489893,0.00719551,0.117327,49.7335,16.1802,75.6582
0.0529504,0.0169716,0.129042,40.2922,15.2952,75.6588
0.0442006,0.0885898,0.102092,64.3276,16.3677,75.6596
0.0489331,0.0438676,0.145605,49.3017,16.2996,75.6622
0.0432283,0.0330975,0.0935439,68.519,16.9426,75.6654
0.0453292,0.0907119,0.0995013,60.8188,15.2222,75.6661
0.046294,0.00694478,0.101104,57.2407,15.3867,75.6676
0.0493544,0.037551,0.119909,48.7847,16.5186,75.6693
0.0510939,0.0269903,0.134951,44.2789,15.2363,75.6697
0.0510818,0.0368112,0.113567,44.7713,14.0054,75.671
0.0501383,0.0350748,0.125477,46.2942,16.8649,75.6727
0.0500158,0.0283697,0.157171,46.1518,17.3128,75.6745
0.0486313,0.0835616,0.113535,50.4349,15.0671,75.6763
0.0493813,0.0191113,0.128191,48.4288,15.6071,75.6857
0.0477267,0.0428953,0.0922863,53.3906,14.3774,75.6861
0.0520041,0.0148577,0.125337,42.4997,14.4497,75.6874
0.0482429,0.0641585,0.123,51.8424,15.5889,75.6998
0.0441098,0.00501931,0.0912535,65.1317,16.762,75.7045
0.0478942,0.0700547,0.126583,52.6768,16.2127,75.705
0.0453608,0.0100549,0.105209,60.8369,17.7639,75.7091
0.0518738,0.0028442,0.145001,42.2431,17.2225,75.7097
0.0457521,0.00416901,0.106628,59.669,16.7958,75.7107
0.046515,0.0359426,0.116006,56.1113,17.314,75.7107
0.047279,0.0519154,0.115597,54.6969,15.1573,75.7121
0.0474483,0.0271456,0.133998,53.8327,17.3893,75.7159
0.0471453,0.0166661,0.139022,54.9495,17.179,75.7175
0.0475513,0.0144362,0.112772,53.903,17.3229,75.7196
0.0440104,0.0590236,0.0983107,65.2427,16.8605,75.7207
0.0501473,0.0561297,0.130192,46.2973,15.9288,75.7214
0.0497053,0.0659684,0.13143,47.2414,16.3137,75.7252
0.0468477,0.0335293,0.132876,55.9216,17.7387,75.7285
0.0514801,0.0289788,0.146556,43.5188,16.6177,75.7298
0.0450788,0.0452821,0.111045,61.9509,16.5597,75.7343
0.0509719,0.0751289,0.131078,44.0271,15.0736,75.7388
0.0524613,0.0286753,0.128288,41.4361,14.0715,75.7406
0.0443408,0.0149301,0.0970255,64.5249,16.8028,75.7408
0.0454234,0.0189742,0.108144,60.5757,16.5635,75.7418
0.0495648,0.00744341,0.118082,48.0338,15.8227,75.7437
0.0481893,0.0195417,0.133693,51.9666,16.8634,75.7439
0.0455639,0.0319976,0.114295,59.5011,17.4978,75.7479
0.0543321,0.0269509,0.150761,37.7345,15.1798,75.7506
0.0450152,0.0423249,0.108667,61.6581,16.575,75.758
0.0532884,0.0105697,0.14545,39.2314,16.1773,75.7586
0.047292,0.00135324,0.112477,54.1611,17.9476,75.7626
0.048169,0.00759289,0.142282,51.165,17.1569,75.7647
0.0500546,0.0746895,0.149204,46.485,16.0085,75.7666
0.0497193,0.0875565,0.125166,47.128,15.7741,75.7733
0.0452551,0.0971505,0.121414,60.5801,16.1927,75.778
0.0522564,0.0390102,0.1592,41.4367,16.8274,75.7793
0.0486794,0.00636166,0.132959,50.6131,17.6479,75.7809
0.0496556,0.0727847,0.149069,47.3117,16.3359,75.7855
0.0499167,0.00492816,0.124771,47.9057,16.5002,75.7863
0.0543295,0.0159163,0.143952,37.3828,15.8187,75.7879
0.0472132,0.0056907,0.132876,54.8297,17.9458,75.7899
0.0474618,0.0443088,0.145679,53.8415,17.5029,75.7903
0.0456608,0.0180532,0.101344,59.8657,16.3465,75.791
0.0458708,0.107101,0.119341,58.7346,16.4294,75.7911
0.0485699,0.0829659,0.131159,50.2741,16.3202,75.7949
0.0462561,0.0783906,0.113558,57.3089,16.7709,75.7984
0.0474367,0.112765,0.129983,53.8519,16.1216,75.8001
0.0513409,0.0158972,0.164388,43.0893,17.4947,75.8034
0.0523372,0.0212931,0.134161,41.1629,15.4677,75.8054
0.0462721,0.0112006,0.116695,57.5811,17.8164,75.8073
0.0444,0.0917435,0.113314,63.866,16.0363,75.8093
0.0519173,0.0155346,0.155169,42.5838,16.3447,75.8113
0.0471989,0.0528982,0.118324,54.1571,15.9033,75.8147
0.0498244,0.0237663,0.135956,47.5543,15.188,75.8172
0.0465353,0.0296484,0.120119,56.4605,17.0514,75.8204
0.0447149,0.106211,0.10743,62.1731,16.069,75.8205
0.046853,0.0419636,0.13041,55.327,17.5084,75.8217
0.0478228,0.0192784,0.146757,52.1106,17.7693,75.8243
0.0459988,0.0175423,0.0969753,58.7117,16.0795,75.8246
0.0470195,0.0125671,0.110321,55.9368,15.9523,75.828
0.0480185,0.0585048,0.0963348,52.8786,14.6192,75.8284
0.0462301,0.00618242,0.122144,57.0199,17.1,75.8286
0.0515615,0.0438537,0.116188,43.6733,14.1032,75.8304
0.0478081,0.0530187,0.131361,52.4542,17.1447,75.8363
0.0528518,0.00382144,0.162095,40.3039,16.601,75.8436
0.046948,0.0305202,0.102504,55.4752,16.5613,75.8442
0.0492323,0.0345196,0.161322,48.488,17.6394,75.8487
0.0462255,0.0368425,0.122412,57.7897,16.1825,75.8518
0.0449726,0.0952585,0.110781,61.6246,16.5314,75.855
0.0461872,0.104498,0.118325,57.1028,16.8249,75.8558
0.0471607,0.0948773,0.121467,54.0728,16.9463,75.8574
0.0456143,0.0926194,0.115366,59.8801,16.9726,75.8583
0.050256,0.058954,0.11123,46.1845,14.8733,75.8591
0.0500652,0.0265975,0.15037,46.5916,16.1293,75.8594
0.0481238,0.0222597,0.141149,51.1804,18.294,75.8672
0.0513368,0.0261081,0.151953,43.7044,17.0657,75.874
0.0509506,0.0129408,0.137257,44.8439,16.2579,75.8756
0.047493,0.0287372,0.119308,53.1612,16.5834,75.8763
0.047092,0.107609,0.130598,54.4488,16.4764,75.883
0.050487,0.0712002,0.141638,45.8917,16.8624,75.8835
0.0481176,0.0890186,0.141209,51.2385,16.9424,75.8858
0.0451414,0.0138251,0.0987176,61.1774,15.9731,75.8884
0.0507041,0.0349479,0.116194,45.653,15.6281,75.8915
0.0477836,0.0372924,0.140836,52.6297,17.3525,75.8916
0.0471662,0.00265576,0.0828862,55.7693,14.3491,75.896
0.0476136,0.0476992,0.119905,53.2937,16.6102,75.8967
0.0473862,0.0688805,0.140405,53.9023,17.8743,75.8967
0.0505807,0.0726123,0.129665,45.224,15.0713,75.8981
0.0472914,0.00994652,0.123749,54.606,17.3784,75.8993
0.0490585,0.0398641,0.126836,49.2701,16.9623,75.8998
0.0488623,0.089311,0.141833,49.1172,16.8713,75.9003
0.0459624,0.0882373,0.0983949,58.2373,15.8606,75.9064
0.0508819,0.005023,0.163363,44.7051,17.8382,75.9068
0.0440149,0.0727809,0.0923608,65.1088,15.9122,75.9074
0.0486092,0.010488,0.145247,50.1902,17.3045,75.9084
0.0513423,0.0447821,0.152557,43.6512,16.245,75.9106
0.04683,0.0617264,0.130199,55.201,16.9933,75.9115
0.049136,0.0111586,0.116003,49.0568,16.1845,75.9122
0.0473737,0.0216216,0.0905711,54.0458,14.999,75.9122
0.0471328,0.0995509,0.120634,54.2733,16.9399,75.9149
0.0560025,0.00501012,0.154703,34.3304,15.384,75.9162
0.0515046,0.0513404,0.121986,43.5275,14.7477,75.9165
0.0539426,0.00599534,0.137483,38.7075,14.5901,75.9168
0.0498055,0.0585896,0.112912,47.2618,14.5542,75.9169
0.0494915,0.0405833,0.117955,48.6066,15.4762,75.9178
0.0548992,0.0169846,0.152874,36.8616,15.9403,75.9207
0.0452358,0.112908,0.115072,60.0951,16.9728,75.9224
0.0512394,0.0140381,0.114112,44.9717,14.6777,75.9243
0.0494143,0.0468421,0.126774,48.8604,16.3433,75.9266
0.0448207,0.0361842,0.107343,62.2475,16.1353,75.927
0.0497924,0.0489499,0.130474,47.5105,16.8526,75.9333
0.0492246,0.0172199,0.102051,49.4401,14.7264,75.9334
0.0455921,0.0139913,0.11026,59.8341,17.894,75.9337
0.0480064,0.0213633,0.120493,52.7121,16.8799,75.9349
0.0449654,0.118743,0.117429,61.3318,16.6398,75.9349
0.050683,0.0204964,0.132947,45.5319,15.9867,75.9398
0.0461961,0.102906,0.106379,57.0156,15.1506,75.9425
0.0496975,0.0190755,0.148596,47.8167,16.0698,75.9428
0.0492485,0.0692611,0.149796,48.9178,16.6113,75.9431
0.0448234,0.0175962,0.0954602,62.2655,15.0869,75.9432
0.0500458,0.0226948,0.143795,46.8817,17.7985,75.9455
0.0490794,0.0254162,0.12938,49.3594,15.8605,75.9545
0.0464983,0.0575897,0.127707,56.4645,16.492,75.9582
0.0438766,0.0177756,0.0814912,66.7959,15.0085,75.9613
0.0479191,0.0376166,0.108682,52.3701,16.2118,75.963
0.0504051,0.0214842,0.103245,46.3844,14.9149,75.9657
0.0505248,0.0777654,0.132977,45.9939,15.9133,75.9669
0.0523973,0.0269134,0.125595,41.6429,15.8507,75.9674
0.0474006,0.0994619,0.138917,53.1771,16.5271,75.9674
0.0453625,0.0309133,0.100732,60.0993,15.1149,75.9677
0.0442484,0.0237529,0.104953,64.4502,16.7362,75.968
0.0489931,0.0156567,0.14605,49.6331,17.6689,75.9682
0.0465454,0.0759758,0.110498,56.9308,16.1934,75.9688
0.0489648,0.0754968,0.130647,49.4559,16.8612,75.9734
0.0504326,0.00929422,0.1553,45.6168,18.5757,75.9757
0.0437852,0.0227207,0.0895431,66.1766,16.37,75.9773
0.0479042,0.0149379,0.115795,52.9268,15.5297,75.9794
0.0475692,0.00787338,0.111707,53.2534,15.9085,75.9799
0.0481504,0.0780652,0.14348,51.9488,16.9754,75.9799
0.0503234,0.0352896,0.102004,46.8935,14.9874,75.9847
0.0500244,0.0379737,0.148353,46.0944,17.1089,75.9858
0.0485905,0.0310505,0.117821,50.4203,16.1288,75.9871
0.0506833,0.0098552,0.138636,45.2675,16.3834,75.9875
0.0490933,0.0334725,0.104543,49.5663,15.6214,75.9879
0.0470941,0.0684195,0.129731,54.1775,17.309,75.9904
0.0451124,0.00858517,0.0973007,61.1506,15.9801,75.9908
0.0497729,0.00733306,0.12833,47.1773,15.7273,75.9909
0.0465107,0.0175875,0.131876,56.0189,17.0855,75.9938
0.0475367,0.0840151,0.120376,53.588,15.0257,75.9951
0.0464533,0.040396,0.122966,56.965,17.8745,75.9965
0.0492864,0.0142323,0.139661,48.6214,16.1794,75.9986
0.0496515,0.045181,0.139696,47.936,17.0136,75.999
0.0476305,0.0689211,0.104485,53.3091,15.7083,76.0062
0.0484818,0.0630857,0.141274,50.0112,16.5227,76.0074
0.0504596,0.0787182,0.145435,45.1551,16.6204,76.0077
0.0468797,0.0322479,0.12448,55.1197,17.4596,76.0116
0.0487153,0.0378777,0.103437,50.5768,15.5613,76.0125
0.0470541,0.082739,0.14053,54.4775,17.7198,76.0137
0.0492476,0.0170829,0.159967,48.8651,17.4641,76.0138
0.0464593,0.00337083,0.0986292,57.9763,15.4525,76.0187
0.0510375,0.0043643,0.155224,44.699,16.326,76.0195
0.0492683,0.00417821,0.161742,48.9281,17.2724,76.0212
0.048524,0.0496422,0.139506,50.9302,17.8575,76.0216
0.0505069,0.0445714,0.136147,45.2898,16.4162,76.0216
0.0515496,0.046355,0.122683,43.084,14.9343,76.0244
0.0477744,0.0653313,0.153675,52.3504,17.5516,76.027
0.0515793,0.0257406,0.10881,43.0771,14.1455,76.0271
0.0450507,0.0194265,0.111169,61.7386,16.718,76.0292
0.0489059,0.0200104,0.135844,49.5528,16.7827,76.0298
0.0497831,0.0168458,0.136284,47.1895,17.2647,76.0299
0.0464812,0.00140306,0.0949984,57.5614,15.7725,76.0299
0.0496212,0.00551302,0.145515,47.4747,18.562,76.03
0.0489201,0.0967129,0.123093,49.8328,15.2362,76.0312
0.0455797,0.054789,0.113804,59.3329,17.031,76.0328
0.0504635,0.0862052,0.150871,45.1167,16.5155,76.0332
0.0505945,0.00809456,0.13918,45.3639,17.0056,76.0339
0.0501525,0.0780353,0.130891,46.7788,15.1601,76.0344
0.0518092,0.0204843,0.163926,42.4745,16.6639,76.0372
0.0474949,0.0467069,0.132302,53.5515,17.3541,76.0421
0.046164,0.101152,0.114171,57.1506,16.8162,76.0454
0.0529475,0.0287929,0.123308,40.9956,14.3991,76.049
0.0501994,0.0273944,0.137498,46.2097,15.6111,76.0503
0.0488915,0.0705907,0.131389,49.1507,16.8858,76.0524
0.053348,0.0205838,0.151287,39.54,15.3351,76.0531
0.0500351,0.0154588,0.160238,46.6864,17.5689,76.0541
0.0524868,0.0311862,0.114843,41.384,14.8097,76.0554
0.0527726,0.00364223,0.159246,40.7788,17.9392,76.0554
0.0465486,0.0327703,0.111085,56.0147,17.1442,76.0563
0.0493118,0.0708422,0.123586,48.4842,15.7637,76.0571
0.0465557,0.0297534,0.117879,56.5168,17.5485,76.0578
0.0441439,0.131534,0.109496,64.8494,16.5819,76.058
0.0459943,0.00268926,0.118243,58.8369,17.2416,76.0649
0.0500877,0.0503903,0.155795,46.1806,16.3413,76.0651
0.0492512,0.0109505,0.161174,48.454,17.2102,76.0651
0.043891,0.122789,0.107603,65.9471,16.9368,76.0661
0.0467175,0.0867022,0.141453,55.3104,17.9322,76.068
0.0478928,0.0758336,0.124921,52.4248,16.049,76.0704
0.0533901,0.0199369,0.130963,39.5791,14.2077,76.0716
0.0461496,0.0617246,0.132183,57.9826,17.0244,76.0717
0.0478817,0.0830714,0.122625,52.1917,15.7579,76.0745
0.0515837,0.037613,0.109848,43.6274,14.0097,76.0767
0.0505078,0.0427611,0.136053,45.3083,16.61,76.077
0.0465728,0.0236477,0.119264,56.5657,17.035,76.0772
0.0548375,0.00873235,0.152268,36.8843,15.4134,76.0788
0.0461396,0.0499782,0.128997,57.5489,17.2443,76.0804
0.0497175,0.0550627,0.12616,47.4231,15.9099,76.0812
0.0474333,0.0260651,0.14007,53.608,18.2815,76.0824
0.0494476,0.0596888,0.114152,48.1353,15.5179,76.0874
0.0474272,0.0478894,0.142941,53.869,17.1656,76.088
0.0509216,0.0757232,0.136297,44.8342,15.5747,76.0887
0.0452469,0.100553,0.122621,60.4326,16.6759,76.0898
0.0481135,0.038816,0.155387,51.6347,17.6087,76.0901
0.0543386,0.0257729,0.143551,37.884,15.7312,76.0902
0.0490501,0.0553538,0.125905,49.9406,15.0158,76.0924
0.0497119,0.00293073,0.12634,47.6782,17.3771,76.094
0.0507956,0.00744028,0.11665,45.4195,14.1203,76.0959
0.046918,0.012655,0.110825,55.4483,15.9629,76.0984
0.0539013,0.018166,0.12684,38.3072,14.8615,76.1
0.0463635,0.0320768,0.106039,57.3312,16.9543,76.1003
0.0434282,0.0895664,0.0990967,67.5128,16.6984,76.1022
0.0494548,0.0576767,0.112944,48.1305,15.4161,76.1022
0.0460267,0.0041607,0.113168,58.0951,16.2445,76.1028
0.0553875,0.010532,0.155751,35.7968,15.527,76.1035
0.0539053,0.00155476,0.126931,38.4373,14.2421,76.105
0.0492411,0.0624864,0.163032,48.9795,17.2153,76.1063
0.0498222,0.0565039,0.10899,47.3182,14.8905,76.108
0.0478813,0.0450437,0.135923,52.9363,16.7585,76.1088
0.0510119,0.0564233,0.139415,44.2434,15.3066,76.11
0.0437903,0.04475,0.0890384,66.8511,15.8292,76.1103
0.0491044,0.0299796,0.123446,49.8175,15.317,76.1113
0.0496794,0.00796966,0.140741,47.6631,18.5769,76.1122
0.0450706,0.072072,0.101587,61.6267,16.1194,76.1131
0.0517759,0.0283241,0.156202,42.0473,17.5014,76.1149
0.0473125,0.0444949,0.0975157,54.8025,15.9582,76.1156
0.0474501,0.0986913,0.121662,53.9712,16.0502,76.1163
0.0489289,0.0277333,0.157471,49.187,17.2475,76.1198
0.048629,0.0259463,0.131309,50.4424,17.0304,76.1219
0.052709,0.0558863,0.16577,40.4738,16.0358,76.1243
0.0487821,0.00731401,0.119566,50.0863,16.1291,76.1245
0.0532567,0.0423403,0.144457,39.5451,15.6926,76.1257
0.046755,0.0141461,0.0915743,56.7472,14.3181,76.1305
0.0484646,0.0382732,0.145025,50.9393,17.0461,76.1311
0.0468998,0.0155283,0.129266,55.6333,17.123,76.1318
0.048742,0.0119481,0.111589,50.1982,16.0145,76.1322
0.0475696,0.0185754,0.115978,53.3334,15.6391,76.1358
0.0549647,0.00160702,0.135255,36.1774,14.5493,76.1364
0.0474991,0.0515531,0.115625,53.7197,16.9471,76.1369
0.0477843,0.00502963,0.142725,52.6895,18.8121,76.1381
0.0485803,0.0414022,0.129107,50.0755,17.7007,76.1386
0.0489864,0.0219309,0.14528,49.8476,17.6845,76.139
0.0503981,0.0024185,0.161682,45.4637,18.1083,76.1394
0.0523532,0.0298126,0.14456,41.323,15.392,76.1409
0.0459272,0.024504,0.108497,58.4063,17.9682,76.1413
0.049359,0.012104,0.12355,48.4661,15.9214,76.1418
0.0487028,0.0729554,0.101843,50.1665,14.9343,76.1434
0.0513425,0.0166378,0.147454,43.0692,17.93,76.1444
0.0461337,0.0565613,0.120804,57.2135,17.8213,76.145
0.0446715,0.13088,0.116093,62.3226,16.797,76.1459
0.0522664,0.0611598,0.144522,41.5661,15.488,76.1464
0.0502123,0.0264819,0.121204,46.4095,16.9312,76.147
0.0488264,0.0309158,0.159048,49.9672,18.0847,76.1503
0.0454185,0.0201317,0.109629,60.2464,16.0587,76.1534
0.0467786,0.0367372,0.136652,55.1043,17.3623,76.1547
0.0474948,0.0143579,0.127959,53.8247,16.558,76.1549
0.047477,0.0569203,0.136638,53.7618,16.276,76.1551
0.0470392,0.0838678,0.136402,54.5627,17.4758,76.1559
0.0440165,0.0105513,0.0922594,65.6316,16.8846,76.1568
0.0549232,0.0159523,0.152108,36.1656,15.4498,76.1573
0.0485659,0.0597394,0.12463,50.0085,15.6223,76.1579
0.0493368,0.0333289,0.13685,48.6056,17.5533,76.1581
0.0465952,0.0689023,0.115503,56.7872,16.886,76.1589
0.045107,0.0597073,0.101115,61.8313,16.4091,76.159
0.049264,0.0387107,0.135041,48.1858,16.7569,76.1604
0.0496748,0.0291174,0.133682,47.1783,17.4912,76.1627
0.049047,0.0105332,0.13922,49.3216,16.4458,76.1644
0.0471558,0.10602,0.116945,54.0421,15.1299,76.1649
0.0480375,0.00581994,0.0960148,52.1775,14.8033,76.1662
0.0456112,0.0199504,0.119187,59.8873,17.3477,76.1672
0.0519656,0.0467821,0.119283,42.1974,14.8765,76.1672
0.0459553,0.0218877,0.105859,58.5436,17.1303,76.1727
0.046765,0.0960574,0.135266,55.4987,16.8823,76.1739
0.0496518,0.0314652,0.143289,47.5743,16.8866,76.1784
0.0455904,0.039648,0.122311,59.4833,17.2864,76.1807
0.0481408,0.00763394,0.133934,51.4741,18.9728,76.1822
0.0445803,0.0321765,0.0931008,63.7265,16.7469,76.1837
0.0508588,0.0124701,0.157693,44.6109,17.3096,76.1883
0.049677,0.0853463,0.128569,47.9128,15.3452,76.1887
0.0465381,0.0645722,0.126796,56.8193,16.0034,76.1893
0.0505273,0.080658,0.134089,45.1027,15.488,76.1911
0.0478278,0.0130599,0.128541,52.5809,18.177,76.1914
0.0466806,0.0149521,0.109615,56.3821,15.3928,76.1925
0.0496648,0.0115619,0.153751,47.5074,18.4098,76.1933
0.0473849,0.0843421,0.143897,53.3241,17.359,76.1947
0.0455817,0.114151,0.114961,59.7083,16.5339,76.1952
0.0484529,0.0559527,0.140985,50.6639,17.9664,76.1954
0.0482199,0.0210879,0.146411,51.3387,17.3092,76.1976
0.0488944,0.0136274,0.141924,49.1294,18.6017,76.1978
0.0479103,0.00776868,0.115118,52.4049,15.2466,76.1983
0.0487454,0.00484214,0.107413,50.0979,16.6844,76.2023
0.0559903,0.00964376,0.160062,34.5897,15.2266,76.2041
0.0510687,0.0183239,0.1405,44.9671,15.5043,76.2073
0.0508112,0.0137478,0.0986178,45.1452,14.1441,76.2074
0.0505698,0.0154434,0.152082,45.4251,17.8922,76.2077
0.0472433,0.0223974,0.113245,54.3669,17.4701,76.2087
0.0518151,0.0663491,0.138028,42.2423,15.0731,76.2087
0.0456767,0.0155625,0.107216,59.6205,17.9432,76.2093
0.051488,0.00980132,0.153281,43.2153,16.1262,76.2109
0.0496283,0.0895951,0.149927,47.7012,16.8634,76.2114
0.0506093,0.00904158,0.141551,45.7498,17.8596,76.2134
0.0477423,0.0511165,0.141694,52.8115,17.2896,76.2144
0.0462246,0.0501682,0.109026,57.3055,15.2127,76.2164
0.0455932,0.043957,0.11108,59.1528,17.8211,76.2183
0.0466489,0.00577777,0.110125,56.9792,15.697,76.2186
0.0471111,0.0892051,0.122563,54.7225,16.9177,76.2191
0.0482724,0.0856533,0.121535,51.4479,15.8283,76.2201
0.0470261,0.0203273,0.0940013,55.3434,14.9465,76.2221
0.0484607,0.00749503,0.151439,50.7757,18.6488,76.2231
0.0443258,0.0035268,0.101026,64.2107,16.8016,76.2239
0.0485041,0.0573074,0.141078,50.9855,17.3493,76.2243
0.0455961,0.103659,0.102517,59.9644,15.9356,76.2248
0.0467444,0.0822104,0.135379,55.9423,17.8317,76.2251
0.0450323,0.0257677,0.113715,61.8794,17.7856,76.2279
0.0463921,0.0972672,0.141512,56.882,17.3094,76.2289
0.0532484,0.0506955,0.147321,39.7969,15.2781,76.23
0.0508479,0.0238502,0.159251,44.5851,17.0799,76.2319
0.0471506,0.126852,0.116629,54.1929,15.6385,76.2344
0.0495866,0.00927087,0.156432,47.7762,18.4851,76.2354
0.0477558,0.0820563,0.155192,52.4091,17.366,76.2404
0.0501386,0.0264281,0.134995,46.6092,17.3664,76.2415
0.0453911,0.0901124,0.100019,60.7681,15.4532,76.2419
0.0510261,0.00439295,0.148026,44.2368,17.2696,76.2423
0.0500451,0.0506286,0.143044,46.2668,17.216,76.2429
0.0549365,0.00408015,0.160523,36.0233,15.2609,76.2439
0.0453065,0.0518734,0.109982,60.3088,17.8844,76.2446
0.0474817,0.0305713,0.131857,53.1393,16.6442,76.2452
0.0493054,0.00654379,0.135632,48.6395,18.2289,76.2494
0.0435089,0.0712427,0.0874845,67.2742,15.4251,76.2519
0.0489904,0.0277527,0.135921,49.535,17.2341,76.2533
0.0468498,0.0600705,0.116582,55.1891,15.477,76.2535
0.0474243,0.0909644,0.140353,53.787,16.0523,76.2552
0.048085,0.0605478,0.151289,51.7873,17.3404,76.2576
0.0522273,0.0266945,0.160499,41.1957,17.8249,76.2581
0.0496111,0.0333487,0.16078,47.4567,17.0692,76.2613
0.0465492,0.0421508,0.10576,56.9096,15.543,76.2637
0.0520365,0.0175208,0.118432,42.3998,15.3606,76.2645
0.0488114,0.0433439,0.159607,49.7819,18.0317,76.2645
0.0466296,0.0405151,0.0960631,56.4583,15.6418,76.2659
0.0497225,0.0311572,0.154301,47.5673,17.3719,76.267
0.0477451,0.0350335,0.140296,52.7883,18.6465,76.2675
0.0544056,0.00890178,0.158793,37.8618,15.8332,76.2686
0.0480104,0.0676101,0.0969589,52.1354,14.1207,76.2695
0.0475476,0.0382085,0.126832,53.8651,17.9404,76.2715
0.0513208,0.0596056,0.153103,43.1266,16.9779,76.272
0.0452744,0.0642546,0.112725,60.9871,17.5881,76.2743
0.0501131,0.0332349,0.135761,46.2595,17.8704,76.2744
0.0489391,0.0546965,0.126111,49.5334,15.8087,76.2745
0.0465079,0.109284,0.113517,56.2233,15.7301,76.2757
0.0476902,0.0210925,0.0990082,53.6304,14.6909,76.2788
0.0492296,0.0907647,0.145948,48.2402,16.5211,76.2792
0.0484602,0.00667797,0.150481,50.1488,18.7695,76.2823
0.0496577,0.0469972,0.147516,47.6551,17.3817,76.2834
0.0468322,0.0898662,0.116545,55.9262,15.4831,76.2861
0.0497316,0.0741035,0.12052,47.1751,15.0133,76.2872
0.0509179,0.00994395,0.145479,44.1701,16.1519,76.2875
0.044399,0.086957,0.112162,63.835,16.0629,76.2883
0.0441689,0.0999284,0.102668,64.3371,16.4365,76.2885
0.0482562,0.0312105,0.136401,51.1962,17.6491,76.2889
0.0513296,0.046748,0.156545,43.588,16.2314,76.2918
0.0492614,0.00331057,0.101527,49.6477,14.9929,76.2921
0.0508523,0.0248822,0.156494,44.1268,17.799,76.2931
0.048608,0.0168342,0.121454,50.1157,15.6038,76.2936
0.0484171,0.0192485,0.115734,51.7621,15.4964,76.2967
0.0510344,0.0210368,0.151248,44.1165,16.7348,76.2993
0.0532425,0.037972,0.155325,39.9352,16.1298,76.3025
0.0474644,0.0144677,0.130564,53.2241,18.5708,76.3044
0.0479024,0.0894533,0.109104,52.1004,15.5085,76.3045
0.049683,0.0486799,0.138866,47.5756,17.2003,76.3068
0.0514505,0.00378264,0.139439,43.3103,15.2917,76.3082
0.0494883,0.0172936,0.129307,48.1967,16.2042,76.3096
0.0505618,0.020045,0.142734,45.7172,17.6958,76.3116
0.0481223,0.100107,0.141038,51.096,16.7712,76.3126
0.050665,0.00396282,0.141572,45.5334,15.0963,76.3154
0.0491972,0.0406054,0.161474,48.6564,18.2997,76.3164
0.0492459,0.0825099,0.149807,48.3043,16.7139,76.3167
0.0529096,0.0253103,0.144242,40.9689,15.1285,76.3179
0.0534533,0.00360635,0.136355,39.143,14.0944,76.3196
0.0468102,0.110286,0.12501,55.6902,16.57,76.3213
0.0477134,0.0838491,0.153929,52.2484,17.7791,76.3215
0.0461636,0.00691245,0.120676,57.6906,18.881,76.3221
0.0517863,0.0306987,0.158968,42.3503,16.9012,76.325
0.049249,0.0373314,0.136717,48.3384,17.3787,76.3252
0.0482522,0.0339522,0.129625,51.4655,17.5511,76.3282
0.0548605,0.020641,0.147143,36.6039,15.7255,76.3286
0.049674,0.0624145,0.130762,47.0177,16.1828,76.3286
0.048745,0.0451871,0.105274,50.3245,15.8546,76.3306
0.0455884,0.0323435,0.113368,59.3283,16.6325,76.3332
0.0534584,0.0105859,0.134411,39.7164,15.3274,76.3334
