beta,permeability,xi,init_days,delay,value
0.0410345,0.00441222,0.166507,18.9415,4.11651,19.6463
0.0430419,0.0010536,0.165789,14.2074,3.36287,19.6821
0.0410136,0.00217811,0.163792,18.9154,4.14766,19.6972
0.0414842,0.00294206,0.163887,17.452,4.01378,19.7008
0.0410277,0.00196676,0.163087,18.0377,4.95406,19.7028
0.0410133,0.0010398,0.162892,18.4041,4.65086,19.7175
0.0424945,0.00409961,0.166169,15.6389,3.02814,19.727
0.041481,0.00813156,0.165276,17.2831,4.922,19.7299
0.0414724,0.00987781,0.1657,17.8155,4.25296,19.7386
0.0425636,0.00537349,0.165557,15.7386,3.88335,19.7478
0.0409787,0.00712634,0.165059,18.106,4.08066,19.7584
0.0406279,0.00190559,0.165755,19.1496,4.22654,19.7598
0.0406283,0.00439462,0.16604,19.3655,4.0793,19.7648
0.0410692,0.0047718,0.164291,18.4618,4.13608,19.7653
0.0414463,0.00565702,0.163575,17.6712,4.18782,19.7661
0.0419214,0.00795879,0.16635,16.1431,4.33494,19.7694
0.0431061,0.00349221,0.164676,14.086,3.78244,19.7696
0.0425115,0.0117288,0.165679,15.7748,3.7221,19.7773
0.0414563,0.00191017,0.161581,17.2929,4.56225,19.7786
0.0409758,0.00568189,0.164325,18.0333,4.27372,19.7794
0.0419141,0.00504341,0.164719,16.3749,4.6755,19.7834
0.0419198,0.00836703,0.166055,16.1567,4.73924,19.7841
0.0430729,0.00197813,0.162049,14.7857,3.62418,19.7841
0.0419312,0.00324136,0.163702,16.6909,4.22854,19.7851
0.0409842,0.0110961,0.162901,18.0983,4.02198,19.7929
0.041496,0.0027657,0.161728,17.6528,4.94579,19.7948
0.0414186,0.00489668,0.164466,17.4984,4.62718,19.7949
0.0411354,0.00257188,0.166389,18.7098,4.72751,19.8054
0.0405473,0.0070955,0.166172,19.8837,4.53381,19.806
0.0430102,0.00418215,0.163446,14.4469,3.92207,19.8064
0.0431171,0.00517165,0.166097,14.4146,3.48223,19.8075
0.0414245,0.0114743,0.164525,17.007,4.92391,19.8103
0.0410933,0.00199557,0.163125,18.769,4.90174,19.8143
0.0410647,0.00287105,0.161507,18.9173,4.36652,19.8156
0.0426095,0.00127935,0.163482,15.0836,3.40172,19.8177
0.0409875,0.0155202,0.163415,18.4158,4.67535,19.8182
0.0414397,0.00257645,0.160645,17.3006,4.50225,19.8286
0.0415091,0.0116817,0.166246,17.2849,4.9644,19.8297
0.0435956,0.00190648,0.164459,13.2419,3.38098,19.8316
0.0406307,0.00487265,0.164133,19.6371,4.35644,19.8318
0.0419071,0.0107765,0.165402,16.0686,4.16316,19.8366
0.0414106,0.0158397,0.165247,17.9497,4.45152,19.8422
0.0406409,0.0070395,0.165261,19.3831,4.87207,19.8429
0.040583,0.00220779,0.161784,19.9005,4.87905,19.8435
0.0409764,0.0185148,0.163838,18.4542,4.66285,19.8436
0.0420741,0.00167058,0.164949,16.3455,3.1722,19.8451
0.0420179,0.00242514,0.16222,16.1348,3.22744,19.8451
0.0413853,0.0114085,0.165299,17.6561,4.81838,19.8467
0.0429585,0.00420534,0.164063,14.1331,3.5402,19.848
0.0405193,0.0126579,0.165252,19.6702,4.42609,19.8485
0.0410342,0.00804396,0.161457,18.2476,4.70559,19.8498
0.0405298,0.00259402,0.164381,19.1911,4.76529,19.8501
0.0410972,0.00591703,0.16451,18.9629,4.55916,19.8519
0.0420543,0.00299022,0.164354,16.8648,3.8645,19.8527
0.0414163,0.00117498,0.16145,17.8743,4.84966,19.8529
0.0420078,0.00162535,0.166454,16.7778,3.90467,19.8565
0.0425817,0.00349365,0.16011,15.057,3.1426,19.8582
0.0435287,0.00670357,0.16636,13.599,3.05317,19.8586
0.0420393,0.00476089,0.165323,16.8107,3.74687,19.8606
0.0410691,0.00599673,0.162153,18.0626,4.71036,19.862
0.04054,0.0111332,0.162284,19.336,4.46,19.8632
0.0424477,0.0160609,0.166212,15.2158,3.66929,19.8658
0.0414932,0.00178389,0.159599,17.3695,4.40579,19.8667
0.0419004,0.00313588,0.162199,16.9814,4.28182,19.8677
0.042447,0.0118207,0.164393,15.167,3.72512,19.8678
0.0425696,0.00766464,0.162313,15.3208,3.54601,19.8681
0.0419914,0.00115252,0.163884,16.4958,3.27203,19.8713
0.0436606,0.00257405,0.16609,13.7849,3.0202,19.8713
0.0405623,0.00943632,0.161634,19.8918,4.40776,19.8721
0.0425127,0.0175467,0.16516,15.9826,3.43505,19.8725
0.0420123,0.00373932,0.164712,16.628,4.34063,19.8727
0.0436236,0.00437509,0.165746,13.8813,3.05274,19.8731
0.0405994,0.00903625,0.162893,19.4819,4.29594,19.875
0.0413786,0.0166499,0.165394,17.671,4.00083,19.8767
0.0420014,0.00840171,0.16599,16.1781,3.37167,19.8771
0.0409714,0.00336825,0.160065,18.5495,4.23823,19.878
0.0424518,0.0151159,0.164905,15.9124,3.97507,19.8786
0.0424603,0.0135934,0.163628,15.6903,3.29136,19.8798
0.0426026,0.00601524,0.165059,15.1544,3.11041,19.8805
0.0409632,0.0268282,0.166386,18.0663,4.19322,19.8811
0.0424934,0.00220027,0.166475,15.3256,4.2035,19.8813
0.0429933,0.00542865,0.161483,14.9292,3.36704,19.8814
0.0409793,0.015946,0.161834,18.2437,4.42225,19.8817
0.0414112,0.0103892,0.161893,17.4802,4.14549,19.8817
0.0415155,0.00537543,0.162102,17.6366,4.30899,19.8818
0.0409832,0.00782258,0.15917,18.8628,4.63883,19.8823
0.0424499,0.00757233,0.161735,15.3101,3.14706,19.8828
0.0405792,0.00303743,0.159789,19.6708,4.14355,19.8835
0.0410118,0.00385699,0.15781,18.371,4.85228,19.8855
0.0435802,0.00172385,0.162303,13.8123,3.60072,19.8871
0.0435749,0.00781594,0.166112,13.8339,3.08247,19.8874
0.0405244,0.0114637,0.1609,19.3755,4.59542,19.892
0.0409283,0.0103201,0.163929,18.5049,4.16834,19.8936
0.0415195,0.00651619,0.162608,17.9936,4.60708,19.8965
0.0410305,0.00964339,0.16089,18.9005,4.09525,19.8977
0.0405302,0.0121018,0.160219,19.2441,4.21158,19.8979
0.0424981,0.00190514,0.155823,15.2687,3.1541,19.8983
0.0409375,0.0145486,0.163003,18.4851,4.32129,19.8991
0.0413891,0.0215871,0.165877,17.8885,4.84342,19.9001
0.0429151,0.00329055,0.164374,14.9879,3.67502,19.9005
0.04315,0.00331547,0.164882,14.1454,3.62417,19.9021
0.040515,0.00296617,0.162483,19.2007,4.69008,19.9022
0.0405312,0.00859069,0.159542,19.911,4.59752,19.9024
0.0409098,0.0103288,0.165532,18.4346,4.51899,19.9025
0.0424763,0.0197711,0.164842,15.9526,3.05623,19.9053
0.0419609,0.00469988,0.159333,16.3177,3.28109,19.9054
0.0406144,0.00294763,0.160164,19.848,4.06579,19.9057
0.0419607,0.00491326,0.161526,16.6805,3.37669,19.9059
0.0414247,0.00114338,0.157969,17.139,4.648,19.906
0.0420125,0.0114978,0.164582,16.7345,3.61746,19.9069
0.0415551,0.00298474,0.162565,17.9386,4.73677,19.9074
0.0404823,0.00451426,0.166449,19.3093,4.44147,19.9089
0.042439,0.0199252,0.166184,15.3641,3.73726,19.9115
0.0420702,0.0012228,0.156168,16.0431,3.65751,19.9121
0.04138,0.0233103,0.166291,17.9602,4.03518,19.9134
0.0420525,0.00481853,0.15752,16.219,3.72199,19.9137
0.0430511,0.00580888,0.160233,14.5355,3.85121,19.9142
0.042084,0.00692139,0.164129,16.4986,3.55585,19.9174
0.0424559,0.00956701,0.160513,15.8752,3.26887,19.9181
0.0425562,0.00331961,0.156179,15.6073,3.13992,19.9187
0.0415174,0.0107517,0.16429,17.9601,4.51733,19.9194
0.0408957,0.0107321,0.16589,18.9321,4.48436,19.9235
0.0419778,0.0146133,0.166249,16.5404,3.2797,19.9247
0.0419557,0.0100153,0.162739,16.5169,3.07875,19.9251
0.0424107,0.0133394,0.164597,15.8141,3.292,19.9252
0.0429655,0.0161737,0.166197,14.8415,3.52709,19.9256
0.0409373,0.0226957,0.16299,18.2602,4.89769,19.9266
0.0401359,0.00929853,0.165537,20.6969,4.86599,19.9284
0.0424449,0.0119726,0.161645,15.4601,3.61204,19.9293
0.0419544,0.0021612,0.166,16.8914,3.75348,19.9297
0.0419503,0.0103244,0.162575,16.8973,3.05523,19.9303
0.0419941,0.0126332,0.157948,16.6086,3.57191,19.9323
0.0418578,0.00852386,0.164453,16.8089,4.4951,19.9349
0.0419972,0.0112865,0.156557,16.0323,3.67094,19.9351
0.041362,0.0187798,0.164798,17.6856,4.98444,19.9353
0.0420019,0.00430696,0.153266,16.5258,3.47308,19.9353
0.0413678,0.00360118,0.16344,17.7977,4.57707,19.9366
0.0409637,0.0223028,0.162949,18.9791,4.43422,19.9377
0.0426185,0.00732819,0.166354,15.937,3.54985,19.9382
0.0416045,0.00430001,0.165518,17.3999,4.03434,19.939
0.0401477,0.00803459,0.164169,20.8228,4.49787,19.9392
0.0413745,0.0250827,0.166091,17.6554,4.47156,19.9402
0.04109,0.0108076,0.164581,18.2726,4.66869,19.9403
0.042933,0.0118919,0.16401,14.961,3.49236,19.9436
0.0435584,0.00569992,0.162846,13.6219,3.8463,19.944
0.0419315,0.00324674,0.163002,16.7388,3.75964,19.9451
0.0424931,0.0131449,0.159584,15.2424,3.33031,19.9463
0.0409693,0.0144655,0.159452,18.8573,4.94876,19.9466
0.0413596,0.0220791,0.165313,17.1871,4.42885,19.9478
0.0426459,0.00239325,0.164277,15.1044,3.11108,19.9481
0.0429671,0.00929385,0.161425,14.7316,3.17468,19.9484
0.0409533,0.00567137,0.158587,18.0133,4.1666,19.9488
0.0401726,0.00234322,0.163447,20.8626,4.5056,19.9502
0.0404739,0.0231368,0.163797,19.9183,4.59542,19.9505
0.0434788,0.00873427,0.165927,13.8113,3.71494,19.9519
0.0401356,0.0158431,0.165163,20.7796,4.38794,19.9531
0.0404503,0.0215959,0.166497,19.5764,4.53901,19.9537
0.0431116,0.0111003,0.166339,14.0953,3.73032,19.9553
0.042636,0.00392535,0.164264,15.9455,3.42066,19.9557
0.0420283,0.0114257,0.158926,16.7708,3.58109,19.956
0.0426455,0.00394287,0.165509,15.9904,3.82781,19.9575
0.0436407,0.00447992,0.164443,13.5337,3.66666,19.9584
0.0423937,0.00122187,0.165714,15.4029,3.0067,19.9588
0.0429088,0.00401508,0.161598,14.7254,3.67943,19.9595
0.0419579,0.0184543,0.166014,16.1683,3.89734,19.9597
0.0419564,0.00372131,0.155678,16.5633,3.2406,19.9597
0.0415309,0.00950386,0.163595,17.3176,4.86904,19.9598
0.0420062,0.0170688,0.16393,16.91,3.6131,19.9614
0.0405883,0.0167288,0.163405,19.7045,4.07893,19.9615
0.0406413,0.00620506,0.161689,19.4502,4.86618,19.9616
0.0400862,0.00720688,0.165728,20.6397,4.3504,19.9618
0.0409968,0.00366906,0.155652,18.9653,4.55955,19.9634
0.0408777,0.0208349,0.165917,18.6249,4.51969,19.9637
0.0413699,0.00159667,0.161835,17.3773,4.92891,19.9638
0.0409106,0.00409861,0.162364,18.5523,4.454,19.9638
0.0405952,0.0112875,0.161068,19.6209,4.15077,19.9666
0.0429389,0.00522851,0.159875,14.7109,3.5126,19.9678
0.0424028,0.0068647,0.160437,15.024,3.42058,19.969
0.0404651,0.0230079,0.163801,19.6462,4.84686,19.9706
0.0435011,0.00733043,0.163832,13.573,3.25727,19.9714
0.0419146,0.00723138,0.161804,16.5259,3.9991,19.9714
0.0434657,0.00809093,0.165401,13.4765,3.06205,19.9725
0.0404659,0.0116237,0.16405,19.3262,4.66076,19.9728
0.0424122,0.0123512,0.161571,15.2515,3.09231,19.973
0.0401656,0.00991153,0.16324,20.8143,4.20849,19.973
0.0435217,0.00246378,0.161136,13.8425,3.2923,19.9735
0.0429155,0.0164855,0.165687,14.0685,3.84303,19.974
0.0429123,0.0070736,0.161584,14.9276,3.77438,19.9746
0.0405122,0.0019768,0.159004,19.3318,4.20015,19.9749
0.0401903,0.00544218,0.16549,20.8702,4.31483,19.9751
0.0418879,0.0202148,0.165792,16.4968,4.09144,19.9756
0.0409759,0.0277414,0.165228,18.4654,4.05272,19.9758
0.0420875,0.0108398,0.165659,16.5679,3.51723,19.9764
0.0423919,0.0059843,0.162354,15.2238,3.73572,19.9768
0.0429467,0.00459422,0.158951,14.1706,3.77874,19.9768
0.040453,0.0090765,0.165193,19.547,4.95156,19.977
0.0419776,0.0200992,0.162902,16.0538,3.81552,19.9773
0.042023,0.0108765,0.155872,16.7475,3.71808,19.9781
0.0400825,0.00521191,0.164698,20.1869,4.20453,19.9783
0.0431647,0.00311642,0.163871,14.4128,3.22955,19.9785
0.0424953,0.02188,0.16347,15.365,3.54747,19.9786
0.0419965,0.0126123,0.155099,16.0145,3.70018,19.9795
0.0408847,0.0256078,0.164836,18.5638,4.29167,19.9795
0.0405335,0.0226172,0.161725,19.2901,4.71569,19.981
0.0406666,0.0125446,0.165649,19.5856,4.52825,19.9813
0.0409141,0.0041638,0.161086,18.957,4.83114,19.9819
0.0420504,0.00153576,0.163575,16.3465,4.40609,19.9822
0.040512,0.0257397,0.161495,19.5342,4.29899,19.9827
0.042527,0.0212551,0.166131,15.6924,3.44177,19.9834
0.041419,0.0075969,0.157117,17.3231,4.91864,19.9835
0.0424159,0.0063542,0.158299,15.9675,3.22762,19.984
0.0409075,0.0234396,0.162459,18.5284,4.02391,19.9841
0.0421232,0.00504752,0.164011,16.3087,3.48559,19.9843
0.0416038,0.00182061,0.163018,17.4755,4.41065,19.9844
0.0425084,0.00382465,0.165766,15.7576,4.18811,19.9848
0.0409033,0.027363,0.16375,18.8526,4.62887,19.9848
0.042052,0.0142961,0.163809,16.28,3.94084,19.9849
0.0409032,0.0263706,0.163462,18.4696,4.18356,19.9852
0.0419509,0.00706466,0.155544,16.3523,3.45173,19.9853
0.0420616,0.00464066,0.155104,16.0937,3.75608,19.9854
0.0408862,0.0215391,0.164075,18.7919,4.74681,19.986
0.0419101,0.0102205,0.164843,16.7913,3.36882,19.986
0.0414041,0.0220827,0.163393,17.43,4.65258,19.9864
0.0419337,0.0162462,0.165625,16.2398,4.84466,19.987
0.0424227,0.0130555,0.160629,15.9744,3.00152,19.9872
0.0429255,0.0177175,0.165536,14.1932,3.83874,19.9873
0.0401291,0.0229802,0.165152,20.2744,4.07177,19.9878
0.0404591,0.00325861,0.165563,19.1334,4.02739,19.9879
0.0425404,0.0135205,0.160049,15.4687,3.06205,19.9881
0.0424031,0.0146392,0.162264,15.0218,3.49273,19.9894
0.0404514,0.0135064,0.164798,19.5059,4.97768,19.9894
0.0425707,0.0110604,0.161034,15.9516,3.68967,19.9903
0.0436579,0.00586385,0.165396,13.5166,3.97936,19.9904
0.0420272,0.00482486,0.15159,16.9319,3.60283,19.9906
0.0404497,0.0193892,0.164735,19.738,4.70584,19.9923
0.0430056,0.0172021,0.163977,14.7456,3.26358,19.9939
0.0429779,0.0163128,0.16338,14.3124,3.08177,19.9951
0.0406065,0.00287732,0.156996,19.9617,4.55168,19.9961
0.0410444,0.00133787,0.155807,18.1587,4.73759,19.9965
0.042465,0.0126781,0.158019,15.3519,3.6592,19.9968
0.0431555,0.00382784,0.163004,14.6665,3.03042,19.9974
0.0423566,0.00271261,0.165551,15.812,4.47567,19.9979
0.0419354,0.00522853,0.156313,16.7969,3.43278,19.9982
0.0405111,0.0193203,0.158617,19.8744,4.56858,19.9985
0.0413696,0.0201839,0.162136,17.5877,4.95142,19.9994
0.041003,0.018198,0.161362,18.0518,4.94627,20.0002
0.0419023,0.0194909,0.166072,16.6204,3.56292,20.0011
0.0401665,0.00548742,0.160541,20.9946,4.28467,20.0011
0.0423525,0.00138204,0.165286,15.209,4.78423,20.0022
0.0424777,0.0193318,0.161095,15.3028,3.39116,20.0023
0.040114,0.00742972,0.161645,20.6267,4.37751,20.0023
0.0406254,0.0200695,0.166437,19.3251,4.71655,20.0029
0.041457,0.00175184,0.155264,17.098,4.92969,20.0034
0.0414189,0.00141265,0.154478,17.1887,4.13502,20.0039
0.0424295,0.00725676,0.164452,15.1078,4.15713,20.0041
0.0436338,0.00383703,0.162601,13.6031,3.58905,20.0047
0.0400693,0.0203832,0.164996,20.4543,4.23824,20.0048
0.0419331,0.015541,0.164786,16.6927,4.60144,20.0049
0.0423807,0.00195835,0.163982,15.0993,3.87463,20.005
0.0420125,0.00189306,0.160887,16.9579,4.69687,20.0051
0.0404479,0.0140312,0.164367,19.8816,4.60438,20.0059
0.0409767,0.0297225,0.165585,18.3619,4.02628,20.0088
0.0416391,0.00120861,0.16409,17.824,3.40449,20.0094
0.0430442,0.00664948,0.157944,14.1028,3.09466,20.0098
0.0400778,0.0165323,0.163768,20.197,4.16254,20.0111
0.0409273,0.00763579,0.157994,18.0404,4.55637,20.013
0.0418963,0.0177747,0.164084,16.492,4.13965,20.0131
0.0413639,0.0260192,0.163939,17.032,4.83709,20.014
0.0410619,0.0183975,0.165071,18.0742,4.06342,20.0152
0.0429388,0.0129762,0.16122,14.373,3.93492,20.0152
0.0423728,0.0104874,0.162987,15.7997,3.76227,20.0155
0.0419968,0.0150951,0.155244,16.7979,3.06035,20.0172
0.0401559,0.019061,0.164564,20.6934,4.32744,20.0178
0.0401053,0.00655749,0.160937,20.9827,4.97686,20.0187
0.042939,0.00367031,0.157631,14.6505,3.23937,20.019
0.044084,0.00588107,0.166487,12.9953,3.86526,20.019
0.0401108,0.0215512,0.163132,20.5991,4.2183,20.019
0.042141,0.002244,0.162553,16.7878,3.49485,20.0193
0.0404441,0.02399,0.163797,19.4071,4.37986,20.0196
0.0400568,0.00726488,0.165696,20.7479,4.09769,20.0209
0.0416137,0.00667824,0.165404,17.48,3.36898,20.0229
0.0404924,0.00624233,0.158814,19.9313,4.1953,20.0234
0.0409608,0.0108883,0.156128,18.9856,4.0216,20.0239
0.041991,0.0194495,0.158327,16.126,3.8762,20.0239
0.0425662,0.00171359,0.153329,15.5168,3.46334,20.024
0.0405701,0.016357,0.160141,19.4234,4.09321,20.0241
0.0429658,0.0141411,0.161063,14.7469,3.91817,20.0245
0.0409281,0.0318105,0.164308,18.3771,4.62785,20.025
0.0400775,0.0313132,0.165254,20.0513,4.9717,20.0252
0.0414995,0.00514452,0.157904,17.1837,4.71243,20.0254
0.0419361,0.00617666,0.154646,16.0592,3.70983,20.0256
0.0425466,0.0203533,0.166411,15.9431,3.35138,20.0257
0.0405025,0.0213681,0.1585,19.7299,4.40476,20.0272
0.0420809,0.00465001,0.166502,16.438,4.93905,20.0282
0.04106,0.0212685,0.166451,18.8892,4.47185,20.0284
0.043136,0.0102136,0.165804,14.7841,3.82903,20.0296
0.0415396,0.00187567,0.150553,17.4932,3.46584,20.0301
0.0419544,0.026356,0.164486,16.8141,3.9855,20.0301
0.0415786,0.00145219,0.162181,17.9876,3.67185,20.0303
0.0406777,0.00214758,0.159958,19.6135,4.20771,20.0306
0.0406251,0.00135057,0.156592,19.2117,4.88478,20.0307
0.0414718,0.0186825,0.163521,17.8266,4.3237,20.0312
0.0424074,0.0181778,0.161514,15.9565,3.73682,20.0314
0.0400528,0.0221976,0.163857,20.1348,4.04596,20.0331
0.0408577,0.022868,0.165411,18.8604,4.82311,20.0346
0.0418793,0.0178968,0.165023,16.5093,3.47507,20.0347
0.0429386,0.0155283,0.161729,14.6914,3.08578,20.0348
0.0407064,0.0065359,0.163793,19.1127,4.71087,20.0349
0.0419288,0.0122298,0.156489,16.7798,3.51282,20.0354
0.0440289,0.00526329,0.166455,12.4665,3.21162,20.0358
0.0400584,0.00422598,0.166167,20.5224,4.25792,20.0364
0.0407287,0.00403071,0.164895,19.2556,4.01608,20.0369
0.040513,0.0139079,0.155993,19.5703,4.98784,20.0378
0.0415131,0.00207817,0.16512,17.9171,3.2527,20.0379
0.0428757,0.0139408,0.1637,14.5369,3.85593,20.038
0.0430747,0.00379587,0.156797,14.3652,3.11093,20.0383
0.0423524,0.0178468,0.166195,15.0627,3.32819,20.039
0.0404567,0.0102804,0.161816,19.7212,4.99687,20.0403
0.0415618,0.0028178,0.162305,17.2399,3.00094,20.0408
0.0404437,0.0215002,0.162903,19.3117,4.67625,20.0409
0.0423434,0.00138087,0.164605,15.2267,4.76095,20.041
0.0434578,0.0130766,0.165454,13.3219,3.98549,20.0417
0.0424205,0.0227837,0.162595,15.0762,3.30802,20.0426
0.0407073,0.00730737,0.164254,19.3034,4.79701,20.043
0.0423446,0.00464713,0.165384,15.8655,4.0969,20.0434
0.0419548,0.0279802,0.164726,16.6204,3.91956,20.0438
0.041011,0.0060247,0.154916,18.0327,4.19591,20.0439
0.0424565,0.0257169,0.163357,15.7196,3.18007,20.044
0.0425692,0.012948,0.160708,15.706,3.02063,20.0442
0.0406101,0.00987987,0.15921,19.2084,4.38378,20.0447
0.0418704,0.018967,0.163659,16.7146,4.05661,20.0453
0.0420249,0.0184763,0.161634,16.6281,3.07386,20.0453
0.0415734,0.00519311,0.162929,17.8335,3.63256,20.0454
0.0413518,0.0114196,0.160246,17.4729,4.49684,20.0455
0.040197,0.0116327,0.164634,20.2342,4.04975,20.0456
0.0430944,0.0105376,0.161991,14.3463,3.61103,20.0462
0.0413146,0.0137386,0.16524,17.5891,4.63872,20.0466
0.0434304,0.00940096,0.164465,13.7456,3.25554,20.0468
0.0428646,0.014543,0.164499,14.5247,3.04224,20.0473
0.0409126,0.00411709,0.157782,18.3289,4.02571,20.0475
0.0425154,0.00151556,0.163688,15.9939,4.2918,20.0483
0.0429427,0.00227934,0.156027,14.8439,3.40428,20.0483
0.0424541,0.00481265,0.152681,15.9486,3.64749,20.0495
0.0415059,0.00644058,0.156184,17.85,3.91034,20.0502
0.0420402,0.00219626,0.149521,16.6499,3.75062,20.0521
0.0410036,0.00419569,0.153938,18.0025,4.08011,20.0521
0.0415675,0.00705779,0.160158,17.4907,3.80823,20.0522
0.0407159,0.00765022,0.165455,19.3789,4.50275,20.0524
0.041905,0.0234536,0.1615,16.7788,3.65018,20.0525
0.0435354,0.00309272,0.159022,13.4276,3.37439,20.0527
0.0409925,0.00883086,0.15532,18.5236,4.057,20.0531
0.0401435,0.0208208,0.162909,20.886,4.09845,20.0542
0.0419848,0.0120248,0.164042,16.9788,4.91822,20.0547
0.0400269,0.0304351,0.165414,20.9454,4.46537,20.0561
0.0409843,0.00410917,0.153372,18.2467,4.66255,20.0561
0.0430008,0.0232104,0.165884,14.2202,3.85919,20.0562
0.0418301,0.00664827,0.162646,16.2411,4.97902,20.0564
0.0414917,0.00361762,0.158497,17.1957,3.45972,20.0564
0.0430715,0.0152089,0.163473,14.8732,3.16877,20.0565
0.0404636,0.0297329,0.160408,19.7166,4.02236,20.057
0.0413661,0.0260706,0.162563,17.9868,4.65987,20.057
0.0419496,0.00364978,0.151316,16.4417,3.69796,20.0572
0.0430702,0.00361499,0.156089,14.8904,3.26574,20.0572
0.0414831,0.00258446,0.153417,17.6451,3.61998,20.0572
0.0420691,0.00233717,0.151382,16.6888,3.47033,20.0575
0.0404479,0.00387068,0.162071,19.98,4.17485,20.0575
0.0415327,0.00797917,0.156415,17.6382,3.19547,20.0576
0.0423834,0.00176942,0.155811,15.3054,3.61534,20.0581
0.0401142,0.00853508,0.158436,20.5218,4.83062,20.0583
0.0413594,0.0173106,0.159897,17.0113,4.25695,20.0585
0.0400665,0.0358967,0.165024,20.1111,4.95574,20.0593
0.0401856,0.0160801,0.165063,20.1026,4.91143,20.0598
0.0439839,0.00422517,0.166365,12.5016,3.10057,20.0598
0.0415527,0.00734029,0.162018,17.3088,3.06859,20.0599
0.042425,0.0312965,0.16636,15.628,3.91861,20.06
0.0401255,0.014619,0.159615,20.5529,4.8688,20.0602
0.0420122,0.0197825,0.160339,16.5198,3.50849,20.0609
0.040685,0.012445,0.164853,19.507,4.11691,20.0611
0.0415358,0.0066737,0.165086,17.6871,3.94924,20.0614
0.042928,0.00677632,0.157724,14.8878,3.89898,20.0619
0.0405291,0.015694,0.156355,19.2683,4.60427,20.0619
0.0408528,0.0121676,0.166369,18.169,4.83713,20.0622
0.0436189,0.00730567,0.162887,13.1049,3.31841,20.0624
0.0400576,0.0376013,0.165172,20.973,4.0493,20.0629
0.04312,0.00169658,0.157317,14.8302,3.77808,20.0631
0.0415706,0.0101742,0.16585,17.2743,3.37333,20.0631
0.0440612,0.00622195,0.165458,12.0541,3.41993,20.0633
0.0415773,0.0115997,0.165742,17.6773,3.37467,20.0634
0.0420432,0.0159449,0.160944,16.0705,3.34844,20.0638
0.0434218,0.00429212,0.162357,13.218,3.18349,20.0638
0.042971,0.0132043,0.159084,14.0381,3.82939,20.0638
0.042405,0.0118726,0.165116,15.0261,4.01279,20.064
0.0426544,0.00652587,0.165297,15.52,3.37516,20.0641
0.0408855,0.0140707,0.160042,18.7617,4.25342,20.0643
0.0400383,0.0209259,0.163772,20.5746,4.92239,20.0647
0.0435504,0.01462,0.164899,13.0399,3.66071,20.0649
0.0407231,0.00806336,0.166332,19.139,4.52173,20.0655
0.0401394,0.00433342,0.157335,20.7928,4.35164,20.0655
0.0400323,0.0276218,0.163964,20.952,4.70216,20.0665
0.0420136,0.00934281,0.151663,16.9269,3.80348,20.067
0.0415518,0.00904017,0.164268,17.2695,3.5656,20.0672
0.0400808,0.00743547,0.158579,20.1928,4.62927,20.0681
0.0415292,0.00817832,0.163267,17.47,3.78932,20.0682
0.0424385,0.0262078,0.163029,15.9842,3.82443,20.0683
0.0423756,0.00345907,0.156516,15.1546,3.40518,20.0691
0.0434996,0.0134099,0.163704,13.2947,3.11227,20.0712
0.0415066,0.00900966,0.164237,17.4312,3.02901,20.0722
0.0418612,0.00130178,0.158637,16.6719,4.10139,20.0723
0.0430766,0.00262251,0.155419,14.6419,3.43284,20.0726
0.0409697,0.00400558,0.152677,18.7273,4.37727,20.073
0.0408433,0.0283505,0.165565,18.8518,4.31149,20.0737
0.0428759,0.0118538,0.161563,14.9365,3.53814,20.0738
0.0440908,0.00268843,0.163241,12.0829,3.85533,20.0743
0.040986,0.0192571,0.159234,18.8371,4.29351,20.0745
0.0406647,0.0147286,0.164127,19.5705,4.98855,20.0748
0.0405562,0.0176276,0.158232,19.5247,4.10177,20.075
0.0440564,0.00413182,0.164041,12.3617,3.69814,20.0758
0.0401823,0.017901,0.165042,20.9893,4.46529,20.076
0.0424115,0.0220821,0.161104,15.523,3.29416,20.077
0.0401012,0.0156142,0.158865,20.7475,4.72072,20.0771
0.0414953,0.0108409,0.16186,17.9563,3.63508,20.0772
0.0415537,0.0124161,0.163706,17.3392,3.55558,20.0775
0.0408776,0.0211281,0.16035,18.5922,4.02236,20.0776
0.0405396,0.00891425,0.153829,19.8416,4.3145,20.0781
0.0428944,0.0180028,0.162757,14.5979,3.28039,20.0786
0.0423645,0.00181846,0.158406,15.4745,3.45051,20.0786
0.0414502,0.0109432,0.157627,17.2805,4.32103,20.08
0.0425108,0.0192902,0.159554,15.6501,3.88366,20.0801
0.04091,0.0110727,0.156371,18.4557,4.45296,20.0802
0.0401898,0.00667379,0.158969,20.9975,4.49605,20.0808
0.0410378,0.0130253,0.159019,18.5849,4.95762,20.0814
0.0408878,0.0160311,0.158834,18.7666,4.77888,20.0815
0.0404281,0.0280631,0.162585,19.307,4.9525,20.0815
0.0411058,0.0157073,0.165214,18.4425,4.48626,20.0817
0.0410568,0.0210055,0.164677,18.9029,4.53941,20.0818
0.0434487,0.00824291,0.162253,13.5511,3.85401,20.0823
0.0414993,0.0139119,0.157545,17.2017,3.2108,20.0826
0.0420652,0.0125163,0.159787,16.7838,3.17534,20.0828
0.042613,0.0102495,0.16267,15.1465,3.1367,20.083
0.0415571,0.0120456,0.161165,17.9958,3.42475,20.0834
0.0400413,0.0155532,0.162195,20.1354,4.21544,20.0835
0.0400865,0.00976408,0.157343,20.5933,4.89911,20.0836
0.0423458,0.00921038,0.163784,15.8921,3.91605,20.0836
0.0406104,0.0154501,0.160789,19.253,4.39814,20.0838
0.0405384,0.0260001,0.161093,19.9896,4.08884,20.0842
0.0400447,0.0138144,0.161708,20.5285,4.99732,20.0845
0.0415076,0.0115835,0.153222,17.9502,3.72399,20.0846
0.0423428,0.0259191,0.16586,15.2204,3.53932,20.0847
0.0408861,0.00858074,0.159495,18.8742,4.66246,20.085
0.0423428,0.0163465,0.163393,15.9231,3.34638,20.0855
0.0414986,0.0124498,0.152964,17.3569,3.80553,20.0855
0.0436266,0.0118243,0.165702,13.6129,3.53618,20.0856
0.0423682,0.0143489,0.158912,15.1073,3.74981,20.0858
0.0437195,0.00342003,0.16528,13.5862,3.36587,20.0859
0.0428623,0.00768474,0.161601,14.1179,3.70117,20.086
0.0416412,0.00178168,0.163349,17.425,4.37055,20.0862
0.0423439,0.00956095,0.16422,15.9267,3.43116,20.0863
0.0414824,0.00506505,0.166067,17.6802,3.65547,20.087
0.0403949,0.0259694,0.165877,19.8463,4.13677,20.087
0.0430701,0.0204632,0.166432,14.1057,3.51551,20.0871
0.0414751,0.018899,0.162563,17.7285,4.55504,20.0872
0.0440153,0.00232708,0.163575,12.095,3.27289,20.0872
0.0413013,0.013302,0.165047,17.7352,4.81952,20.0876
0.0406741,0.00624283,0.160029,19.8369,4.22025,20.0881
0.0420201,0.00620358,0.149802,16.7786,3.5044,20.0883
0.0418096,0.0113822,0.164015,16.2705,4.72943,20.0885
0.0434738,0.0146387,0.164106,13.9735,3.53104,20.0892
0.0415114,0.0142897,0.158528,17.1201,3.99671,20.0906
0.0410325,0.006185,0.155231,18.9318,4.15992,20.0906
0.0420815,0.0128023,0.16207,16.4649,3.18751,20.0907
0.0400171,0.0330351,0.163851,20.182,4.10267,20.0909
0.041475,0.0111729,0.158073,17.424,3.19914,20.0909
0.0409043,0.0132397,0.156454,18.7228,4.44328,20.091
0.0400724,0.0133122,0.157655,20.5063,4.38071,20.0912
0.0405076,0.0117457,0.153998,19.8134,4.91783,20.0913
0.0414795,0.0111471,0.164019,17.09,3.71109,20.0917
0.042057,0.0199998,0.166265,16.7824,3.59948,20.0918
0.0400504,0.0412804,0.165471,20.4914,4.59652,20.0919
0.0414981,0.00691449,0.148043,17.1501,3.42444,20.0923
0.0419091,0.0191182,0.163629,16.9257,4.58133,20.0926
0.0400699,0.0101645,0.157616,20.7245,4.54541,20.0927
0.0425712,0.00448047,0.153649,15.2857,3.27048,20.0928
0.0418077,0.00590225,0.163469,16.8403,4.05263,20.093
0.0404203,0.0391853,0.163601,19.8613,4.96848,20.0937
0.0430846,0.016224,0.164183,14.5143,3.38166,20.0945
0.0415129,0.0150308,0.161788,17.1194,3.01227,20.0947
0.0423388,0.0154829,0.163026,15.7157,3.93222,20.0951
0.0428788,0.0154045,0.161702,14.9406,3.46175,20.0954
0.0401416,0.0282167,0.16564,20.0472,4.85189,20.0955
0.0415579,0.0122988,0.159557,17.8486,3.05338,20.0955
0.0417865,0.0119016,0.166128,16.4207,4.61898,20.0959
0.0429426,0.0237089,0.164069,14.2818,3.53414,20.0967
0.0425411,0.0106014,0.15545,15.0795,3.06979,20.0973
0.0414594,0.00682819,0.160267,17.0585,3.94657,20.0978
0.0415441,0.00721392,0.151475,17.1956,3.25036,20.0979
0.0429187,0.0128312,0.159239,14.3514,3.45741,20.098
0.0425728,0.0137776,0.160214,15.167,3.83297,20.0983
0.0404198,0.0319678,0.162821,19.7118,4.32596,20.0985
0.0404806,0.0115844,0.156182,19.1411,4.39968,20.0987
0.0404641,0.00394265,0.158298,19.4247,4.43192,20.0989
0.0409799,0.0200209,0.158851,18.8754,4.6237,20.0992
0.0416304,0.00940237,0.165703,17.9247,3.86403,20.0993
0.0409,0.0247617,0.158636,18.1901,4.16332,20.0994
0.0414841,0.0153929,0.164695,17.5423,3.27775,20.0994
0.0404032,0.0333243,0.164479,19.6534,4.57299,20.0997
0.0414308,0.0297751,0.166249,17.171,4.78362,20.1
0.0435188,0.00430538,0.158468,13.5388,3.36537,20.1002
0.0401598,0.0182901,0.161448,20.0515,4.71207,20.1002
0.0404696,0.0143554,0.157195,19.5512,4.90047,20.1007
0.0419127,0.00540867,0.152731,16.2701,3.12085,20.101
0.0431374,0.00787318,0.161584,14.4017,3.01367,20.1022
0.0428393,0.00663719,0.16422,14.8342,3.98942,20.1024
0.0415594,0.00677491,0.160867,17.0646,4.30831,20.1025
0.0414581,0.00866422,0.158894,17.9985,3.62257,20.103
0.0409572,0.010812,0.153961,18.4914,4.2351,20.1037
0.0416432,0.00486776,0.163057,17.762,3.16276,20.1038
0.0417939,0.0167374,0.165584,16.0859,4.79325,20.104
0.0405619,0.0297171,0.164815,19.0852,4.35516,20.1042
0.040456,0.0357536,0.161164,19.354,4.02138,20.1044
0.0404337,0.00405859,0.16388,19.4866,4.15781,20.1047
0.0399996,0.0206119,0.166072,20.0752,4.25097,20.1048
0.0406164,0.0223683,0.164557,19.8982,4.33415,20.1048
0.0436107,0.0111808,0.164101,13.2531,3.66491,20.1052
0.0414767,0.0173197,0.161482,17.4097,3.05658,20.1054
0.0401089,0.0133429,0.156927,20.5081,4.59556,20.1055
0.0402395,0.00471893,0.162698,20.0317,4.46014,20.1058
0.040061,0.00572804,0.158187,20.7939,4.4216,20.106
0.0431005,0.00510918,0.157329,14.1569,3.32743,20.1061
0.0423407,0.014621,0.161433,15.1614,3.89122,20.1064
0.0420528,0.0138202,0.15835,16.4475,3.55938,20.1065
0.043942,0.00263052,0.165868,12.625,3.65629,20.1066
0.040534,0.015103,0.15534,19.8252,4.96488,20.107
0.0414687,0.0122263,0.16491,17.892,3.95265,20.107
0.0419888,0.0280367,0.164089,16.9594,3.46174,20.1071
0.0424097,0.0329265,0.165714,15.9884,3.99337,20.1076
0.0415072,0.0179497,0.163063,17.1605,3.67426,20.1081
0.0419379,0.0142095,0.161951,16.8506,4.85532,20.1081
0.0418771,0.0143159,0.158095,16.7339,3.59268,20.1082
0.0424476,0.0213387,0.158913,15.8175,3.01947,20.1082
0.0410661,0.0184282,0.163136,18.7039,4.15507,20.109
0.0410005,0.00855214,0.154241,18.3806,4.66253,20.1093
0.042376,0.0143393,0.165328,15.808,4.72463,20.1101
0.0418764,0.0048639,0.159604,16.6838,3.80526,20.1102
0.0428559,0.00442039,0.160625,14.4208,3.79152,20.1106
0.041935,0.0201751,0.155585,16.8676,3.47844,20.1112
0.0428452,0.00417963,0.162576,14.0148,3.29567,20.1113
0.0402227,0.00295754,0.158342,20.1873,4.11086,20.1114
0.0420557,0.0150322,0.159835,16.0488,3.3723,20.1118
0.0421113,0.0137076,0.16625,16.1974,3.38598,20.1122
0.0425622,0.00349586,0.152092,15.5324,3.09018,20.1123
0.0409095,0.016554,0.155539,18.1147,4.70715,20.1123
0.0423991,0.00396341,0.160833,15.7108,4.18718,20.1124
0.0419309,0.0182499,0.163752,16.7584,4.63656,20.1127
0.0415994,0.0153199,0.166123,17.7459,3.39339,20.1131
0.0400083,0.0299662,0.163773,20.2241,4.53724,20.1135
0.0415105,0.0184984,0.166246,17.2382,3.10707,20.1137
0.0414933,0.0147821,0.151297,17.6263,3.74783,20.1138
0.0400437,0.00394112,0.166313,20.6864,4.42078,20.1139
0.0434215,0.0182035,0.166357,13.1101,3.57734,20.1145
0.0429789,0.0101804,0.15624,14.087,3.14114,20.1146
0.0423918,0.0133489,0.164662,15.5247,4.49119,20.1147
0.0413969,0.0209357,0.159512,17.7178,4.03311,20.115
0.0415627,0.0168888,0.163963,17.0055,3.12612,20.1151
0.0433655,0.00408509,0.165639,13.9047,3.87215,20.1151
0.0420159,0.00741784,0.149632,16.1378,3.24848,20.1156
0.0429797,0.00959155,0.15594,14.1771,3.57698,20.1165
0.0414333,0.00489265,0.156338,17.0363,3.81228,20.1166
0.0409846,0.0308753,0.164466,18.5405,4.84201,20.1167
0.0418524,0.0259353,0.163416,16.8932,3.36957,20.1171
0.0409669,0.00440602,0.151599,18.0896,4.08254,20.1171
0.0423462,0.00912261,0.1584,15.7447,3.46981,20.1173
0.0402456,0.00649833,0.164047,20.6149,4.269,20.1174
0.0414203,0.00329859,0.152411,17.2786,4.09881,20.1185
0.0404488,0.0186175,0.158465,19.9621,4.60259,20.1185
0.0440275,0.0106945,0.16628,12.1899,3.5005,20.1186
0.0419441,0.00397967,0.157196,16.5367,4.78686,20.1195
0.0419664,0.00196522,0.147275,16.4981,3.38545,20.1197
0.0408443,0.0180624,0.163251,18.4869,4.23329,20.1207
0.0400654,0.0144594,0.155559,20.7697,4.03505,20.1209
0.0425335,0.0207727,0.161415,15.1679,3.40233,20.1209
0.0420622,0.0139774,0.159285,16.456,3.35615,20.1215
0.0414793,0.0189762,0.155655,17.2608,3.19046,20.1215
0.0425026,0.0025714,0.162462,15.5939,4.50716,20.1221
0.0429944,0.0167896,0.159687,14.3175,3.74443,20.1222
0.0414485,0.0133691,0.158529,17.8403,3.33877,20.1234
0.0419392,0.0107079,0.151531,16.8716,3.04722,20.1237
0.0419493,0.0118624,0.160866,16.5928,4.41206,20.1238
0.0406303,0.00422588,0.155714,19.8991,4.06726,20.1239
0.0414251,0.00199027,0.151926,17.0369,4.23995,20.1241
0.0434486,0.00978124,0.161499,13.33,3.65271,20.1242
0.041442,0.0124346,0.157206,17.6961,3.12936,20.1243
0.0400354,0.00368677,0.161269,20.3203,4.22003,20.1244
0.0421607,0.00603688,0.165832,16.3104,3.83815,20.1244
0.0423338,0.0123385,0.1608,15.1493,3.94829,20.1244
0.0420709,0.0186666,0.165402,16.8161,3.72465,20.1246
0.040465,0.0162191,0.156361,19.9312,4.43163,20.125
0.0408526,0.0181683,0.161763,18.2531,4.0597,20.125
0.041584,0.0170841,0.165421,17.6363,3.05991,20.1256
0.0409345,0.0121985,0.153469,18.4983,4.2897,20.1258
0.0433962,0.0084933,0.16279,13.3908,3.44386,20.1261
0.0400896,0.0317595,0.162549,20.9155,4.78489,20.1261
0.0424237,0.0109688,0.153289,15.5077,3.9529,20.1261
0.0424122,0.029558,0.163053,15.8095,3.01622,20.1267
0.0415379,0.0181566,0.16219,17.3596,3.27291,20.1276
0.0415378,0.0120304,0.153856,17.7448,3.16478,20.1278
0.0400902,0.00328375,0.153097,20.0598,4.00539,20.1283
0.0400386,0.0189311,0.158802,20.4194,4.46486,20.1284
0.0419112,0.0163736,0.154952,16.1254,3.93732,20.1284
0.0424107,0.015034,0.165338,15.9746,4.98182,20.1288
0.0428554,0.00400276,0.15963,14.3283,3.83674,20.1296
0.0418631,0.0206776,0.16255,16.7643,4.26143,20.1297
0.0408417,0.0383605,0.164481,18.3469,4.82398,20.13
0.0421035,0.00356714,0.154269,16.5689,3.48079,20.1301
0.0413743,0.0131631,0.156043,17.1271,4.21761,20.1302
0.0404929,0.0122614,0.153314,19.6534,4.07456,20.1303
0.0433967,0.0128154,0.164148,13.6354,3.91478,20.1308
0.0426718,0.00355208,0.16264,15.286,3.59246,20.1309
0.041963,0.0136436,0.151524,16.7426,3.84443,20.131
0.0424668,0.0306525,0.16367,15.3935,3.61221,20.1314
0.0424317,0.00898406,0.152002,15.8956,3.7902,20.1316
0.0428299,0.0017551,0.166017,14.0167,3.00584,20.1327
0.0436905,0.00901741,0.166357,13.0406,3.70333,20.1331
0.0429457,0.022556,0.161961,14.0886,3.90776,20.1332
0.0408871,0.00187673,0.157736,18.5982,4.11384,20.1332
0.0434497,0.00334374,0.158427,13.4262,3.48525,20.1333
0.0404532,0.0183334,0.157137,19.1075,4.99697,20.1342
0.0425638,0.00412109,0.166177,15.1857,4.16988,20.1344
0.0423361,0.0187782,0.160536,15.9221,3.01609,20.1345
0.0400478,0.0154808,0.157193,20.9219,4.90889,20.1347
0.0424764,0.0091413,0.15182,15.8525,3.14251,20.135
0.0434411,0.00706447,0.160165,13.8231,3.94482,20.1351
0.0420261,0.0165277,0.155819,16.2915,3.96589,20.1358
0.0419431,0.0329366,0.162179,16.1521,3.96084,20.1361
0.0402866,0.00367866,0.166336,20.7961,4.76666,20.1363
0.040492,0.0190362,0.154867,19.7148,4.48976,20.1369
0.0418964,0.018954,0.156349,16.7805,3.23522,20.1375
0.0424254,0.0241311,0.159561,15.2799,3.88745,20.1376
0.0408735,0.0203705,0.158041,18.5366,4.18701,20.1384
0.0440078,0.00811772,0.164601,12.2884,3.72641,20.1385
0.0401118,0.00202011,0.152712,20.1223,4.11902,20.1386
0.0404485,0.00797852,0.157879,19.3459,4.0504,20.1388
0.0423269,0.00730323,0.165915,15.6095,3.65459,20.139
0.0418003,0.0150492,0.163608,16.1971,4.68214,20.1393
0.0423641,0.0121812,0.15589,15.4544,3.40982,20.1399
0.0401059,0.0301461,0.162513,20.2929,4.73421,20.1404
0.0408959,0.0236445,0.156919,18.0964,4.75653,20.1404
0.0423283,0.00772249,0.163774,15.59,3.40124,20.1408
0.0413554,0.0196949,0.158368,17.1188,4.3258,20.141
0.0416435,0.00870047,0.16538,17.4291,3.4827,20.1411
0.0425491,0.0237404,0.165949,15.6407,3.62831,20.1412
0.0414446,0.0102793,0.16372,17.0517,3.43155,20.1414
0.040429,0.0351437,0.160182,19.3181,4.33915,20.1422
0.0429947,0.0136299,0.157171,14.3123,3.76145,20.1425
0.0428299,0.0228743,0.165653,14.5141,3.66887,20.1426
0.0404978,0.0154017,0.153625,19.7406,4.55954,20.1431
0.0409055,0.0392516,0.164453,18.9108,4.98474,20.1433
0.0414014,0.0133635,0.155462,17.016,4.21621,20.1433
0.0421006,0.0017032,0.151591,16.1637,3.60503,20.1435
0.0425767,0.00184967,0.151353,15.6266,3.66757,20.1435
0.0400616,0.0228493,0.156022,20.1349,4.98953,20.144
0.0407225,0.0062323,0.16156,19.3611,4.10701,20.1441
0.04153,0.0120023,0.161065,17.1443,4.42999,20.1445
0.0400331,0.00381152,0.159635,20.2421,4.14274,20.1445
0.0428326,0.01059,0.162606,14.052,3.2763,20.1445
0.040053,0.020681,0.155433,20.8092,4.79503,20.1454
0.0416548,0.008248,0.166498,17.2955,3.74347,20.1454
0.0404919,0.0142542,0.153182,19.4553,4.02419,20.1459
0.0435296,0.00759729,0.158844,13.2967,3.35724,20.1462
0.0423975,0.0162792,0.165425,15.5751,4.41638,20.1462
0.0408477,0.0288659,0.16123,18.2817,4.61449,20.1467
0.0414753,0.0222544,0.156561,17.4636,3.02306,20.1469
0.0424632,0.0135562,0.166244,15.3942,4.91644,20.1473
0.040012,0.026056,0.160676,20.1798,4.42017,20.1474
0.0413457,0.0166786,0.158155,17.1899,4.07236,20.1482
0.0437373,0.00239657,0.16408,13.0002,3.67374,20.1483
0.0423541,0.0312547,0.164632,15.4028,3.28879,20.1485
0.0414354,0.00851512,0.152045,17.9866,3.91247,20.1485
0.0419496,0.0347488,0.163936,16.7451,3.62119,20.1489
0.0440916,0.0102597,0.165822,12.566,3.68994,20.1494
0.0423761,0.0168705,0.156537,15.9335,3.72841,20.1507
0.0418616,0.0116111,0.158069,16.4762,3.58806,20.1509
0.0404069,0.0112217,0.16506,19.619,4.28155,20.151
0.0425848,0.0186553,0.165259,15.56,3.84999,20.1513
0.0429742,0.0256866,0.164057,14.2113,3.36067,20.1517
0.0423062,0.0263272,0.166458,15.6149,3.61137,20.152
0.04233,0.0196388,0.160126,15.5499,3.53723,20.1526
0.0410653,0.0184746,0.162031,18.6837,4.18181,20.1526
0.0423272,0.0281844,0.163866,15.4647,3.2841,20.153
0.0410786,0.0189967,0.163427,18.0508,4.40357,20.1534
0.0423419,0.0315194,0.164832,15.7838,3.68741,20.154
0.0415516,0.00532012,0.14818,17.3288,3.70741,20.1541
0.0415274,0.0156165,0.154503,17.0656,3.65484,20.1545
0.0424729,0.0291358,0.162407,15.7445,3.52936,20.1547
0.0400116,0.0364235,0.159508,20.3526,4.32754,20.1548
0.0415665,0.00277058,0.147976,17.4864,3.6958,20.1553
0.041456,0.0165248,0.151218,17.2697,3.44995,20.1554
0.0409897,0.0198827,0.158009,18.8174,4.79954,20.1555
0.0414369,0.018375,0.164114,17.638,3.23792,20.1555
0.0409618,0.0280817,0.160826,18.8325,4.28586,20.1555
0.0415263,0.0235444,0.165658,17.2957,3.8145,20.156
0.0424345,0.0237437,0.15864,15.2981,3.9583,20.1561
0.0399669,0.0474426,0.166116,20.4958,4.30735,20.1568
0.0423792,0.0180598,0.165825,15.1901,4.71746,20.1569
0.0414905,0.0105211,0.147386,17.3302,3.89371,20.1571
0.0419696,0.0028114,0.14609,16.2525,3.75645,20.1572
0.0404334,0.0397806,0.16113,19.1381,4.71365,20.1574
0.0414086,0.0106874,0.157567,17.4068,3.75712,20.1575
0.0399717,0.0456982,0.165251,20.8102,4.9271,20.1577
0.0419001,0.0345611,0.161656,16.5432,3.42986,20.158
0.0441414,0.0014924,0.161443,12.9663,3.3968,20.1581
0.0414887,0.021482,0.155675,17.656,3.96274,20.1582
0.0416423,0.00830965,0.164097,17.8949,3.86004,20.1585
0.0423371,0.0055125,0.157638,15.0503,3.69757,20.1587
0.0418657,0.00609425,0.156412,16.9712,3.97029,20.1594
0.0424253,0.0028597,0.149682,15.8365,3.81132,20.1597
0.0408974,0.00367764,0.154624,18.1711,4.11642,20.1598
0.0400182,0.0148091,0.159409,20.5816,4.60359,20.1599
0.0414445,0.0242636,0.163632,17.4653,3.69934,20.1605
0.0420187,0.00238038,0.14635,16.1231,3.15411,20.161
0.0423412,0.0118468,0.163982,15.2546,4.05174,20.1612
0.040025,0.00639671,0.158696,20.0866,4.62787,20.1618
0.0406085,0.0120443,0.1569,19.0669,4.81086,20.1625
0.0434028,0.0188495,0.165456,13.0836,3.57897,20.163
0.0415602,0.0179567,0.165979,17.2927,4.60272,20.163
0.0399943,0.0375537,0.161224,20.5663,4.37643,20.1632
0.040621,0.00826466,0.155856,19.475,4.94208,20.164
0.0419396,0.0309797,0.158972,16.0746,3.51755,20.1641
0.040069,0.0113519,0.153115,20.7757,4.3556,20.1643
0.0431272,0.0108367,0.161511,14.9475,3.06353,20.1647
0.0423428,0.00826239,0.15625,15.5596,3.55855,20.1652
0.0400171,0.0288357,0.158081,20.5693,4.08165,20.1652
0.0429206,0.0290234,0.164669,14.8232,3.14773,20.1654
0.0436094,0.00522114,0.158863,13.5438,3.35128,20.1665
0.0439381,0.00798678,0.165728,12.6824,3.16568,20.1667
0.04083,0.0291104,0.162813,18.163,4.77194,20.1674
0.0420494,0.015729,0.157279,16.781,3.79104,20.1676
0.0414199,0.0185574,0.16211,17.6754,3.08823,20.1678
0.0414044,0.0193803,0.157934,17.7491,4.92777,20.168
0.0414896,0.0205913,0.162728,17.1869,4.86564,20.1688
0.0423219,0.00882975,0.16393,15.7126,4.46579,20.1689
0.0425146,0.026894,0.16333,15.3761,3.73101,20.169
0.0436539,0.00796673,0.162207,13.3818,3.45422,20.1691
0.0419492,0.0118197,0.159972,16.104,4.48865,20.1697
0.0414477,0.026933,0.161143,17.3373,3.08583,20.1706
0.041863,0.0196474,0.157091,16.0314,3.15224,20.1708
0.039993,0.0420469,0.16096,20.252,4.51572,20.171
0.0404259,0.0399264,0.16071,19.5553,4.81729,20.1712
0.0418638,0.0402055,0.165493,16.6739,3.77965,20.1715
0.0401983,0.00540076,0.156253,20.1199,4.50846,20.172
0.0415422,0.0161402,0.163635,17.0794,4.09295,20.1723
0.0434295,0.0143257,0.162349,13.4547,3.75058,20.1725
0.0409956,0.0285984,0.162739,18.6639,4.09315,20.1728
0.0423157,0.0172102,0.160377,15.9456,3.7608,20.1729
0.0420712,0.00899854,0.165605,16.5383,4.71258,20.173
0.0423891,0.0110946,0.153298,15.0379,3.12082,20.1731
0.041536,0.0217618,0.161717,17.5563,3.44581,20.1732
0.0400057,0.0236955,0.159574,20.2071,4.52861,20.1736
0.0415203,0.00638708,0.15684,17.5719,4.16651,20.1737
0.0404253,0.00382586,0.15934,19.5073,4.82086,20.1737
0.0414714,0.0265674,0.159992,17.9754,3.75446,20.1738
0.0415461,0.00917223,0.15012,17.4674,3.97621,20.1743
0.0439798,0.00896495,0.164315,12.4992,3.17876,20.1747
0.0423845,0.0198301,0.156561,15.7404,3.34125,20.1751
0.0399976,0.0400848,0.159882,20.786,4.51819,20.1752
0.0421163,0.00257034,0.164553,16.6085,4.60193,20.1753
0.0401521,0.00945238,0.15526,20.6561,4.31995,20.1757
0.0428531,0.00741605,0.157962,14.0691,3.57804,20.176
0.0419875,0.0195268,0.166138,16.6438,4.20646,20.176
0.0440334,0.0115467,0.165027,12.5652,3.47945,20.1761
0.0414247,0.0102834,0.16285,17.3199,3.48357,20.1764
0.0423871,0.0248439,0.158996,15.9621,3.22848,20.1764
0.0425863,0.00124921,0.165095,15.5361,4.63739,20.1766
0.0418097,0.00225095,0.159953,16.3268,4.87166,20.1769
0.0408157,0.0381683,0.164868,18.5346,4.56338,20.1772
0.0418419,0.0168499,0.160568,16.9412,4.43012,20.1773
0.0413373,0.00863387,0.157283,17.9395,4.11363,20.1776
0.0436258,0.00354882,0.158152,13.3735,3.98143,20.1777
0.0414421,0.0216416,0.152806,17.1037,3.45412,20.1785
0.0433531,0.00678232,0.163369,13.6959,3.79879,20.1785
0.0429405,0.0231728,0.160633,14.8494,3.72107,20.1787
0.0405141,0.0174602,0.153743,19.4873,4.52354,20.1791
0.0396569,0.0151422,0.16151,21.2303,4.4451,20.1793
0.0404374,0.0200446,0.156492,19.8265,4.62993,20.1794
0.0420451,0.0158733,0.156265,16.539,3.50633,20.18
0.0400299,0.0151716,0.15671,20.8701,4.49101,20.1801
0.0404587,0.0214831,0.154493,19.8143,4.53667,20.1802
0.0419923,0.0286298,0.161787,16.522,3.21323,20.1804
0.0420523,0.0154364,0.156876,16.7421,3.65135,20.1804
0.0423216,0.0147433,0.165258,15.1732,4.93315,20.1805
0.0423029,0.0141298,0.166413,15.4114,3.11184,20.1805
0.041543,0.0204381,0.166002,17.5913,4.1875,20.1807
0.0403808,0.0456895,0.163888,19.2534,4.03797,20.1809
0.0396354,0.0292997,0.165853,21.3241,4.83146,20.181
0.044209,0.00495257,0.164758,12.3502,3.51722,20.1811
0.0399992,0.0434013,0.160597,20.4272,4.86127,20.1811
0.0413231,0.0212533,0.159722,17.6287,4.15247,20.1812
0.0404848,0.0252927,0.155796,19.855,4.62729,20.1813
0.0418905,0.0293513,0.158685,16.9129,3.23215,20.1817
0.0396349,0.0340419,0.164653,21.3467,4.44909,20.1823
0.0404193,0.0132856,0.158634,19.2946,4.4621,20.1823
0.0396477,0.0107692,0.161101,21.8873,4.67534,20.1824
0.0411681,0.00514127,0.160932,18.2425,4.38749,20.1825
0.0424258,0.00168566,0.158604,15.4264,4.10156,20.1829
0.0420916,0.0146942,0.161616,16.3782,3.74333,20.1829
0.0424459,0.0354319,0.164731,15.259,3.91641,20.1831
0.0419921,0.0273048,0.160071,16.3275,3.43635,20.1832
0.0416512,0.00132991,0.161708,17.3023,4.38573,20.1834
0.042867,0.0207849,0.161343,14.1854,3.29936,20.1836
0.0403705,0.0306212,0.164672,19.8813,4.0576,20.1837
0.042981,0.0120824,0.155411,14.806,3.81871,20.1842
0.0408381,0.00806424,0.165812,18.9169,4.70377,20.1843
0.0423648,0.0266657,0.160197,15.5566,3.47035,20.1845
0.0408045,0.0273956,0.165527,18.9464,4.59069,20.1847
0.0400242,0.0150014,0.157148,20.815,4.64767,20.1849
0.0404167,0.00593504,0.161035,19.7878,4.85662,20.1849
0.0414238,0.0256847,0.163401,17.2305,3.21302,20.1852
0.0424287,0.0043961,0.149154,15.7356,3.75081,20.1853
0.0397224,0.00373736,0.160797,21.3921,4.2615,20.1853
0.0409561,0.00359878,0.149399,18.3898,4.4147,20.1854
0.0401569,0.0207823,0.16013,20.2096,4.64452,20.1854
0.0399556,0.0359095,0.164888,20.0282,4.55301,20.1854
0.0429203,0.0112419,0.15583,14.4873,3.77769,20.1862
0.0419073,0.0396108,0.164018,16.0228,3.79908,20.1864
0.0418872,0.0422105,0.166288,16.8042,3.70011,20.1866
0.0424733,0.0123679,0.152044,15.5824,3.10031,20.1869
0.0396082,0.0330854,0.164984,21.5158,4.55274,20.1869
0.0414804,0.00234534,0.152573,17.05,4.71927,20.1873
0.0414242,0.0256683,0.164775,17.2945,3.36583,20.1875
0.0418423,0.00883852,0.162812,16.6882,3.0259,20.1884
0.0419986,0.0143049,0.163441,16.3514,4.57132,20.1887
0.0401633,0.0107266,0.15603,20.5098,4.48359,20.1887
0.0414208,0.0267616,0.162196,17.212,4.81332,20.1889
0.0404063,0.019777,0.159704,19.4629,4.06156,20.1889
0.0400111,0.00747462,0.158705,20.6947,4.73743,20.1892
0.0435487,0.0111826,0.16008,13.1329,3.52047,20.1892
0.040847,0.00553837,0.162156,18.588,4.01298,20.1892
0.040649,0.00726951,0.156532,19.7566,4.18234,20.1898
0.0419685,0.00792483,0.147216,16.0558,3.4817,20.1899
0.0418094,0.0272822,0.164901,16.9091,4.48503,20.1906
0.040015,0.0225312,0.157597,20.2162,4.30623,20.1907
0.0408741,0.0287696,0.157387,18.3368,4.50934,20.191
0.0419345,0.0343812,0.160117,16.7813,3.57841,20.191
0.0401465,0.0266843,0.162041,20.425,4.9975,20.1911
0.0428353,0.0115329,0.15988,14.8819,3.37588,20.1915
0.0414437,0.00429691,0.164556,17.9104,3.05545,20.1918
0.0433702,0.0180553,0.165225,13.6364,3.10727,20.1922
0.0423868,0.0286179,0.160221,15.3962,3.85663,20.1927
0.0399382,0.0393533,0.166407,20.0787,4.4651,20.1928
0.0403753,0.0462967,0.163804,19.3531,4.07918,20.1932
0.0418493,0.00857296,0.157477,16.9055,3.02404,20.1932
0.0404955,0.0401367,0.162959,19.6445,4.0244,20.1933
0.0396335,0.0191261,0.161868,21.9155,4.09966,20.1935
0.0417929,0.00307891,0.161118,16.1599,4.43848,20.1936
0.039624,0.0150764,0.16202,21.9557,4.43729,20.1938
0.0414809,0.0293199,0.163835,17.6973,3.24701,20.194
0.040885,0.0251621,0.15586,18.0605,4.59661,20.1941
0.0423185,0.00160821,0.161289,15.5261,4.19552,20.1943
0.0415041,0.0228853,0.164573,17.5758,4.69541,20.1951
0.041428,0.0256727,0.154373,17.3128,3.92993,20.1952
0.0408222,0.0194419,0.162669,18.9832,4.19739,20.1953
0.0401089,0.00518336,0.150598,20.0762,4.03585,20.1959
0.042449,0.00985814,0.162802,15.5831,4.49181,20.1963
0.0418322,0.0213843,0.160581,16.295,3.27983,20.1963
0.0421125,0.0125423,0.161816,16.7895,3.91063,20.1963
0.0418449,0.0198266,0.157158,16.3646,3.1424,20.1969
0.0408224,0.0187002,0.162607,18.5744,4.94562,20.1971
0.0408385,0.0306724,0.160256,18.2427,4.23554,20.1975
0.0424914,0.0123787,0.152323,15.3347,3.2184,20.1977
0.0404693,0.0305103,0.157081,19.9461,4.42508,20.1979
0.0429138,0.00304165,0.152571,14.8021,3.81535,20.1986
0.0400202,0.02206,0.156603,20.5871,4.09728,20.1987
0.0429824,0.0025328,0.164245,14.3028,4.08232,20.1987
0.0399897,0.0460545,0.160804,20.8717,4.11744,20.1987
0.0433673,0.017557,0.164897,13.0518,3.33518,20.199
0.0406129,0.0193094,0.160188,19.9702,4.63299,20.1995
0.0400156,0.024776,0.156922,20.4685,4.54293,20.1998
0.0423847,0.0265812,0.158887,15.9104,3.38247,20.2009
0.0414193,0.00634459,0.152056,17.5701,4.54686,20.2013
0.0428272,0.0124008,0.160471,14.169,3.97651,20.2013
0.0400449,0.0308233,0.156292,20.6702,4.14339,20.2015
0.0396094,0.0168123,0.164059,21.3836,4.52775,20.2016
0.0434834,0.0079877,0.157637,13.3358,3.77712,20.2016
0.0434218,0.00957127,0.15946,13.8648,3.01619,20.2018
0.0397656,0.00220792,0.165613,21.7273,4.97915,20.2019
0.0423396,0.0085143,0.154872,15.2981,3.49345,20.202
0.0418606,0.00137587,0.15494,16.6052,4.47518,20.2027
0.0423034,0.0100183,0.163585,15.6012,3.05642,20.2028
0.0413108,0.00281147,0.159784,17.1032,4.39595,20.2029
0.03974,0.00447932,0.162594,21.2683,4.60694,20.203
0.040831,0.0106329,0.163729,18.6785,4.27656,20.2033
0.0414948,0.0143019,0.158829,17.8295,4.55215,20.2034
0.0415451,0.0139441,0.153255,17.9342,3.35176,20.2039
0.0419747,0.0242449,0.155041,16.953,3.48291,20.204
0.0396529,0.0188426,0.160083,21.8794,4.09817,20.2042
0.041871,0.00739086,0.151069,16.6812,3.72343,20.2044
0.0397603,0.00422891,0.165852,21.1771,4.61299,20.2045
0.0441681,0.00220464,0.161635,12.0074,3.28468,20.2048
0.041873,0.0420127,0.164514,16.8372,3.02813,20.2049
0.0411229,0.00216037,0.16193,18.6243,3.1442,20.2052
0.0440186,0.00878414,0.162564,12.7425,3.03769,20.2055
0.0418534,0.0153061,0.154448,16.8589,3.12513,20.2058
0.0414307,0.0191387,0.151604,17.6396,3.9467,20.2061
0.0413255,0.0254429,0.159824,17.6081,4.10913,20.2062
0.0423743,0.0164063,0.15448,15.1663,3.63554,20.2062
0.0419414,0.0220939,0.153313,16.9211,3.46692,20.2066
0.0435849,0.00767207,0.158769,13.9954,3.66058,20.2066
0.0442118,0.00591987,0.164841,12.9706,3.33628,20.2069
0.0414018,0.00877837,0.160064,17.3988,3.69591,20.207
0.0406544,0.00231487,0.154096,19.3746,4.5402,20.207
0.0418119,0.0256554,0.165589,16.3455,3.37109,20.207
0.0418273,0.0297238,0.161395,16.1739,3.89524,20.207
0.0418444,0.0254891,0.163001,16.7657,4.92292,20.2071
0.0419439,0.0133527,0.159812,16.2669,4.03057,20.2071
0.0418142,0.0179282,0.1615,16.8567,4.76712,20.2071
0.0429577,0.0212553,0.159104,14.9708,3.98829,20.2075
0.0408399,0.0162399,0.159604,18.5754,4.66407,20.208
0.0408338,0.0109282,0.161745,18.4742,4.63123,20.208
0.0413757,0.0230393,0.15826,17.7728,3.60866,20.208
0.0399677,0.0417253,0.161766,20.1898,4.62968,20.2082
0.0413778,0.0255526,0.158646,17.2246,3.46739,20.2083
0.0427993,0.0135506,0.164454,14.0527,3.38449,20.2083
0.0403691,0.0233634,0.16558,19.8722,4.49895,20.2084
0.0434191,0.0150686,0.161712,13.814,3.63884,20.2085
0.0423625,0.00364266,0.159202,15.9944,4.07612,20.2085
0.0425785,0.0113651,0.155837,15.599,3.5057,20.2092
0.0413594,0.0393333,0.16565,17.4507,4.92432,20.2093
0.0429236,0.0162725,0.157077,14.8999,3.46958,20.2094
0.0414346,0.00217122,0.147822,17.3492,3.206,20.2095
0.0399878,0.012024,0.162698,20.3551,4.06689,20.2101
0.040911,0.0247948,0.156001,18.1121,4.58311,20.2106
0.0422875,0.0186211,0.165333,15.3809,3.77285,20.2108
0.0418591,0.0210473,0.16102,16.6405,4.26288,20.2127
0.0419156,0.0421609,0.165952,16.087,3.28378,20.2129
0.042432,0.0331797,0.162191,15.9756,3.13429,20.2131
0.0414848,0.0141111,0.147063,17.5131,3.38236,20.2131
0.0407956,0.0433593,0.166284,18.0401,4.12418,20.2135
0.0419567,0.0175876,0.15099,16.3595,3.11814,20.2136
0.0433811,0.0178733,0.163685,13.1505,3.61778,20.2137
0.0416337,0.00800292,0.160168,17.114,3.89542,20.2138
0.0415,0.00550842,0.15432,17.0023,4.48416,20.2141
0.0400719,0.0418029,0.163958,20.8199,4.35268,20.2142
0.0404274,0.00768074,0.156446,19.9995,4.75236,20.2146
0.0405281,0.036887,0.163413,19.2419,4.05792,20.2146
0.0403876,0.0177986,0.161613,19.7254,4.59612,20.2149
0.0428953,0.0253609,0.161301,14.5139,3.57538,20.215
0.0423159,0.025477,0.159839,15.0348,3.03557,20.2152
0.0417985,0.0307593,0.165895,16.4922,4.65274,20.2154
0.0397682,0.00100336,0.163124,21.4031,4.74065,20.2157
0.0396511,0.00569584,0.16475,21.9366,4.76231,20.2157
0.0411664,0.00221639,0.16217,18.2709,3.38588,20.2158
0.0395855,0.0397676,0.164626,21.3557,4.96099,20.2159
0.0418683,0.0353148,0.160962,16.5662,3.28656,20.216
0.0416195,0.00658495,0.156255,17.0623,3.98609,20.2161
0.0413817,0.0177391,0.160721,17.4149,3.02297,20.2164
0.0418601,0.03366,0.160629,16.2216,3.74547,20.2165
0.041804,0.0201493,0.162402,16.7306,4.66785,20.2166
0.0427958,0.0185777,0.164472,14.3383,3.52446,20.2167
0.0408558,0.0143917,0.156921,18.3485,4.81304,20.2169
0.0414202,0.0323416,0.162545,17.5895,3.68581,20.217
0.0405397,0.0143902,0.152841,19.6113,4.13119,20.2171
0.0415821,0.0106956,0.15477,17.2383,3.88281,20.2173
0.0413783,0.0289065,0.158855,17.671,3.6416,20.2175
0.0408451,0.0462015,0.164026,18.4352,4.2203,20.2177
0.04397,0.00264406,0.160177,12.7168,3.66559,20.2183
0.0406039,0.0243314,0.161908,19.2066,4.82288,20.2184
0.0403658,0.0337579,0.163364,19.3947,4.22593,20.2184
0.0410257,0.0179135,0.158007,18.2461,4.39185,20.2187
0.0410556,0.00183552,0.143107,18.7037,3.46727,20.2188
0.0399536,0.0440297,0.162858,20.3498,4.96257,20.219
0.0395793,0.0365189,0.165567,21.8855,4.51219,20.2191
0.0401472,0.0313605,0.163516,20.0282,4.17454,20.2195
0.0403705,0.0216935,0.165322,19.5403,4.73815,20.2197
0.0419318,0.0174853,0.150836,16.8642,3.26316,20.22
0.0411041,0.00226091,0.163622,18.9932,3.54386,20.2202
0.0396773,0.00514045,0.156537,21.3725,4.37098,20.2203
0.0429268,0.0269741,0.161377,14.6412,3.15941,20.2203
0.0420549,0.0193226,0.159689,16.5597,3.28554,20.2204
0.0408402,0.045732,0.163672,18.7548,4.84748,20.2206
0.0397243,0.0141631,0.163902,21.7125,4.61523,20.2209
0.040917,0.00661138,0.149202,18.7827,4.44308,20.221
0.0413996,0.0285851,0.166431,17.981,3.56175,20.221
0.0403851,0.0265664,0.160808,19.5248,4.59074,20.221
0.0399469,0.0582104,0.165605,20.189,4.1857,20.2213
0.0401803,0.0247508,0.163149,20.785,4.21305,20.2214
0.0403671,0.0330115,0.163027,19.2674,4.10334,20.2215
0.0396674,0.0291246,0.16112,21.095,4.28526,20.2218
0.0434536,0.00348873,0.155506,13.9832,3.02386,20.2219
0.0405371,0.0194847,0.154691,19.2085,4.35535,20.2225
0.0405598,0.0329376,0.1635,19.1854,4.81333,20.2231
0.0424551,0.032432,0.162152,15.9713,3.70127,20.2232
0.041114,0.00424837,0.156086,18.5527,3.56657,20.2232
0.0399596,0.0547109,0.163392,20.9769,4.35116,20.2242
0.0423332,0.0336605,0.163007,15.9292,3.52817,20.2244
0.0399275,0.0548552,0.165976,20.4903,4.87719,20.2246
0.0425206,0.00399634,0.16198,15.3351,4.99562,20.2248
0.04186,0.00316496,0.154768,16.9336,4.98007,20.2248
0.0417535,0.0181815,0.165157,16.9806,4.20348,20.2248
0.0396622,0.0287962,0.160549,21.9934,4.66304,20.225
0.0414578,0.0327643,0.159965,17.1353,3.52706,20.2252
0.0439211,0.0129127,0.16613,12.1487,3.8084,20.2252
