beta,permeability,xi,init_days,delay,value
0.0516919,0.00758769,0.108495,40.5235,19.8774,154.153
0.0520334,0.0200082,0.118209,39.2822,19.0882,154.435
0.0537063,0.00181295,0.155599,35.1072,19.8856,154.626
0.0509461,0.0101913,0.0974511,42.4464,19.9367,154.687
0.0521214,0.00264791,0.112014,39.6052,19.5902,154.736
0.0524201,0.0118076,0.126934,38.9749,19.1467,154.853
0.0523539,0.0414731,0.132833,38.1356,19.4329,155.171
0.0516364,0.00527419,0.115792,40.1774,19.1485,155.179
0.0521056,0.00957368,0.112407,39.0447,19.3057,155.181
0.0519911,0.0261202,0.123243,39.2067,19.5184,155.223
0.0536869,0.0117698,0.15889,35.271,19.3713,155.241
0.0512196,0.0232325,0.109688,41.7471,19.0826,155.339
0.0532405,0.0244881,0.147092,36.8451,19.7106,155.349
0.0524525,0.0166539,0.122285,38.7067,19.4525,155.387
0.0536851,0.0176034,0.157342,35.9817,19.2672,155.473
0.0527676,0.0407641,0.141931,37.7996,19.4124,155.489
0.0536309,0.0270923,0.162709,35.2327,19.3633,155.527
0.052854,0.0120766,0.13707,37.6406,19.1672,155.583
0.0509208,0.0283243,0.097267,42.9807,19.806,155.631
0.0518976,0.0549666,0.127906,39.9251,19.8946,155.657
0.0506247,0.0124423,0.0895432,43.1023,19.7034,155.69
0.0527563,0.030473,0.141967,37.9949,19.611,155.749
0.0536112,0.0328384,0.162917,35.7664,19.9274,155.775
0.0502364,0.00619567,0.0883996,44.151,19.7361,155.82
0.0515559,0.0477672,0.118364,40.4582,19.9952,155.864
0.0520189,0.0264392,0.121472,39.8867,19.6761,155.87
0.0509518,0.00861854,0.0985338,42.7624,19.1163,155.871
0.0502192,0.0246664,0.08595,44.1598,19.3958,155.911
0.0524059,0.0126986,0.13301,38.7819,19.5675,155.915
0.0523075,0.0549017,0.133552,38.367,19.4521,155.946
0.0523257,0.044032,0.132769,38.5024,19.6742,155.974
0.0525639,0.00132796,0.112023,38.783,19.734,155.99
0.0522764,0.0718411,0.135802,38.2509,19.8116,155.996
0.0531604,0.0296951,0.155675,36.4736,19.0896,156.073
0.053705,0.00505978,0.159675,35.8184,19.695,156.085
0.0523488,0.0248701,0.135923,38.8973,19.1261,156.13
0.0529271,0.00969333,0.122086,37.7606,19.8756,156.149
0.0516552,0.0328909,0.107969,40.0712,19.2207,156.181
0.0506047,0.0213591,0.0901591,43.2586,19.5313,156.197
0.0536098,0.0393322,0.164214,35.1399,19.0507,156.197
0.0523877,0.0227431,0.134371,38.0801,19.1393,156.198
0.0508831,0.00919749,0.103842,42.7454,19.5937,156.217
0.0504635,0.0460521,0.0986963,43.699,19.9254,156.222
0.0515585,0.0543096,0.113839,40.4639,19.3978,156.256
0.0516195,0.00087611,0.120396,40.0958,19.5516,156.263
0.0528868,0.0173043,0.131163,37.2115,19.0535,156.274
0.0532067,0.0344948,0.145934,36.5506,19.4533,156.277
0.051968,0.0254116,0.127377,39.1269,19.3301,156.34
0.0541572,0.0146462,0.162078,34.8745,19.9746,156.349
0.0523812,0.0120042,0.137164,38.7315,19.3334,156.366
0.0523822,0.0136436,0.136626,38.394,19.7495,156.4
0.0515109,0.0606304,0.121389,40.6387,19.9802,156.431
0.0520079,0.0195431,0.118498,39.6604,19.1364,156.45
0.0512209,0.0187263,0.109404,41.7792,19.038,156.462
0.051214,0.0538328,0.106704,41.0564,19.5975,156.472
0.0517227,0.0165546,0.104863,40.9668,19.0794,156.49
0.0515251,0.0113215,0.135153,40.6502,19.8804,156.49
0.0526626,0.0652033,0.151375,37.236,19.8642,156.494
0.0509936,0.0038969,0.0959632,42.8781,19.5728,156.504
0.0529114,0.00331278,0.133046,37.89,19.2996,156.521
0.0505328,0.041773,0.0921631,43.0434,19.7289,156.546
0.0520245,0.0164056,0.116934,39.7365,19.189,156.577
0.0515512,0.0149811,0.129704,40.5332,19.3037,156.596
0.0513917,0.00754768,0.0958331,41.1138,19.291,156.629
0.0518682,0.0605381,0.130179,39.5241,19.5469,156.648
0.0513826,0.0117061,0.0980722,41.8023,19.3157,156.652
0.0532582,0.0264416,0.145891,36.7011,19.5298,156.655
0.0523128,0.0450415,0.133855,38.4511,19.2133,156.67
0.0524537,0.0302181,0.120112,38.1236,19.7528,156.681
0.0514703,0.0324122,0.139384,40.4241,19.3938,156.685
0.0512391,0.0170584,0.111475,41.7185,19.4229,156.699
0.0533394,0.0128687,0.138372,36.975,19.5377,156.715
0.0519747,0.00255794,0.137529,39.1638,19.92,156.727
0.0523213,0.006761,0.153007,38.8755,19.8552,156.73
0.0515412,0.00780561,0.137296,40.5472,19.4724,156.744
0.051502,0.01972,0.136605,40.9784,19.842,156.746
0.0503988,0.0707186,0.0991789,43.4527,19.6674,156.759
0.0523822,0.0179061,0.13734,38.0373,19.7208,156.762
0.0531105,0.0644219,0.158262,36.8208,19.0296,156.803
0.0506554,0.00710546,0.0889373,43.0651,19.5267,156.818
0.0495872,0.0205052,0.0765468,46.393,19.372,156.841
0.0508058,0.0039861,0.116247,42.917,19.1821,156.847
0.0541905,0.00951178,0.161266,34.3887,19.6002,156.861
0.051163,0.0362752,0.113909,41.1327,19.7011,156.863
0.0489379,0.0145771,0.0700306,48.2777,19.3889,156.871
0.0527896,0.0141611,0.147758,37.4697,19.3164,156.876
0.0520484,0.0357411,0.117042,39.9363,19.4249,156.882
0.0519904,0.048295,0.121142,39.1984,19.8715,156.884
0.0523322,0.00742193,0.155285,38.8852,19.597,156.887
0.0514778,0.0656578,0.124308,40.895,19.9803,156.908
0.0492593,0.0195721,0.0722855,47.0036,19.0171,156.919
0.0515176,0.0468665,0.123368,40.1458,19.0006,156.92
0.0527537,0.0297502,0.148763,37.4609,19.9399,156.923
0.0527673,0.0164012,0.143636,37.7189,19.1558,156.937
0.0513084,0.0332601,0.102285,41.9561,19.3827,156.943
0.0530909,0.0559966,0.163379,36.5175,19.8559,156.964
0.0533277,0.016736,0.138762,36.3367,19.6542,156.966
0.050165,0.0349334,0.0884029,44.2254,19.1255,156.974
0.0511788,0.0212816,0.117718,41.7543,19.4349,157.014
0.0497433,0.0535757,0.0898801,45.464,19.2501,157.025
0.0503042,0.0152531,0.080254,44.1158,19.8531,157.027
0.0508643,0.0258399,0.100088,42.4169,19.7109,157.059
0.0502052,0.00330633,0.0924321,44.7202,19.7762,157.067
0.0508248,0.0155805,0.110682,42.2156,19.7364,157.076
0.0530767,0.0606733,0.161205,36.852,19.0431,157.076
0.0508614,0.0272811,0.104715,42.3021,19.7312,157.079
0.0501409,0.00521305,0.0978086,44.7091,19.8246,157.087
0.0514884,0.0294389,0.135919,40.4761,19.6032,157.09
0.0527158,0.0143857,0.1634,37.7753,19.0806,157.094
0.0528958,0.018531,0.128898,37.1571,19.9876,157.1
0.053017,0.00375451,0.100893,37.7804,18.8058,157.11
0.0527761,0.036567,0.143596,37.221,19.2514,157.126
0.0515826,0.057461,0.110461,40.4113,19.8649,157.134
0.0511776,0.00164725,0.128796,41.4751,19.2586,157.141
0.0528818,0.00814401,0.136386,37.3638,19.7546,157.147
0.0527329,0.0387958,0.15028,37.0914,19.7174,157.167
0.051891,0.0784906,0.123654,39.9762,19.3563,157.173
0.0542149,0.00413361,0.156636,34.3035,19.1135,157.18
0.0502428,0.035004,0.0831008,44.2602,19.7802,157.182
0.0502831,0.0112199,0.0855147,44.4499,19.3804,157.204
0.0516482,0.0434454,0.110665,40.05,19.4695,157.206
0.0537858,0.0095952,0.138084,35.2532,19.5301,157.208
0.0507948,0.0156691,0.118696,42.5717,19.2535,157.221
0.0501659,0.0481345,0.0900739,44.6397,19.5128,157.223
0.052707,0.0372145,0.153571,37.0012,19.4124,157.249
0.0536072,0.0497633,0.160885,35.2893,19.9158,157.257
0.0527193,0.0418318,0.151714,37.7601,19.7522,157.274
0.0495034,0.0156421,0.082377,46.5786,19.3602,157.288
0.0524226,0.0323606,0.129098,38.1857,19.0983,157.298
0.0510185,0.0965156,0.119847,41.1,19.6871,157.307
0.0531991,0.00347165,0.165372,36.1454,19.8242,157.308
0.0521335,0.00567799,0.105942,39.4805,19.6772,157.312
0.053826,0.000977737,0.135369,35.9707,19.8168,157.312
0.0518165,0.089639,0.13047,39.8974,19.0947,157.315
0.0529953,0.00704722,0.103342,37.9852,18.8769,157.321
0.0507821,0.0319405,0.112891,42.4637,19.3183,157.337
0.0515788,0.0192682,0.12437,40.9773,19.2448,157.354
0.0511221,0.0119826,0.133451,41.6989,19.0073,157.369
0.0509868,0.0215301,0.0898388,42.5174,19.2668,157.371
0.0503777,0.0870835,0.100294,43.3392,19.5332,157.377
0.0501314,0.0174716,0.0972842,44.1566,19.3337,157.411
0.0523282,0.0628375,0.128438,38.1096,19.8491,157.412
0.0528235,0.0310369,0.129466,37.0739,19.8329,157.42
0.0536869,0.0306913,0.15092,35.2267,19.9443,157.423
0.0506039,0.0255577,0.0910392,43.2367,19.3014,157.43
0.0506863,0.00778334,0.0827829,43.4169,19.5917,157.441
0.0532809,0.016959,0.13512,36.4215,19.6401,157.466
0.0515779,0.0223182,0.116817,40.5032,19.9161,157.47
0.0522792,0.0233022,0.160743,38.7018,19.9894,157.473
0.0497848,0.00702938,0.0938281,45.1866,19.7297,157.476
0.0515744,0.00336964,0.134596,40.536,19.1508,157.484
0.052694,0.0537392,0.152279,37.5532,19.8403,157.486
0.0515522,0.0545418,0.113192,40.7145,19.0669,157.492
0.0531313,0.0324449,0.164575,36.1015,19.8551,157.493
0.0523905,0.0505201,0.127941,38.3904,19.9071,157.499
0.0518518,0.0497931,0.138886,39.6445,19.3662,157.499
0.0515172,0.0738548,0.119295,40.2851,19.2409,157.516
0.0510605,0.0382549,0.133422,41.5172,19.9557,157.517
0.0518018,0.0437829,0.157317,39.593,19.6887,157.522
0.0503591,0.088393,0.103355,43.5021,19.4416,157.532
0.0505256,0.0189214,0.0986695,43.0132,19.1322,157.539
0.0518618,0.018577,0.152555,39.1721,19.3706,157.539
0.0532976,0.00804194,0.147068,36.0356,19.0218,157.554
0.0517766,0.00976209,0.0896772,40.9072,18.9585,157.556
0.0491163,0.0507236,0.0798379,47.2936,19.7448,157.56
0.0528271,0.00309555,0.135019,37.4046,19.4398,157.58
0.049469,0.0566438,0.0813446,46.1311,19.7843,157.587
0.0522799,0.0250797,0.160004,38.9413,19.5952,157.598
0.0522526,0.0497172,0.148053,38.857,19.1237,157.614
0.0536521,0.0301876,0.162849,35.5542,19.9969,157.614
0.0500015,0.0964048,0.0953088,44.3118,19.0609,157.615
0.0519229,0.0141458,0.147611,39.0178,19.1235,157.616
0.0514039,0.013414,0.0841467,41.5066,18.6449,157.623
0.0521459,0.0195593,0.110958,39.2042,19.6322,157.625
0.0523211,0.0148754,0.157963,38.2543,19.2761,157.626
0.05115,0.0151726,0.123611,41.579,19.4801,157.629
0.0524867,0.0274058,0.10388,38.9597,18.8778,157.648
0.0519094,0.0775201,0.121006,39.6758,19.0993,157.65
0.050919,0.0389579,0.0985425,42.7123,19.8308,157.65
0.051872,0.0538077,0.13006,39.3204,19.4526,157.655
0.049144,0.039261,0.079182,47.6487,19.6754,157.665
0.0546126,0.0083851,0.143823,33.222,18.5127,157.67
0.050641,0.064515,0.127316,42.2925,19.4746,157.672
0.051494,0.0453654,0.128467,40.7723,19.1299,157.68
0.050224,0.00471061,0.0910327,44.1459,19.1575,157.688
0.0533339,0.0212107,0.130101,36.289,19.7161,157.699
0.0506883,0.0389888,0.128108,42.4826,19.6261,157.699
0.0529904,0.00607502,0.125487,37.6385,19.8743,157.705
0.0528846,0.0370465,0.130053,37.1575,19.6164,157.711
0.0546872,0.002804,0.13971,33.6211,18.9253,157.714
0.0524558,0.0340575,0.116945,38.9874,19.172,157.727
0.0503879,0.0920377,0.0991967,43.6425,19.2164,157.733
0.0491931,0.0447652,0.0757922,47.4582,19.0871,157.74
0.0541605,0.0181941,0.131846,34.8415,18.2489,157.745
0.0532706,0.0335885,0.142143,36.8452,19.0249,157.748
0.0517568,0.104761,0.137725,39.2497,19.5096,157.752
0.0506445,0.0213776,0.0843778,43.1751,19.3429,157.752
0.0505294,0.0493369,0.0942211,43.2672,19.28,157.755
0.0522421,0.0358935,0.15748,38.1212,19.2977,157.76
0.0532622,0.0351069,0.147106,36.4871,19.2239,157.761
0.0529708,0.0138175,0.104776,37.8223,18.8224,157.77
0.0536626,0.0188743,0.165236,35.3941,19.7255,157.774
0.0529743,0.00663313,0.122906,37.8423,19.6434,157.778
0.054238,0.00308352,0.162025,34.8699,19.0681,157.783
0.0515148,0.0581092,0.123526,40.7052,19.4648,157.798
0.0497391,0.0701742,0.0867449,45.6122,19.9207,157.802
0.050964,0.0309628,0.0906454,42.2859,19.2626,157.806
0.0537742,0.0166217,0.138835,35.7255,19.124,157.806
0.050916,0.0316145,0.0997636,42.4973,19.7514,157.806
0.0526456,0.0752736,0.154201,37.103,19.2035,157.812
0.0542478,0.0072446,0.153871,34.1782,19.3802,157.827
0.052393,0.0217792,0.13633,38.026,19.7483,157.837
0.0516971,0.0125017,0.0962624,40.3677,18.2309,157.845
0.0485614,0.0416906,0.0684663,49.2393,19.3447,157.85
0.0517704,0.111834,0.13556,39.5241,19.5055,157.857
0.0524124,0.0505386,0.128847,38.0657,19.7745,157.857
0.0505013,0.0125918,0.102892,43.5825,19.5612,157.863
0.0522048,0.0934727,0.144312,38.5241,19.543,157.863
0.0494607,0.022098,0.0854462,46.0595,19.6421,157.868
0.0526569,0.0800253,0.144792,37.0659,19.4177,157.87
0.0520813,0.0389358,0.114562,39.5768,19.6427,157.874
0.0497529,0.0284077,0.093794,45.2253,19.8678,157.875
0.0537167,0.0240459,0.143328,35.9427,19.1259,157.876
0.0511795,0.0218217,0.121377,41.5955,19.5184,157.878
0.0520432,0.022911,0.11237,39.7135,19.1835,157.887
0.050981,0.0145439,0.0841438,42.2916,18.8833,157.893
0.0532725,0.0288352,0.13422,36.4694,19.8799,157.894
0.0513886,0.0523898,0.150915,40.3147,19.6495,157.896
0.050102,0.00876356,0.100839,44.885,19.6124,157.907
0.0494583,0.0636383,0.0812819,46.4439,19.9325,157.907
0.0493449,0.0110403,0.068088,47.1646,19.2416,157.908
0.052076,0.0233603,0.118349,39.0684,19.9081,157.912
0.0545745,0.0211511,0.145427,33.5896,18.5982,157.921
0.0531281,0.0689299,0.15416,36.7814,19.729,157.929
0.0526528,0.0540791,0.155333,37.3908,19.4131,157.931
0.0506528,0.0220843,0.0864305,43.5886,19.9247,157.935
0.0506892,0.0015082,0.077133,43.2189,18.3185,157.944
0.0494093,0.0107718,0.0918898,46.2813,19.47,157.947
0.0494004,0.0727432,0.0828949,46.8589,19.5221,157.952
0.051624,0.0123398,0.121483,40.8744,19.0228,157.953
0.0518067,0.0487126,0.155961,39.1956,19.0975,157.955
0.055069,0.00505404,0.155492,32.181,18.5603,157.956
0.0520052,0.0509697,0.117178,39.7107,19.8122,157.964
0.054167,0.0270621,0.164218,34.7947,19.8767,157.971
0.049596,0.0283972,0.0759005,46.7377,19.1868,157.972
0.0511054,0.0224406,0.134934,41.2144,19.9945,157.982
0.0520852,0.0125433,0.109361,39.309,19.3124,157.982
0.0514227,0.09623,0.126998,40.6823,19.0077,157.987
0.0510017,0.0649411,0.135544,41.8619,19.6688,157.991
0.0519102,0.0175878,0.139599,39.4824,19.2954,157.995
0.0509344,0.0075557,0.0896941,42.2724,18.6832,157.998
0.0512427,0.0502214,0.100525,41.8887,19.3924,158.01
0.0537318,0.025336,0.122121,35.4104,18.3734,158.011
0.0536883,0.0292386,0.145195,35.9757,19.8264,158.019
0.0541821,0.00400809,0.136745,34.393,18.223,158.02
0.0517972,0.0517549,0.156332,39.2014,19.0654,158.025
0.0514197,0.0552914,0.140744,40.0891,19.1031,158.027
0.0533222,0.00249088,0.146876,36.9158,19.8471,158.029
0.0515647,0.0212976,0.119763,40,19.1166,158.034
0.05245,0.0414125,0.105006,38.5517,18.7506,158.039
0.0514175,0.0391057,0.1509,40.9124,19.0017,158.044
0.0493609,0.0733687,0.0879677,46.7428,19.0233,158.044
0.0502598,0.0290206,0.0854197,44.274,19.0952,158.054
0.0506129,0.102585,0.117327,42.3656,19.3494,158.067
0.052029,0.0209141,0.1051,39.3548,18.7712,158.069
0.0503626,0.0439993,0.115565,43.5716,19.125,158.072
0.0526315,0.0738409,0.149096,37.0971,19.3589,158.079
0.0532521,0.048815,0.143931,36.687,19.1013,158.081
0.0499554,0.0918431,0.102279,44.2619,19.8396,158.083
0.0511003,0.0723385,0.112207,41.7373,19.7335,158.087
0.0504868,0.0637921,0.0959269,43.2153,19.3853,158.092
0.0534207,0.00105243,0.124599,36.4835,19.9171,158.093
0.0515823,0.0196808,0.116103,40.4851,19.9963,158.094
0.0499597,0.0996418,0.0987161,44.668,19.2656,158.094
0.0531516,0.0308673,0.152682,36.9191,19.0357,158.096
0.054161,0.0205361,0.133502,34.0257,18.0433,158.098
0.0523355,0.067155,0.130072,38.217,19.1652,158.11
0.053659,0.041119,0.154558,35.343,19.218,158.123
0.0546947,0.00343474,0.163937,33.021,19.6177,158.123
0.0518675,0.0506468,0.138421,39.6103,19.3307,158.129
0.051934,0.0713752,0.121705,39.4352,19.0861,158.13
0.052724,0.0266262,0.14815,37.6336,19.7507,158.137
0.0511501,0.0509216,0.117108,41.0658,19.6689,158.141
0.0522487,0.0497896,0.150231,38.0059,19.3937,158.141
0.0507373,0.041402,0.115769,42.1186,19.9839,158.143
0.0513828,0.0231638,0.0935665,41.6066,19.5322,158.144
0.0510422,0.101847,0.11893,41.8911,19.0139,158.144
0.0523235,0.00150678,0.164631,38.3816,19.994,158.144
0.0525464,0.0193889,0.109819,38.4266,19.5436,158.154
0.0537492,0.0199816,0.146525,35.6403,19.9565,158.159
0.0500437,0.0443706,0.103393,44.3915,19.7198,158.167
0.0508086,0.0287778,0.112605,42.6972,19.3534,158.168
0.0531882,0.0375679,0.156029,36.1033,19.3874,158.17
0.0537114,0.0234033,0.127881,35.939,18.289,158.173
0.0500908,0.015738,0.100673,44.7263,19.6267,158.187
0.0535963,0.0564853,0.157717,35.4703,19.9667,158.2
0.0505927,0.124677,0.116012,42.7252,19.3449,158.21
0.0495637,0.0413066,0.0761675,46.8873,19.8021,158.211
0.0523164,0.0284061,0.150103,38.9033,19.5457,158.214
0.053229,0.0406914,0.137565,36.9057,19.3478,158.218
0.0531754,0.0108718,0.15909,36.9681,19.2947,158.225
0.0526134,0.0691228,0.156379,37.7707,19.5641,158.227
0.0497772,0.00490552,0.0987643,45.8952,19.0139,158.23
0.0532896,0.0204946,0.147806,36.0133,19.8069,158.231
0.0519819,0.00802116,0.115001,39.2575,18.5367,158.231
0.0494073,0.0480425,0.0858219,46.297,19.3338,158.234
0.0541364,0.012069,0.157694,34.7518,19.7157,158.234
0.0524388,0.0204691,0.109137,38.6975,18.4026,158.236
0.0517088,0.0372386,0.106513,40.5345,19.3567,158.241
0.0509858,0.00134523,0.0981054,42.7701,19.1854,158.241
0.0506099,0.0800033,0.128221,42.0226,19.6127,158.249
0.0513545,0.0700177,0.149941,40.4837,19.0752,158.25
0.0541577,0.0183268,0.136133,34.7354,18.6939,158.25
0.0510111,0.115005,0.119847,41.8813,19.4772,158.26
0.0504585,0.00586825,0.106191,43.9035,19.0634,158.264
0.0541823,0.0246307,0.164617,34.6257,19.738,158.267
0.0523101,0.0261836,0.155625,38.4074,19.6831,158.269
0.0518325,0.0387629,0.157347,39.4202,19.6012,158.272
0.0530134,0.00479891,0.121946,37.0593,19.59,158.274
0.053211,0.00496384,0.138919,36.1289,18.9071,158.276
0.0534079,0.00535999,0.126475,36.8076,19.1185,158.282
0.0522898,0.0583499,0.141734,38.1382,19.2526,158.283
0.0518191,0.037118,0.159985,39.1575,19.3896,158.285
0.0522908,0.0516693,0.143941,38.9409,19.9189,158.286
0.0502677,0.0349786,0.0809886,44.7091,19.0156,158.294
0.0527588,0.0616502,0.142835,37.9232,19.5932,158.297
0.053756,0.0281596,0.14809,35.2179,19.279,158.301
0.0522809,0.044509,0.149193,38.5766,19.0544,158.315
0.0526639,0.0523534,0.160356,37.398,19.5659,158.318
0.0513454,0.0334492,0.0869615,41.8268,18.2382,158.331
0.0506349,0.0223468,0.0900056,43.5177,19.8861,158.333
0.0529827,0.0074193,0.113726,37.829,19.1008,158.352
0.0529518,0.0197107,0.11695,37.7591,19.6192,158.359
0.0525041,0.0360909,0.0992674,38.3772,18.7421,158.361
0.0528792,0.0428864,0.130367,37.6404,19.5688,158.362
0.0528405,0.000922107,0.127318,37.3471,18.9908,158.365
0.0496661,0.0802445,0.0944864,45.6883,19.4141,158.365
0.0529092,0.0296747,0.131115,37.7206,19.3048,158.367
0.0555984,0.00941009,0.162662,31.9405,18.0431,158.368
0.050558,0.0397026,0.0879011,43.592,19.9756,158.369
0.0522528,0.0392009,0.16226,38.4493,19.7719,158.371
0.0527085,0.0584733,0.149528,37.2555,19.1151,158.371
0.0482719,0.0333413,0.065345,50.9112,19.2477,158.373
0.0519392,0.0553042,0.127664,39.3548,19.4196,158.376
0.0523977,0.018215,0.115803,38.8966,18.4548,158.378
0.0521261,0.12222,0.147362,38.0893,19.4731,158.398
0.0530497,0.0867556,0.158901,36.3566,19.4714,158.403
0.0510568,0.106119,0.112422,41.0825,19.0232,158.418
0.0520616,0.00483447,0.107983,39.3173,18.6171,158.431
0.052764,0.00523779,0.151004,37.5616,19.2629,158.431
0.0546448,0.0121822,0.138838,33.2936,18.3951,158.433
0.051505,0.00354095,0.140221,40.3453,19.2802,158.439
0.0515542,0.0757244,0.115414,40.2867,19.3467,158.445
0.0503248,0.0700124,0.112042,43.441,19.2147,158.456
0.0506192,0.014227,0.0810268,43.4521,18.108,158.457
0.052777,0.00741774,0.143923,37.3112,19.4521,158.47
0.0484915,0.0672373,0.0704412,49.7042,19.3471,158.474
0.0505426,0.00863433,0.0930735,43.2269,19.1622,158.475
0.0530433,0.00107787,0.110343,37.3235,19.9356,158.5
0.0532458,0.0241166,0.123821,36.0533,18.4923,158.503
0.0518801,0.0453526,0.14118,39.91,19.846,158.505
0.0512224,0.0128306,0.108585,41.3341,19.8932,158.505
0.0500916,0.0358667,0.09965,44.3321,19.5569,158.507
0.0515889,0.0122065,0.117411,40.0932,19.2909,158.508
0.0488496,0.0484901,0.0736914,48.0152,19.2486,158.509
0.0489358,0.0217207,0.0708091,48.9231,19.6167,158.509
0.0507439,0.0543849,0.114831,42.0358,19.8542,158.513
0.0532648,0.00241758,0.131292,36.148,18.7313,158.516
0.05281,0.0609125,0.13502,37.7019,19.171,158.517
0.054653,0.0200029,0.162435,33.5272,19.9422,158.518
0.0518956,0.0054264,0.0809458,40.4069,18.6319,158.529
0.0514293,0.0499741,0.137809,40.0589,19.5244,158.533
0.0524109,0.037608,0.109467,38.1289,18.0797,158.533
0.051105,0.0636897,0.120222,41.0487,19.3827,158.535
0.0529436,0.00555637,0.132398,37.3564,19.9399,158.54
0.051263,0.0407906,0.0915997,41.5555,18.1945,158.545
0.05412,0.0344974,0.138486,34.7862,18.5177,158.548
0.0525485,0.119782,0.155765,37.6856,19.778,158.552
0.0514278,0.0492681,0.138459,40.559,19.3033,158.558
0.0515466,0.012512,0.138546,40.505,19.6116,158.56
0.0537389,0.0270815,0.147009,35.3466,19.236,158.561
0.0507536,0.0886561,0.106588,42.3365,19.7568,158.562
0.0520535,0.00929661,0.124634,39.7808,19.4678,158.563
0.0526346,0.0692511,0.159489,37.0789,19.3897,158.566
0.0524151,0.00371137,0.126359,38.2687,19.1493,158.566
0.0555756,0.00938647,0.164349,31.9063,18.5768,158.566
0.0526041,0.0785047,0.152494,37.7798,19.7172,158.583
0.0536932,0.0390039,0.144329,35.5075,19.2894,158.594
0.0524182,0.0145291,0.115003,38.3744,18.7373,158.601
0.0501648,0.0651874,0.0852146,44.3499,19.2563,158.605
0.0524341,0.053046,0.103504,38.2341,18.1224,158.605
0.0520534,0.0179405,0.102248,39.5419,18.4061,158.608
0.0538538,0.00817562,0.116115,35.7481,18.3865,158.61
0.0501616,0.0106074,0.0979389,44.0231,19.7465,158.613
0.0504341,0.0108917,0.114925,43.5574,19.46,158.623
0.0503279,0.109698,0.103655,43.6169,19.6331,158.627
0.0518018,0.0864262,0.139601,39.7279,19.9991,158.635
0.0527712,0.0239335,0.13012,37.3222,18.1645,158.641
0.0516956,0.126751,0.140692,39.8872,19.2419,158.641
0.0505523,0.0511949,0.0875379,43.8553,19.4186,158.646
0.0521112,0.00831655,0.106891,39.9958,19.2949,158.646
0.0480241,0.0179818,0.0609947,51.9485,19.3172,158.646
0.053428,0.0039178,0.118532,36.859,19.5581,158.647
0.0501732,0.0262396,0.093291,44.311,19.4146,158.659
0.0502402,0.128907,0.109357,43.305,19.8483,158.659
0.0536602,0.0264094,0.132489,35.5937,18.2372,158.666
0.0515935,0.0167561,0.114377,40.5747,19.1347,158.667
0.0533935,0.00404406,0.121144,36.235,19.9088,158.674
0.0506154,0.116927,0.117013,42.5633,19.3646,158.685
0.0499167,0.0051842,0.084143,45.0017,19.9071,158.698
0.0542793,0.0092704,0.122787,34.684,18.2601,158.704
0.0523998,0.0197613,0.118131,38.4555,18.5501,158.711
0.0527878,0.0479753,0.116694,37.8423,18.5905,158.718
0.0505535,0.138395,0.117531,42.7288,19.4022,158.724
0.0528458,0.0429174,0.124549,37.9568,19.3922,158.739
0.0508798,0.0134622,0.0952066,42.9921,18.7932,158.746
0.0534128,0.0111911,0.126511,36.6158,19.7059,158.746
0.0542751,0.00797664,0.147065,34.679,19.628,158.764
0.0518813,0.00949174,0.14943,39.4541,19.2471,158.772
0.0530175,0.0971747,0.161917,36.3025,19.1343,158.782
0.0511409,0.0474838,0.10361,41.6119,18.5038,158.784
0.0490622,0.0895667,0.0804361,47.3273,19.3882,158.79
0.0518796,0.0510734,0.139101,39.783,19.0915,158.797
0.054263,0.0140794,0.12581,34.1479,18.3354,158.803
0.0523858,0.019952,0.141074,38.2114,19.4656,158.827
0.0522079,0.00563778,0.0984106,39.4405,19.1014,158.828
0.0525486,0.10412,0.155429,37.4078,19.1243,158.833
0.0523305,0.0698734,0.135406,38.426,19.3737,158.834
0.0498233,0.0105937,0.0925812,45.4526,19.7094,158.837
0.0487952,0.065071,0.0757866,48.2372,19.4359,158.846
0.0495841,0.101895,0.0976839,45.3649,19.5172,158.848
0.0550605,0.0211548,0.154248,32.3817,18.9344,158.849
0.0529534,0.0131139,0.108059,37.0023,18.8618,158.851
0.0523511,0.0310232,0.142212,38.1694,19.3647,158.852
0.053784,0.0123433,0.132409,35.9948,19.8183,158.853
0.0496601,0.0472705,0.0999249,45.866,19.9047,158.855
0.0509559,0.118307,0.126772,41.4031,19.3808,158.855
0.0517352,0.0270839,0.0981804,40.8421,19.4811,158.857
0.0542356,0.0218371,0.127694,34.74,18.5395,158.858
0.0493565,0.00405262,0.0633114,47.1567,18.0503,158.859
0.0533045,0.0217146,0.119976,36.3097,18.3348,158.866
0.0545995,0.00934687,0.151423,33.0858,18.3293,158.873
0.0533088,0.0235725,0.113165,36.5644,18.914,158.88
0.0532143,0.0206264,0.159226,36.907,19.4959,158.899
0.0531181,0.0657421,0.147736,36.3297,19.0937,158.912
0.0524074,0.0583351,0.119101,38.5579,19.2268,158.913
0.0555617,0.0057897,0.163336,31.7962,18.0915,158.915
0.0505344,0.0592244,0.0929747,43.9238,19.1321,158.918
0.0520137,0.0560695,0.114892,39.3031,19.0374,158.919
0.0506842,0.0175843,0.0808885,43.1173,19.5331,158.921
0.0528285,0.0234745,0.143512,37.3711,19.4306,158.921
0.0531128,0.0753601,0.149358,36.5749,19.7197,158.922
0.0521322,0.0984786,0.155054,38.0214,19.475,158.923
0.0521671,0.0157393,0.100541,39.884,19.5911,158.927
0.0535793,0.0685248,0.156319,35.2437,19.2426,158.928
0.0521374,0.126903,0.144314,38.4618,19.8254,158.929
0.0500664,0.0392363,0.10288,44.7238,19.7828,158.93
0.0520164,0.049213,0.11117,39.9199,19.3605,158.938
0.0542156,0.0241195,0.150558,34.0727,19.9122,158.949
0.0532884,0.0433456,0.142387,36.723,19.4901,158.953
0.0503499,0.0262208,0.0706484,44.2765,18.6915,158.953
0.0550733,0.00170357,0.160589,32.626,18.7398,158.954
0.0494805,0.00305939,0.0853274,46.0221,19.9455,158.956
0.0505624,0.0980356,0.1292,42.2651,19.4491,158.96
0.050723,0.0925743,0.109676,42.3494,19.0546,158.965
0.0512895,0.0880673,0.157189,40.3718,19.1437,158.973
0.048512,0.0369788,0.0724312,49.0294,19.9477,158.975
0.0517079,0.0114117,0.112248,40.2026,19.3354,158.977
0.0527473,0.0691115,0.138554,37.1276,19.1024,158.978
0.050545,0.144363,0.11937,42.9374,19.32,158.978
0.0510314,0.119552,0.112971,41.8179,19.0904,158.983
0.0510619,0.0720369,0.124712,41.8982,19.4065,158.984
0.04956,0.135131,0.0947197,45.4292,19.1079,158.987
0.0501287,0.00518541,0.0630522,45.8961,18.8977,158.987
0.0542524,0.0166217,0.140951,34.4589,19.0924,158.988
0.0510877,0.0326665,0.128115,41.1084,19.0585,158.988
0.0506116,0.00941235,0.0843762,43.2516,18.2434,159
0.0521592,0.0728514,0.160474,38.075,19.8116,159.001
0.0521031,0.0304134,0.0980236,39.5908,18.4538,159.001
0.0549953,0.0461035,0.160577,32.2012,18.6578,159.002
0.0493422,0.05095,0.0924417,46.1781,19.28,159.002
0.0509772,0.0679545,0.138171,41.2541,19.1843,159.007
0.0506383,0.0160877,0.0906721,43.6314,19.9221,159.008
0.0514684,0.0654921,0.130031,40.3184,19.2648,159.012
0.0540883,0.0132063,0.147957,34.5866,18.5233,159.012
0.0505976,0.0960368,0.123537,42.3051,19.2846,159.013
0.0493476,0.053565,0.0932192,46.9673,19.2015,159.017
0.0542538,0.0132375,0.152473,34.2362,19.7875,159.021
0.0536352,0.0488131,0.130144,35.8372,18.038,159.023
0.0504237,0.0946941,0.0952626,43.1331,19.0986,159.025
0.051347,0.0191235,0.0900269,41.4826,18.1176,159.029
0.0502156,0.13085,0.112528,43.0379,19.0013,159.037
0.0499352,0.126986,0.0982918,44.6833,19.7682,159.039
0.0542108,0.00291648,0.127042,34.4283,18.6541,159.042
0.0507006,0.0226866,0.0805396,43.9979,19.3634,159.044
0.0504967,0.069641,0.0935783,43.0433,19.6167,159.049
0.0533339,0.0199577,0.11717,36.7586,18.3798,159.05
0.0519019,0.0888329,0.119347,39.2698,19.4881,159.052
0.0523402,0.0658505,0.13562,38.8212,19.7884,159.053
0.0516312,0.0034262,0.126005,40.0753,19.2776,159.055
0.0521113,0.113802,0.147809,38.9112,19.4884,159.055
0.0521717,0.11848,0.14048,38.3189,19.5621,159.057
0.0527276,0.0462582,0.138678,37.804,19.0383,159.057
0.0502242,0.135645,0.110996,43.2801,19.7091,159.058
0.0522505,0.0958828,0.139155,38.4825,19.5198,159.059
0.0507897,0.0320431,0.117017,42.5685,19.8694,159.062
0.0504404,0.00112571,0.0687914,44.1822,18.7797,159.063
0.0497398,0.0915308,0.0845486,45.996,19.3461,159.065
0.050017,0.0213522,0.0676227,45.2271,18.3286,159.065
0.0504674,0.0089283,0.103442,43.9279,19.9959,159.067
0.0513172,0.10743,0.138935,40.647,19.3382,159.072
0.0523242,0.0357285,0.123018,38.0206,18.3077,159.073
0.0493315,0.0564054,0.0951863,46.9955,19.0311,159.076
0.0507331,0.0659696,0.114574,42.9789,19.8786,159.077
0.0513759,0.0301744,0.091432,41.0084,19.3216,159.084
0.0514538,0.0171288,0.0873306,41.3316,19.675,159.085
0.0528415,0.0543769,0.130903,37.8606,19.2884,159.098
0.052059,0.0430304,0.0963736,39.064,18.3784,159.099
0.0537762,0.0265588,0.139886,35.7978,19.3081,159.1
0.0520092,0.00212443,0.115714,39.5903,18.3082,159.103
0.0528544,0.0446789,0.111902,37.1092,18.8668,159.103
0.0527509,0.0376958,0.124726,37.7723,18.2192,159.106
0.0499533,0.0800361,0.107596,44.7741,19.1366,159.109
0.0524643,0.131377,0.164851,37.3127,19.9024,159.112
0.052755,0.0684375,0.114645,37.9838,18.6468,159.113
0.0519063,0.0270684,0.148169,39.4525,19.4474,159.119
0.0517905,0.00919412,0.0863199,40.6896,18.926,159.126
0.0530787,0.089235,0.156031,36.3513,19.6334,159.126
0.0503984,0.0538183,0.101119,43.469,19.4402,159.126
0.0499459,0.0536016,0.111632,44.2095,19.5534,159.126
0.052293,0.0482627,0.126707,38.6962,18.6368,159.128
0.0503006,0.0278712,0.0736547,44.3796,18.9549,159.129
0.0520121,0.0192531,0.112733,39.8336,18.4669,159.131
0.0532644,0.0367216,0.131855,36.911,19.702,159.138
0.0541574,0.0016468,0.13632,34.3031,18.1078,159.14
0.0517176,0.0267177,0.109232,40.0415,19.7343,159.142
0.052069,0.0307352,0.0972939,39.8774,18.3669,159.144
0.052894,0.0124913,0.121941,37.6711,19.8551,159.148
0.0517832,0.0238923,0.101901,40.9289,19.0363,159.156
0.0537921,0.0229222,0.141197,35.0026,19.7979,159.156
0.0531772,0.0540828,0.140812,36.569,19.2371,159.161
0.0542338,0.00356862,0.141559,34.1898,19.9783,159.165
0.0511985,0.0476721,0.11307,41.3557,19.6138,159.166
0.054559,0.0134977,0.150021,33.8716,18.3479,159.169
0.0537569,0.0220405,0.124775,35.0338,18.1342,159.169
0.0531626,0.0619475,0.125025,36.2896,18.1473,159.169
0.0511953,0.0270608,0.119087,41.1939,19.2372,159.173
0.0514065,0.0968527,0.122706,40.4255,19.7735,159.176
0.049677,0.0677155,0.0924851,45.765,19.0774,159.182
0.0513455,0.0830615,0.141765,40.0212,19.6841,159.185
0.0529054,0.0355222,0.11866,37.2778,19.7194,159.197
0.0516588,0.0162428,0.103608,40.8971,18.2037,159.2
0.0500185,0.0230053,0.0677808,45.6517,18.1945,159.204
0.0523198,0.0573099,0.117972,38.884,18.9944,159.211
0.0525741,0.0802799,0.159594,37.6176,19.2929,159.211
0.0518722,0.0545871,0.118454,39.3108,18.6315,159.215
0.0499288,0.0137937,0.0749145,45.8746,18.185,159.218
0.053743,0.0392073,0.120813,35.3491,18.9912,159.222
0.0507289,0.0564203,0.110188,42.8297,19.3342,159.223
0.0508789,0.0317725,0.0927706,42.1794,18.762,159.223
0.0522111,0.00378883,0.109678,39.5742,19.134,159.226
0.0525192,0.0106271,0.0999739,38.9638,18.9246,159.228
0.0502931,0.0324572,0.0783999,44.6477,19.3422,159.232
0.0515753,0.0744465,0.0980361,40.0179,18.9643,159.233
0.0499941,0.110692,0.093235,44.0551,19.813,159.233
0.0508857,0.0363907,0.0902496,42.3009,18.7852,159.234
0.052286,0.0878969,0.133475,38.5759,19.5018,159.234
0.0511511,0.0346401,0.12466,41.2422,19.2679,159.235
0.0491817,0.0176784,0.079993,47.162,19.4904,159.242
0.0509655,0.0445046,0.0902574,42.6453,19.7876,159.252
0.049926,0.0555113,0.114453,44.6374,19.3287,159.255
0.0534564,0.00758804,0.121387,36.2066,19.8492,159.26
0.0527307,0.072739,0.116954,37.5887,18.0365,159.261
0.0511395,0.0883497,0.105465,41.4028,19.2244,159.263
0.0522469,0.0849117,0.132113,38.8524,19.9019,159.269
0.0489336,0.126091,0.0852154,47.3634,19.3782,159.27
0.0506254,0.102731,0.113646,42.1468,19.7958,159.27
0.0521756,0.109554,0.146138,38.2929,19.0175,159.27
0.0508162,0.0648025,0.0909702,42.3271,18.0058,159.272
0.0498822,0.0962129,0.114768,44.9166,19.6204,159.276
0.0530294,0.00473355,0.105324,37.1365,18.1507,159.279
0.0506629,0.0713987,0.117981,42.7682,19.8132,159.282
0.0512715,0.155878,0.133187,40.6496,19.5595,159.285
0.055029,0.028687,0.162636,32.8524,18.9686,159.286
0.0518813,0.0527819,0.119857,39.6244,18.8834,159.287
0.0510076,0.0427984,0.0798578,42.7437,18.5234,159.291
0.052447,0.0529558,0.125478,38.1236,19.1814,159.296
0.0520874,0.0429383,0.109315,39.2896,19.5364,159.308
0.0522163,0.0543886,0.16489,38.0569,19.3574,159.309
0.0518749,0.0411378,0.148698,39.7928,19.2278,159.325
0.0535467,0.0803744,0.159144,35.5465,19.4,159.327
0.0521484,0.0691787,0.16437,38.6163,19.5069,159.33
0.0523384,0.0732026,0.109032,38.3761,18.1128,159.33
0.0501816,0.114346,0.120555,43.1707,19.4665,159.331
0.0511499,0.0928181,0.110942,41.4703,19.11,159.336
0.0537845,0.0258912,0.141251,35.7122,19.6065,159.337
0.0516475,0.139743,0.145032,39.5585,19.4806,159.341
0.051383,0.0767055,0.145188,40.3338,19.0562,159.342
0.0522713,0.000900281,0.0941943,39.5469,19.1397,159.347
0.0510204,0.0383184,0.142859,41.1194,19.9045,159.35
0.0515654,0.0610862,0.119108,40.9744,19.9926,159.351
0.0537693,0.0249794,0.134238,35.0009,19.8051,159.355
0.0504523,0.0213143,0.111396,43.1434,19.6569,159.355
0.0509734,0.0596955,0.14778,41.5956,19.1499,159.357
0.0520038,0.0715367,0.0997674,39.9819,18.8476,159.357
0.0537484,0.0198346,0.135322,35.866,19.1268,159.358
0.0532438,0.0415065,0.133302,36.8172,19.0551,159.359
0.0526509,0.0732678,0.156156,37.4341,19.6022,159.359
0.0533749,0.00736643,0.116454,36.5237,18.4079,159.36
0.0519218,0.08463,0.12292,39.3936,19.0135,159.36
0.052683,0.0466224,0.13476,37.7007,18.0438,159.368
0.048826,0.0332638,0.0742201,48.7263,19.4563,159.373
0.0529146,0.0353468,0.103929,37.6511,18.0503,159.376
0.0522561,0.0277321,0.155354,38.2664,19.0362,159.377
0.0520148,0.00393966,0.118461,39.0597,19.0732,159.386
0.0533727,0.00212347,0.103138,36.7227,17.312,159.388
0.053609,0.0540452,0.133689,35.8256,18.6764,159.388
0.053654,0.0608576,0.158029,35.5336,19.8243,159.394
0.0530007,0.0220818,0.099701,37.4929,18.1449,159.396
0.0534373,0.00140261,0.104173,36.7679,18.2246,159.396
0.0531614,0.0468923,0.129884,36.6145,18.6918,159.404
0.0529875,0.101903,0.161828,36.8643,19.0768,159.404
0.0503847,0.00603631,0.116414,43.3916,19.8936,159.405
0.0510682,0.105895,0.116499,41.2177,19.6952,159.405
0.054536,0.0430161,0.146637,33.5033,18.0193,159.413
0.0551436,0.0148765,0.143963,32.5665,18.7382,159.415
0.0503225,0.0981777,0.101786,43.1388,19.261,159.415
0.0528554,0.0490988,0.12372,37.415,19.9582,159.421
0.0533178,0.0424778,0.113339,36.3881,18.8611,159.422
0.0518864,0.105832,0.125984,39.3177,19.4836,159.424
0.0547016,0.00643844,0.15047,33.5571,19.4613,159.425
0.0534593,0.0143722,0.106849,36.5188,18.9879,159.425
0.0534259,0.0107762,0.112502,36.7889,18.6756,159.427
0.0496362,0.00880508,0.0694244,46.9782,18.4247,159.433
0.054722,0.0150008,0.150694,33.0636,19.7018,159.434
0.0505802,0.0540673,0.0872565,43.4897,19.6656,159.436
0.0527246,0.0554047,0.12583,37.925,18.5339,159.436
0.0500596,0.0477105,0.0957374,44.6591,19.6896,159.436
0.0514813,0.0753551,0.125741,40.9115,19.6868,159.437
0.0521473,0.00665018,0.115417,39.5073,19.1752,159.438
0.0520796,0.143765,0.150937,38.7578,19.5147,159.438
0.0531481,0.0644401,0.124477,36.9958,18.0816,159.438
0.0533514,0.0271657,0.128011,36.7621,19.7886,159.446
0.0488828,0.0834827,0.0970548,47.8233,19.7393,159.447
0.0509007,0.142841,0.124946,41.045,19.6788,159.46
0.0529935,0.0168606,0.0993567,37.6793,18.5722,159.461
0.0511948,0.0269717,0.100949,41.9712,18.4798,159.463
0.0519522,0.0881781,0.120369,39.6008,19.1414,159.472
0.0498947,0.065075,0.119263,44.708,19.4045,159.475
0.0498271,0.0960164,0.120222,44.3294,19.1984,159.476
0.0494236,0.0131144,0.0593575,47.2774,18.6878,159.481
0.0527295,0.0389106,0.127609,37.6007,18.9912,159.486
0.0506307,0.138203,0.10894,42.8215,19.3829,159.492
0.0520247,0.149297,0.15548,38.7531,19.6457,159.492
0.0535862,0.0708984,0.133422,35.1722,18.8369,159.5
0.0520775,0.117668,0.160745,38.529,19.1196,159.502
0.051422,0.0490635,0.138343,40.9409,19.7971,159.502
0.0497201,0.046678,0.0912024,45.4028,19.7722,159.503
0.0501256,0.0233168,0.100878,44.4521,19.7636,159.505
0.0509898,0.0910895,0.12449,41.7278,19.5197,159.508
0.0543007,0.00226349,0.127322,34.0555,18.7923,159.508
0.0509622,0.0494894,0.0938577,42.6734,19.8029,159.51
0.0540482,0.0574851,0.140293,34.1819,18.1806,159.511
0.0485883,0.044561,0.0679927,49.921,19.6372,159.511
0.0505893,0.125821,0.119118,42.0166,19.5339,159.512
0.048817,0.0446394,0.0764249,48.5507,19.5966,159.514
0.0524069,0.0615908,0.120752,38.7387,19.2914,159.519
0.051216,0.0159792,0.103705,41.447,18.7373,159.519
0.0514361,0.0190064,0.0940099,41.1834,19.3039,159.531
0.0537267,0.0408769,0.12416,35.0098,18.8379,159.533
0.0531467,0.0761715,0.146561,36.8834,19.8022,159.534
0.0541261,0.0434403,0.137032,34.2079,18.8727,159.534
0.0532984,0.00461868,0.153667,36.3243,19.571,159.541
0.0497112,0.0490468,0.0975285,45.84,19.2514,159.541
0.0531681,0.010147,0.157326,36.2082,19.4934,159.544
0.0513349,0.0785654,0.146162,40.2737,19.0391,159.544
0.0516324,0.0298559,0.097941,40.6543,18.23,159.545
0.0526887,0.0659892,0.12667,37.8611,18.2196,159.548
0.0528617,0.0175664,0.111357,37.3949,18.7121,159.548
0.0510163,0.0407614,0.141899,41.7426,19.8596,159.549
0.0511582,0.0693267,0.0981675,41.3013,18.2187,159.553
0.0514055,0.0107322,0.0995719,41.4735,19.5418,159.555
0.0501846,0.15695,0.109424,43.0972,19.28,159.557
0.052437,0.0531963,0.120736,38.7241,19.942,159.562
0.0523794,0.0215464,0.116187,38.8614,18.9047,159.562
0.0512758,0.0460046,0.106281,41.829,19.8278,159.563
0.0523534,0.0769495,0.128236,38.5951,19.1986,159.564
0.0528768,0.0351326,0.11206,37.4765,18.5319,159.565
0.0513898,0.0811216,0.140067,40.958,19.6526,159.569
0.0527795,0.0256702,0.152788,37.6872,19.7745,159.576
0.0494449,0.0478384,0.0813259,46.937,19.644,159.577
0.0520816,0.0527723,0.112409,39.1487,19.953,159.579
0.050651,0.0502685,0.0744176,43.2818,18.8967,159.586
0.0533485,0.0295107,0.126644,36.0854,19.3877,159.59
0.0496155,0.0892758,0.0998058,45.9019,19.0626,159.591
0.0525883,0.0209324,0.104419,38.6137,19.0262,159.592
0.051838,0.102168,0.132566,39.0774,19.2653,159.593
0.0518215,0.0166268,0.0997784,40.7851,19.7999,159.594
0.0514143,0.119445,0.118563,40.8356,19.8618,159.597
0.0501064,0.0942176,0.0871421,44.2366,19.1405,159.599
0.0511434,0.0220626,0.132303,41.5874,19.0109,159.601
0.0515521,0.0551223,0.105279,40.7045,18.575,159.601
0.0510579,0.0116025,0.0840518,42.5339,19.3461,159.607
0.054041,0.0161874,0.159865,34.028,18.7553,159.607
0.0493197,0.0116351,0.0654684,47.4475,18.3984,159.608
0.0508027,0.0528825,0.100909,42.841,19.2286,159.61
0.0502125,0.00524482,0.0840057,44.803,18.1805,159.611
0.0511335,0.0495732,0.111454,41.0158,19.6934,159.612
0.0515404,0.0258031,0.119833,40.2857,19.8228,159.614
0.0513099,0.116209,0.139812,40.5983,19.2623,159.614
0.0517465,0.0375522,0.0973518,40.7935,19.9251,159.615
0.0504588,0.0904767,0.0921535,43.7923,19.1047,159.618
0.0514281,0.0430884,0.150431,40.5947,19.8401,159.622
0.0488884,0.141207,0.0872947,47.9336,19.0917,159.628
0.0531681,0.0442554,0.13336,36.3654,18.7266,159.629
0.0522527,0.0952904,0.129948,38.1315,19.8437,159.63
0.0522801,0.000844035,0.100619,39.4729,19.7265,159.63
0.0518506,0.0483388,0.151367,39.2755,19.0143,159.633
0.0490169,0.0272313,0.0638087,48.8597,19.4751,159.635
0.048873,0.133816,0.0902111,47.2855,19.9036,159.635
0.050417,0.0259565,0.0671453,44.1607,18.8358,159.638
0.0513507,0.061218,0.150566,40.8636,19.8374,159.638
0.0546483,0.0213149,0.136262,33.0843,18.7795,159.639
0.0533053,0.00171369,0.117584,36.5355,18.347,159.641
0.0492826,0.0914951,0.0940921,46.5602,19.3913,159.644
0.0501054,0.0102344,0.0987055,44.6668,19.4534,159.646
0.052414,0.0119579,0.121201,38.6501,18.6542,159.649
0.0536212,0.0122299,0.145024,35.0645,18.2867,159.655
0.0484606,0.0504705,0.0749526,49.3187,19.5519,159.656
0.0520776,0.0135214,0.105274,39.3046,18.4363,159.657
0.0503944,0.0214024,0.119065,43.3029,19.6705,159.662
0.0543168,0.00754384,0.14442,34.8128,19.823,159.67
0.0494062,0.135062,0.11643,45.6277,19.6151,159.679
0.0514017,0.0689142,0.145935,40.3565,19.1137,159.681
0.0522671,0.0630894,0.133436,38.0481,19.7842,159.689
0.0545224,0.0241242,0.158505,33.9487,18.6412,159.69
0.0500745,0.138216,0.134703,43.4867,19.3845,159.691
0.0502546,0.141084,0.105945,43.868,19.5165,159.691
0.0513386,0.0660876,0.158834,40.3199,19.0093,159.698
0.0540385,0.0165556,0.159433,34.0344,18.05,159.698
0.0488737,0.0674043,0.0695692,48.9839,19.5637,159.699
0.0535912,0.0587804,0.136626,35.2122,18.1526,159.7
0.0500791,0.00626311,0.0715954,45.3232,19.7672,159.702
0.0511361,0.060576,0.104622,41.0901,18.9773,159.703
0.0524152,0.0616662,0.117872,38.0918,19.3443,159.704
0.0528081,0.0587304,0.114473,37.8702,18.8668,159.705
0.0491103,0.0838037,0.0781445,47.6394,19.4784,159.707
0.0535815,0.0704347,0.133291,35.2398,18.0119,159.709
0.0518364,0.0507218,0.1538,39.4558,19.3414,159.71
0.0517522,0.103278,0.144052,39.5749,19.8014,159.714
0.0478529,0.0215654,0.0705484,51.4607,19.5493,159.715
0.0525627,0.121593,0.151175,37.8804,19.6315,159.717
0.0541612,0.00125839,0.124717,34.2995,17.8833,159.719
0.0530624,0.00455954,0.106485,37.997,19.3208,159.72
0.051961,0.0127147,0.115096,39.8235,18.487,159.721
0.050489,0.122233,0.137549,42.6041,19.1865,159.722
0.0522911,0.1006,0.135249,38.9231,19.0685,159.723
0.0503151,0.0368661,0.0706854,44.0228,18.2322,159.725
0.0518344,0.0170489,0.086829,40.0702,18.9313,159.727
0.0525817,0.0231782,0.106231,38.1356,19.5441,159.727
0.0495093,0.0210447,0.0842868,46.5761,19.8476,159.73
0.0515004,0.0126639,0.148409,40.8508,19.4833,159.735
0.0503824,0.0821973,0.0909776,43.1026,18.5462,159.739
0.0523827,0.0440408,0.135687,38.0362,19.7845,159.743
0.0492866,0.00421174,0.066857,47.4932,18.2006,159.748
0.0522329,0.109217,0.13206,38.2933,19.3942,159.75
0.0530045,0.00422134,0.0991127,37.2251,18.12,159.757
0.0503462,0.073129,0.110917,43.4714,19.5736,159.758
0.0520726,0.0117547,0.106862,39.25,18.9281,159.761
0.0535917,0.0573896,0.136563,35.1084,18.6781,159.762
0.0540189,0.0273661,0.160085,34.377,18.3311,159.763
0.0525513,0.123898,0.1525,37.2267,19.9689,159.765
0.0514204,0.0803629,0.123581,40.0411,19.3832,159.765
0.0521075,0.0952351,0.162139,38.2846,19.2135,159.768
0.0508489,0.163031,0.129267,41.6992,19.7919,159.77
0.0517213,0.0928669,0.153954,39.8911,19.5568,159.773
0.0508252,0.0859205,0.100336,42.5004,19.3878,159.773
0.0489057,0.0616521,0.0683224,48.8372,19.9276,159.777
0.0495466,0.0214154,0.0738711,46.8256,18.8792,159.779
0.0489685,0.112738,0.0857725,47.2926,19.8586,159.782
0.0518702,0.100663,0.120831,39.9449,19.209,159.782
0.0504853,0.0501799,0.0890913,43.9179,18.9034,159.785
0.0495004,0.060887,0.0804188,46.1704,19.6083,159.787
0.0535809,0.0210932,0.163968,35.1255,19.7666,159.79
0.0496621,0.0127072,0.0677062,46.343,18.6278,159.792
0.051163,0.0919342,0.107837,41.5836,19.409,159.793
0.0514594,0.0543193,0.114778,40.6287,18.5769,159.794
0.0521264,0.123612,0.150788,38.6321,19.0111,159.795
0.0521135,0.0972264,0.155796,38.4116,19.072,159.795
0.0507573,0.00257457,0.0835366,43.6662,19.2521,159.795
0.0546368,0.0211579,0.156571,33.6886,19.653,159.799
0.0521501,0.0145249,0.0919134,39.7972,18.6278,159.799
0.0486207,0.086363,0.0870614,48.3073,19.5292,159.803
0.0526276,0.0156407,0.0978388,38.7835,18.0943,159.806
0.0486096,0.0834985,0.0890244,48.742,19.0464,159.807
0.0525689,0.103796,0.150179,37.5266,19.3101,159.81
0.0495779,0.0573655,0.108524,45.4421,19.3114,159.812
0.0531566,0.010068,0.144992,36.4325,18.3743,159.814
0.0550853,0.00742445,0.16394,32.7126,18.4947,159.824
0.0540413,0.0454672,0.145702,34.9748,18.9844,159.824
0.0536516,0.00999196,0.14838,35.3127,18.079,159.83
0.0516931,0.0180197,0.0931599,40.6827,18.0732,159.834
0.0502881,0.0349627,0.0723834,44.4736,18.9194,159.834
0.0513755,0.134167,0.1231,40.7727,19.6954,159.835
0.0513709,0.084246,0.14397,40.1075,19.6252,159.838
0.0535159,0.00480608,0.102902,36.9404,18.3231,159.84
0.0512085,0.161865,0.140007,40.4804,19.5011,159.841
0.0532284,0.0351534,0.156587,36.2005,19.5234,159.845
0.0533382,0.0184877,0.143259,36.8793,19.5676,159.849
0.0533266,0.0362091,0.129204,36.4121,19.8217,159.852
0.0531881,0.00206196,0.145807,36.2092,18.275,159.852
0.0511459,0.0198693,0.133011,41.898,19.2065,159.862
0.0536388,0.0676224,0.127838,35.7296,18.6297,159.863
0.0529803,0.1147,0.163423,36.7406,19.422,159.864
0.0535486,0.0834189,0.157023,35.4974,19.4694,159.866
0.0509311,0.00137405,0.0953201,42.0212,19.3848,159.866
0.052712,0.0296551,0.133245,37.4497,18.7874,159.867
0.050909,0.00639735,0.107728,42.2435,19.1432,159.867
0.0522978,0.0334283,0.158396,38.064,19.0833,159.867
0.053763,0.0173559,0.117605,35.7058,18.4297,159.876
0.0516765,0.106125,0.15654,39.1349,19.7117,159.885
0.0512754,0.159098,0.132768,40.0429,19.7431,159.887
0.0505092,0.120052,0.13593,42.3339,19.6326,159.89
0.0509251,0.0901334,0.139923,41.7448,19.2837,159.891
0.0522104,0.0906261,0.147197,38.1109,19.731,159.892
0.0504569,0.0416121,0.0900037,43.912,18.2825,159.893
0.0523576,0.00484799,0.125019,38.0834,18.6465,159.893
0.0516461,0.130105,0.148662,39.8472,19.2098,159.894
0.0532037,0.0743356,0.118904,36.2531,18.4113,159.897
0.0545066,0.032246,0.161533,33.9944,18.6273,159.898
0.051228,0.108512,0.163469,40.3797,19.1686,159.899
0.0536746,0.0355566,0.165026,35.1883,19.8586,159.901
0.0492148,0.00864907,0.0794137,47.0787,19.3673,159.902
0.0492432,0.0896726,0.100572,46.4466,19.3936,159.903
0.0520586,0.154618,0.151044,38.7923,19.0364,159.907
0.0546568,0.0257675,0.164449,33.8822,19.7204,159.907
0.0501964,0.111447,0.12336,43.3959,19.9643,159.909
0.0507577,0.00143895,0.0846651,43.2752,19.3964,159.909
0.0522747,0.0606387,0.12085,38.8356,18.0179,159.911
0.0540549,0.0659519,0.161826,34.419,19.5917,159.912
0.050087,0.0747838,0.0949335,44.337,19.1344,159.912
0.0535473,0.0428381,0.151123,35.3973,18.7248,159.912
0.0520164,0.142461,0.159555,38.5537,19.5848,159.913
0.0535994,0.0479676,0.13135,35.4529,18.8825,159.913
0.0511362,0.0550342,0.120458,41.0647,19.7094,159.914
0.051613,0.0783727,0.110993,40.3682,19.407,159.916
0.051914,0.0343131,0.145097,39.439,19.9489,159.918
0.0498063,0.0581947,0.0779686,45.1407,18.8389,159.924
0.0542125,0.0287592,0.151434,34.8856,19.3307,159.925
0.0523361,0.0253078,0.154152,38.8596,19.3469,159.926
0.0525994,0.0273305,0.0953798,38.8733,18.562,159.928
0.0511281,0.00571389,0.0859687,42.353,19.4341,159.934
0.0544799,0.05129,0.155512,33.1918,18.3002,159.947
0.0518424,0.0864041,0.124407,39.0925,19.2883,159.951
0.0535247,0.0334244,0.161633,35.9248,18.2538,159.953
0.0536432,0.0299253,0.130217,35.3754,18.5492,159.953
0.0509589,0.0504113,0.0952189,42.5743,19.3124,159.957
0.0503403,0.0881607,0.0944062,43.7232,18.6341,159.958
0.0535501,0.0852311,0.158263,35.7544,19.1986,159.964
0.0510094,0.0934816,0.110296,41.7151,18.9266,159.965
0.0506549,0.0150383,0.0803127,43.5637,18.9071,159.968
0.0485947,0.092361,0.0896889,48.6905,19.224,159.969
0.0538535,0.0109344,0.139086,35.8894,19.7392,159.972
0.0521697,0.122408,0.137828,38.4204,19.4708,159.973
0.0539954,0.0445348,0.155654,34.3225,18.2024,159.974
0.0522731,0.107694,0.135511,38.267,19.6188,159.974
0.0537614,0.0364505,0.144169,35.6903,19.8391,159.977
0.0522982,0.0277604,0.126639,38.1186,18.2578,159.981
0.047783,0.011619,0.0574065,52.718,19.0262,159.981
0.0516709,0.102349,0.158433,39.0449,19.5052,159.985
0.0506916,0.102263,0.112361,42.6119,19.4216,159.987
0.0532469,0.0579393,0.145862,36.6995,19.9552,159.988
0.0516206,0.0697313,0.107401,40.103,19.7875,159.988
0.0530136,0.0138297,0.0884619,37.4461,17.2488,159.991
0.0490789,0.00131394,0.0599166,48.1018,18.1759,159.992
0.0502015,0.155682,0.107175,43.1908,19.4283,159.992
0.0500387,0.0378317,0.06512,45.6589,18.8711,159.993
0.0499512,0.0426028,0.116908,44.0857,19.7299,159.994
0.0536258,0.0663156,0.158369,35.415,19.4709,159.996
0.0544985,0.038545,0.156503,33.0026,18.9427,159.997
0.0497441,0.0484881,0.0879774,45.9161,19.0915,159.998
0.0511076,0.00583593,0.0791315,42.572,18.7348,160.002
0.0509214,0.111061,0.135942,41.7951,19.7538,160.003
0.0545844,0.0372114,0.147811,33.1485,18.3069,160.012
0.052971,0.0261854,0.112129,37.4402,19.4609,160.012
0.0546165,0.0275582,0.15723,33.7297,19.3015,160.014
0.0495454,0.108762,0.104349,45.1349,19.3552,160.015
0.0530624,0.00552989,0.110415,37.7471,19.2669,160.016
0.0488494,0.101535,0.0993452,47.5443,19.8946,160.016
0.0527889,0.0492564,0.145788,37.1207,19.8747,160.017
0.0541499,0.0453774,0.151798,34.535,19.4319,160.018
0.0527237,0.0480579,0.129863,37.9984,18.2748,160.024
0.0486726,0.070245,0.0829972,48.1573,19.0554,160.024
0.0534757,0.00475506,0.113413,36.7794,19.283,160.026
0.0535333,0.0423238,0.152829,35.6161,18.9649,160.028
0.0538765,0.0103425,0.123307,35.5674,19.3789,160.028
0.0552222,0.00729243,0.157519,32.6789,19.6529,160.035
0.04948,0.064094,0.0730767,46.7708,18.2446,160.036
0.0495976,0.0294778,0.0698214,46.1831,18.1124,160.036
0.051298,0.113063,0.137278,40.6344,19.5269,160.045
0.0508288,0.0144625,0.118628,42.9413,19.5875,160.046
0.0531043,0.0951224,0.126591,36.2134,18.782,160.054
0.0523456,0.0473686,0.124892,38.3192,19.5993,160.055
0.0542389,0.0109604,0.138133,34.9428,19.9746,160.058
0.0530763,0.0879776,0.149262,36.1225,19.4659,160.061
0.0540995,0.0439235,0.133013,34.6503,18.8508,160.062
0.0510796,0.0231484,0.0836009,42.5404,19.4056,160.064
0.0508406,0.0201122,0.0985478,42.3267,18.5876,160.065
0.0514674,0.0753293,0.111459,40.7997,18.4852,160.066
0.0515063,0.04299,0.136202,40.4015,19.9133,160.066
0.0533933,0.00131743,0.118114,36.7373,18.5329,160.068
0.0531345,0.0791011,0.123465,36.3888,18.3763,160.068
0.0531945,0.0576824,0.125638,36.0355,18.6161,160.069
0.051631,0.0525535,0.0934749,40.5913,18.2224,160.071
0.0541896,0.0338409,0.154195,34.875,19.5972,160.072
0.051215,0.122509,0.158497,40.7303,19.9054,160.073
0.0550355,0.0156976,0.153891,32.6815,18.6277,160.077
0.0507507,0.0526056,0.1174,42.7437,19.4711,160.083
0.0526793,0.0929637,0.150097,37.4334,19.7418,160.084
0.0495957,0.0344535,0.0694472,46.6095,18.2413,160.085
0.0503882,0.113611,0.0950784,43.8067,19.4288,160.093
0.0488921,0.0638285,0.0673799,48.3271,19.4547,160.094
0.0519912,0.0527612,0.100864,39.0852,18.2697,160.095
0.0512008,0.0840718,0.103107,41.5864,19.1741,160.095
0.0501191,0.0713028,0.0805511,44.4135,18.7426,160.099
0.051373,0.0769891,0.149642,40.3355,19.0454,160.099
0.0485643,0.0824896,0.0921879,48.1529,19.039,160.102
0.051664,0.112033,0.156028,39.8138,19.5368,160.104
0.05165,0.122918,0.152765,39.2202,19.898,160.105
0.0534564,0.00634099,0.126328,36.663,19.1636,160.105
0.0514115,0.0838815,0.116753,40.2463,18.8158,160.106
0.0534859,0.0920223,0.164577,35.4619,19.613,160.108
0.0528688,0.0446296,0.118558,37.3415,19.4962,160.108
0.0506675,0.0211956,0.139034,42.8237,19.417,160.109
0.0506214,0.131994,0.114312,42.5009,19.1094,160.112
0.0502547,0.0713903,0.0726115,44.3708,18.712,160.114
0.052147,0.0890919,0.146604,38.8256,19.9874,160.115
0.0491412,0.165753,0.09548,46.7741,19.8276,160.116
0.0542256,0.0289662,0.154633,34.5706,19.0942,160.116
0.0520896,0.0552433,0.110784,39.2374,19.6621,160.117
0.0516811,0.0413861,0.0851632,40.6095,17.4761,160.117
0.0546726,0.0106911,0.132189,33.1574,18.3665,160.118
0.0551314,0.0183011,0.150777,32.9736,18.9329,160.118
0.0488144,0.157181,0.0921459,47.0019,19.1427,160.12
0.049301,0.0342309,0.0645121,47.4352,18.9737,160.125
0.0485367,0.145615,0.0864571,48.0894,19.9853,160.127
0.0511199,0.0185491,0.0761507,42.2737,18.5611,160.128
0.0544907,0.032351,0.163147,33.905,18.5575,160.129
0.0512975,0.028062,0.107281,41.5976,19.3968,160.138
0.0490371,0.117364,0.0783449,47.146,19.9271,160.138
0.0498467,0.0280503,0.0878095,45.3211,19.9444,160.145
0.0523664,0.0360315,0.141165,38.9167,19.9143,160.148
0.0547099,0.019448,0.114215,33.7231,17.3124,160.152
0.0488456,0.0627087,0.0662418,48.0694,18.8159,160.153
0.0526968,0.0392411,0.144021,37.3188,19.4327,160.153
0.0535285,0.0758758,0.138342,35.0004,18.7635,160.153
0.0516669,0.00486722,0.105668,40.2241,18.6488,160.155
0.0502637,0.0317383,0.0799689,44.5301,19.1049,160.155
0.0512804,0.069432,0.100668,41.166,19.0095,160.155
0.0505493,0.0802013,0.0779301,43.5604,18.4239,160.156
0.0523264,0.0331324,0.151425,38.5241,19.2795,160.157
0.0521771,0.0242593,0.0953892,39.4752,18.5857,160.158
0.0484408,0.00203877,0.0550478,50.7547,18.2556,160.161
0.05348,0.0101802,0.116507,36.6094,19.211,160.161
0.0516221,0.0730114,0.108189,40.0525,19.4141,160.162
0.0512959,0.0316607,0.10687,41.8752,19.7844,160.162
0.0512356,0.142682,0.145347,40.5024,19.7091,160.162
0.0527035,0.0106699,0.0901792,38.8555,18.5711,160.162
0.0540457,0.00477131,0.161805,34.173,18.074,160.164
0.0499868,0.078512,0.0981444,44.8511,19.0559,160.164
0.0511124,0.0178206,0.0772369,42.511,18.3807,160.164
0.0499482,0.138262,0.0946646,44.5791,19.4369,160.166
0.0520852,0.0386532,0.0883682,39.6689,17.1717,160.168
0.0496019,0.0559674,0.0662745,46.5126,18.7149,160.168
0.0521688,0.0317576,0.106823,39.8664,19.2164,160.17
0.0525118,0.0277512,0.104652,38.5482,18.7112,160.172
0.0546471,0.0169418,0.134732,33.18,18.1189,160.172
0.0505065,0.123005,0.133177,42.1706,19.2809,160.175
0.049683,0.0849171,0.0830638,45.9652,18.8175,160.185
0.0512171,0.177036,0.136937,40.4883,19.5599,160.187
0.053671,0.0161426,0.117982,35.5429,17.9299,160.189
0.0498779,0.126294,0.10763,44.6838,19.8749,160.191
0.0497464,0.00728654,0.0955896,45.7324,19.5615,160.192
0.0483935,0.0357786,0.0593563,50.1154,19.2294,160.195
0.0507567,0.0801786,0.0953003,42.7805,18.8836,160.197
0.0487804,0.123969,0.102749,47.2932,19.3976,160.2
0.0496752,0.0939562,0.0936201,45.4689,19.7879,160.205
0.0483905,0.0691178,0.0785224,49.6876,19.1641,160.205
0.052598,0.0365626,0.0954757,38.8582,18.6003,160.207
0.053337,0.0351211,0.123179,36.3812,19.0686,160.207
0.0512302,0.0882391,0.0889295,41.4446,18.3895,160.208
0.0515457,0.0810417,0.0973081,40.4907,18.4892,160.208
0.0530222,0.0195919,0.113179,37.3196,19.0493,160.209
0.0502936,0.0527454,0.0724149,44.0264,18.2778,160.21
0.0488944,0.00119413,0.0516924,49.924,18.5714,160.212
0.0534224,0.0212737,0.118582,36.3732,19.9938,160.213
0.0539516,0.00189168,0.110086,35.3338,18.3075,160.215
0.0530234,0.0604936,0.1533,36.5783,18.0923,160.217
0.0523363,0.0120955,0.162336,38.976,19.4806,160.218
0.0488587,0.00719297,0.0525412,49.816,18.6186,160.222
