beta,permeability,xi,init_days,delay,value
0.0663619,0.000811942,0.16474,92.9118,19.5129,278.661
0.0660924,0.00175288,0.153077,93.0074,19.0357,278.695
0.0663552,0.000900446,0.160333,92.6204,19.8723,278.701
0.0658379,0.000749569,0.14223,94.8314,19.9464,278.715
0.0661184,0.00130221,0.163519,93.2871,19.3462,278.716
0.0656019,0.00157132,0.141768,95.9756,19.1243,278.721
0.0647304,0.0017732,0.156794,99.7384,19.0799,278.73
0.065352,0.00175569,0.135956,96.0327,19.0335,278.733
0.0660956,0.00480713,0.157808,93.4135,19.5654,278.735
0.0663541,0.000863368,0.158691,92.7294,19.2445,278.737
0.0661002,0.00401684,0.159133,93.8842,19.3534,278.739
0.0656238,0.00157758,0.15095,95.0744,19.3135,278.772
0.0649585,0.00132257,0.158283,98.1398,19.2553,278.781
0.0655764,0.00138763,0.139639,95.2731,19.4655,278.783
0.0649304,0.000920806,0.147134,98.9955,19.9783,278.783
0.0651572,0.000417851,0.146887,97.9141,19.1814,278.787
0.0658291,0.00752336,0.148855,94.7872,19.3433,278.79
0.0656331,0.00120535,0.154157,95.9316,19.8353,278.791
0.0647402,0.00505943,0.162629,99.9832,19.777,278.792
0.0653796,0.0009668,0.148351,96.5987,19.2427,278.792
0.0660971,0.00160157,0.149005,93.2696,19.3849,278.8
0.0660778,0.00505652,0.150472,93.4393,19.3271,278.8
0.0663539,0.00257902,0.158732,92.6876,19.2974,278.805
0.0660911,0.00157961,0.158455,93.2921,19.4262,278.806
0.0663479,0.00376653,0.165564,92.8923,19.7762,278.806
0.0651238,0.00235028,0.136188,97.011,19.2983,278.806
0.06612,0.00266322,0.160281,93.4897,19.1896,278.808
0.065407,0.0018111,0.15856,96.5409,19.0952,278.808
0.0660805,0.00339345,0.153451,93.4149,19.8961,278.815
0.0658221,0.0114602,0.148666,94.2204,19.2894,278.816
0.0656134,0.00470114,0.149729,95.0833,19.1153,278.818
0.0653586,0.00204332,0.135093,96.0627,19.2419,278.818
0.0658792,0.00336395,0.164341,94.8867,19.5437,278.818
0.0651184,0.000551149,0.130894,97.4622,19.2058,278.821
0.0653454,0.00639538,0.137159,96.2431,19.2361,278.823
0.0663459,0.00404666,0.165489,92.149,19.321,278.823
0.0654178,0.00161618,0.16272,96.4081,19.793,278.826
0.0661262,0.00237243,0.163008,93.7361,19.1987,278.828
0.0647355,0.00474229,0.164621,99.7568,19.982,278.828
0.0647255,0.00787791,0.161008,99.0125,19.9736,278.832
0.0658289,0.00053051,0.137106,94.8421,19.9013,278.833
0.0663484,0.00338568,0.157159,92.1441,19.3372,278.836
0.0654023,0.00117406,0.15234,96.0573,19.5772,278.836
0.0649449,0.00411054,0.157604,98.8226,19.7158,278.836
0.0658752,0.00250929,0.155063,94.1224,19.1192,278.837
0.0658187,0.00107675,0.141454,94.4866,19.6851,278.837
0.0653556,0.00472651,0.138015,96.6192,19.5738,278.837
0.0649244,0.00300297,0.145996,98.1875,19.2067,278.838
0.0658595,0.00507493,0.152591,94.1107,19.9637,278.839
0.0653596,0.00348836,0.143608,96.4113,19.8526,278.84
0.0660729,0.0100962,0.152741,93.1466,19.6509,278.841
0.0655781,0.0102741,0.143598,95.0309,19.4951,278.842
0.0647149,0.00139405,0.153316,99.6877,19.9758,278.844
0.0648747,0.000493886,0.125963,98.0064,19.7243,278.845
0.0655794,0.00456929,0.143031,95.5533,19.9106,278.846
0.0656128,0.0068314,0.1528,95.3315,19.6549,278.847
0.0651254,0.00533568,0.140804,97.1004,19.7405,278.849
0.0663346,0.00909017,0.161195,92.1391,19.7012,278.849
0.065825,0.0122628,0.148534,94.3552,19.4315,278.849
0.0653941,0.00152587,0.147595,96.3252,19.0386,278.85
0.0653869,0.00175042,0.153161,96.5314,19.9295,278.852
0.0656397,0.00413088,0.16347,95.9091,19.1708,278.853
0.0660904,0.00847599,0.160911,93.483,19.9555,278.853
0.0653415,0.00840366,0.139508,96.3638,19.5188,278.857
0.066083,0.00998315,0.15919,93.4925,19.3912,278.857
0.0658577,0.00614388,0.15971,94.7812,19.9154,278.858
0.0653629,0.00460834,0.139807,96.8117,19.0419,278.859
0.0656071,0.00736677,0.149914,95.3059,19.5789,278.86
0.065113,0.00420427,0.132783,97.1784,19.3112,278.861
0.0649593,0.00545074,0.162352,98.6513,19.8418,278.862
0.0658483,0.000873557,0.139416,94.2413,19.1705,278.862
0.0648796,0.00340201,0.131375,98.9655,19.2422,278.862
0.0661351,0.00207396,0.165387,93.7732,19.3223,278.864
0.0661296,0.00309352,0.165385,93.0099,19.0455,278.864
0.0654166,0.00202281,0.159827,96.6173,19.7456,278.866
0.0663229,0.00399895,0.149224,92.5224,19.6532,278.867
0.0663443,0.00940121,0.164067,92.6514,19.0271,278.868
0.065337,0.00879815,0.13557,96.6545,19.6652,278.868
0.0651619,0.00264294,0.148205,97.5575,19.9037,278.87
0.0647134,0.00695925,0.153339,99.7037,19.3588,278.871
0.0665975,0.00346902,0.161743,91.6371,19.4772,278.871
0.0661082,0.00148248,0.146904,93.4562,19.2245,278.872
0.0658132,0.0148961,0.14767,94.8654,19.453,278.874
0.0663285,0.00163922,0.15422,92.9931,19.106,278.875
0.0661058,0.00733262,0.157727,93.8263,19.6962,278.878
0.0649287,0.00274108,0.144623,98.3918,19.1217,278.879
0.0660952,0.0018892,0.14596,93.4712,19.0207,278.879
0.0658129,0.0070671,0.142418,94.1944,19.3358,278.879
0.0658191,0.0150763,0.149994,94.1677,19.8671,278.88
0.0649425,0.00742308,0.158552,98.9687,19.3922,278.884
0.066099,0.00896657,0.158079,93.2961,19.8873,278.884
0.0656613,0.00153467,0.165055,95.2889,19.5509,278.885
0.064929,0.00624175,0.15104,98.4363,19.4784,278.885
0.0658117,0.0022816,0.143941,94.4852,19.5365,278.885
0.0653382,0.00338924,0.138522,96.2879,19.3362,278.885
0.0656147,0.000594676,0.154669,95.6986,19.1094,278.886
0.0658309,0.009683,0.153021,94.801,19.9393,278.887
0.0660676,0.00926334,0.150934,93.8592,19.772,278.887
0.0654093,0.00249192,0.154409,96.2759,19.6704,278.887
0.0651735,0.000687821,0.159212,97.9253,19.6642,278.888
0.0653931,0.00143127,0.144838,96.2316,19.6525,278.889
0.0651616,0.00472705,0.151397,97.1764,19.196,278.892
0.0651065,0.00913301,0.136576,97.881,19.007,278.892
0.0663329,0.00219488,0.162665,92.7727,19.1706,278.893
0.0663336,0.00497542,0.161625,92.8115,19.8217,278.893
0.0665925,0.00188873,0.162526,91.6251,19.4281,278.893
0.064711,0.00960953,0.157175,99.338,19.7268,278.895
0.0658313,0.00908177,0.153283,94.2727,19.441,278.895
0.0655623,0.00887447,0.139073,95.7058,19.1691,278.897
0.0651122,0.00691919,0.135176,97.8985,19.412,278.897
0.0663325,0.00751307,0.161948,92.018,19.4817,278.898
0.06584,0.00745882,0.144171,94.4251,19.5788,278.898
0.0660762,0.0015919,0.160544,93.2005,19.5658,278.899
0.0656169,0.00407325,0.156504,95.2165,19.7346,278.901
0.0655612,0.00519951,0.138105,95.096,19.5024,278.902
0.0646983,0.00514624,0.149268,99.4847,19.4903,278.902
0.0654295,0.00133246,0.1624,96.0303,19.3048,278.903
0.0658387,0.00337133,0.155606,94.2548,19.6283,278.904
0.06486,0.00209931,0.125103,98.0745,19.4362,278.904
0.0651253,0.000674052,0.141427,97.4569,19.6705,278.905
0.0665835,0.00242654,0.157275,91.387,19.9767,278.906
0.064706,0.0102945,0.154967,99.4698,19.6786,278.906
0.0653364,0.00137693,0.126672,96.596,19.3932,278.906
0.0648603,0.00315287,0.125583,98.5838,19.2456,278.907
0.0658059,0.00327475,0.135471,94.8978,19.1623,278.907
0.0663122,0.0008635,0.143609,92.9317,19.7925,278.908
0.0653155,0.00115056,0.12313,96.4822,19.4927,278.908
0.0650763,0.00112591,0.126362,97.0973,19.7063,278.908
0.0658245,0.0114516,0.145554,94.0802,19.9846,278.909
0.0653317,0.00177104,0.138814,96.144,19.1088,278.909
0.0653519,0.00820754,0.139197,96.9758,19.5099,278.909
0.0663292,0.00242434,0.162633,92.1677,19.672,278.909
0.065879,0.00492944,0.156184,94.9724,19.7635,278.91
0.0651399,0.00804443,0.147673,97.7284,19.4357,278.911
0.065627,0.0030041,0.145903,95.4327,19.0396,278.911
0.0655632,0.0155039,0.142498,95.5956,19.2118,278.912
0.0663479,0.0102091,0.164739,92.685,19.0891,278.912
0.0660566,0.00175477,0.139268,93.1182,19.4509,278.912
0.0660838,0.0116664,0.161685,93.0349,19.8431,278.913
0.0653165,0.00103887,0.126832,96.016,19.837,278.913
0.0648926,0.00134804,0.137398,98.6028,19.5369,278.915
0.0663239,0.00576118,0.15543,92.1972,19.5501,278.915
0.0648658,0.00244541,0.127662,98.4494,19.0818,278.915
0.0653397,0.00617395,0.130408,96.2966,19.7238,278.915
0.0651331,0.00833892,0.145148,97.4225,19.7384,278.915
0.0660635,0.0112416,0.150812,93.6186,19.2697,278.915
0.0649057,0.00488035,0.139071,98.1442,19.9792,278.916
0.064882,0.00718034,0.13526,98.6109,19.7379,278.916
0.0658376,0.00269223,0.15647,94.4458,19.0769,278.917
0.0653148,0.00778389,0.127792,96.363,19.848,278.918
0.0658248,0.0137532,0.153223,94.1169,19.399,278.919
0.0653902,0.00721877,0.155544,96.9693,19.1975,278.921
0.0647448,0.00370651,0.160819,99.5302,19.3964,278.921
0.065863,0.00981302,0.164559,94.2257,19.7395,278.921
0.0649079,0.00872858,0.146358,98.2446,19.3881,278.923
0.0649114,0.00424415,0.145975,98.8515,19.5927,278.924
0.066575,0.00286805,0.152945,91.1507,19.6695,278.924
0.0658099,0.00944944,0.139664,94.7225,19.2375,278.924
0.0663552,0.00134656,0.15159,92.7816,19.7647,278.924
0.0647483,0.00379409,0.162446,99.2905,19.893,278.924
0.0663613,0.00470316,0.157808,92.7769,19.0961,278.925
0.0653195,0.00750987,0.128295,96.8108,19.5645,278.925
0.065074,0.0121963,0.127336,97.0164,19.6812,278.926
0.0658913,0.00389222,0.162877,94.5578,19.953,278.926
0.0656392,0.00557864,0.160007,95.6703,19.6681,278.926
0.0649174,0.00889518,0.150469,98.9387,19.7636,278.927
0.0658678,0.00923349,0.166143,94.6133,19.595,278.927
0.0663429,0.0113263,0.164392,92.6956,19.3798,278.928
0.0660925,0.00547551,0.147961,93.4256,19.675,278.928
0.0665963,0.00478772,0.161345,91.9286,19.9423,278.928
0.0650895,0.00864374,0.127956,97.7303,19.9071,278.928
0.0649335,0.00709977,0.156728,98.0778,19.2358,278.929
0.065629,0.00397403,0.161815,95.319,19.517,278.93
0.0653147,0.000777402,0.126162,96.3057,19.7537,278.931
0.0658108,0.0179684,0.149117,94.0999,19.574,278.931
0.0663211,0.00188297,0.15489,92.8828,19.0723,278.931
0.0649262,0.00595186,0.146732,98.4455,19.1908,278.932
0.0658279,0.00445072,0.154978,94.1358,19.2593,278.932
0.0647159,0.0114809,0.159154,99.5832,19.4764,278.932
0.0660957,0.00818319,0.151771,93.2413,19.4772,278.933
0.0653941,0.0054981,0.159946,96.9294,19.1377,278.933
0.0660577,0.00261276,0.14332,93.1655,19.074,278.933
0.065645,0.00470448,0.158433,95.7741,19.0397,278.934
0.0658161,0.00479713,0.153473,94.0428,19.1939,278.935
0.0649477,0.0110623,0.16572,98.2048,19.3499,278.936
0.0658429,0.00343856,0.138532,94.5721,19.7199,278.936
0.0650743,0.00445271,0.124062,97.0472,19.4894,278.937
0.0656447,0.00570439,0.163368,95.445,19.8291,278.937
0.0661181,0.00779338,0.158835,93.8132,19.6753,278.937
0.0653154,0.0158783,0.134855,96.5559,19.8516,278.937
0.0648528,0.00833441,0.12542,98.9908,19.1892,278.939
0.0658414,0.00535751,0.15764,94.2593,19.0266,278.939
0.0656043,0.00747201,0.140225,95.6564,19.389,278.941
0.0651098,0.00570081,0.138237,97.9824,19.852,278.941
0.0658534,0.00248738,0.139951,94.7279,19.4379,278.941
0.0653779,0.00697083,0.154487,96.9547,19.0265,278.941
0.0663276,0.00573321,0.162971,92.3717,19.1971,278.942
0.0660918,0.00210586,0.142983,93.256,19.9524,278.942
0.0649531,0.0100103,0.164961,98.5383,19.1725,278.943
0.0666377,0.00045849,0.163525,91.7313,19.0746,278.943
0.0646424,0.00470146,0.126255,99.2144,19.1043,278.943
0.0660725,0.00330454,0.161051,93.3927,19.3744,278.943
0.0663297,0.0100321,0.16478,92.6997,19.4144,278.943
0.0665764,0.00120705,0.154708,91.8654,19.7794,278.944
0.0663012,0.00141685,0.13848,92.0265,19.6049,278.944
0.0651244,0.0113066,0.145309,97.5897,19.1614,278.945
0.0649374,0.000560759,0.156909,98.7843,19.8135,278.945
0.0658404,0.00131173,0.160674,94.08,19.9674,278.945
0.0666259,0.00192122,0.163548,91.8793,19.231,278.946
0.0656028,0.0119752,0.153534,95.8932,19.4373,278.946
0.0660814,0.00099674,0.140006,93.2586,19.3372,278.946
0.065827,0.00407371,0.156659,94.3791,19.2851,278.946
0.0665961,0.00183063,0.155512,91.5196,19.0324,278.947
0.065798,0.00296006,0.141852,94.0086,19.5327,278.949
0.0658302,0.00605641,0.139478,94.1617,19.1782,278.95
0.0663214,0.0041863,0.165061,92.7183,19.9221,278.95
0.0663176,0.00293572,0.153725,92.8091,19.3531,278.951
0.0658514,0.00743663,0.161141,94.9828,19.735,278.952
0.0650816,0.00120051,0.132629,97.9022,19.9065,278.952
0.06536,0.00732046,0.136387,96.4523,19.1518,278.952
0.0653122,0.0133166,0.134466,96.7682,19.6957,278.953
0.0650899,0.00650082,0.132167,97.1469,19.5664,278.953
0.0663353,0.0119712,0.161947,92.4145,19.0403,278.953
0.0660758,0.0163159,0.158538,93.3584,19.2599,278.953
0.0653764,0.00827764,0.148388,96.6432,19.2044,278.954
0.0651665,0.00552343,0.160395,97.1241,19.2757,278.954
0.0657965,0.00128929,0.128811,94.1615,19.8803,278.954
0.0660766,0.0137666,0.161457,93.303,19.2495,278.956
0.06533,0.00140622,0.124793,96.4959,19.4615,278.956
0.0663027,0.00268169,0.141002,92.3473,19.0425,278.956
0.0648962,0.00283682,0.130542,98.0578,19.2698,278.956
0.064634,0.00545416,0.124306,99.7172,19.8357,278.956
0.0656367,0.00637426,0.156281,95.058,19.023,278.956
0.0660634,0.0122639,0.154843,93.8739,19.3646,278.956
0.0653995,0.00501601,0.162762,96.377,19.7154,278.957
0.0653312,0.00290666,0.142943,96.5908,19.4986,278.957
0.0656097,0.00101323,0.157087,95.3562,19.2583,278.957
0.0647398,0.000851809,0.154576,99.2959,19.7298,278.958
0.0653669,0.0104511,0.148478,96.5293,19.622,278.959
0.0658008,0.00275392,0.136335,94.6004,19.6134,278.959
0.0660475,0.00117353,0.135137,93.9896,19.5372,278.96
0.0656072,0.00177464,0.156326,95.3478,19.8706,278.96
0.0663168,0.00527745,0.153711,92.5747,19.5207,278.96
0.0650991,0.0113614,0.134381,97.4267,19.8717,278.96
0.0655998,0.00545343,0.153614,95.9389,19.8945,278.961
0.0648508,0.000666492,0.117081,98.4534,19.0343,278.961
0.0660584,0.00903239,0.149034,93.1456,19.8335,278.961
0.0656003,0.00112474,0.15574,95.1555,19.2675,278.961
0.0658025,0.0086329,0.147722,94.2909,19.1572,278.962
0.0653407,0.00195168,0.146079,96.886,19.1155,278.963
0.0651011,0.00614905,0.13624,97.1472,19.5475,278.963
0.0653654,0.010064,0.14651,96.7989,19.474,278.964
0.066103,0.0115348,0.165316,93.1737,19.3349,278.964
0.0651101,0.00844638,0.133809,97.1587,19.8043,278.964
0.0655838,0.0129255,0.142549,95.9854,19.9299,278.966
0.0658886,0.00578826,0.164331,94.8797,19.8343,278.966
0.0649447,0.0100791,0.160061,98.4477,19.3922,278.966
0.0653865,0.00955084,0.159661,96.8535,19.7187,278.966
0.0660457,0.00111261,0.134006,93.3457,19.5207,278.967
0.0663178,0.00938582,0.151977,92.6153,19.8569,278.967
0.0663721,0.00598456,0.160415,92.869,19.3938,278.967
0.0653815,0.00774941,0.157038,96.8303,19.835,278.968
0.0646523,0.0071862,0.131158,99.1152,19.1796,278.969
0.064714,0.00455358,0.159113,99.4524,19.9535,278.969
0.066619,0.00254285,0.16182,91.9403,19.1746,278.969
0.0651474,0.0112859,0.154457,97.3288,19.0523,278.969
0.0650725,0.00758562,0.122477,97.5985,19.8108,278.969
0.0646689,0.00576442,0.138968,99.5811,19.0096,278.969
0.0660714,0.0173954,0.157625,93.3991,19.8402,278.97
0.066604,0.00646762,0.165151,91.7842,19.4965,278.97
0.0647229,0.00705027,0.154673,99.0166,19.3383,278.97
0.0655535,0.0113228,0.139837,95.4801,19.1402,278.971
0.0663437,0.00919697,0.159138,92.0947,19.9119,278.972
0.0658231,0.00579319,0.137337,94.3787,19.8605,278.973
0.0649123,0.012255,0.151002,98.2829,19.7644,278.975
0.0650874,0.00204059,0.135075,97.1613,19.6421,278.975
0.0657974,0.00186406,0.132933,94.2275,19.2547,278.975
0.0653533,0.0119596,0.143805,96.8231,19.6841,278.977
0.0649647,0.00242866,0.157627,98.7715,19.1464,278.978
0.0653074,0.00574619,0.130046,96.4237,19.2705,278.979
0.0653598,0.00837033,0.14969,96.0988,19.1772,278.979
0.0647035,0.00996988,0.156398,99.5712,19.2811,278.98
0.0651787,0.0020675,0.165662,97.0957,19.197,278.98
0.0653892,0.00808576,0.151919,96.4607,19.0404,278.981
0.0660807,0.00133202,0.139015,93.6526,19.793,278.981
0.0658502,0.012509,0.158348,94.1924,19.3306,278.981
0.0658312,0.0047853,0.158966,94.7455,19.9702,278.982
0.0648942,0.00335476,0.141231,98.9282,19.528,278.983
0.0653052,0.0169264,0.13399,96.6078,19.6501,278.983
0.0660691,0.00737022,0.143615,93.6474,19.0156,278.983
0.0653078,0.00558632,0.126969,96.0615,19.0066,278.983
0.0657958,0.00129627,0.13182,94.472,19.2551,278.984
0.0646521,0.0100405,0.134038,99.7713,19.0922,278.984
0.0661152,0.00796231,0.155602,93.382,19.4579,278.984
0.0651683,0.00565033,0.15147,97.1198,19.194,278.984
0.0663209,0.0109371,0.154627,92.8387,19.4152,278.984
0.0655813,0.00514047,0.151305,95.6821,19.4604,278.985
0.0648749,0.00445198,0.134152,98.8476,19.7333,278.985
0.0660709,0.0188655,0.160686,93.0637,19.8092,278.986
0.065799,0.0192572,0.146427,94.2573,19.6131,278.986
0.0663861,0.00107168,0.159262,92.8894,19.5758,278.986
0.0648633,0.00539253,0.13009,98.3482,19.517,278.987
0.0653165,0.00935144,0.128014,96.2964,19.6067,278.987
0.0649058,0.00133613,0.131871,98.0704,19.3574,278.987
0.0646986,0.0112113,0.149955,99.4176,19.6143,278.987
0.0663095,0.00125735,0.138493,92.4766,19.7815,278.987
0.0656114,0.0134043,0.160061,95.2132,19.2448,278.989
0.0648677,0.00687181,0.132113,98.5057,19.5052,278.989
0.0655704,0.0117761,0.146631,95.805,19.9448,278.989
0.0666115,0.00463709,0.162912,91.9702,19.6534,278.989
0.0650835,0.00370375,0.121228,97.3856,19.5275,278.99
0.0654002,0.00234943,0.16366,96.139,19.5116,278.99
0.0663089,0.00146625,0.138495,92.6905,19.8605,278.99
0.0655904,0.0036675,0.154486,95.3986,19.2955,278.991
0.0666333,0.00240286,0.163411,91.8511,19.0195,278.991
0.0663846,0.00544133,0.165947,92.2458,19.6365,278.991
0.0656118,0.0113515,0.159987,95.5718,19.5702,278.991
0.0646544,0.00442766,0.13333,99.8717,19.1261,278.991
0.0666176,0.00552212,0.166057,91.4269,19.9109,278.992
0.0648909,0.00354159,0.140383,98.1602,19.7273,278.992
0.064956,0.00655113,0.158787,98.9896,19.4523,278.992
0.0657932,0.00522016,0.131848,94.7054,19.0125,278.994
0.0650692,0.00372,0.119899,97.9033,19.4615,278.994
0.0655811,0.0141457,0.141849,95.3416,19.1615,278.994
0.0650982,0.0135263,0.138104,97.5505,19.6178,278.994
0.0660522,0.00653038,0.149179,93.2442,19.8265,278.995
0.0665763,0.00236455,0.161598,91.3387,19.205,278.997
0.0665555,0.000533698,0.144294,91.9215,19.7692,278.997
0.0651524,0.0123683,0.158805,97.9981,19.5251,278.998
0.0658119,0.0197885,0.153393,94.3832,19.7798,278.998
0.0660816,0.0160104,0.158012,93.0314,19.5361,278.999
0.0648859,0.00151798,0.13903,98.3077,19.3361,279
0.065188,0.00830413,0.164538,97.5277,19.1775,279
0.0660618,0.0149885,0.150635,93.9084,19.7264,279.001
0.0660781,0.00930582,0.163585,93.4616,19.8794,279.002
0.0646493,0.00492588,0.131744,99.8592,19.3639,279.002
0.0655626,0.0186519,0.145903,95.8707,19.8024,279.002
0.0651087,0.0140725,0.140928,97.0215,19.818,279.002
0.0649088,0.0086091,0.141651,98.3227,19.1198,279.002
0.0662957,0.000468114,0.147811,92.5347,19.1515,279.002
0.066871,0.00149015,0.165955,90.9303,19.9761,279.004
0.065546,0.00417647,0.133037,95.447,19.9098,279.005
0.0648907,0.00205757,0.126616,98.6642,19.9501,279.006
0.0658609,0.0115435,0.161134,94.8926,19.6402,279.006
0.065548,0.00988131,0.137348,95.18,19.8781,279.007
0.0650661,0.00792569,0.122489,97.8465,19.4385,279.007
0.0665762,0.00919906,0.1625,91.1947,19.1481,279.007
0.0655539,0.0173879,0.143228,95.657,19.9661,279.008
0.0655592,0.00900206,0.147631,95.664,19.3721,279.008
0.0658216,0.0145526,0.155404,94.5159,19.0874,279.008
0.065115,0.00769872,0.130725,97.1063,19.0429,279.008
0.0658435,0.00613072,0.161551,94.3252,19.475,279.009
0.0646946,0.0119326,0.148805,99.9535,19.7172,279.009
0.0658538,0.0141671,0.164798,94.9211,19.3064,279.009
0.066036,0.000637796,0.140267,93.0907,19.5215,279.011
0.0646572,0.0118261,0.137025,99.0684,19.2933,279.011
0.0655469,0.00204367,0.128689,95.4659,19.8257,279.011
0.0651688,0.00237636,0.162976,97.0923,19.1175,279.011
0.0646547,0.000574458,0.122236,99.1975,19.6421,279.011
0.0660542,0.0123144,0.151796,93.328,19.1736,279.012
0.065602,0.00474556,0.15707,95.5439,19.6077,279.012
0.0658381,0.0144495,0.147377,94.3666,19.0167,279.012
0.0665751,0.00304741,0.16321,91.4707,19.014,279.012
0.0655853,0.0137237,0.139838,95.9151,19.8662,279.012
0.0666003,0.00807396,0.164821,91.2251,19.959,279.012
0.0660373,0.00320543,0.130541,93.2502,19.004,279.013
0.0649045,0.00228737,0.146911,98.316,19.4632,279.013
0.0660838,0.00622786,0.143796,93.194,19.3225,279.014
0.0663147,0.0165384,0.16163,92.1781,19.5559,279.015
0.065304,0.0101874,0.125867,96.7057,19.1082,279.015
0.0653252,0.00923827,0.140787,96.5927,19.5578,279.015
0.0665717,0.00700836,0.159009,91.1182,19.4952,279.016
0.0658359,0.0142195,0.160013,94.0363,19.3143,279.016
0.0657924,0.00413041,0.133617,94.3304,19.0993,279.016
0.0648575,0.00294708,0.12956,98.6631,19.9008,279.016
0.0653618,0.0133856,0.148997,96.3966,19.6739,279.016
0.0649117,0.0016123,0.150265,98.0569,19.5825,279.017
0.0648786,0.00540823,0.126532,98.6859,19.0226,279.018
0.0653717,0.00320361,0.155363,96.2114,19.283,279.018
0.0649356,0.0133272,0.163649,98.2145,19.9284,279.018
0.0650984,0.0136486,0.135334,97.9572,19.1088,279.018
0.0663013,0.00283762,0.149117,92.1755,19.7883,279.018
0.0657926,0.00525803,0.134787,94.2758,19.9589,279.019
0.0660413,0.00546419,0.137044,93.6679,19.6506,279.019
0.066571,0.00632924,0.151459,91.8304,19.5074,279.02
0.0665751,0.00428998,0.162849,91.9157,19.8574,279.02
0.0661359,0.00192253,0.156421,93.1613,19.716,279.021
0.0648411,0.00170417,0.125766,98.7758,19.0722,279.021
0.0658367,0.00667757,0.160777,94.4075,19.9744,279.022
0.0646365,0.00470567,0.12732,99.5385,19.8097,279.022
0.0651223,0.00991393,0.137505,97.7976,19.0495,279.022
0.0648975,0.00984808,0.145625,98.0308,19.4803,279.023
0.0681262,0.00112607,0.152234,85.5802,19.7132,279.023
0.0665875,0.00973049,0.16283,91.0489,19.134,279.023
0.0658588,0.012221,0.159889,94.0955,19.7451,279.023
0.0660469,0.0117374,0.145592,93.5005,19.0168,279.024
0.0650922,0.00117755,0.119993,97.0079,19.4139,279.024
0.067089,0.0020297,0.155557,89.8622,19.4746,279.024
0.0660531,0.0112888,0.154672,93.0126,19.008,279.024
0.0651031,0.0041176,0.140998,97.807,19.514,279.025
0.0655457,0.0128739,0.135696,95.3103,19.6162,279.025
0.0660468,0.00775152,0.149626,93.5331,19.5233,279.025
0.0656163,0.0130351,0.159705,95.4231,19.1501,279.026
0.066571,0.00324547,0.163278,91.437,19.6137,279.026
0.0668133,0.00180414,0.14879,90.0417,19.2548,279.026
0.0660884,0.00174702,0.13798,93.0575,19.0144,279.026
0.0648582,0.0124637,0.131484,98.8825,19.6614,279.027
0.0648879,0.00142006,0.14221,98.6946,19.0652,279.027
0.0648844,0.00743419,0.140013,98.8041,19.0473,279.028
0.0648803,0.00880269,0.138742,98.8543,19.0641,279.028
0.0666323,0.00265752,0.16255,91.2234,19.7671,279.028
0.0660725,0.0160753,0.153989,93.9978,19.7176,279.028
0.0668334,0.00511317,0.157142,90.6305,19.7503,279.028
0.0673096,0.000423058,0.139552,88.4957,19.4417,279.028
0.0646452,0.00545375,0.125226,99.1865,19.9362,279.029
0.0655418,0.0122615,0.140998,95.0516,19.2144,279.029
0.0653956,0.0027586,0.163939,96.0522,19.9972,279.029
0.0656236,0.00104765,0.139043,95.1215,19.5002,279.03
0.0651026,0.00859501,0.139798,97.2748,19.9586,279.03
0.0667941,0.00203774,0.137632,90.8904,19.0304,279.03
0.066813,0.00277193,0.145436,90.2054,19.3051,279.03
0.0662966,0.00296626,0.149472,92.0634,19.9784,279.03
0.0650861,0.00545234,0.136383,97.5027,19.1733,279.03
0.0675916,0.00191163,0.150081,87.5199,19.1785,279.031
0.067102,0.00449519,0.166181,89.3546,19.1062,279.031
0.0655632,0.010086,0.148227,95.5894,19.7391,279.031
0.0648552,0.0120924,0.130399,98.7834,19.9826,279.031
0.0653352,0.00629259,0.146203,96.6084,19.8466,279.031
0.0649426,0.00228243,0.164458,98.5991,19.0309,279.031
0.0665758,0.00537799,0.151188,91.0874,19.9031,279.032
0.0655442,0.00586662,0.12919,95.4345,19.1041,279.032
0.0670451,0.000837219,0.135879,89.9053,19.0562,279.032
0.0655732,0.0191753,0.147741,95.2831,19.1205,279.033
0.0647126,0.000740456,0.142468,99.0804,19.6576,279.033
0.0655956,0.0142252,0.147983,95.3162,19.4348,279.033
0.0658217,0.00480602,0.157291,94.1314,19.9207,279.034
0.0647137,0.0117385,0.164316,99.2492,19.1212,279.034
0.0668277,0.000798048,0.147586,90.3989,19.0536,279.034
0.0653656,0.0101557,0.140764,96.9444,19.5771,279.034
0.0653201,0.0181308,0.1369,96.5398,19.2072,279.034
0.0655549,0.0201915,0.144958,95.5415,19.7591,279.035
0.0653176,0.0111388,0.139556,96.9527,19.744,279.036
0.0649576,0.00821887,0.161063,98.0186,19.5791,279.036
0.0646381,0.000543181,0.128472,99.6356,19.4394,279.036
0.0649455,0.00385123,0.165923,98.3032,19.6253,279.036
0.0666083,0.000940627,0.151468,91.4355,19.7509,279.037
0.0647134,0.0167902,0.162721,99.9745,19.7961,279.037
0.0649649,0.0051565,0.160314,98.6407,19.9979,279.037
0.06681,0.00158183,0.142374,90.1976,19.6431,279.037
0.0648499,0.0129432,0.127108,98.3423,19.1608,279.038
0.0650529,0.00363671,0.124518,97.503,19.0453,279.038
0.0648287,0.00879974,0.118743,98.6937,19.3941,279.038
0.0656022,0.0136413,0.149866,95.0806,19.5092,279.04
0.066849,0.00182774,0.156715,90.1437,19.1808,279.04
0.0648886,0.00168367,0.143967,98.953,19.4917,279.04
0.0648304,0.00403798,0.121961,98.8382,19.3997,279.04
0.0660355,0.00669444,0.134455,93.0349,19.3644,279.04
0.0657934,0.0140325,0.149644,94.3486,19.9087,279.04
0.0648455,0.0108523,0.126873,98.5946,19.1665,279.04
0.0670933,0.00516342,0.163746,89.7007,19.632,279.04
0.064915,0.0110285,0.145784,98.2387,19.4277,279.04
0.0665392,0.00260221,0.137282,91.4952,19.3213,279.041
0.0660915,0.0154741,0.160285,93.1497,19.8683,279.041
0.0647103,0.00689447,0.14821,99.484,19.0587,279.041
0.0655631,0.00979221,0.149966,95.713,19.3344,279.042
0.0655425,0.00982045,0.130866,95.4797,19.6192,279.042
0.066611,0.00798656,0.16605,91.4063,19.541,279.042
0.0655811,0.0133766,0.151925,95.5578,19.0773,279.042
0.0655832,0.0010692,0.152367,95.8464,19.1531,279.043
0.0660804,0.0141456,0.165784,93.6077,19.7103,279.043
0.0658187,0.00338613,0.132187,94.2156,19.2352,279.044
0.064612,0.000611255,0.117996,99.4847,19.7651,279.045
0.0676017,0.000804658,0.154888,87.6492,19.5769,279.045
0.0646116,0.00775992,0.118025,99.908,19.8656,279.045
0.0650603,0.013392,0.126045,97.535,19.1175,279.046
0.0668352,0.00587753,0.16505,90.2328,19.8332,279.046
0.0670433,0.00208089,0.136194,89.8805,19.1867,279.046
0.0653629,0.00277269,0.156937,96.1664,19.5817,279.046
0.0663276,0.0044104,0.144923,92.6283,19.6473,279.046
0.0658339,0.00716099,0.161898,94.2656,19.7862,279.046
0.0663453,0.0114209,0.159216,92.517,19.076,279.046
0.0653949,0.0102094,0.166073,96.2088,19.1948,279.048
0.0646597,0.00118177,0.139249,99.7351,19.4825,279.048
0.0658203,0.0189662,0.149577,94.0195,19.6421,279.049
0.0649004,0.00214783,0.148569,98.108,19.6344,279.049
0.0668761,0.00137273,0.16388,90.3141,19.9855,279.049
0.0660569,0.0222887,0.157601,93.7312,19.0168,279.049
0.0653104,0.00491378,0.138529,96.5839,19.0695,279.049
0.0675512,0.000643043,0.134016,87.5338,19.0218,279.05
0.0665508,0.00849734,0.147922,91.8651,19.9295,279.05
0.0660523,0.0148279,0.156176,93.8622,19.6632,279.05
0.0653756,0.0097173,0.144627,96.6398,19.844,279.051
0.0653289,0.0155225,0.134734,96.2527,19.7116,279.051
0.0646569,0.01334,0.13754,99.2433,19.9149,279.051
0.0655584,0.0206038,0.146659,95.6916,19.561,279.051
0.0650597,0.0112944,0.126457,97.195,19.7297,279.052
0.0681233,0.00361465,0.153382,85.5971,19.3431,279.052
0.0660401,0.00821141,0.148546,93.0162,19.6637,279.052
0.0653727,0.00554918,0.157177,96.0221,19.868,279.053
0.0648901,0.00864517,0.132571,98.6338,19.1405,279.053
0.067081,0.000426678,0.156189,89.1716,19.6055,279.053
0.064922,0.0150185,0.15622,98.2836,19.8227,279.054
0.0661177,0.0112033,0.161623,93.5259,19.8549,279.054
0.0658393,0.0149188,0.162634,94.9784,19.5023,279.054
0.0653433,0.0152499,0.14832,96.1322,19.5061,279.054
0.0665589,0.00767698,0.153244,91.0972,19.851,279.055
0.0657904,0.00343921,0.126657,94.7204,19.1768,279.055
0.0660727,0.0128823,0.16434,93.1269,19.5437,279.055
0.0670738,0.00203587,0.147887,89.7535,19.3058,279.056
0.0646386,0.0129352,0.131197,99.7914,19.3574,279.056
0.0663129,0.019775,0.16519,92.6329,19.4546,279.058
0.0663326,0.00953362,0.152922,92.1858,19.3602,279.058
0.0675528,0.00303274,0.135735,87.9107,19.276,279.058
0.0660451,0.0108957,0.148698,93.9466,19.393,279.058
0.0665462,0.00357972,0.143779,91.5098,19.2034,279.059
0.0653161,0.0167598,0.139955,96.4302,19.6237,279.059
0.0665695,0.0122974,0.162929,91.8831,19.3743,279.059
0.0656214,0.00396029,0.165331,95.4139,19.3602,279.06
0.0648601,0.0114831,0.133004,98.4983,19.8025,279.06
0.0655879,0.0130108,0.154678,95.6914,19.9124,279.06
0.0655404,0.0062707,0.127573,95.8217,19.2136,279.06
0.0665616,0.0057266,0.155764,91.8545,19.3759,279.06
0.0657885,0.0104043,0.142075,94.3004,19.1117,279.061
0.0660332,0.00178533,0.133265,93.2806,19.5796,279.061
0.0657778,0.00509251,0.137106,94.4297,19.9054,279.062
0.0660576,0.0232639,0.161699,93.9662,19.1105,279.062
0.0646188,0.00298051,0.11485,99.4203,19.9037,279.062
0.0648298,0.00515463,0.123299,98.4117,19.0896,279.063
0.0653217,0.0208647,0.141498,96.8012,19.256,279.063
0.0655403,0.00549982,0.127619,95.6911,19.3607,279.063
0.0653577,0.00421411,0.129503,96.5322,19.7141,279.065
0.0648381,0.000423965,0.113709,98.6713,19.4067,279.065
0.0668229,0.00439269,0.15836,90.7876,19.5622,279.065
0.0673464,0.00058532,0.159329,88.1973,19.3725,279.066
0.065559,0.016726,0.137018,95.6614,19.7782,279.066
0.0649362,0.00469094,0.163503,98.0795,19.4979,279.067
0.0658365,0.00689727,0.164302,94.6137,19.3343,279.067
0.064634,0.00105158,0.129558,99.0576,19.1073,279.068
0.0646187,0.00440353,0.122133,99.261,19.1468,279.068
0.0655747,0.00510948,0.128889,95.0939,19.6574,279.068
0.0655925,0.0193673,0.158425,95.1357,19.0993,279.069
0.0650924,0.0131385,0.129564,97.7221,19.1818,279.069
0.0657919,0.0216286,0.14816,94.2896,19.117,279.069
0.0648396,0.00983252,0.125802,98.4204,19.8475,279.07
0.0662921,0.00614027,0.14436,92.6446,19.7216,279.07
0.0655314,0.0128708,0.139713,95.0007,19.334,279.07
0.0660728,0.0113943,0.146102,93.2968,19.6714,279.072
0.0668025,0.00236894,0.145971,90.4562,19.7117,279.072
0.0656048,0.00413481,0.134558,95.8828,19.7354,279.072
0.0651062,0.013034,0.134358,97.7729,19.1579,279.072
0.0656165,0.00696178,0.142952,95.564,19.6871,279.073
0.0656034,0.0154357,0.161025,95.2313,19.424,279.073
0.0660374,0.0164696,0.144223,93.8578,19.7469,279.073
0.0647038,0.00916968,0.160245,99.8135,19.0837,279.073
0.0653822,0.0132877,0.162911,96.5232,19.4215,279.074
0.0670242,0.00139587,0.12744,89.4807,19.3261,279.074
0.0651294,0.012228,0.140985,97.8179,19.4666,279.074
0.066336,0.0144375,0.160831,92.6608,19.7391,279.074
0.0667797,0.000722795,0.132013,90.7349,19.8792,279.075
0.0663146,0.0114483,0.150249,92.6356,19.0991,279.075
0.0651105,0.00875523,0.128644,97.6171,19.0277,279.075
0.0652964,0.0058525,0.126239,96.0309,19.5694,279.075
0.0663464,0.00815871,0.151307,92.0036,19.35,279.075
0.0648599,0.00427538,0.136934,98.2315,19.674,279.075
0.0663268,0.0176672,0.163591,92.5577,19.5704,279.076
0.0662862,0.00497986,0.148549,92.8047,19.2105,279.076
0.0668129,0.00182744,0.153542,90.0861,19.8592,279.076
0.0665421,0.0017116,0.149925,91.8622,19.7741,279.077
0.0651516,0.00145403,0.137422,97.8974,19.4754,279.077
0.0646129,0.00973296,0.119566,99.0054,19.7497,279.078
0.0646446,0.0048399,0.122368,99.1432,19.2612,279.078
0.065583,0.00933586,0.155151,95.8298,19.4784,279.078
0.0655891,0.00736984,0.132655,95.161,19.6516,279.078
0.0648931,0.00822879,0.145791,98.1987,19.0939,279.079
0.0653823,0.0155919,0.164166,96.7295,19.6355,279.079
0.0660565,0.0249897,0.161592,93.6793,19.9701,279.079
0.0651092,0.0184758,0.145452,97.6382,19.6971,279.08
0.0678514,0.00459436,0.150616,86.9437,19.338,279.08
0.0673191,0.00258655,0.147559,88.6612,19.5483,279.08
0.0648213,0.00656229,0.121568,98.8082,19.4128,279.081
0.0678234,0.00117014,0.145586,86.5528,19.3826,279.081
0.0650605,0.0105466,0.131222,97.7627,19.0941,279.082
0.066032,0.00661462,0.135287,93.4767,19.0034,279.082
0.0658455,0.0125645,0.165207,94.6686,19.1117,279.082
0.0660476,0.0250097,0.158749,93.3729,19.1153,279.082
0.0656394,0.00238111,0.147779,95.685,19.4494,279.083
0.0649119,0.015384,0.151149,98.4131,19.7246,279.083
0.0668301,0.0102539,0.162958,90.1262,19.5485,279.083
0.0653246,0.00940651,0.146791,96.3531,19.5581,279.084
0.0651059,0.0126431,0.143638,97.5191,19.9241,279.084
0.064678,0.00401218,0.149984,99.6843,19.6214,279.084
0.0651335,0.00520135,0.154022,97.4728,19.3874,279.084
0.0653249,0.00968311,0.146586,96.7329,19.8251,279.085
0.0646061,0.00917669,0.118924,99.1073,19.4431,279.085
0.0653131,0.0147755,0.1296,96.23,19.7383,279.086
0.0655323,0.00279823,0.128479,95.3733,19.2114,279.086
0.0672796,0.00316981,0.129923,88.2556,19.6331,279.086
0.0665524,0.00177758,0.137121,91.6808,19.6422,279.087
0.0653801,0.0134764,0.152783,96.2848,19.047,279.087
0.0653922,0.0140455,0.162814,96.1191,19.2655,279.088
0.0651114,0.0078589,0.14597,97.1238,19.0136,279.088
0.0649348,0.0151633,0.158814,98.9764,19.072,279.088
0.0658058,0.0163274,0.141632,94.2065,19.3001,279.088
0.0651007,0.0131451,0.142105,97.9998,19.9759,279.089
0.0651181,0.0112145,0.147974,97.8547,19.8225,279.089
0.0648753,0.0100581,0.139575,98.664,19.6144,279.089
0.0668535,0.00507526,0.162127,90.0043,19.4051,279.089
0.0648255,0.0128134,0.118847,98.9268,19.7731,279.089
0.0650794,0.00913569,0.137139,97.9844,19.701,279.089
0.0658003,0.00152535,0.14763,94.4158,19.7102,279.09
0.0678852,0.00206623,0.165286,86.9939,19.7461,279.09
0.0646738,0.0173954,0.147415,99.9434,19.9641,279.09
0.0665416,0.00562357,0.143723,91.0541,19.7061,279.09
0.0681195,0.00652613,0.15453,85.6165,19.1908,279.09
0.0651034,0.00635608,0.12327,97.3596,19.3131,279.09
0.0658692,0.00122127,0.141503,94.7665,19.375,279.09
0.0653991,0.0129101,0.162746,96.8445,19.2725,279.09
0.0660805,0.000758511,0.133361,93.868,19.8771,279.09
0.0657824,0.0088791,0.133184,94.9081,19.4531,279.091
0.0655614,0.00800463,0.12904,95.0256,19.4825,279.091
0.0657804,0.0104708,0.141281,94.8601,19.233,279.092
0.0656277,0.010813,0.15428,95.8694,19.8058,279.092
0.0656217,0.00375319,0.140605,95.8553,19.6215,279.092
0.0650796,0.00665376,0.120711,97.937,19.866,279.092
0.0653555,0.00663664,0.155103,96.6553,19.7265,279.092
0.0655688,0.0216336,0.151617,95.985,19.6735,279.093
0.0661162,0.013394,0.165638,93.4313,19.7127,279.093
0.0651287,0.0061533,0.152584,97.3221,19.7497,279.093
0.0662816,0.00301302,0.14104,92.1824,19.425,279.093
0.0648854,0.0164641,0.145453,98.4337,19.8459,279.093
0.0653677,0.00944478,0.157346,96.7655,19.0716,279.094
0.0660928,0.0178462,0.15707,93.5498,19.3386,279.095
0.064862,0.00951994,0.13492,98.5503,19.0799,279.095
0.0655344,0.00727207,0.123985,95.1947,19.8744,279.095
0.0660635,0.0147634,0.164122,93.7136,19.6859,279.095
0.0675531,0.00461657,0.138375,87.0625,19.8784,279.095
0.0651507,0.00351628,0.162303,97.3323,19.848,279.096
0.06733,0.00203695,0.153662,88.6007,19.9959,279.096
0.0653648,0.0071631,0.157038,96.5837,19.495,279.096
0.0665861,0.00334605,0.148091,91.8691,19.6351,279.096
0.0647072,0.0058172,0.165849,99.4883,19.5069,279.096
0.0665515,0.0143481,0.154286,91.5934,19.0553,279.097
0.0668268,0.00590431,0.164084,90.6389,19.0342,279.097
0.0658069,0.0236094,0.150404,94.3821,19.5849,279.097
0.0646562,0.00904655,0.129321,99.381,19.7025,279.098
0.0650528,0.0194881,0.127156,97.4766,19.6534,279.098
0.0655335,0.00799693,0.13207,95.058,19.96,279.098
0.0668396,0.00940331,0.16483,90.8323,19.7413,279.098
0.0653252,0.0176636,0.13423,96.6023,19.0611,279.098
0.0678551,0.00144282,0.144899,86.4063,19.8937,279.098
0.0653594,0.00224822,0.127957,96.2709,19.5111,279.098
0.067826,0.0015863,0.147711,86.6042,19.1068,279.099
0.0656518,0.00430294,0.156953,95.3478,19.7928,279.099
0.0655701,0.017791,0.138549,95.9415,19.8141,279.099
0.0656061,0.0102068,0.161881,95.2567,19.0758,279.099
0.0646956,0.00648383,0.15834,99.3746,19.5546,279.1
0.0660373,0.00437384,0.146898,93.2671,19.2539,279.1
0.0657849,0.0173472,0.141537,94.8707,19.8948,279.101
0.0660354,0.011011,0.143013,93.0244,19.4403,279.101
0.0657852,0.0147585,0.144525,94.0146,19.7451,279.102
0.0678247,0.00229716,0.146409,86.7001,19.9725,279.102
0.0646831,0.0021229,0.154499,99.3857,19.9181,279.102
0.0655276,0.00524817,0.130149,95.2369,19.5868,279.102
0.0649353,0.0105824,0.16552,98.8777,19.3609,279.102
0.0655365,0.0200464,0.138177,95.9284,19.4569,279.103
0.0678821,0.00159165,0.161334,86.5414,19.1129,279.103
0.0652921,0.0205286,0.13362,96.1958,19.5184,279.103
0.0660686,0.021999,0.159,93.376,19.8007,279.104
0.0675834,0.00113102,0.141503,87.7298,19.8978,279.104
0.0657728,0.00249563,0.131014,94.2139,19.3309,279.104
0.0656132,0.0169884,0.163574,95.0791,19.9833,279.105
0.0653107,0.0129623,0.142549,96.1228,19.4236,279.106
0.0660662,0.00607736,0.137294,93.5107,19.1451,279.106
0.0646658,0.0023951,0.147386,99.8323,19.2347,279.106
0.064916,0.00412851,0.160823,98.8078,19.4854,279.107
0.0646862,0.0192882,0.154076,99.7924,19.5493,279.107
0.0670473,0.00293573,0.142536,89.2145,19.605,279.107
0.0651307,0.0181199,0.155671,97.4956,19.96,279.108
0.06656,0.0118369,0.153012,91.8217,19.0215,279.108
0.0678631,0.00432447,0.155809,86.4989,19.0195,279.108
0.0660596,0.0145855,0.164584,93.3761,19.0255,279.108
0.0657819,0.0167227,0.148871,94.425,19.8418,279.108
0.0665466,0.00761176,0.14224,91.2763,19.2538,279.109
0.0655367,0.0247334,0.142658,95.377,19.7611,279.11
0.0663396,0.0107097,0.152881,92.1243,19.7675,279.11
0.0650899,0.0142744,0.12802,97.0838,19.7618,279.11
0.0657814,0.0203467,0.14074,94.0295,19.5373,279.11
0.0676121,0.000717757,0.163629,87.9425,19.6928,279.112
0.0675672,0.00755503,0.145531,87.6133,19.3725,279.112
0.0646842,0.00721602,0.153306,99.9999,19.0497,279.112
0.0670398,0.00105268,0.139436,89.1023,19.0556,279.113
0.0657782,0.00697666,0.129669,94.8483,19.3631,279.113
0.0681128,0.00322363,0.154453,85.9835,19.4304,279.113
0.0655346,0.0137024,0.134413,95.7034,19.7079,279.113
0.0666091,0.00408327,0.152498,91.6742,19.5318,279.114
0.0650638,0.0172366,0.131551,97.1141,19.6536,279.114
0.0649019,0.0134173,0.151857,98.919,19.04,279.114
0.0676071,0.000549437,0.161619,87.0096,19.0987,279.114
0.0658808,0.00731099,0.156305,94.9462,19.0301,279.115
0.0654307,0.00186922,0.159604,96.6512,19.4738,279.115
0.0681051,0.000858476,0.150821,85.6006,19.8036,279.116
0.06561,0.0158076,0.154009,95.7232,19.2866,279.116
0.0666013,0.00762828,0.157517,91.5678,19.2546,279.116
0.0675776,0.000673601,0.150652,87.8987,19.4083,279.117
0.0650865,0.0123677,0.124357,97.7142,19.5297,279.117
0.0646479,0.00786074,0.137018,99.6984,19.9147,279.118
0.0655947,0.00534114,0.160968,95.7445,19.26,279.119
0.0657852,0.0196017,0.14548,94.4096,19.4413,279.119
0.0650761,0.00788942,0.137928,97.5567,19.6373,279.119
0.064633,0.0124151,0.126946,99.1204,19.3189,279.119
0.0652921,0.0158948,0.139152,96.2641,19.6703,279.12
0.0657753,0.0129533,0.142774,94.6734,19.9841,279.12
0.0649356,0.0183934,0.165235,98.9902,19.4667,279.12
0.0648846,0.00605485,0.148011,98.0136,19.6548,279.12
0.0673211,0.006809,0.152019,88.9906,19.7831,279.121
0.0665955,0.0111684,0.163183,91.2732,19.639,279.121
0.0678597,0.000410829,0.144007,86.3604,19.3236,279.121
0.0660915,0.0181872,0.162881,93.4242,19.0621,279.121
0.0655336,0.0161653,0.137728,95.5986,19.3456,279.122
0.0663108,0.0041452,0.137987,92.3156,19.617,279.122
0.0655995,0.00295297,0.16138,95.5397,19.1354,279.122
0.0672958,0.000493107,0.142765,88.531,19.675,279.122
0.0648828,0.00717621,0.127086,98.6397,19.8528,279.122
0.0646935,0.0102091,0.157987,99.1038,19.3681,279.122
0.0672852,0.00709078,0.135555,88.2029,19.5385,279.122
0.0666488,0.000709554,0.165025,91.44,19.8391,279.123
0.0651246,0.00672403,0.154068,97.0865,19.3125,279.123
0.0646324,0.00258247,0.134582,99.5521,19.694,279.123
0.0648701,0.0102747,0.139353,98.2144,19.5347,279.123
0.0648946,0.0166086,0.144688,98.0587,19.6022,279.123
0.0653254,0.0195457,0.137084,96.2201,19.6115,279.123
0.0658357,0.0191459,0.155293,94.0419,19.6998,279.123
0.0650987,0.0192686,0.140208,97.8265,19.4516,279.125
0.0665665,0.00354012,0.142117,91.0388,19.2413,279.125
0.0653435,0.0025162,0.15049,96.5251,19.0662,279.125
0.0675911,0.0018246,0.155696,87.2065,19.3298,279.125
0.0660185,0.00398249,0.125124,93.0674,19.7479,279.126
0.0670626,0.00197571,0.153237,89.9525,19.8503,279.126
0.0655826,0.014434,0.156031,95.3011,19.1145,279.126
0.06514,0.0166481,0.15313,97.9578,19.9408,279.127
0.0648506,0.00371543,0.134605,98.4103,19.8184,279.127
0.0658423,0.0125296,0.166159,94.3144,19.437,279.127
0.0656772,0.00114647,0.165374,95.4765,19.564,279.127
0.0646465,0.0172575,0.139041,99.3286,19.5253,279.127
0.0662963,0.00422436,0.134477,92.7189,19.5652,279.127
0.0667812,0.00742838,0.138654,90.989,19.0598,279.128
0.0657808,0.00565236,0.140801,94.1115,19.8015,279.128
0.0665541,0.00954648,0.157426,91.1952,19.1007,279.128
0.0670032,0.00172778,0.120099,89.5107,19.7956,279.128
0.0651071,0.0158559,0.13656,97.9383,19.7347,279.128
0.0660407,0.0185126,0.160215,93.6281,19.3033,279.128
0.0660392,0.0172538,0.152293,93.4858,19.2758,279.129
0.0658155,0.00814312,0.133481,94.5151,19.6385,279.129
0.0646258,0.0107143,0.128725,99.7759,19.8807,279.129
0.0650583,0.0016708,0.114933,97.7397,19.5769,279.13
0.0648547,0.0160356,0.129543,98.3819,19.5189,279.13
0.0651681,0.000600946,0.142471,97.2033,19.0022,279.13
0.0684204,0.0036262,0.162629,84.6411,19.1607,279.13
0.0656178,0.000703195,0.134423,95.5835,19.0052,279.131
0.0668653,0.00236798,0.155359,90.9238,19.0936,279.131
0.0673064,0.00590718,0.141979,88.0892,19.8547,279.131
0.0670802,0.00559798,0.162293,89.4894,19.6366,279.131
0.0655812,0.0209242,0.150738,95.9195,19.3752,279.131
0.0655952,0.0106579,0.160529,95.017,19.1847,279.132
0.0650715,0.0138923,0.135149,97.4163,19.4403,279.132
0.0653691,0.0120594,0.159779,96.4529,19.3843,279.132
0.0653236,0.0166709,0.145234,96.0758,19.0517,279.133
0.0667878,0.00242496,0.1483,90.5952,19.9355,279.133
0.0663066,0.000957747,0.132979,92.8518,19.5685,279.133
0.0657784,0.0155782,0.144747,94.7167,19.1495,279.133
0.0655577,0.0140417,0.132542,95.0959,19.5986,279.134
0.065545,0.0246289,0.146246,95.8456,19.0623,279.134
0.0658936,0.000653948,0.151655,94.8191,19.3149,279.134
0.0660557,0.00511284,0.159364,93.1325,19.9908,279.134
0.0650568,0.017821,0.130393,97.8806,19.6949,279.135
0.0651465,0.0124445,0.147661,97.4278,19.7738,279.135
0.0651267,0.0183926,0.154987,97.7552,19.7257,279.135
0.0648807,0.0180494,0.145475,98.8276,19.1766,279.135
0.0670748,0.00187221,0.163328,89.3434,19.7093,279.135
0.0671435,0.000540352,0.164654,89.9213,19.1718,279.136
0.065062,0.0165165,0.124081,97.0256,19.4839,279.136
0.0667891,0.00697703,0.143711,90.4228,19.8506,279.137
0.0670715,0.000967926,0.142115,89.4152,19.7388,279.137
0.0658027,0.0252438,0.149717,94.5266,19.8957,279.137
0.0658159,0.024814,0.158759,94.335,19.0261,279.137
0.0660138,0.00125492,0.130756,93.5132,19.6755,279.137
0.0675896,0.0064232,0.156227,87.8463,19.8569,279.138
0.0666085,0.0117256,0.165575,91.3648,19.4705,279.138
0.0656143,0.00520051,0.137903,95.4412,19.9722,279.139
0.0653523,0.0202983,0.156032,96.9245,19.3123,279.139
0.0653948,0.00663784,0.148039,96.67,19.3447,279.14
0.0668318,0.00726786,0.155647,90.356,19.3518,279.14
0.0646492,0.00614523,0.142309,99.5395,19.9245,279.14
0.0672968,0.00387736,0.141841,88.2988,19.9383,279.14
0.0648815,0.0189083,0.142998,98.4512,19.2748,279.14
0.0648532,0.0114533,0.134173,98.6112,19.9781,279.14
0.0662759,0.00891681,0.133891,92.45,19.6257,279.141
0.0663218,0.0150227,0.154885,92.5471,19.7082,279.141
0.0668336,0.00180902,0.146531,90.4671,19.9753,279.141
0.065065,0.013641,0.122459,97.5942,19.2645,279.141
0.0655368,0.02553,0.144304,95.9999,19.8975,279.141
0.0670623,0.00363636,0.153751,89.5904,19.6068,279.141
0.0658283,0.00232252,0.160196,94.2836,19.4505,279.141
0.0675289,0.0016514,0.133203,87.0332,19.9785,279.142
0.0673025,0.00828279,0.144886,88.2831,19.0137,279.142
0.0651007,0.00959217,0.147077,97.8852,19.1072,279.142
0.0662973,0.0149478,0.159203,92.5479,19.5406,279.142
0.0650836,0.0181955,0.139209,97.8882,19.5041,279.143
0.0665637,0.00485611,0.142505,91.892,19.4765,279.143
0.0681125,0.00872257,0.152461,85.9288,19.9563,279.143
0.0675452,0.00378938,0.141416,87.2956,19.1739,279.143
0.0655685,0.0148768,0.134147,95.8882,19.2118,279.143
0.0684059,0.00707635,0.162303,84.3143,19.2042,279.143
0.0663248,0.00475085,0.140277,92.5386,19.4444,279.143
0.066276,0.00653145,0.142089,92.0744,19.7633,279.143
0.0676054,0.00251088,0.153734,87.2343,19.0025,279.143
0.065856,0.0120306,0.149048,94.4452,19.9022,279.143
0.0671188,0.00154093,0.160827,89.7898,19.4989,279.144
0.0647176,0.00795545,0.150849,99.5757,19.3871,279.144
0.0653105,0.0210806,0.142045,96.2599,19.5957,279.144
0.0652887,0.00960198,0.120946,96.9187,19.8869,279.144
0.0666002,0.00733238,0.153775,91.3154,19.9971,279.144
0.0670263,0.00378958,0.134578,89.6697,19.8611,279.145
0.0662891,0.0187954,0.152596,92.8741,19.2038,279.145
0.0667822,0.00704382,0.140331,90.5757,19.9289,279.145
0.0657782,0.0177349,0.146868,94.3847,19.4762,279.146
0.0670324,0.00263951,0.13852,89.6127,19.5197,279.146
0.0655292,0.0282925,0.14045,95.0692,19.6473,279.146
0.065569,0.0164947,0.135499,95.5281,19.9258,279.146
0.0657926,0.0204389,0.154188,94.1377,19.3918,279.147
0.0655648,0.00355398,0.124502,95.8365,19.2313,279.147
0.0673261,0.00384434,0.155668,88.8701,19.2901,279.147
0.066313,0.0045817,0.138013,92.1756,19.7285,279.147
0.0665879,0.00261666,0.143864,91.8954,19.8116,279.147
0.06758,0.00066229,0.156634,87.2045,19.5183,279.147
0.0655276,0.0108853,0.124397,95.4566,19.7206,279.147
0.0648512,0.0167958,0.134234,98.0447,19.2771,279.148
0.0651382,0.00849461,0.158735,97.3544,19.3626,279.148
0.065777,0.015461,0.137399,94.0369,19.4698,279.148
0.0646577,0.00722667,0.14473,99.1948,19.0734,279.148
0.0655443,0.0232244,0.138342,95.6076,19.6433,279.148
0.067316,0.00130323,0.154236,88.4023,19.0878,279.149
0.0660435,0.0210662,0.148784,93.0151,19.6448,279.149
0.0670698,0.000515688,0.140262,89.9699,19.3582,279.149
0.0668338,0.00505933,0.151879,90.4144,19.456,279.15
0.0653196,0.0216867,0.137282,96.6429,19.4658,279.15
0.0646801,0.00384529,0.155185,99.7503,19.5874,279.15
0.0668077,0.0040349,0.14138,90.0556,19.0176,279.15
0.0662937,0.0141392,0.160008,92.5019,19.4654,279.15
0.0651541,0.0178952,0.161656,97.7476,19.7179,279.15
0.0653309,0.00892712,0.125023,96.6124,19.3602,279.15
0.0648594,0.0142819,0.127568,98.4162,19.9477,279.15
0.0665827,0.00520833,0.14732,91.2007,19.5425,279.15
0.0657744,0.0146706,0.133884,94.6844,19.2941,279.15
0.0658438,0.0109606,0.142265,94.3319,19.5535,279.151
0.0653687,0.0021463,0.160806,96.7266,19.4174,279.151
0.0650872,0.0177304,0.131059,97.1184,19.4568,279.151
0.066591,0.00282512,0.143848,91.9398,19.8947,279.151
0.0673644,0.00328944,0.163834,88.7231,19.6649,279.152
0.067004,0.00110133,0.123132,89.4955,19.3041,279.152
0.0646153,0.00701349,0.126012,99.4768,19.5015,279.152
0.0646497,0.0086779,0.140086,99.6146,19.8547,279.152
0.0675344,0.00110804,0.13148,87.9178,19.5829,279.152
0.0673349,0.00606683,0.160451,88.7981,19.3983,279.153
0.0656275,0.0143869,0.158584,95.9515,19.2804,279.153
0.0665836,0.0122746,0.159852,91.8913,19.852,279.153
0.0660524,0.0277769,0.161735,93.6272,19.4535,279.154
0.0646158,0.00618805,0.130796,99.6492,19.6375,279.154
0.0658776,0.0139641,0.165523,94.7969,19.7029,279.154
0.0646108,0.00832574,0.115436,99.5287,19.5142,279.154
0.0653563,0.00921785,0.158465,96.1605,19.2027,279.154
0.0660132,0.000921347,0.120873,93.9803,19.0383,279.155
0.0651411,0.00471956,0.135518,97.8372,19.5561,279.155
0.0655253,0.00977094,0.130882,95.4162,19.3757,279.156
0.0667819,0.00270399,0.146676,90.1017,19.045,279.156
0.0662683,0.00517593,0.132739,92.3018,19.7227,279.156
0.0655565,0.0252376,0.150663,95.3108,19.5691,279.156
0.0651078,0.0203087,0.148962,97.4366,19.8533,279.156
0.0660266,0.0124533,0.141858,93.9488,19.2573,279.156
0.0665408,0.00433727,0.13484,91.6359,19.612,279.157
0.0651264,0.00865386,0.155786,97.2705,19.8627,279.157
0.0668443,0.00357656,0.151889,90.5089,19.6527,279.157
0.0673312,0.00908117,0.15899,88.3861,19.3437,279.157
0.0670441,0.00874225,0.145336,89.9463,19.5134,279.157
0.067546,0.00827232,0.139728,87.6053,19.4008,279.157
0.0681047,0.00707239,0.14747,85.4296,19.6526,279.158
0.0660226,0.0171924,0.138971,93.9843,19.4883,279.158
0.0665545,0.0170796,0.161619,91.1107,19.046,279.158
0.0661239,0.0106741,0.161884,93.7806,19.6731,279.159
0.0657759,0.00154141,0.119958,94.0258,19.0685,279.159
0.0673153,0.00851678,0.149694,88.1677,19.6582,279.159
0.065099,0.0108793,0.146793,97.5965,19.4286,279.159
0.0655666,0.0210244,0.139096,95.355,19.5802,279.159
0.0662679,0.00593438,0.132789,92.3851,19.2827,279.16
0.0653301,0.00562739,0.147914,96.514,19.2366,279.16
0.0645861,0.0041973,0.119138,99.7024,19.1625,279.16
0.0670374,0.0069078,0.141694,89.9084,19.4733,279.16
0.0668168,0.0107397,0.155142,90.7788,19.0713,279.16
0.0665894,0.00806424,0.152969,91.615,19.9498,279.161
0.0650921,0.0217055,0.139988,97.2243,19.4791,279.161
0.0657704,0.00443633,0.127262,94.1314,19.7186,279.161
0.0653089,0.0162673,0.128427,96.5324,19.6417,279.161
0.0650846,0.014624,0.140445,97.1817,19.2524,279.161
0.0656367,0.00595779,0.149986,95.7908,19.3476,279.161
0.0665069,0.00158444,0.12403,91.2033,19.2292,279.161
0.06757,0.00303427,0.136366,87.7012,19.537,279.162
0.0655269,0.0251391,0.136754,95.5736,19.2365,279.162
0.06629,0.0024724,0.150698,92.3672,19.031,279.162
0.065097,0.0171449,0.132612,97.6825,19.5611,279.162
0.0648603,0.00950758,0.140184,98.8903,19.324,279.162
0.0673423,0.00197168,0.165828,88.5431,19.219,279.163
0.0662989,0.0263368,0.16482,92.7665,19.1899,279.163
0.0657822,0.026395,0.150353,94.5025,19.807,279.163
0.066513,0.0027045,0.137199,91.6171,19.6278,279.163
0.0645872,0.0104568,0.115083,99.0709,19.257,279.163
0.0657818,0.0287021,0.151152,94.9457,19.4744,279.163
0.0656035,0.00997026,0.164969,95.8032,19.1592,279.163
0.0663371,0.0185747,0.163042,92.0542,19.2342,279.163
0.0655859,0.0226928,0.160174,95.4933,19.891,279.164
0.0680962,0.00190084,0.148168,85.2573,19.7561,279.164
0.0657703,0.0059747,0.125694,94.1531,19.837,279.164
0.0662722,0.00719685,0.139839,92.0473,19.9152,279.164
0.0660744,0.022695,0.160235,93.7779,19.685,279.164
0.0655299,0.0155241,0.143547,95.4244,19.6891,279.164
0.0653,0.00541497,0.137185,96.6568,19.2633,279.165
0.0646232,0.00717754,0.13427,99.1096,19.4209,279.165
0.0653107,0.00989144,0.143327,96.6933,19.5778,279.165
0.0653239,0.00759346,0.123523,96.8615,19.0612,279.165
0.0650771,0.0114512,0.12199,97.926,19.5784,279.165
0.0653791,0.00829744,0.165608,96.6963,19.4793,279.166
0.0670978,0.00162319,0.151627,89.0068,19.9,279.166
0.0673256,0.00348539,0.144854,88.6067,19.9827,279.166
0.0660774,0.0174837,0.149721,93.8669,19.1599,279.166
0.0673335,0.0023833,0.161961,88.9339,19.1485,279.166
0.0673197,0.00415128,0.143453,88.4221,19.9971,279.166
0.0675568,0.00674417,0.136727,87.999,19.8139,279.166
0.0652845,0.015325,0.123837,96.2129,19.4865,279.166
0.0668115,0.00502222,0.164585,90.269,19.7146,279.166
0.0668129,0.00888562,0.161741,90.8003,19.6536,279.167
0.0660743,0.0198011,0.153056,93.4467,19.1929,279.167
0.0658086,0.0239972,0.148268,94.9063,19.2464,279.167
0.0665115,0.00194002,0.134449,91.6514,19.1637,279.167
0.0646009,0.00672302,0.121754,99.0674,19.6204,279.168
0.0651151,0.0178004,0.141029,97.765,19.2264,279.168
0.0655652,0.0205305,0.152939,95.2808,19.5493,279.168
0.0667596,0.00164891,0.122297,90.8593,19.024,279.168
0.0662812,0.0163023,0.147335,92.6587,19.1317,279.168
0.065065,0.0240887,0.132044,97.2978,19.7191,279.168
0.0683989,0.0023395,0.158388,84.717,19.8202,279.169
0.0667574,0.00127111,0.126653,90.1771,19.2551,279.169
0.0661337,0.00189052,0.150856,93.7878,19.5906,279.169
0.0662958,0.0157472,0.147409,92.3199,19.455,279.169
0.0655526,0.00639876,0.124535,95.5857,19.4507,279.17
0.0658527,0.0186404,0.158539,94.6808,19.3945,279.17
0.0662597,0.000808456,0.128486,92.2897,19.5602,279.171
0.0649751,0.00274623,0.159269,98.1306,19.19,279.172
0.0656129,0.0181651,0.160333,95.7911,19.1063,279.172
0.0668037,0.00838234,0.156337,90.3734,19.0518,279.172
0.0647147,0.0153616,0.158241,99.3805,19.7455,279.172
0.0660194,0.0137217,0.146766,93.7033,19.1003,279.173
0.0646443,0.0217816,0.141371,99.168,19.0312,279.173
0.0670575,0.00315806,0.139044,89.6122,19.9447,279.173
0.0651516,0.00977398,0.165022,97.5143,19.3342,279.173
0.0663149,0.000947522,0.164151,92.7492,19.7644,279.173
0.0657669,0.00839468,0.13272,94.1952,19.1148,279.174
0.0673063,0.003488,0.15049,88.2568,19.3985,279.174
0.0656098,0.0125591,0.145565,95.903,19.1565,279.174
0.0665508,0.00264169,0.134947,91.7677,19.0849,279.174
0.0673059,0.000897104,0.132098,88.6469,19.0918,279.174
0.0646921,0.00968824,0.163333,99.2024,19.4129,279.174
0.067543,0.0125079,0.140125,87.3417,19.0039,279.175
0.068153,0.000792518,0.155679,85.0882,19.1681,279.175
0.0648434,0.0140236,0.12124,98.348,19.6734,279.175
0.0648012,0.0108627,0.121051,98.5017,19.5367,279.176
0.0648818,0.0217345,0.146293,98.2629,19.4461,279.176
0.0663095,0.00454782,0.136135,92.2332,19.9093,279.176
0.065284,0.00859856,0.124397,96.3671,19.4952,279.176
0.0683908,0.00151109,0.159399,84.3716,19.1375,279.178
0.0650951,0.0250209,0.14652,97.215,19.0369,279.178
0.0667867,0.00972328,0.146015,90.7559,19.2596,279.178
0.0660036,0.00204712,0.128727,93.6521,19.6126,279.178
0.0655146,0.00308822,0.124447,95.6016,19.2639,279.178
0.0649271,0.0104222,0.166081,98.8399,19.4069,279.178
0.0665583,0.00330764,0.137544,91.5178,19.5174,279.178
0.0655664,0.021928,0.139155,95.2177,19.2999,279.179
0.065762,0.0102601,0.135122,94.8219,19.0829,279.179
0.0658317,0.0218171,0.155983,94.665,19.9545,279.179
0.0651355,0.00931149,0.160068,97.9543,19.4277,279.18
0.0668629,0.00821466,0.1656,90.5823,19.087,279.18
0.0667638,0.00341989,0.132475,90.9331,19.0485,279.18
0.0658261,0.00200552,0.127497,94.4852,19.8147,279.18
0.0655265,0.0227427,0.136803,95.5427,19.5444,279.181
0.0652828,0.0183774,0.131254,96.6308,19.7044,279.181
0.0670202,0.00951325,0.134844,89.2435,19.7943,279.181
0.0660543,0.0183896,0.16611,93.7389,19.6596,279.181
0.0665368,0.0118654,0.149729,91.3305,19.9904,279.181
0.0655612,0.0232102,0.152559,95.005,19.9147,279.181
0.0673472,0.00537483,0.158174,88.5689,19.3102,279.181
0.0657696,0.0155709,0.141274,94.4136,19.286,279.181
0.0660513,0.0198416,0.164907,93.8965,19.4125,279.182
