beta,permeability,xi,init_days,delay,value
0.053007,0.00584715,0.166565,32.013,16.7133,95.6801
0.0524564,0.00856654,0.165423,33.7909,16.7869,96.2756
0.0551712,0.00203501,0.163522,28.8566,15.9969,96.296
0.0501679,0.00974358,0.165361,38.0751,17.6098,96.319
0.0525069,0.00885159,0.164193,33.7698,16.16,96.4582
0.0525451,0.00142139,0.161185,33.8303,16.1749,96.5186
0.049728,0.00642764,0.161108,39.3164,17.9318,96.6711
0.0535842,0.00390567,0.166296,31.1003,16.1322,96.7222
0.05576,0.0090562,0.16578,27.798,15.733,96.7526
0.0529921,0.0145654,0.165159,32.7766,16.9451,96.7531
0.0524935,0.0139879,0.165598,33.7272,16.5594,96.7928
0.0557853,0.00692458,0.165713,27.7821,15.9305,96.836
0.0524953,0.0140039,0.161734,33.0291,16.5904,96.9107
0.0536036,0.00284226,0.165564,31.6433,16.915,97.0034
0.0481088,0.00930496,0.164037,43.2254,18.8484,97.1441
0.0485973,0.000361887,0.162477,42.5106,18.1743,97.1446
0.0505465,0.00365311,0.162809,37.7806,17.6165,97.1456
0.0582114,0.00627771,0.166578,23.6598,14.8267,97.1897
0.0505361,0.0141977,0.163614,37.7625,17.9936,97.1922
0.0496931,0.00208301,0.155531,39.4535,17.9172,97.1923
0.0519664,0.00900927,0.159722,34.0646,16.151,97.2403
0.0496834,0.0234128,0.163812,39.0154,17.4747,97.296
0.0545999,0.00229449,0.158363,29.5334,15.3294,97.3326
0.0546091,0.00160185,0.150914,29.1446,15.1792,97.3486
0.0467705,0.00114141,0.165384,47.3982,19.6037,97.3561
0.0524702,0.0196127,0.160399,33.3808,16.3967,97.3794
0.0496581,0.0232396,0.158202,39.3617,17.958,97.3908
0.0551165,0.000183026,0.159092,28.4223,15.7704,97.4835
0.0519379,0.0201556,0.157791,34.9408,16.0781,97.4907
0.0523942,0.0121062,0.162967,33.3021,16.5039,97.5004
0.0550799,0.0154639,0.164678,28.4249,15.3477,97.5271
0.0459848,0.00352419,0.16328,50.7278,18.302,97.61
0.0501884,0.0137189,0.160112,38.8374,17.4239,97.66
0.0497671,0.00773,0.161913,39.8288,17.7838,97.7347
0.0497825,0.00718808,0.166013,39.5884,17.228,97.8162
0.0507344,0.00552604,0.160974,37.5012,17.7784,97.8467
0.0529109,0.0257746,0.165194,32.9074,16.3511,97.8544
0.0546031,0.0107377,0.161452,29.2593,15.0302,97.8769
0.045282,0.00176906,0.163488,52.4196,18.2558,97.8804
0.0487099,0.00262784,0.163547,42.604,18.945,97.8905
0.0476454,0.0152088,0.161696,44.5065,18.8021,97.8946
0.050502,0.0161487,0.165511,37.5109,17.0538,97.8964
0.0456499,0.00562729,0.164993,51.2663,18.9347,97.8971
0.0550409,0.0301697,0.166074,28.1719,15.4218,97.9374
0.0504943,0.0172,0.166367,37.6179,17.242,97.9594
0.0575403,0.0168431,0.161971,24.8285,14.17,97.9765
0.050082,0.000109337,0.164434,38.2672,17.1234,97.9824
0.0477327,0.000367962,0.158759,45.965,17.6198,97.9896
0.0477244,0.00320366,0.160209,45.1958,17.1241,97.9906
0.0495302,0.00149778,0.164873,40.3793,18.9741,98.0265
0.0552518,0.00124406,0.153948,28.375,15.1086,98.0322
0.0520892,0.00343816,0.165398,34.5409,16.7035,98.0436
0.0501918,0.00962752,0.155344,38.0735,17.536,98.0745
0.0575511,0.00383557,0.165909,24.46,14.4961,98.1195
0.0468025,0.001357,0.161644,47.8237,19.6132,98.1304
0.0526263,0.00130084,0.159179,33.6722,16.5357,98.1646
0.0545145,0.0231591,0.163664,29.7425,15.3886,98.179
0.0520131,0.00409075,0.146015,34.518,16.5063,98.1924
0.0438321,0.00303663,0.163165,57.8058,19.8073,98.2166
0.0524845,0.0252547,0.159989,33.1815,16.2831,98.2209
0.051901,0.0147641,0.155475,34.3956,16.7454,98.2389
0.0519009,0.0174637,0.163835,34.5502,16.2616,98.2531
0.0461406,0.00208249,0.163006,50.3148,17.5977,98.2619
0.0557456,0.0161916,0.164086,27.0622,15.1535,98.2682
0.0452523,0.0128172,0.161291,52.5972,18.886,98.2809
0.0464676,0.00203746,0.164497,48.5799,19.6965,98.2853
0.0485227,0.00749326,0.162138,42.0448,18.3344,98.3048
0.0514583,0.0109278,0.1509,35.1833,16.2044,98.309
0.0501249,0.000264387,0.165367,39.5252,16.7342,98.3134
0.0556579,0.0126896,0.163887,27.1243,15.729,98.3175
0.0464088,0.00242882,0.161154,48.7116,19.2469,98.3364
0.0477685,0.000163331,0.153775,44.1231,18.629,98.3479
0.0472996,0.0214745,0.164576,45.4528,18.5732,98.352
0.0541174,0.000285363,0.165955,30.5667,15.9894,98.3526
0.0512028,0.00393508,0.160257,36.1733,17.0298,98.363
0.0502825,0.00735018,0.162928,38.5477,17.4147,98.368
0.057517,0.00612274,0.16062,24.4434,14.6185,98.3691
0.0457274,0.00496786,0.165312,51.3249,18.1573,98.3943
0.0462657,0.00750206,0.165508,49.0375,18.2191,98.4239
0.0493363,0.0111467,0.16472,40.852,17.9896,98.4409
0.0494104,0.000776662,0.16472,40.9447,17.9353,98.4506
0.0480444,0.0116479,0.158772,43.145,18.2564,98.4655
0.0463921,0.00592373,0.162138,48.4695,19.8989,98.4697
0.0515157,0.0171651,0.16102,35.6519,16.7624,98.47
0.0514484,0.0116759,0.152514,35.7236,16.9671,98.4817
0.050186,0.000256525,0.163244,39.9111,16.3286,98.4943
0.0610166,0.00337229,0.165744,19.3026,13.9657,98.5112
0.0540059,0.0170278,0.151704,30.6594,15.1505,98.5187
0.0521013,0.00293955,0.158797,34.7746,16.9776,98.5226
0.0463052,0.0113315,0.165539,48.2018,19.7656,98.5347
0.0524271,0.019492,0.155058,33.513,16.7095,98.5516
0.0520162,0.0188009,0.159001,34.9068,16.6146,98.5589
0.0476138,0.000189241,0.163458,45.8747,18.258,98.5618
0.0476899,0.0145601,0.16136,45.3566,17.3224,98.5864
0.0478411,0.00395497,0.165616,44.7073,18.4535,98.5919
0.0497617,0.01493,0.158927,39.5322,17.9563,98.6259
0.0515017,0.00585863,0.14185,35.0528,16.9046,98.6458
0.0464417,0.0134839,0.166523,49.6173,17.681,98.6708
0.0521317,0.000962063,0.158883,34.09,16.5506,98.6934
0.0498231,0.00740926,0.163207,39.5955,17.1142,98.7185
0.0476568,0.0233363,0.165565,45.771,17.5226,98.7504
0.0514278,0.0253412,0.152429,35.1792,16.6077,98.7656
0.0521099,0.00672583,0.164501,34.2138,16.435,98.7728
0.0493305,0.0113752,0.155673,40.7096,17.413,98.7751
0.0528759,0.023513,0.163898,32.4335,16.4258,98.7792
0.0540791,0.000832731,0.163107,30.5983,15.5225,98.7799
0.0590459,0.000521631,0.166252,22.7928,14.1068,98.8062
0.0526106,0.00866549,0.160382,33.039,16.7774,98.8187
0.0492618,0.0286972,0.159406,40.7647,17.4581,98.8232
0.054515,0.0374344,0.164423,29.3242,15.7975,98.8294
0.0537152,0.00217401,0.160745,31.9161,16.0466,98.8295
0.0530828,0.000739375,0.152624,32.8114,16.3546,98.8297
0.0562783,0.00511481,0.162743,26.9794,15.7268,98.8319
0.0510813,0.00296421,0.141168,36.8281,16.1154,98.8374
0.0469747,0.000490794,0.15553,47.2837,17.0138,98.8389
0.0525998,0.0101884,0.15816,33.4415,16.6737,98.8419
0.0576082,0.0139221,0.160108,24.4217,14.1225,98.8565
0.049555,0.00466439,0.165951,40.2346,18.6208,98.857
0.0588784,0.00414316,0.164484,22.6879,14.487,98.8594
0.0515518,0.0082426,0.164274,35.4052,17.8919,98.8688
0.0497148,0.0047668,0.164578,40.0374,16.1204,98.8855
0.0473517,0.0118197,0.162094,46.9059,17.4288,98.9175
0.054045,0.0194784,0.149024,30.0282,15.9796,98.9196
0.0445123,0.0239184,0.164347,55.502,18.0757,98.9303
0.049201,0.0429805,0.159903,40.5856,17.5446,98.9336
0.0492403,0.00456584,0.149776,40.5528,17.9186,98.9381
0.0518402,0.0450525,0.162558,34.368,16.41,98.94
0.0488557,0.00643625,0.14116,41.333,17.2167,98.9443
0.0518413,0.0297692,0.159155,34.5488,16.669,98.9473
0.0460273,0.00903996,0.163975,49.6593,19.2128,98.9504
0.0509945,0.00263884,0.165698,37.8934,16.0043,98.9524
0.0524915,0.0319415,0.164189,33.0142,16.1547,98.9619
0.0487853,0.0205817,0.166581,41.1138,18.1086,98.9629
0.0519572,0.0356276,0.161635,34.4469,16.3065,98.9783
0.0463399,0.0200253,0.165868,48.6861,19.0616,98.9808
0.0489685,0.00458378,0.166181,41.4303,17.3654,98.9827
0.0500565,0.0225453,0.157409,38.5208,17.6283,98.9834
0.0460606,0.010502,0.165845,49.4581,19.7227,98.9906
0.0505987,0.0137906,0.157272,37.328,17.7861,98.9954
0.0498203,0.00928362,0.15745,39.0864,17.3179,98.9987
0.0480563,0.00605046,0.15973,44.2673,17.0485,98.9993
0.0459596,0.0232712,0.164903,50.0066,18.2881,99.0008
0.0581561,0.00257914,0.162984,23.7748,14.4014,99.002
0.0524486,0.0103511,0.150079,33.566,16.2369,99.0039
0.0477204,0.0182486,0.165599,45.2781,17.1892,99.0064
0.0510939,0.00905529,0.161788,36.1702,16.7088,99.0083
0.0515767,0.0131431,0.163853,35.0007,16.5918,99.0264
0.0460513,0.00098688,0.162827,50.7715,17.3714,99.0365
0.047762,0.0102438,0.163938,45.9379,17.0013,99.0385
0.0445112,0.0274936,0.166431,55.6987,18.1627,99.041
0.0472586,0.016996,0.165956,46.1964,17.542,99.0438
0.05007,0.0196379,0.155169,38.1445,17.7596,99.0493
0.0518842,0.0116478,0.155185,34.6142,16.1884,99.0497
0.0603638,0.00109064,0.15622,20.9362,13.939,99.0529
0.0514981,0.0105873,0.163322,35.5573,17.7739,99.0531
0.0557957,0.0161774,0.162321,27.5993,15.6879,99.0832
0.0524712,0.00558386,0.147814,33.8758,16.0855,99.0853
0.0507889,0.00846502,0.157403,37.3515,17.909,99.0887
0.0568622,0.0231924,0.152345,25.5867,14.7939,99.0892
0.0488802,0.0154873,0.156816,41.172,17.5738,99.095
0.0491683,0.0445129,0.161029,40.8052,17.6542,99.0983
0.0558022,0.019437,0.165239,27.7926,15.3378,99.1068
0.0516015,0.00283748,0.141568,35.2735,16.9051,99.1077
0.0541337,0.00308054,0.153144,30.4902,15.6058,99.1114
0.0448303,0.0121797,0.16119,54.3603,18.1186,99.1148
0.049245,0.0019083,0.162396,40.223,18.7103,99.1149
0.0552409,0.0145523,0.162982,28.163,15.5951,99.1175
0.0574135,0.0308127,0.165388,24.4932,14.7001,99.1196
0.0467974,0.00914082,0.159894,47.8059,19.9783,99.1251
0.0510817,0.0159845,0.163433,36.8503,16.2445,99.1287
0.0473039,0.0320785,0.165711,45.5281,18.3419,99.1345
0.0465066,0.00566885,0.160039,49.9064,17.69,99.1363
0.0472541,0.0119162,0.165803,46.4306,17.6069,99.1372
0.046017,0.00791876,0.161546,49.2385,19.9016,99.146
0.0459026,0.0195897,0.165568,49.6927,19.453,99.1555
0.049865,0.0015063,0.153502,39.4571,17.5996,99.1575
0.0574369,0.0165957,0.163622,24.4048,14.4485,99.1579
0.052492,0.0057799,0.147113,33.2496,16.6875,99.1687
0.0511908,0.0139959,0.161493,36.6191,17.7478,99.1737
0.0467793,0.0162312,0.162655,47.8156,19.8967,99.1776
0.0476679,0.0390974,0.166557,44.0891,18.9718,99.184
0.05762,0.0136234,0.163288,24.1184,14.8366,99.1862
0.0478645,0.000861438,0.154888,44.4853,18.8042,99.1919
0.0488082,0.0100479,0.16108,41.987,18.9835,99.2
0.0453716,0.0126783,0.164985,52.8759,18.7044,99.2026
0.0539627,0.0304825,0.148526,30.1656,15.2614,99.2206
0.0507903,0.0123776,0.163048,37.9392,17.0835,99.227
0.0444648,0.00312063,0.161603,55.7551,19.0504,99.2285
0.0486933,0.001661,0.164031,43.7436,16.7897,99.234
0.0454824,0.00720187,0.165705,52.7616,18.1037,99.236
0.0460324,0.0070152,0.15944,49.788,19.4422,99.2405
0.0474162,0.00697208,0.160508,45.8178,18.8898,99.2427
0.0460356,0.00975872,0.162217,50.9627,18.9554,99.2458
0.0535766,0.00589177,0.160779,31.0751,15.8335,99.2469
0.0583009,0.00586883,0.157771,23.0655,14.2605,99.25
0.0536323,0.00456165,0.165898,31.9297,15.2778,99.2625
0.0496764,0.00103112,0.159228,40.5123,16.4127,99.267
0.0517001,0.0025073,0.164336,35.1523,16.9917,99.2701
0.0469478,0.0158889,0.152641,46.6265,18.5739,99.2777
0.0444802,0.0121161,0.162965,55.3253,18.0775,99.2787
0.0516174,0.00160883,0.146858,35.5178,16.9377,99.2803
0.0558749,0.00110657,0.154802,27.4218,15.6321,99.3023
0.0563968,0.00553529,0.161987,26.3325,15.1978,99.3037
0.053503,0.0149598,0.139384,31.4757,15.0122,99.3054
0.0529905,0.0261999,0.160991,32.3757,16.5151,99.3105
0.0496479,0.000681237,0.163505,39.2983,18.0971,99.3178
0.047168,0.000901227,0.161183,47.2278,17.3964,99.3198
0.0511089,0.0266807,0.166182,36.62,17.9731,99.3238
0.0549677,0.0451746,0.166187,28.966,15.4628,99.3312
0.0531668,0.00455317,0.154135,32.4539,16.441,99.334
0.0469344,0.0125666,0.155539,46.7902,18.7125,99.3389
0.0569052,0.0109768,0.160653,25.9542,14.6702,99.3413
0.0568205,0.0310593,0.155349,25.0452,14.7572,99.3645
0.054154,0.00413177,0.161421,30.3372,15.547,99.368
0.0473493,0.00377396,0.147053,45.8041,18.5005,99.3794
0.0497387,0.000876988,0.166373,39.7697,18.1542,99.3885
0.0483077,0.00878668,0.157906,43.9528,18.8188,99.3898
0.0536155,0.000287838,0.15636,31.4776,15.0991,99.393
0.0557847,0.0122914,0.15858,27.7259,15.4504,99.3996
0.0459773,0.011407,0.160538,49.8684,19.6231,99.4011
0.0492021,0.000134842,0.165551,40.5268,18.6182,99.4264
0.0468115,0.00978247,0.160146,47.8,19.6752,99.4264
0.0478127,0.0151699,0.160104,44.5335,18.8158,99.4299
0.0478419,0.00373061,0.163698,45.8801,16.917,99.4335
0.0494655,0.00771471,0.163702,40.501,17.4794,99.4384
0.0501596,0.0288114,0.15718,38.7257,17.1675,99.4396
0.0472136,0.0566976,0.165821,45.0749,18.9562,99.4407
0.0525333,0.0241544,0.156718,33.2256,16.7746,99.4475
0.0454592,0.0021729,0.162661,51.7455,19.1814,99.448
0.0574081,0.0383242,0.164775,24.2995,14.7975,99.454
0.0487945,0.00210192,0.166503,41.9504,18.8468,99.4577
0.0518271,0.00124978,0.166533,35.2367,16.5063,99.4603
0.0514142,0.0414548,0.163205,35.2351,16.1593,99.461
0.0518779,0.00407438,0.1574,34.6007,16.9306,99.4624
0.0515468,0.0190833,0.148666,35.9363,16.9634,99.4707
0.0474405,0.00764797,0.161506,45.8068,18.1837,99.474
0.0531032,0.00139551,0.162134,32.9981,15.698,99.4834
0.0551083,0.0355672,0.163692,28.0631,15.2956,99.484
0.049324,0.0193502,0.157695,40.8285,17.4332,99.4846
0.0460372,0.00232024,0.156864,50.8226,18.2173,99.4892
0.0468818,0.0126646,0.161903,47.7784,18.6849,99.4932
0.0499502,0.000254417,0.159921,39.871,17.1716,99.4992
0.0457436,0.00358618,0.159064,51.5224,17.7426,99.5133
0.0534483,0.0220058,0.144161,31.1049,15.9072,99.5281
0.0462585,0.0152136,0.164748,48.858,19.9749,99.5286
0.0514172,0.025627,0.16246,35.0223,16.59,99.53
0.0487751,0.00495249,0.166108,42.317,18.4885,99.5374
0.0602238,0.00786658,0.161117,20.9786,13.7147,99.5386
0.051153,0.0223973,0.163647,36.6028,17.1268,99.5438
0.0484585,0.0176404,0.16197,42.1643,18.3841,99.5439
0.0472429,0.00923363,0.163564,46.3541,17.4185,99.545
0.0463855,0.0282708,0.166431,48.0023,19.9373,99.5473
0.0558799,0.0017243,0.154391,27.7849,15.3009,99.5552
0.0562675,0.0184836,0.144649,26.0812,14.9323,99.5596
0.0602464,0.0137436,0.15854,20.5757,13.3179,99.5623
0.0514372,0.00565919,0.158757,35.768,17.0938,99.5708
0.0474413,0.000740924,0.153144,45.6185,18.0294,99.5722
0.057603,0.0152424,0.154454,24.9072,14.4183,99.5727
0.0525617,0.0227391,0.156799,33.0163,16.5651,99.5732
0.0505015,0.0440917,0.166272,37.5869,17.9825,99.5797
0.0431128,0.00391916,0.163584,60.965,19.8724,99.5922
0.05346,0.00293847,0.147233,31.7663,15.9936,99.6038
0.0496348,0.00237158,0.154121,39.6779,17.5057,99.6041
0.0453447,0.00146727,0.152902,52.8342,18.1576,99.6055
0.0457094,0.00189531,0.159141,50.0011,19.9765,99.6091
0.0490823,0.00104806,0.159984,41.8868,17.2909,99.6097
0.0518574,0.0342102,0.155488,34.0407,16.7236,99.6149
0.0450564,0.00203881,0.156747,53.1038,18.8287,99.6197
0.0493488,0.0143151,0.154869,40.942,17.8223,99.6213
0.0534671,0.0212906,0.146852,31.6244,15.5488,99.625
0.0551666,0.0260637,0.158813,28.439,15.0674,99.6265
0.0544498,0.00459895,0.159299,29.0975,15.51,99.6281
0.0493846,0.0115336,0.165911,40.1355,18.138,99.6302
0.0458418,0.0201772,0.165015,50.724,18.4784,99.6315
0.0458501,0.00826261,0.161675,50.8664,18.3213,99.637
0.0567876,0.0199303,0.163811,25.1243,14.6012,99.6535
0.0444569,0.0056131,0.161545,55.3637,18.608,99.6575
0.0555935,0.00321112,0.163198,27.4338,15.2815,99.6577
0.0463339,0.000587355,0.165375,49.503,17.6012,99.659
0.0471181,0.0106643,0.162314,46.9211,19.5731,99.6627
0.0484719,0.0116121,0.161827,43.9162,17.5644,99.6704
0.046443,0.0031472,0.153627,48.5213,19.573,99.6758
0.0555964,0.00238458,0.162709,27.7418,15.0729,99.6836
0.0487046,0.00894971,0.162872,42.7123,17.8995,99.686
0.0540222,0.0287867,0.155534,30.3079,15.5331,99.6872
0.0544739,0.0329295,0.15261,29.0348,15.0602,99.6908
0.056206,0.0173082,0.166356,26.0787,15.4575,99.6988
0.050263,0.000324158,0.164105,38.4827,16.4561,99.701
0.0601829,0.0225722,0.163165,20.5435,13.2258,99.7057
0.0446952,0.000143246,0.153918,54.9861,18.6719,99.7164
0.0437999,0.00639642,0.160805,57.0413,19.5015,99.7239
0.0563792,0.00150084,0.136072,26.9804,14.2244,99.7322
0.0491973,0.0513063,0.162575,40.6838,17.3082,99.7335
0.0503058,0.0135304,0.154571,38.0334,17.1003,99.734
0.0539193,0.0212207,0.149781,30.4196,15.5247,99.7365
0.0485132,0.00425779,0.151159,42.0606,17.417,99.7369
0.0470285,0.00402153,0.164124,47.5965,18.8066,99.7489
0.0496476,0.0315325,0.152924,39.8102,17.3775,99.7494
0.0425712,0.0157951,0.165706,62.7004,19.1041,99.7549
0.0576545,0.0113232,0.15374,24.4211,14.9785,99.7569
0.0525121,0.01795,0.151144,33.9849,16.5652,99.7581
0.0550056,0.00375157,0.163059,28.4627,15.2003,99.7593
0.0492203,0.0187999,0.146117,40.6198,17.3925,99.766
0.0497233,0.0372967,0.160097,39.9132,17.156,99.767
0.0459463,0.0259915,0.165025,49.416,19.9471,99.7672
0.0562538,0.00484864,0.150936,26.8166,14.2162,99.7703
0.0455948,0.020671,0.165371,50.3061,19.4832,99.7772
0.0445453,0.0170009,0.161495,55.7129,18.3907,99.7779
0.0539446,0.0140638,0.160862,30.054,15.3381,99.7786
0.0499347,0.000457277,0.156777,39.3539,17.126,99.7788
0.0540026,0.0170136,0.141427,30.2615,15.8657,99.7831
0.0519574,0.0204315,0.145779,34.2652,16.6633,99.7848
0.0534823,0.0142016,0.149454,31.4545,15.9284,99.7939
0.0567741,0.0148193,0.158124,25.1997,14.4394,99.7976
0.0488295,0.040141,0.164254,41.3744,17.1796,99.7996
0.0461922,0.00630704,0.158412,49.7008,18.7799,99.8027
0.0467285,0.00509597,0.161546,48.6828,17.238,99.8036
0.0466381,0.0184209,0.165766,48.906,18.7917,99.8048
0.0485022,0.00815269,0.157574,42.0331,18.5341,99.8132
0.0456466,0.00789097,0.156722,50.2646,19.142,99.8135
0.0432527,0.0140171,0.161447,59.1863,19.2668,99.8154
0.0452962,0.0269687,0.164887,52.2735,18.1959,99.8168
0.0480635,0.0186774,0.15762,43.468,18.2057,99.8194
0.045632,0.00665319,0.15575,50.4455,19.586,99.8403
0.0455222,0.00319365,0.164208,51.7023,19.1153,99.8426
0.0487479,0.00242071,0.157121,42.8774,18.6279,99.8492
0.0520894,0.00796999,0.165746,34.0626,17.8258,99.8499
0.0458813,0.0237893,0.163931,49.3327,19.8622,99.8559
0.0463998,0.0149622,0.157273,48.0605,19.9265,99.8594
0.0489796,0.000463806,0.162954,42.3123,17.2296,99.8628
0.0455186,0.00210202,0.155341,52.4994,17.1031,99.8634
0.0541971,0.00116236,0.156777,30.1871,15.7473,99.8679
0.0544336,0.00241531,0.164435,29.0291,15.5429,99.8695
0.0515222,0.00408736,0.15691,35.4889,17.5148,99.8728
0.056859,0.022656,0.149019,25.5181,14.0979,99.8728
0.0495662,0.0256199,0.162822,39.0894,17.6733,99.8764
0.0434942,0.0283365,0.165415,58.0651,19.6872,99.8781
0.0497823,0.0147103,0.147485,39.1335,17.8434,99.8783
0.0500396,0.059445,0.166489,38.1448,17.1857,99.8951
0.0603151,0.0128579,0.162489,20.6329,13.108,99.8965
0.0456755,0.00115826,0.153795,50.1029,19.7027,99.8994
0.0464717,0.00792637,0.157329,49.5996,17.4973,99.902
0.0519892,0.0320484,0.152905,34.1736,16.7796,99.9062
0.0472449,0.0304058,0.16494,46.107,17.0524,99.92
0.048656,0.00780908,0.161275,42.3132,17.5178,99.9231
0.0445567,0.0140671,0.164054,54.3648,19.8275,99.9262
0.0489189,0.0161756,0.154138,41.5786,17.8587,99.9265
0.0534439,0.0239059,0.139171,31.6715,15.5284,99.9301
0.0460484,0.016406,0.158672,49.9166,19.2454,99.9308
0.0492093,0.0502505,0.163802,40.37,17.0585,99.9339
0.0484458,0.0194356,0.161155,42.5089,18.0295,99.9348
0.0501913,0.00630868,0.147189,38.1382,17.7855,99.9421
0.0497014,0.0296304,0.150709,39.6211,17.2528,99.9432
0.0518581,0.0473335,0.154808,34.3788,16.3488,99.9456
0.0529906,0.0309664,0.160852,32.8631,16.2363,99.9502
0.0503524,0.0067302,0.151882,38.2541,17.6504,99.954
0.0464389,0.0222347,0.164315,49.3435,17.52,99.955
0.0487066,0.0124768,0.163683,42.0398,17.0441,99.9571
0.0469917,0.0175804,0.161061,46.4376,18.4255,99.9652
0.0520133,0.0059683,0.163355,34.3002,17.2421,99.966
0.0551127,0.00199248,0.164755,28.0995,16.7122,99.9685
0.0475311,0.00195968,0.155905,45.0205,18.7142,99.9718
0.043612,0.00271384,0.155378,58.905,19.4937,99.9791
0.0504793,0.00292218,0.162878,38.112,16.0736,99.9797
0.0487833,0.0410615,0.148699,41.019,17.1888,99.9841
0.0519559,0.00286491,0.159358,34.4312,17.2803,99.9854
0.0496581,0.00352495,0.156527,40.7192,16.0491,99.9907
0.0465941,0.0018119,0.140503,47.3627,18.9719,99.997
0.042342,0.00416258,0.165343,63.6941,19.0165,100.001
0.0461817,0.026366,0.16628,49.9503,18.663,100.001
0.0472831,0.0307465,0.162494,46.6121,17.4756,100.005
0.0526144,0.00186133,0.157751,33.0192,15.4164,100.007
0.0439741,0.0207965,0.165373,57.2543,18.2453,100.009
0.0467777,0.00657706,0.163063,47.7781,18.215,100.01
0.0456374,0.0194985,0.162066,50.7771,19.6399,100.018
0.0483859,0.00608562,0.163199,42.0284,18.7208,100.022
0.0524596,0.0136746,0.146241,33.3579,16.9493,100.023
0.0472684,0.0332089,0.162769,46.065,17.6764,100.029
0.047761,0.0223919,0.153485,44.9487,18.3523,100.03
0.0472234,0.00401857,0.156905,46.6816,18.6064,100.037
0.0601727,0.0193926,0.161039,20.7591,13.7658,100.037
0.0464005,0.0266665,0.165301,49.25,17.3114,100.038
0.0529989,0.0102212,0.134214,32.6296,15.5617,100.043
0.0467957,0.00773739,0.159605,48.1754,17.4717,100.044
0.0529538,0.000281196,0.163634,33.6777,15.2271,100.054
0.0484941,0.00382985,0.135097,42.2438,17.1663,100.054
0.0472455,0.0257575,0.152005,45.7802,18.9174,100.057
0.0472757,0.00108215,0.166405,45.7314,19.0381,100.057
0.0484941,0.000402105,0.132891,42.5822,17.6073,100.06
0.0540025,0.00884162,0.139857,30.0429,15.0563,100.064
0.0422933,0.0221335,0.165215,63.8567,19.7851,100.072
0.0505629,0.00379157,0.140031,37.0834,16.2235,100.072
0.0452373,0.00701917,0.164539,51.8352,19.8743,100.076
0.0512245,0.0108362,0.163381,36.07,16.0187,100.078
0.0482075,0.00142149,0.160015,44.8507,17.4408,100.079
0.0534996,0.00110006,0.134363,31.9098,15.1816,100.08
0.0456555,0.0130954,0.158776,50.48,19.6671,100.08
0.0488298,0.00181086,0.15535,42.7682,17.1999,100.086
0.0492156,0.0122518,0.161843,41.6745,17.8717,100.088
0.0470047,0.0180293,0.164546,46.9199,18.1096,100.09
0.0512785,0.0112016,0.165906,36.9849,16.6892,100.092
0.0478529,0.013915,0.156817,44.5648,18.9429,100.096
0.0481562,0.0357365,0.163635,43.3484,18.7594,100.098
0.0603987,0.00388825,0.161191,20.1939,13.9423,100.101
0.0503334,0.0163144,0.161033,38.5091,17.3941,100.101
0.0492144,0.0473489,0.155979,40.6811,17.7103,100.101
0.0514266,0.00810783,0.159801,35.3219,16.5171,100.104
0.0455464,0.00864428,0.1573,50.9932,19.2041,100.104
0.0520785,0.00918755,0.165112,34.4621,17.7946,100.105
0.0478436,0.0125367,0.153049,44.3329,18.4874,100.108
0.0500405,0.0150702,0.153266,38.468,17.0398,100.112
0.0595512,0.0172644,0.156721,21.9442,13.4708,100.116
0.0472005,0.0489076,0.158454,45.3111,18.0476,100.118
0.0588482,0.011931,0.163797,22.6409,14.498,100.119
0.0495715,0.0183231,0.165393,40.0818,16.2135,100.12
0.0469598,0.0184383,0.156684,47.0893,17.0056,100.126
0.0467293,0.00840047,0.158986,47.818,19.8666,100.126
0.0517707,0.000448033,0.160266,35.333,16.3745,100.126
0.0454464,0.0188287,0.163469,52.7337,17.6772,100.127
0.0601412,0.0202064,0.166201,20.0335,13.8012,100.13
0.0493533,0.00952864,0.165746,41.2501,16.4932,100.133
0.0503033,0.00923256,0.148476,38.0833,17.785,100.141
0.0509937,0.0360027,0.160246,36.2161,16.5892,100.144
0.0533988,0.031816,0.148617,31.11,15.8829,100.146
0.0570426,0.00710432,0.15736,25.2131,14.2311,100.146
0.0460698,0.0158397,0.156728,49.0711,19.5291,100.147
0.0509353,0.0322873,0.154187,36.8226,16.9377,100.148
0.0493233,0.00705807,0.160153,41.7388,16.098,100.148
0.0511445,0.00126549,0.142508,36.0033,16.653,100.148
0.0553787,0.000771972,0.157141,28.375,15.6239,100.15
0.0567715,0.046902,0.162805,25.6709,14.2186,100.15
0.0475874,0.00458939,0.16383,46.3603,16.3106,100.158
0.0492149,0.0168714,0.166438,41.5293,16.6718,100.158
0.0502318,0.0125924,0.159847,38.1019,16.9088,100.163
0.0490095,0.000141534,0.165006,42.367,17.862,100.169
0.0464888,0.00299091,0.156795,48.3998,18.446,100.169
0.0570488,0.00843275,0.166108,25.5887,14.4778,100.17
0.0544949,0.0178903,0.148476,29.4279,15.9056,100.17
0.0471459,0.0110939,0.163422,47.6219,17.8322,100.171
0.0461385,0.00850564,0.163519,49.6776,18.6088,100.179
0.0492998,0.00596083,0.155196,41.2572,16.4834,100.179
0.0535818,0.00923677,0.145942,31.9971,15.1023,100.181
0.0487597,0.0542969,0.159679,41.4018,17.6443,100.184
0.0500392,0.0109611,0.154929,38.9104,17.3252,100.184
0.0514777,0.0390751,0.164639,35.8095,16.738,100.184
0.0501027,0.0325662,0.155243,38.8912,17.9718,100.185
0.0441868,0.00620467,0.160624,56.6563,19.4484,100.186
0.0512527,0.0105456,0.163723,36.7429,16.1617,100.186
0.0471777,0.0531304,0.166272,45.4983,18.6198,100.189
0.0443894,0.0120534,0.164061,55.3423,19.5458,100.193
0.0491549,0.0173296,0.161585,41.5562,17.4214,100.197
0.0568324,0.0261033,0.149581,25.9671,14.6073,100.198
0.0448793,0.0348129,0.166064,53.3903,18.0182,100.199
0.0500237,0.000482478,0.159165,39.5684,16.4925,100.199
0.0556083,0.0301238,0.161069,27.059,15.7784,100.2
0.0433718,0.00322878,0.162978,59.3849,18.6956,100.201
0.0478407,0.0124435,0.152089,44.6421,18.5052,100.209
0.0469327,0.034254,0.156338,46.5999,18.5458,100.21
0.0562157,0.018703,0.161783,26.4615,15.0146,100.212
0.0514248,0.00307218,0.156834,35.1721,17.9209,100.213
0.0464435,0.00458489,0.163335,48.2374,18.3248,100.217
0.0433284,0.0165808,0.163461,59.0889,19.3939,100.221
0.0479367,0.0505597,0.166301,43.4361,18.0459,100.222
0.0556492,0.0299562,0.161249,27.2034,15.3851,100.223
0.0509181,0.0251688,0.160386,36.0945,17.7594,100.223
0.0459598,0.0297752,0.163652,49.4759,19.0049,100.229
0.0523777,0.0040488,0.164016,33.0705,17.7493,100.229
0.0452881,0.0239511,0.1596,52.2753,18.5692,100.231
0.0534289,0.00328099,0.154181,31.3891,16.6721,100.231
0.0514608,0.0425015,0.163893,35.2418,16.3456,100.231
0.0485556,0.0165401,0.163021,42.6503,17.2287,100.237
0.0466396,0.00814963,0.151958,48.5169,17.7773,100.237
0.0456977,0.0147101,0.159577,50.5778,19.359,100.241
0.0471039,0.00627684,0.159063,47.1375,17.4929,100.243
0.0458894,0.0375439,0.166363,49.8193,19.5483,100.243
0.0505934,0.0218536,0.154143,37.9518,16.6321,100.244
0.0446478,0.0039841,0.161672,54.3902,19.0945,100.247
0.046436,0.0153374,0.159774,49.0337,17.203,100.251
0.051321,0.0534922,0.158048,35.3293,16.7532,100.252
0.0462978,0.00218263,0.157659,48.4791,19.8357,100.255
0.0506458,0.0118422,0.151026,37.3292,16.3204,100.258
0.0549459,0.0341425,0.165293,28.106,15.1961,100.259
0.0506024,0.0186737,0.150559,37.0303,16.5881,100.266
0.0526627,0.00358889,0.165527,33.9499,15.0217,100.268
0.0538074,0.0655594,0.160752,30.0766,15.9608,100.269
0.0470631,0.0214051,0.166565,46.3085,19.0897,100.27
0.0506196,0.0109648,0.143194,37.1651,16.8351,100.27
0.0486479,0.0181279,0.164314,42.2746,17.6672,100.271
0.04434,0.00804979,0.16347,55.0721,19.1996,100.274
0.0454373,0.0185959,0.16276,52.0803,17.4744,100.28
0.0448806,0.0303417,0.165361,53.5271,18.2632,100.283
0.0482188,0.0163499,0.16562,43.7514,17.312,100.284
0.0448825,0.0447371,0.165521,53.0178,18.2945,100.284
0.045235,0.0175908,0.157234,52.764,18.2626,100.287
0.0445345,0.0243891,0.163158,55.6912,18.6829,100.287
0.0539582,0.0194227,0.161341,30.6145,16.2831,100.288
0.0477585,0.00936058,0.154157,45.5411,17.377,100.289
0.0569041,0.0257149,0.149103,25.6784,14.5181,100.29
0.0513881,0.00342773,0.159791,35.3693,17.3962,100.293
0.0491024,0.0654146,0.16212,40.6108,17.7728,100.293
0.0427572,0.0115096,0.165043,61.3648,19.1794,100.297
0.0491391,0.0379762,0.162861,40.38,17.0475,100.298
0.0533813,0.0467975,0.150845,31.5304,15.5445,100.299
0.0480948,0.00196267,0.131494,43.4395,17.4425,100.302
0.0562254,0.0238539,0.164567,26.4636,15.9735,100.306
0.0495409,0.0653303,0.162797,39.9445,17.6629,100.307
0.0450837,0.000419401,0.154052,53.3654,18.744,100.311
0.0491779,0.0267812,0.166167,40.9505,17.9407,100.314
0.0505569,0.0477184,0.166434,37.9374,17.0718,100.319
0.0618572,0.0013008,0.16552,18.0461,13.0034,100.319
0.0496893,0.0432414,0.156166,39.3563,17.2667,100.32
0.0489277,0.0210716,0.158211,41.7478,17.6263,100.322
0.0484014,0.0143713,0.155525,42.6806,18.39,100.324
0.0515876,0.0154675,0.144729,35.5244,16.9045,100.325
0.0438441,0.0170871,0.159555,57.342,19.3418,100.327
0.0441006,0.0191825,0.163856,56.9874,19.7856,100.327
0.0538919,0.0448333,0.166545,30.9534,15.4526,100.329
0.0511516,0.0178622,0.164002,36.7305,16.0862,100.331
0.0467712,0.00956082,0.156359,47.2562,19.3165,100.331
0.0465248,0.0226683,0.162858,48.3446,18.0999,100.332
0.0523836,0.0316054,0.151594,33.2325,16.7171,100.342
0.0468232,0.020658,0.165915,48.7181,17.405,100.344
0.0534372,0.0199744,0.156044,31.6755,16.9399,100.348
0.046481,0.00259352,0.156466,48.9198,18.0132,100.348
0.0523696,0.006613,0.164297,33.766,17.8217,100.353
0.0475395,0.00415261,0.160816,46.5617,16.2273,100.356
0.0557371,0.0154668,0.15538,27.0413,15.6893,100.364
0.0618485,0.00205907,0.165835,18.6982,13.3502,100.364
0.0467466,0.00553089,0.156683,47.9804,19.114,100.365
0.0535603,0.00644212,0.153804,31.2488,16.0033,100.366
0.0530028,0.0384731,0.163751,32.1916,16.9905,100.369
0.0492346,0.0478624,0.162214,40.747,17.09,100.37
0.0536942,0.00754181,0.16502,31.5906,15.2266,100.373
0.0596269,0.00957984,0.152046,21.3525,13.5074,100.374
0.0573864,0.0362827,0.160655,24.4951,14.6066,100.374
0.0534681,0.025022,0.159115,31.2475,15.3132,100.374
0.0530211,0.0179171,0.159982,32.9157,15.4478,100.381
0.0483534,0.00760001,0.158898,43.8714,17.8269,100.381
0.0473458,0.0202465,0.1498,45.4336,18.042,100.386
0.0563315,0.0190738,0.15446,26.8753,14.8297,100.387
0.051898,0.0524229,0.157913,34.529,16.4402,100.387
0.0502803,0.00160738,0.153023,38.4891,16.3244,100.388
0.0509845,0.0390682,0.143652,36.2839,16.8134,100.392
0.043707,0.00168765,0.15311,58.1048,18.2948,100.407
0.0479881,0.0373095,0.161376,43.1874,18.5409,100.41
0.0528677,0.00596686,0.153378,32.3685,16.8088,100.413
0.0546693,0.0195088,0.158029,29.2231,15.1688,100.414
0.0457549,0.0263284,0.164437,51.7577,17.4446,100.414
0.0530185,0.00734076,0.146327,32.0431,15.4921,100.416
0.0476702,0.0166055,0.151247,44.049,18.1153,100.42
0.0532278,0.00759346,0.161909,32.3787,16.4393,100.421
0.0539778,0.042349,0.163815,30.6169,15.6685,100.422
0.0530156,0.0204134,0.162921,32.504,15.8535,100.423
0.0513931,0.0594492,0.162118,35.5826,16.1157,100.426
0.0603333,0.00904341,0.152748,20.9543,13.6778,100.428
0.0618685,0.00206546,0.165517,18.5948,13.8698,100.429
0.0510304,0.0204228,0.136253,36.5602,16.423,100.429
0.0435011,0.0356163,0.1665,58.6506,19.1317,100.432
0.0574072,0.0192102,0.16012,24.6121,14.9337,100.434
0.0536079,0.0237351,0.164108,31.2988,16.8407,100.434
0.0458354,0.0245657,0.163175,50.1483,18.2876,100.435
0.0562387,0.0283702,0.155653,26.2089,14.2239,100.437
0.0500007,0.0607599,0.164823,38.015,17.2064,100.439
0.0454241,0.00576444,0.158293,51.401,19.4704,100.44
0.0480563,0.0379553,0.161423,43.5608,18.965,100.445
0.0570044,0.0145502,0.153953,25.5097,14.9301,100.445
0.047147,0.0234576,0.166014,46.5353,18.0924,100.447
0.0451701,0.011906,0.163578,52.1912,19.815,100.448
0.0529497,0.0221059,0.139703,32.9235,15.4432,100.449
0.0496331,0.00911031,0.161075,40.0927,17.5933,100.45
0.0497046,0.00960123,0.164066,39.001,18.4472,100.453
0.0495854,0.0079718,0.160084,39.5917,17.0677,100.455
0.0540624,0.0143775,0.1622,30.5104,16.773,100.456
0.0455203,0.00701838,0.160116,51.6553,18.3056,100.456
0.0476215,0.0576004,0.165563,44.4839,18.8129,100.456
0.0533911,0.0347967,0.152241,31.7615,15.7176,100.457
0.0497684,0.0169061,0.145852,39.1633,17.2139,100.458
0.0514475,0.0478621,0.155811,35.7489,16.8729,100.459
0.0486356,0.00147661,0.150454,42.1657,18.131,100.461
0.0448233,0.0213986,0.165591,53.7687,19.3218,100.461
0.046275,0.00201161,0.151368,49.2965,17.2466,100.466
0.0451989,0.0230926,0.164118,51.4732,19.9199,100.468
0.0539567,0.0128788,0.156865,30.8969,16.257,100.469
0.0492572,0.0436805,0.160194,40.0477,17.0177,100.471
0.0496651,0.0279606,0.149454,39.4585,17.1799,100.471
0.0573745,0.033853,0.162572,24.5598,14.6711,100.475
0.0575167,0.000336669,0.162896,24.9491,15.9521,100.477
0.0476045,0.00658493,0.156263,45.3861,18.9571,100.478
0.0562396,0.00601035,0.157325,26.7397,15.423,100.478
0.0505276,0.029494,0.15687,37.7189,17.2008,100.482
0.0511243,0.0137271,0.154268,36.6186,16.4964,100.483
0.0601818,0.00463439,0.159813,20.9225,13.4236,100.484
0.0460992,0.00874767,0.155076,50.8414,17.2465,100.487
0.0446911,0.017199,0.166461,54.0808,19.2142,100.49
0.0511399,0.00682234,0.144845,36.6946,16.7668,100.49
0.0594551,0.0123598,0.156389,21.1559,13.85,100.493
0.0496259,0.0321189,0.150333,39.0523,17.3162,100.495
0.0573534,0.0162036,0.164966,24.8507,14.9859,100.497
0.0534317,0.0350563,0.164656,31.3713,16.2,100.497
0.0594516,0.012695,0.157701,21.0074,13.041,100.499
0.0443339,0.00181127,0.160162,55.4911,19.6751,100.505
0.0556678,0.0253057,0.142099,27.8234,14.5339,100.506
0.0549773,0.00478321,0.162901,28.4548,15.0167,100.507
0.0549495,0.0221797,0.162031,28.786,15.5603,100.508
0.0595515,0.0165919,0.162733,21.2068,13.3079,100.508
0.0582846,0.0211553,0.164505,23.2115,14.5152,100.508
0.0437148,0.00956641,0.165878,58.9504,18.6747,100.509
0.0539566,0.00196172,0.161697,30.4063,15.6848,100.514
0.0484608,0.0152067,0.152402,42.1514,17.3396,100.514
0.0433464,0.020162,0.165222,59.6076,18.0153,100.514
0.0468893,0.00674441,0.163595,46.9887,19.7702,100.52
0.0480299,0.00724241,0.154308,44.2966,17.0439,100.524
0.0538172,0.055282,0.16519,30.4265,15.1566,100.525
0.0438344,0.0295483,0.163237,57.6521,19.6737,100.526
0.0457095,0.00894924,0.158241,51.4366,17.2029,100.526
0.0443018,0.00372713,0.158718,56.1755,18.5822,100.527
0.0540516,0.0177316,0.140424,30.2969,15.6817,100.528
0.0489974,0.0338629,0.165464,41.1346,18.9984,100.528
0.0570267,0.012362,0.150455,25.5473,14.9783,100.533
0.0467877,0.0200502,0.159702,47.974,19.0384,100.535
0.0481499,0.0150893,0.16117,43.8361,17.8432,100.535
0.0440484,0.00549646,0.160718,56.7634,19.3907,100.538
0.0516097,0.0244824,0.166577,35.3718,17.6185,100.539
0.0469401,0.0386731,0.162419,46.1636,18.2926,100.542
0.05004,0.0185393,0.151681,38.4384,17.3986,100.542
0.0497361,0.0139421,0.144261,39.7429,17.3565,100.544
0.0563491,0.0105658,0.158875,26.5086,15.3016,100.545
0.0530141,0.015915,0.13508,32.3736,15.9238,100.547
0.0533771,0.050239,0.15191,31.5674,15.6197,100.55
0.0509611,0.0232701,0.156912,36.4284,17.8848,100.55
0.04604,0.0295883,0.164324,50.4954,17.5708,100.552
0.0562004,0.0124361,0.145884,26.358,14.3387,100.554
0.0494526,0.0185799,0.161918,40.2511,17.2378,100.555
0.0495162,0.00227988,0.165141,40.7397,16.9473,100.559
0.0458076,0.0288291,0.16654,50.9252,18.8292,100.561
0.0485813,0.021577,0.163961,42.2729,17.6145,100.563
0.0558587,0.00547595,0.165929,27.0682,14.947,100.563
0.0470425,0.0180256,0.163743,47.0168,17.1985,100.564
0.0488435,0.00764672,0.15743,42.8522,16.8375,100.567
0.0507816,0.0013525,0.165281,38.6481,15.5065,100.569
0.0473971,0.0260232,0.160196,45.2143,18.7802,100.57
0.0463976,0.0234324,0.156823,48.8934,19.7615,100.572
0.0501753,0.0287995,0.16639,38.4121,16.1949,100.572
0.0531974,0.00644682,0.163677,32.9049,15.318,100.573
0.0595216,0.000140232,0.149108,21.9103,13.3177,100.573
0.0529977,0.00977326,0.145108,32.7605,15.2228,100.575
0.0518865,0.0254242,0.147181,34.7775,16.1731,100.576
0.0473939,0.0218453,0.164834,46.4988,17.5476,100.576
0.0471906,0.0675315,0.164483,45.4804,18.369,100.579
0.0479606,0.0153202,0.161483,44.6513,17.245,100.582
0.0446544,0.024663,0.16042,54.867,18.7011,100.584
0.0601359,0.0240962,0.161806,20.2889,13.5176,100.585
0.0523505,0.051768,0.160041,33.0202,16.3519,100.59
0.0511556,0.00980388,0.153294,36.5952,16.3914,100.591
0.051539,0.0337813,0.163501,35.452,16.2579,100.592
0.0462095,0.0287277,0.165738,49.8137,18.4958,100.594
0.0489222,0.00540791,0.15863,42.1658,16.9025,100.594
0.0459304,0.00669288,0.155445,49.8463,19.7519,100.598
0.0457417,0.00839803,0.159439,51.021,18.6314,100.6
0.045659,0.0192072,0.158117,50.5067,19.2307,100.601
0.0470315,0.0138729,0.153661,46.5932,18.1569,100.604
0.0453398,0.00420433,0.152704,51.5901,19.6713,100.604
0.0537652,0.00399997,0.163968,31.697,15.4897,100.605
0.0581028,0.00108876,0.1587,23.3547,14.3471,100.615
0.0478769,0.0321547,0.166467,44.2688,18.1878,100.616
0.0452287,0.017047,0.155638,51.6374,19.8091,100.617
0.0526995,0.00434525,0.16482,33.9421,15.7021,100.619
0.0466734,0.00182435,0.150796,47.2624,18.0836,100.623
0.0507487,0.0278785,0.163847,37.4303,17.6602,100.624
0.0487991,0.0119526,0.153639,41.7383,17.6567,100.627
0.0577131,0.00853397,0.165567,24.8965,14.2731,100.628
0.0462737,0.0169385,0.15882,49.0291,17.0328,100.63
0.0534245,0.0286201,0.156818,31.0105,15.5269,100.63
0.0502454,0.00380064,0.1658,39.1932,15.9372,100.631
0.0507032,0.0364896,0.164809,37.0386,17.8151,100.634
0.0533173,0.0556271,0.152242,31.1867,15.2611,100.636
0.056858,0.0350231,0.151866,25.9942,14.7611,100.637
0.0478974,0.00205806,0.153617,45.5099,16.9178,100.638
0.0509525,0.0466316,0.15614,36.7507,16.6236,100.639
0.0514103,0.0523509,0.151457,35.2418,16.2429,100.64
0.0466704,0.00228023,0.154101,47.2946,18.2504,100.641
0.0496979,0.00357946,0.161278,39.487,18.2187,100.645
0.0429574,0.000849075,0.155438,60.4015,19.4708,100.649
0.0460914,0.00846678,0.162537,50.7057,18.545,100.654
0.0453849,0.0155075,0.158823,52.215,17.1535,100.658
0.0467071,0.0144495,0.15988,47.4144,19.3044,100.658
0.0476966,0.0428022,0.157539,44.573,18.949,100.659
0.0487852,0.0432881,0.146109,41.5646,17.9402,100.661
0.0489724,0.00742885,0.146723,41.7342,17.029,100.665
0.0481159,0.0270409,0.155944,43.6546,18.9897,100.667
0.0530264,0.0146414,0.153032,32.14,15.1498,100.668
0.0596919,0.000916849,0.141671,21.9482,13.8326,100.67
0.0460277,0.0336578,0.162871,49.9477,19.2425,100.681
0.0533221,0.0522704,0.149041,31.3584,15.4823,100.683
0.0634318,0.000381661,0.158566,16.2167,12.5312,100.685
0.0491608,0.0535176,0.152861,40.2717,17.1325,100.685
0.0498567,0.00386225,0.16201,39.5189,18.0354,100.686
0.0515336,0.0363315,0.16509,35.1568,16.2451,100.687
0.0422887,0.0100297,0.158929,63.631,19.2798,100.69
0.0513737,0.0634794,0.156197,35.7612,16.6825,100.69
0.0476243,0.0424926,0.159025,44.4684,18.5557,100.694
0.0491608,0.0285058,0.165278,40.2026,18.1225,100.701
0.0471741,0.00667551,0.164428,47.5211,16.5244,100.702
0.0493943,0.0200272,0.154482,40.5715,17.353,100.704
0.0474322,0.0155996,0.161726,46.9102,17.7346,100.704
0.0489833,0.026357,0.165855,41.2461,17.6078,100.708
0.0507094,0.00216686,0.148144,37.9055,17.1189,100.71
0.0484793,0.022144,0.166107,42.1592,17.7545,100.71
0.0427574,0.0230005,0.165736,61.1498,19.9483,100.711
0.0439677,0.0211343,0.161125,57.8171,18.9302,100.714
0.0549567,0.0348701,0.161027,28.6219,15.2899,100.714
0.0420337,0.00581984,0.158796,64.305,19.9003,100.717
0.0504445,0.00968909,0.162548,38.3432,16.1703,100.718
0.0469141,0.0112908,0.160449,46.0957,18.0842,100.718
0.0479581,0.00667621,0.161161,45.6395,16.8778,100.719
0.050588,0.0351592,0.163012,37.6957,16.8886,100.722
0.0494497,0.00344557,0.162875,40.0134,16.5229,100.723
0.0463996,0.0341129,0.162245,48.2293,19.1029,100.723
0.0462011,0.022185,0.163363,48.8886,19.792,100.725
0.0520864,0.0233695,0.150711,34.4698,16.2886,100.73
0.0441936,0.037801,0.162571,56.6256,18.4361,100.731
0.0514016,0.0287838,0.144766,35.8274,16.0102,100.733
0.0522901,0.0534851,0.159515,33.8242,16.5944,100.734
0.0495728,0.0686418,0.161719,39.3165,17.3051,100.736
0.0493056,0.00100027,0.157085,40.7766,18.2824,100.737
0.0500435,0.00399634,0.152695,38.6008,17.3616,100.737
0.0443515,0.0126317,0.162099,55.7348,19.7974,100.74
0.0511238,0.0129647,0.142442,36.3485,16.0617,100.742
0.0538729,0.0619984,0.16093,30.1858,15.1739,100.743
0.0482187,0.0067568,0.159245,44.3589,16.5599,100.744
0.052989,0.0127918,0.1497,32.1532,15.6043,100.747
0.0456887,0.0270466,0.163711,51.3978,17.1943,100.75
0.0485934,0.0339485,0.160519,42.3953,18.5848,100.753
0.055414,0.00175157,0.162784,28.6782,15.1499,100.754
0.0505261,0.0332551,0.145673,37.1958,16.3821,100.756
0.0549693,0.00114667,0.163458,28.9443,15.6402,100.757
0.0535531,0.0173325,0.140033,31.5885,15.7233,100.759
0.05315,0.0146688,0.165367,32.2511,15.4529,100.765
0.0492261,0.0547883,0.157028,40.6683,17.5659,100.767
0.0520499,0.0298495,0.154751,34.5187,16.4801,100.769
0.0487252,0.000830472,0.166167,42.9649,16.7843,100.769
0.0420469,0.0144154,0.159117,64.9372,19.7925,100.77
0.0487552,0.0307226,0.14662,41.4396,17.1402,100.772
0.0472129,0.0172043,0.160825,46.7114,17.1529,100.773
0.0576108,0.0252759,0.159256,24.8712,14.887,100.773
0.0466993,0.0060782,0.161667,47.4893,18.2261,100.776
0.0443452,0.0202603,0.155581,55.7795,18.7131,100.776
0.0536355,0.0135054,0.161435,31.4801,15.5009,100.777
0.0545563,0.0412805,0.163575,29.2466,15.8046,100.777
0.0527579,0.000103577,0.162858,33.9269,15.5726,100.778
0.0469877,0.00164473,0.145737,47.5677,17.1362,100.778
0.0434487,0.00716098,0.164126,58.579,19.6004,100.781
0.0529471,0.0130548,0.144144,32.3278,15.8825,100.782
0.0492285,0.00390305,0.165086,40.507,17.6392,100.783
0.0551135,0.040389,0.160599,28.6507,15.9721,100.786
0.0475999,0.00414706,0.164974,45.9366,19.0024,100.79
0.0484442,0.0102105,0.148018,42.1564,17.4966,100.792
0.0518551,0.00166671,0.163149,35.7265,17.6234,100.792
0.0448752,0.00462194,0.166259,53.5538,18.8226,100.793
0.0469563,0.0340057,0.16531,47.5057,17.1182,100.793
0.0452141,0.010725,0.164727,51.516,19.7312,100.795
0.0556726,0.0378323,0.164804,27.1149,15.007,100.796
0.0549808,0.00527402,0.159115,28.3068,15.8407,100.797
0.0466282,0.00760382,0.164858,47.8786,18.5855,100.8
0.0483947,0.0297507,0.161073,42.2831,18.1035,100.801
0.0470601,0.00931854,0.156132,47.244,17.3186,100.804
0.0472166,0.0148216,0.165862,45.6172,19.1936,100.807
0.0489616,0.00486607,0.162289,42.3174,17.3879,100.808
0.0594035,0.0166118,0.16206,21.982,13.3506,100.81
0.0529865,0.0268991,0.166289,32.5868,15.65,100.811
0.0486782,0.0272938,0.165863,42.4153,17.3655,100.812
0.0513602,0.0698595,0.166437,35.6001,16.7029,100.813
0.0477403,0.0299669,0.152583,44.4324,18.2271,100.813
0.0515168,0.025689,0.141891,35.1396,16.819,100.814
0.0477724,0.010444,0.162033,45.0318,16.3309,100.817
0.0506665,0.011813,0.151189,37.926,17.3503,100.819
0.0480799,0.0102522,0.140474,43.2589,17.9037,100.82
0.0540243,0.00155827,0.13439,30.3069,15.722,100.821
0.0534307,0.0269575,0.163996,31.7645,15.8264,100.822
0.0482316,0.0217831,0.152058,43.1602,18.2031,100.822
0.0432788,0.0114014,0.155389,59.768,19.8419,100.823
0.0565526,9.04423e-05,0.160047,26.5678,15.3815,100.824
0.0527452,0.00322445,0.156393,33.971,16.0341,100.826
0.0478629,0.028721,0.161987,44.0521,18.8206,100.827
0.0518417,0.00889449,0.163683,34.3722,17.2333,100.833
0.0481506,0.0168611,0.152189,43.3734,18.539,100.834
0.0434171,0.0160117,0.161718,59.8317,18.2792,100.836
0.0516784,0.00309918,0.146548,35.6807,16.1781,100.836
0.0418519,0.00240837,0.164318,65.363,19.5626,100.838
0.0482503,0.0111216,0.156914,43.8161,17.296,100.839
0.0464777,0.0124555,0.157434,48.0799,18.1686,100.839
0.0511137,0.00780719,0.153508,36.2727,17.2656,100.84
0.0501774,0.0219767,0.154553,38.0331,16.5179,100.842
0.0530796,0.00341964,0.131838,32.5926,15.786,100.844
0.0490566,0.00575645,0.15272,41.6365,17.9058,100.847
0.0504862,0.0151673,0.151339,37.4741,17.6427,100.848
0.0455201,0.0337338,0.160444,50.008,19.6049,100.849
0.0590452,0.00792581,0.164844,22.9069,14.0939,100.849
0.0483618,0.0415815,0.14754,42.2604,17.1278,100.857
0.0513671,0.00347814,0.160848,35.6149,17.6685,100.857
0.0495634,0.0121964,0.160307,40.8016,16.0131,100.858
0.0450887,0.0244288,0.162945,53.7783,18.0873,100.858
0.0498177,0.00965544,0.153913,39.5653,16.2573,100.864
0.0487609,0.00303,0.152103,42.224,17.184,100.865
0.059515,0.00743498,0.163827,21.4376,13.8065,100.865
0.0508151,0.00200041,0.153475,37.2321,16.5049,100.868
0.0486944,0.0137334,0.157915,42.9972,17.7776,100.868
0.0534757,0.0110061,0.162297,31.3186,15.038,100.869
0.042773,0.0161988,0.160896,61.7149,19.6364,100.871
0.0537572,0.0739584,0.161739,30.2026,15.3526,100.871
0.0497887,0.0367627,0.166359,39.7397,17.4509,100.874
0.047776,0.038906,0.163914,44.8517,18.3581,100.874
0.0496098,0.064062,0.161008,39.9074,17.2518,100.875
0.0505491,0.0308086,0.15712,37.5713,16.6135,100.876
0.056429,0.00706146,0.148495,26.258,14.5506,100.878
0.0508613,0.0603951,0.151226,36.5882,16.0323,100.879
0.0594194,0.0300244,0.154788,21.2436,13.9791,100.88
0.0541606,0.012115,0.154683,30.9799,15.6327,100.881
0.0491414,0.0130515,0.161052,41.3469,18.0954,100.881
0.0429348,0.0146102,0.161196,60.301,19.943,100.886
0.0569413,0.0267594,0.162791,25.1142,14.9073,100.89
0.0534038,0.0318472,0.160462,31.5749,15.8964,100.89
0.0498477,0.0203867,0.150427,39.4894,17.1481,100.892
0.0533283,0.0502183,0.15498,31.3565,15.1779,100.893
0.0485097,0.00607924,0.152627,42.5733,18.797,100.894
0.0536341,0.00852673,0.152277,31.0387,15.3551,100.895
0.0539333,0.00945843,0.15564,30.034,16.1939,100.896
0.0594589,0.030604,0.154362,21.0736,13.9282,100.897
0.0513383,0.00886639,0.163409,36.3659,15.2601,100.898
0.044127,0.00569999,0.157427,56.4339,19.3474,100.899
0.0469178,0.0278663,0.146562,46.0807,18.0173,100.901
0.0526409,0.0119487,0.162605,33.6898,15.096,100.901
0.0455024,0.0057439,0.165311,51.4183,18.5388,100.902
0.0449386,0.0337581,0.16097,53.9278,18.63,100.903
0.0610553,0.0121212,0.159861,19.8116,13.9137,100.91
0.051796,0.0634145,0.157662,34.6833,16.7283,100.911
0.0557306,0.00413332,0.129763,27.911,14.0187,100.911
0.0490624,0.00438771,0.163014,41.9194,16.1455,100.912
0.0435348,0.00633577,0.155449,58.4187,19.8662,100.914
0.0611297,0.00266934,0.155876,19.0136,13.115,100.914
0.0461988,0.00240214,0.15927,49.3495,19.3592,100.915
0.048933,0.00846804,0.156192,41.4277,18.0117,100.916
0.0478562,0.00709983,0.156158,45.036,16.4369,100.918
0.0495308,0.0136264,0.162704,40.616,16.4936,100.92
0.0514396,0.0186023,0.157137,35.3623,17.7101,100.92
0.0517357,0.0742657,0.164247,34.814,16.0529,100.924
0.0463342,0.014393,0.156576,48.9131,19.3244,100.925
0.0505005,0.0293276,0.154585,37.1471,17.4822,100.926
0.0545484,0.00655373,0.157849,29.7848,16.9208,100.927
0.0438616,8.4189e-05,0.162383,57.877,18.8098,100.927
0.0526975,0.0014522,0.157245,33.0212,15.8741,100.934
0.0471711,0.0474816,0.163544,45.4904,18.7174,100.934
0.0475509,0.0274922,0.163766,45.6996,18.1949,100.934
0.0556222,0.0267916,0.142096,27.1032,14.2532,100.936
0.0625714,0.000525853,0.159428,17.4621,12.5739,100.937
0.0487784,0.00156779,0.152373,42.6707,16.9623,100.938
0.0508852,0.028028,0.149618,36.3008,16.7465,100.938
0.0441661,0.0294519,0.162222,56.0908,18.222,100.941
0.0489766,0.0159301,0.158428,41.7406,18.1672,100.945
0.0557397,0.0309955,0.162724,27.0821,15.8028,100.945
0.0461279,0.0169542,0.159903,49.2167,19.9022,100.947
0.0508543,0.069062,0.154903,36.9614,16.1446,100.95
0.063358,0.0126177,0.165161,16.4955,12.7553,100.954
0.0540678,0.0299329,0.162262,30.4048,15.6363,100.959
0.0429324,0.0154423,0.16399,60.7678,19.796,100.963
0.0519797,0.00160206,0.136046,34.1285,16.2572,100.964
0.0521957,0.0151606,0.161875,34.3867,16.9867,100.966
0.0502262,0.00656978,0.163973,39.0011,16.4558,100.966
0.0483408,0.0349243,0.160659,42.1488,18.0892,100.969
0.0473491,0.0253246,0.158366,46.1376,17.4065,100.974
0.0463548,0.0231755,0.163823,49.2492,17.9303,100.974
0.0478268,0.00335592,0.156219,45.9754,17.114,100.978
0.0506491,0.0189556,0.153143,37.556,17.1832,100.978
0.047538,0.0111196,0.16481,45.8276,19.1533,100.979
0.0449537,0.00663527,0.155683,52.37,19.4892,100.98
0.047603,0.0170165,0.160275,45.756,18.358,100.983
0.0436081,0.0205433,0.15716,58.824,18.0164,100.985
0.0596193,0.00255295,0.162222,21.3782,14.0802,100.988
0.051464,0.0472805,0.154492,35.7557,16.8789,100.988
0.0512264,0.0087209,0.165145,36.959,15.1708,100.989
0.0561842,0.0137181,0.145473,26.0301,14.5955,100.991
0.056938,0.0279494,0.164545,25.7176,14.7851,100.992
0.0545463,0.0230603,0.144696,29.945,15.3137,100.992
0.0438458,0.0113523,0.165991,57.9588,18.3164,100.994
0.0501934,0.00474023,0.135634,38.4428,16.586,100.996
0.0449405,0.0111439,0.160746,53.2653,19.9528,100.997
0.056137,0.0403347,0.156997,26.6536,14.5844,100.997
0.0498794,0.021153,0.157628,39.4615,17.0639,100.999
0.0449167,0.0140975,0.152331,52.9133,19.3868,101.005
0.0543233,0.0635143,0.162648,29.7976,15.7928,101.005
0.0597023,0.00122428,0.140781,21.5388,13.197,101.005
0.0522578,0.00395648,0.164313,34.7174,17.4766,101.008
0.0556755,0.00381408,0.146678,27.7247,14.5036,101.009
0.0466334,0.0163578,0.146182,47.5056,18.7084,101.01
0.0457544,0.00247265,0.155492,51.7598,18.6672,101.01
0.0431134,0.00933367,0.158084,60.2232,18.7277,101.011
0.0425,0.0177495,0.163755,62.2999,19.6048,101.012
0.0473925,0.0203061,0.159325,46.3605,17.7494,101.012
0.0557275,0.0159813,0.147172,27.2018,14.2568,101.012
0.050085,0.00354083,0.160916,39.645,17.2706,101.013
0.0540399,0.0252643,0.141896,30.5279,15.6927,101.014
0.0594737,0.0320485,0.160005,21.7124,13.8508,101.015
0.0522474,0.00397529,0.155092,34.8015,16.7986,101.016
0.0521546,0.00471787,0.155665,34.3487,15.7732,101.016
0.0465388,0.0322843,0.165664,48.4493,17.4493,101.018
0.0501773,0.0180955,0.163038,38.2559,16.2245,101.021
0.0442381,0.0181579,0.160105,55.6774,19.7742,101.021
0.0449655,0.0187833,0.166287,53.9296,19.4536,101.022
0.0472808,0.0406,0.161121,46.5125,17.9901,101.022
0.0476584,0.0225086,0.156662,45.3078,17.0946,101.022
0.047237,0.000193051,0.159257,46.2544,19.1549,101.022
0.056099,0.0485566,0.153811,26.1754,14.2362,101.023
0.0551445,0.0401568,0.162156,28.8434,15.8992,101.028
0.0522236,0.0102004,0.15912,34.6237,16.7155,101.029
0.0464702,0.0250712,0.160694,48.7468,18.6075,101.03
0.0602024,0.0351162,0.166299,20.7256,13.8127,101.031
0.0504443,0.00271771,0.15626,38.7919,16.9768,101.032
0.0522249,0.0140171,0.163046,34.0962,16.0176,101.038
0.0488462,0.0234894,0.161425,41.385,18.9757,101.038
0.0501211,0.0128088,0.131129,38.6939,16.8191,101.043
0.0451833,0.0205433,0.163565,53.6113,17.739,101.049
0.0556694,0.00197603,0.145932,27.6618,14.0774,101.051
0.0564639,0.00829958,0.163406,26.0761,14.2189,101.051
0.0474602,0.00447139,0.161047,45.7676,17.1392,101.053
0.0497925,0.0344758,0.161154,39.3409,17.1783,101.057
0.0503914,0.0522805,0.165896,37.6339,17.4041,101.062
0.0516479,0.00778732,0.138116,35.2868,16.6725,101.062
0.0519202,0.0219016,0.163742,34.7483,17.382,101.063
0.0472438,0.00558884,0.153001,46.4266,17.1224,101.067
0.0492462,0.0289748,0.164167,41.3091,16.237,101.07
0.0500592,0.0109055,0.157578,39.9434,16.1503,101.075
0.0550618,0.0205637,0.147353,28.4738,15.9451,101.076
0.0561924,0.0254194,0.160033,26.5166,14.1578,101.077
0.0468177,0.0227469,0.164153,48.8085,17.4993,101.078
0.0499156,0.00975787,0.159668,39.6228,16.231,101.085
0.0524936,0.0139678,0.129206,33.4345,15.3608,101.085
0.0537963,0.00156805,0.160678,31.1637,15.6788,101.089
0.0477127,0.0507288,0.162836,44.5661,18.879,101.089
0.0538516,0.00871473,0.156977,30.826,15.007,101.089
0.0595412,0.00780649,0.166361,21.3489,13.3524,101.09
0.0562845,0.0294581,0.163424,26.6295,14.5713,101.091
0.0517035,0.000654472,0.1452,35.9227,16.4115,101.091
0.0505368,0.000874249,0.163712,37.2453,18.2361,101.091
0.0594386,0.00120398,0.161347,21.0426,13.804,101.092
0.044905,0.0172743,0.160069,52.4324,19.9898,101.094
0.0528832,0.00851454,0.1495,32.0126,16.3735,101.095
0.0593973,0.00578229,0.160844,21.5049,13.9383,101.095
0.0525507,0.00763024,0.163377,33.1722,15.3399,101.099
0.0541081,0.0223522,0.165889,30.036,16.0026,101.1
0.0517525,0.00236261,0.15762,35.3123,17.2057,101.101
0.0550384,0.0461031,0.160071,28.2806,15.0921,101.102
0.0508561,0.0317735,0.163728,36.7105,17.358,101.104
0.0513384,0.0153858,0.160582,35.7913,16.8985,101.105
0.045708,0.0111244,0.149454,50.4128,19.5778,101.109
0.0568116,0.00943016,0.160938,25.463,15.0904,101.111
0.0508375,0.0024898,0.166211,37.0673,15.7025,101.113
0.0539313,0.0242185,0.159827,30.8899,16.7889,101.114
0.0545639,0.0231984,0.145102,29.8956,15.6676,101.116
0.0478685,0.00850651,0.164961,45.0592,17.7159,101.121
0.043682,0.0291042,0.163952,58.2848,18.9427,101.122
0.0574629,0.0112324,0.165515,24.2926,15.2594,101.122
0.0462776,0.0108615,0.157824,48.0396,19.6374,101.127
0.0463259,0.0259578,0.164739,49.4625,18.0623,101.127
0.0526328,0.00271691,0.165573,33.9239,17.852,101.128
0.0423692,0.0057527,0.16027,63.1832,19.5167,101.132
0.0501479,0.0362931,0.161562,38.8122,16.9985,101.133
0.0513088,0.026406,0.158537,35.6076,16.1943,101.137
0.0477535,0.0371307,0.1558,44.8296,18.3345,101.14
0.0474725,0.0335038,0.166332,45.3673,18.1097,101.142
0.0480394,0.013537,0.132417,43.4252,17.6558,101.144
0.0434234,0.00901694,0.153928,59.7605,18.2895,101.144
0.0463088,0.00951802,0.160416,48.2791,18.3752,101.146
0.0535923,0.023222,0.163701,31.8787,15.5029,101.146
0.042248,0.0229419,0.164759,63.0026,19.844,101.147
0.0466438,0.0276779,0.165077,47.7582,18.8527,101.148
0.0508818,0.0540587,0.162592,36.2251,16.6491,101.15
0.0513516,0.0106305,0.158823,36.3631,16.8136,101.162
0.0491313,0.0557012,0.152667,40.4664,17.6304,101.162
0.0520433,0.0345607,0.152311,34.2651,16.4749,101.163
0.042748,0.0109929,0.159116,61.9495,19.8432,101.165
0.0464954,0.0217172,0.164255,49.364,17.3668,101.165
0.0516075,0.0169463,0.1411,35.5982,16.2842,101.169
0.0531196,0.00918578,0.154995,32.0683,15.015,101.172
0.0505397,0.014406,0.148079,37.4305,17.0729,101.174
0.0513339,0.0172159,0.164053,36.3794,16.008,101.177
0.0468168,0.0223245,0.163774,47.3747,19.1886,101.177
0.0543396,0.0557047,0.160253,29.3051,15.7609,101.179
0.0452925,0.00685357,0.150874,52.796,18.4799,101.18
0.0501855,0.00354317,0.146928,38.8326,16.3422,101.181
0.0469811,0.0326669,0.157412,46.3368,18.1622,101.183
0.0550186,0.0121452,0.163305,28.6791,16.4974,101.184
0.0472208,0.00671067,0.165424,47.5598,16.2591,101.184
0.0446937,0.013747,0.152311,54.8025,18.9811,101.185
0.0480858,0.00201485,0.140839,43.5308,17.8276,101.186
0.0461435,0.0253888,0.160069,49.2697,18.9527,101.188
0.0556118,0.0317929,0.158188,27.8889,15.6345,101.19
0.0523513,0.0304603,0.148699,33.3927,16.0821,101.191
0.0549338,0.0142965,0.162701,28.3279,15.0487,101.191
0.0490507,0.0158621,0.156405,41.7906,17.8414,101.193
0.0493674,0.0386473,0.166567,40.3284,17.1485,101.195
