beta,permeability,xi,init_days,delay,value
0.0729296,0.0290789,0.157644,49.3947,10.4722,227.22
0.0748272,0.00417625,0.164008,46.7996,10.7522,229.691
0.0741883,0.00489431,0.13316,47.1866,9.99679,230.826
0.0735408,0.0107211,0.159583,48.8827,10.1406,231.616
0.0769002,0.00679441,0.157497,43.9809,9.96042,231.846
0.0740676,0.0135177,0.145616,47.7674,10.3722,231.897
0.0730374,0.00396921,0.149968,49.3443,10.1469,233.929
0.0753505,0.0246565,0.160123,45.8255,10.8324,235.451
0.0752604,0.0092196,0.166169,45.0708,11.0952,236.904
0.0727432,0.0517368,0.154015,49.2482,10.0128,237.431
0.0721539,0.0368846,0.140206,50.2996,10.4019,238.552
0.0722859,0.0238072,0.163783,50.6455,10.0919,238.852
0.0710131,0.0718701,0.155215,52.9982,10.6615,239.105
0.0722107,0.0194489,0.136939,50.628,10.5755,239.278
0.0709035,0.0850527,0.148609,52.0109,10.5329,239.485
0.0728001,0.0153781,0.135192,49.2492,10.6407,239.494
0.0732683,0.0302231,0.152528,48.2567,11.5203,239.556
0.0709058,0.0740715,0.142245,52.8341,10.7139,239.606
0.0741189,0.00824337,0.161809,47.3406,10.6656,239.699
0.072851,0.0275667,0.148281,49.461,10.2376,240.025
0.0705969,0.0228608,0.120522,53.8842,9.67734,240.124
0.0728708,0.00691155,0.151854,49.3734,10.2569,240.227
0.0715453,0.00553437,0.130165,51.7024,11.9856,240.943
0.0703108,0.0938642,0.145016,53.5071,10.3587,241.112
0.0769092,0.0102833,0.161655,43.5719,9.56856,241.18
0.0726215,0.0460652,0.153177,49.5716,11.3352,241.557
0.0716909,0.0489708,0.134352,51.2339,9.35927,241.585
0.0774979,0.0174422,0.165229,42.3112,9.32787,241.639
0.0742302,0.018299,0.164946,47.8077,10.7153,241.69
0.0699749,0.00634978,0.112134,54.1178,10.0267,241.744
0.0761762,0.0243732,0.164691,44.6349,9.74702,241.812
0.0704174,0.0504384,0.133728,53.546,10.5485,241.841
0.0782532,0.00915731,0.161641,41.6577,9.55948,241.843
0.0710684,0.0653949,0.134699,52.1265,9.50459,241.856
0.075455,0.0110525,0.150103,45.0227,9.96387,242.121
0.072814,0.0360498,0.14719,49.5671,10.8801,242.497
0.0735205,0.0123512,0.131499,48.6513,9.71602,242.659
0.0684024,0.0776945,0.141946,57.0218,10.3081,242.806
0.0699639,0.0490898,0.149129,54.3057,10.7716,243.088
0.0706489,0.0210454,0.13707,53.0319,10.7986,243.205
0.0699063,0.0784708,0.127578,54.8008,9.91681,243.319
0.0722912,0.020166,0.119533,50.1374,9.17448,243.391
0.0714709,0.0386545,0.148972,51.74,11.2024,243.615
0.0681517,0.0743919,0.127595,57.6983,11.3526,243.872
0.0768598,0.0122477,0.150046,43.257,9.52453,243.951
0.0738253,0.0172775,0.162988,47.5052,12.3299,244.039
0.0731232,0.030309,0.151334,48.681,12.8352,244.157
0.0736269,0.0118374,0.145576,48.3048,9.92542,244.29
0.0732271,0.011074,0.160942,48.8774,12.3307,244.319
0.0710184,0.0492223,0.136753,52.0079,10.7946,244.485
0.0698506,0.0734678,0.143188,54.2602,10.737,244.634
0.068971,0.0488717,0.117439,56.4398,9.08317,244.71
0.0698847,0.0635503,0.143856,54.8528,10.2655,244.893
0.0709157,0.0462951,0.150766,52.5162,11.9467,244.924
0.0707935,0.02734,0.135839,52.855,12.1401,244.943
0.0766817,0.0154394,0.157891,43.4912,10.0407,244.96
0.0704212,0.0596029,0.150934,53.6553,10.6226,244.981
0.0708128,0.0846706,0.160523,52.5762,11.6736,245.014
0.0716007,0.0687754,0.143321,51.7299,9.65097,245.044
0.0741436,0.0120262,0.137734,47.1177,9.00594,245.213
0.0721123,0.0645253,0.148041,50.4191,10.8619,245.269
0.0736736,0.00472308,0.154873,48.6519,10.5438,245.286
0.0715523,0.057939,0.158293,51.294,10.9996,245.33
0.0699185,0.0351219,0.128428,54.1395,10.5998,245.505
0.0711493,0.0437085,0.13312,52.5039,9.36735,245.619
0.0718648,0.0213543,0.164715,50.6426,13.8869,245.628
0.0700136,0.0338965,0.149183,54.7721,10.7675,245.634
0.076066,0.0308717,0.163156,44.1393,9.78945,245.649
0.0719679,0.0208612,0.154912,50.6439,12.1854,245.721
0.0724221,0.0269662,0.159518,49.1806,13.5913,245.786
0.0722818,0.0349653,0.138373,50.5036,9.09105,245.999
0.0667599,0.100135,0.120832,60.7792,10.0233,246
0.0711285,0.0389831,0.157529,52.1146,10.3764,246.239
0.0704204,0.0497398,0.158105,53.7684,11.0041,246.38
0.0679269,0.055841,0.108635,58.1829,9.30811,246.502
0.0728013,0.00203018,0.147111,49.9493,11.0354,246.526
0.0708237,0.0243043,0.138022,52.5024,12.2613,246.578
0.0715908,0.0377414,0.160554,51.522,10.9872,246.653
0.0707392,0.103676,0.162108,52.738,11.9821,246.726
0.0708421,0.0544677,0.144762,52.0874,11.3956,246.902
0.0704563,0.0858179,0.140658,53.7581,9.59972,247.055
0.0698586,0.044185,0.120936,54.8002,10.8524,247.074
0.0712535,0.0746988,0.164329,51.2325,12.8273,247.14
0.0726834,0.0103238,0.14085,49.2549,11.2016,247.288
0.0706916,0.00855737,0.132046,53.8461,10.67,247.355
0.0687121,0.11429,0.142969,56.6561,10.1376,247.44
0.0721723,0.0596083,0.13495,50.0017,9.88356,247.456
0.0738383,0.0368926,0.158455,47.9981,11.933,247.531
0.0693316,0.0725586,0.133843,55.6064,10.3535,247.663
0.0697147,0.0640413,0.133354,54.9399,11.1666,247.681
0.0733437,0.0399552,0.163505,48.062,10.5579,247.754
0.0717989,0.0392145,0.165393,50.3916,13.9063,247.763
0.068371,0.0338647,0.108892,57.1729,10.7387,247.821
0.0700515,0.0174169,0.134753,54.0279,10.6032,247.936
0.071431,0.0466197,0.149152,51.4067,11.8752,247.986
0.0716044,0.00450798,0.134399,51.6972,11.3614,248.035
0.0683806,0.0290043,0.113702,57.4479,10.0965,248.042
0.0732036,0.0450554,0.147963,48.6544,11.5314,248.069
0.0713771,0.0308593,0.155769,51.1892,12.7134,248.104
0.0716549,0.0212067,0.159042,51.8634,11.9637,248.122
0.0676031,0.112862,0.147651,58.8036,11.0004,248.137
0.0677341,0.11736,0.151079,58.8564,10.7653,248.296
0.0724459,0.00155515,0.138372,50.1082,10.4019,248.334
0.0694588,0.0212138,0.121561,55.7601,10.3673,248.349
0.0684296,0.0096003,0.109255,57.7041,10.9771,248.352
0.0711315,0.00282716,0.157182,52.5764,11.888,248.355
0.0699319,0.062809,0.117959,54.0687,9.24248,248.525
0.0743688,0.00325812,0.15951,46.1139,13.8401,248.562
0.0714399,0.00851864,0.137629,51.6385,12.3434,248.583
0.0725258,0.0448401,0.163168,49.0799,12.9624,248.608
0.0700681,0.012771,0.140382,54.8494,10.7717,248.623
0.0696479,0.0978837,0.153018,54.9148,11.3125,248.678
0.0746566,0.029762,0.147601,46.2759,10.0995,248.678
0.0698331,0.0639253,0.137751,54.477,10.841,248.682
0.0689239,0.0683543,0.137015,56.0897,10.7386,248.75
0.0693732,0.060192,0.128923,55.1451,10.4062,249.159
0.0684239,0.00201429,0.103402,57.215,10.0786,249.179
0.0676027,0.107813,0.145255,58.5474,11.1587,249.233
0.0703895,0.0967914,0.133332,53.1045,9.18918,249.242
0.0700798,0.0391581,0.127872,54.8767,9.94187,249.265
0.0710912,0.00580188,0.132863,52.5131,10.8716,249.268
0.0720984,0.0266183,0.163842,50.5549,11.5416,249.288
0.0694737,0.0207899,0.129571,55.4151,10.416,249.388
0.0718482,0.0229645,0.132832,51.017,9.10583,249.422
0.069845,0.024593,0.129655,54.9605,11.8015,249.493
0.0686874,0.146445,0.165371,56.294,10.3885,249.532
0.0716198,0.0432352,0.13797,51.2318,10.3171,249.692
0.0699553,0.0573747,0.163677,54.6058,11.888,249.717
0.0691019,0.017103,0.129778,56.9387,10.1206,249.748
0.0736408,0.0224784,0.159262,47.7952,13.6806,249.764
0.0657767,0.133735,0.127514,62.6362,10.949,249.801
0.0713192,0.050602,0.149395,51.3337,12.0377,249.888
0.0753101,0.0553834,0.155461,45.878,9.27744,249.968
0.0710167,0.0256038,0.132862,52.8125,10.8055,249.986
0.0691291,0.107295,0.148327,55.0551,11.4121,250.026
0.0677643,0.100162,0.143394,58.6809,10.2298,250.076
0.0700802,0.0476258,0.133818,54.1615,9.73374,250.171
0.0718613,0.00888803,0.136902,51.9495,10.2637,250.201
0.0711191,0.0510406,0.15765,52.7734,10.0143,250.295
0.070301,0.0092187,0.12973,53.9151,12.9727,250.415
0.0669237,0.0267319,0.101646,60.4817,10.0855,250.421
0.0697108,0.0950973,0.156148,54.4698,11.4631,250.432
0.0713623,0.0774681,0.151145,51.6342,11.6192,250.435
0.0726846,0.00852656,0.161977,49.0347,12.0481,250.472
0.0667135,0.143622,0.149412,60.8447,10.1246,250.535
0.0733552,0.0866915,0.163926,48.7883,9.95484,250.59
0.0738216,0.0423144,0.162286,47.8255,11.4126,250.729
0.0693185,0.029066,0.126446,55.7974,11.7459,250.743
0.0704445,0.0251492,0.142843,53.3051,11.9708,250.75
0.0704492,0.0422885,0.153349,53.7735,11.198,250.821
0.0692988,0.0374785,0.134244,55.7392,11.708,250.842
0.068727,0.0618094,0.130899,56.772,11.9978,250.855
0.0729375,0.014315,0.141681,49.953,9.99252,250.868
0.0687289,0.0660511,0.140579,56.771,11.7558,250.884
0.0725497,0.0141578,0.149816,49.7663,12.3153,250.91
0.0690511,0.0250046,0.117747,56.8085,9.98606,250.927
0.0722602,0.0195525,0.130851,50.3913,10.778,250.981
0.0699875,0.0897109,0.165095,53.3988,13.462,251.032
0.0717079,0.0523449,0.136327,51.5198,9.13427,251.055
0.0700612,0.0949694,0.153809,53.6494,12.188,251.092
0.0688621,0.0499706,0.157657,56.3567,11.4738,251.121
0.0688603,0.0688866,0.150148,55.7575,14.1151,251.267
0.0728727,0.00884242,0.154475,49.4044,11.9665,251.32
0.0692174,0.0870209,0.151192,55.2481,11.3789,251.328
0.0677793,0.102302,0.163987,57.8008,14.0996,251.376
0.0700115,0.0757735,0.150421,53.8794,13.136,251.456
0.0671205,0.124294,0.152209,59.0956,11.5974,251.469
0.071153,0.0448245,0.144038,52.804,10.9979,251.496
0.0669961,0.163253,0.148889,59.3846,11.0502,251.501
0.0715658,0.0282072,0.166025,51.4011,11.3693,251.549
0.0717839,0.00114242,0.158831,50.2867,14.7269,251.559
0.0722437,0.0486586,0.144249,50.5311,9.57441,251.582
0.0715876,0.0250479,0.145543,51.3568,11.2039,251.625
0.0710929,0.0283683,0.116361,52.4352,9.92379,251.696
0.0718293,0.00202466,0.158118,51.1746,11.9316,251.743
0.0717639,0.0560462,0.159823,50.2463,13.8365,251.808
0.067185,0.0863772,0.135747,59.3804,11.4791,251.824
0.0686742,0.100516,0.153145,56.6267,11.5706,251.893
0.0669185,0.0655304,0.101085,60.1958,9.25864,251.989
0.0710431,0.0345488,0.151269,52.8884,11.7733,252.051
0.0723772,0.0245536,0.143224,50.0817,9.15584,252.169
0.0698597,0.0362712,0.140646,54.4596,11.4261,252.194
0.068592,0.0760836,0.144691,56.9932,12.6982,252.279
0.0704216,0.0747404,0.12582,53.7212,9.17812,252.314
0.0700848,0.0416361,0.151512,53.992,13.347,252.353
0.0702304,0.071386,0.142794,53.4757,11.3468,252.375
0.0681328,0.0380783,0.120971,57.2533,12.7617,252.419
0.0712706,0.00563923,0.131366,51.8552,13.8974,252.428
0.068274,0.0939621,0.132112,57.3438,10.0426,252.445
0.0672024,0.072393,0.122447,59.6758,11.2521,252.49
0.0696291,0.010277,0.134977,55.3772,10.1556,252.497
0.0664316,0.100328,0.117055,61.5912,9.54357,252.531
0.0682331,0.133129,0.132048,57.8649,9.7791,252.543
0.0675038,0.0524735,0.113309,59.8805,9.57631,252.571
0.0675525,0.0173717,0.102425,59.4207,9.19396,252.621
0.0674556,0.167734,0.154473,58.4991,11.3799,252.649
0.0697745,0.00298719,0.122951,54.9666,12.3999,252.651
0.0722074,0.0634204,0.150403,50.7799,9.38435,252.677
0.0703708,0.114663,0.150289,53.5384,9.07739,252.726
0.0712577,0.0137528,0.142722,51.0432,13.0271,252.786
0.0753933,0.0177927,0.148237,45.4154,9.72849,252.803
0.0654874,0.11667,0.114438,63.0507,9.7753,252.888
0.0712568,0.0161685,0.149861,51.6359,13.3533,252.948
0.0712367,0.0873294,0.165183,51.5136,12.0112,252.967
0.0670843,0.00755498,0.0997552,60.2749,9.41466,252.967
0.0666731,0.135855,0.159552,60.8258,11.8703,252.983
0.0671315,0.103291,0.140054,59.2314,11.8487,252.996
0.0691087,0.0918409,0.138327,55.364,11.3333,253.002
0.0752857,0.0141788,0.147069,45.4089,10.8292,253.078
0.0726066,0.0764845,0.145814,49.1362,10.7535,253.092
0.0706287,0.0253853,0.14966,53.4469,10.497,253.124
0.0684523,0.0769332,0.146615,56.5183,13.2018,253.136
0.0661172,0.18596,0.141574,61.5604,10.4015,253.145
0.0740952,0.0139827,0.125618,47.6765,9.87176,253.202
0.0696835,0.005104,0.126776,55.9046,10.9453,253.25
0.0679101,0.0984962,0.154376,57.6046,13.6654,253.371
0.067885,0.106703,0.164818,57.2457,13.5386,253.411
0.072267,0.0500929,0.153034,50.2713,10.854,253.51
0.0684425,0.0599008,0.129821,57.234,10.9645,253.521
0.0671873,0.0897212,0.134661,59.4435,11.4971,253.528
0.068847,0.00848697,0.118337,56.4406,11.4551,253.602
0.0711679,0.0620656,0.155378,51.2943,13.9329,253.606
0.0661105,0.0893835,0.122553,61.2961,12.9991,253.646
0.0739123,0.021701,0.143991,47.5426,11.3079,253.677
0.0735949,0.00832736,0.162232,47.9639,14.3625,253.739
0.0655256,0.206823,0.155488,62.7462,11.5697,253.764
0.0714097,0.0234789,0.15909,51.6982,12.187,253.868
0.0698038,0.0701631,0.147606,54.2174,10.9318,253.883
0.0711864,0.0140664,0.152845,51.5078,14.4766,253.907
0.0707505,0.00282373,0.148392,52.7345,13.5092,253.91
0.0716528,0.05072,0.164268,50.3939,14.5356,253.965
0.0662218,0.139623,0.161363,61.5036,11.8503,254.013
0.0643216,0.159675,0.121192,65.5781,11.3666,254.013
0.0717929,0.0196766,0.121209,51.7823,9.43627,254.025
0.066996,0.106819,0.130041,59.557,12.7748,254.061
0.0747084,0.0606281,0.161553,46.0304,9.04804,254.074
0.0705761,0.053032,0.139802,53.6036,9.09877,254.094
0.0712528,0.0651274,0.145977,51.8062,12.5823,254.15
0.0724309,0.0389479,0.163853,49.3415,13.7953,254.158
0.0711206,0.0387482,0.137535,52.1933,9.8918,254.183
0.0699362,0.0597723,0.128632,54.2912,9.91051,254.188
0.0676194,0.162806,0.152424,58.5506,10.4695,254.246
0.0700502,0.0360358,0.130628,54.1323,10.6497,254.275
0.0687991,0.0871523,0.118921,56.159,9.58178,254.296
0.0674156,0.0749301,0.128101,59.2926,10.7782,254.32
0.0678135,0.107456,0.121448,58.919,9.92017,254.329
0.0671773,0.10169,0.143974,59.6831,11.3056,254.338
0.0702042,0.00656431,0.11997,54.8812,9.99211,254.365
0.0675132,0.0389275,0.112181,59.6112,9.4791,254.376
0.0715336,0.0330519,0.128252,51.4403,10.5089,254.389
0.068564,0.0946936,0.164959,56.5544,12.764,254.447
0.0718633,0.00933226,0.136527,50.4385,13.909,254.451
0.0666917,0.0922196,0.13017,60.3507,11.8786,254.499
0.0695535,0.0309861,0.12912,55.6963,10.21,254.504
0.0723785,0.00791852,0.155701,49.6131,14.8248,254.511
0.0700409,0.108721,0.157355,53.813,12.9667,254.534
0.0680448,0.133683,0.147276,57.9566,11.826,254.585
0.0683208,0.074944,0.145394,57.6367,10.2117,254.602
0.0677674,0.126035,0.127179,58.4054,9.13374,254.602
0.0715098,0.00451634,0.15713,51.5423,12.1807,254.616
0.069075,0.0670485,0.130083,55.7786,12.6572,254.686
0.0712827,0.0464402,0.137564,51.9861,12.4777,254.751
0.0659259,0.0658616,0.111405,62.7633,10.6014,254.754
0.06704,0.134426,0.132728,59.3493,11.6163,254.761
0.0688123,0.081482,0.150596,55.1,14.5325,254.763
0.0716578,0.0718949,0.160285,51.9695,10.2814,254.774
0.0721555,0.0894404,0.151145,50.1109,9.7856,254.798
0.0679644,0.156458,0.152449,57.8937,11.3446,254.829
0.0699226,0.0282799,0.134229,54.9866,11.946,254.853
0.0688652,0.0178814,0.102266,56.5268,10.4714,254.853
0.070169,0.0239304,0.140267,53.0721,13.5529,254.86
0.0694868,0.0718389,0.134274,55.3444,9.12555,254.877
0.0696502,0.0590255,0.157032,54.7363,12.8554,254.899
0.0700908,0.140468,0.166167,53.4499,11.8505,254.95
0.072484,0.00639746,0.135433,50.7901,9.01203,255.024
0.0689328,0.0383069,0.151355,55.5412,14.1066,255.029
0.0720356,0.0298769,0.149592,50.3403,11.1119,255.03
0.0680302,0.0247331,0.1129,58.5176,9.53887,255.07
0.0712423,0.0285875,0.161536,51.2189,13.8757,255.164
0.0711389,0.00467271,0.150132,52.1391,11.5848,255.171
0.0699048,0.0267631,0.133084,54.3127,11.655,255.177
0.0740132,0.0485938,0.152073,47.2445,9.66403,255.192
0.0695983,0.0728429,0.159719,54.874,12.8652,255.275
0.0688111,0.0508535,0.124936,56.686,10.5534,255.283
0.0741745,0.00263562,0.154608,47.2198,9.05002,255.365
0.069913,0.0611164,0.154598,54.5181,11.9281,255.396
0.0679899,0.0319378,0.125948,58.7843,10.8097,255.408
0.0668759,0.0470268,0.114069,60.5532,10.7876,255.42
0.0725992,0.0777772,0.162206,49.3649,10.139,255.467
0.0663578,0.0832702,0.114504,61.1082,10.0724,255.511
0.0682504,0.0648746,0.143092,57.7643,11.3029,255.588
0.0656676,0.198154,0.154792,62.969,10.95,255.608
0.0648818,0.139333,0.123117,64.4784,10.2499,255.625
0.0737699,0.0117623,0.151298,47.374,12.8374,255.631
0.069591,0.0394836,0.145028,54.4515,13.3668,255.66
0.0712941,0.0406504,0.146125,51.8497,12.5772,255.684
0.0670388,0.130295,0.137766,59.2675,11.7173,255.687
0.065927,0.0582389,0.107219,62.3297,10.0773,255.733
0.069361,0.0243597,0.110818,55.3033,10.5107,255.754
0.0703963,0.0338548,0.129908,53.1208,11.8184,255.759
0.0745875,0.0718128,0.154874,46.1241,9.09124,255.768
0.0716742,0.0683042,0.155175,51.9184,10.0544,255.769
0.0692111,0.0306818,0.143247,55.8553,12.8436,255.807
0.0659103,0.10767,0.135832,62.4076,10.9859,255.83
0.069918,0.0898194,0.161001,54.9172,10.1032,255.835
0.0721906,0.0672988,0.152487,50.4495,9.95663,255.875
0.0769757,0.0012857,0.145063,43.8376,8.74762,255.889
0.0692858,0.125168,0.158334,55.5878,10.3292,255.907
0.0680898,0.134395,0.135662,57.924,10.3962,255.918
0.067702,0.0894274,0.136769,58.1607,11.7116,255.94
0.0711172,0.0447481,0.14113,52.1732,9.74769,255.981
0.0681138,0.0513959,0.120102,57.6303,12.8254,255.987
0.0766975,0.0144263,0.151005,43.9784,10.609,256.002
0.0693071,0.106616,0.12722,55.8859,9.24816,256.019
0.0663676,0.10385,0.135021,61.245,10.9427,256.065
0.0654717,0.107368,0.108108,63.7058,9.66506,256.07
0.0713913,0.0494344,0.163632,51.7081,12.5957,256.119
0.070045,0.0271595,0.126271,54.5748,9.5467,256.15
0.0672376,0.112289,0.156892,59.8932,11.9148,256.17
0.0702425,0.0223092,0.121028,53.7266,12.8921,256.171
0.0637776,0.18859,0.142757,66.3328,12.56,256.177
0.0675609,0.0814464,0.132643,58.3672,12.155,256.183
0.0702634,0.0552562,0.143895,53.2856,11.6381,256.195
0.0652793,0.102225,0.113207,63.8579,11.4236,256.241
0.0655584,0.184334,0.140576,62.0435,11.4412,256.242
0.069355,0.0813168,0.127584,55.4185,9.51875,256.262
0.0781724,0.0317285,0.162938,41.9109,9.45016,256.277
0.0715359,0.0320137,0.138892,51.0019,10.045,256.28
0.0782074,0.02222,0.153489,41.6861,9.15475,256.286
0.0671891,0.10786,0.147478,59.3117,11.2789,256.296
0.0654989,0.0529594,0.105117,63.0011,10.9963,256.304
0.0725854,0.0774789,0.154536,49.4317,10.4594,256.326
0.0732498,0.0113247,0.134916,48.1966,11.4094,256.339
0.0710408,0.0581703,0.162924,51.9516,14.5562,256.34
0.0675842,0.108793,0.146941,58.1032,11.6747,256.348
0.0752982,0.0111217,0.136859,45.7554,10.5508,256.376
0.0679338,0.0768784,0.132078,58.253,10.6752,256.387
0.0657029,0.0153495,0.0912477,63.0587,9.34386,256.427
0.0676758,0.0972662,0.137783,58.1198,11.623,256.457
0.0748549,0.0146303,0.160372,46.4535,9.0912,256.46
0.0665673,0.169013,0.166275,60.0073,11.8673,256.467
0.0682884,0.0800649,0.151656,57.2645,10.4077,256.471
0.0653949,0.149839,0.145819,63.4204,10.8523,256.51
0.0672532,0.0489099,0.12496,59.0824,11.4528,256.563
0.0658049,0.142076,0.140821,62.885,10.4903,256.576
0.0698863,0.108356,0.14522,54.3871,9.47027,256.605
0.0671836,0.075971,0.133597,59.9954,11.1206,256.636
0.0696715,0.0811704,0.150497,54.7696,11.6771,256.648
0.0662094,0.118217,0.131368,61.5634,11.9349,256.7
0.0699165,0.0250174,0.158707,53.6951,15.3334,256.727
0.0663147,0.111572,0.156212,61.8769,11.4109,256.73
0.0743191,0.00216506,0.160219,46.9244,13.3474,256.801
0.0677359,0.0802057,0.146022,58.9262,11.2052,256.83
0.0659152,0.139325,0.14684,61.642,13.8891,256.848
0.0670805,0.167346,0.152994,59.5341,10.0731,256.933
0.0658714,0.121037,0.128914,62.2442,10.6081,256.94
0.0680105,0.0283583,0.125287,58.4548,10.5415,256.944
0.0736589,0.0240654,0.129277,48.2188,8.03866,256.951
0.0668066,0.0808398,0.125538,60.9895,10.8684,256.968
0.0711958,0.0899626,0.155977,51.1157,12.8526,257.019
0.0729358,0.0451491,0.158791,49.6852,10.6171,257.029
0.068474,0.0974721,0.145303,56.0117,12.8811,257.063
0.0690033,0.0953824,0.155744,55.5054,12.6904,257.071
0.0670153,0.0544685,0.130088,59.3172,13.835,257.08
0.0668123,0.075826,0.123087,60.045,10.7917,257.081
0.0674306,0.03628,0.113997,59.6796,10.988,257.091
0.0712458,0.0569812,0.144462,51.2736,12.7009,257.148
0.0698101,0.0343063,0.14592,54.298,11.8171,257.162
0.0643082,0.164433,0.131004,65.742,11.9034,257.198
0.0676693,0.141479,0.165007,58.9631,10.0505,257.235
0.0652414,0.204879,0.155245,63.0432,10.7956,257.247
0.063577,0.189686,0.125852,67.3373,10.0559,257.303
0.0694634,0.0994945,0.16609,54.2648,13.1627,257.303
0.0692155,0.0315744,0.130923,55.9198,12.4597,257.305
0.0727163,0.0103699,0.130366,49.6909,11.1477,257.309
0.0658399,0.132594,0.165966,62.0894,11.8162,257.336
0.0655721,0.17929,0.146523,62.471,11.1524,257.355
0.0680105,0.143162,0.163227,57.4384,11.6992,257.361
0.0690715,0.0176312,0.123389,56.8781,10.9474,257.417
0.0646016,0.194815,0.154108,64.8318,12.0692,257.419
0.0708708,0.0798603,0.159146,52.9962,10.9904,257.419
0.068661,0.0587159,0.139518,56.1156,12.7367,257.43
0.0703418,0.134196,0.161862,53.5556,9.77952,257.478
0.0687494,0.111643,0.122483,56.2617,9.81723,257.499
0.0709118,0.059723,0.151075,52.5096,10.2999,257.555
0.0706414,0.0105163,0.160433,52.0001,14.6069,257.609
0.0700122,0.0186084,0.142246,54.2701,11.7339,257.66
0.0686159,0.0206738,0.122821,57.6724,10.8809,257.698
0.0704661,0.0696785,0.138697,53.1903,9.91531,257.776
0.0679891,0.136879,0.138989,57.8549,11.0587,257.776
0.0736049,0.00407258,0.151967,48.8166,9.18749,257.788
0.068568,0.10567,0.144961,56.9191,11.0281,257.802
0.066039,0.172518,0.138901,61.8278,11.8076,257.814
0.0654425,0.0984948,0.120869,63.4994,10.5237,257.842
0.0644415,0.177453,0.134268,65.6505,10.2864,257.846
0.0697311,0.0430772,0.120553,54.2569,11.7481,257.847
0.0663146,0.137049,0.161324,61.8463,11.8331,257.856
0.067032,0.154554,0.162995,59.1104,11.913,257.877
0.0678226,0.0674653,0.136112,58.8036,10.2436,257.885
0.0653631,0.165448,0.143737,63.636,10.6783,257.961
0.0699078,0.0772989,0.162151,54.6726,11.1059,257.967
0.0671827,0.0205512,0.113819,59.3824,12.7412,257.993
0.073528,0.0156477,0.165202,48.2863,11.9258,257.997
0.0724031,0.0257631,0.156614,50.789,10.4948,258.001
0.0700585,0.0201397,0.148807,53.0771,14.3269,258.041
0.0668638,0.0947594,0.161478,60.9538,11.3555,258.091
0.0702905,0.0423124,0.165539,52.4421,16.0858,258.095
0.0742721,0.00773722,0.153466,47.4287,9.55581,258.133
0.0741259,0.00786664,0.139338,47.6601,9.12769,258.145
0.0651727,0.011659,0.0925077,64.3081,10.2871,258.193
0.0672192,0.112612,0.145553,59.0509,10.2671,258.22
0.0669995,0.0712715,0.126747,60.8514,10.9493,258.225
0.0698933,0.0986127,0.152044,54.9405,10.3555,258.231
0.0708716,0.0641789,0.128196,52.4723,10.1802,258.3
0.0714346,0.128621,0.161774,51.7912,9.43793,258.335
0.0636998,0.15788,0.108259,67.2583,9.46192,258.348
0.067862,0.154684,0.155915,57.4441,12.5728,258.362
0.0701477,0.0607697,0.154811,53.9984,12.8504,258.379
0.0759607,0.0450522,0.162676,44.6126,9.62955,258.403
0.0722477,0.0585547,0.15467,50.7522,9.85279,258.414
0.0781827,0.0220416,0.157631,41.5515,9.82277,258.432
0.0690638,0.0174868,0.122123,56.6156,10.7098,258.448
0.0749122,0.0232478,0.144299,46.1543,8.69532,258.459
0.0645211,0.226624,0.158463,64.7078,12.4708,258.496
0.0659406,0.0691381,0.117865,62.7972,10.9333,258.499
0.0650004,0.127145,0.133702,64.6828,10.7189,258.531
0.0659916,0.0975845,0.139481,61.4796,13.0682,258.533
0.0661241,0.087199,0.12342,61.5372,12.0118,258.56
0.0750706,0.0275985,0.162805,45.6236,12.2186,258.572
0.0684317,0.172024,0.161683,56.8598,11.7892,258.578
0.0693788,0.103522,0.151078,55.2151,10.8599,258.585
0.0679725,0.121894,0.148703,57.7739,12.128,258.597
0.0674609,0.0786059,0.135371,59.5042,10.5587,258.635
0.0684318,0.119491,0.155062,56.5495,12.4112,258.647
0.0681505,0.0214183,0.116704,57.3994,12.2115,258.685
0.0672753,0.0951964,0.142567,58.3806,14.3752,258.687
0.0684893,0.0259808,0.097961,57.1371,9.13898,258.696
0.069945,0.0461648,0.122974,54.9959,10.1574,258.742
0.064341,0.192998,0.158162,65.7212,11.8167,258.757
0.0752018,0.0416147,0.166054,45.7557,10.7233,258.767
0.0696582,0.0486754,0.152877,54.3155,12.2093,258.793
0.0642378,0.259011,0.159277,65.0597,10.3001,258.826
0.066159,0.184346,0.146069,61.9217,10.7214,258.83
0.0647235,0.192106,0.147037,64.2988,11.2273,258.857
0.068111,0.0152435,0.125696,58.3321,10.121,258.91
0.0685028,0.0744579,0.165304,56.4298,13.675,258.913
0.0731775,0.02127,0.144638,48.0756,12.2004,258.916
0.0691203,0.0888154,0.153267,55.6699,11.3425,258.933
0.0628441,0.141003,0.104991,69.1229,10.4669,258.96
0.0640922,0.193063,0.157862,65.7868,13.7386,259.069
0.066472,0.0712938,0.113537,61.5393,9.51524,259.079
0.0738546,0.0582435,0.157089,47.3514,10.3428,259.18
0.0698828,0.106703,0.138472,54.151,9.49145,259.203
0.0722075,0.0177328,0.162008,49.5621,15.5639,259.238
0.0711734,0.033552,0.160664,52.2545,11.4688,259.251
0.0685328,0.047397,0.128406,56.0238,13.1429,259.284
0.0705744,0.103436,0.164029,52.5458,12.0082,259.34
0.0657925,0.171319,0.154022,62.5993,10.288,259.419
0.0668672,0.0883161,0.121903,60.3433,10.2964,259.44
0.0705003,0.0116011,0.150176,52.145,15.6439,259.464
0.0658275,0.155866,0.12121,62.741,9.63919,259.485
0.0738658,0.00165097,0.130636,47.9349,11.628,259.492
0.0720646,0.00723694,0.13564,50.7797,11.2901,259.508
0.0649477,0.0976605,0.106457,64.5579,10.916,259.52
0.0702567,0.0624062,0.158334,53.5156,12.3757,259.527
0.0724762,0.00255342,0.153534,50.7093,10.7756,259.533
0.0682753,0.0742418,0.116072,57.709,10.6475,259.538
0.0629573,0.270701,0.16401,68.1963,11.1292,259.553
0.0671353,0.0428573,0.113385,59.3311,12.6087,259.584
0.0680079,0.143166,0.165759,57.9165,11.5794,259.637
0.0711859,0.0860358,0.166021,51.0779,12.6792,259.659
0.0684435,0.112299,0.140276,56.9448,12.5428,259.688
0.0673748,0.071371,0.14559,59.8021,11.7507,259.7
0.0702045,0.00736654,0.111299,54.802,9.64345,259.757
0.0656315,0.131396,0.13854,62.2593,12.5456,259.794
0.0713977,0.00746917,0.165816,51.2862,13.8441,259.797
0.0689934,0.0491546,0.12606,55.8585,13.5241,259.818
0.0725921,0.0398451,0.16087,49.8781,12.5601,259.826
0.0691797,0.10569,0.160217,55.8644,10.4651,259.837
0.0731646,0.00783522,0.162501,48.4328,12.4908,259.94
0.0658411,0.144518,0.165943,62.3392,11.5345,259.953
0.0638267,0.212925,0.152086,66.9019,11.8491,260.041
0.0684811,0.0248282,0.114306,57.0663,10.3402,260.089
0.0679557,0.159729,0.148709,57.8149,11.8335,260.098
0.0687583,0.0559977,0.153,55.8388,15.6619,260.151
0.0666325,0.0936643,0.120246,60.196,11.9033,260.178
0.0692235,0.0515562,0.145759,55.8301,12.0138,260.211
0.066157,0.18847,0.147368,61.4125,10.0745,260.226
0.0725243,0.00383492,0.130922,50.8173,9.54497,260.264
0.0717654,0.0747214,0.159099,50.5267,12.7018,260.278
0.0678522,0.0737328,0.121059,58.8762,10.5874,260.294
0.0723691,0.046648,0.135879,50.3452,8.91363,260.301
0.0675831,0.00889765,0.118021,58.6198,13.3736,260.331
0.0653402,0.0369352,0.10768,63.4541,12.7426,260.373
0.0670232,0.0716207,0.124047,60.2355,10.7518,260.402
0.0699659,0.0854585,0.164468,53.3386,13.8597,260.413
0.0683294,0.0415648,0.128082,57.89,11.7667,260.444
0.063685,0.119005,0.103394,67.1044,10.064,260.465
0.069745,0.0369746,0.161377,53.1834,16.675,260.496
0.0708977,0.0453174,0.160212,52.0473,12.4575,260.501
0.067256,0.0671851,0.155154,58.9552,15.8537,260.502
0.0685108,0.0213547,0.138364,57.691,11.0145,260.514
0.068704,0.0227784,0.13609,56.0409,12.359,260.516
0.0692815,0.138289,0.152045,55.7097,9.67285,260.522
0.0725783,0.00406204,0.156831,49.6957,12.7751,260.528
0.0681757,0.0408466,0.137035,57.3277,12.4136,260.529
0.0666288,0.0710906,0.126716,60.5592,12.3801,260.546
0.0670116,0.0486637,0.129755,59.7082,13.5513,260.564
0.070265,0.00597875,0.144287,53.5825,13.3209,260.589
0.0721664,0.0259557,0.143662,50.7885,11.0575,260.595
0.0653953,0.0543313,0.10325,63.8611,11.3871,260.611
0.0692608,0.102837,0.136774,55.6755,10.791,260.612
0.0706637,0.0307099,0.164164,52.5997,14.4785,260.614
0.0678653,0.072766,0.1476,57.3549,14.1368,260.654
0.0681497,0.0971435,0.165883,57.2232,12.4088,260.666
0.070968,0.0921175,0.151828,52.9449,9.57271,260.687
0.0682402,0.0801986,0.137875,57.2656,10.7722,260.696
0.0691392,0.122346,0.149189,55.9919,10.0454,260.755
0.0691338,0.0641435,0.135419,55.0984,12.7098,260.759
0.068547,0.150164,0.145909,56.5324,10.94,260.768
0.0692293,0.0219993,0.121161,55.6481,12.2054,260.812
0.0704513,0.0656262,0.135186,53.3971,10.8356,260.821
0.0651382,0.148468,0.151629,63.4042,12.5116,260.835
0.0667952,0.0551962,0.127322,60.8757,11.8433,260.835
0.0675169,0.048194,0.104752,59.7433,9.33586,260.841
0.0665812,0.0992698,0.130631,60.5415,12.5624,260.875
0.0726609,0.00553042,0.142803,49.8976,11.5019,260.904
0.0700074,0.0876308,0.125363,54.2526,8.56559,260.911
0.0668958,0.149659,0.141845,59.7727,12.8735,260.92
0.0681758,0.0461539,0.138773,57.031,12.9409,260.966
0.0707523,0.00333144,0.16033,53.0221,11.468,260.991
0.070478,0.0432742,0.148672,52.4162,14.1934,261.016
0.0646824,0.154917,0.143054,64.0261,12.5015,261.036
0.0627376,0.207479,0.161338,69.7814,11.4755,261.066
0.0664813,0.00941361,0.0996976,61.3949,10.6891,261.086
0.0736602,0.0258839,0.138842,48.8566,8.48349,261.111
0.0664103,0.131445,0.149221,60.668,13.9892,261.115
0.075908,0.0640476,0.161321,44.1306,9.05362,261.145
0.0652349,0.193166,0.136727,63.4518,10.0375,261.146
0.0686906,0.0378188,0.159994,55.2087,16.1946,261.154
0.0687894,0.0509139,0.150144,55.1816,15.7175,261.159
0.0660288,0.197786,0.156676,61.7455,11.2269,261.17
0.0699075,0.0101904,0.139227,54.8362,11.7128,261.178
0.0712785,0.0744662,0.155488,51.641,12.1788,261.203
0.0694085,0.0437841,0.138119,55.4409,11.7798,261.208
0.0712895,0.082075,0.143789,51.9207,11.6121,261.215
0.0651703,0.201575,0.160646,63.3018,11.3911,261.22
0.070917,0.0181061,0.146291,52.0542,11.7236,261.227
0.072292,0.0137227,0.11052,50.8074,9.10572,261.251
0.0615504,0.260028,0.160878,72.6107,11.8747,261.282
0.0765121,0.00575583,0.151682,43.0641,11.9303,261.297
0.06941,0.0411682,0.136575,55.3301,11.7848,261.302
0.0706078,0.0554641,0.150047,53.4393,10.0493,261.332
0.0653914,0.125746,0.154378,62.3961,14.7882,261.359
0.0669907,0.0551628,0.120901,60.9032,10.7481,261.368
0.0682184,0.100156,0.148062,57.8213,11.515,261.373
0.0679174,0.107158,0.154779,57.939,13.1562,261.392
0.0615915,0.212536,0.116492,72.0024,10.044,261.412
0.0766869,0.0443332,0.149045,43.6398,9.74986,261.423
0.0737031,0.0710932,0.163413,47.5246,11.7992,261.431
0.0735657,0.00185209,0.114597,48.7279,9.14386,261.455
0.0657636,0.13903,0.149253,62.7557,11.6104,261.462
0.0712081,0.0189322,0.139685,51.4266,13.4271,261.471
0.0704921,0.0164867,0.148955,52.3233,15.5854,261.486
0.0744769,0.0809292,0.161936,46.6546,10.4006,261.505
0.0718731,0.0264101,0.147742,50.3271,13.5928,261.524
0.066651,0.188659,0.138381,60.6363,9.17685,261.528
0.064715,0.141127,0.131125,64.2668,12.3794,261.553
0.0614177,0.272142,0.141487,72.8869,11.3081,261.555
0.0702952,0.00605169,0.110569,54.0955,8.13889,261.571
0.0726728,0.0168683,0.151057,49.9477,12.0488,261.593
0.0714589,0.0263822,0.165648,50.795,16.4715,261.635
0.0690483,0.110951,0.137214,55.7273,11.0257,261.649
0.0732011,0.00737623,0.164698,48.6745,13.2737,261.658
0.0750105,0.0152499,0.157299,45.026,12.0673,261.679
0.0655134,0.00520797,0.100672,63.4114,11.6374,261.685
0.0718681,0.118618,0.161159,50.874,10.1316,261.7
0.065935,0.0676813,0.102394,62.0031,10.231,261.704
0.0714235,0.0782358,0.157098,51.8149,11.4129,261.715
0.0647668,0.135549,0.120476,64.2044,11.9161,261.715
0.0680844,0.0842469,0.123522,57.3299,11.1873,261.719
0.0691028,0.0679852,0.164349,55.5955,13.1235,261.727
0.0701284,0.0502304,0.13388,53.1062,12.2004,261.747
0.073948,0.0658698,0.157247,47.7547,9.83767,261.765
0.0675666,0.0899617,0.16322,57.4454,16.696,261.768
0.0670835,0.106652,0.150258,59.0293,12.6727,261.795
0.0612678,0.312305,0.160009,72.5701,12.4026,261.798
0.0702805,0.030417,0.160346,53.0401,12.7422,261.806
0.0658374,0.116142,0.145493,61.911,14.8004,261.808
0.0686029,0.0478823,0.108978,57.7354,8.23562,261.828
0.0670986,0.00778664,0.0903292,60.9317,9.60386,261.86
0.0679446,0.0934743,0.117808,58.9502,8.04239,261.885
0.0670591,0.0156814,0.090184,60.4609,9.69524,261.889
0.0710788,0.0467233,0.146378,52.9275,9.77372,261.9
0.0672071,0.16432,0.138725,59.3367,9.73182,261.904
0.0671102,0.0128457,0.11434,59.6147,13.8384,261.909
0.0702667,0.102691,0.134876,53.7886,10.2434,261.91
0.0695381,0.0589107,0.125901,55.0237,9.60298,261.92
0.071457,0.0572925,0.137894,51.2635,10.8927,261.932
0.0672545,0.0638183,0.136132,59.951,11.4085,261.937
0.0678085,0.0954098,0.128376,58.5927,10.1687,261.943
0.0730653,0.0790047,0.164612,48.3364,11.8982,261.956
0.0707515,0.0139508,0.125004,52.1388,12.4333,261.995
0.0687706,0.0551654,0.148524,55.7181,15.7122,261.999
0.0641367,0.209809,0.157942,65.8136,12.4626,262.024
0.0689761,0.019352,0.14715,55.1926,14.3106,262.025
0.0698788,0.0467039,0.153756,54.4742,10.806,262.034
0.0695417,0.0658489,0.114742,55.626,8.59127,262.072
0.0636238,0.189567,0.138484,67.8606,10.2997,262.086
0.0687355,0.0376375,0.110526,56.5844,11.6089,262.09
0.0667309,0.0868329,0.153217,59.5983,15.1974,262.1
0.0674645,0.0583169,0.151945,59.7112,11.6697,262.148
0.0701158,0.093622,0.154487,53.4457,12.2854,262.163
0.0651226,0.0256922,0.0899928,64.6296,10.4908,262.174
0.0713967,0.00274843,0.143075,51.8502,12.9154,262.175
0.0689363,0.068363,0.164899,55.9171,14.4585,262.221
0.0679987,0.0778331,0.161478,57.2793,13.1373,262.251
0.0654174,0.128748,0.141914,63.2039,10.4109,262.251
0.07403,0.0292919,0.136557,47.8526,9.82285,262.269
0.0663623,0.0946961,0.152666,61.2057,11.0239,262.276
0.0714434,0.00121024,0.158848,51.2675,13.8442,262.286
0.0716643,0.0765551,0.162219,50.8862,13.9431,262.289
0.0694516,0.0282487,0.131815,54.1878,14.0854,262.291
0.0685935,0.0427658,0.104093,57.6272,8.99842,262.293
0.065414,0.0804041,0.103718,63.4691,10.4735,262.338
0.0703525,0.00971374,0.15632,52.8742,16.0438,262.346
0.0674109,0.0658693,0.120541,59.794,10.7784,262.366
0.0681705,0.166835,0.154156,57.4695,9.6388,262.408
0.0640728,0.209834,0.166361,65.3032,13.1128,262.446
0.0632946,0.12309,0.110794,68.154,10.8305,262.446
0.0691033,0.0170551,0.147203,56.3379,11.0187,262.46
0.0626688,0.186521,0.125129,69.6593,11.8493,262.487
0.073291,0.0836677,0.143596,48.0423,9.9249,262.491
0.0674146,0.0558678,0.110801,59.5462,9.56083,262.492
0.0704038,0.0443327,0.159796,53.9036,10.5352,262.492
0.0667903,0.0715499,0.126214,60.3905,11.7957,262.511
0.0638754,0.23206,0.165774,66.0245,11.3196,262.545
0.0686413,0.0548508,0.12867,56.6836,12.6096,262.554
0.0685008,0.018061,0.109592,57.4597,10.8211,262.559
0.0685413,0.0544104,0.149536,56.9288,13.3026,262.562
0.0624194,0.118389,0.106775,70.8362,11.5817,262.565
0.0656361,0.143713,0.157593,62.0562,12.4656,262.575
0.0695274,0.0309223,0.152881,54.1351,14.8521,262.588
0.0654718,0.140524,0.157289,62.1272,13.8121,262.623
0.0699926,0.0226287,0.132713,54.8538,11.3843,262.65
0.0692253,0.0486901,0.145065,55.919,11.0268,262.66
0.0706529,0.0180277,0.151282,53.4991,10.8917,262.67
0.066792,0.0723253,0.127751,60.9553,11.2913,262.686
0.0742471,0.0172655,0.118814,47.0568,8.4712,262.694
0.0717318,0.055955,0.150653,51.3792,9.58023,262.706
0.0651238,0.0920036,0.123852,63.9558,13.8355,262.71
0.0683446,0.0181933,0.142055,56.905,15.1657,262.725
0.0681139,0.0303349,0.111909,57.7111,12.0589,262.73
0.0711304,0.0667303,0.151633,52.1254,10.4419,262.744
0.0671623,0.0861781,0.116322,59.0086,11.313,262.765
0.0718251,0.0609557,0.143029,50.3196,12.3053,262.808
0.0633556,0.194716,0.132943,67.8332,12.0021,262.84
0.0668701,0.0729541,0.150519,59.2507,14.9681,262.869
0.0655036,0.058448,0.12207,62.557,14.1403,262.892
0.073657,0.0106949,0.166194,48.5856,10.4395,262.893
0.0688627,0.00851973,0.102985,56.6471,10.0426,262.937
0.0633047,0.116357,0.108375,68.409,10.5283,262.94
0.0654693,0.112905,0.138554,63.8395,10.5152,262.943
0.0680318,0.0503059,0.14666,57.2428,13.8577,262.946
0.0670101,0.0752293,0.145585,59.5451,13.4414,262.951
0.07396,0.0196271,0.165083,47.6252,10.9547,262.957
0.0716453,0.00124973,0.153685,51.4787,12.3942,262.97
0.0692731,0.0587138,0.160275,55.7111,12.9559,262.971
0.065171,0.143311,0.120927,63.6658,11.2711,262.976
0.0667353,0.0845869,0.107162,60.5035,10.1138,262.989
0.074759,0.0324012,0.134994,46.0282,9.637,263.031
0.0653789,0.138497,0.154073,62.8346,14.9396,263.034
0.0707011,0.131326,0.152842,52.683,10.1685,263.036
0.0649672,0.208426,0.153714,63.8911,12.3084,263.044
0.0704512,0.0663322,0.13886,53.4468,9.79243,263.045
0.065968,0.22208,0.163796,61.2048,11.6975,263.059
0.0726636,0.0531101,0.130894,49.7488,10.0704,263.079
0.0684271,0.0163041,0.126718,57.0664,11.6904,263.087
0.06837,0.136345,0.152956,56.184,12.8759,263.088
0.0742266,0.0118927,0.16385,46.0396,14.3521,263.095
0.062521,0.264719,0.143664,69.8673,11.6887,263.101
0.0665875,0.110134,0.156847,60.6283,12.0955,263.106
0.0636181,0.186615,0.148372,67.7968,11.1112,263.117
0.0711112,0.0201318,0.127321,52.0545,9.66648,263.126
0.0645089,0.229121,0.155741,64.7259,12.791,263.131
0.0622957,0.248576,0.131648,70.3711,10.347,263.167
0.0643529,0.201064,0.12932,65.3342,10.3705,263.185
0.073189,0.0725639,0.162156,48.5595,10.8418,263.185
0.0630781,0.198685,0.140494,68.3607,11.5599,263.208
0.0724,0.0283218,0.130723,50.8141,9.12432,263.215
0.067059,0.0729802,0.103782,60.4707,8.98483,263.246
0.0629374,0.272477,0.156682,68.0299,11.765,263.251
0.072489,0.0213124,0.146213,49.3894,12.5524,263.265
0.0669078,0.0234713,0.0938034,60.5921,10.4333,263.28
0.0672518,0.0582438,0.112039,59.8182,11.0302,263.28
0.0637429,0.0902697,0.106246,67.9013,10.9108,263.315
0.0637448,0.147335,0.106553,67.1644,9.66746,263.321
0.0688838,0.0847373,0.143999,55.4078,13.5712,263.33
0.0644548,0.178761,0.165298,64.5363,14.7096,263.338
0.066966,0.0492339,0.110603,60.3694,9.74966,263.362
0.0661898,0.0475292,0.0960381,62.8015,8.66156,263.366
0.0724947,0.0743287,0.147245,49.6476,11.0927,263.375
0.0679814,0.0851682,0.112992,58.0388,8.26919,263.377
0.0705442,0.0700856,0.145904,52.0867,13.6851,263.379
0.0731831,0.0151401,0.165443,48.2101,13.515,263.384
0.0701582,0.0465416,0.148414,53.4417,13.4712,263.388
0.0619995,0.260974,0.164728,70.4721,13.0341,263.402
0.0767094,0.0172225,0.138662,43.3407,9.10522,263.459
0.0620487,0.232319,0.153688,70.2959,13.849,263.468
0.0704283,0.0251222,0.128202,53.0298,10.6178,263.477
0.0637458,0.265412,0.161238,66.4032,11.5636,263.479
0.0630995,0.198699,0.139902,68.8466,11.6733,263.487
0.0673381,0.116107,0.148812,59.723,10.1741,263.489
0.0706289,0.0457874,0.162621,53.5557,11.9183,263.515
0.0657365,0.200106,0.1385,62.9712,9.36813,263.515
0.0710471,0.00947169,0.162335,52.7678,11.6615,263.517
0.0672555,0.123774,0.158431,59.1694,10.7094,263.532
0.0642944,0.123988,0.117944,65.0397,12.7681,263.535
0.0706466,0.0301551,0.151798,53.2686,10.5738,263.563
0.0678088,0.0848721,0.121106,58.9495,10.0956,263.575
0.0656168,0.0955786,0.0989985,63.8315,8.93919,263.578
0.0704564,0.1177,0.140066,53.028,8.5611,263.578
0.0687103,0.0442903,0.14656,56.2929,12.6259,263.596
0.066745,0.120255,0.143906,59.5487,14.9641,263.63
0.0667302,0.0187348,0.0936441,61.059,8.73292,263.656
0.0665317,0.188518,0.146725,60.0593,10.8332,263.707
0.0651748,0.132541,0.143965,63.3005,12.3586,263.713
0.0616034,0.235854,0.129014,72.1845,10.8841,263.722
0.0686301,0.168618,0.146962,56.1396,9.66316,263.763
0.0692803,0.0166115,0.153259,54.708,16.6752,263.775
0.0683136,0.121378,0.148277,56.5493,13.9535,263.781
0.0669529,0.0694164,0.118148,59.4108,13.6221,263.793
0.0661687,0.201022,0.136782,61.8365,9.34544,263.813
0.075326,0.0293087,0.155453,45.8836,9.02438,263.82
0.0625361,0.225951,0.14371,69.5057,12.1041,263.825
0.0719462,0.0617438,0.166053,50.6684,12.5453,263.828
0.0662197,0.114059,0.152668,60.9502,15.4228,263.829
0.0645389,0.265288,0.1654,64.155,11.5295,263.836
0.0702777,0.0487471,0.148911,53.5537,11.5509,263.839
0.0678299,0.0228191,0.0986538,58.0193,10.7213,263.844
0.0712211,0.00814588,0.137759,52.0013,9.17229,263.949
0.0678033,0.125301,0.140456,58.839,9.59954,263.951
0.0626438,0.216809,0.162414,68.0256,15.7837,263.979
0.0634811,0.18124,0.138224,67.5429,11.7499,264.02
0.0623284,0.246385,0.164411,70.0383,11.7794,264.022
0.0614204,0.27828,0.148688,72.6103,11.0589,264.038
0.0756721,0.0190455,0.158952,44.2018,12.7244,264.046
0.0640134,0.170989,0.153261,66.4765,11.0753,264.057
0.0657488,0.00957295,0.0978,63.8166,9.74394,264.085
0.0642315,0.160323,0.124646,65.7474,12.1495,264.102
0.0696613,0.0705271,0.13561,54.1366,11.3318,264.102
0.067538,0.153969,0.138394,58.3176,10.6964,264.129
0.071581,0.00539654,0.152034,50.915,15.9868,264.145
0.0715198,0.0648775,0.133759,51.0983,10.1322,264.154
0.0687616,0.0269578,0.16114,55.3946,16.4662,264.172
0.0723498,0.0342531,0.127905,50.5809,9.93014,264.185
0.0728725,0.00873039,0.110447,49.5417,9.10711,264.189
0.0733245,0.00823561,0.128085,48.0463,11.9972,264.216
0.0633516,0.137262,0.127808,67.7722,13.3666,264.219
0.0767367,0.0423871,0.152175,43.325,9.18086,264.25
0.0728338,0.0312707,0.155146,49.4029,9.11126,264.268
0.066826,0.0705056,0.142521,60.4231,11.395,264.274
0.0740816,0.0167575,0.135272,47.2102,10.091,264.28
0.0654786,0.189284,0.150196,62.8316,12.9356,264.311
0.0689913,0.0686146,0.117224,56.886,8.09407,264.326
0.0686361,0.126062,0.157544,56.0545,11.5474,264.332
0.0624456,0.239472,0.163708,69.9207,13.9783,264.336
0.0668318,0.0784761,0.136189,59.3778,14.0543,264.346
0.0646798,0.257809,0.15841,64.6385,10.222,264.358
0.0663532,0.0611593,0.123558,61.3529,11.5005,264.358
0.0641883,0.129244,0.138773,65.3195,13.8135,264.372
0.0711077,0.0104577,0.159229,52.1642,10.4721,264.472
0.0652284,0.171521,0.135313,63.7589,10.5358,264.481
0.0723,0.0449778,0.117884,50.9915,8.82475,264.481
0.0676706,0.144045,0.127771,58.4852,9.18901,264.483
0.0676297,0.107287,0.16101,58.0624,12.9537,264.519
0.0682218,0.0601933,0.145952,57.5296,11.5748,264.534
0.0725114,0.0205834,0.15372,49.4575,13.768,264.537
0.0701069,0.0597981,0.129439,53.0056,12.521,264.538
0.0681228,0.106796,0.166474,57.9588,12.9618,264.542
0.0708093,0.00314296,0.130292,52.3762,12.7085,264.547
0.0649854,0.109542,0.127003,64.948,10.3321,264.55
0.0655429,0.190689,0.1664,62.9279,12.1159,264.55
0.0619342,0.179506,0.114686,71.7146,11.1892,264.595
0.0671936,0.0138278,0.103627,59.9818,12.7552,264.62
0.0701846,0.0435858,0.147248,53.0125,13.9634,264.638
0.06394,0.230214,0.152335,66.0706,10.1899,264.662
0.0681376,0.0534114,0.109039,57.5911,11.0356,264.675
0.070968,0.108664,0.163485,52.4322,10.9037,264.676
0.0692614,0.0229402,0.153136,54.8196,16.2941,264.684
0.0740211,0.0394213,0.152923,47.2954,9.24111,264.686
0.0723069,0.0025395,0.136205,49.7242,14.4717,264.7
0.0690099,0.0829169,0.123745,56.9288,8.33273,264.702
0.066042,0.0458216,0.107873,62.3322,10.8007,264.708
0.0663319,0.118003,0.120701,61.1643,9.23607,264.738
0.0621841,0.278875,0.16113,70.9826,11.8882,264.745
0.070515,0.0418445,0.135877,53.0238,9.69097,264.749
0.0677174,0.071473,0.1642,57.1045,15.1258,264.749
0.0665467,0.126553,0.128202,60.8584,11.2431,264.757
0.0664333,0.206662,0.155707,60.0854,11.9644,264.76
0.0714937,0.1242,0.163288,51.8223,9.57203,264.762
0.0665171,0.0891692,0.147792,60.6957,13.3665,264.763
0.0700687,0.0236456,0.135586,53.3857,14.4377,264.769
0.070719,0.0200224,0.163696,52.4858,14.3262,264.774
0.0641757,0.187383,0.152548,65.9235,12.2204,264.794
0.0606164,0.290965,0.156121,74.765,12.7401,264.826
0.0734287,0.0113169,0.116506,48.2644,9.38739,264.877
0.063376,0.221469,0.138943,67.3786,11.5701,264.877
0.0665137,0.0275051,0.125746,60.8459,14.7471,264.883
0.070724,0.0260116,0.165212,53.9075,11.4016,264.909
0.0688985,0.0825564,0.135789,56.1035,10.9327,264.917
0.0746143,0.0372616,0.131936,46.2005,9.20017,264.937
0.0663006,0.08253,0.118265,61.534,11.0003,264.951
0.0632373,0.200959,0.137549,67.2999,13.5438,264.955
0.0751015,0.0222262,0.154574,45.8307,11.8216,264.958
0.0647153,0.11395,0.115893,64.614,12.3064,264.963
0.066674,0.1455,0.151361,60.4631,11.9285,265.003
0.0655896,0.0525174,0.0908679,63.5997,9.19517,265.012
0.0712557,0.0477188,0.149862,51.731,12.6217,265.051
0.0665971,0.0638452,0.117317,60.6069,12.6987,265.054
0.0651375,0.0135762,0.0940012,64.592,10.5496,265.055
0.0633158,0.203302,0.129703,67.9804,12.9656,265.109
0.0674961,0.0932272,0.148593,58.6968,13.8374,265.117
0.0711876,0.0358721,0.107672,52.1172,8.3919,265.133
0.069987,0.109454,0.157919,53.5058,12.2272,265.175
0.0693061,0.0432461,0.122099,55.3704,10.649,265.178
0.0716085,0.0884833,0.163764,51.2822,9.22354,265.179
0.0627728,0.247281,0.158086,68.7373,13.7259,265.196
0.0648392,0.0192887,0.0875838,65.7057,9.96545,265.199
0.0640614,0.0787217,0.110011,66.7391,11.9326,265.228
0.0662322,0.124676,0.134876,61.152,11.6917,265.25
0.0698394,0.0511785,0.148223,53.5572,15.6427,265.252
0.0714183,0.0329515,0.165736,50.6521,16.8157,265.283
0.0688239,0.0693085,0.165918,56.3589,12.0514,265.289
0.0690177,0.079334,0.148959,55.9474,12.2814,265.317
0.0649152,0.0739852,0.101816,64.0492,11.9522,265.321
0.0677553,0.0883843,0.145838,57.2289,14.1522,265.328
0.0645816,0.0839795,0.111935,65.283,10.6468,265.336
0.0666558,0.193578,0.147987,60.2433,9.8164,265.34
0.0681348,0.00918097,0.113264,58.9448,9.98185,265.364
0.0592193,0.317095,0.143008,78.2125,12.1173,265.367
0.06583,0.0480915,0.0880601,63.4733,7.48662,265.37
0.0672976,0.134991,0.139698,59.1169,9.18366,265.382
0.0701744,0.0576953,0.160445,53.6827,13.622,265.41
0.0692128,0.13163,0.150138,55.8968,10.4873,265.438
0.0678946,0.0428198,0.143997,58.4414,11.4255,265.454
0.073105,0.0367186,0.143241,48.5503,12.299,265.464
0.0639969,0.0142822,0.0879163,67.1994,9.01337,265.469
0.0661997,0.118507,0.112225,61.675,10.8336,265.476
0.0643038,0.21399,0.140626,65.0991,10.6202,265.486
0.0696653,0.0577658,0.124396,54.5637,11.4612,265.494
0.0693492,0.0381242,0.122827,55.6455,11.9486,265.499
0.064906,0.136984,0.146863,64.775,11.323,265.509
0.0666412,0.0923636,0.139096,60.2828,12.1087,265.512
0.0650049,0.121481,0.141122,64.2242,11.3854,265.512
0.0639437,0.0374268,0.0911993,67.8741,9.29412,265.546
0.0728429,0.0270396,0.164931,48.5494,14.9338,265.547
0.0653387,0.120439,0.137882,63.2066,11.5866,265.57
0.0654864,0.160136,0.134588,62.5105,12.9188,265.592
0.0703651,0.0595694,0.117701,53.2729,10.8338,265.611
0.0696917,0.0919729,0.126293,54.9698,10.6568,265.631
0.0655979,0.0689051,0.130178,62.7064,13.8478,265.64
0.0695726,0.0394017,0.148141,55.119,11.9166,265.659
0.0666606,0.0801286,0.138112,60.8788,12.8471,265.665
0.0670816,0.0541827,0.114005,60.4157,9.83294,265.674
0.068797,0.102083,0.141254,56.2993,9.81346,265.676
0.0706466,0.0304427,0.130799,53.9612,10.4224,265.683
0.0711459,0.0125311,0.161902,52.7094,12.1628,265.687
0.0641998,0.0853651,0.105043,66.5682,10.8368,265.69
0.0658861,0.146544,0.159967,61.1768,13.972,265.694
0.0673745,0.0679052,0.112841,59.577,9.49049,265.699
0.0733559,0.0651064,0.162976,48.7293,9.72554,265.706
0.0702055,0.0784292,0.154767,53.3835,12.6526,265.71
0.0717592,0.0188424,0.133085,50.6715,13.969,265.72
0.0700633,0.012595,0.160297,53.0309,14.1311,265.73
0.0724333,0.103085,0.161854,49.4047,11.1124,265.741
0.0694609,0.0737606,0.161781,55.1312,11.9548,265.814
0.0681915,0.0615344,0.143841,57.3309,12.7074,265.828
0.0675002,0.0932394,0.145378,58.4488,12.571,265.83
0.0634006,0.0616313,0.0915224,68.401,10.3709,265.844
0.0696177,0.0857863,0.148253,54.0497,12.8804,265.895
0.0589206,0.357707,0.141195,79.6522,11.6523,265.9
0.0693732,0.0944337,0.12516,55.8939,9.85837,265.902
0.0689503,0.117024,0.165989,55.5086,12.8346,265.905
0.0653817,0.110609,0.12902,63.205,11.7075,265.916
0.0703008,0.054653,0.11825,53.1173,10.3964,265.941
0.0638336,0.178113,0.155045,66.5778,12.149,265.944
0.0697998,0.0579157,0.130441,54.4216,11.9271,265.948
0.0687304,0.0928441,0.143794,56.1108,11.3239,265.955
0.063619,0.191101,0.160399,67.34,11.987,265.979
0.0623195,0.224261,0.146498,69.8479,14.0593,265.985
0.0733115,0.0696732,0.136226,48.185,9.30849,266.018
0.0761527,0.00788461,0.130859,44.5451,9.19526,266.02
0.0699478,0.0208251,0.106229,54.5307,10.2397,266.031
0.0621995,0.192202,0.130714,70.3826,12.144,266.054
0.0704806,0.0205718,0.152801,53.8089,12.2552,266.062
0.0631389,0.215966,0.156132,67.9775,14.0634,266.081
0.0712009,0.0348005,0.161425,52.3193,10.7975,266.091
0.0639759,0.13997,0.1167,66.4207,11.9625,266.114
0.0670194,0.0340414,0.1309,60.9816,11.6796,266.125
0.072067,0.0387576,0.14941,50.806,10.1667,266.131
0.0701853,0.0208187,0.159727,54.4244,11.4449,266.139
0.0705177,0.0246408,0.157781,52.2863,15.959,266.16
0.0722079,0.0168198,0.110322,50.9075,9.08947,266.177
0.0752213,0.0284668,0.158467,45.7142,11.9057,266.187
0.0668255,0.0451643,0.101065,60.4108,10.4399,266.192
0.0660202,0.169222,0.15642,61.5038,12.1257,266.194
0.0715525,0.0533367,0.129076,51.3509,10.6159,266.195
0.0692502,0.0283287,0.151434,55.418,12.8709,266.195
0.0737063,0.081682,0.161655,47.1705,11.3437,266.205
0.0710857,0.0864131,0.157558,51.243,13.8234,266.214
0.0658121,0.0828434,0.139771,61.6614,15.1079,266.26
0.0685649,0.0955934,0.143109,56.4773,11.1037,266.267
0.0695521,0.0842882,0.163364,54.4728,13.6,266.304
0.0650571,0.141771,0.124868,64.5104,9.22086,266.319
0.0650947,0.197394,0.164861,63.9725,12.5546,266.335
0.0674908,0.0534263,0.14254,58.7867,13.0756,266.343
0.0677148,0.139517,0.144236,58.6887,10.5314,266.346
0.0675763,0.144816,0.150688,58.0539,11.3086,266.352
0.0664679,0.0618008,0.111568,61.2074,10.5972,266.361
0.0743619,0.0473563,0.163662,46.4247,12.3053,266.386
0.0738376,0.0959883,0.157284,47.6771,9.73806,266.394
0.0673974,0.0496728,0.141698,59.6769,11.5865,266.397
0.0641993,0.249743,0.160946,65.6151,11.4302,266.397
0.0675735,0.0416894,0.136079,58.4129,13.6678,266.398
0.0710721,0.0592628,0.12093,52.035,9.07256,266.421
0.074301,0.0303984,0.150181,46.9105,12.3177,266.422
0.0615807,0.177845,0.118414,72.8839,11.5085,266.427
0.0627375,0.264872,0.164007,68.5907,13.8824,266.436
0.0628923,0.288679,0.156782,68.1208,11.4064,266.443
0.0699153,0.0243514,0.138274,53.1919,15.1789,266.464
0.0680014,0.162353,0.141377,57.4996,10.0262,266.475
0.0678651,0.00778969,0.131676,57.9556,15.7763,266.476
0.0593589,0.329767,0.160125,78.9472,11.5506,266.479
0.0647406,0.165984,0.160521,64.2324,12.1022,266.48
0.0671552,0.073001,0.150544,59.7305,12.2988,266.491
0.0656422,0.125171,0.133411,62.6749,12.663,266.518
0.0661101,0.149009,0.162936,61.6742,11.037,266.536
0.0640076,0.15596,0.125265,66.9685,10.898,266.543
0.063007,0.20735,0.134697,68.0158,11.8527,266.558
0.0639193,0.0125415,0.0922292,67.3717,10.416,266.56
0.0696486,0.0427421,0.112864,55.5669,8.95174,266.567
0.0614348,0.268214,0.151764,72.6427,11.0171,266.57
0.0690698,0.00636966,0.110061,56.8596,10.0096,266.571
0.0714875,0.0241545,0.121083,51.2412,11.7246,266.594
0.0673681,0.0449884,0.132255,58.393,14.6735,266.596
0.0720429,0.0812793,0.141621,50.2007,10.0264,266.614
0.0675408,0.0129824,0.120442,59.1188,10.7889,266.615
0.067216,0.0268946,0.107626,59.7114,12.6476,266.632
0.0698711,0.0269636,0.155843,54.3549,12.5804,266.643
0.071993,0.0331571,0.163174,50.1674,11.1021,266.653
0.0677763,0.0480685,0.15902,57.2905,15.614,266.656
0.0712645,0.0489677,0.164935,51.2252,12.9331,266.668
0.0613779,0.236713,0.14016,72.7534,12.6187,266.706
0.0692075,0.0821032,0.131181,55.8604,10.5381,266.738
0.0689864,0.0387971,0.146075,55.7116,14.429,266.75
0.0712433,0.0532675,0.156,51.9,12.9663,266.781
0.0680693,0.0439004,0.149848,57.2159,13.8464,266.797
0.0681223,0.11577,0.138488,57.8098,10.7437,266.8
0.0661529,0.20476,0.140818,61.1349,9.81671,266.862
0.0684546,0.189311,0.164857,56.888,10.092,266.866
0.0626381,0.161311,0.12456,69.2455,12.7427,266.866
0.0640572,0.193375,0.120974,66.8669,9.99656,266.868
0.0696975,0.101755,0.147377,54.5912,10.047,266.888
0.0726486,0.0431203,0.162081,49.5278,10.6809,266.891
0.0667923,0.126985,0.133163,60.2703,9.38372,266.902
0.0647902,0.0820157,0.106129,64.3455,12.957,266.905
0.0693463,0.113264,0.164937,55.4267,10.3556,266.914
0.0643929,0.210431,0.129034,65.7628,9.37019,266.918
0.07111,0.0609742,0.123025,52.4556,8.53623,266.923
0.0618072,0.279101,0.152852,71.4573,11.2331,266.929
0.0677107,0.0432601,0.158729,57.1368,16.6657,266.933
0.0711471,0.0872916,0.151815,51.7851,12.7384,266.936
0.068986,0.0412124,0.129924,56.1081,9.52062,266.952
0.0694216,0.122734,0.154322,54.1889,12.9128,266.958
0.0663624,0.0879581,0.102818,61.4695,9.60376,266.958
0.0772046,0.00152141,0.155742,42.8782,11.4594,266.973
0.0645711,0.161929,0.128355,65.3903,9.96583,266.989
0.0683207,0.0369349,0.147867,57.0662,12.1084,266.99
0.0676111,0.0464921,0.142646,58.42,13.836,266.999
0.0740899,0.00525051,0.130696,47.8331,9.05777,267.005
0.0694646,0.0899601,0.149443,54.5621,13.1847,267.006
0.0709176,0.104182,0.155575,52.3782,10.277,267.008
0.0636604,0.171793,0.143783,67.0566,11.0615,267.012
0.0704136,0.0145403,0.110617,53.8618,10.0592,267.023
0.0649542,0.134433,0.155093,63.3343,14.8302,267.041
0.0683897,0.00360374,0.10731,57.2689,10.8899,267.049
0.0724402,0.0378562,0.127502,50.3598,8.34858,267.062
0.0683429,0.0876956,0.137741,56.6499,13.297,267.078
0.0752937,0.036574,0.160761,45.7427,9.65408,267.094
0.0721227,0.0854419,0.13475,50.5331,9.31733,267.097
0.0669744,0.187648,0.158273,59.3483,11.0241,267.104
0.0692604,0.00259271,0.102807,55.4194,11.5494,267.112
0.0708766,0.056966,0.146018,52.312,10.6495,267.132
0.0697648,0.0519085,0.16248,53.3633,16.421,267.136
0.0669918,0.136442,0.134947,59.4554,11.8695,267.156
0.066176,0.127826,0.11822,61.1318,10.2953,267.202
0.0723162,0.00835917,0.143809,50.617,11.3032,267.218
0.068107,0.12536,0.143896,57.576,10.4159,267.236
0.0706251,0.00817719,0.123013,52.2703,13.9141,267.237
