beta,permeability,xi,init_days,delay,value
0.0521046,0.0872182,0.0559508,1.1393,4.9047,29.3298
0.0517813,0.112892,0.0607901,1.05379,4.09361,29.3928
0.053253,0.0803752,0.0516631,0.509699,4.0023,29.4251
0.0504052,0.154313,0.051797,3.74307,4.12241,29.446
0.0526345,0.125601,0.0563132,0.173625,3.02405,29.4552
0.051576,0.141608,0.0658627,1.79063,5.86024,29.476
0.0529152,0.0779359,0.0620935,0.873629,5.50545,29.4883
0.0523514,0.0774862,0.0561521,1.94002,5.74805,29.4892
0.0512448,0.131685,0.055566,2.96503,5.90107,29.4963
0.0503129,0.17313,0.0510948,3.50275,4.98617,29.5286
0.0527288,0.0818173,0.0681773,0.828291,5.35375,29.543
0.049456,0.191048,0.0531366,4.46072,4.02168,29.5512
0.0501662,0.200783,0.0517093,3.81443,4.37549,29.5627
0.0511843,0.13401,0.0542385,2.04748,4.90252,29.5647
0.0523155,0.140018,0.0622305,0.172986,3.52441,29.5809
0.0505288,0.192114,0.0675847,2.84081,5.56528,29.5836
0.0501599,0.18541,0.0531597,3.25833,4.09886,29.5875
0.0524654,0.104044,0.0675461,0.739168,4.87742,29.5883
0.0511985,0.208884,0.0652923,1.77448,4.17898,29.5889
0.0505655,0.172059,0.0514817,3.80663,5.27424,29.5944
0.053027,0.101582,0.0518637,0.319422,4.04063,29.5961
0.0493581,0.211628,0.0524962,4.20399,4.23033,29.5969
0.050095,0.20599,0.0527381,3.69858,4.02714,29.6005
0.0516478,0.114185,0.0517124,2.34123,5.71312,29.6056
0.0514934,0.102014,0.0559367,2.14367,5.20668,29.6079
0.0516466,0.14447,0.0610879,1.63574,4.4952,29.6092
0.0511137,0.211683,0.0680614,1.22512,4.76347,29.6108
0.0512384,0.138338,0.0545541,2.11388,5.29276,29.6158
0.0527152,0.12693,0.0556425,0.766237,4.44543,29.619
0.05256,0.0919781,0.0715811,0.36226,5.14708,29.6252
0.052023,0.0999033,0.0593895,1.06933,5.94489,29.6284
0.0509423,0.182638,0.052498,2.59995,4.07991,29.6287
0.0513948,0.0989291,0.0537918,2.1238,4.57407,29.6313
0.0488388,0.23756,0.0510049,5.68093,5.42332,29.6327
0.0510382,0.169713,0.0510759,2.34652,3.48984,29.6356
0.0504936,0.172239,0.0544114,3.95322,5.80643,29.6383
0.0486673,0.2267,0.0530543,5.14866,5.44512,29.6419
0.049097,0.226413,0.0577125,4.84297,4.96925,29.6439
0.0523284,0.124648,0.0743401,0.00533726,5.4718,29.6474
0.0510139,0.173456,0.0517214,2.97645,4.77747,29.6483
0.051449,0.173771,0.0640342,1.40809,4.41284,29.6533
0.0486712,0.261251,0.0522094,5.74857,5.87056,29.6551
0.0532106,0.0666339,0.0514111,0.473765,3.7335,29.6653
0.0513619,0.223503,0.0893755,0.586244,4.99261,29.6658
0.0500988,0.206534,0.051994,3.35323,4.4054,29.6671
0.0471051,0.327209,0.050327,7.86042,5.84157,29.6705
0.0529143,0.116509,0.0516909,0.160265,3.09184,29.6706
0.0521352,0.175035,0.0595655,0.055051,3.58141,29.6718
0.0479166,0.256109,0.0537145,6.37096,5.95714,29.6771
0.05268,0.114744,0.0536176,0.914612,3.69608,29.6805
0.0507498,0.240184,0.0752032,1.40513,4.28932,29.6819
0.0478861,0.302999,0.0741576,5.8461,6.42773,29.6851
0.0517594,0.204233,0.0717105,0.190745,4.44435,29.6851
0.0499864,0.183531,0.056758,3.56787,4.90417,29.6861
0.0523682,0.106295,0.0545565,1.07076,5.88836,29.6871
0.0494784,0.268773,0.0631719,3.50891,4.37892,29.6873
0.0523228,0.0923854,0.0527491,1.83824,4.23049,29.6878
0.049372,0.238294,0.0550535,4.77451,5.87529,29.6887
0.0494622,0.207215,0.0549609,4.47467,5.71137,29.6893
0.0513434,0.171347,0.0699531,1.96327,5.14317,29.6903
0.0505684,0.251152,0.0815076,1.15083,4.22133,29.6918
0.0525318,0.0761745,0.0547916,1.085,5.93732,29.6957
0.0510497,0.0984438,0.053294,3.93101,6.40095,29.6981
0.0517317,0.126992,0.067391,1.82546,5.42967,29.7039
0.0520264,0.153699,0.0798308,0.975276,5.90967,29.7121
0.0500673,0.260207,0.0742396,2.11911,5.41283,29.7186
0.0471932,0.331791,0.0700647,6.2681,6.56647,29.7193
0.0497978,0.218037,0.0593757,3.19599,4.05282,29.7232
0.0506983,0.188295,0.0554832,2.89987,3.45619,29.7236
0.0516032,0.217445,0.0838268,0.410097,5.07585,29.7242
0.0524958,0.0787512,0.0535817,1.86627,5.63068,29.7261
0.0495369,0.238987,0.0687664,3.03507,5.98241,29.7262
0.0510973,0.177326,0.086117,1.66001,6.09349,29.7264
0.0517909,0.145365,0.05456,1.40606,4.72458,29.7297
0.0499978,0.159042,0.0508316,4.40113,5.72657,29.7307
0.0490429,0.227585,0.0572434,4.11137,4.99644,29.7313
0.0470545,0.336098,0.0696514,6.61604,5.76168,29.7331
0.0521749,0.110726,0.0551155,1.27641,4.50694,29.7365
0.0487454,0.299814,0.0625978,4.21991,5.5494,29.7378
0.0498467,0.155536,0.0527123,4.51724,5.55831,29.7383
0.0483678,0.243013,0.0565379,5.11163,4.69655,29.7398
0.0502948,0.17986,0.0563431,3.18772,5.46629,29.7423
0.0518215,0.149698,0.0626736,1.76613,5.05937,29.7449
0.0520796,0.187345,0.0665177,0.0900714,4.43798,29.7454
0.0527539,0.0787945,0.0512689,1.19416,5.40955,29.7456
0.0486145,0.18827,0.0503543,6.37644,6.37968,29.7466
0.0529847,0.100209,0.0520753,0.715661,4.12971,29.7481
0.0527102,0.141694,0.0554277,0.87204,4.50914,29.7484
0.0489592,0.201806,0.057399,5.87244,6.64172,29.7516
0.051919,0.154259,0.0550586,1.37059,4.59327,29.7537
0.0526483,0.117521,0.0572701,0.219803,4.57202,29.7547
0.0502625,0.186552,0.0568039,3.89704,5.57917,29.7575
0.0497678,0.249844,0.0624704,3.09957,5.05279,29.7674
0.0494238,0.171275,0.0509982,5.76015,6.08993,29.7686
0.0463903,0.335311,0.0553838,8.81583,6.5519,29.7703
0.0518586,0.134082,0.0595247,1.60963,5.71595,29.771
0.0483519,0.254443,0.0562086,5.20879,4.44643,29.7738
0.0483331,0.242923,0.0506741,6.89551,6.49661,29.7741
0.0480028,0.284362,0.0684813,5.79846,5.84145,29.7744
0.0502443,0.238607,0.0601183,2.56735,3.01201,29.775
0.0497219,0.23461,0.0584464,3.28672,4.09503,29.7752
0.0495642,0.272037,0.0639406,3.95887,5.29975,29.7758
0.0527431,0.132335,0.0579057,0.650198,4.07745,29.7775
0.0529845,0.0852917,0.0581805,0.472139,5.96321,29.7776
0.0511313,0.162869,0.0561693,2.59027,5.50002,29.7782
0.0518293,0.162616,0.0560295,1.06038,4.78352,29.7785
0.0503951,0.274654,0.0905424,1.48779,5.25914,29.7816
0.0526479,0.125878,0.0563594,0.446569,4.06471,29.7822
0.047425,0.318011,0.0632103,6.87206,6.17815,29.7826
0.0518538,0.162,0.093905,0.976741,6.16434,29.7832
0.0489355,0.203252,0.0580931,5.37007,6.23814,29.7845
0.0518231,0.068909,0.0538424,2.90791,5.95582,29.7879
0.0492269,0.25746,0.0573613,4.59994,5.86638,29.7883
0.0493591,0.2409,0.0781579,3.22535,5.61346,29.7891
0.0499161,0.225076,0.0578501,3.65732,4.8975,29.7926
0.0480434,0.294014,0.0696018,5.85002,6.04754,29.7965
0.0522521,0.16351,0.061578,0.125165,3.46334,29.7967
0.0521745,0.0585633,0.0508299,2.48315,6.31745,29.7983
0.0517359,0.16461,0.0639597,1.40782,5.56475,29.7984
0.0461382,0.316071,0.0509312,9.65736,6.53812,29.8011
0.0529031,0.102307,0.0632464,0.824333,5.03958,29.8012
0.0502127,0.240777,0.0726935,2.54001,5.3762,29.802
0.0505238,0.181201,0.0730448,2.92982,5.68271,29.8029
0.050153,0.197839,0.0598806,3.98391,5.30251,29.8032
0.0518366,0.114671,0.0563141,1.845,3.79832,29.8034
0.0510575,0.130043,0.0634189,2.61292,5.13362,29.8054
0.0493948,0.217678,0.0565524,4.294,5.29312,29.8072
0.0504691,0.270066,0.0872297,1.04337,5.08486,29.8076
0.0517334,0.14165,0.0646948,1.44909,5.96252,29.8123
0.0509377,0.208314,0.0792781,1.29374,5.46038,29.8125
0.0450195,0.423105,0.0535807,10.8113,6.93373,29.8163
0.0505754,0.189631,0.0708155,2.01731,6.88095,29.8184
0.0482154,0.282668,0.0635,5.55868,6.87422,29.8189
0.047089,0.334527,0.0537035,7.25042,6.65783,29.8202
0.0476448,0.290072,0.0526756,6.96946,4.07026,29.8213
0.0488628,0.215909,0.053105,5.42448,5.74616,29.8215
0.0516959,0.200807,0.0862436,0.150408,5.83176,29.8217
0.0488127,0.266096,0.0695142,4.43313,6.76806,29.8218
0.0498392,0.243253,0.0958506,2.92018,6.06058,29.8222
0.0495904,0.246272,0.0654862,3.95397,5.69995,29.8254
0.0480881,0.281012,0.0699678,5.51502,6.16851,29.8257
0.0498156,0.248023,0.0979589,2.68615,6.675,29.8288
0.0526237,0.131452,0.0672866,0.669523,5.49144,29.8298
0.0501508,0.195745,0.0558663,3.75203,4.60965,29.8339
0.0454119,0.362769,0.0529878,10.8203,7.79189,29.834
0.0482516,0.301101,0.0911194,4.28077,6.75489,29.8341
0.0516565,0.18465,0.0535931,1.44502,4.38337,29.8344
0.0509207,0.231764,0.074879,1.41962,5.73269,29.8358
0.0502885,0.237868,0.0722893,2.84155,5.79854,29.8369
0.0494829,0.278783,0.0670544,3.32011,5.42844,29.8383
0.0484324,0.321992,0.0645484,4.13309,4.88577,29.8426
0.0510283,0.12324,0.0515208,3.62627,6.53485,29.8461
0.0502573,0.250345,0.0710969,2.23146,5.80684,29.847
0.0519248,0.128874,0.0575143,1.16646,5.64084,29.8487
0.0515987,0.203086,0.074223,0.981536,3.82829,29.8493
0.0478711,0.276589,0.0540744,6.98825,5.30049,29.8538
0.0514247,0.19864,0.0570148,1.0739,4.24466,29.8545
0.0530202,0.0798178,0.0626156,0.780611,5.28945,29.8558
0.0510093,0.149181,0.0627698,2.60647,5.32925,29.856
0.0496385,0.260088,0.0605666,3.32208,4.59098,29.8561
0.0480359,0.274882,0.0688942,5.97052,5.83903,29.8577
0.0507635,0.232752,0.0707061,1.06355,3.91824,29.8595
0.0523749,0.157249,0.069825,0.667106,5.0283,29.8603
0.0464344,0.340085,0.0517438,8.67588,6.56497,29.8613
0.0477923,0.26929,0.0609323,6.29099,6.93778,29.8614
0.0518225,0.112705,0.0557251,1.72928,3.15599,29.8617
0.0473366,0.357297,0.0542453,6.98727,4.05792,29.863
0.0496763,0.202473,0.0717156,3.03054,5.49228,29.8636
0.0493191,0.264416,0.0733007,3.67979,5.98393,29.8643
0.0456297,0.403726,0.0545297,9.68489,6.5224,29.8647
0.0521478,0.13886,0.0519093,1.95701,5.13661,29.866
0.0503762,0.170884,0.0532626,3.81599,4.776,29.8683
0.0488639,0.324858,0.0841095,3.71519,5.22219,29.8698
0.0520057,0.176547,0.0805781,0.00196862,5.40182,29.8706
0.0499712,0.20441,0.0534614,3.89153,4.17594,29.8735
0.0502078,0.23782,0.0740335,2.0344,5.32243,29.8761
0.0474761,0.302967,0.0540113,6.45493,4.57491,29.8774
0.0529674,0.108731,0.0509232,0.0116595,4.53999,29.8778
0.0450044,0.405758,0.0603312,10.073,7.45798,29.8786
0.0480555,0.323544,0.0974683,4.04984,6.8603,29.88
0.0502124,0.18489,0.0551989,3.40682,4.74051,29.8813
0.0515857,0.181296,0.0606254,1.74688,5.87791,29.8815
0.0523844,0.154714,0.0684373,0.93051,5.17517,29.8831
0.0492173,0.327749,0.107268,2.24128,5.95296,29.8835
0.0478322,0.296394,0.0580772,6.25134,6.50083,29.8857
0.0521119,0.132233,0.092759,0.847031,6.71483,29.8859
0.0494815,0.248264,0.0502838,4.7512,5.66565,29.8864
0.0503462,0.266948,0.100508,1.33599,5.73996,29.8888
0.0506872,0.128906,0.0504279,3.75652,4.61356,29.8892
0.0505174,0.163428,0.058663,3.19993,6.12964,29.8907
0.048716,0.29706,0.0579358,4.18812,4.86202,29.8911
0.0506328,0.137202,0.0507845,3.00891,4.58974,29.8916
0.0498335,0.321592,0.137582,1.00314,6.80911,29.8927
0.0522659,0.127682,0.0521093,1.03324,5.55681,29.8932
0.0495083,0.236138,0.0792105,3.42181,6.36143,29.8948
0.0514896,0.205554,0.0951193,0.455406,5.38744,29.8956
0.0507157,0.243877,0.068109,1.17947,3.46937,29.8958
0.0496345,0.340678,0.149224,1.86613,6.05982,29.896
0.0497288,0.212849,0.0757594,3.40744,6.63715,29.8963
0.045802,0.355934,0.0551798,9.18724,6.96005,29.8965
0.0508225,0.28758,0.123265,0.505057,6.19774,29.898
0.0524754,0.0691536,0.0605255,1.67343,6.24596,29.8983
0.0514648,0.194322,0.0612155,1.73035,4.53437,29.899
0.0511809,0.118258,0.0592253,2.55012,5.37985,29.8998
0.0461199,0.325647,0.0555905,9.4528,7.41414,29.9
0.0468488,0.358345,0.059994,7.22982,6.67094,29.9002
0.0489635,0.312984,0.082529,3.05206,5.65766,29.9008
0.0453729,0.399927,0.0556281,9.89664,5.82301,29.903
0.0463668,0.307215,0.0506489,9.90807,7.69142,29.9034
0.0516132,0.181062,0.0629255,1.70944,5.18041,29.9038
0.0511066,0.153201,0.061672,2.37527,5.48638,29.904
0.0509227,0.277006,0.109153,0.343365,5.52481,29.9042
0.04764,0.328989,0.0548233,6.89705,5.28531,29.9046
0.0481235,0.30577,0.054516,5.34784,4.27642,29.9047
0.0528732,0.115888,0.0592792,0.316132,5.53163,29.9051
0.0512,0.132503,0.0559053,2.94316,4.87521,29.9062
0.0510278,0.183103,0.0781977,1.55763,5.88529,29.9065
0.0516141,0.186046,0.101374,0.722343,6.16372,29.9066
0.0505503,0.31099,0.140736,0.621319,6.52921,29.9071
0.0432691,0.500369,0.0538326,13.5108,7.11979,29.9086
0.0501058,0.166089,0.0511019,4.02306,6.99269,29.9087
0.0476046,0.25575,0.0570849,7.38169,7.68416,29.9092
0.0507944,0.143031,0.0566222,3.12537,6.04767,29.9092
0.0506817,0.290266,0.12467,0.151402,5.61557,29.9099
0.0497503,0.32881,0.140491,1.58023,6.34544,29.9102
0.0477393,0.274871,0.0531876,6.40005,5.90422,29.9108
0.0523506,0.075134,0.0505349,1.52938,3.22815,29.9127
0.0474653,0.342359,0.0842527,5.94706,6.51984,29.9142
0.0498932,0.2673,0.0829498,2.95832,5.35612,29.9143
0.0498913,0.247007,0.0939594,2.9154,6.90366,29.9152
0.0476135,0.297083,0.0507715,6.45416,4.39105,29.9157
0.0473706,0.34252,0.0645592,6.67983,6.4728,29.9166
0.0494532,0.20676,0.0638201,4.91877,6.16505,29.9177
0.0512552,0.15803,0.0580994,2.83982,5.79868,29.9192
0.0436995,0.482216,0.0534623,12.4978,6.10291,29.9196
0.0501527,0.227862,0.0802861,2.74355,6.67274,29.9199
0.0527788,0.0992275,0.0591726,0.536936,5.86892,29.9209
0.0494029,0.178981,0.0512502,5.73256,6.03813,29.9229
0.0513577,0.150331,0.0784233,1.84786,5.29565,29.9244
0.050679,0.156565,0.0562774,3.59906,6.09953,29.9248
0.048627,0.267524,0.0819782,4.24474,6.62788,29.925
0.0485022,0.310067,0.0719455,4.83185,5.68912,29.9259
0.0459471,0.338784,0.0568301,9.32092,7.26742,29.9273
0.0460268,0.339067,0.0564383,9.86027,7.3562,29.9289
0.049334,0.253524,0.0506397,4.99223,5.84488,29.929
0.0435798,0.490818,0.0560725,12.3494,6.19885,29.9328
0.0465083,0.363981,0.063355,7.89547,5.44944,29.933
0.0527554,0.0925973,0.0687516,0.866877,5.01867,29.9335
0.052707,0.0911437,0.070781,0.903357,5.07277,29.9372
0.049736,0.302196,0.0797775,2.66634,5.39448,29.9388
0.046126,0.40402,0.0853346,7.38004,7.71344,29.9391
0.0520757,0.165821,0.0798431,0.484817,5.39357,29.9395
0.0495133,0.247799,0.07065,3.49578,5.07784,29.9395
0.0474452,0.300166,0.0548402,6.08461,4.53275,29.94
0.0511214,0.171194,0.0855103,1.54266,6.12515,29.941
0.0459631,0.342413,0.0576557,9.21063,7.60811,29.9414
0.0431223,0.521506,0.0548037,13.858,7.55168,29.9415
0.046879,0.399862,0.0689157,6.53734,5.77719,29.9418
0.0480129,0.316868,0.0653873,5.83095,5.03195,29.9421
0.0523408,0.16329,0.0673485,0.700179,5.47796,29.9425
0.0453702,0.40484,0.0615164,9.45314,6.35946,29.9432
0.0466038,0.388593,0.0873787,6.27235,6.54959,29.9441
0.0465783,0.384305,0.0544192,7.69724,4.26515,29.9441
0.0500682,0.273339,0.0673598,2.53385,4.67387,29.9461
0.0501687,0.163771,0.0530461,3.4156,3.01613,29.9461
0.049221,0.210244,0.0635646,4.08531,5.93039,29.9465
0.0484449,0.281104,0.053432,5.66983,4.47634,29.9474
0.0492354,0.302107,0.072549,3.0574,5.65316,29.9502
0.0475106,0.303771,0.0655718,6.80348,6.99045,29.9507
0.0481931,0.322157,0.0852864,4.33542,6.79747,29.9518
0.0487386,0.252179,0.0642453,4.67253,4.56906,29.9519
0.0445453,0.420769,0.0564271,11.765,7.44247,29.952
0.0450339,0.401829,0.0588599,10.4613,7.22803,29.9527
0.0482143,0.229444,0.0607873,6.68407,7.3883,29.9539
0.0508294,0.164393,0.0591175,2.5167,5.18471,29.9545
0.0438979,0.464689,0.0548362,12.5234,7.88312,29.9551
0.0529598,0.119153,0.0546697,0.68845,5.97566,29.9558
0.0483251,0.250391,0.0639442,5.46612,5.64194,29.958
0.0514767,0.175295,0.051522,1.79366,2.55371,29.9585
0.0481051,0.275838,0.0502868,6.90322,5.14341,29.9586
0.0515265,0.149624,0.0605235,1.41336,3.69525,29.9588
0.0464272,0.372794,0.0632988,7.67354,5.64297,29.9589
0.0454239,0.443928,0.0513776,9.6491,5.34013,29.9611
0.0516354,0.189036,0.0931717,0.586985,5.86059,29.9618
0.0473076,0.359169,0.0660844,6.47263,6.80034,29.9627
0.0479971,0.330539,0.0692099,5.14175,6.61973,29.963
0.0457545,0.376001,0.0553302,9.35941,7.47612,29.964
0.0488449,0.322967,0.0746548,3.48988,4.15925,29.9648
0.0474419,0.266272,0.0608987,7.98637,7.51731,29.9664
0.0480813,0.280152,0.0672792,5.1936,5.92149,29.9689
0.0517825,0.103071,0.0565185,2.27616,6.70418,29.9694
0.0483873,0.291827,0.0608489,5.49406,6.1528,29.9697
0.052051,0.144807,0.0927545,0.521242,6.47667,29.97
0.0504292,0.178877,0.0785871,2.13913,5.8724,29.9709
0.049112,0.350323,0.102016,2.89933,5.9781,29.9711
0.0487509,0.234314,0.0508113,5.46657,4.14623,29.9734
0.0512664,0.133154,0.0630085,2.14015,6.13016,29.9744
0.0453834,0.380378,0.0515834,10.8173,7.13774,29.9753
0.0488097,0.298133,0.0991299,3.39566,6.18682,29.9753
0.0442248,0.417701,0.0515519,12.0149,7.18545,29.9759
0.0450207,0.434103,0.0706051,9.31236,6.73593,29.977
0.0497795,0.235774,0.06148,3.94544,4.7686,29.9773
0.0528547,0.0956232,0.0673148,0.740981,5.07909,29.9781
0.0513521,0.149656,0.085269,1.89941,6.12932,29.9784
0.0489313,0.325693,0.0722147,3.03594,4.47041,29.9788
0.048881,0.367465,0.139914,2.99829,6.24751,29.9794
0.048823,0.229145,0.0600298,5.85426,6.42774,29.9795
0.0484648,0.276335,0.0589755,5.43348,6.79438,29.9795
0.0493503,0.246449,0.0565515,4.19251,5.76584,29.98
0.0507356,0.145734,0.0530999,3.28288,6.49747,29.9804
0.052881,0.107434,0.0589558,0.512458,5.96493,29.9807
0.0457594,0.37302,0.0594296,9.36223,7.05283,29.9809
0.0445807,0.47579,0.0610755,10.0798,6.5229,29.981
0.0517365,0.184323,0.0731853,0.13448,3.57291,29.9815
0.0478,0.325547,0.0666167,5.83677,5.3305,29.9831
0.0519211,0.200034,0.0614775,0.0715518,3.92189,29.9841
0.0481998,0.265783,0.0714863,5.38257,6.43814,29.985
0.0465303,0.278151,0.0538323,9.87468,8.01272,29.9859
0.0517342,0.176499,0.0994965,0.824189,6.02696,29.9866
0.0489812,0.353524,0.114105,2.45987,5.46527,29.9877
0.0486316,0.231251,0.0701043,5.69256,7.89688,29.9895
0.0505973,0.311012,0.134579,0.956551,6.64771,29.9911
0.0479891,0.346515,0.0581101,5.24321,5.79028,29.9926
0.0501357,0.195469,0.0686285,3.32559,6.34953,29.9929
0.048403,0.336083,0.0658158,4.86812,4.00545,29.9931
0.0485127,0.270505,0.0564537,5.00576,6.9437,29.9936
0.0494283,0.293391,0.0639528,3.5771,5.94961,29.9941
0.043533,0.508078,0.0603343,12.9924,7.39037,29.9942
0.0482864,0.267164,0.0683088,5.52972,6.75381,29.9954
0.0528846,0.137046,0.0506392,0.761648,4.02762,29.9959
0.0521047,0.135936,0.0726132,0.507044,4.38092,29.9967
0.0515966,0.131327,0.0812131,1.17834,6.55596,29.998
0.0468485,0.273747,0.0531953,8.72238,6.13411,29.9989
0.0489961,0.226825,0.0513516,5.11749,5.13754,29.9999
0.0498587,0.260424,0.0902114,2.12871,6.55955,29.9999
0.0513512,0.0617187,0.0523735,3.25661,6.65526,30.0001
0.0513362,0.140232,0.0717704,1.60775,4.53328,30.0002
0.0478482,0.218668,0.0545821,7.64593,7.95372,30.0002
0.0503705,0.178849,0.0546521,3.90667,6.90298,30.0005
0.0481837,0.294637,0.064604,5.56216,6.1702,30.0005
0.0526726,0.113972,0.0611985,0.931931,5.0313,30.0006
0.05163,0.187881,0.0888436,0.466077,5.20199,30.0024
0.0527523,0.0842604,0.0630519,0.146392,5.59097,30.0025
0.0498311,0.295821,0.0751218,2.06142,5.61902,30.0027
0.0493461,0.238691,0.0627889,4.75715,6.90057,30.0028
0.0476437,0.330454,0.0889564,5.55043,7.96931,30.0033
0.0486658,0.264753,0.0572839,5.30683,6.41249,30.0037
0.0524337,0.115636,0.080703,0.0920637,6.38244,30.0038
0.0451076,0.413181,0.0557999,10.8112,7.50241,30.0081
0.0475201,0.31813,0.055404,6.12268,4.21184,30.0084
0.0477783,0.320793,0.0773287,5.46574,6.54269,30.0096
0.0465559,0.380859,0.0542543,7.27772,4.9299,30.0099
0.0464353,0.319431,0.0568664,8.9308,6.73628,30.0105
0.0458694,0.34032,0.0561934,9.98885,6.94074,30.0108
0.0463202,0.3358,0.0606528,8.3804,6.3523,30.0111
0.0430089,0.526601,0.0593457,13.0477,7.55663,30.0118
0.0470313,0.359982,0.0705705,6.83588,6.98876,30.0118
0.0459253,0.421881,0.0932202,7.70979,7.37103,30.0126
0.0458287,0.347155,0.058889,9.42015,7.46351,30.0131
0.0447439,0.446011,0.0641683,10.4421,7.42077,30.0137
0.0514598,0.213996,0.0787986,0.563598,3.47203,30.0143
0.048046,0.236584,0.0547565,6.70297,5.79063,30.0151
0.0491683,0.19022,0.0564755,5.47303,7.19126,30.0152
0.0508827,0.179333,0.069248,2.40708,6.62101,30.0178
0.0463095,0.387867,0.077519,7.88822,7.91703,30.0184
0.0473144,0.320422,0.050921,7.53321,6.42748,30.0185
0.0513829,0.169068,0.0629031,1.44948,3.3329,30.0189
0.0472901,0.353303,0.0944839,5.66329,6.8702,30.0192
0.0504844,0.239441,0.104796,1.84463,6.10214,30.0199
0.0512846,0.172077,0.0644149,1.89306,3.60116,30.0216
0.0490185,0.199918,0.0530735,5.54078,5.73433,30.0219
0.051395,0.13157,0.059063,2.72255,6.19911,30.0219
0.0458543,0.304949,0.0531121,10.6561,8.0103,30.0222
0.0463506,0.385988,0.0519568,8.01596,6.09088,30.0224
0.0526338,0.113781,0.0515288,0.627115,2.45349,30.0225
0.0468738,0.381864,0.0716668,6.19276,5.41366,30.0233
0.0474022,0.334022,0.0509756,6.34279,3.34798,30.0234
0.045285,0.441453,0.0845232,8.26534,6.90257,30.0238
0.0447475,0.458739,0.0625712,10.0909,7.54936,30.024
0.0477222,0.35242,0.0729869,5.01819,6.04192,30.0243
0.0518576,0.169419,0.0565993,1.20947,5.34298,30.0255
0.0487721,0.208181,0.0620196,5.91558,6.26506,30.0256
0.0485681,0.276641,0.0691254,4.66665,5.99543,30.0258
0.0468512,0.322865,0.071555,7.73986,7.04008,30.0266
0.0445271,0.459508,0.0685506,10.5576,7.54133,30.0266
0.0460297,0.377736,0.0670864,8.5471,7.84105,30.0275
0.0478991,0.326713,0.0705587,5.45887,6.78235,30.0285
0.0450903,0.443312,0.0698353,9.72972,7.52788,30.0293
0.0514141,0.16672,0.073124,1.39268,6.94482,30.0296
0.0478795,0.294054,0.0519559,6.54811,6.02691,30.0299
0.0481217,0.255318,0.0609272,6.9897,7.37938,30.0303
0.0478024,0.297592,0.0534603,6.69477,6.48812,30.0314
0.0500687,0.275396,0.069086,2.25536,5.60005,30.033
0.0517657,0.171848,0.0920453,0.715069,6.2162,30.0336
0.0479718,0.343437,0.054443,5.00769,4.05789,30.0339
0.0510957,0.153805,0.0656007,2.952,6.9201,30.0349
0.0469177,0.38062,0.064682,6.52261,4.0431,30.0351
0.0507754,0.151439,0.0508492,3.09033,6.8045,30.0353
0.0517779,0.160323,0.0936349,0.132971,5.20192,30.0354
0.0477545,0.335006,0.0713187,5.21945,5.02327,30.0358
0.0512902,0.185764,0.0551237,1.96871,2.87706,30.0361
0.0449874,0.476783,0.0650574,9.76789,6.0552,30.0361
0.0483733,0.332717,0.0787634,4.16162,6.08338,30.0368
0.0477218,0.264407,0.0596175,6.30341,5.53964,30.0372
0.0479637,0.246596,0.0572177,6.36728,6.83122,30.0384
0.045914,0.372121,0.0504514,9.25297,7.77457,30.0385
0.0486338,0.322651,0.0599746,4.97111,4.04235,30.0389
0.0479424,0.373677,0.0938074,4.16485,6.92037,30.0399
0.0495827,0.355926,0.140763,1.28859,6.80096,30.042
0.0514928,0.16673,0.0630038,1.782,5.75529,30.0431
0.0527474,0.0725642,0.0540363,1.76157,5.14757,30.0432
0.0442626,0.446879,0.0626121,11.6861,7.37562,30.0432
0.047504,0.322122,0.0503833,6.4894,3.95161,30.044
0.0452776,0.403492,0.0643089,9.8788,6.0986,30.0441
0.049692,0.278085,0.0916421,2.26266,5.85601,30.0445
0.0506594,0.161408,0.0527112,3.60833,6.61609,30.0445
0.0502308,0.160963,0.0695087,3.54114,6.93704,30.0446
0.050885,0.247379,0.0722068,1.53817,5.61476,30.0446
0.0490655,0.222337,0.0567999,4.76933,4.27034,30.0451
0.0445087,0.475202,0.0630996,10.8367,6.3179,30.0458
0.048981,0.325536,0.0682291,3.92839,4.57805,30.0459
0.0518304,0.0978459,0.0565831,2.11682,6.23022,30.0467
0.0525752,0.0881571,0.0698478,0.25501,4.80501,30.047
0.0484522,0.292255,0.05586,5.18071,5.55233,30.0484
0.0479786,0.324942,0.0664284,5.85807,6.5818,30.0487
0.0488628,0.282307,0.0608049,4.66353,4.81183,30.0493
0.0456513,0.377623,0.0532281,9.06283,5.15993,30.0503
0.0464534,0.37518,0.0741264,7.71527,7.40189,30.0519
0.0518599,0.202979,0.0732237,0.37096,5.54222,30.0534
0.0495143,0.306641,0.100921,2.37649,6.52403,30.0537
0.0511596,0.252246,0.0941653,0.0287066,4.88759,30.054
0.0521549,0.103009,0.0645079,1.67612,6.50197,30.0544
0.0482432,0.327195,0.0805984,4.96474,5.42169,30.0549
0.0498463,0.263937,0.0802482,2.55576,4.86197,30.0556
0.0457764,0.439863,0.064993,8.85758,6.29468,30.0565
0.0516338,0.160273,0.0529433,1.83426,2.33846,30.0571
0.0461864,0.305511,0.0564416,9.56803,7.56931,30.0571
0.0461653,0.396279,0.0742551,7.6172,6.15512,30.058
0.0494138,0.280971,0.0717959,3.48574,5.8455,30.0581
0.0509478,0.186759,0.099366,1.70467,6.77433,30.0607
0.0471811,0.381515,0.0651828,6.99521,6.84305,30.0614
0.0483612,0.20825,0.0588205,6.46918,7.03204,30.062
0.0512987,0.172729,0.0644147,1.41695,3.42759,30.0621
0.0489274,0.309013,0.0904674,3.60014,6.31105,30.0622
0.051409,0.205593,0.102204,0.901777,5.27216,30.0625
0.0484681,0.249671,0.0702083,5.8718,7.57689,30.0635
0.0479304,0.258362,0.054384,6.38639,6.61839,30.0636
0.0442467,0.454001,0.0629814,11.9909,7.07094,30.064
0.0486048,0.327353,0.0586054,4.83756,4.43355,30.0641
0.0493859,0.298934,0.0667069,3.65777,5.08739,30.0642
0.0494956,0.299033,0.103058,2.82012,6.46721,30.0649
0.0524695,0.164962,0.0554292,0.693746,4.30758,30.0654
0.0496972,0.256799,0.0702551,3.91308,6.2539,30.0656
0.0500987,0.238619,0.085107,2.48949,6.46853,30.0665
0.0507427,0.134301,0.0517571,3.4249,6.10865,30.068
0.045315,0.416015,0.0549872,9.25526,5.12228,30.0685
0.0504209,0.270105,0.10244,1.50031,6.51352,30.069
0.0513118,0.121714,0.0712915,2.42356,7.70903,30.0692
0.049999,0.227297,0.0631889,3.55081,6.47602,30.0693
0.0482308,0.388317,0.122373,3.22856,6.71214,30.0694
0.0502681,0.189024,0.0826356,2.37025,5.43984,30.07
0.0504187,0.144189,0.0629172,3.03523,6.78672,30.0701
0.0491495,0.351834,0.0992974,2.09854,5.937,30.0703
0.052416,0.132604,0.075307,0.78659,5.56221,30.0718
0.0486548,0.321373,0.113837,3.27432,7.23871,30.0722
0.0450633,0.400625,0.0558554,10.9901,7.07951,30.0732
0.0470813,0.411631,0.0889078,5.55523,5.5134,30.0742
0.0478426,0.346336,0.122558,4.52974,7.04939,30.0745
0.0504636,0.235647,0.107302,1.42708,6.52541,30.0754
0.0491355,0.241946,0.053163,4.46997,3.23133,30.0755
0.0446458,0.448295,0.0622316,10.2527,6.69778,30.0757
0.0505565,0.199231,0.0708481,2.16215,6.52031,30.0759
0.0452504,0.426162,0.0637413,9.63451,6.97659,30.076
0.0475535,0.407126,0.100303,4.87117,5.96933,30.0767
0.047272,0.333282,0.0596477,6.33254,4.02177,30.0769
0.0511124,0.251755,0.123023,0.723644,6.78593,30.0771
0.0458714,0.338607,0.0566265,9.73795,6.2463,30.0775
0.0484621,0.361389,0.108615,3.05832,6.68477,30.0782
0.0488054,0.298162,0.0668595,4.83615,6.31883,30.0784
0.0529705,0.0511165,0.0585574,0.628649,3.06859,30.0785
0.0505892,0.223293,0.122798,1.90687,7.11445,30.0789
0.0506139,0.167454,0.0518553,3.86244,6.28327,30.079
0.0504966,0.17633,0.0565282,3.22176,5.22581,30.0791
0.05225,0.114899,0.0639385,1.10787,6.28757,30.0796
0.0487358,0.292358,0.0710187,4.4252,6.85976,30.0798
0.0473553,0.428622,0.124134,4.10636,6.96036,30.0815
0.0460133,0.283062,0.0516977,10.9469,8.92931,30.0822
0.0462993,0.393531,0.0666117,7.82961,5.46395,30.0827
0.0467655,0.381807,0.0551481,7.65077,5.21131,30.084
0.0474253,0.395597,0.0707884,5.8842,5.17224,30.085
0.0505535,0.275097,0.0740314,1.63159,4.97556,30.0868
0.048566,0.30698,0.0650883,4.36895,5.34999,30.0868
0.0480562,0.328854,0.0990756,4.02395,6.11442,30.087
0.0511121,0.258293,0.0947283,0.0771017,5.06037,30.087
0.048676,0.399979,0.162454,2.59404,7.89922,30.0872
0.0444584,0.501669,0.0657458,10.9547,7.59907,30.0874
0.0489857,0.243117,0.0608378,4.79212,4.72685,30.0876
0.0522747,0.106369,0.0838413,0.263542,5.4601,30.0878
0.0510312,0.200251,0.08199,1.13729,6.8805,30.0885
0.0462761,0.434015,0.0683166,7.05583,6.26889,30.0887
0.0502901,0.298662,0.0891309,1.65643,5.2571,30.0887
0.0496499,0.310302,0.078457,2.23089,5.57035,30.0888
0.0509315,0.112873,0.0596217,3.36539,7.19936,30.0898
0.0501742,0.205988,0.0860072,2.18163,6.83015,30.0902
0.0458591,0.422259,0.0524177,8.55759,4.23824,30.0902
0.0510148,0.21245,0.0723296,1.13656,5.34336,30.0904
0.0504202,0.238102,0.130124,1.41264,7.8241,30.091
0.0473729,0.296656,0.0537084,7.56173,7.4726,30.0914
0.0456978,0.43285,0.0639346,8.94979,5.51435,30.0915
0.0468648,0.340044,0.0681842,7.91498,7.46607,30.0923
0.0466525,0.375623,0.0933184,6.51856,6.1512,30.0934
0.0487231,0.38064,0.145648,2.13433,6.12447,30.0935
0.0465664,0.342925,0.0540879,8.34823,7.31196,30.094
0.0493229,0.249768,0.0600381,4.32557,6.33633,30.094
0.0488583,0.289785,0.116845,3.77339,7.95018,30.0941
0.0464791,0.382772,0.0572379,7.93345,4.67665,30.0943
0.0475241,0.280588,0.0538858,7.06893,7.00974,30.0954
0.0496424,0.223808,0.0718773,3.22475,5.5348,30.0967
0.0444677,0.477831,0.064726,10.2917,6.89259,30.097
0.048578,0.246133,0.0652331,5.62612,7.35609,30.0981
0.0519037,0.162494,0.0959042,0.550264,6.70782,30.0988
0.0481516,0.324316,0.0550327,5.48176,4.01178,30.0992
0.0448229,0.475552,0.0530507,10.4974,6.55606,30.0998
0.0456609,0.45072,0.107376,7.8069,7.607,30.1004
0.0494079,0.264821,0.0784452,3.67875,6.25409,30.1009
0.0528138,0.0833711,0.053286,0.142468,3.93438,30.1017
0.0496393,0.295022,0.0944411,2.7161,6.71197,30.1018
0.0531161,0.0884177,0.0676496,0.485002,6.89324,30.1021
0.0464658,0.33353,0.0639396,8.06865,7.20093,30.1021
0.0505087,0.236311,0.119388,1.30172,7.51713,30.1025
0.0499867,0.163378,0.0583979,4.18603,7.68399,30.103
0.0514416,0.198274,0.11342,0.825512,6.73968,30.1032
0.0473079,0.405674,0.0769304,5.04315,5.95252,30.1038
0.0471054,0.325911,0.0589019,7.93511,6.02995,30.1038
0.047428,0.419616,0.121187,4.20801,6.79787,30.104
0.0507606,0.287283,0.126841,0.117231,6.52425,30.1041
0.0463718,0.398574,0.0722295,7.27565,6.32342,30.105
0.0477128,0.344664,0.0730753,5.06761,6.75442,30.1056
0.0462602,0.403767,0.0659201,7.75951,5.86762,30.1061
0.0510583,0.107629,0.0560844,3.98264,7.23818,30.1068
0.045778,0.474941,0.0846806,7.4398,6.29409,30.1071
0.0459803,0.376712,0.060556,8.5797,6.50495,30.1081
0.0449953,0.406999,0.0631379,10.0658,7.6322,30.1091
0.050921,0.153131,0.0658255,2.99741,6.91801,30.1094
0.0467078,0.349754,0.0667648,7.3668,7.37038,30.1095
0.0480814,0.261004,0.0594162,6.24223,7.17157,30.1096
0.046089,0.381919,0.0634245,8.95995,7.57549,30.1101
0.0520336,0.0925527,0.0524328,2.76646,6.12723,30.1104
0.0475592,0.319823,0.0548955,6.30938,4.44832,30.1109
0.0476152,0.272647,0.0570491,6.36526,4.08123,30.111
0.0522993,0.154226,0.066715,0.495895,5.0737,30.1114
0.0499114,0.239965,0.0618314,3.91186,6.63828,30.1115
0.0439961,0.521356,0.0531725,11.6186,5.47533,30.1115
0.0474629,0.283133,0.0589367,7.44447,7.44303,30.1118
0.049544,0.2207,0.0690267,3.28413,4.75,30.1123
0.0482723,0.32372,0.0805881,4.55842,5.68013,30.1124
0.0410467,0.644255,0.0546144,17.1412,8.82943,30.1128
0.047784,0.325385,0.0787691,5.71851,7.15221,30.1129
0.0476791,0.307941,0.053312,6.23441,4.40203,30.1132
0.0523329,0.1145,0.0659205,0.979949,4.85758,30.1158
0.0517361,0.145828,0.0701487,1.55028,5.01535,30.1159
0.0490731,0.209802,0.0538027,5.04895,7.06107,30.1166
0.0496191,0.194269,0.0576224,4.16692,5.4775,30.1169
0.0464036,0.411512,0.058629,7.66697,5.24519,30.1179
0.0453666,0.35819,0.0624971,10.9986,8.44493,30.1186
0.0493016,0.193465,0.0546447,5.00392,7.82607,30.1194
0.0433263,0.517613,0.0618117,12.6493,6.4868,30.1195
0.0503013,0.26444,0.115048,1.89512,6.55078,30.1198
0.0432898,0.546189,0.0658577,12.2352,7.04576,30.12
0.0481399,0.259247,0.060734,6.45337,7.92724,30.1203
0.0472393,0.378267,0.0537942,6.68246,4.56142,30.1205
0.0510739,0.168699,0.0572464,2.39154,4.85828,30.1212
0.0527786,0.130121,0.0644054,0.236794,5.9205,30.1219
0.0526514,0.0407783,0.0620188,1.9574,6.2364,30.1229
0.050376,0.18493,0.0587775,3.96447,5.68589,30.1236
0.0508462,0.120111,0.0603256,3.86287,7.69094,30.124
0.0493833,0.178387,0.0518307,5.26773,7.14381,30.1244
0.0496553,0.271603,0.113093,2.18028,7.52907,30.1249
0.0429555,0.543169,0.0631364,13.0003,8.20341,30.1249
0.0495156,0.213441,0.0636266,4.50621,6.168,30.1254
0.0447591,0.512946,0.0700111,9.69553,6.07723,30.1254
0.0515471,0.193755,0.0545962,1.36787,3.35768,30.1257
0.0481936,0.355415,0.0781751,4.44018,5.30942,30.1279
0.0490265,0.323721,0.0713287,3.63898,5.59755,30.1282
0.0508969,0.290288,0.104672,0.785623,5.18282,30.1287
0.0489624,0.269455,0.100041,3.61598,6.6309,30.1288
0.0505249,0.282252,0.0821973,1.17369,5.75033,30.1289
0.0513245,0.250294,0.0782705,0.450842,4.37881,30.1297
0.0469336,0.328466,0.0550554,7.94981,6.3389,30.1299
0.051278,0.223093,0.116298,0.108811,6.29866,30.1302
0.0527324,0.0949916,0.076206,0.9521,6.84135,30.1305
0.0502765,0.185595,0.0612106,3.69892,5.41294,30.1305
0.0505875,0.263625,0.0706461,1.95381,3.28881,30.1309
0.0515422,0.151924,0.0624257,1.11295,5.06246,30.1316
0.0467325,0.384867,0.0518513,7.0367,5.39756,30.1319
0.0465804,0.287717,0.0511604,9.65091,8.41123,30.1323
0.0446474,0.460502,0.0681985,10.2716,7.94038,30.1324
0.0494074,0.183003,0.0515512,5.56869,7.96428,30.133
0.0512053,0.114669,0.058389,2.2513,5.21738,30.1355
0.0474547,0.29391,0.070127,6.77312,6.75704,30.1365
0.0485064,0.332895,0.0739614,4.81085,6.25742,30.1367
0.0420725,0.57836,0.0575787,15.7227,8.94704,30.1369
0.0528393,0.0668239,0.0511547,1.07366,6.31248,30.1369
0.0463675,0.423872,0.105208,6.5218,7.8,30.138
0.0463646,0.448591,0.083035,6.17007,5.4252,30.1386
0.050865,0.261008,0.122904,0.0431784,5.62145,30.1387
0.0494079,0.297186,0.12377,2.56347,7.79604,30.1388
0.0473521,0.324498,0.0731286,6.04979,7.4209,30.1391
0.0472195,0.310469,0.0577623,7.46106,7.75948,30.1392
0.0464732,0.381943,0.0596559,7.2245,5.74784,30.1396
0.0507292,0.298252,0.121934,0.476605,6.81024,30.1398
0.0486423,0.301536,0.0795645,4.38229,6.02983,30.1407
0.0524595,0.0537145,0.0608643,1.06488,5.4429,30.1415
0.0451652,0.447989,0.067135,9.42562,7.58692,30.1416
0.0522545,0.121592,0.0827092,0.792532,5.96945,30.1422
0.0526153,0.107609,0.0739189,0.569212,6.21511,30.1422
0.0458072,0.451106,0.0600433,8.127,6.12933,30.1422
0.0503008,0.245157,0.0775634,2.54277,6.02033,30.1423
0.0479264,0.42252,0.161588,3.69103,7.7778,30.1424
0.0506777,0.303884,0.124285,0.646367,6.02367,30.1432
0.0455444,0.355358,0.0553058,10.2939,8.21,30.1437
0.0483874,0.284094,0.0831097,4.72178,5.04437,30.1441
0.0459865,0.384612,0.0660017,8.11524,6.62751,30.1444
0.0487554,0.281334,0.0675627,4.40129,6.80383,30.145
0.0512148,0.113163,0.0587906,2.25734,5.14174,30.1452
0.0477662,0.292823,0.0603872,6.1272,7.34443,30.1453
0.0470184,0.34365,0.0569209,7.27523,7.86102,30.1457
0.0488744,0.320264,0.0938268,3.4815,6.16426,30.146
0.0515855,0.109153,0.0619245,2.57345,6.52271,30.146
0.0504405,0.233941,0.0711791,2.50131,5.71392,30.1461
0.0422995,0.586164,0.0616769,14.4977,7.98169,30.1465
0.0457307,0.452955,0.0640826,8.59869,6.95252,30.147
0.0476582,0.314898,0.0583524,6.19312,5.24136,30.1472
0.0443522,0.496884,0.0704232,10.3484,7.92633,30.1478
0.0496166,0.21193,0.0558429,4.35358,5.65613,30.148
0.0485315,0.274788,0.0784851,4.68272,6.89927,30.1482
0.0499674,0.218513,0.0904562,2.42393,5.81704,30.1487
0.0485983,0.316575,0.0579903,4.61447,4.75531,30.1494
0.047593,0.400972,0.102132,4.41464,5.12767,30.15
0.0528237,0.0871932,0.068099,0.311416,6.72135,30.1503
0.0476579,0.271587,0.0508007,7.55988,7.03247,30.1507
0.0510457,0.174565,0.0761946,1.49413,4.37901,30.1515
0.0463975,0.440019,0.0819132,6.66049,5.77842,30.1516
0.045902,0.464796,0.0774211,7.7256,6.25293,30.1518
0.0512764,0.128097,0.0712364,2.63713,7.34653,30.1522
0.0495759,0.29409,0.0974107,2.76,5.88276,30.1523
0.0483937,0.244349,0.0547357,6.6093,7.41056,30.1527
0.046794,0.34824,0.0723805,7.92838,7.5431,30.1534
0.0494626,0.27545,0.0721319,3.3145,6.42674,30.1535
0.0484629,0.356744,0.0873296,3.42336,4.58874,30.1535
0.0508549,0.268356,0.127457,0.550046,5.33276,30.1536
0.0497665,0.170865,0.061314,4.88633,7.78696,30.1536
0.0448552,0.423031,0.0603052,10.9999,6.01582,30.1542
0.049399,0.313858,0.102987,2.78298,6.92853,30.1543
0.0507959,0.238367,0.0785428,1.76367,4.32563,30.1548
0.0451788,0.439029,0.0607471,9.14063,6.409,30.1556
0.0470252,0.380005,0.123052,5.92397,7.94376,30.1566
0.0487683,0.194224,0.0524047,6.57865,7.15867,30.1567
0.0524287,0.162576,0.0627177,0.681051,4.22012,30.157
0.0528956,0.0418189,0.0513604,1.61652,6.84847,30.1574
0.047763,0.294079,0.0693814,6.13663,7.95895,30.1574
0.043533,0.451062,0.0570803,13.6507,8.55117,30.1581
0.0518098,0.158529,0.0693263,1.00394,6.74666,30.1586
0.046271,0.401304,0.0772447,7.32576,7.04391,30.1597
0.050927,0.227529,0.0878563,1.44583,6.33612,30.1598
0.0525849,0.0974497,0.0754605,0.115507,6.15542,30.16
0.0479831,0.340743,0.0897503,4.43745,5.78052,30.1601
0.0515747,0.103883,0.0524714,2.99257,4.02512,30.1605
0.0499177,0.207216,0.0736092,3.06207,6.68946,30.1609
0.0485949,0.327736,0.11137,3.73549,6.24906,30.1613
0.0501723,0.212263,0.08218,2.72075,6.04577,30.1613
0.0471758,0.289602,0.0502677,7.65487,4.49552,30.1614
0.0499563,0.224595,0.0840955,2.28231,5.38087,30.1615
0.0478619,0.319152,0.0707493,5.41027,5.89562,30.1617
0.0485475,0.248637,0.0651248,5.17694,7.54045,30.1628
0.0468581,0.379093,0.0735693,6.57696,6.43408,30.1637
0.0494297,0.269062,0.0751143,3.17711,6.32915,30.1642
0.0515289,0.201514,0.090339,0.934528,4.71457,30.1645
0.0484993,0.341273,0.122299,3.84776,7.45825,30.1648
0.0525443,0.139265,0.0591914,0.536303,3.37457,30.1655
0.0487243,0.350335,0.075898,3.26863,4.4674,30.1658
0.0514971,0.164031,0.0711036,1.33511,6.84982,30.1662
0.0516042,0.0954642,0.0523324,2.00646,4.15438,30.1673
0.0505261,0.237631,0.11619,1.05378,7.08498,30.1676
0.0464744,0.434561,0.0830124,6.74137,5.29969,30.168
0.0485949,0.321022,0.111211,3.76852,6.28358,30.168
0.0496994,0.242442,0.0781768,3.88809,6.34681,30.1687
0.0470253,0.332654,0.079052,6.03013,6.171,30.1688
0.0463343,0.35437,0.0602957,8.6893,6.22238,30.1694
0.0505812,0.312628,0.14553,0.806644,6.05621,30.1695
0.044711,0.351998,0.0522056,12.0463,9.67586,30.1709
0.042184,0.501145,0.0507882,16.8312,8.48863,30.1715
0.0474297,0.359861,0.0945832,5.25176,7.04336,30.1716
0.0492364,0.186917,0.0589037,5.67318,7.06615,30.1718
0.0434739,0.518763,0.0656567,12.3848,8.28009,30.1732
0.0443298,0.522778,0.112371,9.60247,8.07429,30.1732
0.0512182,0.141154,0.0683051,2.52277,6.37229,30.1733
0.0515229,0.142324,0.0586764,1.20374,3.24874,30.1734
0.0503688,0.244558,0.075849,2.9187,6.12622,30.1735
0.0499116,0.186892,0.0560481,3.67675,3.91373,30.1737
0.0531356,0.0642973,0.0655422,0.18953,5.86227,30.1738
0.0525056,0.0862369,0.0622219,1.88438,6.38839,30.1738
0.0512663,0.184326,0.0586298,1.30683,2.12654,30.1745
0.0453586,0.414224,0.0644141,9.07723,6.20089,30.1745
0.0431516,0.5639,0.0687389,12.0064,7.93407,30.1757
0.0461849,0.386227,0.0557535,8.04096,5.45723,30.1771
0.0444253,0.436078,0.0629681,11.4665,8.60059,30.1775
0.0496777,0.132629,0.0536294,5.54078,7.55841,30.1775
0.0474246,0.384615,0.0857713,5.61757,6.63864,30.1777
0.0520137,0.148255,0.0602195,1.19032,5.66362,30.178
0.042267,0.538635,0.0531251,15.6917,7.6818,30.1782
0.044991,0.442362,0.0556195,10.3127,7.41461,30.1783
0.0476641,0.299079,0.0602208,6.40046,5.96239,30.1784
0.0522502,0.0919997,0.0593042,1.0374,6.37537,30.1796
0.0468881,0.426452,0.0954157,5.25704,5.00659,30.1796
0.0513357,0.182682,0.0818098,1.47228,6.32162,30.1796
0.0467663,0.377841,0.0775323,6.57598,5.73762,30.1798
0.0423615,0.561922,0.0619695,14.5807,7.18218,30.18
0.0470186,0.276875,0.0577964,8.14749,8.43997,30.1803
0.0472708,0.377517,0.0850999,5.97612,5.91306,30.1806
0.048842,0.271525,0.0768352,4.30587,6.63002,30.1806
0.0472835,0.338935,0.0728679,6.45096,6.48288,30.1807
0.0439662,0.521031,0.0636544,11.1559,7.7923,30.1807
0.0498148,0.296025,0.0848194,2.33124,6.1857,30.1809
0.0467026,0.391388,0.0746824,6.61729,5.29555,30.1814
0.0502087,0.217266,0.054892,3.18324,6.18309,30.1817
0.0440166,0.458748,0.0539788,12.7954,8.13639,30.1824
0.0490109,0.327483,0.0843979,3.72964,6.97657,30.1824
0.0438745,0.502375,0.0614749,11.8302,6.9276,30.1826
0.04134,0.649495,0.059766,16.0439,8.11716,30.1831
0.0481812,0.292615,0.0784601,5.43333,7.44835,30.1832
0.047914,0.4301,0.156809,3.47943,7.49319,30.1837
0.0462712,0.426836,0.0588054,7.42196,4.86652,30.1854
0.053251,0.0555702,0.0530451,0.507648,5.27966,30.1864
0.050106,0.22271,0.102425,2.7913,7.81614,30.1864
0.0437618,0.477152,0.0626871,12.0099,8.26221,30.1865
0.0482387,0.283147,0.0736238,5.6434,7.53595,30.1867
0.0430973,0.587834,0.0638376,12.0602,6.86297,30.1868
0.0445326,0.412598,0.0664323,11.5843,8.4117,30.1868
0.0467347,0.371454,0.0938165,6.73955,7.28916,30.1872
0.0530455,0.0812225,0.0672208,0.457756,5.72941,30.1872
0.0431645,0.502877,0.0622449,13.444,8.53243,30.1877
0.0481056,0.337166,0.0796204,4.01578,5.55415,30.188
0.0491344,0.288101,0.051978,4.82584,5.70884,30.1885
0.0443932,0.509654,0.0703792,10.5019,7.02348,30.1888
0.0506847,0.30148,0.153874,0.933003,7.78657,30.1888
0.0470479,0.389482,0.131146,5.36245,8.48466,30.1888
0.0455563,0.4509,0.0735002,8.45891,6.63095,30.1889
0.0423927,0.592015,0.054176,14.9288,6.96509,30.1893
0.0483844,0.307416,0.085447,4.40339,6.19045,30.1898
0.0522789,0.0821739,0.0520035,1.23182,3.5628,30.19
0.0428259,0.535902,0.0516914,14.7349,8.08922,30.1903
0.0472443,0.358334,0.065348,6.66708,5.2532,30.1905
0.0419869,0.592698,0.0530923,15.5585,7.87844,30.1909
0.0494185,0.327987,0.105532,2.28245,6.89524,30.191
0.0468397,0.355561,0.0638401,7.78494,6.96113,30.1911
0.0421602,0.609147,0.0698589,14.6652,8.36514,30.1911
0.042557,0.489559,0.0540712,15.1964,8.41173,30.1912
0.0482559,0.32312,0.0881652,4.01614,6.29087,30.1917
0.0500537,0.17864,0.0661935,3.18804,5.08086,30.1923
0.048193,0.395938,0.106586,3.58303,5.85445,30.1923
0.0454663,0.443873,0.0824498,8.15691,7.76652,30.1923
0.050058,0.293043,0.131408,1.90465,6.03645,30.193
0.0470943,0.374968,0.053911,6.86142,3.53841,30.1931
0.0515151,0.197568,0.11039,0.367798,6.03185,30.1935
0.0474627,0.356726,0.0939017,5.37688,7.36988,30.1936
0.0513392,0.200134,0.119972,0.153429,6.32429,30.1937
0.0522486,0.104719,0.0516133,1.55001,3.70892,30.1939
0.0448122,0.47282,0.0815527,9.98417,7.70285,30.1939
0.0495607,0.27727,0.0710458,3.94805,6.003,30.1941
0.0468684,0.285344,0.0622009,8.01175,8.0906,30.1944
0.0499388,0.306377,0.141537,1.22393,6.86527,30.1946
0.0483021,0.318963,0.0737559,4.85861,4.83303,30.1949
0.0479356,0.324999,0.076778,5.11817,6.77056,30.1952
0.0488897,0.310059,0.0812125,3.30445,4.18202,30.1954
0.0506504,0.204842,0.0968895,1.60547,5.62552,30.1957
0.0497447,0.346425,0.149331,1.88645,7.5036,30.1957
0.0501368,0.314048,0.105314,1.65414,6.7783,30.1957
0.0505214,0.227516,0.0700761,2.07006,6.44818,30.1961
0.0503624,0.13775,0.0513711,4.97704,6.41909,30.1962
0.0506031,0.31257,0.116767,0.268916,5.10793,30.1963
0.0479143,0.390126,0.0832372,4.75225,5.51674,30.1964
0.0503901,0.237356,0.11797,1.72154,6.6229,30.1964
0.0512322,0.227685,0.0654098,1.19693,5.75968,30.1965
0.0522769,0.0706742,0.0571885,1.37772,5.43558,30.1975
0.0488969,0.378697,0.149612,2.37604,7.70141,30.1981
0.0450941,0.464911,0.0891798,8.91685,6.20907,30.1985
0.0464591,0.397039,0.0767145,7.92511,7.62708,30.1985
0.0480483,0.372528,0.0698587,4.77692,4.04079,30.1985
0.0476254,0.287361,0.0753986,6.47523,7.51614,30.1986
0.051357,0.129624,0.0502404,2.53283,3.90747,30.1987
0.0448122,0.458758,0.0828504,9.82818,7.94467,30.1991
0.0498695,0.262546,0.0937762,2.87458,6.52342,30.1993
0.047815,0.308516,0.05675,6.52937,7.82431,30.2002
0.0468242,0.393396,0.0635172,6.03526,4.7436,30.2003
0.0519127,0.195531,0.0909483,0.425003,6.65461,30.2008
0.0495022,0.321168,0.0819371,2.7101,4.10651,30.2013
0.0456562,0.431035,0.0753278,8.68745,7.55189,30.2017
0.0418887,0.599561,0.055918,15.076,7.90402,30.2023
0.0446467,0.494773,0.0853749,9.49903,7.25575,30.2024
0.0515646,0.172167,0.0996419,0.163792,5.19189,30.2031
0.0515103,0.19054,0.113944,0.246177,6.00957,30.204
0.0442687,0.433606,0.0529588,11.083,5.1425,30.2049
0.0452225,0.365916,0.0575678,10.0549,7.08688,30.2052
0.0481381,0.253057,0.0629699,6.91554,7.78661,30.2057
0.0507294,0.220177,0.10374,1.39393,7.14668,30.2069
0.0500483,0.272579,0.0802739,2.1091,6.96423,30.2069
0.0460899,0.447878,0.140538,6.82115,8.42268,30.2075
0.0431019,0.58044,0.0676426,12.7413,7.25317,30.2093
0.0435071,0.581045,0.0746669,11.2889,7.84512,30.2093
0.0511493,0.269276,0.103236,0.993365,6.28748,30.2095
0.0455086,0.431936,0.0678316,8.10521,5.98693,30.2095
0.0476404,0.306038,0.0635996,6.40918,7.06839,30.2105
0.0450333,0.487322,0.10823,8.13632,8.92333,30.2112
0.0485196,0.324657,0.0721464,4.33457,5.29817,30.2114
0.0480755,0.344754,0.0553887,5.46588,5.85689,30.2115
0.0457223,0.411962,0.0712196,8.36853,6.37897,30.2119
0.05,0.256805,0.0909071,2.79791,6.74329,30.2122
0.0470339,0.413689,0.100304,5.54954,6.43285,30.2122
0.0459305,0.435284,0.0882453,7.48623,7.61709,30.2122
0.048568,0.258251,0.0537498,5.32023,4.18063,30.2129
0.0431711,0.505373,0.0597551,13.285,8.11821,30.2129
0.0465011,0.381388,0.0793688,7.23647,7.57218,30.2134
0.0465496,0.39857,0.094828,6.28935,7.98927,30.2136
0.0438885,0.523645,0.0629338,11.2356,6.69803,30.2136
0.0435825,0.52871,0.0794366,11.0447,7.11512,30.2139
0.0493921,0.333737,0.10466,2.9954,6.64851,30.2141
0.0474721,0.364107,0.0724896,5.93868,4.3838,30.2144
0.0448925,0.49963,0.0710415,9.37362,7.71638,30.2144
0.0469568,0.295257,0.0585595,7.9806,5.5589,30.2146
0.0479489,0.205643,0.0502458,7.82377,7.2328,30.2147
0.0487167,0.193811,0.0539529,6.70586,7.79322,30.2148
0.0512685,0.252021,0.100016,0.270821,6.5524,30.2155
0.0439326,0.557122,0.0775418,10.7531,6.30721,30.2161
0.0512882,0.244401,0.101704,0.055517,5.7841,30.2161
0.0490485,0.35217,0.116578,2.84827,6.58085,30.2163
0.0452971,0.403474,0.0724409,9.72035,7.3928,30.2164
0.0490023,0.30653,0.0842446,3.23315,6.15289,30.2167
0.0434223,0.486924,0.0532853,13.7363,7.18748,30.2172
0.0464802,0.422141,0.0892477,6.83959,6.6762,30.2172
0.0490503,0.323548,0.077625,3.52156,5.1654,30.2178
0.0467767,0.408625,0.0898179,6.04475,7.94534,30.2179
0.0476325,0.372039,0.130269,4.78563,7.13673,30.2182
0.0484341,0.380863,0.0892559,3.41401,5.40195,30.2182
0.0504696,0.191888,0.0913397,2.27123,7.3883,30.2182
0.0471543,0.282418,0.0564241,7.87677,5.60822,30.219
0.0495662,0.303309,0.0957029,2.05347,5.28418,30.2191
0.0513925,0.202248,0.104993,0.896959,5.91484,30.2192
0.0449145,0.467188,0.0679173,9.88997,6.78102,30.2192
0.0515775,0.167526,0.0556475,1.25856,4.43586,30.2195
0.0532209,0.0662921,0.0629998,0.535896,6.67936,30.2196
0.0486668,0.3252,0.107147,3.6464,6.71963,30.2201
0.0507335,0.211466,0.0947299,1.48377,5.65753,30.2203
0.0442176,0.51008,0.0508944,11.8405,6.59114,30.2204
0.0461422,0.438528,0.140694,6.59517,8.73047,30.2204
0.0512886,0.25907,0.0785079,0.764386,4.81778,30.2205
0.0502149,0.280175,0.121514,1.09165,6.98319,30.2206
0.0439811,0.47561,0.0521913,12.4575,8.49066,30.2207
0.0480834,0.396429,0.112405,3.08975,5.63601,30.2211
0.0449485,0.481442,0.0599735,9.46642,5.46113,30.2213
0.0504446,0.210072,0.0753925,2.94202,5.83902,30.2213
0.047147,0.409219,0.0760107,5.10151,4.59196,30.2216
0.0520515,0.159344,0.0850459,0.272775,6.48825,30.2217
0.0474613,0.330367,0.0850874,5.03395,5.31506,30.2223
0.0516178,0.144539,0.0723515,1.42269,5.69306,30.2226
0.049571,0.291422,0.105236,2.87845,6.38249,30.2236
0.0505498,0.310245,0.157396,0.913905,6.2464,30.2241
0.0482935,0.370354,0.104454,3.0876,5.51654,30.2243
0.0454905,0.422659,0.0835737,8.22637,7.00149,30.2244
0.0468612,0.44497,0.0978035,5.0003,6.25746,30.2249
0.0515956,0.216591,0.105603,0.511544,6.67882,30.2254
0.0452592,0.437801,0.0632697,9.36649,7.12451,30.2256
0.0506663,0.238877,0.0535419,2.84915,4.84116,30.2258
0.0485183,0.207954,0.0594024,6.72815,8.57926,30.2258
0.0454335,0.465301,0.0802395,8.68774,7.73341,30.226
0.0492722,0.280966,0.0682871,3.95022,5.31695,30.2264
0.0482559,0.282025,0.0689784,5.35457,7.11704,30.2266
0.0520178,0.123438,0.0720044,1.04893,6.52791,30.2268
0.0474928,0.269371,0.0558688,7.6118,6.9227,30.2271
0.0498609,0.192299,0.0782551,3.47049,6.53034,30.2272
0.0463813,0.425053,0.106655,6.0213,7.28304,30.2286
0.0515628,0.0965609,0.0640571,2.51299,6.88974,30.229
0.0507458,0.273038,0.153537,0.0759636,6.71394,30.2292
0.0440214,0.443058,0.0564231,12.6042,7.13197,30.2295
0.0468326,0.322003,0.0547382,7.056,5.18085,30.2295
0.0441631,0.532442,0.0738452,10.9283,7.29468,30.2302
0.0502302,0.249342,0.0757338,2.9291,6.02045,30.2302
0.0421503,0.548703,0.0593591,15.7881,8.83782,30.2304
0.045524,0.432338,0.0765826,8.89899,7.04862,30.231
0.0456807,0.477174,0.0886219,7.00272,6.26026,30.2314
0.049093,0.290527,0.0845754,3.32568,5.44758,30.232
0.0485566,0.264878,0.0654149,5.18852,7.20287,30.2324
0.0422773,0.588833,0.0644469,14.2909,8.28838,30.2326
0.0486424,0.30267,0.0857599,4.62278,7.89742,30.2327
0.0482583,0.320517,0.095181,4.39517,7.04812,30.2327
0.0515521,0.211981,0.10683,0.885548,6.19359,30.2329
0.0438406,0.529057,0.096782,10.8441,7.18676,30.2332
0.0471796,0.453424,0.124668,4.5752,6.23157,30.2337
0.0509733,0.182298,0.0601263,2.12061,6.50499,30.2338
0.0521641,0.064234,0.054364,2.33989,7.29352,30.234
0.0469544,0.398678,0.141067,5.20044,8.03346,30.2344
0.0487587,0.370805,0.160748,2.03326,6.6335,30.2344
0.0453379,0.487597,0.0819812,8.46464,7.58566,30.235
0.0495658,0.354303,0.128087,1.43388,5.44246,30.2354
0.0495512,0.207518,0.0644477,4.28944,7.48931,30.2356
0.0480339,0.344901,0.103494,4.17095,7.43524,30.2356
0.0489002,0.20837,0.0596833,5.44259,7.56973,30.2356
0.0463578,0.443427,0.096096,6.06318,6.42846,30.2358
0.0488642,0.37667,0.145061,2.3206,7.91301,30.2362
0.0502715,0.219472,0.0735456,2.43808,6.04729,30.237
0.0420055,0.524659,0.0512913,16.2739,8.12947,30.2371
0.0470889,0.27939,0.0516386,7.4635,4.27273,30.2373
0.043159,0.537857,0.0668483,12.3167,6.86842,30.2377
0.0514893,0.235024,0.09965,0.200672,6.02283,30.2379
0.0465258,0.295495,0.0502343,9.13703,7.6692,30.2379
0.0449859,0.317501,0.0504183,12.2063,9.2306,30.2391
0.0507338,0.296835,0.102442,0.198548,4.43197,30.2392
0.0473305,0.440147,0.139517,4.22176,7.21819,30.2394
0.04334,0.497273,0.0576782,13.8281,8.78213,30.2396
0.0516102,0.212267,0.0753356,0.770944,3.08558,30.2405
0.0503641,0.258687,0.061628,2.91343,5.33778,30.2405
0.0463438,0.281064,0.0547623,9.10638,7.38684,30.2405
0.045603,0.408136,0.0628086,9.00329,7.68355,30.2409
0.0506118,0.205945,0.0680208,2.61603,6.92753,30.2411
0.052332,0.141587,0.0739201,0.685182,6.00755,30.2413
0.0490569,0.257673,0.0870325,3.87753,5.28517,30.2416
0.0486849,0.399892,0.136635,2.73811,6.77869,30.2421
0.044221,0.526855,0.110046,9.01456,7.13658,30.2421
0.0472545,0.417447,0.0766348,5.02673,5.57059,30.2424
0.0466487,0.410029,0.0730737,6.59273,5.8764,30.2441
0.045223,0.495448,0.0733441,8.40082,5.06529,30.2444
0.0488843,0.362966,0.131856,2.51318,6.13842,30.2445
0.0472887,0.316157,0.083657,6.61057,7.28938,30.2456
0.0488676,0.364873,0.14984,2.47282,6.25157,30.2463
0.0513615,0.217541,0.106581,0.313468,5.89976,30.2464
0.049221,0.244561,0.0895063,3.12955,6.18438,30.2466
0.0442809,0.479605,0.0590976,11.1028,8.46935,30.2467
0.0475326,0.33416,0.0565126,6.84433,6.14544,30.247
0.0515537,0.182004,0.115353,0.349198,6.9253,30.2472
0.04267,0.519078,0.0612173,14.6232,8.025,30.2472
0.0447768,0.335504,0.0536965,12.5887,9.19839,30.2473
0.0514912,0.209783,0.108844,0.158939,6.11559,30.2478
0.0510588,0.19982,0.0715818,1.92549,5.45327,30.2478
0.0514693,0.22816,0.0960481,0.709709,6.25865,30.2484
0.0476118,0.392785,0.115318,4.78375,6.07013,30.2486
0.0519564,0.117562,0.060995,1.09628,4.12899,30.2487
0.0467586,0.364778,0.0907069,6.99372,6.00582,30.2487
0.0490131,0.241326,0.0837474,4.14891,7.16091,30.249
0.045624,0.492716,0.0872625,7.69798,6.0013,30.2497
0.0484425,0.318567,0.0858638,4.16966,6.97856,30.2505
0.0513694,0.217672,0.0529568,1.88836,3.77215,30.2507
0.0424877,0.464506,0.0509498,16.9585,10.2989,30.2511
0.049018,0.368739,0.104956,2.9248,5.40177,30.2519
0.0465785,0.307235,0.0584556,8.37082,6.24712,30.2525
0.0504715,0.234233,0.0993218,1.40257,5.33847,30.2533
0.0496821,0.244272,0.109774,2.86312,6.41376,30.2534
0.0484124,0.249222,0.0715737,5.09124,7.71583,30.2534
0.0413973,0.590756,0.0514289,17.302,9.9597,30.2536
0.0429741,0.480402,0.0541027,14.6377,8.66274,30.2536
0.0487488,0.28737,0.0875779,4.67786,7.41687,30.2539
0.0456683,0.447727,0.0952018,7.47307,6.84997,30.2539
0.0440539,0.505101,0.0644915,11.5714,8.1269,30.2543
0.0459137,0.301059,0.0559293,10.231,9.47036,30.2544
0.0506566,0.151,0.061849,3.40562,7.82898,30.2545
0.0450157,0.402748,0.0662992,10.4369,8.81384,30.2545
0.0434328,0.551909,0.0578079,12.0217,7.09166,30.2548
0.0481318,0.33692,0.050385,5.49464,4.55744,30.2551
0.047994,0.258209,0.0671265,6.02963,7.82494,30.2558
0.0459684,0.419853,0.0641875,8.00756,7.86953,30.2561
0.0448096,0.509591,0.122147,8.81053,8.06679,30.2563
0.0461424,0.418141,0.0636284,7.44484,4.99198,30.2566
0.0471525,0.281461,0.0578313,7.7278,6.49198,30.2568
0.0489661,0.312917,0.0962824,3.27305,6.76299,30.2569
0.0494408,0.372737,0.146957,1.38927,6.83409,30.2569
0.0474816,0.353451,0.0718084,5.73526,4.47265,30.2571
0.0437593,0.500229,0.0745532,11.0599,7.48534,30.2572
0.0484235,0.272781,0.055714,5.41395,6.60724,30.2573
0.0513479,0.123318,0.0614691,2.46192,5.9582,30.2574
0.0524823,0.0870699,0.0789906,0.829919,5.6102,30.2575
0.0497372,0.217435,0.0783552,3.23152,6.01861,30.2579
0.0413179,0.606188,0.0524407,17.5537,9.6486,30.2583
0.0472026,0.421431,0.0871128,5.59549,6.25971,30.2587
0.0467613,0.351938,0.0533051,7.14645,5.22838,30.2589
0.0527895,0.0343592,0.0569834,1.52147,5.73534,30.2593
0.0432954,0.545149,0.056527,12.877,5.40999,30.2594
0.0482291,0.204909,0.0509587,7.97034,8.05057,30.2595
0.0411158,0.565623,0.0587738,18.9348,10.5989,30.2599
0.0517592,0.115398,0.0723632,1.98459,5.65843,30.2604
0.0491012,0.321321,0.0756793,3.38373,5.79203,30.2605
0.0521014,0.181686,0.0879432,0.614211,6.13914,30.2609
0.0513911,0.152149,0.0602245,2.69265,6.85935,30.2612
0.048155,0.306041,0.0729279,5.17895,7.71941,30.2615
0.0479567,0.282398,0.0649316,6.35085,7.47398,30.262
0.0435142,0.568832,0.0779723,11.0385,7.81374,30.2621
0.0472807,0.393419,0.0832959,5.90461,6.20362,30.2622
0.0526206,0.091472,0.0581643,1.65386,6.43444,30.2623
0.0468949,0.226448,0.0507463,9.66375,8.46597,30.2625
0.0496821,0.33215,0.123067,1.27014,5.34505,30.2632
0.049464,0.213784,0.0631594,4.21495,7.14683,30.2634
0.0509309,0.229929,0.0842024,1.80116,6.43414,30.2636
