beta,permeability,xi,init_days,delay,value
0.0468106,0.00517426,0.096563,54.7295,15.1554,71.6702
0.0464656,0.0123277,0.0966386,55.7602,15.9037,71.8811
0.0467995,0.0110569,0.0978189,54.3054,15.5946,72.0018
0.0513223,0.0045611,0.121057,42.2007,15.4907,72.0246
0.0491496,0.00692319,0.128976,47.5888,16.573,72.0379
0.0458779,0.00206997,0.090707,57.5473,15.4982,72.1255
0.0484132,0.00832926,0.122022,49.8479,16.9856,72.2992
0.0481045,0.0329647,0.106895,50.9725,15.4548,72.3083
0.0500274,0.0125048,0.116848,45.6455,15.2509,72.379
0.0496925,0.00237115,0.110065,46.9293,15.02,72.4038
0.0508661,0.010663,0.119611,43.6741,15.9606,72.4134
0.0487941,0.00232953,0.121423,48.2125,16.5727,72.4285
0.0485246,0.00798612,0.108471,49.537,15.3046,72.5387
0.0464443,0.0036027,0.0970226,55.5921,15.6539,72.545
0.0477063,0.00341605,0.115205,51.5004,16.1824,72.6477
0.0484491,0.0397853,0.110766,49.8107,15.2178,72.6539
0.0488215,0.0380107,0.112902,48.4241,15.0805,72.7032
0.0481382,0.0193091,0.102684,50.1205,15.8419,72.7295
0.0488233,0.00704328,0.121664,48.5669,16.0706,72.7318
0.0477311,0.00430711,0.10787,51.6165,15.4402,72.7906
0.0499337,0.0100687,0.138441,45.6372,16.8445,72.8159
0.0484762,0.00359244,0.1176,49.7669,16.9286,72.8421
0.0477311,0.0423535,0.108816,51.826,15.6997,72.8595
0.0473625,0.054943,0.107843,52.3131,15.1934,72.9626
0.0488613,0.00296726,0.115562,48.0688,15.7239,72.9924
0.0488646,0.0212359,0.112629,48.6129,15.0494,73.0077
0.047726,0.0416497,0.109429,51.8175,15.0035,73.0446
0.051317,0.0120315,0.124976,42.6164,15.1393,73.0472
0.0475056,0.00144647,0.101195,52.4446,15.1714,73.0576
0.0477174,0.0112847,0.109262,51.6524,15.5176,73.071
0.0455687,0.00807327,0.0916336,58.002,15.9503,73.0734
0.047436,0.0174011,0.106318,52.0773,15.7814,73.1118
0.0501559,0.00317875,0.103342,45.2189,14.2312,73.1258
0.0477259,0.0137604,0.107464,51.0904,15.4992,73.16
0.0491661,0.00209914,0.134538,47.6264,16.1268,73.165
0.0464085,0.016201,0.100389,55.6511,15.7941,73.2046
0.0470324,0.0384186,0.105645,53.645,15.4641,73.2138
0.0483988,0.0249101,0.125298,49.4817,16.7584,73.2146
0.0497047,0.00273342,0.107919,46.2812,15.423,73.221
0.0477173,0.0150876,0.108123,51.7117,15.477,73.2464
0.0476709,0.018577,0.124127,51.036,16.3469,73.2511
0.0488075,0.00717466,0.115628,48.6896,15.5461,73.27
0.0484668,0.00934872,0.119422,49.6646,16.7859,73.2857
0.0504013,0.0351376,0.121521,44.1803,15.5347,73.3222
0.0468147,0.00865548,0.0993574,54.4297,15.8161,73.3258
0.0473651,0.00358624,0.120165,52.9248,16.8831,73.3267
0.0480727,0.020426,0.118831,50.8017,16.3914,73.336
0.0499889,0.00193137,0.126168,45.651,16.9915,73.3393
0.048145,0.0149315,0.100989,50.5231,15.252,73.3664
0.0477475,0.00619827,0.108108,51.4651,16.0331,73.3795
0.0491786,0.0163042,0.128992,47.51,16.2158,73.4007
0.0513274,0.0108676,0.124846,42.7871,15.6495,73.4036
0.0458355,0.0153121,0.0969356,57.6954,15.9086,73.4159
0.0489757,0.00189752,0.0993608,48.064,14.5309,73.4274
0.0500897,0.00824446,0.104676,45.1058,14.3077,73.4286
0.048468,0.00745676,0.114033,49.8858,16.7974,73.4338
0.0452343,0.023696,0.0932826,59.3931,15.4006,73.4612
0.0460552,0.0106945,0.107278,56.6824,16.4327,73.471
0.0480659,0.0192209,0.114323,50.4771,15.702,73.5007
0.0491847,0.0126125,0.121381,47.1765,16.1918,73.5243
0.0480646,0.0379674,0.11025,50.0477,15.6514,73.5269
0.0488274,0.00782496,0.116394,48.8518,16.8502,73.532
0.0443196,0.00528411,0.0992866,62.5877,16.9769,73.5408
0.0508329,0.00938019,0.123768,43.6825,15.6929,73.5565
0.0474115,0.00335491,0.106993,52.7948,16.8385,73.5594
0.0473287,0.00594022,0.120397,52.0669,16.5563,73.5599
0.0496534,0.010829,0.107751,46.8193,15.1586,73.5828
0.049312,0.0168402,0.0997215,47.7769,14.5887,73.5935
0.0526705,0.0169286,0.13397,39.6078,15.4604,73.5963
0.0480365,0.00439259,0.114269,50.2778,16.6289,73.6059
0.0461543,0.0153072,0.098043,56.3838,15.535,73.606
0.0480882,0.0100657,0.108748,50.6546,16.1111,73.6323
0.0494798,0.0171426,0.135747,46.8754,16.3665,73.6346
0.0496343,0.00740601,0.108807,46.8826,15.0289,73.6424
0.0473231,0.00190751,0.120091,52.6937,16.0179,73.6445
0.0495851,0.0113954,0.131753,46.1672,16.0317,73.6448
0.0521817,0.014219,0.128236,40.7112,15.8846,73.6766
0.0484463,0.0103078,0.118116,49.0841,15.5969,73.6784
0.0484909,0.00285846,0.11906,49.4684,16.2646,73.7042
0.0449188,0.0395285,0.0898151,60.0352,15.8021,73.7202
0.0469897,0.0283203,0.112826,53.4708,16.5696,73.7243
0.0501453,0.008205,0.100202,45.674,14.0043,73.7247
0.052631,0.0152941,0.136425,39.4964,15.3908,73.7979
0.0477061,0.00751331,0.124106,51.5641,16.135,73.8111
0.0494682,0.0364476,0.139239,46.5758,16.9449,73.8112
0.0480262,0.0241971,0.129352,50.3923,16.336,73.8207
0.0480964,0.0239155,0.116242,50.8662,15.8142,73.8241
0.0485035,0.0194247,0.113752,49.2213,15.4448,73.8529
0.0470189,0.0438667,0.108198,53.1314,15.2299,73.8583
0.0507961,0.00311999,0.125755,43.2094,16.2053,73.8603
0.0477133,0.00446969,0.123629,51.2281,16.2853,73.8634
0.0457754,0.014674,0.0988209,57.0697,15.5678,73.8755
0.0492206,0.0244809,0.1184,47.1564,15.313,73.8766
0.0512686,0.0101505,0.128643,42.591,15.1893,73.8788
0.044711,0.0107711,0.0857537,61.9833,15.5007,73.8934
0.0483332,0.028317,0.13316,49.2939,16.8021,73.8971
0.0487906,0.0239778,0.119382,48.1751,16.2739,73.9106
0.0500198,0.0299824,0.113632,45.8614,15.2347,73.9185
0.0499,0.0287484,0.142059,45.7629,16.1419,73.9286
0.046748,0.00748727,0.105271,54.8494,16.3964,73.9309
0.0487309,0.0362695,0.136453,48.812,16.5789,73.9334
0.0495602,0.0491294,0.121674,46.0034,15.0757,73.9341
0.0480851,0.00775914,0.106172,50.5301,15.4061,73.9388
0.0481022,0.0475439,0.107418,50.481,15.707,73.9435
0.0536639,0.00634488,0.139669,37.005,15.857,73.9516
0.0491106,0.0445771,0.130714,47.6911,16.841,73.9764
0.0460084,0.0435843,0.114135,56.4889,16.2277,73.986
0.0483071,0.0474014,0.134335,49.3551,16.9458,74.019
0.0490878,0.0399503,0.140788,47.0139,16.2513,74.0267
0.0477463,0.0248424,0.113478,51.186,16.8716,74.0311
0.0488165,0.0238614,0.118602,48.1697,15.8839,74.0673
0.0457443,0.0186478,0.105342,57.3659,16.2857,74.0674
0.0499385,0.0328122,0.133908,45.9459,16.5325,74.0675
0.0495897,0.0332802,0.121497,46.7681,15.915,74.0699
0.0489611,0.00892157,0.0946053,48.6001,14.104,74.0841
0.0495321,0.0243149,0.122423,46.4553,16.344,74.0878
0.0521881,0.00191162,0.141502,40.8268,16.1764,74.0918
0.0460799,0.00372004,0.0986286,56.2511,15.8804,74.1001
0.0484297,0.0266867,0.120913,49.8833,15.7805,74.102
0.0466837,0.0281426,0.109182,54.125,16.3254,74.1034
0.0504819,0.00741646,0.107839,44.8586,14.008,74.1079
0.047679,0.0405103,0.110465,51.9911,15.744,74.1102
0.0473818,0.0316318,0.112904,52.8674,16.5173,74.1105
0.0503009,0.0269292,0.145951,44.8132,16.511,74.1133
0.0452806,0.0125582,0.0908228,59.0048,15.7016,74.1169
0.0484492,0.00822662,0.120102,49.592,15.9479,74.1187
0.0457903,0.00637355,0.102452,57.1431,16.187,74.1228
0.0495268,0.0420009,0.131185,46.8078,16.1508,74.1276
0.0457809,0.0126551,0.103365,57.5268,16.6246,74.1282
0.0483085,0.0407964,0.129706,49.9719,16.595,74.1359
0.049157,0.0288508,0.132549,47.7871,16.4598,74.1374
0.0483309,0.00327309,0.126358,49.5498,17.8385,74.1421
0.0521188,0.00325231,0.149127,40.6437,16.6126,74.1505
0.0466828,0.0119434,0.105248,54.7197,16.2913,74.1545
0.0490839,0.0440846,0.136725,47.6382,16.3837,74.155
0.0473963,0.020389,0.114419,52.4467,15.732,74.1571
0.0467496,0.0419681,0.103869,54.8483,15.7586,74.1685
0.0503775,0.0511174,0.121992,44.9851,15.2286,74.1774
0.0470452,0.0564886,0.107239,53.0694,15.1915,74.1786
0.0526703,0.0130629,0.128503,39.2862,15.2832,74.1838
0.0484061,0.0321384,0.118512,49.8594,15.436,74.1848
0.0508103,0.0205771,0.121118,43.4647,15.3585,74.1867
0.0496477,0.00563819,0.12158,46.3017,16.1261,74.1871
0.0486911,0.0149221,0.132438,48.5512,17.999,74.1873
0.045096,0.0339571,0.109628,59.6742,16.0864,74.1879
0.0508209,0.0174401,0.119427,43.8694,15.9815,74.1909
0.0463627,0.0270562,0.106676,55.1461,16.7031,74.1919
0.0454837,0.0116787,0.1019,58.1247,16.3259,74.1943
0.0470486,0.0129626,0.100968,53.949,15.5191,74.1995
0.0441319,0.0229686,0.0861369,63.0233,15.5517,74.2018
0.0480319,0.0308434,0.116232,50.714,15.4673,74.2065
0.0475959,0.059002,0.124945,51.1028,16.8825,74.2138
0.0500655,0.0141546,0.10928,45.1728,14.78,74.2239
0.0477095,0.0428614,0.105029,51.7663,15.3965,74.2277
0.0487868,0.00209321,0.115857,48.955,15.244,74.2428
0.0483677,0.0444519,0.131526,49.8455,16.1985,74.2458
0.0477363,0.0361092,0.114618,51.9125,15.0266,74.2692
0.0462041,0.00790088,0.0908039,56.9801,15.6009,74.2702
0.0442985,0.024704,0.102069,62.6595,16.7402,74.2816
0.050072,0.0279606,0.106268,45.1666,14.0396,74.2831
0.0473505,0.0466423,0.112427,52.5462,15.5881,74.2894
0.0517313,0.021222,0.133564,41.144,15.0959,74.31
0.0499651,0.0338876,0.123763,45.6788,15.2367,74.3151
0.0512401,0.045025,0.126167,42.4757,15.3954,74.3234
0.0463966,0.0153881,0.111957,55.3287,16.7244,74.3244
0.0507181,0.0210628,0.144813,43.5564,16.9982,74.3268
0.0443564,0.0337354,0.0880893,62.2096,15.3988,74.3388
0.0499577,0.0294627,0.134934,45.9926,16.6724,74.3435
0.0503285,0.0418042,0.138321,44.0261,16.1369,74.3441
0.050089,0.0207451,0.110196,45.7929,14.2809,74.3477
0.0460446,0.0263187,0.103284,56.3305,16.6886,74.3524
0.0495368,0.0538316,0.122943,46.0358,15.6056,74.3565
0.0511626,0.00174226,0.164489,42.9494,17.5481,74.3627
0.0491138,0.0158844,0.124641,47.6421,16.7912,74.3748
0.0472252,0.0694377,0.130251,52.2004,16.7702,74.3777
0.0459967,0.0323626,0.109891,56.0495,16.7685,74.3886
0.0490829,0.0110099,0.13844,47.8199,17.6311,74.3932
0.0503578,0.0523764,0.125773,44.6638,15.5138,74.4031
0.0465903,0.0552003,0.117922,54.3633,16.2685,74.4127
0.050283,0.0302836,0.146176,44.1327,16.5639,74.4132
0.0485132,0.0034997,0.117738,49.2862,16.3966,74.4136
0.0486644,0.0566954,0.140655,48.2827,16.7999,74.4253
0.0503514,0.00239169,0.12779,44.39,16.0207,74.4327
0.0470261,0.0338217,0.108665,53.5084,16.2394,74.4388
0.0488222,0.0519457,0.110564,48.7315,15.0138,74.4422
0.0516889,0.018026,0.141642,41.3038,16.9417,74.4442
0.0513046,0.0197849,0.130351,42.7262,15.7513,74.4452
0.0470625,0.0483834,0.0995942,53.6411,15.193,74.4505
0.0508745,0.0154976,0.128335,43.5998,15.6195,74.4517
0.04637,0.0138633,0.115911,55.5856,16.7787,74.4544
0.0530997,0.010338,0.153164,38.2024,16.1873,74.4662
0.0497244,0.0166753,0.106859,46.636,14.0918,74.4868
0.0518315,0.00920022,0.120179,41.7348,14.6952,74.4889
0.0454507,0.0292685,0.106313,58.1304,16.3591,74.4894
0.0473391,0.0615709,0.112422,52.5651,15.0981,74.492
0.0460198,0.00768718,0.108899,56.7029,16.2246,74.4958
0.0535814,0.00954039,0.158672,37.6778,16.1668,74.4989
0.0490692,0.00319566,0.141041,47.6131,17.3394,74.5003
0.0480167,0.0405367,0.116912,50.6884,15.1377,74.5053
0.0480602,0.0580255,0.115971,50.7366,15.9864,74.508
0.0462618,0.0696812,0.117451,55.0837,16.6677,74.5141
0.0480442,0.0446229,0.108726,50.562,15.9369,74.5144
0.0512294,0.024719,0.141788,42.2161,16.2595,74.5216
0.0479206,0.0323767,0.131311,50.4746,17.1153,74.524
0.0500441,0.00174617,0.130159,45.7577,16.1064,74.5296
0.0517838,0.00701269,0.132923,41.2214,15.3,74.5412
0.0478038,0.00537208,0.112565,51.2006,16.4406,74.5443
0.0460286,0.0366442,0.104261,56.1144,16.4029,74.5502
0.0469878,0.0413237,0.121955,53.8895,16.13,74.5508
0.0452537,0.0223899,0.0875447,59.4182,15.8603,74.5542
0.0487086,0.00198806,0.139393,48.0188,17.927,74.5574
0.050426,0.00425699,0.122705,44.3027,16.7958,74.5597
0.0507157,0.00371193,0.147374,43.1971,16.1735,74.5621
0.0485055,0.0112941,0.118526,49.8977,15.6432,74.564
0.0499796,0.0255182,0.13377,45.3272,16.5379,74.5645
0.0465496,0.0797328,0.125968,54.4083,16.7896,74.5712
0.0490679,0.0128178,0.148543,47.09,17.2095,74.5782
0.0470427,0.0292258,0.100251,53.2379,15.3632,74.5797
0.0477072,0.0190643,0.105986,51.2678,15.2911,74.5845
0.0470721,0.0213115,0.111805,53.4923,15.0705,74.6037
0.0463754,0.0466044,0.109037,55.5955,16.7355,74.6112
0.0477087,0.0349234,0.119291,51.1966,15.8742,74.6144
0.0459655,0.0736225,0.115063,56.4325,16.144,74.6173
0.0483617,0.0070285,0.133918,49.3732,17.7635,74.6193
0.051712,0.00170031,0.147367,41.0898,16.411,74.6243
0.0469213,0.0130778,0.122878,53.173,17.6031,74.6247
0.050387,0.0249606,0.137134,44.6067,16.8145,74.6275
0.0518142,0.00645353,0.121642,41.5746,14.0696,74.6285
0.0457345,0.0299729,0.101838,57.6867,15.2438,74.6373
0.043722,0.0453601,0.100185,64.4191,16.9842,74.6384
0.0513391,0.0111831,0.118082,42.4313,14.6099,74.6412
0.0490846,0.0200878,0.148151,47.1235,17.5287,74.6429
0.0466553,0.0858537,0.10919,54.4002,15.3684,74.6603
0.0470592,0.0553807,0.106299,53.7118,15.6139,74.6612
0.0503987,0.0244315,0.132388,44.8489,16.0577,74.6618
0.0484412,0.0353852,0.119838,49.2296,16.6279,74.6638
0.0507584,0.0107867,0.152555,43.8192,16.6236,74.6643
0.0466053,0.00394866,0.119717,54.59,17.8578,74.6658
0.0472723,0.0647653,0.127178,52.6158,16.881,74.6704
0.0479196,0.0233593,0.130157,50.32,17.4133,74.6741
0.0487727,0.0556976,0.120012,48.6822,15.0853,74.6757
0.048402,0.0277861,0.12157,49.6822,15.9315,74.6814
0.0498457,0.0123352,0.139512,45.8716,17.6972,74.6827
0.0475896,0.073294,0.126596,51.6265,16.0178,74.6841
0.0484317,0.0388245,0.120537,49.5037,16.0883,74.6893
0.0448982,0.0083914,0.0942604,60.2197,15.5766,74.6905
0.0464076,0.0212318,0.110591,55.6382,16.3792,74.7012
0.0507972,0.0180584,0.128713,43.9618,16.8948,74.7034
0.0516198,0.0225742,0.149844,41.3844,16.5554,74.7103
0.049479,0.0128936,0.139147,46.4601,17.0365,74.7135
0.0473095,0.0643321,0.109746,52.4397,15.967,74.7201
0.0483956,0.0235909,0.133487,49.7042,16.0777,74.7249
0.0508028,0.0175762,0.129635,43.2586,16.0018,74.7315
0.0536867,0.00404659,0.142964,37.6504,15.1076,74.7324
0.045519,0.0296583,0.0974603,58.4134,15.8252,74.7347
0.0491771,0.0284686,0.120749,47.3574,16.5365,74.7377
0.0503294,0.0439063,0.140675,44.6277,16.898,74.7464
0.0462256,0.0815832,0.125345,55.3651,16.3498,74.7467
0.048327,0.0217117,0.128061,49.6887,17.6177,74.7476
0.0454136,0.0750782,0.0992375,58.1489,15.6319,74.748
0.0457949,0.0103906,0.0964356,57.6092,16.2142,74.7659
0.0453587,0.0710716,0.116016,58.1562,16.5404,74.771
0.046611,0.0414435,0.123408,54.1534,16.9732,74.7769
0.0479752,0.016299,0.128423,50.6518,17.8577,74.7807
0.0487565,0.0456283,0.115281,48.2478,15.945,74.7823
0.049853,0.0496685,0.142248,45.9829,16.0061,74.7837
0.049427,0.0386151,0.142345,46.7185,16.1603,74.7839
0.0503103,0.0339082,0.130335,44.1995,16.6749,74.7875
0.048073,0.0413414,0.119011,50.9087,15.3508,74.7895
0.0502445,0.0118512,0.155745,44.9581,17.1546,74.7901
0.0498933,0.0133194,0.150944,45.2051,17.2723,74.7999
0.0454079,0.087523,0.0993126,58.3839,15.0682,74.8034
0.0457796,0.00715744,0.101219,57.6413,15.4382,74.8044
0.0486995,0.0554541,0.124446,48.4942,16.6747,74.8165
0.0502513,0.019371,0.15695,44.6809,17.2611,74.8174
0.044879,0.0273918,0.0996874,60.4425,16.1977,74.8265
0.0437579,0.0328677,0.0996807,64.626,16.9387,74.8274
0.0499695,0.010639,0.128792,45.0766,15.803,74.8363
0.0487458,0.0118768,0.137596,48.3607,16.1956,74.8395
0.0463936,0.0248801,0.101159,55.4405,16.548,74.8418
0.0490501,0.0656669,0.135881,47.0361,16.6627,74.8419
0.04904,0.0286418,0.152433,47.438,17.0092,74.8442
0.0458599,0.0102275,0.097846,57.6617,15.2468,74.8443
0.0483582,0.0749132,0.11839,49.0455,15.1423,74.8469
0.0477136,0.0585532,0.104724,51.7143,15.442,74.856
0.049591,0.0214662,0.130309,46.7214,15.9603,74.8565
0.0513705,0.0216702,0.118288,42.3774,14.814,74.8581
0.0443565,0.0121919,0.0952364,62.2786,16.5592,74.8627
0.0522948,0.015142,0.117535,40.5052,14.5146,74.8648
0.0483466,0.0169617,0.123524,49.7069,17.6924,74.8654
0.0487769,0.0324036,0.116092,48.7946,16.537,74.869
0.0479958,0.00487948,0.136091,50.3997,17.6687,74.8699
0.0456826,0.0721975,0.111033,57.5215,16.2434,74.8748
0.0476363,0.0184054,0.121454,51.7536,17.4689,74.8788
0.0503381,0.060262,0.127776,44.7826,15.505,74.8833
0.0465968,0.0646885,0.126119,54.4771,16.9314,74.8839
0.0521404,0.0274212,0.129852,40.0655,15.9962,74.9047
0.0482762,0.0394466,0.14874,49.9819,17.9447,74.9064
0.048843,0.00286365,0.128587,48.3817,16.1405,74.9133
0.0469625,0.0553049,0.112054,53.3282,15.5496,74.9217
0.047581,0.0314129,0.131467,51.8367,17.0981,74.9221
0.0486696,0.0609654,0.13238,48.1193,16.3952,74.9304
0.0453358,0.0870433,0.116665,58.8383,16.5929,74.934
0.0469654,0.0400317,0.110021,53.6379,15.3881,74.9365
0.0486533,0.028522,0.133426,48.1592,17.0678,74.9434
0.0498242,0.00578672,0.151276,45.2118,17.6062,74.9461
0.0472241,0.0741877,0.125054,52.5876,16.3041,74.9462
0.0472096,0.0840685,0.129113,52.2195,16.4995,74.9496
0.0453477,0.0852069,0.112541,58.3778,16.4789,74.9506
0.0483853,0.004567,0.137057,49.1259,17.8522,74.9512
0.0525862,0.0121844,0.156599,39.8758,16.7991,74.9517
0.0480807,0.032072,0.121666,50.4836,16.5723,74.956
0.0481473,0.0354687,0.109785,50.3354,15.942,74.9581
0.0494297,0.0242966,0.15319,46.1397,17.3269,74.9612
0.0476702,0.0279129,0.109754,51.8203,16.8011,74.9635
0.0526698,0.00198467,0.142117,39.8616,16.644,74.965
0.0525916,0.00786452,0.156974,39.2977,16.3895,74.9651
0.0446115,0.058705,0.0897138,61.4276,15.6005,74.9655
0.0483689,0.0468336,0.118762,49.4995,15.8376,74.9667
0.0502618,0.0146872,0.148459,44.5008,17.6653,74.9703
0.0460051,0.0566778,0.106793,56.3515,15.2262,74.9723
0.0505541,0.0157796,0.101252,44.7167,14.233,74.9736
0.0508178,0.0447313,0.1286,43.6753,15.0238,74.9739
0.0535586,0.0169334,0.163912,37.7863,16.2938,74.9792
0.0493653,0.0165699,0.100926,47.8241,14.6558,74.9825
0.0457894,0.0119556,0.0963453,57.6852,16.6017,74.9845
0.0541543,0.0143136,0.141426,36.3607,15.7627,74.9871
0.0494765,0.0646114,0.134506,46.219,16.1142,74.9877
0.0522548,0.00841433,0.132783,40.118,15.1691,75.005
0.0498586,0.0456529,0.139029,45.9248,16.5602,75.0072
0.0511349,0.017525,0.151633,42.3807,16.7132,75.0089
0.0525759,0.0199408,0.146144,39.3342,16.5108,75.0089
0.0460162,0.0567755,0.115586,56.3292,16.9902,75.0093
0.0473937,0.0444792,0.11389,52.2199,15.8355,75.0094
0.0464064,0.00996177,0.107021,55.3627,15.4303,75.0106
0.0476754,0.0331386,0.109183,51.2919,16.8887,75.0112
0.0531633,0.0211468,0.133205,38.6296,15.5411,75.0122
0.0523479,0.00519469,0.115717,40.8712,14.4045,75.0178
0.0490709,0.0288903,0.147045,47.8736,17.0187,75.0191
0.0502747,0.0521854,0.137886,44.2079,16.8859,75.0251
0.0451402,0.0265596,0.0994017,59.5014,16.9414,75.0253
0.0482426,0.00837134,0.0984384,50.3291,14.5844,75.0262
0.0470089,0.00179862,0.112515,53.9331,17.4816,75.0272
0.0527872,0.0100674,0.12397,39.82,14.3495,75.028
0.0484798,0.0312592,0.118708,49.7487,15.6249,75.0361
0.0437831,0.0184281,0.0946616,64.9534,16.9356,75.0413
0.0508485,0.0301797,0.131785,43.3975,15.4824,75.0444
0.0442999,0.0818303,0.0932731,62.953,15.5175,75.046
0.0490232,0.0405561,0.151166,47.925,17.2743,75.0502
0.0440637,0.0577866,0.0899238,63.1,15.8576,75.0504
0.046974,0.0684829,0.111933,53.7055,15.7013,75.051
0.0465761,0.0498988,0.119938,54.4621,16.3677,75.0516
0.0448111,0.0526347,0.103527,60.4806,16.1282,75.0516
0.046078,0.0479254,0.095088,56.3722,15.9115,75.0528
0.0437609,0.0200168,0.100013,64.0558,16.1077,75.0574
0.0452152,0.0108177,0.101944,59.3575,16.8936,75.0606
0.0466375,0.0481652,0.123456,54.7237,16.0236,75.0627
0.0536052,0.00627515,0.146434,37.0285,15.2688,75.0632
0.0486647,0.0847641,0.134033,48.7312,16.4499,75.0663
0.0472993,0.0858167,0.114743,52.5243,15.929,75.0672
0.0462248,0.0718215,0.123721,55.8827,16.0129,75.0674
0.0475843,0.00398011,0.128045,51.6991,17.4135,75.0683
0.0466863,0.0256779,0.102351,54.5079,16.5549,75.0687
0.046339,0.0735994,0.109913,55.5616,15.0418,75.0692
0.0443361,0.0120185,0.101483,62.1039,16.4179,75.0727
0.0496338,0.0177939,0.125721,46.7946,15.5736,75.0783
0.044123,0.0114699,0.0837143,63.6179,15.7369,75.0803
0.0477148,0.0391953,0.120391,51.747,16.104,75.0817
0.047924,0.0125307,0.13317,50.1142,17.4584,75.0821
0.0494659,0.0551857,0.142399,46.2051,16.4688,75.0834
0.0499898,0.0522597,0.119315,45.6248,15.8308,75.0834
0.049225,0.018012,0.128035,47.8194,16.1499,75.0841
0.0509148,0.0110416,0.127247,43.7637,15.5494,75.0902
0.0466445,0.0732023,0.11046,54.1143,15.8411,75.0937
0.0472563,0.033629,0.120779,52.0252,16.2647,75.1061
0.0526624,0.0173848,0.127457,39.4115,15.7722,75.1076
0.0516551,0.032265,0.136466,41.6915,15.7287,75.1118
0.053223,0.00532992,0.129749,38.6961,15.3173,75.1124
0.0491796,0.0234076,0.133867,47.0154,16.2533,75.1125
0.0472621,0.02097,0.129231,52.0771,17.9564,75.1157
0.0494959,0.0609155,0.138618,46.1673,16.9471,75.1208
0.0498504,0.0604534,0.137333,45.2985,16.0105,75.1235
0.0486787,0.023515,0.15172,48.4948,17.6983,75.1245
0.0444979,0.0681748,0.105384,61.0785,16.1261,75.1313
0.0479871,0.0544689,0.117367,50.0821,15.0207,75.1325
0.0456688,0.00825243,0.111578,57.8322,17.9544,75.1387
0.048253,0.0533044,0.152429,49.3172,17.8625,75.1407
0.0492548,0.0355092,0.108927,47.6063,15.7054,75.1441
0.0503497,0.0203316,0.123603,44.6786,16.8634,75.147
0.0456641,0.0369459,0.117025,57.7504,16.9816,75.1473
0.0502622,0.058049,0.14193,44.4073,16.559,75.1504
0.0491544,0.00433297,0.130244,47.0683,17.2522,75.1517
0.0476967,0.00710227,0.116555,51.123,17.8022,75.1536
0.0518239,0.0258522,0.11559,41.7859,14.0935,75.1584
0.0438398,0.0242393,0.0858222,64.3307,15.9215,75.16
0.0508732,0.0393011,0.112896,43.0217,14.3709,75.1624
0.0507285,0.00165979,0.145223,43.7899,17.9438,75.1662
0.0541264,0.0111071,0.149964,36.825,15.9337,75.1668
0.0491843,0.0421972,0.110584,47.1974,15.0907,75.1675
0.0463147,0.00882494,0.114924,55.1662,17.4908,75.1729
0.0483684,0.0164246,0.138683,49.5324,17.0012,75.1766
0.0494238,0.0384954,0.154409,46.8916,17.3171,75.182
0.0472217,0.0426562,0.125955,52.6909,17.8499,75.1821
0.0507429,0.03667,0.132647,43.8066,16.6337,75.1866
0.0492276,0.0527925,0.106033,47.0031,14.4466,75.1897
0.0469286,0.0305732,0.118045,53.8079,16.076,75.1902
0.0480047,0.0402989,0.113219,50.9855,15.7833,75.1914
0.045255,0.00446852,0.0965592,59.9163,16.0101,75.1914
0.0472879,0.0168339,0.124511,52.4468,17.0917,75.1936
0.0510941,0.00713114,0.160287,42.823,17.2187,75.1952
0.0444769,0.0852211,0.107506,61.9917,16.5157,75.1954
0.0448234,0.0886976,0.096492,60.233,15.9146,75.1989
0.043493,0.0276687,0.0952654,65.1287,16.5895,75.2004
0.0477211,0.0332975,0.111287,51.2074,16.303,75.2028
0.0473906,0.0628114,0.105924,52.9488,15.4905,75.208
0.0495873,0.0227262,0.132368,46.3314,15.4272,75.2138
0.0468673,0.00746434,0.0899582,54.5237,14.8948,75.2174
0.0439611,0.0675688,0.102469,63.9445,16.7352,75.2216
0.0479308,0.0750559,0.126221,50.7428,16.6139,75.2264
0.0495555,0.0392528,0.114172,46.8467,15.9957,75.2267
0.0484791,0.042861,0.102301,49.2993,14.985,75.2276
0.0486945,0.0300303,0.12475,48.0879,16.6161,75.231
0.0487329,0.0173856,0.141631,48.2193,17.0857,75.2367
0.0486355,0.0641817,0.137444,48.6718,16.9544,75.2371
0.0525924,0.0447212,0.140023,39.6118,15.9451,75.2392
0.0446861,0.032414,0.0868403,61.5904,15.1066,75.2437
0.045775,0.0619561,0.102,57.6908,15.0518,75.2437
0.0483032,0.0215697,0.126949,49.9242,17.1897,75.2437
0.0477085,0.0264148,0.124712,51.8648,16.5334,75.246
0.0473885,0.0126023,0.11564,52.9778,15.5753,75.2508
0.0442179,0.0868324,0.106763,62.925,16.2822,75.2551
0.047618,0.031203,0.13545,51.5341,17.2127,75.2556
0.0537717,0.00266547,0.125524,37.6308,14.2922,75.2562
0.049829,0.0534619,0.14442,45.3384,16.8542,75.2579
0.048014,0.0856718,0.117336,50.8742,15.5777,75.2653
0.0441927,0.0868622,0.107473,62.4261,16.3021,75.2654
0.048768,0.00158423,0.136778,48.4477,16.4537,75.2747
0.0506601,0.022758,0.163611,43.2856,17.5894,75.2761
0.0438184,0.0440737,0.0871479,64.5877,15.8631,75.2787
0.0465616,0.0752031,0.128968,54.3272,16.842,75.2805
0.0504062,0.033909,0.130365,44.2488,15.7675,75.2845
0.0482904,0.0902722,0.132762,49.7409,16.0476,75.2925
0.0490629,0.0153434,0.135445,47.719,16.9726,75.2926
0.0503439,0.0390771,0.132699,44.0596,16.347,75.2987
0.0448589,0.0691398,0.0982181,60.7472,15.8654,75.3023
0.0517358,0.0321799,0.122452,41.5887,15.6872,75.3029
0.0465158,0.0113727,0.0903786,55.8884,15.432,75.3037
0.0460647,0.0117622,0.114724,56.174,16.627,75.3054
0.046923,0.0297982,0.120715,53.7923,16.8079,75.3057
0.0455222,0.0103777,0.0971403,58.5935,16.9703,75.3063
0.0466272,0.0180924,0.126631,54.4209,17.0268,75.3069
0.0448408,0.0632251,0.0974049,60.9605,15.5726,75.3084
0.05255,0.00886016,0.152034,39.541,16.9445,75.3096
0.0470699,0.0185935,0.10384,53.0512,16.7613,75.3117
0.0502607,0.0444717,0.154135,44.6105,16.5105,75.3118
0.0442563,0.0717846,0.101858,62.0047,16.0042,75.3124
0.0425286,0.020273,0.0919648,69.8562,16.7664,75.3125
0.0492599,0.023414,0.104863,47.7682,15.2612,75.3162
0.0478359,0.0334246,0.0946424,51.3292,14.3722,75.3165
0.0460622,0.0237128,0.0989724,56.1798,16.4136,75.3214
0.0489033,0.0277821,0.105149,48.2345,14.4974,75.3252
0.0425542,0.0105717,0.090137,69.6086,16.6796,75.327
0.0471717,0.0136615,0.100594,53.8044,15.6412,75.3359
0.0438057,0.0201811,0.0932232,64.5692,16.2306,75.3382
0.0462455,0.0874079,0.116434,55.4233,16.0523,75.3419
0.0499252,0.0706873,0.12178,45.0073,15.7174,75.3448
0.048299,0.0346027,0.134717,49.2821,17.2061,75.3453
0.0486527,0.0163201,0.13176,48.4211,17.1914,75.348
0.0475698,0.015015,0.128047,51.7688,17.842,75.3492
0.0441096,0.00662313,0.0856415,63.738,15.5705,75.3514
0.0451257,0.0459793,0.0980041,59.5811,15.2656,75.3516
0.053046,0.0046905,0.151927,38.9739,16.4199,75.3607
0.0459672,0.0400517,0.111957,56.7272,16.2777,75.3623
0.0501796,0.00806493,0.162315,44.2753,18.6167,75.3634
0.0475854,0.0433843,0.136491,51.6667,17.4865,75.3648
0.0516265,0.0369485,0.131785,41.8449,15.0755,75.3658
0.0442809,0.0467628,0.09864,62.7436,16.3117,75.3663
0.0498807,0.0262451,0.132311,45.9375,16.4262,75.3704
0.0449828,0.107115,0.119687,59.2975,16.6734,75.371
0.0503116,0.0190742,0.131051,44.066,16.2437,75.374
0.0473428,0.00297642,0.128702,52.1,17.4594,75.3747
0.0541102,0.00677022,0.142717,36.1174,15.2831,75.3771
0.0504215,0.0468456,0.115006,44.738,14.5235,75.3829
0.0496367,0.0175802,0.107821,46.0723,14.2583,75.3833
0.0440911,0.0141217,0.0927102,63.7411,16.3512,75.3833
0.0486552,0.00784845,0.0900605,49.374,14.8251,75.3855
0.0532531,0.00906112,0.116577,38.2458,14.6699,75.3857
0.0493765,0.0418746,0.150646,46.8888,17.5674,75.388
0.0507032,0.014696,0.156192,43.7239,17.3127,75.391
0.0438269,0.00608436,0.0911083,64.2439,16.6072,75.3923
0.0492233,0.0325857,0.12461,47.4999,15.6847,75.3936
0.0469181,0.0365595,0.134892,53.9132,17.019,75.398
0.0447921,0.0717286,0.103955,60.9306,16.8676,75.398
0.0479537,0.0556986,0.120528,50.4736,16.8985,75.4019
0.0488747,0.0373265,0.11491,48.3634,15.4298,75.4022
0.0491676,0.0484856,0.126294,47.0491,15.3562,75.4026
0.0459795,0.102538,0.104816,56.5074,15.1069,75.4038
0.0451281,0.0344109,0.0992073,59.2968,16.4414,75.4101
0.0491353,0.0170258,0.124051,47.2831,15.0145,75.4129
0.0437785,0.0366525,0.0954487,64.53,16.8997,75.421
0.0520591,0.0210872,0.156657,40.663,16.0857,75.4215
0.046936,0.00659354,0.129205,53.5946,17.1789,75.4233
0.0472843,0.0665881,0.127588,52.4339,16.5608,75.4271
0.0468762,0.053456,0.138145,53.2896,17.5242,75.4291
0.0504959,0.0186163,0.12037,44.1484,15.9639,75.4311
0.051193,0.042433,0.143498,42.9709,16.9104,75.4395
0.0484911,0.0324626,0.102594,49.7171,15.1599,75.4399
0.0483081,0.0362778,0.139808,49.6046,17.4918,75.4414
0.0425419,0.00808119,0.0898115,69.7479,16.2966,75.444
0.0502989,0.0118977,0.146885,44.5878,17.4537,75.4503
0.0487838,0.0351548,0.11625,48.9226,16.2269,75.4587
0.0516288,0.00717755,0.137249,41.2989,16.4335,75.4593
0.0466408,0.0225856,0.123236,54.0108,16.7979,75.4599
0.0498506,0.0482193,0.138008,45.0915,16.4144,75.4604
0.0498431,0.0653515,0.145575,45.105,16.8174,75.4606
0.0473757,0.0430589,0.100752,52.1852,15.699,75.4641
0.0491676,0.00329522,0.134453,47.538,17.5,75.4662
0.0516855,0.0239783,0.151036,41.5838,16.3526,75.4677
0.0456795,0.0574411,0.105326,57.437,16.4859,75.4694
0.045108,0.0641365,0.103035,59.7761,16.8807,75.4749
0.0493873,0.00843709,0.149656,46.2267,18.4722,75.4758
0.0460132,0.00543906,0.118197,56.9161,17.2363,75.4781
0.050914,0.0227096,0.116789,43.4766,15.1196,75.4804
0.0506329,0.0182786,0.163473,43.5233,17.9558,75.4832
0.0463607,0.00189259,0.103047,55.1638,16.8812,75.4875
0.051276,0.0233329,0.136015,42.5769,15.0581,75.4913
0.0456867,0.00892927,0.109744,57.0875,17.8203,75.4931
0.0494533,0.0742663,0.135682,46.5997,16.5511,75.4946
0.0483425,0.0467205,0.119278,49.3672,15.4452,75.4954
0.0482901,0.00929252,0.148787,49.9701,17.2438,75.4965
0.0444907,0.0805382,0.10518,61.9213,16.4759,75.4986
0.0473784,0.030938,0.117876,52.5111,15.9305,75.5028
0.0485085,0.0124628,0.0996159,49.9189,14.0994,75.5035
0.0488757,0.0158394,0.121115,48.1551,16.7212,75.5039
0.0495597,0.0645485,0.122348,46.8751,15.6306,75.5042
0.0453817,0.0843221,0.108392,58.5893,16.4295,75.5106
0.0515863,0.0280869,0.150047,41.7361,16.2797,75.5146
0.0516131,0.0466506,0.151197,41.0673,16.8859,75.5149
0.0452613,0.113206,0.122167,58.5941,16.0722,75.5163
0.0491542,0.0314082,0.13043,47.9898,15.6282,75.5178
0.0491232,0.0377602,0.124915,47.9623,15.8789,75.5202
0.0503439,0.00184509,0.126948,44.6226,15.8228,75.5299
0.0526003,0.0237464,0.155129,39.4106,16.212,75.5325
0.0468556,0.0597398,0.132683,53.2577,17.0953,75.5336
0.0491298,0.0179706,0.118621,47.0623,16.9472,75.5348
0.0482949,0.00858506,0.150192,49.5582,17.6579,75.5353
0.0527059,0.0201833,0.126035,39.1063,14.5354,75.5358
0.0502895,0.0113595,0.15215,44.6699,16.7281,75.5409
0.0486415,0.018159,0.144352,48.5873,17.9686,75.541
0.0506799,0.0418663,0.147356,43.9314,16.2905,75.5416
0.0465623,0.0441297,0.127843,54.7912,17.0718,75.5428
0.0497899,0.0339319,0.164017,45.9742,17.0543,75.5438
0.049642,0.0339039,0.121405,46.079,15.8432,75.5446
0.0468398,0.0648557,0.130138,53.6594,17.1768,75.5453
0.0450676,0.0981406,0.110296,59.8086,16.1966,75.5472
0.0479174,0.0448621,0.130599,50.5963,16.3482,75.5512
0.0490492,0.0134162,0.1565,47.1617,17.2183,75.5529
0.0472884,0.0664289,0.119485,52.675,15.5131,75.5568
0.0478689,0.0643684,0.152978,50.0454,17.7918,75.5587
0.0479375,0.0111969,0.139542,50.2168,17.348,75.5601
0.04762,0.0246389,0.132221,51.7157,16.4493,75.5616
0.0510923,0.0639056,0.152732,42.0126,16.3498,75.5618
0.0498388,0.0321252,0.139544,45.2791,17.1691,75.5639
0.0475764,0.059711,0.123239,51.9649,16.7666,75.5639
0.0512394,0.0139843,0.125877,42.0962,16.4105,75.5648
0.0520758,0.0146172,0.139664,40.6757,16.845,75.5655
0.0504264,0.0382072,0.114584,44.1784,15.5021,75.5668
0.047901,0.0798069,0.131961,50.6261,16.4143,75.5672
0.053671,0.0118497,0.131703,37.1905,15.1781,75.5691
0.0473675,0.0493451,0.116088,52.2919,16.2571,75.5703
0.047876,0.0623208,0.147648,50.9858,17.1351,75.5762
0.0484086,0.0510549,0.124441,49.6116,15.6317,75.5796
0.0455848,0.109794,0.123162,57.9961,16.778,75.5801
0.049363,0.00864453,0.154606,46.3447,18.0074,75.5803
0.0486399,0.00870135,0.14393,48.6325,18.0687,75.5854
0.0472517,0.00945105,0.133363,52.6772,17.4741,75.5858
0.0437642,0.0363451,0.0946525,64.1574,16.0099,75.5861
0.0448353,0.0699402,0.107103,60.8749,16.0873,75.5863
0.0498582,0.0288399,0.136719,45.0287,17.8289,75.5869
0.0473236,0.0137859,0.11241,52.3409,17.5205,75.5882
0.0473498,0.0538488,0.119738,52.3453,16.2951,75.5919
0.0459999,0.0487781,0.104537,56.4313,16.055,75.5951
0.0469336,0.063622,0.111953,53.7456,15.9435,75.5957
0.0521428,0.0244565,0.127276,40.4726,15.2154,75.5963
0.0487254,0.0620979,0.12208,48.5474,15.2839,75.6027
0.0494517,0.020145,0.132514,46.7482,17.7446,75.6046
0.0512826,0.0152327,0.142918,42.5899,16.4375,75.6052
0.046253,0.0621488,0.125751,55.8004,16.9931,75.609
0.0502978,0.010123,0.132095,44.563,16.1488,75.6097
0.0452681,0.116406,0.123429,58.689,16.6723,75.6099
0.0498263,0.0414221,0.142432,45.729,16.9689,75.6178
0.0517555,0.0203729,0.114852,41.9214,14.5473,75.6216
0.0446516,0.00438592,0.0996416,61.6612,16.3162,75.6247
0.0464379,0.0331456,0.0930405,55.6322,15.0458,75.6249
0.0527064,0.0240313,0.125034,39.4911,14.8367,75.6272
0.0505106,0.03174,0.114709,44.9621,14.4449,75.6284
0.053544,0.0214249,0.157491,37.1478,16.0862,75.6304
0.0473331,0.0646421,0.104523,52.8253,15.6726,75.638
0.0475761,0.0158578,0.144574,51.4804,17.6508,75.639
0.0448325,0.0748214,0.103206,60.8411,16.1683,75.64
0.0486647,0.0286674,0.132486,48.0228,16.0648,75.6416
0.0500205,0.0183529,0.13085,45.3177,15.5218,75.6442
0.046617,0.056469,0.11253,54.4254,15.0287,75.6461
0.0460352,0.00349223,0.106822,56.8208,17.1685,75.6478
0.0481589,0.00614177,0.0992247,50.129,14.6538,75.6483
0.0469363,0.0668674,0.114844,53.1311,15.9805,75.6503
0.0535584,0.0312217,0.146477,37.6311,15.8791,75.6539
0.0498836,0.0595412,0.127515,45.8885,15.7516,75.6556
0.0493125,0.00408522,0.119725,47.6546,15.7035,75.6603
0.0536946,0.00247379,0.129536,37.6309,14.8499,75.6613
0.049384,0.00763592,0.158329,46.9586,18.1245,75.6664
0.0520428,0.0294884,0.157509,40.7098,16.5229,75.6691
0.0446918,0.115554,0.11645,60.7594,16.2989,75.6705
0.0498841,0.0182949,0.150615,45.8322,16.4957,75.6713
0.0496541,0.0199161,0.124599,46.78,15.1741,75.6719
0.0503543,0.00216098,0.148762,44.4889,17.6333,75.6723
0.0483856,0.0185075,0.125699,49.1905,17.7204,75.6784
0.0451324,0.0648902,0.0947701,59.9834,15.7806,75.6818
0.0488115,0.0539443,0.108655,48.8605,15.9845,75.6821
0.0526254,0.0111192,0.143218,39.225,15.6076,75.6836
0.0473583,0.0263891,0.125018,52.2407,16.6715,75.6837
0.0489942,0.0422024,0.1598,47.4212,17.301,75.6876
0.0471944,0.0559164,0.128301,52.8951,17.4396,75.6876
0.0475304,0.0564269,0.13135,51.0529,17.8836,75.689
0.0520695,0.0229403,0.140044,40.7011,16.0472,75.6964
0.0512436,0.0386685,0.138067,42.0617,15.0263,75.6988
0.0462723,0.00365735,0.114993,55.4698,17.0215,75.6996
0.0484006,0.00735133,0.134585,49.7133,16.779,75.7021
0.0456018,0.101679,0.11588,57.0118,16.3055,75.7045
0.0536543,0.0201387,0.145623,37.4237,15.0177,75.7058
0.0494177,0.0385835,0.140098,46.8995,16.8609,75.7069
0.0494692,0.0158171,0.129248,46.816,17.4034,75.7072
0.0512994,0.0365208,0.124577,42.4974,15.2572,75.7075
0.0480721,0.00497834,0.124939,50.4417,17.7145,75.7137
0.0476238,0.0604233,0.120676,51.4171,15.344,75.715
0.0522111,0.0132051,0.123063,40.3786,14.3121,75.7169
0.0438492,0.00890567,0.0928088,64.3655,16.2727,75.7222
0.0520301,0.0114602,0.152221,40.1306,17.9202,75.7237
0.0466079,0.0227115,0.124166,54.7836,16.5359,75.728
0.045656,0.0578505,0.120405,57.767,16.6067,75.7283
0.0480862,0.00571058,0.12882,50.3658,16.6937,75.7295
0.0541882,0.0143905,0.137504,36.7148,15.5276,75.7309
0.0531384,0.00847571,0.152841,38.1231,16.7536,75.7318
0.0515818,0.0562289,0.153433,41.7079,16.7098,75.7375
0.0490867,0.0230941,0.154294,47.2009,17.5091,75.7401
0.0448066,0.110151,0.0985152,60.0771,15.6159,75.7435
0.0517014,0.0324608,0.140847,41.1743,15.4294,75.7437
0.0500581,0.00825161,0.106141,45.772,15.7472,75.7519
0.0497767,0.0154689,0.156611,45.2831,18.7168,75.7568
0.0504,0.00429375,0.136031,44.1692,15.8855,75.7592
0.0462022,0.0653662,0.127732,55.1738,17.2412,75.7599
0.0537006,0.00932024,0.130443,37.4763,15.2233,75.7604
0.0475748,0.0906702,0.131742,51.5556,16.6576,75.7633
0.0487092,0.0239317,0.141984,48.724,16.7492,75.7645
0.0517406,0.0115782,0.137812,41.9445,16.6836,75.7663
0.0473045,0.0210741,0.125583,52.7557,17.7358,75.7684
0.0447948,0.102017,0.0988316,60.1264,15.4206,75.7711
0.0490365,0.0289858,0.137667,47.9647,16.8145,75.7722
0.0494121,0.00727904,0.148252,46.7564,18.663,75.773
0.0504724,0.0270771,0.123758,44.3246,15.8404,75.7755
0.05281,0.00848024,0.122479,39.3133,14.5472,75.7764
0.0535136,0.0234829,0.160434,37.3229,16.601,75.7778
0.0511744,0.00321384,0.14789,42.1085,17.9767,75.778
0.0521563,0.01314,0.136426,40.6813,16.49,75.7781
0.0458524,0.0363064,0.0955664,57.5856,15.8386,75.7793
0.0499454,0.0264888,0.132275,45.9876,15.9087,75.7807
0.0508615,0.0203811,0.11143,43.0303,14.096,75.7809
0.0447514,0.0983085,0.115134,60.3502,16.6684,75.7841
0.0475097,0.0163279,0.101021,52.4624,15.2844,75.7854
0.0491569,0.00762679,0.141614,47.7991,17.1856,75.7858
0.0493994,0.0973412,0.143076,46.1729,16.039,75.786
0.0541298,0.00751294,0.15956,36.2852,16.404,75.787
0.0490142,0.0192993,0.136315,47.8095,17.1489,75.7871
0.049999,0.02976,0.131712,45.5977,16.839,75.7903
0.0484615,0.0561235,0.101822,49.0934,14.6643,75.7913
0.046233,0.0650285,0.118056,55.4657,16.269,75.7938
0.0468225,0.0730321,0.135431,53.9055,17.184,75.794
0.0446548,0.0193805,0.0985373,61.7248,16.0361,75.7945
0.0520741,0.0102175,0.140924,40.0398,16.6899,75.7956
0.051777,0.0217569,0.130451,41.5083,15.8541,75.796
0.0470297,0.00598829,0.112835,53.5146,15.4236,75.796
0.0494694,0.036284,0.135092,46.9466,17.8228,75.7971
0.0504057,0.0475435,0.117855,44.225,14.3001,75.7974
0.0450628,0.0182432,0.109032,59.7853,17.5851,75.7992
0.0465332,0.0574508,0.138646,54.5466,17.8844,75.8014
0.0479144,0.049458,0.134499,50.4635,17.0396,75.8016
0.0435866,0.0257737,0.0825599,65.6675,15.4946,75.8025
0.0541794,0.00945136,0.151848,36.8,15.7697,75.8049
0.050752,0.0701587,0.132637,43.5489,15.7973,75.8101
0.046855,0.0631879,0.130966,53.349,17.6346,75.8138
0.0494204,0.0465324,0.149772,46.5796,16.6472,75.8162
0.045995,0.0227321,0.122552,56.6662,17.7215,75.8179
0.0443816,0.00544498,0.0975982,62.5159,16.1219,75.8205
0.050028,0.0422312,0.118736,45.7136,15.0161,75.8211
0.0488675,0.024119,0.0997862,48.6785,14.3139,75.8243
0.0456469,0.010977,0.116834,57.9763,17.0215,75.8307
0.0475376,0.0620297,0.131926,51.8964,17.7993,75.8339
0.0450758,0.062438,0.10372,59.7419,16.0628,75.8363
0.047059,0.00156479,0.118372,53.4077,17.4827,75.8363
0.0460329,0.0841986,0.107896,56.3527,15.1358,75.8395
0.0522793,0.0160362,0.127275,40.9481,14.8086,75.84
0.0520479,0.0300904,0.161336,40.8773,16.1645,75.8412
0.0546602,0.0210871,0.14793,35.6039,15.2431,75.8425
0.0511334,0.0619607,0.150997,42.1104,16.4155,75.8427
0.0486282,0.0962659,0.139503,48.7358,16.9858,75.8442
0.0506557,0.0671862,0.152619,43.2101,16.9877,75.8481
0.0479929,0.0527291,0.13511,50.08,16.5704,75.8498
0.0459938,0.0688324,0.110187,56.5146,15.1616,75.8511
0.0471517,0.0932059,0.148942,52.7047,17.0719,75.8542
0.0542751,0.0055236,0.130173,36.4003,14.2457,75.8589
0.0530002,0.00558438,0.157456,38.3221,17.8828,75.8592
0.0525513,0.0259929,0.143193,39.0248,16.2355,75.8624
0.0483908,0.0151135,0.133953,49.5427,17.0215,75.8644
0.0524874,0.0485649,0.163551,39.3052,16.3282,75.8647
0.0494978,0.0257173,0.130639,46.8732,17.4387,75.8663
0.0453301,0.0372586,0.117319,58.1419,17.5292,75.8671
0.0491918,0.0622349,0.107837,47.8057,14.1533,75.8684
0.0502608,0.0170603,0.138398,44.2657,17.638,75.8707
0.0438891,0.125275,0.110525,63.1673,16.8472,75.8721
0.0455947,0.0482805,0.121916,57.9519,17.5077,75.8731
0.0479544,0.0859189,0.118661,50.0876,15.938,75.8747
0.0511931,0.0081106,0.159406,42.7482,16.5097,75.8765
0.0447347,0.0864958,0.110532,60.9419,16.7993,75.8767
0.0462732,0.0878699,0.110821,55.6673,15.708,75.8778
0.0540509,0.00201481,0.162326,36.2048,16.6554,75.8837
0.0435796,0.0245882,0.085757,65.8399,15.9719,75.8862
0.0478882,0.100264,0.134859,50.6452,16.6077,75.8885
0.0473339,0.0862604,0.113912,52.2632,15.7465,75.8891
0.0493117,0.0439261,0.101312,47.681,14.0249,75.8916
0.0486615,0.0854574,0.140036,48.2615,16.6625,75.8927
0.046374,0.0596272,0.109987,55.668,15.7805,75.8928
0.0456092,0.0397906,0.121182,57.2989,17.1554,75.8935
0.0478903,0.0925211,0.137263,50.1084,16.002,75.8958
0.0469435,0.0811041,0.116805,53.1523,16.5716,75.8976
0.0531011,0.023134,0.148707,38.0374,15.8573,75.8981
0.052201,0.0086922,0.138881,40.3339,16.5703,75.8988
0.0532064,0.00144456,0.147055,38.6504,15.5817,75.9004
0.0502057,0.00234752,0.0942177,45.5289,14.0486,75.9042
0.0472556,0.0494073,0.123268,52.8526,17.8787,75.9054
0.0490167,0.0921726,0.142706,47.9155,16.5063,75.9057
0.0456353,0.0436981,0.11563,57.8581,16.1309,75.9059
0.0522744,0.0281542,0.125944,40.204,14.7232,75.9069
0.0451698,0.0287226,0.10771,59.2651,16.8674,75.9095
0.0496734,0.00723405,0.126958,46.332,15.088,75.9109
0.052524,0.0343903,0.149047,39.4046,16.3798,75.9129
0.0439453,0.100616,0.106305,63.4301,16.5139,75.9156
0.048699,0.0991815,0.122419,48.9067,15.9748,75.9157
0.0527526,0.0238602,0.120372,39.0554,14.4645,75.916
0.0465934,0.00292082,0.124769,54.8021,17.0889,75.9167
0.047985,0.00563707,0.14432,50.237,17.7037,75.9172
0.0453578,0.0498721,0.107666,58.8058,16.5658,75.9173
0.0486521,0.0326256,0.129524,48.7965,17.1315,75.9194
0.0499799,0.0619608,0.114237,45.8017,14.9703,75.922
0.0482659,0.0110119,0.145897,49.8777,18.7153,75.9223
0.0511218,0.0657465,0.153597,42.0456,16.2302,75.923
0.0511113,0.0452806,0.154705,42.2394,16.2444,75.9276
0.0444724,0.108333,0.106978,61.7455,16.5203,75.9277
0.0487094,0.0525727,0.120998,48.4443,15.8066,75.9321
0.0489785,0.0481268,0.143305,47.415,17.4584,75.9343
0.0496038,0.0524415,0.112485,46.2987,15.0771,75.9353
0.0440519,0.0520964,0.0956428,63.1159,16.3883,75.9368
0.0490231,0.0461205,0.146829,47.9416,17.087,75.937
0.050824,0.0402808,0.117637,43.3228,14.2572,75.9424
0.0483539,0.0767903,0.123687,49.7256,15.5409,75.9438
0.0452518,0.111585,0.12324,58.4043,16.8708,75.9446
0.0503993,0.059201,0.114765,44.2649,14.8193,75.9451
0.0472912,0.0276536,0.130636,52.0631,16.6836,75.9479
0.0453999,0.0133319,0.111317,58.0854,17.7439,75.9504
0.0473281,0.0678636,0.104608,52.3084,15.1998,75.9507
0.0489439,0.0264194,0.154801,47.611,18.296,75.951
0.0471653,0.0876993,0.146353,52.504,17.0928,75.9527
0.0468502,0.0553827,0.143292,53.0468,17.3523,75.9547
0.0484541,0.0377018,0.123685,49.4074,15.3834,75.9553
0.0467712,0.0231228,0.106669,54.8737,16.1186,75.956
0.0486711,0.0447244,0.134748,48.8083,17.9574,75.958
0.0486682,0.0627926,0.145765,48.4047,16.3527,75.9587
0.0452016,0.00496762,0.106623,59.7599,16.801,75.9599
0.0482018,0.0178922,0.109902,50.8846,15.9988,75.9611
0.047652,0.0417598,0.121768,51.0577,15.074,75.966
0.0484876,0.00244596,0.126213,49.3549,16.252,75.9673
0.0455234,0.0294475,0.0993058,58.3024,15.6778,75.9674
0.0482847,0.00624086,0.144835,49.7819,18.7653,75.9683
0.0465665,0.0694985,0.116782,54.9056,16.7628,75.972
0.0462486,0.0256653,0.128382,55.117,17.0785,75.9767
0.0493493,0.0116623,0.15203,46.2676,18.0725,75.9793
0.0445423,0.0478091,0.097978,61.2156,16.6482,75.9805
0.0530016,0.0040565,0.162235,38.0318,17.9811,75.9806
0.0494041,0.0559541,0.150223,46.3447,16.0081,75.9825
0.0500578,0.00863437,0.122122,45.2501,16.1605,75.9878
0.0471979,0.115303,0.128366,52.0072,16.1914,75.9941
0.0491445,0.0558295,0.13457,47.4487,16.3253,75.9946
0.0486281,0.0124785,0.140325,48.9692,17.3909,75.9951
0.0437492,0.0682511,0.0998082,64.751,16.7496,75.9965
0.047546,0.0191496,0.139189,51.8101,18.2116,75.998
0.051395,0.028807,0.109239,42.7221,14.7589,75.9982
0.0504217,0.043078,0.118106,44.322,14.8725,75.9985
0.0483213,0.0729869,0.119362,49.3405,15.2731,75.9987
0.0503276,0.0124883,0.125737,44.3562,16.1747,75.9987
0.0463553,0.0108414,0.114076,55.1411,17.5343,75.9989
0.0489994,0.0702651,0.148284,47.8658,16.9393,75.9997
0.0442777,0.028458,0.0969489,62.8102,16.6143,76.0011
0.0480286,0.0189375,0.132116,50.8658,17.5469,76.0036
0.0483559,0.0597583,0.126711,49.0307,15.84,76.0066
0.0476644,0.0480692,0.123131,51.044,15.1009,76.0091
0.0462403,0.0957303,0.127148,55.0815,16.304,76.0097
0.0499593,0.0199766,0.135355,45.994,15.2207,76.0102
0.0472901,0.0352531,0.121813,52.8277,17.6898,76.0107
0.0469247,0.0458292,0.117374,53.9396,17.7635,76.0143
0.0475498,0.014473,0.134113,51.3817,18.3296,76.0172
0.0516215,0.0663068,0.13354,41.102,15.9608,76.0203
0.0518997,0.00990263,0.104873,41.5861,14.2382,76.0241
0.0496567,0.0321989,0.11227,46.6565,14.6901,76.0244
0.0517263,0.0338816,0.12596,41.5707,14.1122,76.0257
0.0552754,0.00258319,0.153499,34.5746,15.9131,76.0298
0.0460243,0.0170152,0.111648,56.0867,17.5094,76.0306
0.0463581,0.0110659,0.115146,55.6923,17.4457,76.0312
0.0498229,0.0390522,0.141122,45.4021,16.1356,76.0313
0.0525006,0.0427512,0.154795,39.2193,16.5452,76.0321
0.0478792,0.0274366,0.142391,50.3762,18.4099,76.0322
0.0532173,0.00476367,0.124049,38.9323,15.0375,76.0341
0.0504838,0.0464073,0.106106,44.4396,14.0374,76.0342
0.0474461,0.0380351,0.097649,52.2831,14.6931,76.0348
0.0470573,0.0418816,0.115474,53.3569,16.2404,76.0367
0.0441976,0.0714983,0.111745,62.6617,16.3709,76.0371
0.0524842,0.040214,0.161737,39.2107,16.2787,76.0401
0.0493105,0.0179756,0.116147,47.8184,15.7979,76.0468
0.0474596,0.0222153,0.09704,52.9609,14.1407,76.0492
0.0493559,0.0137763,0.14847,46.4228,18.8222,76.0515
0.0478969,0.00740381,0.144406,50.529,18.2342,76.0515
0.0521086,0.00324275,0.138189,40.0235,15.8554,76.0532
0.0462961,0.0429588,0.113978,55.2954,17.2381,76.0539
0.0465104,0.0884894,0.131799,54.9526,16.7731,76.054
0.0486651,0.0933131,0.137694,48.5108,16.9008,76.0562
0.0494866,0.0112034,0.16034,46.9546,17.4746,76.0584
0.0507488,0.0322946,0.152971,43.6774,16.3191,76.0589
0.0490196,0.0154765,0.150334,47.5225,18.1217,76.0616
0.0503778,0.0562112,0.118389,44.8668,15.7581,76.0662
0.044443,0.110672,0.109193,61.0138,16.3034,76.0667
0.0503297,0.0425207,0.132048,44.5415,15.9526,76.0675
0.0459337,0.0478857,0.117483,56.4032,16.154,76.0696
0.0473371,0.0278083,0.128239,52.2633,16.6337,76.0698
0.0483039,0.0159846,0.135046,49.6993,16.2577,76.0708
0.0491965,0.0048366,0.127639,47.6874,17.6731,76.0713
0.0499303,0.0198622,0.132684,45.0921,15.7732,76.0722
0.0471911,0.0670781,0.128593,52.3421,16.5209,76.0729
0.0436175,0.119013,0.110416,64.7302,16.5796,76.0734
0.0487482,0.00935176,0.146973,48.6347,17.2137,76.0804
0.0495287,0.0193422,0.134877,46.0897,17.676,76.0848
0.0472185,0.062291,0.136718,52.7763,17.1069,76.0885
0.0546624,0.00177887,0.141104,35.2939,15.7177,76.0907
0.0454051,0.0132418,0.114156,58.5799,17.1145,76.0907
0.0500448,0.0341032,0.110467,45.7977,15.6301,76.0916
0.0490705,0.0529113,0.147387,47.8226,16.0516,76.0918
0.0502121,0.00608916,0.10148,45.8266,14.6291,76.0954
0.0461462,0.0196411,0.103897,56.5681,16.9072,76.0957
0.0463025,0.0164248,0.127733,55.0489,17.0719,76.0983
0.0483732,0.0246221,0.139361,49.1315,17.3736,76.0985
0.0488544,0.0487111,0.10066,48.8477,14.8276,76.0986
0.0511054,0.0336652,0.158976,42.7442,16.7855,76.1009
0.0506412,0.0342407,0.149784,43.2763,17.3993,76.102
0.0493665,0.0220712,0.0937111,47.87,14.7184,76.102
0.0459654,0.0236602,0.114664,56.736,16.7191,76.1028
0.0520671,0.0556799,0.14331,40.6345,15.5422,76.1098
0.0494049,0.0733762,0.140391,46.1751,16.2152,76.1113
0.0446984,0.111366,0.120307,60.136,16.9023,76.1137
0.0521828,0.00257672,0.143325,40.6707,15.1349,76.1152
0.047196,0.00674557,0.133786,52.081,18.1018,76.1152
0.0475378,0.0243477,0.140946,51.4562,18.455,76.1155
0.04758,0.0428951,0.134919,51.896,16.8652,76.1158
0.0459468,0.0490406,0.118347,56.1617,17.2694,76.116
0.0499775,0.00336492,0.141093,45.1685,17.5251,76.1168
0.0466595,0.0664369,0.119235,54.0857,16.0668,76.1176
0.0432261,0.0504853,0.101054,66.5096,16.4828,76.1189
0.0482593,0.0108832,0.13657,49.4252,18.7931,76.1193
0.0510677,0.00365895,0.158693,42.4841,17.5465,76.1196
0.0475043,0.0663891,0.153152,51.5892,17.3152,76.12
0.0502868,0.0768481,0.13371,44.0859,15.209,76.1216
0.0462422,0.059576,0.128508,55.0723,17.8481,76.1251
0.043534,0.0619708,0.0871606,65.396,15.6687,76.1267
0.0475436,0.0189794,0.13502,51.4481,18.4402,76.1275
0.0498986,0.011835,0.162647,45.753,17.4821,76.1275
0.0463237,0.0670667,0.107693,55.5866,16.5139,76.1285
0.046342,0.0636753,0.108504,55.336,16.0006,76.1287
0.04986,0.0686092,0.128937,45.9301,15.898,76.1303
0.0472578,0.0505048,0.119766,52.7356,17.0556,76.1319
0.0450038,0.0503184,0.115845,59.467,17.2985,76.1329
0.0511288,0.010368,0.140661,42.1125,17.8396,76.1339
0.0498816,0.00872557,0.165198,45.5328,17.8188,76.1349
0.0467109,0.0280191,0.11757,54.4232,16.7388,76.1353
0.0458439,0.0867454,0.127086,56.6459,17.8878,76.1376
0.0462338,0.0134655,0.0853471,56.6418,14.3567,76.1421
0.0490462,0.0828326,0.144249,47.0665,16.0724,76.1442
0.0456751,0.0479754,0.105427,57.0559,16.7941,76.1452
0.049911,0.00254078,0.16248,45.6364,17.223,76.1459
0.0471885,0.0372332,0.136381,52.6355,17.4107,76.149
0.0484968,0.00716121,0.0996917,49.8921,15.2808,76.1511
0.0521904,0.0380171,0.119535,40.3139,14.8299,76.1516
0.0504065,0.0271822,0.135478,44.1911,15.0573,76.1561
0.04832,0.00526572,0.131775,49.712,18.7197,76.157
0.0447504,0.00653372,0.0835954,61.0663,15.6933,76.1594
0.0503279,0.0261853,0.153277,44.7025,16.598,76.164
0.0462997,0.0361177,0.107888,55.2707,16.8907,76.1648
0.0477532,0.00570431,0.125819,51.4194,17.0253,76.166
0.0432252,0.0681091,0.0979588,66.1736,16.9269,76.1675
0.0503581,0.0627168,0.120198,44.7083,15.7256,76.1689
0.0483019,0.0467233,0.137893,49.3621,17.3994,76.1724
0.0490001,0.0221366,0.156709,47.0033,17.8988,76.1736
0.0485427,0.0471945,0.10038,49.6622,14.4029,76.1743
0.0516155,0.0637034,0.132708,41.1442,15.7604,76.1745
0.0512576,0.0377262,0.140002,42.1125,15.6108,76.1782
0.0475742,0.0613506,0.142607,51.935,17.699,76.1804
0.0436355,0.116185,0.109519,64.65,16.2266,76.182
0.0507516,0.0546808,0.136466,43.1504,15.4185,76.1821
0.0456849,0.00557669,0.117465,57.5799,17.2099,76.1834
0.0523719,0.00186362,0.104414,40.6416,14.464,76.1836
0.0490118,0.0367851,0.135282,47.5969,17.6361,76.1858
0.049765,0.0302873,0.156856,45.8814,17.8155,76.1862
0.0465231,0.0727525,0.141278,54.1128,17.9523,76.1872
0.0439443,0.10428,0.10211,63.7404,16.3615,76.1929
0.0465141,0.102418,0.134382,54.1114,16.5534,76.1941
0.0465125,0.11618,0.124998,54.6293,16.6721,76.1953
0.0494888,0.0856784,0.129568,46.3995,15.1112,76.1955
0.0490927,0.00523385,0.143164,47.9825,16.5667,76.1981
0.0520939,0.00346629,0.14837,40.9198,17.5329,76.2002
0.054116,0.00445163,0.153691,36.4458,15.5246,76.2029
0.0516307,0.0338326,0.13914,41.6957,15.1393,76.2065
0.0437022,0.105445,0.101722,64.0876,16.309,76.21
0.0471924,0.0101706,0.0924157,53.4038,15.7252,76.2111
0.0467197,0.00952199,0.119359,54.9914,16.4303,76.2119
0.0517412,0.0278449,0.126815,41.1207,14.616,76.2122
0.0508791,0.0140336,0.134745,43.0308,15.8254,76.2157
0.0489014,0.011113,0.120165,48.6959,16.2406,76.216
0.0497964,0.0472782,0.159042,45.4695,17.8926,76.2175
0.0535305,0.0087145,0.151852,37.1015,16.9055,76.2185
0.047275,0.044412,0.137021,52.3648,17.0315,76.221
0.0464368,0.0489544,0.0941924,55.6581,15.3602,76.2223
0.0463477,0.0482706,0.0997023,55.1864,15.9016,76.227
0.0502008,0.0912556,0.153613,44.4552,16.2695,76.2275
0.045963,0.0944003,0.110823,56.4222,15.1313,76.228
0.0479194,0.0678123,0.142629,50.0454,16.9791,76.228
0.0521336,0.0319066,0.146184,40.8548,16.1824,76.2283
0.0547491,0.00344133,0.14862,35.0643,15.9943,76.2288
0.0486457,0.0880552,0.142496,48.0579,16.6909,76.229
0.047827,0.0439445,0.147671,50.5998,18.2493,76.2303
0.0459037,0.0663474,0.126235,56.2103,17.1519,76.2323
0.0488835,0.0178925,0.121774,48.6672,16.4237,76.2324
0.0451989,0.020527,0.10542,59.9038,16.3827,76.2341
0.0470988,0.0268845,0.111167,53.435,16.8369,76.236
0.0476694,0.031125,0.126241,51.2232,17.1188,76.2364
0.0453081,0.0388385,0.119338,58.4079,17.7936,76.2369
0.049506,0.0106823,0.157493,46.7833,17.9726,76.2376
0.0489397,0.0248091,0.153998,47.5821,18.9658,76.2404
0.0472771,0.0753768,0.122614,52.7738,15.0883,76.2405
0.0505969,0.0153066,0.104861,44.1947,14.3177,76.2405
0.0471493,0.0738016,0.150758,52.5272,17.8176,76.2418
0.0508404,0.0367773,0.121161,43.2658,14.6623,76.242
0.0463695,0.0584933,0.114535,55.7863,16.1691,76.2422
0.0444053,0.122796,0.114397,61.0451,16.0616,76.2459
0.0532142,0.0236688,0.132431,38.5655,14.1107,76.249
0.0535239,0.0350467,0.150849,37.0288,15.8959,76.2493
0.0435283,0.0640038,0.0890895,65.2539,15.9437,76.2497
0.0506366,0.0051323,0.164554,43.8146,17.3897,76.2497
0.0490011,0.00197243,0.157737,47.982,18.9145,76.2533
0.0487036,0.0695939,0.124848,48.4978,15.31,76.2543
0.0498935,0.0172854,0.126364,45.1256,16.706,76.2546
0.0483574,0.0563579,0.135943,49.0073,16.5409,76.2562
0.0502741,0.0185938,0.134288,44.7922,16.7934,76.2614
0.0490361,0.0508135,0.159632,47.1715,17.4563,76.2623
0.0535647,0.0415923,0.143598,37.0589,15.6078,76.263
0.0474043,0.0139684,0.117184,52.9072,15.8754,76.2631
0.0503844,0.0369487,0.131481,44.2233,16.0482,76.2673
0.0514367,0.0192551,0.104876,42.3443,14.7012,76.2675
0.0477729,0.00979749,0.097143,51.116,15.3821,76.2694
0.0511356,0.0635598,0.132659,42.9917,15.8143,76.27
0.0503986,0.00856256,0.148696,44.6969,16.6641,76.2714
0.0516758,0.0234515,0.133507,41.5587,16.8896,76.2739
0.0457024,0.0180029,0.103486,57.7994,16.2325,76.2775
0.051087,0.0663374,0.15901,42.3331,16.6194,76.2779
0.0494591,0.016481,0.127042,46.4751,17.8661,76.2813
0.0475099,0.096839,0.134303,51.1448,16.9488,76.2813
0.0500552,0.00417654,0.113612,45.9067,14.8294,76.2829
0.047923,0.013068,0.134729,50.3393,18.2897,76.2837
0.0442324,0.0857571,0.099851,62.8233,16.8438,76.2839
0.0537305,0.0178332,0.130502,37.8115,14.4687,76.2846
0.0456601,0.0679489,0.107808,57.1532,15.5112,76.2862
0.0470927,0.0491107,0.0959788,53.3762,14.9116,76.2878
0.0488723,0.00604787,0.126925,48.1147,15.617,76.2916
0.0460119,0.00518998,0.104949,56.2219,16.7033,76.2928
0.0483709,0.00488322,0.145158,49.9077,17.6638,76.2938
0.0483386,0.0308077,0.117985,49.7733,16.8433,76.2949
0.0496645,0.0549567,0.10454,46.1445,14.662,76.2955
0.0474513,0.026321,0.112174,52.496,15.9561,76.2965
0.0466998,0.0108642,0.121498,54.9013,16.135,76.2968
0.0489482,0.0191875,0.158142,47.7238,18.7616,76.2978
0.0467487,0.0423213,0.0949191,54.1091,15.6388,76.2979
0.0447276,0.0451473,0.114427,60.7366,17.023,76.299
0.0444096,0.146955,0.115929,61.491,16.9992,76.3043
0.0460541,0.0687747,0.09617,56.8892,15.6685,76.3051
0.0535316,0.0367941,0.164887,37.1888,16.855,76.3065
0.0502697,0.0543399,0.13201,44.8909,16.6515,76.3081
