beta,permeability,xi,init_days,delay,value
0.0426692,0.00541866,0.113111,46.3365,19.9978,88.3044
0.0418308,0.0069906,0.088819,50.5076,19.2001,88.4606
0.0426388,0.0062901,0.116407,46.5893,19.0492,88.6164
0.0429667,0.00590823,0.110806,45.0577,19.6664,88.8956
0.0420358,0.0104353,0.0924301,49.3426,19.7841,88.953
0.0426255,0.015342,0.115892,46.5018,19.4288,88.9533
0.0422214,0.0161588,0.0998562,48.1758,19.5762,89.0322
0.0434325,0.00455037,0.128329,43.8788,19.4031,89.0536
0.043497,0.00440023,0.11897,43.6169,19.5788,89.057
0.0424891,0.0100949,0.10133,47.7071,19.9887,89.0909
0.0445409,0.00523,0.152008,39.5995,19.6171,89.1484
0.0418467,0.0113635,0.0868788,50.5439,19.7106,89.1986
0.0428641,0.0183622,0.121051,45.6845,19.0863,89.2032
0.0434556,0.01209,0.125967,43.8151,19.5893,89.2679
0.0428436,0.0147379,0.124676,45.9486,19.3698,89.2843
0.042679,0.0089263,0.109058,46.8615,19.9049,89.2901
0.0440095,0.00574165,0.135808,41.3221,19.5031,89.2962
0.0442548,0.00335238,0.14206,40.0952,19.5104,89.2982
0.0426297,0.00546698,0.116887,46.5304,19.7681,89.3055
0.0442701,0.00736013,0.141213,40.501,19.9447,89.3261
0.0451861,0.0104789,0.159743,37.9644,19.615,89.3644
0.0429099,0.00733962,0.12012,45.0889,19.0569,89.4102
0.0423821,0.0349168,0.111271,47.7408,19.4049,89.416
0.0427313,0.0160429,0.105787,46.6942,19.6637,89.4543
0.0459141,0.00889075,0.161713,35.5257,19.6037,89.4592
0.0435185,0.00456137,0.116981,43.1014,19.144,89.4702
0.0425938,0.0321301,0.119832,46.9756,19.9659,89.4765
0.0431605,0.00718035,0.12392,44.8803,19.2566,89.4919
0.0442231,0.0119622,0.147054,40.4601,19.6997,89.4936
0.042708,0.0216533,0.107409,46.1491,19.652,89.4952
0.04452,0.0133726,0.155142,39.1763,19.977,89.5035
0.0420342,0.021659,0.0927851,49.6136,19.8466,89.5207
0.042684,0.0243929,0.111059,46.5747,19.4115,89.5257
0.0423957,0.0366015,0.109818,47.5898,19.1274,89.544
0.0437082,0.0213675,0.130519,42.4017,19.0604,89.5456
0.0455816,0.0118164,0.156091,36.6349,19.5114,89.5696
0.042423,0.0313783,0.106551,47.822,19.9291,89.6037
0.0449271,0.00619547,0.146043,38.4135,19.6717,89.6152
0.0421689,0.0181754,0.105783,48.1674,19.3692,89.6418
0.0448668,0.00472157,0.153196,38.0398,19.1693,89.6508
0.0424302,0.0314183,0.107861,47.8984,19.8926,89.6517
0.0419612,0.0370349,0.0986408,49.6997,19.3652,89.6551
0.0428908,0.0280992,0.12014,45.669,19.3459,89.6677
0.0426526,0.00564996,0.117344,46.3822,19.2143,89.6748
0.0430737,0.0244223,0.133643,44.5154,19.3908,89.6808
0.0416322,0.0176953,0.0830103,51.009,19.7245,89.682
0.0433432,0.0156876,0.136154,43.6972,19.8806,89.6882
0.0420796,0.0101765,0.0897148,49.4364,19.4529,89.6967
0.0429924,0.00977119,0.10767,45.0228,19.2294,89.6999
0.0430875,0.0233762,0.129541,44.144,19.3739,89.7065
0.0431425,0.00539137,0.127293,44.3821,19.2075,89.7142
0.0436982,0.0223269,0.134592,42.8864,19.1463,89.7177
0.0455618,0.00971728,0.157901,36.8368,19.1055,89.7185
0.0458806,0.0119928,0.163825,35.0967,19.5579,89.7197
0.0417651,0.0335601,0.0922623,50.4188,19.6508,89.7242
0.0445096,0.0150686,0.158061,39.7048,19.7965,89.7289
0.0420775,0.00857198,0.0905566,49.8991,19.0126,89.7335
0.0426657,0.0226773,0.110588,46.4601,19.5008,89.734
0.0459204,0.0063146,0.163249,35.8179,19.9608,89.7433
0.0431015,0.0122996,0.131758,44.2941,19.7743,89.7489
0.0453189,0.00610909,0.143288,37.8573,19.4179,89.7551
0.0421809,0.0240133,0.10556,48.6632,19.2423,89.7618
0.0417697,0.0406645,0.0915906,50.351,19.1713,89.7637
0.0456036,0.00316554,0.155985,36.7245,19.2745,89.7733
0.0455892,0.00588953,0.157958,36.9791,19.9466,89.7817
0.0451987,0.0170144,0.158376,37.6108,19.3105,89.7853
0.0411863,0.033953,0.0775618,53.7441,19.2408,89.7924
0.0436621,0.0207822,0.139239,42.151,19.0218,89.7951
0.0431197,0.00989527,0.129597,44.7635,19.1808,89.8005
0.0428359,0.0151898,0.127611,45.3555,19.9204,89.8006
0.0442099,0.0218611,0.148968,40.3862,19.0695,89.8014
0.0421975,0.0344902,0.100826,48.4127,19.6479,89.8049
0.0436428,0.0207501,0.14091,42.785,19.3213,89.8113
0.0445442,0.0126811,0.147559,39.5107,19.3998,89.8132
0.0431452,0.00538821,0.127299,44.6213,19.7504,89.8144
0.0428793,0.0405437,0.121362,45.2135,19.645,89.8312
0.0444544,0.0033693,0.163233,39.1497,19.6956,89.8362
0.0430512,0.0131833,0.137463,44.5478,19.079,89.8372
0.0439663,0.027627,0.139206,41.0292,19.338,89.8422
0.042664,0.0374752,0.110918,46.7301,19.6924,89.8438
0.0437037,0.00827345,0.128819,42.0161,19.7867,89.8443
0.0446442,0.00543031,0.138166,39.9001,19.7414,89.8445
0.0440038,0.0162864,0.131933,41.8133,19.9072,89.8571
0.044483,0.0131408,0.156139,39.48,19.7991,89.8638
0.0420411,0.0211574,0.0934668,49.7577,19.1427,89.8653
0.0436872,0.030015,0.133509,42.6731,19.8005,89.8664
0.045584,0.0119335,0.157028,36.6848,19.8123,89.8673
0.0421675,0.023491,0.10686,48.1463,19.9841,89.8685
0.0455358,0.010714,0.16036,36.1111,19.2502,89.8686
0.0435902,0.00305318,0.144778,42.7462,19.1211,89.8814
0.0458838,0.00819841,0.162591,35.1643,19.0252,89.8815
0.0432843,0.00358659,0.105822,44.1687,19.7172,89.8864
0.0451114,0.00544788,0.164491,37.2884,19.0019,89.9148
0.0462936,0.00863632,0.162099,34.5134,19.7612,89.9344
0.0439161,0.0248658,0.147168,41.4421,19.1221,89.9488
0.0442177,0.00508717,0.154293,40.0903,19.0814,89.9534
0.0431439,0.0380941,0.12408,44.4088,19.162,89.9586
0.0422141,0.0364819,0.100755,48.5102,19.9261,89.9613
0.0426775,0.0316612,0.112425,46.3562,19.8939,89.9724
0.0451943,0.0148557,0.15533,37.0164,19.1369,89.9875
0.0441838,0.0271541,0.153395,40.8065,19.1496,89.9908
0.0445063,0.00713694,0.15052,39.2319,19.1024,89.9945
0.0417476,0.0354036,0.095315,50.6633,19.1372,89.9955
0.0442433,0.0239638,0.143704,40.447,19.6733,89.9958
0.0427441,0.0129038,0.10295,46.4233,19.841,89.9986
0.0452558,0.00324887,0.144511,37.5997,19.6723,90.0075
0.0437536,0.00635369,0.121477,42.8544,19.5323,90.0085
0.0424602,0.00369032,0.10178,47.5604,19.2552,90.0111
0.0420389,0.0237448,0.0933475,49.2525,19.9445,90.0134
0.0422717,0.0066056,0.0991788,48.5674,19.3656,90.0158
0.0450936,0.00766939,0.161233,37.3903,19.0324,90.0204
0.0439844,0.0120567,0.132397,41.4307,19.0298,90.0224
0.0438735,0.00410385,0.154221,41.8547,19.8434,90.0373
0.0426811,0.0338091,0.110922,46.2216,19.1308,90.0376
0.0432694,0.00640994,0.112126,44.0958,19.4328,90.0387
0.0448969,0.0141951,0.151926,38.7635,19.8279,90.0406
0.0415903,0.037045,0.0852474,51.6071,19.9164,90.0452
0.0452154,0.0154263,0.152951,37.084,19.0678,90.048
0.0446232,0.00539121,0.139441,39.9469,19.0181,90.0487
0.0451537,0.0211925,0.162653,37.0067,19.1291,90.0494
0.0433816,0.0338826,0.134146,43.8422,19.0531,90.0532
0.0459556,0.0154688,0.156723,35.9717,19.4972,90.0557
0.0448439,0.00859264,0.160091,38.5253,19.2855,90.056
0.0428511,0.0303236,0.124445,45.5542,19.3298,90.0614
0.0452621,0.0156696,0.149233,37.1896,19.5122,90.0729
0.043126,0.0264157,0.127483,44.1951,19.1487,90.0738
0.0434863,0.0140348,0.122264,43.5385,19.8099,90.0787
0.0425728,0.048454,0.120355,46.8155,19.015,90.0803
0.0427846,0.0408693,0.132036,45.0158,19.2832,90.087
0.044974,0.00738379,0.141087,38.2662,19.6487,90.0881
0.0452639,0.0164315,0.148812,37.8616,19.6689,90.0993
0.0437262,0.0191695,0.125912,42.3061,19.8116,90.1
0.0425456,0.0482197,0.124624,46.6819,19.9533,90.1032
0.0436311,0.00369169,0.137043,42.9113,19.7611,90.1056
0.0431827,0.00942692,0.118187,44.2953,19.0627,90.1098
0.0427099,0.0223359,0.105545,46.3644,19.2391,90.1113
0.0442105,0.0262348,0.151708,40.6425,19.2114,90.1224
0.0427818,0.0499815,0.129588,45.018,19.2051,90.1236
0.0452019,0.00869045,0.153417,37.6553,19.218,90.1249
0.0444781,0.0202626,0.155388,39.6794,19.7272,90.1294
0.0443255,0.0107556,0.134996,40.6866,19.5313,90.149
0.0438791,0.0247079,0.153162,41.2702,19.7101,90.15
0.0442502,0.00823896,0.139387,40.8277,19.7786,90.1508
0.0442184,0.0165752,0.145093,40.6617,19.8664,90.1509
0.0439539,0.0164538,0.144744,41.9963,19.906,90.1568
0.0431246,0.0335184,0.126651,44.9075,19.8947,90.1571
0.0449645,0.00881991,0.141441,38.6462,19.1092,90.1578
0.0459309,0.022598,0.157532,35.7011,19.64,90.1584
0.0456544,0.005998,0.147944,36.5371,19.1274,90.1591
0.0416289,0.0221686,0.0833468,51.2783,19.725,90.1607
0.0449597,0.00681711,0.144142,38.4971,19.6505,90.1812
0.0444742,0.0268396,0.160247,39.2482,19.6816,90.1842
0.0425778,0.0382163,0.118888,46.3876,19.3777,90.1923
0.0419843,0.0395602,0.0978977,49.8766,19.6289,90.1932
0.0419473,0.0282548,0.10087,49.0404,19.3117,90.1933
0.0451388,0.00706513,0.158153,37.8806,19.3614,90.1959
0.0433753,0.00872029,0.126961,43.2721,19.6126,90.1998
0.0428743,0.0354158,0.120858,45.2885,19.3739,90.2034
0.044525,0.0237628,0.152884,39.9242,19.5016,90.2069
0.0425157,0.0164328,0.100643,47.4408,19.9082,90.2119
0.0438542,0.00428185,0.155563,41.1711,19.1223,90.2133
0.0414112,0.00901475,0.0799368,52.8892,19.0385,90.2165
0.0436953,0.0395362,0.131445,42.6551,19.1116,90.2166
0.0431891,0.0245944,0.121903,44.8675,19.5341,90.2285
0.0431285,0.0170831,0.123809,44.8866,19.0968,90.2373
0.0456063,0.008017,0.157018,36.2793,19.3232,90.2382
0.0439163,0.0233297,0.142682,41.1339,19.7925,90.2473
0.0441729,0.0182121,0.152277,40.6818,19.6546,90.2487
0.0411717,0.0253685,0.0807193,53.4993,19.2892,90.2488
0.0444757,0.00654819,0.120062,40.6622,19.3461,90.2504
0.0458753,0.0248128,0.163363,35.47,19.8308,90.2507
0.0448173,0.0169327,0.155671,38.5695,19.8497,90.2582
0.0444733,0.0326103,0.16128,39.9832,19.804,90.2591
0.04295,0.00770007,0.106072,45.1144,19.8364,90.2606
0.0445634,0.00511717,0.153119,39.8019,19.276,90.2653
0.0445894,0.00476741,0.13401,39.2607,19.8738,90.2833
0.0455349,0.0319475,0.162656,36.6584,19.4196,90.2889
0.0435035,0.00351498,0.113694,43.6001,19.0636,90.2898
0.0433851,0.0183006,0.131245,43.6685,19.4786,90.2976
0.0441551,0.0277907,0.156967,40.3801,19.7632,90.2997
0.0449083,0.0119223,0.146048,38.185,19.7703,90.3093
0.0436294,0.00940773,0.137857,42.7084,19.2093,90.3103
0.0437171,0.024501,0.126876,42.1466,19.8035,90.3106
0.0439794,0.0173056,0.132146,41.0322,19.8921,90.312
0.0426684,0.0207676,0.108584,46.6432,19.4395,90.3124
0.0440226,0.0125673,0.127521,41.6712,19.4716,90.3127
0.0433037,0.0148805,0.14645,43.9931,19.6439,90.3161
0.0421871,0.0117876,0.106199,48.5602,19.3731,90.3212
0.044582,0.0231919,0.145399,39.081,19.3121,90.3217
0.0416253,0.0262197,0.0830358,51.4651,19.006,90.3248
0.0430968,0.0246944,0.131559,44.5798,19.5649,90.325
0.0459345,0.0228022,0.159744,35.9166,19.4676,90.3327
0.0433791,0.0167144,0.13172,43.3653,19.4005,90.3328
0.0442869,0.00800649,0.13329,40.754,19.2438,90.3332
0.0443168,0.00855472,0.126667,40.4959,19.3344,90.3334
0.0455988,0.0253261,0.151789,36.7527,19.3359,90.339
0.0427676,0.0149399,0.103047,46.8304,19.1651,90.3425
0.0445215,0.0124621,0.145413,39.1742,19.4677,90.3477
0.0443797,0.0158762,0.129776,40.5236,19.9843,90.3623
0.0450957,0.0178186,0.164728,37.943,19.0619,90.3634
0.0444482,0.0256718,0.160245,39.2246,19.7807,90.3693
0.0451732,0.0224554,0.157668,37.909,19.5747,90.3697
0.0426346,0.0318154,0.112375,46.9805,19.9606,90.3734
0.0450419,0.0131853,0.133034,38.216,19.6586,90.3734
0.0417522,0.0300369,0.0932305,50.0865,19.5811,90.3745
0.0455078,0.0264029,0.163873,36.7328,19.639,90.3795
0.0433452,0.0217233,0.137649,43.1501,19.5013,90.3842
0.0410163,0.00700813,0.0747491,54.6665,19.5256,90.3862
0.0423431,0.0564274,0.113186,47.4129,19.3772,90.3882
0.043815,0.00634545,0.113957,42.9202,19.3409,90.393
0.0420662,0.0153345,0.0922009,49.4362,19.9442,90.393
0.0455409,0.0125028,0.153436,36.1482,19.5468,90.3948
0.0447187,0.0187009,0.131333,39.194,19.6544,90.3992
0.0434231,0.0433759,0.127213,43.8562,19.4097,90.3998
0.0436138,0.030334,0.145512,42.7859,19.7983,90.404
0.0454932,0.0196466,0.160796,36.005,19.191,90.4047
0.0430368,0.041575,0.137786,44.7991,19.5138,90.4066
0.0416362,0.00990706,0.0847298,51.4558,19.2925,90.4158
0.0431536,0.0325873,0.120765,44.164,19.7634,90.4246
0.04458,0.00992115,0.14104,39.6747,19.7421,90.4246
0.0417869,0.0271154,0.0893981,50.6061,19.0789,90.425
0.043389,0.0170736,0.129732,43.8864,19.3343,90.4253
0.0445366,0.0278964,0.150492,39.048,19.7971,90.4268
0.0443775,0.0084587,0.129127,40.5261,19.2528,90.4319
0.0447659,0.024036,0.158455,38.4321,19.4576,90.4354
0.045492,0.0284985,0.164827,36.1771,19.6901,90.4413
0.0451049,0.0190996,0.162565,37.6489,19.8712,90.445
0.0429757,0.0124167,0.106891,45.6108,19.7168,90.4524
0.0462387,0.00555302,0.164687,34.7914,19.5468,90.4544
0.0447898,0.0225493,0.15354,38.1013,19.5428,90.4544
0.043238,0.00984575,0.109291,44.3351,19.7645,90.4617
0.0426576,0.0487201,0.111018,46.8221,19.8697,90.4639
0.0451671,0.00572031,0.152013,37.893,19.5185,90.4651
0.0434319,0.0354574,0.128136,43.8543,19.3235,90.4676
0.0447152,0.022492,0.131142,39.8209,19.881,90.4768
0.0431079,0.0584341,0.129087,44.9603,19.2426,90.4817
0.0429529,0.010462,0.10974,45.3097,19.3272,90.4819
0.0437362,0.0281989,0.124054,42.0961,19.0995,90.4842
0.0445727,0.0105798,0.138987,39.3186,19.9083,90.4859
0.044138,0.0327703,0.157614,40.6943,19.4887,90.4862
0.0456948,0.00687066,0.141995,36.0445,19.7367,90.4887
0.0434322,0.0162725,0.123258,43.5972,19.2207,90.4912
0.0431107,0.0400014,0.127312,44.8105,19.2627,90.4946
0.0441,0.00640121,0.114519,41.2584,19.3278,90.498
0.0437664,0.0209951,0.120084,42.2214,19.4251,90.5
0.04524,0.0129379,0.144677,37.4914,19.9936,90.5005
0.0445357,0.0157563,0.145579,39.2724,19.878,90.5008
0.0426575,0.019857,0.108895,46.6327,19.7536,90.5022
0.0451533,0.0311775,0.1608,37.2609,19.2223,90.5032
0.045881,0.00381527,0.159268,35.1236,19.7311,90.5042
0.0425812,0.0232471,0.122842,46.6573,19.7257,90.5079
0.0433571,0.0215666,0.133182,43.5387,19.7041,90.5136
0.0441275,0.0293505,0.161761,40.2016,19.4214,90.5166
0.0424632,0.0313737,0.105945,47.2839,19.6013,90.5205
0.0423188,0.00881631,0.0908051,48.7594,19.7266,90.5312
0.0438011,0.00808605,0.112776,42.2825,19.6114,90.5322
0.0452234,0.0230652,0.155984,37.0665,19.4408,90.5334
0.0427007,0.0196489,0.105751,46.8712,19.7095,90.5352
0.0448236,0.0232719,0.162282,38.243,19.4138,90.5352
0.0443338,0.0130538,0.1246,40.1505,19.0787,90.5368
0.0424216,0.0500557,0.108137,47.4663,19.991,90.5377
0.0445802,0.0121456,0.134947,39.3256,19.4673,90.54
0.0438157,0.00701634,0.110568,42.4361,19.3062,90.5411
0.0441943,0.0334023,0.147559,40.8707,19.089,90.5417
0.0427897,0.0104832,0.0958025,46.3294,19.0127,90.5417
0.0410193,0.00451146,0.0747267,54.7267,19.7582,90.5506
0.0438665,0.0395289,0.152156,41.8774,19.7975,90.552
0.0434524,0.0252068,0.120343,43.9438,19.5135,90.557
0.0451993,0.0189793,0.161143,37.4587,19.5821,90.5598
0.0448532,0.035,0.157174,38.4628,19.5229,90.5601
0.0421223,0.0370234,0.110562,48.9709,19.7491,90.5621
0.0416539,0.00769761,0.0832249,51.2346,19.9144,90.5625
0.0441349,0.0438375,0.161533,40.7696,19.1507,90.565
0.0426741,0.0220885,0.114649,46.943,19.0518,90.5713
0.0435416,0.0195253,0.153188,42.057,19.2919,90.5714
0.0423893,0.00749053,0.113638,47.5513,19.6017,90.5749
0.0447832,0.025058,0.155709,38.4505,19.9877,90.5754
0.0441863,0.0421178,0.153069,40.7502,19.7505,90.5757
0.0448913,0.0213389,0.147806,38.9859,19.2219,90.5763
0.0428671,0.02906,0.124579,45.9251,19.833,90.5846
0.0433627,0.0460162,0.13359,43.9817,19.4151,90.5852
0.0424847,0.0225673,0.0992713,47.7382,19.1316,90.5856
0.0415745,0.0211793,0.0864111,51.6681,19.6476,90.5886
0.0452054,0.0140897,0.150095,37.8301,19.7968,90.5907
0.0448191,0.0420122,0.160929,38.0025,19.3033,90.5934
0.0424872,0.0190313,0.0983846,47.176,19.7503,90.5948
0.0425616,0.0389113,0.124811,46.8365,19.9835,90.596
0.0449761,0.0089188,0.134305,38.3948,19.7905,90.6032
0.0432043,0.0189452,0.121495,44.2836,19.8516,90.6071
0.0454875,0.00567816,0.160877,36.1445,19.7895,90.6096
0.0445079,0.0227443,0.147778,39.6016,19.5295,90.6127
0.0426003,0.0129605,0.121712,46.9476,19.9382,90.6129
0.0450695,0.00747644,0.129687,38.1702,19.8792,90.6141
0.0425395,0.00374174,0.0911658,47.5932,19.2415,90.6195
0.0418923,0.0673841,0.104301,49.7028,19.4227,90.6212
0.0444373,0.00915027,0.125717,40.7425,19.2537,90.6227
0.0459504,0.0258944,0.156408,35.3969,19.3965,90.6237
0.0438642,0.0275363,0.15563,41.9369,19.9284,90.6245
0.044181,0.0318554,0.15016,40.6563,19.3784,90.6283
0.0444525,0.00985836,0.124945,40.5638,19.5216,90.6302
0.0417706,0.0347251,0.0904217,50.6183,19.6922,90.6384
0.0452791,0.0295136,0.145658,37.7686,19.4944,90.6442
0.0447248,0.0239913,0.128959,39.1493,19.1246,90.6514
0.0422989,0.0675094,0.119184,47.6634,19.5681,90.653
0.0442047,0.0343365,0.1473,40.2121,19.6425,90.6552
0.0446045,0.0333206,0.143023,39.2716,19.1004,90.6558
0.0450494,0.00754866,0.134398,38.5157,19.6134,90.6561
0.043835,0.00863428,0.160097,41.7081,19.7916,90.657
0.0456006,0.0197876,0.15662,36.5702,19.4406,90.6598
0.0455196,0.0250438,0.158783,36.4674,19.1625,90.6628
0.0422418,0.0244301,0.0947559,48.3498,19.8844,90.6641
0.0426991,0.0324718,0.105427,46.6243,19.1716,90.6698
0.0447529,0.00372384,0.125286,39.9591,19.719,90.6733
0.0448984,0.00702916,0.141177,38.2067,19.049,90.6786
0.0435973,0.0303938,0.146839,42.311,19.502,90.6789
0.0453361,0.0145069,0.141964,37.781,19.0981,90.6808
0.0432815,0.0293757,0.143335,43.0476,19.8788,90.6817
0.0448529,0.0063214,0.142827,38.5783,19.6718,90.6864
0.0421226,0.00733161,0.0808701,49.649,19.7075,90.6908
0.0412441,0.0153003,0.0749111,53.3963,19.6957,90.6927
0.0425107,0.0667265,0.128707,46.2482,19.6341,90.6961
0.0417716,0.0130331,0.0942622,50.2929,19.3628,90.7011
0.0430803,0.0365378,0.1326,44.9219,19.271,90.7025
0.0418034,0.00631387,0.0941537,50.4541,19.4759,90.7056
0.0452681,0.0334631,0.147085,37.4504,19.5446,90.7112
0.0442883,0.0152237,0.132775,40.1516,19.0387,90.7134
0.0424232,0.0349338,0.104535,47.1421,19.3475,90.7156
0.0430501,0.00491832,0.097486,45.5923,19.6683,90.718
0.044135,0.0461689,0.162756,40.6324,19.5232,90.7191
0.0443366,0.0294697,0.134462,40.3103,19.006,90.7207
0.045455,0.00988049,0.164349,36.8201,19.0698,90.7236
0.0410093,0.0292031,0.0726571,54.3562,19.2158,90.7243
0.0420156,0.0319248,0.0961893,49.485,19.7428,90.7271
0.044586,0.0181249,0.135453,39.511,19.4812,90.7301
0.0443536,0.0235232,0.133093,40.0474,19.8472,90.7308
0.0438049,0.00962752,0.11344,42.7032,19.0976,90.7309
0.0432727,0.0136888,0.109449,44.5895,19.7405,90.7326
0.0447147,0.00762821,0.135056,39.8148,19.4439,90.7332
0.0451579,0.0112558,0.154613,37.7848,19.2535,90.735
0.0448694,0.0153321,0.149724,38.6921,19.7285,90.7355
0.0455741,0.0331845,0.153885,36.6202,19.4816,90.7402
0.0455798,0.00954614,0.150282,36.9768,19.2453,90.744
0.0423788,0.0659261,0.110441,47.3585,19.8731,90.7455
0.0429009,0.0203009,0.113864,45.0205,19.7869,90.7502
0.0453183,0.0175853,0.144757,37.709,19.2899,90.7524
0.0443151,0.0196603,0.1269,40.1546,19.1727,90.7525
0.0447852,0.033317,0.164735,38.861,19.3338,90.7526
0.0446551,0.00379882,0.14125,39.8459,19.0342,90.7539
0.0440354,0.0135663,0.120185,41.934,19.3306,90.7542
0.0417699,0.0455239,0.0932009,50.3445,19.427,90.7551
0.0451826,0.0343835,0.157129,37.1955,19.9105,90.7552
0.0429234,0.0423149,0.116491,45.6848,19.4708,90.7572
0.0439218,0.0438767,0.14687,41.3467,19.0156,90.7587
0.0436687,0.00327861,0.126845,42.2713,19.9208,90.7621
0.0435625,0.0309499,0.151076,42.0677,19.8613,90.763
0.0442724,0.0230283,0.131507,40.2362,19.2883,90.7675
0.0441263,0.00563063,0.165113,40.2785,19.4666,90.7692
0.0447581,0.0319947,0.160553,38.7593,19.2538,90.7695
0.0452152,0.0339321,0.15755,37.4734,19.1295,90.7712
0.0444704,0.040772,0.157634,39.4771,19.2506,90.7813
0.044472,0.00986404,0.153352,39.1385,19.5984,90.7814
0.0472715,0.00309586,0.157938,31.7372,18.9425,90.782
0.0436119,0.0446121,0.140867,42.4435,19.1517,90.7924
0.0458299,0.0200006,0.164531,35.0186,19.2042,90.7938
0.0429088,0.0229687,0.121369,45.6625,19.7069,90.7954
0.0430299,0.0182753,0.0999315,45.347,19.99,90.7963
0.0444869,0.0306399,0.148906,39.3017,19.8313,90.7963
0.0455122,0.0462269,0.165288,36.4136,19.4418,90.7993
0.0437462,0.0218316,0.12792,42.8666,19.0273,90.8009
0.0424983,0.0712577,0.128521,46.4344,19.7943,90.8015
0.0454635,0.00791142,0.162345,36.3183,19.6386,90.8035
0.0450074,0.00940658,0.141563,38.5159,19.2457,90.8067
0.0455474,0.0120917,0.149653,36.7682,19.0825,90.8076
0.0436797,0.00629347,0.128938,42.4878,19.5712,90.8141
0.0428675,0.0198152,0.125533,45.6403,19.5189,90.8143
0.045344,0.0143558,0.13612,37.7539,19.4059,90.8199
0.0443037,0.0212986,0.134223,40.7642,19.0927,90.8239
0.0442427,0.0408963,0.144796,40.0491,19.1791,90.8245
0.043948,0.011239,0.148398,41.95,19.1183,90.8255
0.044456,0.0440262,0.160402,39.8829,19.5567,90.8299
0.0445958,0.00493721,0.149085,39.3719,19.8505,90.8301
0.0432587,0.020712,0.149862,43.0809,19.9231,90.8306
0.0432941,0.0111489,0.105871,44.8093,19.8315,90.8321
0.0445755,0.0239311,0.148849,39.1557,19.0179,90.8353
0.0444799,0.0288464,0.149183,39.5341,19.8155,90.838
0.0425715,0.00530598,0.0925587,47.9793,19.14,90.8412
0.0433489,0.0496642,0.134185,43.2202,19.0471,90.845
0.0431886,0.0190862,0.123939,44.0441,19.9797,90.8461
0.0452479,0.0311223,0.149003,37.5717,19.8179,90.8477
0.0442034,0.0414639,0.152026,40.0858,19.3913,90.8482
0.0427271,0.0627199,0.137576,45.0734,19.235,90.8486
0.0443217,0.0248146,0.134932,40.5194,19.2119,90.8503
0.0426969,0.0399888,0.11017,46.9287,19.9088,90.8533
0.0433001,0.0283287,0.145542,43.3358,19.6325,90.8566
0.0434045,0.0494706,0.127016,43.872,19.7669,90.8595
0.0438539,0.0421171,0.156517,41.2148,19.9022,90.8608
0.0435954,0.0366799,0.144738,42.0163,19.4562,90.8628
0.0424325,0.0306263,0.102602,47.2288,19.2337,90.8632
0.0446748,0.040283,0.134593,39.3729,19.9831,90.8639
0.044345,0.0158854,0.131564,40.9178,19.01,90.8672
0.0411503,0.0362058,0.0802905,53.2971,19.129,90.8681
0.0416964,0.0732014,0.0966965,50.7032,19.3012,90.8697
0.0436055,0.015613,0.139331,42.0863,19.3618,90.8722
0.0438355,0.0185006,0.157861,41.7729,19.2224,90.874
0.0458934,0.0240752,0.159037,35.2589,19.8783,90.8746
0.0429434,0.012518,0.109396,45.2946,19.6419,90.8759
0.0429828,0.0219385,0.11188,45.6326,19.4169,90.8766
0.0456384,0.0281265,0.146513,36.8014,19.4207,90.8781
0.042263,0.0221392,0.0933957,48.5719,19.8444,90.8794
0.0420232,0.00747569,0.0917884,49.4877,19.7754,90.8818
0.0444717,0.0178657,0.151049,39.2655,19.8103,90.8847
0.042765,0.0457063,0.135077,45.1578,19.5731,90.8892
0.0425569,0.0104454,0.0925591,47.5536,19.4501,90.8905
0.0449225,0.014411,0.150936,38.2768,19.3569,90.8917
0.0414215,0.0272065,0.0796351,52.1569,19.4076,90.8941
0.0462944,0.0180796,0.162975,34.0314,19.9853,90.9024
0.0428698,0.0045398,0.118077,45.7978,19.0386,90.9056
0.0409259,0.0584008,0.0788921,54.0599,19.5118,90.9124
0.0438396,0.00887133,0.1172,42.1023,19.964,90.9139
0.0462572,0.0163242,0.162634,34.1902,19.0276,90.9175
0.0438724,0.0371506,0.154798,41.2779,19.5738,90.9186
0.0453105,0.0101901,0.148397,37.0618,19.4331,90.9194
0.0422041,0.0558164,0.100643,48.5073,19.8558,90.9202
0.0436232,0.0382729,0.145713,42.9073,19.9897,90.9203
0.0455448,0.0181728,0.152994,36.4054,19.3796,90.9212
0.0433884,0.0180628,0.137539,43.1257,19.3333,90.9225
0.0455714,0.044664,0.154597,36.193,19.9283,90.923
0.0444271,0.00888187,0.123843,40.5102,19.7762,90.9251
0.0432723,0.0192336,0.105127,44.7414,19.9476,90.9287
0.0434783,0.0354622,0.117406,43.8389,19.0895,90.9387
0.0427112,0.0348753,0.109087,46.7352,19.3126,90.9436
0.0432059,0.0286722,0.112742,44.0321,19.2407,90.9446
0.043092,0.0424165,0.12903,44.3406,19.2647,90.9464
0.0435929,0.00486448,0.101409,43.7498,19.1169,90.9469
0.042342,0.0056138,0.0877833,48.8582,19.5278,90.9478
0.0442154,0.00800285,0.157099,40.8406,19.6824,90.9502
0.0426273,0.0677787,0.114526,46.533,19.9642,90.9532
0.0428282,0.00421987,0.0938337,46.4521,19.7207,90.9625
0.0423766,0.0531651,0.109376,47.9804,19.0303,90.9654
0.0438541,0.0296747,0.157569,41.7677,19.1256,90.9662
0.0431661,0.022935,0.118359,44.9801,19.264,90.9701
0.0438362,0.0141221,0.109232,42.34,19.032,90.9705
0.0444397,0.0498198,0.164093,39.9228,19.9111,90.9718
0.04328,0.00479325,0.102476,44.1193,19.3931,90.9729
0.0425368,0.0608112,0.122085,46.1146,19.0417,90.9746
0.0428017,0.0291004,0.133004,45.3011,19.9284,90.975
0.0447515,0.0361723,0.161975,38.0163,19.2188,90.978
0.0438872,0.0534336,0.148043,41.0097,19.3911,90.9811
0.0434772,0.0333747,0.118846,43.9006,19.5815,90.9816
0.0453098,0.0119051,0.148352,37.5189,19.6185,90.9823
0.0420648,0.0632354,0.11499,48.4088,19.9817,90.9894
0.0443502,0.0313941,0.131703,40.0134,19.6904,90.9903
0.0451606,0.0150703,0.155322,37.2771,19.7134,90.9919
0.0441544,0.0313943,0.151691,40.4346,19.8482,90.9943
0.0421652,0.0328369,0.102492,48.2279,19.0413,91
0.0438798,0.00471622,0.15574,41.9174,19.924,91.0045
0.0435711,0.00686606,0.11319,43.3033,19.556,91.0056
0.0448166,0.0313191,0.150374,38.5765,19.1552,91.0066
0.0433301,0.00465715,0.100982,44.4965,19.8026,91.0098
0.0452182,0.00610436,0.161397,37.4814,19.7349,91.014
0.0435211,0.00464715,0.156796,42.5904,19.3833,91.0214
0.0444641,0.0364136,0.151928,39.7161,19.4995,91.0247
0.0429453,0.00913698,0.119088,45.3882,19.2957,91.0259
0.0428423,0.0124648,0.130046,45.2426,19.5194,91.0282
0.0448041,0.0647272,0.161041,38.9778,19.2066,91.0303
0.0453087,0.0248136,0.139517,37.91,19.1642,91.0303
0.0453923,0.0134026,0.133445,37.8679,19.9656,91.0314
0.0429579,0.00673071,0.117753,45.4358,19.0989,91.0323
0.0439455,0.0456024,0.137524,41.3284,19.6087,91.0325
0.0424735,0.0193125,0.0961981,47.9816,19.6291,91.0376
0.0430073,0.0370307,0.139154,44.0594,19.5784,91.0382
0.0439843,0.0282659,0.12991,41.2632,19.5844,91.0415
0.0431731,0.0487486,0.118457,44.3318,19.7207,91.0433
0.0420219,0.023545,0.0900593,49.0765,19.1001,91.0469
0.043703,0.00570854,0.122905,42.2898,19.8772,91.0475
0.0441502,0.0273302,0.119876,41.0308,19.1289,91.0478
0.044063,0.0115783,0.1304,41.76,19.9595,91.0496
0.0435367,0.0200352,0.107216,43.6742,19.7288,91.0499
0.0428202,0.011167,0.130809,45.369,19.7239,91.0529
0.0441239,0.0178297,0.163125,40.8937,19.9704,91.0534
0.0464704,0.00859935,0.163366,33.3727,18.1024,91.0556
0.0451496,0.0204677,0.158905,37.8252,19.4517,91.0557
0.0427418,0.0180419,0.0997372,46.1791,19.8707,91.056
0.0442138,0.027104,0.13856,40.4791,19.0773,91.056
0.0468941,0.00713745,0.15767,32.3968,18.88,91.0569
0.041558,0.0163366,0.0895289,51.29,19.1198,91.0569
0.0440061,0.0312692,0.134336,41.6259,19.2538,91.0598
0.0449893,0.0170292,0.136374,38.2215,19.275,91.064
0.0450361,0.019801,0.130632,38.2535,19.7945,91.0662
0.0466344,0.00450347,0.165131,33.3491,19.943,91.0681
0.0409848,0.0341402,0.0758878,54.0132,19.1084,91.0713
0.0450757,0.00439759,0.125175,38.891,19.6761,91.075
0.0437985,0.0190232,0.114998,42.2479,19.1878,91.0798
0.044247,0.0139359,0.132368,40.533,19.0513,91.0892
0.0436116,0.0619321,0.142123,42.4565,19.327,91.0893
0.0469013,0.00998362,0.156969,32.8322,18.813,91.095
0.0436134,0.0422719,0.146908,42.0518,19.8943,91.0951
0.0423677,0.0268988,0.110831,47.5768,19.4588,91.101
0.045371,0.00969937,0.139424,37.0587,19.0941,91.1011
0.0435189,0.0219824,0.15601,42.0605,19.3178,91.1051
0.0425723,0.0128459,0.0902331,47.3873,19.3371,91.1054
0.0424847,0.0794502,0.129245,46.7096,19.4237,91.1085
0.0455926,0.0429247,0.152024,36.5807,19.9616,91.1092
0.0423652,0.0404894,0.115979,47.5059,19.8394,91.1157
0.0428595,0.0666845,0.119807,45.8484,19.7381,91.1191
0.0443992,0.00389303,0.118601,40.1534,19.9792,91.1205
0.0439498,0.034186,0.133656,41.4184,19.345,91.1209
0.0426816,0.0521465,0.108927,46.9768,19.5087,91.1224
0.0438747,0.00910631,0.156421,41.2931,19.3798,91.1231
0.0450441,0.00801083,0.13687,38.1097,19.4813,91.1246
0.0436153,0.0614281,0.143476,42.8453,19.9844,91.1248
0.0429665,0.0306685,0.112965,45.5442,19.1862,91.1278
0.0435884,0.00313547,0.113905,43.31,19.5072,91.1283
0.0438526,0.0234654,0.152436,41.7735,19.9356,91.1297
0.0450643,0.0191895,0.163555,37.7713,19.9289,91.1303
0.0459676,0.0227782,0.151469,35.5117,19.1142,91.1381
0.0422764,0.0641197,0.122918,47.5689,19.9092,91.1383
0.0420286,0.0307935,0.0952716,49.8044,19.3977,91.1413
0.0434082,0.0588355,0.126689,43.4861,19.8399,91.143
0.0422424,0.0458019,0.097585,48.8146,19.7205,91.1443
0.0444822,0.0197185,0.147487,39.299,19.9559,91.1464
0.0431075,0.0181674,0.121114,44.8362,19.056,91.1469
0.0423728,0.045879,0.108546,47.6952,19.9659,91.1472
0.043041,0.049067,0.132243,44.5829,19.0983,91.1541
0.0455166,0.0327033,0.157235,36.6771,19.0461,91.1559
0.0447722,0.0417278,0.164282,38.1853,19.1354,91.1587
0.0442136,0.00900552,0.112181,41.6971,19.2091,91.1589
0.0438903,0.0147819,0.113034,42.2922,19.493,91.1599
0.04299,0.0110415,0.103052,45.6774,19.47,91.1715
0.0443147,0.0242335,0.132544,40.8015,19.2641,91.174
0.0455506,0.018464,0.149545,36.9729,19.2544,91.1742
0.0439159,0.0123712,0.138172,41.6648,19.1357,91.1798
0.0437512,0.0271523,0.119602,42.4917,19.6633,91.1808
0.0455534,0.0320004,0.153439,36.8736,19.0909,91.1821
0.0425715,0.0238171,0.124534,46.2593,19.9623,91.1832
0.0441532,0.0515002,0.153297,40.6752,19.6764,91.1854
0.0445049,0.0403711,0.151808,39.6759,19.2818,91.1857
0.0453029,0.00363462,0.137507,37.2777,19.8292,91.1867
0.0427647,0.0423097,0.135651,45.9097,19.512,91.1882
0.0434655,0.042558,0.117763,43.0713,19.2581,91.1893
0.0416708,0.0751509,0.100542,50.0697,19.3931,91.1923
0.0446471,0.0470091,0.13826,39.3027,19.4043,91.1935
0.0436005,0.0570922,0.141898,42.8926,19.3771,91.1956
0.0438787,0.0443464,0.146006,41.7136,19.187,91.1958
0.0423444,0.0380581,0.113002,47.9441,19.6048,91.1985
0.0442971,0.0430042,0.138567,40.0912,19.845,91.2039
0.044195,0.0337454,0.14114,40.533,19.1985,91.2069
0.0450921,0.00825229,0.125871,38.7999,19.129,91.2071
0.0438159,0.0267812,0.119573,42.8499,19.3856,91.2072
0.0419562,0.0628809,0.0993387,49.0213,19.6179,91.2109
0.0453913,0.0136047,0.132326,37.5809,19.3265,91.2123
0.0433645,0.00312333,0.0966406,44.1414,19.7012,91.2125
0.0433999,0.0604739,0.127291,43.6471,19.0269,91.2127
0.0442431,0.0472285,0.14339,40.7769,19.3023,91.2135
0.0456314,0.0135143,0.143054,36.6719,19.7966,91.215
0.0430296,0.0533788,0.136431,44.4328,19.2578,91.2152
0.0436341,0.00591595,0.14635,42.684,19.587,91.2174
0.0448249,0.0461252,0.163326,38.6565,19.5705,91.2277
0.0433922,0.0230166,0.12224,43.6631,19.7981,91.2281
0.0430468,0.0040589,0.10685,45.3614,19.0491,91.2282
0.0413033,0.0671538,0.0857061,52.5975,19.2984,91.2321
0.0417509,0.0503159,0.0911272,50.4361,19.8648,91.2323
0.0445383,0.0343946,0.147336,39.7778,19.4413,91.2337
0.0458447,0.0308562,0.163839,35.7625,19.8854,91.2338
0.0459404,0.0176106,0.162703,35.7135,19.9387,91.2345
0.0444407,0.0529516,0.161666,39.013,19.2231,91.2345
0.04093,0.0594788,0.0785864,54.6771,19.8388,91.2383
0.0449977,0.0308727,0.134723,38.6254,19.1892,91.2387
0.0458832,0.019462,0.157919,35.3999,19.9854,91.2409
0.0433339,0.0541474,0.135638,43.8654,19.7095,91.2413
0.0429421,0.0199051,0.109042,45.8587,19.3276,91.2416
0.0428176,0.0266394,0.123213,45.7077,19.2475,91.2419
0.0425172,0.0487469,0.127291,46.4248,19.2932,91.2426
0.0450117,0.0126314,0.131987,38.7245,19.647,91.2431
0.0455868,0.0456807,0.152093,36.2717,19.8137,91.2436
0.0430427,0.0132009,0.105112,45.0466,19.8584,91.2436
0.0441175,0.0115746,0.112823,41.4374,19.5233,91.2475
0.0442425,0.0434263,0.146345,40.5427,19.5093,91.2481
0.0468472,0.00573188,0.157211,32.9071,18.2126,91.2497
0.045545,0.0446012,0.155269,36.8972,19.1694,91.2561
0.0438856,0.0427407,0.153388,41.1832,19.7172,91.2561
0.0451666,0.0537687,0.162269,37.7241,19.9903,91.2574
0.0421601,0.0296544,0.109425,48.3231,19.7715,91.2586
0.0430498,0.00606534,0.105903,45.1916,19.2967,91.2611
0.0429611,0.0412444,0.111459,45.0919,19.5779,91.2634
0.0430899,0.0365993,0.126898,44.0734,19.8706,91.2646
0.0436639,0.0361326,0.128929,42.7773,19.63,91.2648
0.0443742,0.0109521,0.120097,40.6218,19.8335,91.265
0.0444137,0.00343488,0.119243,40.728,19.2355,91.2666
0.0437143,0.0261642,0.133984,42.6422,19.5734,91.2678
0.0444943,0.0480663,0.157904,39.5348,19.5063,91.27
0.0446005,0.0415669,0.143751,39.7048,19.702,91.27
0.0436998,0.0430419,0.126512,42.2262,19.9118,91.2709
0.043812,0.0402866,0.162733,41.9381,19.8875,91.2715
0.0443943,0.0259043,0.129977,40.3587,19.8397,91.2734
0.0438747,0.044755,0.14544,41.3886,19.8108,91.2755
0.0420527,0.0843708,0.113559,48.687,19.4538,91.2776
0.0450588,0.0258012,0.163508,37.8589,19.6233,91.2788
0.0426873,0.0351871,0.105854,46.1243,19.3255,91.2799
0.0451806,0.0454957,0.151016,37.8854,19.939,91.2805
0.0429263,0.0341117,0.11885,45.3306,19.8952,91.2816
0.0451091,0.0280421,0.164442,37.6017,19.146,91.2821
0.042627,0.0663149,0.116348,46.1565,19.0884,91.2834
0.0472182,0.0114179,0.165848,31.8616,18.4277,91.2846
0.0427252,0.00723207,0.0977661,46.2208,19.5253,91.2897
0.0439454,0.0329709,0.133332,41.2475,19.0628,91.2904
0.0450429,0.00935316,0.137191,38.1204,19.6238,91.2904
0.0442105,0.0386173,0.139055,40.9822,19.3657,91.2928
0.0421659,0.0669595,0.105529,48.4668,19.3789,91.2947
0.0445662,0.0138365,0.133486,39.3351,19.7695,91.2958
0.0441533,0.0609292,0.156061,40.1734,19.371,91.2959
0.045181,0.0448194,0.14992,37.3611,19.3748,91.2959
0.041672,0.0808908,0.0992068,50.4363,19.6029,91.2965
0.042769,0.0334501,0.1354,45.0049,19.6159,91.2981
0.0427175,0.0203254,0.101316,46.5061,19.6166,91.2992
0.0458834,0.0517011,0.161923,35.6004,19.9087,91.2998
0.0438947,0.032972,0.153728,41.2648,19.662,91.3004
0.0416851,0.083345,0.0977013,50.9843,19.0651,91.3033
0.0452366,0.0479498,0.149702,37.9586,19.6213,91.3116
0.043128,0.0276811,0.119241,44.3937,19.2689,91.3117
0.0444185,0.0345073,0.160907,39.2041,19.8272,91.3118
0.0449811,0.00763859,0.130651,38.9775,19.5563,91.313
0.0432091,0.0110268,0.122994,44.3136,19.1957,91.314
0.0445093,0.0299889,0.160331,39.3361,19.451,91.3149
0.0438248,0.0648966,0.158398,41.5297,19.4342,91.3156
0.0427906,0.018599,0.0969747,46.1766,19.6115,91.3173
0.0466584,0.00408575,0.164823,33.3296,19.1436,91.3181
0.0425292,0.0441227,0.128228,46.7697,19.9573,91.3198
0.0419396,0.073032,0.0996998,49.8422,19.8151,91.3219
0.0462481,0.0312918,0.163629,34.6361,19.1992,91.3219
0.0456025,0.0341888,0.148293,36.7144,19.8316,91.3231
0.0442796,0.0345862,0.131226,40.3591,19.7295,91.3241
0.0456502,0.0313457,0.146138,36.6305,19.8597,91.3247
0.0420729,0.0681702,0.11539,48.1561,19.6498,91.3248
0.0451985,0.00860408,0.145774,37.5774,19.28,91.3254
0.0442015,0.0438141,0.141282,40.2557,19.3642,91.3292
0.0418287,0.0784506,0.111038,49.8847,19.0679,91.3307
0.043101,0.00660626,0.091168,45.9626,19.2159,91.3311
0.0411699,0.0135294,0.0802575,53.585,19.9314,91.3355
0.0442488,0.0352508,0.132904,40.77,19.1717,91.3364
0.043289,0.0269892,0.148603,43.8554,19.7891,91.3398
0.0432766,0.0265533,0.104306,44.8932,19.7418,91.3412
0.0453038,0.0302428,0.147026,37.4964,19.7216,91.3413
0.043042,0.00583194,0.107401,45.9144,19.6521,91.3416
0.0463404,0.00734924,0.156243,34.1401,19.8827,91.3423
0.0430659,0.00363066,0.104596,45.8084,19.3302,91.3451
0.0443973,0.0593679,0.164413,39.8021,19.2712,91.3458
0.0450965,0.019535,0.156865,37.8205,19.9192,91.3469
0.0446784,0.00962074,0.125193,39.0364,19.9412,91.347
0.0407698,0.0443705,0.0736342,55.1294,19.9676,91.347
0.0452118,0.0448836,0.15301,37.904,19.3566,91.3477
0.0451792,0.0518598,0.163197,37.915,19.8492,91.3482
0.0451476,0.0573125,0.165046,37.2625,19.6001,91.3499
0.0424087,0.00747753,0.114493,47.8213,19.6553,91.3518
0.0423516,0.0728507,0.115216,47.5859,19.5173,91.352
0.042148,0.0616386,0.108084,48.3165,19.9873,91.3525
0.0426386,0.0374625,0.109379,46.3845,19.4078,91.3569
0.0429223,0.0253527,0.105282,45.994,19.6388,91.3599
0.0436272,0.0120123,0.131372,42.2962,19.1038,91.364
0.0459561,0.0304961,0.153642,35.116,19.3465,91.3641
0.0438308,0.0676626,0.157851,41.9976,19.4306,91.3651
0.041747,0.0525443,0.0912498,50.3285,19.0399,91.3685
0.0444669,0.00500657,0.124783,40.1904,19.4496,91.3688
0.0426053,0.0441468,0.112509,46.4683,19.3247,91.3701
0.0456604,0.0209433,0.142197,36.1269,19.6341,91.3703
0.0432245,0.0109493,0.107888,44.1518,19.6369,91.3705
0.0435824,0.0100123,0.152815,42.8241,19.36,91.3707
0.0444424,0.0492571,0.15378,39.3005,19.7806,91.3711
0.0433147,0.0396745,0.13633,43.2416,19.4367,91.3741
0.0432135,0.0239361,0.120297,44.0687,19.4894,91.3747
0.0440958,0.0220769,0.126295,41.897,19.8326,91.3748
0.0435929,0.0148158,0.13783,42.0463,19.4117,91.3753
0.0431021,0.0046851,0.100674,45.0667,19.2467,91.3764
0.0426473,0.0164368,0.119015,46.3711,19.4413,91.377
0.0412136,0.0332387,0.0748837,53.0156,19.5973,91.3771
0.0472166,0.012189,0.165703,31.0023,18.0366,91.3786
0.041995,0.0539335,0.0960134,49.7664,19.5441,91.3793
0.0441967,0.0103336,0.161156,40.601,19.5404,91.3805
0.0446372,0.0455698,0.13952,39.7025,19.1795,91.3819
0.0430771,0.00884302,0.0932724,45.0671,19.9751,91.3887
0.0448675,0.0154657,0.140238,38.7414,19.634,91.3892
0.0448134,0.0388294,0.149734,38.0869,19.8249,91.3937
0.0428674,0.037397,0.114686,45.0009,19.0254,91.3957
0.043111,0.0379254,0.118992,44.1055,19.6122,91.3972
0.0455295,0.0512716,0.157926,36.3387,19.3508,91.3991
0.0446902,0.0091849,0.125224,39.9228,19.4501,91.4013
0.0438405,0.0245927,0.153912,41.8954,19.9295,91.4016
0.0432407,0.0233931,0.105574,44.0623,19.7213,91.4017
0.04326,0.0298072,0.104788,44.2544,19.9994,91.402
0.0454385,0.0223131,0.163923,36.0172,19.492,91.4033
0.0468677,0.0173973,0.160441,32.5265,18.4613,91.4033
0.0421437,0.0271351,0.105403,48.8537,19.1722,91.4034
0.0469357,0.00952407,0.147327,32.786,18.4282,91.4055
0.0449386,0.0282039,0.140795,38.6279,19.4581,91.4064
0.0455484,0.0528146,0.160791,36.434,19.826,91.4069
0.044265,0.0358957,0.131529,40.5734,19.8977,91.4072
0.0427277,0.0333597,0.107468,46.7501,19.9453,91.4077
0.0436561,0.0186602,0.128513,42.8802,19.0121,91.4093
0.0422581,0.0374139,0.0947218,48.2235,19.6878,91.4096
0.0427746,0.0645943,0.13101,45.8665,19.207,91.4137
0.0425418,0.0161154,0.0905668,47.9413,19.7957,91.4143
0.0445457,0.0581574,0.150133,39.7656,19.3445,91.4147
0.0419898,0.0185839,0.0937575,49.3511,19.1592,91.4148
0.0445554,0.0350816,0.138279,39.053,19.6972,91.415
0.0445515,0.0311321,0.153768,39.6773,19.2754,91.4153
0.0458806,0.035102,0.159932,35.2348,19.3715,91.4173
0.0455716,0.0540142,0.154617,36.6467,19.1439,91.4228
0.0468623,0.0125554,0.161056,32.8649,18.9349,91.4239
0.0426373,0.0448128,0.10618,46.9939,19.1585,91.4246
0.0416062,0.0392409,0.0830947,51.5459,19.4417,91.4262
0.0445224,0.00656319,0.115654,40.7101,19.697,91.4268
0.0438069,0.0224299,0.121798,42.2295,19.6514,91.4276
0.0422413,0.0443922,0.0990321,48.0614,19.6754,91.4308
0.0447515,0.0483582,0.162042,38.1291,19.6385,91.4309
0.0420941,0.0928149,0.11005,48.6769,19.9147,91.4328
0.0447232,0.0174507,0.148243,38.3383,18.5955,91.4333
0.0421636,0.0484768,0.107814,48.1344,19.1983,91.4345
0.0434778,0.00375078,0.109915,43.0646,19.0813,91.4384
0.0444147,0.0417965,0.126136,40.321,19.7298,91.4386
0.0462112,0.0039757,0.142956,34.3798,18.0181,91.4392
0.0451769,0.0381835,0.164599,37.0149,19.4007,91.4398
0.0452015,0.0190274,0.147115,37.0566,19.963,91.4402
0.0431333,0.00898068,0.132839,44.42,19.5299,91.4426
0.0425424,0.0310215,0.125376,46.0259,19.186,91.444
0.0445545,0.00341183,0.126452,39.2549,18.7061,91.4464
0.0455109,0.0573997,0.161794,36.9719,19.7155,91.4466
0.0450576,0.0104816,0.151538,37.3417,18.6936,91.4491
0.0426707,0.0078934,0.106219,46.1508,19.2516,91.4501
0.0440117,0.0337928,0.127382,41.3669,19.8946,91.4507
0.0425645,0.0772279,0.120563,46.1794,19.525,91.4509
0.0452387,0.0269563,0.142431,37.6939,19.3967,91.4521
0.0438284,0.0511081,0.154097,41.2872,19.3935,91.4523
0.044117,0.0634875,0.162256,40.5682,19.6118,91.4537
0.043139,0.00617674,0.089136,45.4871,19.6138,91.4545
0.0455422,0.0586467,0.160606,36.8778,19.3415,91.4565
0.0428299,0.0124388,0.132002,45.0909,19.3025,91.4595
0.042338,0.0569251,0.11789,47.278,19.0603,91.4597
0.0443971,0.00706717,0.117668,40.2129,19.5511,91.4616
0.0437346,0.0340582,0.128922,42.916,19.9337,91.4621
0.0418805,0.0181047,0.0840107,50.6685,19.1155,91.4635
0.0442661,0.00353727,0.129449,40.303,19.7085,91.4667
0.0442676,0.00764187,0.123533,40.7875,18.5399,91.4668
0.0423549,0.0218072,0.118329,47.0238,19.6335,91.467
0.0450729,0.00461776,0.150603,37.814,18.1236,91.472
0.0446326,0.0525244,0.140347,39.2703,19.1975,91.4745
0.0441884,0.0108087,0.128953,40.9434,18.6765,91.4753
0.0442372,0.036734,0.13337,40.4896,19.4924,91.4783
0.0435792,0.063763,0.144753,42.3315,19.9031,91.4785
0.0445298,0.0668142,0.150701,39.4192,19.6949,91.4788
0.0439396,0.0373744,0.133074,41.0232,19.5421,91.479
0.0451361,0.0288304,0.157541,37.3274,19.1636,91.4791
0.0437389,0.0145382,0.111529,42.0571,18.2007,91.4808
0.0449823,0.035306,0.135965,38.9639,19.0621,91.483
0.0451563,0.0701185,0.162148,37.9125,19.2733,91.4846
0.0445527,0.0370654,0.138398,39.5515,19.1016,91.4847
0.0438537,0.0188425,0.107091,42.8986,19.9769,91.485
0.0438341,0.0564431,0.152207,41.8408,19.7044,91.4852
0.0435545,0.00677947,0.117381,43.9983,19.3617,91.4868
0.043629,0.026139,0.134124,42.5341,19.5696,91.4878
0.0443916,0.0111315,0.118485,40.0807,19.5933,91.4879
0.0446091,0.0287772,0.136238,39.0196,19.0921,91.4898
0.0423095,0.0220057,0.0906368,48.8832,19.105,91.4906
0.0458529,0.0424786,0.162894,35.6393,19.4597,91.491
0.0448926,0.0442909,0.142707,38.7313,19.7494,91.4944
0.0468876,0.0116042,0.161248,32.4718,18.3803,91.4951
0.0415501,0.0197151,0.0917319,51.8651,19.7298,91.4953
0.0454629,0.0503627,0.162384,36.4297,19.0677,91.4956
0.0431142,0.0434403,0.124137,44.128,19.516,91.4962
0.045922,0.00733524,0.151772,35.1842,19.8819,91.4967
0.0436862,0.0411385,0.125994,42.7248,19.0899,91.4988
0.0422778,0.0659003,0.123494,47.5448,19.2946,91.4994
0.0455399,0.0500183,0.15584,36.7261,19.88,91.5011
0.0438346,0.0242572,0.108801,42.7814,19.6287,91.5013
0.0427364,0.0760951,0.132305,45.2268,19.2834,91.5015
0.0444568,0.0488608,0.155359,39.4671,19.1565,91.5029
0.0452487,0.0411791,0.145895,37.0366,19.4999,91.5032
0.0431413,0.061968,0.120878,44.629,19.0238,91.5051
0.0425693,0.0124261,0.0939771,47.3808,19.9302,91.5051
0.0429898,0.00804658,0.098283,45.0527,19.0899,91.5063
0.0430613,0.0847063,0.132342,44.3404,19.9829,91.5065
0.0420784,0.0561788,0.112059,48.683,19.943,91.5069
0.0433384,0.0076659,0.105326,44.8607,19.9295,91.5079
0.0456682,0.0284316,0.144018,36.554,19.3664,91.5093
0.0465196,0.00634657,0.159717,33.5149,18.9397,91.5112
0.0455038,0.00437808,0.142372,36.8651,18.2834,91.513
0.0447288,0.00546245,0.121363,39.9098,19.7305,91.5146
0.0452572,0.0318134,0.144012,37.0914,19.1314,91.5148
0.0431628,0.0311436,0.117021,44.1011,19.7996,91.5164
0.0425643,0.0638769,0.123812,46.7427,19.6026,91.5174
0.0441442,0.0183577,0.155054,40.1703,19.8055,91.5179
0.0468837,0.00513856,0.155169,32.1625,18.8707,91.5208
0.0431125,0.076914,0.125623,44.4141,19.4255,91.5221
0.0415847,0.0189435,0.0848979,51.4233,19.7875,91.5229
0.0454407,0.0174524,0.162,36.5135,19.5908,91.5234
0.0434546,0.0046662,0.11153,43.4385,19.0322,91.524
0.0444941,0.0349392,0.162428,39.2225,19.7728,91.5249
0.0444306,0.0063291,0.162438,39.9509,19.6095,91.5267
0.0429758,0.0603359,0.146844,44.8398,19.8502,91.5272
0.0447872,0.0109089,0.140139,38.3842,18.6265,91.5272
0.0407142,0.0622524,0.0766033,55.8689,19.8388,91.5287
0.0444831,0.0263751,0.14569,39.921,19.2977,91.5332
0.0435465,0.00334019,0.158569,42.26,19.2174,91.5332
0.0436915,0.0462511,0.133974,42.8078,19.3436,91.5338
0.0441619,0.0441255,0.161956,40.995,19.7338,91.5367
0.0447612,0.0149163,0.12131,39.9748,19.1181,91.5367
0.046264,0.0192204,0.159993,34.4439,19.1765,91.5422
0.0429403,0.0454432,0.114642,45.6833,19.6984,91.5424
0.0441296,0.00855285,0.158,40.6582,19.1456,91.5425
0.0427136,0.0391439,0.101358,46.6746,19.5434,91.5431
0.0437722,0.0234847,0.126158,42.0627,19.3856,91.5434
0.0444356,0.0560053,0.15462,39.8244,19.7274,91.5448
0.0455664,0.0502238,0.159042,36.2331,19.0705,91.5477
0.0436624,0.040538,0.127995,42.7155,19.7688,91.5486
0.0437803,0.0280518,0.123897,42.4499,19.8788,91.5506
0.0433264,0.0524416,0.142588,43.6897,19.4219,91.5521
0.0438207,0.0209901,0.117875,42.7136,19.1971,91.5529
0.0439734,0.0138281,0.117662,41.6644,18.8473,91.5545
0.0433113,0.0285502,0.0993908,44.1718,19.1947,91.5552
0.0417984,0.0399429,0.0868117,50.9743,19.2232,91.557
0.0438187,0.0747287,0.157467,41.6501,19.2853,91.5586
0.0449343,0.0574429,0.143834,38.8061,19.8659,91.5614
0.0416128,0.0190157,0.0869078,51.5028,19.9981,91.5622
0.0442267,0.0438334,0.139984,40.7675,19.6099,91.5626
0.0429394,0.0519731,0.112612,45.3943,19.5983,91.563
0.045118,0.0344182,0.162789,37.8438,19.3566,91.5638
0.0459214,0.0358362,0.15461,35.906,19.1394,91.5654
0.0433187,0.00993852,0.102965,44.2338,19.7787,91.5661
0.040874,0.087306,0.0809661,54.8977,19.618,91.5668
0.044664,0.0257181,0.141297,39.1349,19.2484,91.5674
0.0459447,0.0179301,0.150949,35.0326,19.1853,91.5696
0.0408267,0.00791636,0.0716499,55.5957,19.8375,91.5705
0.0436375,0.00521414,0.128787,42.0581,19.9808,91.5705
0.04494,0.0507611,0.146873,38.7229,19.4398,91.5711
0.0433482,0.0475576,0.132766,43.1454,19.4873,91.5721
0.0447686,0.0201351,0.123408,39.0062,19.1808,91.5738
0.0462147,0.00854749,0.140008,34.79,18.9113,91.5752
0.0449711,0.024601,0.135429,38.2282,19.2743,91.5767
0.0447543,0.0506124,0.165808,38.8065,19.2918,91.5772
0.0443528,0.019707,0.136596,40.1207,19.8148,91.5788
0.044641,0.0319358,0.134963,39.9546,19.4059,91.5797
0.0414893,0.00722083,0.0738734,52.2338,19.5358,91.5808
0.0426684,0.0591665,0.108789,46.2995,19.2953,91.5815
0.0461019,0.0123128,0.160029,34.4946,18.4453,91.5826
0.045118,0.0284103,0.154589,37.4969,19.2881,91.5849
0.0429431,0.0317264,0.117194,45.3143,19.176,91.5854
0.0461531,0.00808109,0.150371,34.9085,18.668,91.5875
0.0461286,0.0187581,0.158604,34.8427,18.9489,91.5891
0.0450895,0.0419271,0.161334,37.5069,19.5467,91.5903
0.0434952,0.0406139,0.161122,42.7063,19.6665,91.5907
0.0432457,0.0133738,0.0995097,44.436,18.1196,91.5921
0.041527,0.0476559,0.0927108,51.0675,19.4154,91.5929
0.0436909,0.00709982,0.115442,42.583,18.925,91.594
0.0450326,0.0143076,0.154616,37.5168,18.0953,91.595
0.0441758,0.0529932,0.147452,40.3367,19.2958,91.5959
0.0452756,0.0226323,0.15366,37.0334,19.907,91.5959
0.044154,0.0296355,0.15005,40.6089,19.594,91.5974
0.0434686,0.00905323,0.106311,43.1373,18.0924,91.5992
0.0448334,0.0606459,0.158681,38.0722,19.758,91.5999
0.0445536,0.0606976,0.148575,39.3176,19.1126,91.5999
0.0437408,0.0122779,0.116057,42.2601,19.7348,91.6019
0.0464297,0.0242545,0.164918,33.9175,18.2269,91.602
0.0429498,0.0364826,0.115459,45.8692,19.9022,91.6037
0.0421766,0.0158424,0.109007,48.7916,19.2802,91.6049
0.0454909,0.05871,0.1625,36.5553,19.9809,91.6066
0.0447609,0.00928326,0.120968,39.4252,19.1689,91.6084
0.0451846,0.0255693,0.149055,37.4522,19.6073,91.6088
0.0431179,0.0712009,0.12388,44.2386,19.6864,91.6095
0.0435052,0.0337404,0.110739,43.5139,19.4121,91.6104
0.043993,0.0284576,0.139238,41.2779,19.5066,91.611
0.043833,0.0508659,0.152543,41.5943,19.841,91.611
0.0461203,0.0125036,0.158097,34.2425,18.8301,91.6117
0.0427511,0.0331189,0.102945,46.2375,19.6398,91.6126
0.045157,0.0256171,0.151914,37.4354,19.7622,91.6128
0.043823,0.0350825,0.118542,42.4981,19.3381,91.6129
0.042633,0.00671861,0.0921803,47.236,19.2731,91.6147
0.0433344,0.0397266,0.134328,43.7109,19.9786,91.6154
0.0418742,0.0462494,0.106488,49.1699,19.3148,91.6162
0.0462218,0.00927231,0.161725,34.2941,19.3563,91.6162
0.0432941,0.0155987,0.110821,44.7014,19.1218,91.6209
0.045861,0.0608942,0.163983,35.9842,19.1693,91.6213
0.0441665,0.0555509,0.148669,40.5708,19.2391,91.6217
0.046118,0.0117126,0.161328,34.0282,18.017,91.6234
0.0425551,0.0907853,0.123738,46.6497,19.5777,91.6235
0.0444785,0.0529386,0.161707,39.4472,19.1366,91.6245
0.0453446,0.00832465,0.14567,37.3527,19.1733,91.6259
0.0450029,0.0154811,0.15932,37.4048,18.4093,91.626
0.0461958,0.0070015,0.163016,34.895,19.7534,91.6268
0.0446117,0.0628504,0.141322,39.6642,19.8656,91.6268
0.0416016,0.104257,0.104493,50.7249,19.9879,91.6281
0.0451963,0.0121009,0.133437,37.9346,18.7714,91.6288
0.0446269,0.0521195,0.141671,39.4272,19.8375,91.6293
0.0434161,0.0088734,0.116331,43.635,19.7794,91.6302
0.0447648,0.0786556,0.165886,38.1473,19.9646,91.6303
0.0438791,0.0706616,0.149264,41.1119,19.6108,91.6311
0.0465364,0.0147542,0.154675,33.5456,18.1633,91.6321
0.0435968,0.0654293,0.147452,42.776,19.281,91.6333
0.0435506,0.0250954,0.104327,43.2755,19.5776,91.6334
0.0455804,0.056924,0.153832,36.274,19.2025,91.6342
0.0422739,0.0738969,0.123822,47.915,19.2384,91.636
0.0431629,0.0248094,0.110894,44.2697,19.2343,91.6372
0.0445159,0.0131502,0.13112,39.28,18.8403,91.6377
0.0436023,0.0700559,0.140802,42.3835,19.1228,91.6395
0.0419761,0.00714216,0.101547,49.4508,19.0848,91.6409
0.0416643,0.0941044,0.0987447,50.1086,19.236,91.6417
0.0471956,0.00731614,0.163647,31.9547,18.1975,91.642
0.0422994,0.0300212,0.087622,48.7601,19.4628,91.643
0.0436965,0.0224871,0.122389,42.8488,19.7079,91.6431
0.0438013,0.0710364,0.161034,41.6731,19.6545,91.6437
0.0441041,0.00960047,0.161697,40.0691,19.6006,91.6445
0.0426068,0.00395141,0.123758,46.934,19.2576,91.6448
0.0450607,0.0436266,0.162891,37.8291,19.7098,91.6449
0.0459187,0.0339851,0.154702,35.9556,19.1864,91.6451
0.041038,0.0994752,0.0863454,53.1413,19.9668,91.6459
0.0437821,0.0729512,0.164161,41.5837,19.8133,91.6473
0.0432283,0.037062,0.115411,44.5839,19.3487,91.6489
0.0438023,0.0243379,0.124251,42.7358,19.8828,91.6505
0.0444387,0.00642972,0.141521,39.6233,18.1422,91.6508
0.0445141,0.0119137,0.132008,39.1757,18.0038,91.6516
0.0428133,0.0100761,0.101196,46.9551,19.3365,91.6517
0.0468772,0.0103548,0.155999,32.0752,18.4867,91.6529
0.0438438,0.0720549,0.154093,41.4785,19.9096,91.6531
0.0468781,0.0111968,0.16449,32.8188,18.7186,91.6561
0.0441128,0.0430705,0.123814,41.4441,19.7785,91.6565
0.0462719,0.0134288,0.158358,34.0004,19.5188,91.6575
0.0431887,0.0509353,0.113398,44.9531,19.3056,91.6576
0.0441162,0.0249218,0.120228,41.0369,19.6443,91.6579
0.0439363,0.00840679,0.132556,41.4453,19.1114,91.6579
0.0441056,0.0161528,0.164506,40.3212,19.2606,91.6583
0.0447757,0.0139542,0.141562,38.9034,18.085,91.6584
0.0433201,0.0718441,0.136911,43.7019,19.2701,91.6586
0.0430022,0.0300836,0.106097,45.9044,19.5429,91.6593
0.0426848,0.051632,0.110853,46.199,19.2674,91.661
0.0438297,0.0273881,0.119574,42.7343,19.7582,91.6616
0.0429244,0.0355992,0.11025,45.1001,19.6003,91.6616
0.0425198,0.0122789,0.0872925,47.0869,18.7049,91.6624
0.0435574,0.0135071,0.157306,42.4631,19.9003,91.664
0.0452013,0.0443795,0.152369,37.1134,19.412,91.6642
0.0437386,0.039894,0.124582,42.2704,19.7116,91.6643
0.043556,0.0730193,0.148953,42.0991,19.7071,91.6647
0.0425908,0.0295098,0.11581,46.0363,19.6315,91.6653
0.0425683,0.0331687,0.126596,46.4373,19.1264,91.6653
0.0453097,0.0224104,0.14851,37.5555,19.9408,91.6658
0.0423166,0.0703647,0.113781,47.4886,19.9788,91.6672
0.0436044,0.0553614,0.147736,42.5429,19.81,91.6685
0.045561,0.0590039,0.154806,36.837,19.1139,91.6708
0.042902,0.0211029,0.107923,45.5764,19.6731,91.6726
0.0430173,0.022178,0.138497,44.1015,19.9188,91.6743
0.0448849,0.0525679,0.142403,38.7723,19.3437,91.6747
0.0450236,0.0188255,0.153856,37.4832,18.8173,91.6788
0.043516,0.032201,0.153777,42.0106,19.547,91.6791
0.043549,0.0707092,0.149654,42.2029,19.414,91.6796
0.0432534,0.0444922,0.152199,43.1517,19.622,91.6843
0.0433259,0.0185887,0.144521,43.9296,19.153,91.6851
0.0451072,0.0139653,0.126961,38.9774,19.4544,91.6853
0.0421195,0.0805299,0.109911,48.1043,19.3274,91.6879
0.0439843,0.0409833,0.124478,41.1063,19.2223,91.6889
0.0432227,0.0562749,0.154947,43.357,19.3245,91.6889
0.0445096,0.0132325,0.133022,39.0135,18.9592,91.6892
0.0439464,0.0129954,0.151075,41.4602,19.2924,91.6916
0.0420772,0.0313421,0.0833739,49.4009,19.3778,91.6924
0.0432612,0.0535168,0.144556,43.6816,19.5006,91.6924
0.043605,0.00891322,0.0995279,43.492,19.6436,91.6925
0.0461993,0.00498148,0.151674,34.2593,18.5182,91.6927
0.0432806,0.0113155,0.14335,43.6402,19.4569,91.6927
0.0442331,0.00386173,0.128164,40.073,18.4115,91.6939
0.0450202,0.0399586,0.135354,38.6929,19.6448,91.6943
0.0416525,0.0905393,0.0987619,50.8405,19.4801,91.6944
0.0426063,0.00650222,0.0956318,47.1256,19.7589,91.6952
0.0423069,0.0545255,0.116156,47.1347,19.8904,91.696
0.043606,0.0576014,0.139026,42.777,19.0119,91.6982
0.0454619,0.0394455,0.160918,36.9193,19.3616,91.6987
0.0444375,0.0066179,0.141233,39.5263,18.0235,91.6993
0.0452165,0.022027,0.161995,37.3394,19.2735,91.7004
0.0450642,0.0156978,0.149005,37.4406,18.0846,91.7019
0.0442445,0.0449983,0.147933,40.4671,19.8828,91.7023
0.0446117,0.0332345,0.135322,39.9851,19.3781,91.7024
0.0416512,0.0916187,0.101611,50.7274,19.4156,91.7033
0.0464563,0.0210696,0.158889,33.7438,18.2748,91.7035
0.0434604,0.0134367,0.106993,43.7788,18.7026,91.706
0.0445714,0.0320428,0.139749,39.2287,19.7555,91.7068
0.045186,0.0481768,0.154569,37.169,19.7248,91.7075
0.0441963,0.0117743,0.130526,40.0761,18.0586,91.709
0.0450696,0.0263906,0.160236,37.6922,19.1282,91.7091
0.0472807,0.00702028,0.153458,31.8187,18.7197,91.71
0.0448474,0.0351693,0.145109,38.1563,19.4575,91.7117
0.0472005,0.007422,0.162292,31.2835,18.3616,91.7122
0.0415444,0.016177,0.0906896,51.8349,19.1456,91.7129
0.0436809,0.0577595,0.129072,42.7839,19.1398,91.713
0.0409284,0.0621634,0.0787264,54.9949,19.5993,91.7142
0.0433009,0.0529447,0.145122,43.9295,19.0133,91.7156
0.0416492,0.0914254,0.101201,50.402,19.7417,91.7177
0.0453751,0.00657375,0.129486,37.9571,19.5662,91.7195
0.0468415,0.0241644,0.163267,32.1074,18.1647,91.7206
0.0447377,0.0157052,0.123589,39.3573,19.5154,91.7216
0.0455996,0.00581356,0.139567,36.6377,19.8431,91.7217
0.0454896,0.0687799,0.165367,36.7808,19.6665,91.7222
0.0444954,0.0419074,0.141778,39.9456,19.0987,91.7223
0.042815,0.0896198,0.12687,45.1003,19.5379,91.7239
0.0433455,0.036197,0.131718,43.8715,19.5855,91.7243
0.0415745,0.0284528,0.0899573,51.7403,19.887,91.7251
