beta,permeability,xi,init_days,delay,value
0.0408586,0.00238609,0.13873,54.5217,19.2445,63.5919
0.041546,0.00514155,0.159783,51.7218,19.2776,63.6034
0.0418011,0.00273039,0.164065,50.3338,19.8929,63.6228
0.0418025,0.00305449,0.163148,50.8003,19.4438,63.6304
0.0415183,0.00224984,0.161102,51.0617,19.1728,63.642
0.0415526,0.00477703,0.160795,51.5668,19.4997,63.6475
0.0412993,0.00237735,0.16489,52.8334,19.1065,63.6499
0.0425245,0.00266546,0.152804,47.4493,19.7598,63.6532
0.0415424,0.00451259,0.151813,51.9615,19.8895,63.6657
0.0412894,0.00459473,0.156235,52.7726,19.7459,63.6662
0.0412898,0.00615637,0.155042,52.882,19.9499,63.6693
0.0406426,0.00345542,0.141567,55.5358,19.2166,63.6709
0.0415578,0.00457899,0.152991,51.9702,19.9192,63.6753
0.0413099,0.00734681,0.155038,52.5431,19.8592,63.6765
0.0415192,0.00449567,0.157899,51.326,19.4006,63.6782
0.0412991,0.00490053,0.147041,52.4502,19.6685,63.6882
0.0413069,0.00751504,0.148315,52.6452,19.7648,63.6907
0.0406396,0.00325182,0.13497,55.313,19.6543,63.6948
0.0413278,0.00625833,0.148886,52.8334,19.0806,63.709
0.0427773,0.00497172,0.159884,46.6973,19.1243,63.7149
0.0413023,0.00644751,0.145865,52.0147,19.0627,63.7277
0.04278,0.00657493,0.159443,46.1829,19.9226,63.7375
0.0425472,0.00222689,0.1433,47.6506,19.9301,63.7431
0.0425292,0.00245535,0.163404,47.7159,19.0486,63.7474
0.0408824,0.0035103,0.138971,54.4233,19.3708,63.7481
0.0415441,0.00332859,0.144112,51.9411,19.8171,63.7491
0.0415107,0.0101158,0.161555,51.9782,19.6989,63.7532
0.0425479,0.00337961,0.155651,47.357,19.5581,63.7534
0.0406286,0.00438823,0.137985,55.9524,19.1065,63.7559
0.0415453,0.00897593,0.154223,51.9022,19.6269,63.7561
0.0428098,0.00458453,0.152175,46.7812,19.9648,63.7566
0.0423014,0.00459372,0.140038,48.825,19.6987,63.7571
0.0413289,0.00701885,0.15194,52.8327,19.5028,63.7577
0.0408425,0.00966636,0.140613,54.3703,19.2461,63.7597
0.0425534,0.00418398,0.144721,47.1748,19.7706,63.7611
0.0408406,0.00749805,0.142542,54.6272,19.719,63.7614
0.0430622,0.00302704,0.155749,45.951,19.5192,63.763
0.0415448,0.00561418,0.146738,51.6779,19.0109,63.7674
0.0412955,0.0048461,0.143846,52.6889,19.4708,63.7723
0.0415188,0.00881095,0.154326,51.1772,19.5287,63.7756
0.0406561,0.00310609,0.143494,55.9949,19.5122,63.7777
0.0422728,0.00446816,0.156732,48.0131,19.9639,63.778
0.0415765,0.00559307,0.161489,51.8481,19.459,63.7794
0.0410573,0.00526192,0.159867,53.6352,19.5461,63.7803
0.0415907,0.00209593,0.146327,51.2395,19.6333,63.7804
0.0415855,0.00412025,0.148726,51.6446,19.2269,63.7847
0.0427981,0.0043381,0.164084,46.1939,19.4003,63.7878
0.0413373,0.00603195,0.158964,52.911,19.0358,63.7881
0.0404424,0.00297304,0.134359,56.0254,19.7517,63.7896
0.0411038,0.00437562,0.138491,53.9846,19.6353,63.7974
0.0419975,0.00734461,0.154595,49.9386,19.7346,63.8059
0.0433368,0.00313256,0.160125,44.9396,19.3654,63.8066
0.0408308,0.00511423,0.143365,54.5381,19.4273,63.8068
0.0420175,0.00766228,0.139409,49.1903,19.6445,63.807
0.0420064,0.00819681,0.164149,49.6889,19.5975,63.8082
0.0410685,0.0128529,0.154193,53.3985,19.0861,63.8102
0.0420583,0.00547104,0.164775,49.2766,19.8924,63.8117
0.0433462,0.00234448,0.150062,44.1897,19.7761,63.812
0.0413318,0.00240662,0.138006,52.5031,19.5701,63.8141
0.0430602,0.00796312,0.165375,45.7457,19.7477,63.8144
0.0422937,0.00262243,0.135518,48.8204,19.8868,63.8152
0.0427805,0.00700295,0.152692,46.4965,19.767,63.8159
0.0410906,0.00776343,0.140336,53.868,19.3062,63.8203
0.0425432,0.00937364,0.148527,47.863,19.5493,63.8217
0.0425512,0.00317056,0.16459,47.3696,19.6781,63.8226
0.0408361,0.0112318,0.143076,54.6222,19.6796,63.8227
0.0430797,0.00644037,0.160422,45.5648,19.4042,63.8258
0.0436504,0.00210919,0.149232,43.8961,19.0374,63.8283
0.0415469,0.00445101,0.139661,51.7272,19.1265,63.8285
0.041516,0.0107908,0.153086,51.1265,19.0271,63.8302
0.0420019,0.00894919,0.140937,49.3078,19.6416,63.8302
0.0417646,0.00735229,0.14369,50.2288,19.1232,63.8325
0.0415494,0.0051319,0.140654,51.7639,19.4064,63.8337
0.0420151,0.00918023,0.164075,49.1771,19.1506,63.8347
0.0412728,0.00979949,0.158835,52.0134,19.2559,63.8353
0.0433517,0.00220752,0.139816,44.1489,19.9868,63.8365
0.0410602,0.0156922,0.149827,53.0641,19.6649,63.837
0.0425416,0.00840983,0.152856,47.3504,19.3593,63.8378
0.0417512,0.00447413,0.15745,50.2694,19.5647,63.8384
0.0433436,0.0050985,0.164374,44.0518,19.023,63.8398
0.0425292,0.00676281,0.160975,47.4803,19.9232,63.8404
0.0425518,0.0050869,0.141104,47.7248,19.6455,63.8442
0.0436641,0.00236474,0.140324,43.4679,19.6169,63.8444
0.0412704,0.010263,0.157107,52.915,19.0767,63.8448
0.0436509,0.00338399,0.145243,43.8139,19.3676,63.8472
0.0427736,0.0101185,0.15591,46.969,19.823,63.8479
0.0422589,0.00466211,0.138957,48.6545,19.4209,63.8499
0.0415276,0.0146979,0.16475,51.7637,19.012,63.8509
0.0433506,0.00463263,0.159458,44.5835,19.1805,63.8509
0.0410702,0.00368596,0.135849,53.4458,19.2068,63.8525
0.0404086,0.00771578,0.140132,56.5688,19.3081,63.8549
0.0406682,0.00443137,0.133257,55.3888,19.6235,63.8581
0.0413172,0.00294313,0.133362,52.751,19.9249,63.8582
0.0420299,0.00540458,0.132675,49.7396,19.8208,63.8602
0.0413715,0.00229129,0.150337,52.255,19.5525,63.8623
0.0417832,0.00619999,0.136976,50.9906,19.008,63.8631
0.0404155,0.00931037,0.138151,56.6109,19.7729,63.8639
0.0410552,0.0158963,0.157636,53.4747,19.1278,63.8642
0.0439072,0.00204593,0.155528,42.5616,19.0704,63.8645
0.0410782,0.00879887,0.160666,53.84,19.2788,63.8645
0.0418437,0.00353867,0.155512,50.6794,19.6857,63.8649
0.0406627,0.00481715,0.143361,55.4006,19.8972,63.865
0.0430761,0.00303173,0.138389,45.9621,19.4741,63.8672
0.0430441,0.00794108,0.15909,45.763,19.9228,63.8678
0.0422979,0.00700036,0.14584,48.4238,19.5199,63.8685
0.042271,0.0105744,0.146289,48.3612,19.9029,63.8717
0.0412791,0.0136244,0.165194,52.6153,19.7474,63.8717
0.0439263,0.00492167,0.142361,42.6232,19.1858,63.8723
0.0431143,0.00330859,0.15772,45.2513,19.2295,63.8725
0.0433271,0.00211463,0.147678,44.2584,19.3646,63.8736
0.041048,0.0156588,0.149548,53.0196,19.2655,63.8765
0.0415656,0.00528463,0.142805,51.1996,19.9563,63.8769
0.041051,0.0148461,0.154182,53.4832,19.7439,63.8801
0.0417848,0.00763615,0.14379,50.9246,19.0576,63.8803
0.0425268,0.0104688,0.155075,47.4662,19.1059,63.8805
0.042797,0.0102642,0.160508,46.0878,19.0511,63.882
0.040422,0.00698152,0.140631,56.2224,19.6168,63.882
0.0430949,0.00277677,0.137142,45.347,19.7179,63.8831
0.0404195,0.00816991,0.130287,56.6427,19.5785,63.8885
0.0425012,0.0100953,0.163885,47.4173,19.9603,63.8888
0.0417968,0.0104148,0.158472,50.192,19.701,63.8893
0.0436038,0.0028822,0.153472,43.1655,19.6151,63.89
0.0418175,0.00248295,0.138118,50.1079,19.1136,63.8902
0.0433359,0.00203268,0.131547,44.6939,19.3536,63.8923
0.042048,0.00645281,0.154474,49.5379,19.858,63.8929
0.0433735,0.0047441,0.138161,44.3269,19.7086,63.895
0.0420238,0.00937037,0.145612,49.4121,19.7824,63.8976
0.0420297,0.00913482,0.147694,49.1251,19.4476,63.8983
0.0430846,0.0044986,0.140597,45.0496,19.0062,63.8986
0.0442195,0.00253197,0.160382,41.7382,19.9918,63.8986
0.042016,0.00928963,0.134492,49.7277,19.7875,63.8997
0.0408424,0.00432541,0.133784,54.2835,19.5053,63.8998
0.0436356,0.00519089,0.159084,43.3387,19.2744,63.9002
0.0422394,0.0109299,0.156879,48.5744,19.0086,63.901
0.0415664,0.0107219,0.16256,51.186,19.5865,63.9013
0.0424949,0.0137918,0.153749,47.2476,19.5072,63.9015
0.0408684,0.00310064,0.128696,54.2892,19.1644,63.9017
0.0417417,0.0134819,0.160438,50.0986,19.259,63.9024
0.0418117,0.00423167,0.14127,50.6977,19.8935,63.9036
0.0436235,0.00456196,0.141428,43.4037,19.7638,63.9045
0.0427736,0.00899188,0.150754,46.7464,19.2316,63.905
0.0428212,0.00583357,0.141737,46.9332,19.5488,63.905
0.043068,0.0105297,0.159817,45.503,19.8895,63.9053
0.0408877,0.00955746,0.145059,54.4794,19.5647,63.9058
0.0410512,0.0170694,0.159932,53.3228,19.298,63.907
0.0412981,0.00673444,0.134891,52.4533,19.5734,63.9075
0.0433452,0.00659322,0.155179,44.9494,19.0813,63.9076
0.0425518,0.00874876,0.141903,47.1757,19.0277,63.9094
0.042018,0.0116785,0.138882,49.1176,19.1099,63.9094
0.0406184,0.00758165,0.133578,55.6334,19.0795,63.9095
0.0411028,0.0114302,0.141591,53.0268,19.0321,63.9101
0.0428337,0.00654316,0.153925,46.6626,19.4197,63.9104
0.0402178,0.00479754,0.127813,57.2771,19.362,63.9105
0.0439301,0.00534989,0.153058,42.2973,19.7891,63.9109
0.0415322,0.0150752,0.153911,51.4508,19.7534,63.911
0.0422436,0.012739,0.153533,48.7029,19.0641,63.912
0.0439052,0.00375972,0.144181,42.0706,19.96,63.9132
0.0439401,0.00385847,0.153706,42.2166,19.2177,63.9137
0.0438998,0.00577866,0.160924,42.818,19.363,63.9147
0.0433006,0.00245067,0.161005,44.5868,19.869,63.9151
0.0442405,0.00341871,0.144092,41.7605,19.3062,63.9152
0.0439112,0.00484069,0.144479,42.9544,19.6071,63.9158
0.0433405,0.00813008,0.162377,44.4347,19.4121,63.9166
0.0430737,0.00699709,0.147501,45.8733,19.0416,63.917
0.0406173,0.00845387,0.133892,55.1038,19.9374,63.9172
0.042582,0.00600451,0.144743,47.8769,19.8029,63.9188
0.0408452,0.00490756,0.132428,54.5921,19.8286,63.9199
0.0430627,0.00287903,0.133145,45.1501,19.5834,63.9207
0.0423005,0.00648892,0.154851,48.6672,19.5955,63.9211
0.0408661,0.00989185,0.135527,54.5085,19.1591,63.9211
0.0408992,0.00297579,0.130487,54.686,19.3748,63.9225
0.0433462,0.00632131,0.136199,44.0399,19.1219,63.923
0.0423126,0.00560904,0.164549,48.3496,19.754,63.9238
0.0431112,0.00282925,0.135969,45.9807,19.8213,63.9244
0.0423336,0.00402742,0.138071,48.4179,19.6846,63.9246
0.0427927,0.0140306,0.157774,46.3006,19.8895,63.9255
0.0433067,0.00422188,0.155479,44.4049,19.0808,63.9263
0.0435985,0.00454399,0.153693,43.544,19.7891,63.9265
0.0408745,0.0111188,0.141837,54.3679,19.1627,63.9269
0.041496,0.0105238,0.163875,51.2324,19.9147,63.9288
0.0412907,0.0186965,0.155481,52.7335,19.8999,63.9291
0.0415437,0.0101999,0.142418,51.3381,19.1333,63.9291
0.0425188,0.00759639,0.140525,47.9887,19.5125,63.9299
0.0427916,0.0137172,0.158834,46.2613,19.2605,63.9303
0.0406412,0.00651061,0.15119,55.8245,19.1173,63.9303
0.0430332,0.0102826,0.161082,45.4182,19.7838,63.9316
0.0439205,0.00782116,0.146082,42.8758,19.6026,63.9318
0.0430967,0.00786972,0.16028,45.0513,19.8084,63.9332
0.0436502,0.00320617,0.165625,43.3463,19.3618,63.9335
0.042516,0.00704369,0.140253,47.172,19.2723,63.934
0.0430521,0.0122145,0.162066,45.4471,19.3768,63.9352
0.0415191,0.0150708,0.152336,51.966,19.1892,63.9354
0.0417379,0.0145466,0.160211,50.1757,19.4304,63.936
0.0425034,0.00201271,0.142639,47.1786,19.4259,63.9362
0.0428419,0.00595684,0.148507,46.3356,19.678,63.9365
0.0406148,0.0154963,0.135812,55.3103,19.5221,63.9376
0.0406655,0.00404926,0.128041,55.5313,19.9048,63.9377
0.0406513,0.00260318,0.152962,55.4923,19.165,63.9384
0.042272,0.011321,0.164756,48.8591,19.1373,63.9385
0.0401932,0.00267719,0.132563,57.5145,19.6164,63.9385
0.0425079,0.0153191,0.150351,47.7529,19.5282,63.9397
0.042303,0.00704101,0.165007,48.0427,19.4972,63.9418
0.0418238,0.00710265,0.150224,50.0547,19.9703,63.9436
0.0410382,0.011786,0.149067,53.4983,19.4718,63.9438
0.0413365,0.00513606,0.136556,52.1973,19.906,63.9438
0.0425105,0.0118564,0.163368,47.8921,19.9033,63.9439
0.0404374,0.00772824,0.13841,56.5883,19.4807,63.9463
0.0412828,0.0129039,0.143345,52.7609,19.5675,63.9472
0.0425501,0.00435925,0.131245,47.7802,19.9198,63.9475
0.0417854,0.0136635,0.159419,50.7851,19.2019,63.9488
0.0438735,0.00292092,0.147443,42.3216,19.0927,63.9497
0.0410996,0.0126389,0.14137,53.6354,19.193,63.9505
0.0428197,0.00433976,0.128011,46.5215,19.2383,63.9514
0.0410684,0.0172829,0.151825,53.6088,19.0059,63.9522
0.0420146,0.00494864,0.130332,49.3832,19.655,63.9531
0.0408257,0.0175749,0.149586,54.5788,19.493,63.9544
0.041095,0.0137829,0.149362,53.1771,19.0468,63.956
0.0417689,0.0116312,0.136607,50.9165,19.4956,63.9563
0.0433279,0.00687888,0.141807,44.9737,19.0611,63.9569
0.0404242,0.00448142,0.124351,56.4133,19.2734,63.9575
0.0411227,0.00902579,0.145761,53.0256,19.4166,63.9575
0.0430648,0.00843434,0.141163,45.0838,19.7478,63.9576
0.0424853,0.00259804,0.155802,47.708,19.211,63.9581
0.0423112,0.00807069,0.137488,48.4047,19.9483,63.9583
0.0412819,0.0180432,0.149752,52.2642,19.6104,63.9583
0.0424905,0.00507249,0.149527,47.1089,19.0193,63.9593
0.0422877,0.00484339,0.129291,48.4261,19.5832,63.9599
0.0433419,0.00900364,0.148018,44.7117,19.9683,63.9601
0.0404086,0.00855964,0.12856,56.5171,19.6103,63.9615
0.0424964,0.00627321,0.145968,47.0134,19.1523,63.9622
0.0408866,0.0064788,0.131986,54.6613,19.8683,63.9641
0.0427908,0.0024654,0.129993,46.3894,19.8281,63.9645
0.041523,0.0174984,0.153974,51.5891,19.6692,63.9647
0.0427753,0.0108929,0.147891,46.8094,19.0602,63.9648
0.0406071,0.00726483,0.135498,55.857,19.0604,63.9648
0.0420425,0.0092036,0.13224,49.8622,19.7396,63.9654
0.0427705,0.00440384,0.141948,46.4799,19.8731,63.9654
0.0420193,0.0132563,0.156472,49.3069,19.2316,63.9659
0.0427388,0.00675882,0.162477,46.9407,19.8394,63.9662
0.0411096,0.00600652,0.159379,53.6591,19.8574,63.9667
0.0441918,0.00479609,0.165675,41.4536,19.7941,63.9671
0.0415787,0.010496,0.162248,51.0974,19.2739,63.9683
0.0424819,0.0154651,0.155416,47.4889,19.9614,63.9686
0.0404118,0.0142806,0.138225,56.6701,19.0823,63.9687
0.0425132,0.00439691,0.137368,47.7509,19.9315,63.969
0.0430754,0.00507728,0.125728,45.555,19.58,63.9691
0.0418408,0.00206005,0.139435,50.3299,19.4733,63.9698
0.0436159,0.00672359,0.136109,43.9301,19.7967,63.9701
0.0419937,0.014444,0.158385,49.7826,19.3593,63.9703
0.042791,0.0100451,0.142364,46.3624,19.8395,63.9711
0.0436504,0.00224174,0.129267,43.7109,19.3733,63.9723
0.044219,0.00678758,0.157486,41.8677,19.8167,63.9724
0.0435814,0.00308316,0.148307,43.4157,19.2052,63.9724
0.0432928,0.00667362,0.164759,44.4474,19.8734,63.9725
0.0433287,0.00793553,0.138323,44.0432,19.7852,63.9726
0.0420553,0.00903628,0.135105,49.5564,19.2265,63.9738
0.042335,0.00332123,0.133436,48.3312,19.2461,63.9753
0.0412908,0.00890999,0.133021,52.6899,19.7096,63.9781
0.0428378,0.00673541,0.157483,46.1298,19.2421,63.9783
0.0425929,0.0044938,0.146176,47.5428,19.9118,63.9789
0.0404202,0.0108649,0.128373,56.1905,19.7008,63.9792
0.042762,0.0167809,0.157754,46.5296,19.6882,63.9795
0.0418245,0.00422586,0.126288,50.172,19.2382,63.9801
0.0441687,0.00220047,0.161585,41.8332,19.1308,63.9815
0.0422845,0.00820582,0.133118,48.1927,19.3783,63.9837
0.0422913,0.0118434,0.146375,48.271,19.921,63.9846
0.0420675,0.00962429,0.165389,49.4948,19.129,63.985
0.043075,0.00893751,0.139341,45.3282,19.7332,63.9856
0.0406018,0.0114573,0.1421,55.2475,19.2106,63.9859
0.0441956,0.0051919,0.149024,41.5017,19.4078,63.9864
0.040854,0.00495368,0.127023,54.4306,19.5414,63.9878
0.0427691,0.0129638,0.150444,46.3842,19.7319,63.9889
0.0404017,0.0149305,0.138938,56.3721,19.8444,63.9894
0.0422439,0.0145141,0.162113,48.2756,19.0546,63.9895
0.0408751,0.00237505,0.125494,54.5182,19.9968,63.9905
0.0436438,0.0105313,0.143741,43.2719,19.8721,63.9905
0.0401897,0.00659978,0.133389,57.4679,19.746,63.9913
0.0431418,0.00244272,0.119023,45.2098,19.8811,63.9915
0.0442115,0.0103148,0.148383,41.2363,19.4802,63.9915
0.0410906,0.00248343,0.124243,53.5288,19.5223,63.992
0.0420361,0.0129447,0.139135,49.2315,19.9193,63.9926
0.0412806,0.00521359,0.139504,52.9219,19.8977,63.994
0.0427902,0.00427941,0.129133,46.8978,19.9455,63.9964
0.0433692,0.00717959,0.151257,44.2837,19.051,63.9965
0.0433312,0.00796975,0.132654,44.7499,19.3238,63.9978
0.0438786,0.00692292,0.163977,42.3552,19.2075,63.9981
0.0442553,0.00212801,0.143742,41.3483,19.9967,63.9988
0.0410363,0.0201449,0.152098,53.2539,19.7458,64.0003
0.0430324,0.0124679,0.157689,45.3258,19.2912,64.0004
0.0425711,0.00918962,0.149056,47.2687,19.1738,64.0012
0.0415467,0.0113852,0.139635,51.7527,19.8387,64.0015
0.0428087,0.0117449,0.159905,46.862,19.3203,64.0019
0.0428281,0.00925055,0.147276,46.7757,19.8656,64.0027
0.0427962,0.00573282,0.13108,46.7862,19.3566,64.0035
0.043058,0.0123093,0.152022,45.7753,19.8473,64.0041
0.0430811,0.00944298,0.133617,45.2351,19.0945,64.0056
0.0413607,0.00285745,0.163011,52.3756,19.2973,64.0064
0.0425098,0.0164228,0.147466,47.5581,19.664,64.0068
0.0435821,0.00764929,0.156777,43.0084,19.4562,64.0078
0.0428367,0.0062961,0.161899,46.5339,19.7141,64.008
0.0422463,0.0192169,0.147054,48.509,19.5122,64.0112
0.0418159,0.00775744,0.143903,50.2621,19.3085,64.0114
0.0428298,0.00608426,0.129914,46.3556,19.5974,64.0116
0.0410659,0.020382,0.146017,53.9292,19.0948,64.0119
0.0439254,0.00982443,0.138256,42.5947,19.3774,64.0122
0.0430184,0.00387539,0.153331,45.2194,19.5921,64.0123
0.0415761,0.00462882,0.126393,51.7425,19.5241,64.0124
0.0433034,0.00843987,0.152337,44.4726,19.7121,64.0127
0.0419949,0.0187833,0.13968,49.7455,19.6111,64.0128
0.0436318,0.0113988,0.152372,43.3963,19.6159,64.0142
0.0433011,0.00790353,0.148336,44.1164,19.4859,64.0151
0.0419895,0.0188107,0.140888,49.9999,19.8826,64.0157
0.0406452,0.00796735,0.127931,55.8755,19.4728,64.0166
0.0413436,0.00704361,0.136656,52.9174,19.1907,64.0167
0.0439108,0.00612049,0.139125,42.3774,19.2511,64.018
0.0433745,0.00821682,0.142488,44.6365,19.1766,64.0183
0.0435829,0.00541046,0.140672,43.0549,19.7478,64.0184
0.0425101,0.0144786,0.14368,47.7406,19.9719,64.0185
0.0431121,0.00655893,0.149977,45.3217,19.0407,64.0187
0.043597,0.0104646,0.159033,43.8346,19.3567,64.0192
0.0403995,0.0123225,0.143855,56.2645,19.8786,64.0192
0.0433341,0.0047331,0.127649,44.8263,19.9396,64.0203
0.0439644,0.0042825,0.138899,42.0206,19.7862,64.0219
0.0430244,0.0036199,0.146937,45.4927,19.934,64.023
0.0415541,0.0168757,0.160337,51.8746,19.8819,64.023
0.0417981,0.0118439,0.149967,50.633,19.7217,64.0249
0.0418094,0.0105837,0.14943,50.6653,19.8071,64.025
0.0410782,0.0154374,0.158727,53.3867,19.6744,64.0254
0.0406206,0.00369399,0.128137,55.9944,19.7491,64.027
0.0432869,0.00670017,0.164029,44.5846,19.8227,64.0272
0.0427577,0.0147802,0.153327,46.7787,19.5814,64.0274
0.039999,0.0038485,0.131604,58.7356,19.9585,64.0274
0.0408495,0.00623211,0.162718,54.3926,19.1607,64.0276
0.0417523,0.0163936,0.150192,50.9387,19.1075,64.028
0.0404612,0.00497711,0.126707,56.1298,19.1867,64.028
0.041517,0.022754,0.159947,51.1926,19.8468,64.0282
0.0433859,0.00790431,0.124357,44.9769,19.5858,64.0295
0.0427631,0.01852,0.15732,46.0356,19.2803,64.0296
0.0441816,0.00728944,0.157263,41.5655,19.9019,64.0301
0.0433052,0.010728,0.159221,44.1952,19.2132,64.0302
0.0438634,0.00749954,0.154555,42.8229,19.5784,64.0308
0.0433411,0.0125401,0.156321,44.5162,19.2055,64.0309
0.0439454,0.00807015,0.134932,42.7606,19.5883,64.0311
0.0442128,0.00811412,0.164408,41.8009,19.6004,64.0316
0.0417482,0.0167782,0.148357,50.0927,19.4334,64.0329
0.0425344,0.0155537,0.144318,47.5913,19.3054,64.0331
0.0401924,0.0105773,0.136898,57.4538,19.3527,64.0333
0.0441879,0.00895421,0.160558,41.9003,19.707,64.0347
0.0431139,0.00837334,0.126387,45.9568,19.0524,64.035
0.042584,0.00608859,0.136728,47.2385,19.9397,64.0351
0.0412616,0.0125996,0.152295,52.0488,19.1127,64.0352
0.0432991,0.00738724,0.145629,44.1892,19.1044,64.0364
0.0425057,0.0115525,0.140602,47.2711,19.3577,64.0366
0.0404205,0.0111125,0.127015,56.6514,19.0355,64.037
0.041124,0.00993035,0.137751,53.9736,19.8655,64.0371
0.042846,0.00788431,0.145936,46.8479,19.6844,64.0373
0.0417361,0.0167924,0.149402,50.9444,19.5567,64.0375
0.0430349,0.0114501,0.149702,45.1823,19.7945,64.0393
0.0433723,0.00826695,0.148611,44.4865,19.7006,64.0397
0.0427367,0.00953113,0.158964,46.4991,19.3513,64.0401
0.0410409,0.0168446,0.143903,53.835,19.1486,64.0401
0.0415,0.0221626,0.158656,51.5015,19.1141,64.0403
0.0441784,0.00856614,0.153227,41.2993,19.3719,64.0406
0.0406414,0.0148593,0.136578,55.1452,19.2039,64.0414
0.0410678,0.020044,0.154337,53.1906,19.6559,64.043
0.0418018,0.00304631,0.121268,50.5114,19.5669,64.0431
0.0415318,0.00279491,0.123238,51.8238,19.6368,64.0431
0.0441727,0.00622253,0.161883,41.0835,19.8782,64.0442
0.0417823,0.00993068,0.1269,50.2303,19.0076,64.0451
0.0409128,0.00263021,0.128257,54.8311,19.0275,64.0452
0.0427981,0.00609597,0.124276,46.8105,19.531,64.0456
0.0425379,0.00347674,0.12367,47.3919,19.1336,64.046
0.0422948,0.00449323,0.123272,48.1159,19.9995,64.0464
0.0415239,0.0124935,0.125942,51.7323,19.2566,64.0467
0.0413011,0.0211013,0.15257,52.2006,19.9787,64.0468
0.0415165,0.00993568,0.127784,51.5871,19.5615,64.0483
0.0444961,0.00318791,0.153158,40.9278,19.4888,64.0487
0.0427755,0.00979692,0.138425,46.2325,19.4353,64.0496
0.0412767,0.0204775,0.148221,52.6153,19.298,64.05
0.0430486,0.0185192,0.165119,45.5264,19.3921,64.0505
0.0412936,0.012611,0.134856,52.3146,19.6983,64.0505
0.0433045,0.0111633,0.139355,44.2427,19.9642,64.0506
0.0433086,0.0115126,0.139548,44.06,19.0442,64.0509
0.0404234,0.012613,0.129167,56.8168,19.9945,64.0515
0.0400198,0.00330352,0.12115,58.6392,19.3516,64.0519
0.0430302,0.0138195,0.155098,45.5728,19.8907,64.0521
0.0436165,0.0148022,0.147504,43.4746,19.9012,64.0528
0.0420601,0.0103225,0.132285,49.7228,19.7352,64.0532
0.0439035,0.0135215,0.152015,42.6316,19.0506,64.0534
0.04041,0.013854,0.143506,56.4575,19.9516,64.0541
0.0428409,0.00637681,0.123959,46.444,19.7613,64.0544
0.0418428,0.00887379,0.158948,50.4633,19.8991,64.0545
0.0411148,0.00485618,0.129832,53.1624,19.0699,64.0547
0.0422226,0.0156706,0.155368,48.0163,19.6268,64.055
0.0441996,0.0121758,0.148778,41.5167,19.4594,64.0551
0.0433572,0.0140496,0.129492,44.2977,19.745,64.0558
0.0439131,0.0128555,0.155526,42.16,19.272,64.0565
0.0427428,0.0101917,0.154361,46.2569,19.7481,64.0566
0.0415735,0.0146929,0.157853,51.2682,19.5514,64.057
0.0425241,0.0145218,0.140564,47.754,19.6881,64.0578
0.0420073,0.0170305,0.148999,49.8666,19.9189,64.0584
0.0413029,0.0114472,0.132654,52.3712,19.954,64.0585
0.0435634,0.00230791,0.141616,43.2997,19.593,64.0587
0.0412849,0.00903195,0.128886,52.3082,19.5107,64.0589
0.0439304,0.00857737,0.135128,42.6444,19.6154,64.0595
0.0430433,0.0104209,0.137999,45.9631,19.6952,64.0595
0.0427354,0.00361918,0.161955,46.0169,19.7518,64.0596
0.043626,0.0141934,0.150405,43.9935,19.2823,64.06
0.0426013,0.00377583,0.134624,47.6486,19.8867,64.0604
0.0406565,0.00763056,0.15142,55.7665,19.6657,64.0617
0.0422608,0.0199153,0.145884,48.0157,19.1939,64.0619
0.0408643,0.00767032,0.160345,54.7442,19.8238,64.0621
0.0402323,0.00257809,0.119731,57.1077,19.2912,64.0635
0.0415915,0.0100896,0.147186,51.4934,19.5685,64.064
0.0430696,0.0129719,0.142518,45.3498,19.5122,64.0643
0.0442152,0.0117861,0.15225,41.2824,19.9995,64.0647
0.0404301,0.0115399,0.141287,56.3803,19.1528,64.065
0.0433693,0.013603,0.133809,44.9812,19.7484,64.0657
0.0408425,0.0205167,0.143132,54.2267,19.3958,64.0659
0.0410844,0.0189429,0.154204,53.2308,19.3161,64.066
0.0428001,0.00953608,0.129532,46.1201,19.2091,64.0662
0.0436514,0.00946292,0.15122,43.5091,19.5309,64.0662
0.0431439,0.00392762,0.121266,45.6237,19.5973,64.0669
0.04226,0.0196955,0.147277,48.0318,19.5224,64.0676
0.0428054,0.00826788,0.125394,46.545,19.954,64.0681
0.0410522,0.0207672,0.142664,53.9336,19.3086,64.0684
0.0422226,0.0199719,0.148271,48.2953,19.4269,64.0686
0.0408655,0.00855501,0.128612,54.3616,19.0067,64.0689
0.0417766,0.0154641,0.136154,50.4882,19.8502,64.0692
0.040654,0.0114145,0.129747,55.588,19.0579,64.0702
0.0422717,0.0180299,0.149014,48.941,19.0432,64.0706
0.0441968,0.0120362,0.159812,41.6035,19.3266,64.0709
0.0408509,0.00544823,0.163716,54.2561,19.5546,64.0714
0.0422238,0.0116322,0.161962,48.7569,19.649,64.0715
0.041744,0.00313657,0.149597,50.404,19.6759,64.0716
0.041739,0.00779793,0.152402,50.0691,19.575,64.0718
0.042314,0.0040941,0.12344,48.5058,19.5486,64.0718
0.0414913,0.0256268,0.163436,51.3001,19.561,64.0724
0.0435769,0.00870054,0.140824,43.7425,19.3754,64.0726
0.0414986,0.0111002,0.150508,51.5373,19.0378,64.0727
0.0420719,0.00656944,0.128306,49.6585,19.6046,64.0729
0.0414869,0.0169778,0.16143,51.0398,19.4639,64.073
0.0441607,0.00705022,0.161885,41.0033,19.4814,64.0739
0.041559,0.0121563,0.141843,51.9765,19.8359,64.074
0.0406279,0.0122765,0.128091,55.7623,19.8369,64.0742
0.0406505,0.0102455,0.14988,55.4397,19.1789,64.0747
0.043081,0.0121447,0.124269,45.0392,19.6913,64.0748
0.0413079,0.0192736,0.14814,52.1649,19.5919,64.0749
0.0441807,0.0103063,0.15889,41.6894,19.0011,64.075
0.0417931,0.013078,0.1381,50.9034,19.3574,64.076
0.040431,0.0127615,0.13112,56.1591,19.3466,64.0761
0.0438456,0.00271356,0.153574,42.8808,19.0161,64.0765
0.0408358,0.0219415,0.140367,54.2227,19.6254,64.0768
0.0424774,0.00602482,0.163232,47.449,19.3733,64.0775
0.0404208,0.0164893,0.138239,56.7294,19.3729,64.0782
0.0410318,0.0212764,0.147851,53.7107,19.1408,64.0787
0.0431424,0.0049503,0.119813,45.7342,19.9431,64.0787
0.0403906,0.0193569,0.140437,56.5616,19.244,64.079
0.043134,0.00335714,0.135346,45.3722,19.4426,64.079
0.0432911,0.00692723,0.144679,44.9418,19.6925,64.0801
0.0425101,0.0183251,0.145338,47.2033,19.095,64.0802
0.0417423,0.0173484,0.134079,50.5918,19.7156,64.0806
0.0428221,0.00974916,0.129635,46.6401,19.8967,64.0812
0.0415112,0.0252679,0.160629,51.4861,19.5417,64.0813
0.0430135,0.00261088,0.145907,45.5866,19.6365,64.0814
0.0405947,0.0116385,0.145212,55.7714,19.3895,64.0816
0.0433754,0.0111,0.138787,44.1194,19.5598,64.0817
0.0417446,0.0204126,0.158009,50.2743,19.4865,64.0824
0.0430799,0.0132502,0.144697,45.1751,19.4001,64.0828
0.0413046,0.0204697,0.157728,52.3365,19.0934,64.0829
0.0425438,0.0154875,0.153354,47.9734,19.8662,64.0834
0.0428067,0.0170421,0.155265,46.3744,19.4615,64.0838
0.0419892,0.0191038,0.158051,49.1027,19.2376,64.0849
0.0412983,0.0155588,0.137703,52.0297,19.2637,64.0855
0.0441944,0.0129097,0.159767,41.6336,19.1718,64.0858
0.0430324,0.0117211,0.14099,45.3408,19.4329,64.0863
0.0436413,0.00711008,0.128964,43.6837,19.4853,64.0864
0.043061,0.0125678,0.128841,45.9102,19.7369,64.0867
0.0432907,0.0129243,0.164686,44.7629,19.9268,64.0868
0.0431122,0.00251646,0.116436,45.6026,19.2553,64.0869
0.0436004,0.0161909,0.154566,43.5602,19.5001,64.087
0.0441405,0.00398195,0.160177,41.5092,19.9477,64.0876
0.0406316,0.0179035,0.135692,55.9697,19.9388,64.0879
0.0431124,0.00868878,0.131355,45.9579,19.6777,64.088
0.0444672,0.00735835,0.161594,40.2579,19.8678,64.0882
0.0425046,0.0146733,0.140734,47.676,19.7965,64.091
0.0422635,0.00441169,0.127606,48.5652,19.6281,64.0912
0.0404124,0.00913352,0.149094,56.0876,19.9085,64.0915
0.041505,0.0177112,0.134142,51.2577,19.3985,64.0915
0.0415884,0.0122574,0.158849,51.6607,19.5334,64.0921
0.0435776,0.0130349,0.142638,43.0083,19.4835,64.0921
0.0441531,0.00955122,0.156863,41.9598,19.7418,64.093
0.0414839,0.0223948,0.160472,51.0677,19.4326,64.0933
0.043031,0.0189031,0.161008,45.4235,19.3012,64.0934
0.0444826,0.00459168,0.15462,40.0696,19.9662,64.0935
0.0418167,0.0141081,0.156795,50.6959,19.8729,64.0938
0.043285,0.00840762,0.156224,44.4593,19.2175,64.0939
0.0404207,0.0150201,0.140758,56.2703,19.9209,64.094
0.0406846,0.00273147,0.141822,55.4565,19.7204,64.0941
0.0425677,0.0102786,0.136479,47.1951,19.2155,64.0941
0.0415736,0.0127583,0.144182,51.6325,19.037,64.0946
0.0430145,0.0159221,0.16069,45.995,19.7781,64.0963
0.0439417,0.0023732,0.129149,42.8921,19.5147,64.0963
0.0433419,0.0161991,0.140785,44.3048,19.2546,64.0983
0.0423168,0.0108188,0.135368,48.7552,19.0721,64.0986
0.0438457,0.00602631,0.161977,42.1431,19.7244,64.099
0.0425388,0.00652399,0.123544,47.4961,19.6689,64.0994
0.040388,0.018356,0.139439,56.0212,19.3348,64.0994
0.043341,0.0148589,0.158236,44.5221,19.8226,64.1002
0.0439384,0.0106523,0.134077,42.1112,19.4145,64.1005
0.0424714,0.00852594,0.158075,47.0831,19.396,64.1007
0.0406001,0.0219564,0.14955,55.2904,19.2449,64.1014
0.042755,0.0218404,0.157765,46.741,19.0471,64.1016
0.0441377,0.00334746,0.163013,41.4912,19.9616,64.1019
0.0422691,0.0209556,0.14542,48.7363,19.5771,64.1023
0.0427926,0.0128779,0.13298,46.4002,19.5524,64.1026
0.0433822,0.0112371,0.136255,44.5368,19.21,64.1039
0.0427816,0.0103847,0.130821,46.9079,19.9171,64.104
0.0422188,0.0143078,0.152773,48.1746,19.955,64.104
0.0413234,0.0205213,0.148845,52.2026,19.1642,64.104
0.0414806,0.0258608,0.16506,51.3258,19.745,64.1041
0.0433262,0.0170242,0.140631,44.9995,19.9359,64.1051
0.0435683,0.0133005,0.150664,43.4218,19.7274,64.1052
0.0417909,0.00564903,0.120242,50.168,19.046,64.1053
0.0416138,0.00373341,0.161224,51.8291,19.9238,64.1055
0.0422578,0.00682304,0.129604,48.9572,19.2248,64.106
0.0430451,0.0129744,0.135097,45.7836,19.0978,64.1064
0.0433187,0.0167854,0.152592,44.6867,19.6268,64.1072
0.0428206,0.0116036,0.132114,46.2912,19.2829,64.1073
0.0419967,0.0202881,0.146809,49.7026,19.633,64.1074
0.0425828,0.00443004,0.11416,47.9308,19.2017,64.1099
0.0413077,0.0220973,0.152688,52.3534,19.0352,64.1102
0.0431014,0.00799863,0.118675,45.5875,19.406,64.1104
0.041576,0.00743266,0.121626,51.0005,19.476,64.1112
0.0425239,0.00501086,0.12509,47.4313,19.8881,64.112
0.0430353,0.0180651,0.152371,45.1376,19.4523,64.1125
0.0433644,0.0119346,0.14972,44.3994,19.6536,64.1131
0.042246,0.019787,0.158121,48.782,19.2985,64.1132
0.0408562,0.0183637,0.151639,54.658,19.5639,64.1138
0.0422736,0.0140435,0.132812,48.407,19.1304,64.115
0.0425534,0.0104317,0.129172,47.1235,19.105,64.1157
0.0445161,0.00213866,0.144459,40.2456,19.6876,64.1159
0.0400165,0.00877968,0.128708,58.9964,19.2604,64.116
0.0417858,0.0144318,0.128316,50.1978,19.7217,64.1161
0.0415905,0.00502666,0.123843,51.3889,19.9732,64.1163
0.0417479,0.00197157,0.13536,50.9576,19.7504,64.1163
0.0410665,0.0214525,0.143066,53.8267,19.4124,64.1166
0.0424849,0.0190328,0.148381,47.1655,19.4904,64.117
0.0436977,0.00244885,0.133225,43.9454,19.0541,64.1177
0.0444987,0.00832832,0.152181,40.8208,19.0916,64.1177
0.0430195,0.0139262,0.148645,45.5782,19.7571,64.1181
0.0430264,0.0146378,0.148712,45.3769,19.4108,64.1189
0.0410806,0.00719716,0.121691,53.6455,19.2091,64.119
0.0415538,0.0128936,0.130108,51.2884,19.7294,64.1195
0.0436663,0.00564104,0.156608,43.0223,19.7127,64.1204
0.0415834,0.00557485,0.120554,51.534,19.8616,64.1205
0.0427833,0.015278,0.137479,46.7465,19.9248,64.1206
0.0422572,0.0170252,0.135394,48.7251,19.1644,64.124
0.0415832,0.014408,0.150062,51.9272,19.0409,64.1246
0.0438406,0.00538799,0.156135,42.2011,19.1494,64.1249
0.0433568,0.0132079,0.162053,44.1612,19.0983,64.1251
0.0431354,0.00247014,0.151477,45.2669,19.3318,64.1254
0.0422337,0.0110175,0.138916,48.9525,19.7634,64.1254
0.0448285,0.00510818,0.159525,39.1511,19.8181,64.1259
0.0430204,0.00884574,0.141387,45.1917,19.5121,64.126
0.0410894,0.00876187,0.124701,53.2889,19.7264,64.126
0.0418113,0.0139805,0.148951,50.9569,19.0555,64.126
0.0425872,0.00551234,0.12441,47.0431,19.4198,64.1261
0.041733,0.0184591,0.141271,50.0698,19.4869,64.1271
0.0412765,0.00724035,0.134925,52.9065,19.5779,64.1272
0.0423214,0.00397242,0.119841,48.993,19.3498,64.1275
0.0442172,0.00952374,0.140025,41.6072,19.0431,64.1277
0.0438584,0.0122563,0.157141,42.3112,19.8782,64.1277
0.0406463,0.0169758,0.13411,55.5765,19.903,64.1277
0.0438819,0.0159101,0.155846,42.2304,19.3718,64.1279
0.0398041,0.00742054,0.122926,59.7698,19.6757,64.1301
0.0439695,0.00450315,0.140548,42.5281,19.5592,64.1302
0.0433741,0.00464424,0.120835,44.3808,19.3624,64.1303
0.0410594,0.00648504,0.124997,53.1469,19.4457,64.1304
0.0414891,0.019261,0.151957,51.7403,19.8741,64.1311
0.0399983,0.0131503,0.127458,58.6383,19.8853,64.1311
0.0435481,0.00370099,0.144299,43.4967,19.7833,64.1313
0.0441866,0.0150795,0.15009,41.3908,19.5791,64.1314
0.0418393,0.0063329,0.135678,50.9545,19.9747,64.1315
0.0430812,0.0101039,0.121022,45.3677,19.8093,64.1323
0.0411158,0.0122335,0.15426,53.5972,19.6049,64.1325
0.042219,0.0204095,0.164542,48.7969,19.0791,64.1325
0.0427789,0.0102044,0.126348,46.1728,19.1048,64.1325
0.0415889,0.0123699,0.147231,51.8031,19.7779,64.1326
0.042001,0.0204976,0.149936,49.6773,19.7572,64.1327
0.0430783,0.0163581,0.128611,45.4366,19.9664,64.1329
0.0404137,0.0160738,0.143517,56.0177,19.2329,64.133
0.0433541,0.0035964,0.121996,44.5026,19.7157,64.1331
0.0438259,0.0024834,0.153489,42.2436,19.4324,64.1333
0.0442483,0.00441821,0.151558,41.8937,19.5919,64.1333
0.0417857,0.0164134,0.138207,50.85,19.4121,64.1333
0.0410269,0.0222715,0.162226,53.219,19.7228,64.1335
0.0417967,0.0153522,0.130696,50.4127,19.3189,64.1348
0.0430839,0.0140499,0.145796,45.6447,19.3991,64.1348
0.0410319,0.0269643,0.161037,53.1883,19.8637,64.1352
0.0444714,0.00682839,0.156514,40.1503,19.8743,64.1353
0.0425768,0.00729034,0.122143,47.0807,19.8525,64.1356
0.0439349,0.0105512,0.132247,42.8377,19.3697,64.136
0.043347,0.00629986,0.123933,44.0861,19.1376,64.1361
0.0422268,0.0158134,0.142637,48.4537,19.5095,64.1362
0.0410283,0.0272123,0.149313,53.7291,19.0735,64.1368
0.0441909,0.0187453,0.1514,41.7368,19.5496,64.1369
0.0403874,0.00440843,0.133393,56.5313,19.0384,64.1371
0.0433003,0.0154246,0.152205,44.5083,19.4034,64.1371
0.0408063,0.0177895,0.157733,54.943,19.1186,64.1374
0.0404572,0.00873571,0.126356,56.4472,19.166,64.1374
0.0436194,0.0174069,0.153847,43.6536,19.4049,64.1374
0.0432853,0.0123695,0.150941,44.3529,19.2776,64.1377
0.0405985,0.0250688,0.136977,55.2744,19.9871,64.1377
0.0436008,0.0193766,0.151165,43.7829,19.61,64.1377
0.0412504,0.0259312,0.163259,52.2938,19.422,64.1378
0.043363,0.0128298,0.151422,44.981,19.2777,64.1382
0.0408525,0.0211907,0.15055,54.2697,19.2497,64.1391
0.043588,0.0174967,0.161065,43.4645,19.9477,64.1393
0.0433594,0.014178,0.146827,44.2811,19.1574,64.1396
0.0415726,0.0107021,0.135902,51.1117,19.924,64.1405
0.0434235,0.00277312,0.127223,44.542,19.4019,64.1406
0.0419722,0.0112606,0.163563,49.5882,19.7191,64.1406
0.0427749,0.0154507,0.138597,46.1012,19.9814,64.1406
0.0435974,0.0175088,0.144421,43.548,19.0481,64.1408
0.0439119,0.00919302,0.135635,42.7134,19.7771,64.141
0.042026,0.018393,0.163057,49.4788,19.8708,64.1415
0.0401846,0.0156448,0.138243,57.2111,19.1163,64.1416
0.0428195,0.011132,0.116903,46.4405,19.622,64.142
0.0430561,0.00506974,0.121908,45.4187,19.4895,64.142
0.0417644,0.0203398,0.147796,50.8606,19.5356,64.1421
0.0424966,0.0219274,0.161173,47.9538,19.5293,64.1422
0.0431512,0.00259583,0.123864,45.0217,19.0325,64.1435
0.0431065,0.0137968,0.126132,45.7645,19.1848,64.1438
0.0405962,0.0252746,0.141467,55.423,19.6651,64.1439
0.0430286,0.00964962,0.129716,45.6526,19.4398,64.1443
0.0428421,0.0110552,0.117048,46.7861,19.1961,64.1444
0.0428212,0.0128726,0.129937,46.6159,19.3202,64.145
0.0433107,0.0187342,0.163566,44.9176,19.941,64.1452
0.0425663,0.0160661,0.14646,47.0608,19.5965,64.1454
0.0428086,0.0144748,0.134369,46.6355,19.16,64.1456
0.042542,0.00339867,0.114647,47.954,19.0275,64.1458
0.0403819,0.0163169,0.132775,56.0579,19.3296,64.1464
0.040806,0.0251176,0.148059,54.9975,19.8536,64.1465
0.0420813,0.0109948,0.161954,49.2552,19.6335,64.1467
0.0428262,0.0121515,0.126425,46.0153,19.2184,64.1473
0.0420587,0.00462406,0.119541,49.3305,19.3715,64.1479
0.0444597,0.0103621,0.163479,40.1115,19.5049,64.1481
0.0444921,0.0157339,0.158238,40.6917,19.3887,64.1493
0.0399858,0.00426223,0.138196,58.1378,19.4666,64.1495
0.0442355,0.00212045,0.132362,41.4191,19.9955,64.1496
0.0423237,0.00726017,0.126774,48.6407,19.3963,64.1497
0.043036,0.0156235,0.129965,45.7304,19.8954,64.1498
0.0406582,0.0161462,0.134405,55.3953,19.2474,64.1501
0.0413244,0.0170204,0.163714,52.7243,19.7256,64.1508
0.0408352,0.0128887,0.129016,54.3475,19.5948,64.1508
0.043873,0.0153508,0.155182,42.7307,19.1932,64.1511
0.0410813,0.0174803,0.137972,53.4079,19.949,64.1511
0.0436827,0.00357564,0.119687,43.724,19.2411,64.1518
0.0415309,0.0171599,0.13346,51.9968,19.2981,64.1524
0.0422289,0.0112171,0.140868,48.4171,19.7079,64.1534
0.0410772,0.00628905,0.115013,53.7381,19.3733,64.1535
0.0406115,0.0239195,0.141083,55.1389,19.5819,64.1553
0.0444989,0.00865281,0.15007,40.5747,19.2192,64.1556
0.0419808,0.00419849,0.144495,49.6907,19.1431,64.1562
0.0432804,0.00989309,0.145182,44.935,19.5258,64.157
0.0398054,0.00752702,0.12168,59.8475,19.7183,64.1573
0.0410471,0.00932679,0.132445,53.2652,19.3535,64.158
0.043135,0.00907535,0.120103,45.0241,19.0252,64.1582
0.0433045,0.0175174,0.151641,44.4783,19.7739,64.1583
0.0421041,0.00336815,0.136077,49.4402,19.68,64.1589
0.0420429,0.0117138,0.126411,49.9268,19.5419,64.1589
0.043326,0.0212744,0.138721,44.7786,19.6699,64.159
0.0428625,0.00460127,0.111406,46.0085,19.2051,64.1591
0.0425845,0.00653243,0.117333,47.1797,19.7192,64.1596
0.0423241,0.00298893,0.114871,48.6115,19.4833,64.1598
0.0445458,0.00439934,0.154256,40.3854,19.4143,64.1598
0.041096,0.0198013,0.15388,53.9313,19.0013,64.16
0.0430419,0.0044565,0.123683,45.7477,19.0498,64.1601
0.0416185,0.00633995,0.15077,51.5795,19.0392,64.1602
0.0418288,0.0139915,0.161658,50.642,19.4673,64.1609
0.0416294,0.00279128,0.148836,51.2612,19.7965,64.1619
0.041723,0.0156972,0.164252,50.1525,19.0341,64.1622
0.0422241,0.0234315,0.160822,48.7019,19.199,64.1627
0.0401889,0.0165512,0.125904,57.0511,19.8132,64.1631
0.0434195,0.00502861,0.120533,44.021,19.479,64.1637
0.0418447,0.0060073,0.130722,50.5967,19.1291,64.1643
0.0430046,0.0072581,0.147415,45.8071,19.0654,64.1647
0.0430335,0.0209646,0.156689,45.3933,19.3361,64.1647
0.044179,0.0154966,0.150606,41.9786,19.9809,64.1648
0.0415008,0.0183162,0.13126,51.9899,19.7455,64.1649
0.0433199,0.0204268,0.144849,44.8989,19.4151,64.1652
0.0428537,0.00763138,0.128846,46.098,19.4478,64.1653
0.0406745,0.00943845,0.12641,55.6855,19.0212,64.1659
0.0438937,0.00883004,0.136712,42.6201,19.0883,64.166
0.04128,0.0175457,0.13218,52.5016,19.8538,64.1664
0.0420934,0.00589431,0.14438,49.8658,19.3905,64.1665
0.0438415,0.0112932,0.158408,42.9345,19.6806,64.1674
0.0417529,0.0217416,0.148632,50.7134,19.3732,64.1676
0.0430937,0.0166563,0.128222,45.1519,19.6973,64.1678
0.040635,0.00675434,0.120691,55.6357,19.0633,64.1681
0.0408156,0.00784727,0.159226,54.5155,19.1006,64.1701
0.0444294,0.00622693,0.165526,40.6385,19.2825,64.1703
0.0444746,0.00929294,0.155983,40.7441,19.5569,64.171
0.0448024,0.00288901,0.157013,39.2785,19.965,64.1715
0.0422115,0.0196245,0.159049,48.7713,19.2523,64.1727
0.0408719,0.0151132,0.15442,54.4688,19.8696,64.174
0.0400125,0.0086674,0.121258,58.4633,19.1969,64.1746
0.0412567,0.0210508,0.145466,52.538,19.0178,64.1748
0.0428358,0.0129821,0.118353,46.0882,19.6075,64.1749
0.0425696,0.00903088,0.114158,47.8347,19.1443,64.175
0.0425116,0.00906753,0.1281,47.3202,19.8955,64.1751
0.0406056,0.0244604,0.149734,55.7509,19.7918,64.1757
0.0433653,0.0135113,0.158959,44.3636,19.847,64.1757
0.0435858,0.0187009,0.14821,43.8248,19.301,64.1764
0.0430803,0.0186134,0.124511,45.0558,19.0605,64.1784
0.0417951,0.0163426,0.134113,50.998,19.3645,64.1786
0.0438819,0.0141356,0.141826,42.868,19.46,64.1787
0.042284,0.0170608,0.159177,48.3475,19.3517,64.1788
0.0444362,0.00852591,0.162886,40.5791,19.9696,64.1791
0.0441946,0.0194178,0.152387,41.7627,19.9817,64.1794
0.0438755,0.00251721,0.136137,42.2616,19.7421,64.1795
0.0428696,0.00363959,0.152277,46.9889,19.2661,64.1795
0.042594,0.007042,0.129706,47.218,19.5409,64.1798
0.0430349,0.0183488,0.143648,45.19,19.4449,64.1811
0.0448273,0.0070882,0.162405,39.1392,19.2339,64.1814
0.0444893,0.00805268,0.150377,40.8801,19.7789,64.1822
0.0431298,0.0102315,0.123056,45.5399,19.7247,64.1826
0.0422589,0.022048,0.139992,48.4249,19.8268,64.1826
0.0436051,0.0213691,0.139133,43.2746,19.9891,64.1827
0.0438871,0.0210909,0.146409,42.6998,19.9877,64.1828
0.0415503,0.0230463,0.154598,51.8775,19.3141,64.1828
0.0421057,0.00444908,0.147969,49.2797,19.9927,64.183
0.0422564,0.0220463,0.159397,48.9682,19.7052,64.1838
0.0435748,0.0156846,0.138325,43.8852,19.1669,64.184
0.0417917,0.0219629,0.160778,50.9909,19.8316,64.184
0.0423152,0.0123537,0.154533,48.5383,19.0525,64.184
0.0427404,0.0138264,0.147807,46.61,19.6806,64.1842
0.0412665,0.0265783,0.149527,52.3096,19.8285,64.1848
0.0413463,0.0154608,0.142705,52.3122,19.8409,64.1849
0.0436196,0.00791031,0.128317,43.6531,19.0994,64.1851
0.0414983,0.0179272,0.134067,51.7609,19.0473,64.1853
0.0441404,0.0139792,0.154923,41.6645,19.4367,64.1863
0.0410274,0.0294781,0.148562,53.1718,19.8632,64.1863
0.0448476,0.00204662,0.152504,39.321,19.7101,64.1867
0.0441636,0.00695764,0.143871,41.0444,19.5848,64.1875
0.040427,0.0165527,0.128206,56.9095,19.5408,64.1876
0.0425021,0.022918,0.162589,47.347,19.0138,64.1879
0.0430625,0.00821283,0.120189,45.8374,19.8166,64.188
0.0435581,0.014664,0.148667,43.6925,19.2864,64.1881
0.0427619,0.0055907,0.123918,46.7745,19.2104,64.1883
0.0408108,0.0055691,0.154384,54.5081,19.756,64.1886
0.0412572,0.0222831,0.144377,52.4218,19.7442,64.1887
0.0433126,0.00418349,0.127057,44.0351,19.8971,64.1888
0.0412538,0.0307813,0.16174,52.6299,19.4391,64.1894
0.0427894,0.0147848,0.126371,46.3207,19.8226,64.1896
0.0433405,0.021507,0.133142,44.7168,19.4164,64.1897
0.0422186,0.00830881,0.162155,48.4706,19.2735,64.1901
0.0439736,0.00569916,0.13782,42.9959,19.2459,64.1903
0.044464,0.0141228,0.162778,40.0255,19.3616,64.1905
0.0420926,0.00845367,0.130654,49.2248,19.0341,64.1906
0.0404365,0.0164391,0.130691,56.2471,19.9788,64.1912
0.0430996,0.0145764,0.13247,45.2894,19.5922,64.1913
0.0406199,0.0238087,0.142105,55.7112,19.7703,64.1914
0.0406613,0.00414137,0.120566,55.2473,19.6303,64.1917
0.0425067,0.0264178,0.154282,47.4882,19.4018,64.1924
0.0422921,0.00717632,0.118008,48.3748,19.4806,64.193
0.0420157,0.0214049,0.164401,49.6149,19.4823,64.1931
0.0433155,0.0215613,0.142585,44.8331,19.3628,64.1933
0.0438918,0.0190098,0.165201,42.5743,19.9767,64.1937
0.0438566,0.016564,0.152678,42.8821,19.3444,64.1938
0.0438968,0.0199553,0.157635,42.8543,19.3426,64.195
0.042346,0.00712906,0.165115,48.5191,19.9673,64.1955
0.0423344,0.00256488,0.112107,48.9605,19.2129,64.1957
0.0420213,0.0214767,0.14294,49.6472,19.0032,64.1959
0.0433404,0.0217499,0.134925,44.55,19.3743,64.1973
0.0427311,0.0251297,0.162221,46.1639,19.5345,64.1973
0.0419987,0.019526,0.132244,49.7314,19.9855,64.1974
0.0412656,0.0226203,0.140583,52.727,19.0627,64.1975
0.0425336,0.0200595,0.139506,47.6919,19.7859,64.1977
0.0418091,0.00875218,0.120645,50.0919,19.2411,64.1984
0.0430009,0.00197226,0.154204,45.4883,19.7854,64.1988
0.0422705,0.021147,0.15253,48.8889,19.9044,64.1991
0.0403744,0.0161589,0.145183,56.9239,19.2977,64.1997
0.0448071,0.00199071,0.153711,39.2521,19.4448,64.1998
0.042734,0.0193232,0.153264,46.9563,19.141,64.2004
0.0436007,0.0232788,0.143429,43.6888,19.8098,64.2006
0.0425363,0.00805,0.115168,47.0037,19.2696,64.2007
0.0439866,0.00227444,0.129503,42.6141,19.4513,64.2007
0.043852,0.00817184,0.143434,42.1678,19.4501,64.2011
0.0415442,0.0232164,0.165327,51.0559,19.1844,64.203
0.0425711,0.011536,0.12512,47.7452,19.062,64.2034
0.0410717,0.0199569,0.162023,53.7834,19.5028,64.2035
0.04209,0.00803521,0.148803,49.1625,19.0996,64.2037
0.0427221,0.0113716,0.160776,46.3092,19.5686,64.2043
0.0427512,0.0104819,0.136719,46.4088,19.1631,64.2046
0.0427442,0.00246007,0.142727,46.0395,19.5279,64.2047
0.0424877,0.0137663,0.139108,47.102,19.2495,64.2047
0.0436624,0.0076115,0.159579,43.8507,19.9748,64.2054
0.0433341,0.0192386,0.159256,44.32,19.7626,64.2054
0.0430176,0.0162966,0.139159,45.4198,19.6626,64.206
0.0412714,0.010366,0.13352,52.4003,19.7452,64.2067
0.0441261,0.00964887,0.162921,41.9619,19.9173,64.2068
0.0418337,0.0106973,0.145007,50.9812,19.9063,64.2069
0.0435863,0.00820366,0.132991,43.461,19.7832,64.2072
0.043328,0.0211633,0.131153,44.5838,19.2358,64.2079
0.0448514,0.0021329,0.153184,39.9776,19.3133,64.2085
0.0441732,0.0205756,0.154195,41.412,19.9983,64.2088
0.0415288,0.0197232,0.127721,51.2231,19.9358,64.2089
0.0416054,0.00689398,0.135846,51.8183,19.4596,64.2094
0.0430076,0.0229868,0.163751,45.5795,19.5794,64.2099
0.0405971,0.00611433,0.152303,55.1197,19.1631,64.2099
0.0439127,0.0190914,0.14971,42.0268,19.9029,64.2102
0.0438834,0.0153881,0.14101,42.5165,19.2379,64.2108
0.0431178,0.00990178,0.140433,45.7942,19.3183,64.2111
0.0439513,0.00366139,0.124087,42.5052,19.6411,64.2112
0.0427459,0.0148631,0.142503,46.1105,19.4051,64.2115
0.0422804,0.0197824,0.151867,48.4524,19.2236,64.2118
0.043882,0.00275533,0.133261,42.4215,19.396,64.212
0.0407965,0.0227534,0.144875,54.758,19.8819,64.2122
0.0433296,0.0091201,0.124206,44.0723,19.834,64.2122
0.0405856,0.0146882,0.150224,55.755,19.6086,64.2129
0.0435412,0.00797206,0.142139,43.5645,19.6588,64.213
0.0413289,0.00260218,0.113195,52.9087,19.7409,64.2137
0.041274,0.0291158,0.161037,52.5817,19.1073,64.2147
0.0425012,0.00958618,0.130285,47.8865,19.9876,64.2153
0.0430592,0.00324816,0.119318,45.0405,19.937,64.2156
0.0438611,0.0154977,0.143591,42.5481,19.2973,64.2157
0.0417335,0.00835533,0.146093,50.0836,19.1439,64.2157
0.0428444,0.00901302,0.112349,46.5474,19.762,64.2158
0.0427269,0.010289,0.155055,46.5178,19.0615,64.216
0.0425311,0.0195951,0.161405,47.7634,19.7831,64.2162
0.0432885,0.0191907,0.157305,44.2993,19.2191,64.2164
0.0413002,0.0249947,0.162379,52.1615,19.0631,64.2165
0.0423237,0.00493694,0.111601,48.4068,19.3046,64.2169
0.043937,0.0158124,0.138464,42.176,19.0447,64.2171
0.0401723,0.0109022,0.14029,57.9496,19.7782,64.2175
0.0407989,0.0266735,0.151602,54.9881,19.3207,64.2177
0.043561,0.0186999,0.143105,43.7615,19.8701,64.2182
0.0435993,0.0219483,0.1553,43.4016,19.447,64.2184
0.0406347,0.012175,0.124056,55.5889,19.2473,64.2184
0.044532,0.00757461,0.140997,40.4758,19.4227,64.2185
0.0403911,0.0142982,0.150396,56.2491,19.2878,64.2187
0.0423494,0.00575458,0.153537,48.3849,19.6701,64.2193
0.0441773,0.0134899,0.146613,41.2694,19.3858,64.2195
0.0427339,0.0220615,0.154105,46.777,19.9193,64.2199
0.0445183,0.00768151,0.142348,40.5236,19.6197,64.2204
0.043009,0.00369102,0.133778,45.7837,19.0113,64.2209
0.0419687,0.0123458,0.150491,49.6845,19.4617,64.221
0.0417268,0.017075,0.145533,50.3094,19.5591,64.221
0.0413387,0.00914586,0.117782,52.1211,19.703,64.2212
0.0431032,0.00780405,0.115876,45.0243,19.8243,64.2213
0.0405887,0.0294612,0.147942,55.5391,19.1122,64.2214
0.0410692,0.0270227,0.145894,53.1793,19.6006,64.2223
0.0438762,0.0214854,0.147142,42.3716,19.2695,64.2224
0.0435901,0.0221058,0.157897,43.4556,19.918,64.2226
0.0442551,0.00677075,0.142009,41.6256,19.052,64.2226
0.0430535,0.00331515,0.120018,45.8093,19.2148,64.2236
0.0428013,0.0202287,0.146954,46.6528,19.9886,64.2241
0.0439174,0.00465435,0.127935,42.005,19.159,64.2244
0.0438512,0.0190132,0.147733,42.8392,19.3038,64.2244
0.0406643,0.0161876,0.12985,55.1996,19.2511,64.2244
0.0436347,0.0140041,0.128251,43.4075,19.3419,64.2246
0.0444455,0.00878758,0.155892,40.683,19.6598,64.225
0.0425679,0.0134398,0.159613,47.241,19.6317,64.225
0.0417431,0.00736003,0.131555,50.5751,19.7792,64.2251
0.0431313,0.0113111,0.117004,45.383,19.6318,64.2252
0.0435408,0.00409472,0.146126,43.8917,19.8671,64.2253
0.043616,0.0192285,0.159257,43.4712,19.379,64.2255
0.0405842,0.0160014,0.148399,55.1866,19.8418,64.2256
0.0410184,0.0184082,0.156936,53.665,19.1273,64.2257
0.042457,0.0200279,0.16399,47.4467,19.3094,64.2258
0.0405959,0.023937,0.134803,55.9656,19.1021,64.2258
0.0410664,0.0128446,0.119591,53.4717,19.1615,64.2258
0.0422154,0.0288345,0.148837,48.5861,19.0753,64.226
0.0436031,0.0103641,0.129527,43.1661,19.7332,64.2262
0.0406351,0.0206491,0.147184,55.9607,19.173,64.2266
0.0436778,0.00415245,0.155819,43.6192,19.1411,64.2271
0.0423262,0.0111988,0.151519,48.7643,19.4894,64.2272
0.0408182,0.0262066,0.158712,54.5421,19.4357,64.2272
0.0420282,0.0132362,0.123421,49.7148,19.4545,64.2274
0.044228,0.0134609,0.141677,41.4378,19.7506,64.2277
0.0420918,0.00480329,0.122,49.0598,19.2958,64.2288
0.0430151,0.0148912,0.135488,45.8283,19.8215,64.2293
0.0425513,0.0193177,0.15274,47.9082,19.6038,64.2296
0.0420797,0.0133435,0.161308,49.8172,19.5065,64.2298
0.0432704,0.0176867,0.16123,44.3479,19.2289,64.2301
0.0397836,0.00967997,0.127417,59.608,19.0456,64.2301
0.0410707,0.0168601,0.129146,53.1202,19.2702,64.2305
0.0433851,0.00872711,0.161376,44.6742,19.7565,64.2306
0.0422733,0.0216089,0.152388,48.9365,19.8163,64.2308
0.0408871,0.00704116,0.12354,54.0315,19.4134,64.2323
0.0412489,0.014744,0.16402,52.9624,19.3455,64.2325
0.0401947,0.00882968,0.121141,57.6163,19.6927,64.2326
0.0406042,0.0071941,0.128474,55.9242,19.8858,64.2333
0.0413428,0.00868035,0.122759,52.037,19.4552,64.2336
0.0422997,0.00912358,0.116183,48.5869,19.8866,64.2337
0.0398114,0.00396974,0.114305,59.299,19.6388,64.2339
0.0413746,0.00489927,0.157733,52.3682,19.8587,64.2344
0.0413514,0.016448,0.150989,52.4761,19.9038,64.235
0.0404126,0.0114872,0.151137,56.8279,19.6282,64.2351
0.0412656,0.00291982,0.148378,52.7583,19.3213,64.2353
0.0417356,0.0257851,0.14548,50.7626,19.1652,64.2355
0.0431344,0.0113552,0.119094,45.6459,19.0082,64.2361
0.0425097,0.00889795,0.12471,47.0812,19.5628,64.2363
0.0400001,0.0149707,0.13222,58.9494,19.8014,64.2371
0.0420733,0.0132885,0.13708,49.3113,19.9576,64.2371
0.0444564,0.0161498,0.163458,40.8431,19.8693,64.2374
0.0431411,0.00457328,0.133108,45.5714,19.1386,64.2375
0.0417586,0.0248721,0.153288,50.145,19.8847,64.2377
0.042803,0.0192201,0.123144,46.3805,19.048,64.238
0.0406077,0.0257228,0.149798,55.1854,19.7278,64.2384
0.0418645,0.00249373,0.121443,50.8192,19.6931,64.2386
0.0444273,0.0133411,0.165048,40.1452,19.003,64.239
0.0425936,0.00783527,0.121491,47.5909,19.8947,64.2396
0.0427921,0.0220783,0.144324,46.3856,19.4949,64.2396
0.0404271,0.0196594,0.132272,56.8374,19.8624,64.2403
0.0404103,0.00799947,0.120821,56.5581,19.8496,64.2405
0.042465,0.00918888,0.165086,47.3466,19.7055,64.2405
0.041024,0.0125911,0.157346,53.7436,19.875,64.2408
0.0430645,0.00878545,0.118718,45.6581,19.6561,64.2412
0.0425934,0.00765978,0.162818,47.1199,19.3803,64.2415
0.0435835,0.0220574,0.139434,43.3914,19.8343,64.2419
0.0413063,0.0266861,0.154078,52.2176,19.787,64.242
0.0427256,0.0201171,0.156125,46.7548,19.783,64.2421
0.0438674,0.0223864,0.162176,42.678,19.9092,64.2424
0.0444395,0.0113446,0.15915,40.8514,19.2572,64.2429
0.0425711,0.0120113,0.118994,47.365,19.8027,64.2434
0.0428612,0.00834979,0.132929,46.0478,19.5858,64.2437
0.0438333,0.0159434,0.159436,42.2845,19.7817,64.2438
0.0410789,0.00308146,0.112595,53.5912,19.7094,64.2446
0.0435486,0.0172414,0.152366,43.3575,19.8696,64.2457
0.0419673,0.0283172,0.150466,49.4266,19.3729,64.2462
0.043262,0.0108066,0.153994,44.2518,19.2269,64.2462
0.0416193,0.00826317,0.148742,51.4163,19.6544,64.2467
0.0417995,0.0166883,0.126625,50.182,19.5428,64.2468
0.0427377,0.00863425,0.141279,46.549,19.141,64.2475
0.0406247,0.00621846,0.160611,55.9703,19.822,64.2477
0.0424545,0.022453,0.15705,47.2927,19.0596,64.2487
0.0430531,0.0230568,0.152947,45.967,19.5821,64.2489
0.0404185,0.0159755,0.125323,56.587,19.5727,64.2496
0.0417641,0.024519,0.135743,50.5225,19.0256,64.25
0.0401965,0.00318581,0.147786,57.1083,19.4656,64.2501
0.0427584,0.0227619,0.144032,46.5796,19.637,64.2502
0.0436236,0.00524126,0.123096,43.802,19.502,64.2503
0.0436008,0.0199063,0.135178,43.4132,19.4728,64.2507
0.0412663,0.0112431,0.135773,52.9421,19.9739,64.2509
0.0420169,0.00412426,0.119365,49.9789,19.0259,64.2511
0.044508,0.0101651,0.144346,40.5372,19.0757,64.2513
0.0425628,0.018884,0.148306,47.5237,19.5375,64.2514
0.0406331,0.0244363,0.141457,55.2257,19.8835,64.2514
0.0432905,0.0221667,0.15827,44.9924,19.6891,64.2516
0.0433953,0.0110552,0.135529,44.8123,19.1666,64.2517
0.0433038,0.0231292,0.139231,44.9552,19.421,64.252
0.0401743,0.00429458,0.133813,57.301,19.9359,64.2522
0.0420997,0.00833921,0.154155,49.831,19.9134,64.2523
0.0436763,0.00893048,0.119923,43.4322,19.8129,64.2523
0.0441955,0.00642993,0.135822,41.9342,19.6172,64.2524
0.0415357,0.0215774,0.142784,51.5528,19.1796,64.2524
0.0410163,0.030091,0.149922,53.6943,19.615,64.2527
0.043315,0.0232626,0.1555,44.1169,19.5517,64.2529
0.042004,0.023502,0.134262,49.2899,19.6988,64.253
0.0412984,0.0217403,0.139643,52.794,19.6635,64.2531
0.0439448,0.00901024,0.125679,42.0516,19.8357,64.2531
0.0407,0.00237932,0.1324,55.4961,19.4208,64.2538
0.0430766,0.0193834,0.143525,45.4121,19.5055,64.2553
0.0438749,0.0121695,0.136602,42.2567,19.5108,64.2557
0.0445127,0.0123554,0.144637,40.7536,19.7178,64.2559
0.0428073,0.0209956,0.14951,46.3529,19.5139,64.256
0.0401926,0.022218,0.132636,57.1521,19.8725,64.2568
0.042802,0.0231341,0.154482,46.0226,19.695,64.257
0.0419706,0.0270476,0.139752,49.512,19.1154,64.2571
0.0425077,0.0265839,0.158685,47.7338,19.9826,64.2571
0.0417215,0.0228889,0.14209,50.048,19.3303,64.2574
0.0445155,0.0129252,0.158768,40.3035,19.0925,64.2577
0.0423366,0.00971793,0.154205,48.4737,19.5422,64.2579
0.0408001,0.0315782,0.154159,54.5526,19.5448,64.258
0.0436797,0.00997513,0.121166,43.4587,19.4368,64.258
0.0420429,0.00596244,0.114486,49.3241,19.2645,64.2581
0.0438548,0.00741952,0.139783,42.5132,19.035,64.2581
0.0425547,0.0123515,0.113092,47.253,19.6552,64.2581
0.0410911,0.0169996,0.133581,53.6424,19.9588,64.2583
0.0418182,0.0149666,0.141047,50.8591,19.6426,64.2586
0.0408007,0.0323311,0.154699,54.6198,19.2647,64.2587
0.042266,0.0219806,0.163796,48.9994,19.5712,64.2588
0.0405935,0.0247915,0.134709,55.1368,19.8213,64.2588
0.0425206,0.00988149,0.118623,47.0643,19.1291,64.2589
0.0427266,0.0181407,0.152968,46.7513,19.3635,64.2591
0.0441054,0.006612,0.165556,41.2501,19.4935,64.2591
0.0426206,0.00311224,0.136181,47.4247,19.5657,64.2593
0.0439035,0.022833,0.14956,42.809,19.3564,64.2606
0.0427185,0.0273418,0.164316,46.9001,19.8743,64.261
0.0422675,0.0218015,0.164204,48.3507,19.8662,64.2612
0.0419617,0.029203,0.146793,49.3461,19.3307,64.2613
0.0445002,0.00839544,0.144559,40.0523,19.1517,64.2614
0.0425785,0.01193,0.116854,47.01,19.096,64.262
0.0433787,0.0130594,0.147238,44.3616,19.8799,64.2625
0.0436577,0.0145844,0.140895,43.3502,19.2021,64.2625
0.0438377,0.0189336,0.158318,42.293,19.3459,64.2628
0.0413101,0.0258111,0.160891,52.3573,19.121,64.2628
