beta,permeability,xi,init_days,delay,value
0.0606866,0.382334,0.0509271,1.22066,13.2294,38.152
0.060636,0.391254,0.0515662,1.49325,13.5354,38.1785
0.0580848,0.45944,0.0508866,3.7837,13.7354,38.219
0.0599222,0.368528,0.053756,2.17992,14.1839,38.2265
0.0600247,0.362292,0.0528165,2.60453,14.5708,38.2403
0.0611005,0.345915,0.0550137,1.75144,14.2993,38.2945
0.0598877,0.3695,0.0540099,2.60842,14.5825,38.2949
0.0575792,0.429461,0.0510926,4.66768,14.2415,38.3017
0.059087,0.433556,0.0534317,2.09529,13.3604,38.3121
0.0602165,0.407935,0.0557432,1.02637,13.7512,38.3123
0.0621336,0.338174,0.051267,0.0101302,13.7496,38.3127
0.0600132,0.361686,0.0531807,2.3621,14.6593,38.3134
0.057475,0.437072,0.0531352,4.42522,14.4696,38.3219
0.0601549,0.352655,0.0508615,2.21149,14.4526,38.3239
0.059898,0.429941,0.058995,1.35334,13.7069,38.3337
0.0607327,0.373252,0.0524101,1.08353,13.6359,38.346
0.0596156,0.447931,0.0624225,1.40214,13.1604,38.3475
0.0621574,0.342556,0.0516708,0.350114,13.4191,38.3498
0.0593579,0.41058,0.0598922,2.03265,14.1558,38.3518
0.0610676,0.34799,0.0552601,1.2586,14.0563,38.3527
0.0579561,0.47354,0.0518399,3.29288,13.071,38.3573
0.0598398,0.378629,0.0535377,2.21406,14.5935,38.3648
0.0606342,0.375946,0.0602068,1.69262,14.1484,38.3835
0.0600599,0.430973,0.0572312,1.48024,13.4402,38.3835
0.0590476,0.441949,0.0532216,2.92908,13.8745,38.3878
0.0580503,0.450215,0.059307,3.56294,14.5761,38.3887
0.0594969,0.454214,0.0641929,1.58387,13.7138,38.3962
0.0597245,0.442752,0.0604643,1.97999,13.2035,38.3983
0.0610166,0.352548,0.0566373,1.90167,14.1136,38.4004
0.0589466,0.452322,0.0544309,2.27474,13.9091,38.4006
0.0587754,0.399861,0.0511225,3.16637,14.0775,38.4012
0.0603394,0.411621,0.0550336,1.64403,13.3793,38.4075
0.0594598,0.408898,0.0516591,2.75345,13.8997,38.4078
0.0605271,0.385619,0.0615315,1.75107,14.0164,38.4104
0.0619983,0.356815,0.0526613,0.821844,13.1166,38.4145
0.0596977,0.443662,0.0617214,1.18322,13.9952,38.4161
0.0622654,0.335577,0.0512638,0.565372,13.978,38.4242
0.058782,0.464936,0.0571141,2.33236,13.6262,38.427
0.0608387,0.416017,0.0659234,0.720669,13.4007,38.4518
0.0597188,0.43678,0.0617063,1.97942,13.7998,38.4532
0.0579841,0.457544,0.0597452,3.78164,14.9655,38.4563
0.0621032,0.336922,0.0512003,0.0631337,13.9316,38.4683
0.0618762,0.349328,0.0624122,0.178719,14.659,38.4799
0.0606002,0.375658,0.0622268,1.05787,14.1992,38.4881
0.0619029,0.369225,0.0519172,0.390901,13.5246,38.4909
0.0614117,0.397176,0.0577631,0.0601259,13.1726,38.4912
0.0621336,0.347968,0.051768,0.065654,13.4469,38.4924
0.0604671,0.407117,0.0512088,1.59881,13.9587,38.4934
0.0594242,0.458615,0.0648641,1.66048,13.046,38.4963
0.0620817,0.335753,0.0614321,0.0857996,14.5137,38.5003
0.0561885,0.488824,0.0514679,5.85499,14.8004,38.5015
0.0591756,0.422694,0.0630399,2.3839,14.4307,38.5018
0.0615312,0.38475,0.0577914,0.878533,13.8605,38.5034
0.0609633,0.356398,0.0516311,1.59928,13.9585,38.5063
0.0576091,0.487342,0.0561343,3.69516,13.366,38.5073
0.0621876,0.331471,0.0523799,0.114474,13.564,38.5092
0.0613428,0.385456,0.0601267,0.370324,13.095,38.5114
0.0567064,0.499345,0.0609592,4.53878,14.9654,38.5123
0.0617487,0.355956,0.0649615,0.0192432,14.0294,38.515
0.0611267,0.414913,0.0606589,0.968337,13.8355,38.5174
0.0598698,0.432298,0.0606054,1.88925,13.4028,38.5199
0.059035,0.439227,0.055604,2.3227,13.7196,38.5202
0.0579364,0.472607,0.0531912,3.99352,13.9878,38.5208
0.0605817,0.432755,0.0693884,0.115286,13.9036,38.5214
0.0577345,0.48252,0.0539256,3.3135,13.0309,38.5219
0.0624926,0.313456,0.0558897,0.942776,14.8914,38.5344
0.0596786,0.44058,0.0609429,1.65937,13.0622,38.5374
0.0609922,0.356878,0.0558051,1.64325,14.3109,38.5396
0.0602342,0.412949,0.0532927,1.15381,13.3222,38.54
0.0577611,0.518564,0.081269,2.54703,14.1144,38.5402
0.0565782,0.507561,0.062607,4.79402,14.0461,38.5404
0.0612208,0.334356,0.0561931,1.99321,14.2071,38.5418
0.0572418,0.459845,0.0543947,4.32089,14.572,38.5422
0.0586354,0.473439,0.058064,2.70223,13.9004,38.5444
0.0574683,0.498493,0.0569885,3.47908,13.0997,38.5448
0.0595592,0.45124,0.0622217,1.16652,13.3251,38.5451
0.0616805,0.3633,0.0565739,0.943997,13.9451,38.5461
0.0576422,0.495661,0.0549322,3.92944,13.7492,38.5484
0.0564432,0.518232,0.0629923,4.90936,14.0012,38.5486
0.0589759,0.433296,0.0644631,2.38927,14.6225,38.5561
0.0576712,0.479591,0.0562673,3.86777,13.2778,38.5567
0.0626857,0.301104,0.0541215,0.91777,14.3703,38.5579
0.0599088,0.43647,0.0601289,1.95695,13.1917,38.5591
0.0611064,0.395626,0.0626791,0.0807838,13.6056,38.5593
0.0612386,0.396968,0.0577057,0.142601,13.2556,38.5597
0.0606427,0.374183,0.0520168,1.52146,13.7177,38.5598
0.0601935,0.346268,0.0528443,2.626,14.9526,38.5622
0.0579476,0.466967,0.053906,3.34531,13.0871,38.5623
0.0593834,0.403055,0.0598828,2.65409,14.4071,38.5629
0.0588801,0.439096,0.0650592,2.11564,14.7723,38.5638
0.0559393,0.510326,0.0540504,5.42134,14.3657,38.5693
0.0603182,0.39954,0.0652176,1.96702,14.7776,38.5698
0.0590103,0.431325,0.0552266,2.6428,13.9905,38.5709
0.0557872,0.524119,0.0549619,5.62312,14.1605,38.571
0.060538,0.400705,0.0529661,1.6962,13.4086,38.5714
0.0600225,0.363469,0.0535867,2.38672,14.0903,38.5726
0.0605849,0.40157,0.0513444,1.01145,13.397,38.5743
0.0560642,0.428316,0.0514975,6.45875,15.6921,38.579
0.0616215,0.37188,0.0542276,0.497402,13.8905,38.5791
0.0612389,0.410162,0.0596297,0.488734,13.5919,38.5808
0.0575815,0.534145,0.085199,2.33774,14.5491,38.5848
0.0557921,0.524995,0.0545829,5.52557,14.2801,38.5854
0.058489,0.485615,0.0603121,2.42704,13.4259,38.5862
0.0582841,0.488936,0.0620183,2.63873,13.7885,38.5894
0.0588092,0.445272,0.0575847,2.57942,13.0801,38.5934
0.0606289,0.427788,0.0700074,0.125421,13.7894,38.594
0.0599351,0.471116,0.089987,0.17865,14.4821,38.5945
0.0585834,0.475615,0.0583975,2.82297,13.9851,38.5964
0.0606912,0.434757,0.0654184,0.534435,13.5673,38.599
0.0631213,0.265991,0.0524514,0.218994,14.4889,38.6016
0.0599505,0.372409,0.0512805,2.78724,14.5371,38.6022
0.0597487,0.385068,0.0558131,2.59282,14.2156,38.6043
0.0601025,0.41303,0.059205,1.07479,13.6379,38.6047
0.0596981,0.379776,0.0588648,2.21158,14.8969,38.6055
0.0556274,0.532209,0.0582345,5.61864,14.0928,38.6067
0.0565603,0.517099,0.0596166,4.07067,14.5937,38.608
0.0583396,0.489103,0.0612805,2.82456,13.0333,38.6123
0.0596386,0.450285,0.0630576,1.70351,13.0456,38.6131
0.0577576,0.477716,0.0617387,3.48456,14.515,38.6177
0.0571868,0.519772,0.0709689,3.12703,14.6924,38.6184
0.0618545,0.354806,0.0521363,0.466828,13.368,38.6211
0.0566148,0.512093,0.0543892,4.99373,13.3261,38.6213
0.0630509,0.270597,0.0537176,0.0148552,14.3438,38.6226
0.0616585,0.366606,0.0540041,0.81217,13.9713,38.6227
0.0581909,0.367142,0.0534296,4.37865,15.5756,38.6239
0.0579378,0.462074,0.0584634,3.07594,14.1145,38.6243
0.0560349,0.496751,0.0540826,5.87182,14.2352,38.6258
0.0605894,0.441639,0.0670502,0.170341,13.6138,38.6283
0.0615237,0.310543,0.0518093,1.26598,14.7504,38.6284
0.0601822,0.455798,0.0839384,0.661727,14.3932,38.6294
0.0615772,0.380562,0.0538356,0.786334,13.9906,38.6306
0.0566665,0.491865,0.0728619,4.35846,15.9915,38.6313
0.0617505,0.37006,0.0518263,0.717065,13.346,38.6321
0.0603928,0.397568,0.0568422,1.81887,13.5995,38.6322
0.0598583,0.424296,0.0603355,1.029,13.1648,38.6341
0.0593272,0.507283,0.164795,0.933775,16.5766,38.6364
0.0601273,0.355664,0.0529302,2.10208,14.0692,38.6364
0.0598525,0.432624,0.0686567,1.45213,14.4935,38.6367
0.0579649,0.458605,0.0511907,3.43233,13.1256,38.6383
0.061481,0.382492,0.0595204,0.539272,13.8166,38.6401
0.0584775,0.423765,0.0543393,3.89386,14.3267,38.643
0.0556983,0.535884,0.0509458,5.22926,13.2374,38.6437
0.0562489,0.47432,0.0529812,5.52615,14.8095,38.6453
0.0575189,0.48994,0.0581026,3.28863,13.2309,38.6479
0.0605769,0.31296,0.0515446,2.57859,14.3359,38.649
0.0611506,0.414224,0.0592366,0.17333,13.6267,38.6507
0.0599488,0.472464,0.0883252,0.957995,14.8896,38.6526
0.0596088,0.44487,0.0721275,1.52514,14.4514,38.6545
0.0570564,0.561764,0.161295,2.7449,16.5831,38.6548
0.0553804,0.551882,0.0621684,5.02134,14.7468,38.6557
0.0579807,0.453311,0.0588469,3.71411,14.9373,38.6568
0.0598156,0.433526,0.0706684,1.48511,14.9647,38.6571
0.058943,0.436035,0.0672728,2.36014,14.8363,38.6577
0.0564413,0.524082,0.061222,4.02301,14.6362,38.6581
0.0571319,0.471201,0.0544326,4.06957,14.7795,38.6589
0.0616196,0.370008,0.0539924,0.797852,13.0285,38.6602
0.0593938,0.459048,0.0756016,1.71979,14.8052,38.6629
0.0607166,0.365788,0.0592853,1.19177,14.3954,38.6631
0.0591323,0.447985,0.0528364,2.16015,13.2836,38.6642
0.057585,0.503421,0.0561402,3.64288,13.8932,38.6644
0.056533,0.518538,0.0615359,4.73872,14.2271,38.6645
0.0613608,0.333573,0.052427,1.52412,14.2949,38.6646
0.0586398,0.479014,0.0567244,2.74328,13.4903,38.6658
0.0615368,0.310836,0.0552321,1.91309,14.4956,38.6664
0.059559,0.388018,0.0572455,2.18413,14.5939,38.6666
0.0572036,0.460966,0.0530647,4.62606,14.4679,38.6739
0.0557274,0.457434,0.0543531,6.90511,15.0105,38.6744
0.0592202,0.351094,0.0520875,3.52439,14.4322,38.6745
0.0568359,0.489934,0.0530815,4.52862,13.1343,38.6747
0.0572963,0.502651,0.0703085,3.6724,14.0165,38.675
0.0578154,0.463681,0.0607224,3.17322,14.0752,38.6753
0.0561639,0.481245,0.0540509,5.14215,14.2968,38.676
0.0587371,0.473462,0.0557427,2.14796,13.3319,38.6777
0.0571399,0.464794,0.0539275,4.37937,14.5141,38.6789
0.0597164,0.380761,0.0548139,2.15632,14.634,38.6789
0.0599151,0.431917,0.0687141,1.52689,14.569,38.6805
0.061155,0.334619,0.0575489,1.85143,14.9298,38.6813
0.0570386,0.561385,0.158678,2.2334,16.7193,38.6823
0.060607,0.374221,0.0640856,1.58338,14.1403,38.6829
0.0546229,0.569121,0.0551311,6.27886,14.6893,38.6835
0.0615056,0.312302,0.0556684,1.73178,14.3159,38.6843
0.0569431,0.474135,0.0577323,4.60837,14.657,38.6845
0.0602141,0.411214,0.0641914,1.88953,14.0212,38.6853
0.0595102,0.403957,0.0528947,2.7139,13.5485,38.6862
0.0603349,0.415518,0.0517208,1.35931,13.4539,38.6885
0.0567935,0.538376,0.0764107,3.626,14.0116,38.6887
0.0556615,0.460229,0.0561727,6.23607,15.0677,38.6902
0.0590339,0.445302,0.0515343,2.2255,13.642,38.6907
0.0580099,0.445809,0.0604421,3.3745,14.9667,38.6908
0.0584816,0.468916,0.0600704,2.27036,13.0166,38.6911
0.0576674,0.40919,0.0601622,4.62927,15.2116,38.6914
0.06117,0.338937,0.0521756,1.43542,13.0036,38.6922
0.0584412,0.346127,0.0510937,4.24434,15.4825,38.693
0.0592996,0.51011,0.16547,0.429375,16.347,38.6935
0.0628072,0.285601,0.0569872,0.770558,14.2666,38.6941
0.0599438,0.42923,0.0563308,1.55319,13.877,38.6951
0.0549269,0.469123,0.0509536,7.1938,15.8788,38.6963
0.059446,0.407675,0.0534577,2.29133,13.1009,38.6969
0.0586853,0.477228,0.0564534,2.4442,13.7314,38.6987
0.0609196,0.368531,0.0512328,1.15082,13.8743,38.6987
0.0604311,0.437408,0.0811747,0.529367,14.7113,38.6994
0.0608722,0.353304,0.0616152,1.24401,14.9456,38.7008
0.0570898,0.558907,0.158929,2.17723,16.0839,38.702
0.060251,0.408801,0.058529,1.38543,13.3678,38.7028
0.0569765,0.48275,0.0536216,4.55608,14.0804,38.7028
0.058772,0.454798,0.063744,2.14216,14.67,38.7031
0.0559637,0.514786,0.0522588,5.74415,14.313,38.7038
0.0571177,0.469366,0.0532574,4.42486,14.8622,38.7058
0.0574924,0.500422,0.0631684,3.91709,14.2152,38.706
0.0566113,0.556743,0.0798211,3.87432,14.5546,38.706
0.05943,0.456684,0.0757791,1.73255,14.1486,38.7061
0.0613584,0.380255,0.0706295,0.870291,14.4473,38.7066
0.0601361,0.359231,0.052049,2.35668,14.4012,38.7068
0.0558658,0.501198,0.0664756,5.30943,15.7484,38.7072
0.057054,0.459985,0.0671181,4.66418,15.0652,38.7075
0.0594672,0.455385,0.0668074,1.71904,13.0525,38.708
0.0623795,0.310099,0.0621915,0.00708848,14.8759,38.7082
0.0568883,0.578866,0.158548,2.05918,16.2437,38.7088
0.061207,0.389018,0.0596793,0.0740574,13.2747,38.7089
0.0582054,0.440997,0.0587645,3.10047,14.7472,38.7095
0.0604447,0.455835,0.0690944,0.695953,13.9441,38.7101
0.0597644,0.372224,0.0594819,2.89123,14.525,38.7102
0.0565506,0.441015,0.0591622,5.50854,15.1234,38.7103
0.0622711,0.319414,0.0582462,0.00417585,14.6752,38.7108
0.0587287,0.459581,0.0643353,2.47267,14.1832,38.7116
0.0574081,0.495687,0.06593,3.38605,14.677,38.7126
0.0595467,0.398153,0.0530179,2.09078,13.3896,38.713
0.060866,0.412141,0.0745801,0.012002,14.1661,38.7134
0.0567586,0.493871,0.0523358,4.10669,13.4447,38.7138
0.0558185,0.50333,0.0677661,5.51749,15.4877,38.7141
0.0575415,0.495464,0.0652046,3.52567,14.5088,38.7152
0.0614189,0.316224,0.0538971,1.5559,14.8697,38.7164
0.0623996,0.311118,0.0587308,0.74871,14.9242,38.7171
0.0586487,0.393349,0.0629798,3.01483,15.2484,38.7192
0.0589574,0.372576,0.0539677,3.93398,14.5911,38.7205
0.0588136,0.503398,0.084908,1.9182,14.5659,38.7208
0.0569501,0.574339,0.154376,2.53552,16.3292,38.7214
0.0595707,0.44442,0.0745635,1.14357,14.579,38.7235
0.0597528,0.38089,0.0517187,2.05178,13.2887,38.7247
0.0563447,0.534561,0.0641235,4.70399,14.2967,38.7254
0.0612076,0.328896,0.0548749,1.55045,14.4461,38.7267
0.0584356,0.424913,0.0509495,3.52152,13.3147,38.7268
0.06208,0.330734,0.0604337,0.000686902,14.5497,38.7276
0.0575073,0.501563,0.062592,3.44589,14.3934,38.7286
0.0554949,0.546649,0.0533736,5.62626,13.6156,38.7304
0.0580833,0.503547,0.0654291,2.82349,13.5077,38.7309
0.0568189,0.542571,0.073851,3.01097,14.1292,38.7325
0.0618404,0.358402,0.062725,0.461483,14.0145,38.7327
0.0570223,0.470866,0.0596533,4.94187,14.4743,38.7332
0.0584301,0.47159,0.0736616,2.99211,14.5775,38.7334
0.0575342,0.417927,0.0612452,4.37018,15.2298,38.7346
0.0583039,0.367377,0.05182,4.86095,15.6564,38.7347
0.0564411,0.454773,0.059569,5.74595,15.7065,38.7358
0.0613465,0.3861,0.070421,0.860993,14.1409,38.7367
0.0605746,0.43824,0.0695175,0.465135,13.9568,38.7382
0.0580317,0.457497,0.0594953,3.17062,14.5442,38.7385
0.0608022,0.433791,0.0658518,0.511982,13.1658,38.7386
0.0582986,0.419798,0.0684654,3.85299,15.4735,38.739
0.0582424,0.425643,0.0683811,3.15824,15.7061,38.7406
0.0571745,0.520988,0.0611898,3.04741,13.6087,38.7437
0.0568101,0.481721,0.0591882,4.88969,14.0128,38.7442
0.0573226,0.447132,0.0562186,4.58125,14.7197,38.7447
0.0601442,0.460277,0.0870477,0.384632,14.1428,38.7452
0.058839,0.439159,0.0669894,2.73109,14.5099,38.7453
0.0579587,0.448813,0.0595903,3.0417,14.8425,38.7453
0.055752,0.612843,0.154852,3.65507,16.0259,38.746
0.0609486,0.408967,0.0749536,0.0157836,14.9328,38.7462
0.0574868,0.546603,0.0853176,2.30857,14.5866,38.7464
0.0584357,0.471963,0.0695464,2.42238,14.342,38.7473
0.0590946,0.424306,0.0535612,2.02651,13.7303,38.7481
0.0568153,0.538005,0.0913606,3.29553,15.4402,38.7482
0.0556763,0.529129,0.0522895,5.18063,13.4721,38.7484
0.0602417,0.335902,0.0541148,2.00486,14.772,38.75
0.0575795,0.53621,0.0817205,2.68057,14.973,38.7502
0.0569113,0.578594,0.150913,2.68425,16.7553,38.7506
0.0587317,0.39104,0.0620861,3.54251,15.7571,38.751
0.0557309,0.533816,0.0553492,5.92358,14.5946,38.7517
0.0585888,0.476954,0.0604634,2.04757,13.9408,38.7519
0.057383,0.545365,0.089792,2.53443,14.8434,38.7526
0.0585796,0.513256,0.0921867,1.30223,14.5356,38.7541
0.060523,0.389247,0.0621729,1.58483,14.258,38.7545
0.0580881,0.543498,0.154064,1.00162,16.6147,38.755
0.0563424,0.539497,0.0622547,4.94637,14.5657,38.7551
0.0591382,0.429454,0.0627998,2.55219,14.7814,38.7562
0.0585304,0.478745,0.066722,2.36299,14.1685,38.757
0.0568855,0.530634,0.0910141,3.23508,15.7794,38.7575
0.0621559,0.335939,0.0600258,0.163563,14.5269,38.7576
0.0593583,0.507301,0.159056,0.727745,16.4947,38.7579
0.0582943,0.420847,0.068608,3.78671,15.1955,38.7591
0.0564667,0.515593,0.0615172,4.68494,14.4113,38.7595
0.0562744,0.579223,0.0866013,3.65342,14.4307,38.7598
0.0566871,0.497697,0.0532214,4.73732,13.4445,38.76
0.0566467,0.510243,0.0605279,4.23509,14.9364,38.7605
0.0541084,0.551904,0.0511278,7.00161,14.5636,38.7621
0.0602982,0.448241,0.0751726,0.0632287,13.2997,38.7625
0.0606071,0.42457,0.071405,0.671741,13.2003,38.7626
0.0609021,0.416382,0.0752864,0.449451,14.3924,38.7627
0.0588111,0.385934,0.0610522,3.99923,15.9112,38.7627
0.056481,0.519823,0.0564369,4.417,13.9474,38.7628
0.0568555,0.478569,0.0596245,4.33508,14.284,38.7638
0.0565112,0.504966,0.0763347,4.6099,15.5625,38.7645
0.0559218,0.559159,0.0694775,4.65356,14.7237,38.7649
0.056919,0.524289,0.0907184,3.99148,15.7924,38.7652
0.0557238,0.536099,0.0542539,5.57196,14.7305,38.7652
0.0578621,0.471552,0.0574646,3.20995,14.6707,38.7657
0.0609101,0.360264,0.0585953,1.89347,14.1823,38.7658
0.0573076,0.455365,0.0510761,4.00941,14.6961,38.7659
0.0569689,0.466346,0.0677029,4.84627,15.3123,38.7666
0.060596,0.385824,0.0596788,1.15869,14.0692,38.7674
0.0619037,0.354297,0.0607834,0.0946106,14.2551,38.7679
0.0570563,0.522434,0.0864386,3.00727,15.2191,38.7686
0.0570415,0.471322,0.0508461,4.18653,13.2489,38.7704
0.0585584,0.487023,0.0579911,2.65528,13.2681,38.7705
0.0608073,0.424594,0.0752469,0.65229,14.5004,38.771
0.0574373,0.514798,0.0579744,3.72381,13.1178,38.771
0.0570205,0.522303,0.0868483,3.27773,15.3271,38.7716
0.0613675,0.38605,0.0615368,0.508626,13.1151,38.7718
0.0608264,0.411391,0.0679127,0.543433,13.9582,38.7724
0.0570288,0.571301,0.116556,2.45691,15.6351,38.7725
0.058254,0.490958,0.0712222,2.94778,14.0071,38.7739
0.0597326,0.434907,0.0740728,1.30037,14.2463,38.774
0.0580035,0.383228,0.0565248,4.68985,15.3199,38.7762
0.0568751,0.539959,0.0740063,3.19853,14.126,38.7762
0.0584456,0.410983,0.0583337,3.2991,14.9196,38.7764
0.0582885,0.480841,0.0751247,2.52366,14.017,38.7765
0.0594349,0.395228,0.0607474,2.9544,14.9296,38.7772
0.0614059,0.395396,0.0551536,0.935056,13.3952,38.7775
0.0557541,0.612104,0.153888,3.21678,16.5113,38.7779
0.0582959,0.422832,0.0677876,3.80864,15.5047,38.7788
0.0552191,0.574245,0.06211,5.27813,14.2818,38.779
0.0566266,0.43732,0.0592225,5.66893,15.4818,38.7793
0.0559525,0.558458,0.069288,4.69682,14.2092,38.7794
0.0593407,0.471038,0.077043,1.85226,14.1508,38.7794
0.0580226,0.443418,0.0612119,3.14178,14.2956,38.7796
0.0584738,0.472979,0.0675975,2.27368,14.0334,38.7802
0.0582246,0.494239,0.0724906,2.69034,14.3015,38.7803
0.0552819,0.555446,0.0750207,5.16497,15.6285,38.7821
0.0606572,0.375746,0.0583702,1.02578,14.7243,38.7821
0.0619977,0.349184,0.0561154,0.651205,13.1222,38.7823
0.0625034,0.305035,0.0524092,0.267426,13.8271,38.7824
0.0587773,0.458985,0.0661934,2.72939,14.8609,38.7827
0.0596214,0.488072,0.151427,0.257999,16.3805,38.7834
0.055248,0.561523,0.065557,5.83078,14.3836,38.7855
0.0602952,0.420376,0.0516444,1.26545,13.501,38.7862
0.0577786,0.515779,0.0826905,2.64291,14.8681,38.7879
0.058048,0.442079,0.0641026,3.66225,14.3224,38.7889
0.0611294,0.420328,0.0594441,0.783995,13.9808,38.7894
0.0586816,0.454318,0.0708303,2.91419,14.2716,38.7897
0.0600902,0.421864,0.0659983,1.69587,14.0825,38.7897
0.0601466,0.464517,0.0849186,0.376218,14.7823,38.7911
0.0591561,0.427713,0.0584407,2.16023,14.5923,38.7916
0.0570155,0.524362,0.0741295,3.38504,14.8842,38.7918
0.0564632,0.511702,0.076223,4.65657,15.1983,38.7921
0.0582362,0.533202,0.153027,1.26755,16.1967,38.7922
0.0612913,0.384026,0.062171,0.750837,13.9776,38.7929
0.0622405,0.331796,0.0546585,0.500868,13.0754,38.7942
0.0582042,0.427508,0.0584392,3.67198,14.6961,38.7943
0.0591112,0.362306,0.0574057,3.85831,15.5049,38.7944
0.0593744,0.413869,0.0562999,2.76629,14.5512,38.7944
0.057515,0.416246,0.062023,4.30786,15.4919,38.7948
0.0563357,0.463168,0.053695,5.09828,14.037,38.7956
0.0580463,0.548364,0.163741,1.25773,16.4996,38.7962
0.0614802,0.380978,0.0657408,0.198776,14.5588,38.7974
0.0580907,0.373621,0.0557916,4.39662,15.5078,38.7975
0.0590073,0.43681,0.0656008,2.28322,14.0894,38.7976
0.0562667,0.537141,0.0629018,4.75398,14.2609,38.798
0.0565912,0.43204,0.0594536,5.31404,15.9312,38.7982
0.0585653,0.406613,0.052831,3.03567,14.2521,38.7987
0.0563712,0.517438,0.0664464,4.40258,14.0651,38.799
0.0564074,0.523106,0.0660122,4.89449,14.2638,38.8012
0.0560966,0.487793,0.0534843,5.21788,14.0346,38.8014
0.0577547,0.410445,0.0575812,4.88621,15.2204,38.8025
0.0536454,0.592741,0.0557965,7.34698,14.5593,38.8032
0.0608671,0.406708,0.0804469,0.641194,14.5093,38.8036
0.0591417,0.426614,0.0591063,2.24653,14.1382,38.8037
0.0570533,0.391369,0.0546081,5.05075,15.4218,38.8043
0.0592088,0.51735,0.164771,0.34347,16.9769,38.8043
0.0548329,0.538339,0.0571162,6.24207,14.2916,38.8047
0.0568556,0.535655,0.0730847,3.16634,14.411,38.8049
0.0559323,0.557289,0.0855375,4.32433,15.1776,38.8053
0.0543389,0.588205,0.0601804,6.9782,14.8295,38.8054
0.0602227,0.45893,0.0842803,0.173126,14.4541,38.8054
0.0610678,0.34075,0.061036,1.44343,14.6595,38.8055
0.0577409,0.407585,0.0599787,4.12775,15.4626,38.8056
0.0551578,0.503135,0.0610852,6.21816,15.3374,38.8063
0.0600548,0.463924,0.0904769,0.94631,14.53,38.8066
0.06072,0.446012,0.0662289,0.824685,13.8816,38.8067
0.0629957,0.273175,0.0559021,0.289091,14.9595,38.8078
0.0589724,0.462742,0.0530895,2.32148,13.1699,38.8083
0.0606014,0.371212,0.0646891,1.72015,14.0414,38.8084
0.0585538,0.461253,0.0617199,2.87668,13.2128,38.8089
0.060015,0.466459,0.0914714,0.760617,14.5014,38.8092
0.0590634,0.484488,0.0772805,1.45546,14.8038,38.8104
0.0611455,0.390044,0.0624602,0.0906663,13.1722,38.8105
0.0558773,0.602749,0.14704,3.03701,16.9089,38.8106
0.0610644,0.392709,0.0774862,0.699411,14.6278,38.8118
0.0612752,0.38077,0.0722322,0.765241,14.2012,38.812
0.0593607,0.475026,0.0760039,1.10444,14.0411,38.8121
0.0571884,0.393436,0.0524399,5.41714,15.9959,38.8126
0.0551512,0.517719,0.0527195,6.0504,14.1659,38.8129
0.0578476,0.511403,0.0983328,2.56285,15.2631,38.8132
0.0626823,0.301592,0.0513124,0.323895,13.9218,38.8144
0.056984,0.571655,0.146061,2.04888,16.5411,38.8148
0.0556754,0.617247,0.164138,3.84607,16.1206,38.8149
0.058919,0.380049,0.0586781,3.92252,15.9651,38.8152
0.0589877,0.462217,0.0521672,2.79914,13.3919,38.8153
0.0570066,0.467433,0.06649,4.70121,15.8972,38.816
0.0604976,0.435538,0.0730934,0.186913,13.6201,38.8161
0.0580717,0.514918,0.0658295,2.59627,13.3799,38.8162
0.0611887,0.392234,0.0737791,0.995593,14.3212,38.8164
0.0581752,0.502061,0.072634,2.69205,14.1495,38.8168
0.0600743,0.458817,0.0887437,0.948602,14.3163,38.8174
0.0546629,0.549149,0.0679349,6.4873,15.3102,38.8175
0.0616671,0.295229,0.054651,1.89232,14.6621,38.8181
0.0584674,0.539894,0.0915457,1.24143,14.9784,38.8191
0.0603398,0.387309,0.0662673,1.33401,14.9638,38.8195
0.0578025,0.512546,0.0998761,2.12867,15.5117,38.82
0.0587375,0.387747,0.0610272,3.15371,15.4566,38.8204
0.059113,0.434662,0.0592414,2.99922,14.9677,38.8209
0.0603965,0.335833,0.0523508,2.42148,14.1025,38.8212
0.057084,0.472387,0.0525739,4.17817,14.3514,38.8212
0.058118,0.502401,0.073044,2.09138,14.4518,38.8218
0.0596666,0.48758,0.117447,0.480291,15.8147,38.8224
0.0529878,0.599729,0.0521608,8.88841,14.0034,38.8237
0.0600768,0.458353,0.0873967,0.24881,14.7105,38.825
0.057172,0.559193,0.110086,2.44033,15.584,38.8251
0.0565099,0.440022,0.0587601,5.99192,15.6978,38.8258
0.0558274,0.562597,0.0874273,4.33057,15.6868,38.8262
0.0594799,0.458412,0.0771175,1.76343,14.8445,38.8265
0.0550391,0.522329,0.0529081,6.22242,14.4345,38.8273
0.0559915,0.556384,0.067246,4.34298,14.6611,38.8273
0.0618086,0.300459,0.0515591,1.19028,14.1396,38.8277
0.0558859,0.561724,0.0724532,4.30398,14.4192,38.8279
0.0564949,0.444062,0.0584513,5.60442,15.7044,38.8282
0.0572513,0.516476,0.0659537,3.9548,14.7638,38.8289
0.0603393,0.444086,0.0758668,0.933579,13.1651,38.8291
0.0575302,0.49409,0.0668727,3.59052,14.8089,38.8292
0.0628009,0.286919,0.0573074,0.547307,14.823,38.8293
0.0591813,0.350696,0.0515182,3.34905,14.6154,38.8294
0.0615879,0.363417,0.0608934,0.663562,13.9039,38.8295
0.0605577,0.432985,0.0718405,0.725308,13.1233,38.8296
0.0556607,0.529281,0.0527854,5.70387,13.5773,38.8305
0.0580885,0.376867,0.0507738,4.50048,14.6055,38.8307
0.0568581,0.410189,0.0543935,5.87113,15.8395,38.8308
0.0558606,0.502539,0.0676556,5.03154,15.5371,38.8322
0.0563531,0.537346,0.0555293,4.85872,13.6094,38.8323
0.060122,0.407728,0.0645826,1.75825,14.3243,38.8324
0.0589115,0.452275,0.0578781,2.26391,13.598,38.8325
0.0600334,0.474614,0.0862205,0.252087,14.497,38.8325
0.0571665,0.454817,0.0545172,4.4481,14.3973,38.8327
0.0601235,0.405073,0.06502,1.90172,14.4443,38.8336
0.0559396,0.560953,0.0698638,4.34449,14.6093,38.8338
0.0552642,0.501058,0.0509174,6.30737,14.206,38.8343
0.0599865,0.409737,0.0696927,1.78291,14.0924,38.8343
0.0546939,0.552244,0.0559652,6.37459,14.4351,38.8348
0.0565135,0.562016,0.0792072,3.48731,14.6802,38.8348
0.0570797,0.555976,0.160259,2.58031,16.2404,38.8349
0.0577511,0.465652,0.0613375,3.6838,14.8316,38.8351
0.0593363,0.459936,0.0923807,1.9753,15.6553,38.8357
0.0617222,0.291392,0.0543721,1.60618,14.9386,38.836
0.0583885,0.522658,0.143936,1.11647,16.3174,38.8368
0.0553646,0.542431,0.0760733,5.17676,15.7803,38.8373
0.0605624,0.430304,0.0725607,0.18756,13.2567,38.8379
0.0568227,0.547718,0.0741752,3.5952,14.3859,38.8383
0.0585584,0.465086,0.0623232,2.60715,13.6798,38.8385
0.0568092,0.541275,0.0905818,3.87042,15.4216,38.8387
0.0617232,0.357353,0.0678906,0.744273,14.3543,38.8393
0.0599488,0.428816,0.065668,1.03768,14.5168,38.8396
0.0584743,0.425972,0.051274,3.66755,14.6656,38.8396
0.0548645,0.478456,0.0515572,7.39951,15.3448,38.8398
0.0596353,0.4805,0.159943,0.188211,16.6389,38.8398
0.0586886,0.518756,0.0864591,1.0325,14.3469,38.84
0.0595193,0.496971,0.120718,0.126097,15.965,38.8404
0.0607076,0.363935,0.0548927,1.21791,13.7535,38.8411
0.0585604,0.474276,0.0697762,2.90809,14.8969,38.8412
0.0581413,0.433369,0.068361,3.91197,15.1005,38.8413
0.0613029,0.323378,0.0590528,1.09563,14.1594,38.8414
0.0624697,0.302585,0.0619001,0.911904,14.5562,38.8419
0.0617446,0.352221,0.0676803,0.522126,14.5565,38.8426
0.0586656,0.465385,0.0687013,2.49533,14.3377,38.8428
0.0578979,0.513286,0.0959654,2.28993,15.8446,38.8432
0.0547775,0.544695,0.055003,6.02729,14.7742,38.8438
0.0600981,0.406185,0.0713711,1.34835,14.7767,38.845
0.0578751,0.513843,0.0951132,2.77503,15.1757,38.845
0.0559136,0.497991,0.0566174,5.35062,14.2415,38.8456
0.0574158,0.545339,0.0901803,2.87683,14.1547,38.8465
0.053717,0.58417,0.055801,7.105,14.5183,38.8467
0.0558689,0.569721,0.0728973,4.65213,14.9519,38.8468
0.0576653,0.53099,0.0791248,2.03561,14.9875,38.8471
0.0604492,0.396503,0.0600649,1.99426,14.9875,38.8475
0.0553487,0.600926,0.0828369,4.62546,14.2789,38.8475
0.0592965,0.475348,0.0763806,1.93961,14.7089,38.848
0.0597305,0.429285,0.0714287,1.33344,14.7973,38.8481
0.0560741,0.585844,0.141436,3.62,16.0191,38.8483
0.0595373,0.457959,0.0721722,1.86903,14.1882,38.8486
0.0569363,0.535325,0.0646421,3.8979,13.0592,38.849
0.0555503,0.538685,0.0537319,5.00706,13.2742,38.8491
0.0605296,0.456908,0.0682947,0.48037,13.1761,38.8499
0.0582293,0.503014,0.0646875,2.68767,13.6519,38.8502
0.0630032,0.284096,0.0515385,0.449225,14.3149,38.8503
0.055894,0.514029,0.0510641,5.6259,13.8914,38.8507
0.055706,0.574686,0.0755847,4.64609,14.574,38.8507
0.0534518,0.600385,0.0705485,7.71803,15.6755,38.8509
0.0574252,0.543655,0.0863886,2.23529,14.4816,38.8515
0.0582463,0.485615,0.0873496,2.00689,15.4758,38.8521
0.0611417,0.405122,0.0717032,0.0827263,14.8824,38.8528
0.0574061,0.552943,0.0865539,2.94737,14.0588,38.8531
0.0576638,0.526138,0.0855362,2.01917,14.7971,38.8533
0.056259,0.469348,0.054366,5.50755,14.2279,38.8536
0.055959,0.517366,0.0509317,5.94847,14.2717,38.8539
0.0611123,0.414876,0.0630739,0.300338,13.9372,38.854
0.0571295,0.46628,0.0524549,4.03217,14.0586,38.8546
0.0597136,0.480983,0.152437,0.172732,16.5686,38.8555
0.0610983,0.389035,0.0767081,0.102069,14.6218,38.8558
0.0597872,0.487557,0.09168,0.851596,14.9895,38.856
0.0572474,0.553415,0.107809,2.25452,15.6866,38.8567
0.0596883,0.487336,0.113583,0.805551,15.5118,38.8567
0.056648,0.507969,0.055246,4.85106,13.0102,38.8583
0.0580668,0.547598,0.155938,1.30402,16.1293,38.8585
0.0572593,0.551439,0.140283,2.67647,16.5976,38.859
0.0552315,0.572742,0.0633466,5.95193,14.8572,38.8591
0.058486,0.49379,0.0581136,2.6008,13.621,38.86
0.0586376,0.45074,0.068968,2.95388,14.9308,38.8602
0.0605623,0.435531,0.0779286,0.675743,14.9169,38.8612
0.0566659,0.559864,0.0782207,3.59401,14.784,38.8633
0.05688,0.582569,0.119863,2.69992,15.488,38.8635
0.0596057,0.462195,0.0640425,1.8125,13.8575,38.8642
0.056987,0.577913,0.115286,2.38108,15.4673,38.8644
0.0561746,0.579566,0.13452,3.88389,16.5123,38.8655
0.0568081,0.481665,0.071691,4.9411,15.9839,38.8664
0.0558896,0.600436,0.158371,3.69653,16.6051,38.8668
0.0600061,0.475499,0.0886969,0.819162,14.0647,38.8669
0.0567619,0.548675,0.0775501,3.82996,14.0895,38.8671
0.0569594,0.492519,0.0533103,4.50401,14.6381,38.8672
0.0562279,0.578595,0.129816,3.50275,16.5751,38.8674
0.0562001,0.581054,0.130967,3.05215,16.3408,38.8674
0.059196,0.483813,0.0691498,1.05726,13.4679,38.8687
0.059459,0.489259,0.151859,0.441399,15.3363,38.8695
0.0630261,0.280082,0.0528724,0.378819,14.5617,38.8699
0.0559749,0.593889,0.141711,3.00566,16.7417,38.87
0.05615,0.529783,0.0819869,4.67085,15.9186,38.8705
0.061479,0.401285,0.0549891,0.819692,13.6818,38.8707
0.0597644,0.44327,0.0636288,1.90291,13.6482,38.8708
0.0608422,0.358323,0.0552998,1.82171,13.9952,38.871
0.0585683,0.510921,0.108977,1.3286,15.6879,38.871
0.056177,0.545171,0.0593274,4.61088,13.3605,38.8714
0.0583922,0.520749,0.153919,1.81948,16.8154,38.8722
0.0596397,0.379173,0.0601471,2.69704,14.763,38.8726
0.061065,0.345811,0.058763,1.49182,14.5255,38.8726
0.0555644,0.467041,0.0585593,6.66433,15.0054,38.8728
0.0549851,0.627289,0.105196,4.80461,15.4802,38.8731
0.0585202,0.513178,0.093521,1.5121,14.6976,38.8733
0.0592679,0.475684,0.0687808,1.42402,13.0554,38.8738
0.0579525,0.524974,0.0674075,2.24132,13.1147,38.874
0.058972,0.483495,0.102583,1.81939,15.9808,38.8744
0.0590911,0.471453,0.0811931,1.54751,14.7187,38.8747
0.0545712,0.658915,0.147889,4.8699,16.8115,38.875
0.0582743,0.427895,0.0552964,3.92194,14.3007,38.875
0.0597354,0.484089,0.0971617,0.303783,14.2299,38.8754
0.0581007,0.498111,0.0680628,2.03758,13.9051,38.876
0.0617875,0.347958,0.0589178,0.13084,13.4808,38.8765
0.0582708,0.531822,0.156877,1.39249,16.4768,38.878
0.0580951,0.503673,0.0772452,2.31822,14.3278,38.8783
0.05667,0.550717,0.0939493,3.24068,15.8506,38.8784
0.056151,0.551817,0.0588998,4.6375,13.6586,38.8791
0.0563386,0.526651,0.0584438,4.09218,13.8768,38.8794
0.0570079,0.566135,0.148646,2.48332,16.3311,38.8796
0.0569519,0.575957,0.160486,2.12544,16.9531,38.8796
0.0571782,0.44341,0.0673063,4.5809,15.9844,38.8809
0.0600459,0.407767,0.0665907,1.11557,14.5965,38.8814
0.0549536,0.530193,0.0517,6.0201,14.3061,38.8814
0.0597016,0.376403,0.0652667,2.73906,15.3227,38.8817
0.0631124,0.259347,0.0529662,0.429644,14.5874,38.8817
0.0586456,0.499681,0.119839,1.68741,15.7822,38.8825
0.0553325,0.600472,0.0816219,4.20053,14.6232,38.8829
0.0568358,0.543553,0.071275,3.59542,14.9799,38.8832
0.0603412,0.452668,0.0823707,0.777684,14.9979,38.8833
0.0557491,0.614339,0.157702,3.1215,16.4833,38.8837
0.0570878,0.516157,0.063749,3.58249,13.9282,38.8843
0.0550108,0.511116,0.0631762,6.15714,15.0064,38.8847
0.059663,0.459666,0.0634345,1.87968,13.2487,38.8851
0.0571766,0.50323,0.0837496,3.77975,15.4277,38.8856
0.0601506,0.404522,0.0600442,1.36965,13.2881,38.8857
0.0599434,0.431574,0.0623452,1.97075,13.0465,38.886
0.0581174,0.511267,0.0729369,2.3547,14.7316,38.8861
0.059723,0.487579,0.0962571,0.937509,14.3875,38.8871
0.0552623,0.557585,0.0626896,5.03566,14.8009,38.8873
0.0593163,0.512991,0.163052,0.0385044,16.4575,38.8875
0.0572726,0.572545,0.0890807,2.37142,14.1954,38.8883
0.0607009,0.447558,0.0645053,0.401435,13.8549,38.8885
0.058015,0.497921,0.0788607,2.75145,14.9282,38.8885
0.0610538,0.413011,0.0715131,0.700275,14.1667,38.8886
0.057754,0.485706,0.051775,3.82965,13.7561,38.8888
0.0560687,0.482139,0.0663625,5.70272,15.8181,38.889
0.0588508,0.385795,0.0594184,3.73816,15.8595,38.8894
0.0609708,0.41306,0.0758281,0.400292,14.0104,38.8895
0.0574563,0.428748,0.0561897,4.2172,14.0494,38.89
0.0579385,0.388632,0.0525834,4.56533,14.4695,38.8904
0.0577844,0.5135,0.103072,2.58781,15.1711,38.8905
0.056158,0.553508,0.0639216,4.26947,14.1222,38.8907
0.0563263,0.545683,0.0554313,4.91983,13.7094,38.8908
0.0589461,0.426857,0.0662131,2.44622,14.5442,38.8908
0.0574345,0.493427,0.0779358,3.64383,15.3836,38.8922
0.057377,0.425024,0.0641119,4.04479,15.9262,38.8925
0.0533165,0.622197,0.0616358,7.14457,14.2672,38.8926
0.0613247,0.387866,0.063749,0.941115,13.3452,38.8948
0.0556457,0.574411,0.0921881,4.43338,15.556,38.8949
0.0569481,0.546353,0.0731046,3.11258,14.3847,38.895
0.058098,0.500275,0.0676006,2.23881,13.2276,38.8952
0.0591265,0.481615,0.0808411,1.62873,14.2216,38.8955
0.0588822,0.381509,0.0557552,3.59526,14.3988,38.8956
0.0583314,0.484004,0.0755307,2.04346,14.5727,38.896
0.0582034,0.49212,0.0766101,2.85925,14.5668,38.8963
0.0620393,0.332557,0.0566682,0.417061,13.9999,38.8968
0.0604341,0.380801,0.0761717,1.46354,15.2492,38.8973
0.0547456,0.482677,0.0548266,7.60155,15.4819,38.8977
0.0560256,0.489527,0.0563808,5.70972,14.992,38.8977
0.0579265,0.501929,0.100152,2.88269,15.7109,38.8979
0.0592071,0.47464,0.0747415,1.82646,14.3844,38.8992
0.0539334,0.56919,0.0509475,7.79022,14.3933,38.8996
0.0558581,0.600954,0.150707,3.23336,16.709,38.8996
0.0584941,0.461473,0.0720155,2.9048,14.2559,38.8998
0.0588628,0.434808,0.0795832,2.69044,15.4827,38.9018
0.0569999,0.573284,0.119253,2.80527,15.7987,38.9019
0.060826,0.416485,0.0735788,0.580542,14.1543,38.9019
0.0552986,0.602298,0.0832159,4.62196,14.8629,38.902
0.0602799,0.329555,0.0536284,2.59095,14.9443,38.9021
0.0582796,0.505905,0.0633762,2.39106,13.1473,38.9023
0.0576313,0.536539,0.0843712,2.08599,14.8857,38.9033
0.0584195,0.513407,0.126931,1.46862,15.3627,38.9045
0.059159,0.477446,0.0807694,1.85351,14.4944,38.9047
0.0592431,0.409951,0.0735446,2.58586,15.4426,38.9048
0.0577146,0.528002,0.101489,2.99834,15.2243,38.9056
0.0570201,0.571913,0.15359,2.33022,16.4658,38.9057
0.0603928,0.45696,0.0819249,0.75294,14.3021,38.906
0.0565723,0.557885,0.0774278,3.56115,14.0895,38.9063
0.0555404,0.535691,0.0529178,5.8599,13.1884,38.9065
0.057258,0.448423,0.0647979,4.4172,15.0595,38.9066
0.0582932,0.364092,0.053759,4.57793,15.1555,38.9068
0.058356,0.474713,0.087008,2.13637,15.5844,38.9071
0.0583398,0.49052,0.064207,2.50916,13.5308,38.9072
0.0587214,0.389256,0.0607003,3.55933,15.578,38.9072
0.0588041,0.491449,0.0876556,1.85768,14.8965,38.9073
0.0584578,0.473662,0.0635119,2.40035,13.6266,38.9074
0.0595525,0.488783,0.130442,0.281576,15.3973,38.9075
0.0589687,0.49844,0.0832284,1.80904,14.3247,38.9075
0.0570433,0.57042,0.153624,2.35085,16.5957,38.908
0.0582909,0.425725,0.0550832,3.29923,14.3665,38.9081
0.0540931,0.601432,0.066453,6.45183,14.5398,38.9081
0.0559184,0.555897,0.0729868,4.72982,14.0466,38.9082
0.0546447,0.489578,0.0539448,7.35946,15.7234,38.9082
0.0604045,0.45433,0.0819737,0.366491,14.5774,38.9088
0.057721,0.469564,0.0544074,3.01541,13.0748,38.9091
0.0536093,0.604427,0.0545501,7.55836,14.779,38.9093
0.0586081,0.404852,0.0568565,3.95964,14.78,38.9093
0.0580366,0.511704,0.0670083,2.5022,13.4148,38.9102
0.0575885,0.529449,0.101061,2.49761,15.2178,38.9104
0.0586813,0.484474,0.0574678,2.86707,13.0939,38.911
0.05612,0.472778,0.0651114,5.6628,15.0401,38.9121
0.0549115,0.526442,0.0623335,6.18873,15.9963,38.9123
0.0579905,0.521528,0.077692,2.7631,14.8966,38.9124
0.05581,0.608552,0.159051,3.90835,16.0146,38.913
0.0589782,0.477848,0.105171,1.2922,15.8844,38.9132
0.0594922,0.496699,0.12303,0.0383756,15.0696,38.9133
0.059013,0.440923,0.0517421,2.23332,13.6829,38.9135
0.0591759,0.417297,0.0561325,2.71774,13.6299,38.9136
0.0572516,0.512793,0.0622047,3.30651,13.2996,38.9137
0.0573922,0.512377,0.0599807,3.02136,13.4411,38.9137
0.0598759,0.426297,0.074674,1.01843,14.5589,38.9139
0.0612999,0.378656,0.060412,0.62334,13.7449,38.9143
0.0576743,0.49072,0.0527199,3.67035,13.7415,38.9144
0.0577211,0.521625,0.0791754,2.61169,14.3628,38.9147
0.0549867,0.527861,0.0557149,6.26496,14.6665,38.9152
0.0573689,0.496934,0.082607,3.5399,15.9007,38.9156
0.054063,0.610642,0.0660501,6.23085,14.5591,38.9168
0.0597418,0.431743,0.0695436,1.90495,14.3918,38.9171
0.0585617,0.468987,0.0722487,2.96393,14.7675,38.9175
0.0563152,0.527815,0.0761109,4.46945,15.7119,38.9175
0.0555887,0.524025,0.0611147,5.50979,14.9327,38.9185
0.0584748,0.509032,0.126327,1.94429,15.5732,38.9188
0.0564825,0.568084,0.0787777,3.04458,14.1107,38.919
0.0560623,0.540514,0.084842,4.31524,15.5744,38.9199
0.0573717,0.547021,0.0920385,2.73487,14.0551,38.92
0.0593463,0.510916,0.158765,0.129398,16.2985,38.9201
0.0581104,0.493445,0.088113,2.79343,15.4341,38.9208
0.0577184,0.515307,0.106173,2.48708,15.8368,38.9212
0.061786,0.285279,0.0521062,1.4934,14.1903,38.9218
0.0602243,0.469203,0.0837151,0.0342557,14.479,38.9219
0.0578544,0.504015,0.100507,2.64957,15.4356,38.9225
0.0567408,0.417396,0.05584,5.79684,15.6358,38.9227
0.0551542,0.562729,0.0668689,5.93849,14.4362,38.9231
0.0563386,0.586582,0.0850389,3.9985,14.2459,38.9234
0.0521953,0.61701,0.0514229,9.99046,14.0726,38.9237
0.0602254,0.391771,0.0684844,1.71309,14.0661,38.9237
0.0580396,0.497993,0.0697845,2.10663,13.9417,38.9238
0.0570755,0.570157,0.11018,2.38155,15.6625,38.9246
0.0610724,0.33871,0.061872,1.58805,14.3586,38.9248
0.0577037,0.53149,0.0986667,2.4058,15.4166,38.9249
0.0584574,0.471186,0.0845099,2.30849,15.3739,38.9253
0.0583985,0.517544,0.128052,1.96011,15.0657,38.9255
0.0581805,0.445808,0.0589415,3.61746,14.703,38.9261
0.0558301,0.528313,0.0537193,5.49524,14.1798,38.9264
0.0598022,0.472918,0.149312,0.771811,16.242,38.9265
0.0593542,0.476126,0.0746745,1.41938,14.1201,38.9267
0.0556518,0.574943,0.077357,4.26452,14.2538,38.927
0.0584381,0.510474,0.165428,1.01223,16.4513,38.9271
0.0565151,0.505244,0.0655861,4.8422,14.3361,38.9272
0.0617713,0.286614,0.0520539,1.10222,14.0723,38.928
0.0584017,0.471761,0.0766345,2.64536,14.4967,38.9281
0.0555693,0.596236,0.0768719,4.20215,14.2169,38.9282
0.0574439,0.435497,0.0619399,4.82073,15.9352,38.9283
0.0588264,0.503161,0.106924,1.61933,15.9638,38.9284
0.053291,0.623826,0.0609575,7.16181,14.8373,38.9285
0.0567038,0.544633,0.0982833,3.84369,15.3813,38.9285
0.0625607,0.308921,0.0526599,0.968252,13.0834,38.9288
0.0546928,0.606763,0.0726917,5.78633,14.6161,38.93
0.054461,0.505659,0.0565214,7.718,15.8933,38.9301
0.0598901,0.370955,0.0567037,2.89877,14.9777,38.9304
0.0549392,0.628022,0.135743,4.71927,16.2126,38.9304
0.0596134,0.377978,0.0680708,2.01637,15.6637,38.9307
0.0568703,0.581615,0.120273,2.2488,15.4475,38.9311
0.0570512,0.554933,0.163515,2.14504,16.558,38.9316
0.0582791,0.360053,0.0539367,4.72282,15.8204,38.9321
0.0587573,0.466466,0.0593111,2.983,13.4287,38.9323
0.0548698,0.534953,0.0534585,6.67037,14.0811,38.9323
0.0595906,0.484885,0.141392,0.813566,15.3994,38.9325
0.059067,0.44034,0.0604365,2.14076,14.813,38.9331
0.0549467,0.542625,0.0525237,6.13577,14.3034,38.9336
0.0556209,0.592853,0.076374,4.5111,14.4657,38.9342
0.0579858,0.525872,0.0663889,2.11425,13.3191,38.9342
0.0570834,0.56602,0.153968,2.27213,16.4911,38.9343
0.0560492,0.58581,0.151999,3.29538,16.3306,38.9347
0.060701,0.416165,0.0838149,0.503962,14.4521,38.9351
0.0599057,0.379997,0.0513705,2.24348,14.3349,38.9352
0.0562015,0.576592,0.137421,3.73197,16.8864,38.9354
0.0591222,0.351617,0.0536055,3.71016,14.6957,38.9354
0.0561143,0.478959,0.0545827,5.08825,14.049,38.9355
0.0583376,0.531977,0.114228,1.23258,15.4961,38.9356
0.0571061,0.522498,0.0842187,3.09748,15.0154,38.9356
0.0555091,0.532382,0.0604749,5.93125,14.9349,38.9356
0.0585174,0.398111,0.0642967,3.32173,15.9452,38.9356
0.0590232,0.487879,0.0724833,1.57714,13.4316,38.9361
0.0601278,0.398765,0.0682513,1.11386,14.3167,38.9364
0.0574002,0.487484,0.0684948,3.44807,14.6528,38.9365
0.0594163,0.454809,0.0815723,1.68763,14.3306,38.9365
0.0560393,0.489694,0.0621227,5.71555,15.0904,38.9366
0.0578767,0.559899,0.16238,1.02416,16.1553,38.9366
0.0604658,0.44884,0.0798944,0.0173692,14.8185,38.9374
0.0592922,0.352087,0.0553792,3.92704,15.977,38.9375
0.059309,0.507242,0.161394,0.418671,16.8006,38.9385
0.0587098,0.448079,0.083087,2.17849,15.207,38.9386
0.0582274,0.530644,0.131532,1.53256,15.7524,38.9387
0.0605536,0.431727,0.0960836,0.666852,15.2589,38.9387
0.0606737,0.447214,0.0677272,0.390269,13.9397,38.9393
0.0558647,0.605537,0.153818,3.50844,16.2974,38.9395
0.0570435,0.572794,0.116944,2.41969,15.6904,38.9397
0.0552934,0.550714,0.0661064,5.13785,14.0223,38.94
0.0559744,0.484845,0.0664158,5.74894,15.0269,38.9406
0.0588291,0.502618,0.0813934,1.54236,14.745,38.9407
0.0612622,0.321452,0.0597525,1.70964,14.1797,38.9409
0.056893,0.473301,0.0617162,4.99187,14.4991,38.9409
0.0559629,0.570096,0.0691972,4.6154,14.9289,38.9416
0.0594317,0.44955,0.0930457,1.05705,15.9688,38.9418
0.0562421,0.572604,0.131153,3.69401,16.0299,38.9418
0.0601998,0.4524,0.105238,0.914119,15.1268,38.9418
0.0632164,0.251473,0.0523464,0.111389,14.5359,38.942
0.0597214,0.475034,0.157484,0.564517,16.6152,38.9421
0.0569215,0.489467,0.057644,4.72794,14.1473,38.9422
0.061285,0.341956,0.0524224,1.14401,14.239,38.9423
0.0569918,0.533197,0.0690584,3.06972,14.3805,38.9424
0.0588182,0.516659,0.0731013,1.19181,13.6395,38.9426
0.0578313,0.460689,0.0709926,3.82962,15.0794,38.9427
0.0560955,0.581956,0.141,3.72453,16.6688,38.9433
0.0588463,0.446324,0.0619947,2.54598,14.5468,38.9439
0.0558601,0.550099,0.088055,4.83809,15.1734,38.944
0.0576166,0.478019,0.0582635,3.79562,13.5006,38.9441
0.057405,0.535319,0.14046,2.79384,16.8138,38.9441
0.0538733,0.561348,0.0644682,7.90229,15.1623,38.9442
0.0575303,0.530954,0.13407,2.04124,16.2225,38.9443
0.0568149,0.587064,0.122484,2.83314,15.7164,38.9446
0.0578989,0.447751,0.0739461,3.3298,15.2123,38.9448
0.0568189,0.552774,0.0729463,3.30278,14.4565,38.9448
0.0608898,0.415676,0.0671518,0.578801,13.3895,38.9449
0.058287,0.497912,0.0688227,2.56946,14.4166,38.9459
0.0569745,0.564308,0.158094,2.90035,16.5347,38.9461
0.0573703,0.542068,0.143101,2.71786,16.3019,38.9465
0.0542983,0.58372,0.0622361,6.4766,14.7915,38.9466
0.0607709,0.368007,0.056623,1.53958,14.8636,38.9476
0.0560069,0.565263,0.0606369,4.07965,13.4388,38.9477
0.0574071,0.535849,0.142587,2.0184,16.4671,38.9479
0.0536286,0.588906,0.0589787,7.84922,14.4164,38.9491
0.0605932,0.458448,0.06627,0.0587788,13.1012,38.9491
0.0579387,0.521173,0.0793526,2.23471,14.5276,38.9498
0.0556206,0.523944,0.0618294,5.9372,14.9187,38.9505
0.0582387,0.504759,0.061418,2.38561,13.4768,38.9519
0.0584872,0.515538,0.141555,1.38051,16.6148,38.9524
0.0588679,0.486242,0.0858776,1.18451,14.4838,38.9525
0.0594183,0.456365,0.0720104,1.84396,14.4209,38.9527
0.0596598,0.476531,0.139446,0.486517,15.9949,38.9528
0.058239,0.479543,0.091445,2.12921,15.0793,38.9529
0.0601951,0.396308,0.07012,1.6769,14.8353,38.9532
0.0589685,0.504619,0.0822453,1.48415,14.4471,38.9533
0.0597586,0.476502,0.119476,0.763504,15.729,38.9533
0.0550993,0.575942,0.0684753,5.41166,14.0393,38.9534
0.0587822,0.493177,0.10855,1.84974,15.3562,38.9535
0.0552145,0.604447,0.128409,4.19744,16.3567,38.9538
0.0547615,0.603032,0.071778,5.19564,14.1131,38.9541
0.0577193,0.473216,0.0534026,3.84708,13.3464,38.9542
0.0595326,0.3335,0.0523057,3.56032,15.341,38.9543
0.0584036,0.523935,0.116125,1.16331,15.9887,38.9544
0.0571534,0.452356,0.0641737,4.70053,15.3888,38.9548
0.0614301,0.307673,0.0573222,1.67118,14.9176,38.9551
0.0535334,0.60716,0.0558648,7.30338,14.7301,38.9551
0.0545014,0.664431,0.15339,4.77454,16.4601,38.9551
0.0583211,0.416994,0.0594702,3.05893,14.6275,38.9552
0.057977,0.439994,0.0743621,3.3366,15.8875,38.9553
0.0581307,0.500648,0.0670868,2.98439,13.459,38.9557
0.0559681,0.427719,0.0509171,6.12916,15.4557,38.9558
0.058141,0.538242,0.125508,1.25297,15.9867,38.9559
0.0559602,0.571885,0.0685503,4.7316,14.2986,38.9562
0.0594148,0.506379,0.124246,0.803642,15.5721,38.9565
0.0583313,0.495865,0.0677902,2.53379,14.8316,38.9566
0.0614359,0.307976,0.0577775,1.5023,14.7614,38.957
0.0556529,0.448146,0.0573537,6.50788,15.5356,38.9571
0.0584208,0.510653,0.156688,1.97544,16.7643,38.9579
0.0583066,0.529405,0.1605,1.12522,16.6681,38.9582
0.0583239,0.519554,0.133751,1.43594,15.7128,38.9584
0.0582847,0.532701,0.150093,1.87622,16.5718,38.9586
0.0580716,0.539595,0.159652,1.71573,16.5658,38.9593
0.0588725,0.505402,0.0853537,1.52516,14.4606,38.9594
0.0617168,0.348848,0.0667874,0.318313,14.068,38.9596
0.0572305,0.560889,0.109247,2.36723,15.3448,38.9597
0.0584737,0.47519,0.0738541,2.31929,14.5808,38.9597
0.0582844,0.531411,0.162351,1.38941,16.223,38.9601
0.0539762,0.615487,0.0676946,6.49107,14.0831,38.9601
0.0607808,0.419342,0.0638222,0.644114,13.2471,38.9602
0.0565501,0.498077,0.0735508,4.11018,15.2849,38.9604
0.0559545,0.589961,0.15704,3.81324,16.1446,38.9606
0.055535,0.632358,0.162155,3.17708,16.3607,38.961
0.0623244,0.314813,0.0549108,0.0883092,13.6588,38.9611
0.0551741,0.506451,0.060269,6.08206,15.9001,38.9616
0.0547621,0.540881,0.0668959,6.93257,15.4219,38.962
0.0629174,0.28615,0.05472,0.184123,14.8606,38.9624
0.0562705,0.541359,0.0592853,4.28279,13.7405,38.9627
0.058483,0.463131,0.0861671,2.37974,15.2318,38.9627
0.0563122,0.543519,0.0555986,4.09205,13.6264,38.9634
0.0556594,0.571392,0.0896832,4.80798,15.3027,38.9634
0.0572709,0.529964,0.0582869,3.88129,13.2152,38.9634
0.0554151,0.542354,0.0603096,5.99911,14.4016,38.9635
0.0571126,0.563723,0.118721,2.81802,15.0528,38.964
0.0564915,0.564602,0.0838091,3.13632,14.4804,38.9642
0.0609686,0.417883,0.0664563,0.0475502,13.4283,38.9642
0.0577058,0.526235,0.101065,2.9452,15.6329,38.9643
0.056111,0.599745,0.138186,3.6314,16.6017,38.9643
0.0588236,0.442361,0.0798957,2.46212,15.4868,38.9644
0.0583824,0.470184,0.0882081,2.82945,15.6036,38.9646
0.0603168,0.440415,0.110305,0.307478,15.1736,38.9653
0.0601087,0.468464,0.109742,0.471695,15.3214,38.9654
0.0614375,0.317948,0.0572399,1.67086,14.4485,38.9655
0.0598074,0.468112,0.126591,0.802131,15.2375,38.9658
0.0570902,0.457324,0.0648466,4.82328,15.8974,38.966
0.0587039,0.514111,0.0843066,1.94373,14.1008,38.9662
0.0571814,0.515771,0.0663508,3.32353,14.4299,38.9662
0.0563504,0.447905,0.0626834,5.53653,15.9332,38.9663
0.0560062,0.508077,0.0540285,5.03274,14.2293,38.9669
0.0601438,0.452221,0.0891639,0.987971,14.2856,38.9677
0.0597849,0.368784,0.0545159,2.646,14.7653,38.9686
0.0587539,0.463604,0.0541241,2.72665,13.0194,38.9688
0.0600713,0.454555,0.115896,0.285535,15.8597,38.9688
0.0606045,0.428186,0.093917,0.777218,15.6751,38.9691
0.0559039,0.499579,0.063569,5.69906,15.388,38.9693
0.0567006,0.539799,0.095035,3.91173,15.5671,38.9694
0.0556499,0.542806,0.0563396,5.84543,14.7888,38.9697
0.0572169,0.469038,0.0527293,4.24502,14.802,38.9698
0.055351,0.595811,0.0838069,4.0546,14.9407,38.9709
0.0606398,0.433262,0.0833685,0.265498,14.8465,38.971
0.0586331,0.460988,0.064512,2.53546,14.402,38.9713
0.0593196,0.499356,0.16107,0.587667,15.4352,38.9714
0.0603645,0.38603,0.0623244,1.04854,14.3937,38.9716
0.0598062,0.298041,0.051378,3.48604,15.2137,38.9717
0.0564268,0.541576,0.0554591,4.58041,13.6743,38.9722
0.0564108,0.571532,0.0853509,3.08478,14.9323,38.9726
0.0600725,0.406484,0.0592419,1.39971,13.4822,38.9734
0.0559286,0.610875,0.111688,3.50536,15.8312,38.9735
0.0602725,0.477731,0.0716466,0.774362,13.6829,38.9737
0.0605656,0.430289,0.0765457,0.525801,14.9137,38.9741
0.0588912,0.4931,0.105822,1.9787,15.2247,38.9742
0.0579167,0.578272,0.125057,1.70566,15.1709,38.9757
0.0572115,0.546299,0.153122,2.40154,16.7908,38.9759
0.0557169,0.621489,0.145796,3.98693,16.2221,38.976
0.0588375,0.514869,0.0847604,1.175,14.3558,38.9768
0.0571337,0.456869,0.063731,4.97069,15.8997,38.9769
0.0596751,0.396566,0.054707,2.05531,14.3096,38.9769
0.0583142,0.418243,0.0608584,3.74083,14.2567,38.9771
0.0592371,0.470449,0.0956542,1.19771,15.7498,38.9771
0.0587898,0.488682,0.114563,1.49224,15.4853,38.9773
0.0587234,0.48234,0.0550373,2.73185,13.6265,38.9777
0.0578033,0.536914,0.0774639,2.83416,14.0458,38.9778
0.0538016,0.569038,0.0652641,7.64486,15.2087,38.9781
0.052384,0.65801,0.0606691,8.37759,14.5834,38.979
0.0611554,0.4231,0.058954,0.29074,13.7018,38.9795
0.0563947,0.507243,0.076461,4.55679,15.9209,38.9803
0.0550654,0.623456,0.102323,4.95203,15.8795,38.9804
0.0581766,0.423618,0.0702246,3.94052,15.4421,38.9809
0.0570517,0.568026,0.16106,2.1865,16.6675,38.9811
0.0564031,0.453343,0.053369,5.1973,14.8372,38.9813
0.0579345,0.509649,0.0974844,2.1926,15.6966,38.9816
0.0577261,0.426161,0.0509,4.1926,14.5564,38.9818
0.0556324,0.625892,0.148164,3.83589,16.3146,38.982
0.0569276,0.589393,0.163901,2.07185,16.0873,38.9822
0.0565303,0.570488,0.0819112,3.97084,14.2023,38.9825
0.0613175,0.378109,0.0626069,0.287124,13.5912,38.9828
0.0559474,0.602815,0.114604,3.6487,15.6068,38.9829
0.05966,0.497699,0.0970464,0.974707,14.2457,38.983
0.0582142,0.528528,0.137874,1.42223,15.7313,38.9838
0.0593665,0.508987,0.122772,0.238181,15.893,38.9844
0.057944,0.496742,0.101012,2.98624,15.6435,38.9845
0.0567167,0.508909,0.0545312,4.50456,13.0064,38.9845
0.0557767,0.534293,0.0540416,5.27295,14.7009,38.9846
0.0594979,0.500221,0.152297,0.39232,16.9002,38.9849
0.0557784,0.613599,0.115882,3.92349,15.1259,38.9851
0.0563071,0.569699,0.103214,3.74674,15.7031,38.9858
0.0549531,0.52487,0.064019,6.54753,15.949,38.986
0.0557234,0.563144,0.0914739,4.60219,15.437,38.9861
0.0596811,0.379427,0.0670839,2.26332,15.1372,38.9862
0.0587932,0.516993,0.0825384,1.03235,14.3569,38.9864
0.0595252,0.499952,0.116917,0.710837,15.1739,38.9865
0.0570236,0.455418,0.0695791,4.58332,15.3023,38.9865
0.0620317,0.359572,0.0526815,0.914812,13.6657,38.9866
0.0582861,0.530761,0.143564,1.55235,16.29,38.987
0.0569723,0.578433,0.113833,2.22286,15.2613,38.9871
0.0566839,0.428457,0.0593866,5.79979,15.5396,38.9875
0.059574,0.507154,0.097861,0.844428,14.8607,38.9879
0.056762,0.562191,0.0756165,3.29343,14.113,38.9885
0.0590129,0.478803,0.10715,1.67745,15.2075,38.9889
0.0584108,0.514824,0.14632,1.61246,16.1083,38.989
0.0606596,0.429772,0.0808632,0.648116,14.6036,38.9891
0.0588594,0.497768,0.105908,1.79016,15.6061,38.9892
0.0541076,0.600286,0.0781205,6.08746,15.6197,38.9892
0.0549996,0.573509,0.0684369,5.02896,14.4496,38.9896
0.0579517,0.505959,0.0915229,2.25136,15.7331,38.99
0.0561303,0.539538,0.0790885,4.48095,15.786,38.9903
0.0574533,0.435721,0.0614606,4.09893,15.6941,38.9903
0.0589903,0.49464,0.0836481,1.3053,14.4409,38.9905
0.0608752,0.369051,0.0560232,1.71779,14.5796,38.9911
0.0602428,0.459272,0.0801722,0.628795,14.6419,38.9912
0.0566068,0.547746,0.0976343,3.65017,15.602,38.9914
0.059989,0.412496,0.0819554,1.57057,15.9666,38.9916
0.0573253,0.54494,0.112172,2.69202,15.4465,38.9916
0.0588357,0.375035,0.0595698,3.16957,15.8782,38.9918
0.0610827,0.429695,0.0607489,0.0025451,13.3832,38.9929
0.0597853,0.364008,0.0601774,2.46517,14.1644,38.9933
0.0571702,0.450213,0.063848,4.27897,15.089,38.9936
0.0588743,0.487156,0.102646,1.59778,15.7718,38.9938
0.0587125,0.522449,0.0875305,1.80402,14.4742,38.9943
0.0568383,0.482004,0.0519051,4.92526,13.9589,38.9948
0.0582538,0.531007,0.144347,1.6257,16.4757,38.9949
0.0569547,0.547978,0.0703208,3.73398,14.3038,38.9949
0.0569643,0.528429,0.0761992,3.99791,14.2547,38.9955
0.0558851,0.604223,0.156302,3.96093,16.5156,38.9958
0.053335,0.61663,0.0629736,7.35137,14.86,38.9959
0.0546806,0.559733,0.0516444,6.4828,13.6307,38.996
0.0581698,0.42719,0.0597537,3.79576,14.5639,38.9964
0.0601539,0.45052,0.116757,0.243593,15.3108,38.9965
0.0559234,0.500667,0.0652713,5.71743,15.8471,38.9968
0.0566106,0.505807,0.0562315,4.17928,13.5729,38.9972
0.0559201,0.422456,0.0544085,6.62774,15.1812,38.9973
0.0570349,0.581158,0.157384,2.95917,16.6426,38.9973
0.0561779,0.575936,0.140581,3.50533,16.1727,38.9975
0.0602112,0.445866,0.111584,0.621874,15.6921,38.9985
0.0602198,0.447474,0.0840922,0.88996,14.6187,38.9988
0.0558847,0.61176,0.109723,3.69124,15.8504,38.9989
0.0590048,0.476925,0.0851173,1.72918,14.544,38.999
0.0584496,0.463796,0.0853281,2.1394,15.2247,38.9991
0.0589257,0.438274,0.0693447,2.65876,14.4583,38.9993
0.0626612,0.295373,0.05394,0.730956,13.8582,38.9996
0.0591814,0.480366,0.0819042,1.62629,14.1991,38.9996
0.0587648,0.475384,0.0574349,2.1745,13.2267,38.9996
0.0606169,0.429072,0.0815804,0.220514,14.6062,38.9996
0.0572219,0.552136,0.136843,2.05724,16.7766,38.9997
0.0555036,0.632529,0.16454,3.22105,16.7527,39.0002
0.0592068,0.463432,0.0805403,1.66757,14.9532,39.0003
0.0601837,0.401216,0.0615415,1.84048,13.122,39.0006
0.0586202,0.59737,0.14664,0.835868,15.8242,39.0006
0.0540311,0.541179,0.0623973,7.64663,15.1943,39.0011
0.0599763,0.413871,0.0837298,1.96793,15.7978,39.0013
0.0574194,0.536636,0.132237,2.47065,16.3986,39.0015
0.0595634,0.444625,0.0884944,1.61255,15.908,39.0017
0.0571465,0.560036,0.119284,2.81421,15.2284,39.0018
0.0552829,0.563852,0.0565432,5.6015,13.2937,39.0019
0.0589495,0.427411,0.077611,2.35626,15.2612,39.002
0.056348,0.564493,0.127384,3.53481,16.3679,39.002
0.0610202,0.395136,0.074645,0.0632433,14.4244,39.002
0.0572503,0.512221,0.0648882,3.89363,14.0107,39.0022
0.0592041,0.409622,0.0684153,2.06339,14.3153,39.0022
0.0585945,0.452185,0.0752816,2.002,14.7707,39.0022
0.0615944,0.367419,0.0631716,0.155207,14.6968,39.0025
0.0607169,0.419354,0.0929219,0.127032,15.7684,39.0028
0.0593619,0.468318,0.0730888,1.09405,14.8348,39.0029
0.054659,0.546467,0.069901,6.17206,15.583,39.0032
