beta,permeability,xi,init_days,delay,value
0.0466097,0.00317049,0.165231,43.4855,18.5235,48.8889
0.0455068,0.00181432,0.157714,46.4327,18.2201,49.2927
0.0465926,0.00751326,0.164012,43.4897,18.0537,49.3067
0.0465896,0.0146094,0.166275,43.0265,18.7174,49.3437
0.0451574,0.00187226,0.154866,47.5452,18.2868,49.5025
0.045567,0.0029046,0.160202,46.8171,18.9855,49.5242
0.0451454,0.00108327,0.163833,47.1169,18.3051,49.5338
0.0448112,0.00811855,0.160357,48.6232,18.8811,49.543
0.0470419,0.00129785,0.161134,42.7078,18.0711,49.6096
0.0444764,0.0111425,0.156704,49.6703,18.5087,49.6191
0.045821,0.0162394,0.161847,45.8086,18.09,49.6513
0.0451189,0.0123821,0.156474,47.8641,18.0839,49.7094
0.0466817,0.00234392,0.162617,43.0107,18.4384,49.7235
0.047459,0.00224077,0.16454,41.7078,18.9297,49.7257
0.0447706,0.00799048,0.151796,48.0976,18.5071,49.7789
0.0444527,0.00688769,0.156075,49.8951,18.9373,49.8018
0.0447753,0.00331903,0.158138,48.5489,18.3302,49.8028
0.04446,0.0126532,0.157777,49.7571,18.5954,49.8035
0.0455323,0.0076365,0.157906,46.0558,18.0452,49.8546
0.0454501,0.00352096,0.157773,46.8171,18.1587,49.866
0.0432091,0.00541554,0.164986,53.1387,19.0469,49.8917
0.0463006,0.0066089,0.162626,44.2741,18.838,49.8979
0.0463118,0.00704308,0.163612,44.2193,18.6151,49.9089
0.0447883,0.0141483,0.163507,48.0399,18.3083,49.9158
0.0451315,0.0265268,0.166174,47.9623,18.7178,49.9389
0.0444313,0.00359954,0.156485,49.7328,18.5779,49.9606
0.0471006,0.00295614,0.155675,42.7175,17.0388,49.9661
0.0487415,0.00446838,0.163887,38.0319,17.3456,49.985
0.0454498,0.0257426,0.162773,46.7909,18.7005,49.9892
0.0458022,0.0297736,0.165768,45.8724,18.8671,50.0202
0.0455102,0.0169918,0.160247,46.9426,18.0769,50.0256
0.0458959,0.0155034,0.162599,45.3717,18.7107,50.037
0.0474505,0.0015558,0.158057,41.0718,17.8848,50.0522
0.0447627,0.0136128,0.159812,48.2041,18.9975,50.0529
0.0482978,0.00535661,0.164086,39.1324,17.886,50.0539
0.0478537,0.00502011,0.15722,40.8736,17.2605,50.0654
0.0447707,0.0195356,0.156975,48.3545,18.8642,50.0709
0.04509,0.012353,0.159986,47.961,18.024,50.0722
0.0444388,0.0196337,0.157672,49.5342,18.0819,50.0842
0.0444488,0.0167356,0.154419,49.9482,18.5536,50.1001
0.0465575,0.00956821,0.163782,43.0306,18.1567,50.1021
0.0487424,0.00819501,0.164583,38.4863,17.0079,50.1026
0.047857,0.00553071,0.15241,40.4815,17.47,50.1261
0.0475064,0.00269724,0.162169,41.408,17.7623,50.1267
0.0441001,0.0109012,0.153815,50.0219,18.9699,50.1323
0.0454481,0.029651,0.16295,46.741,18.5736,50.1377
0.0457871,0.0217309,0.164879,45.1886,18.7121,50.1509
0.04442,0.00165088,0.158641,49.1155,18.9737,50.1661
0.0470765,0.0083018,0.16573,42.8259,18.7466,50.1735
0.0470293,0.00795114,0.161281,42.4323,18.3137,50.1769
0.0478815,0.00806978,0.158666,40.6423,17.2685,50.1865
0.0437926,0.00494734,0.144572,51.5439,18.3924,50.1901
0.045491,0.0210418,0.15952,46.2212,18.9985,50.2069
0.0438153,0.0107713,0.153801,51.7678,18.4628,50.2237
0.0451006,0.0252701,0.166124,47.039,18.8688,50.2387
0.0483495,0.00242172,0.157916,39.2348,17.7878,50.247
0.045423,0.00895052,0.163837,46.089,18.6651,50.2568
0.0438197,0.00490773,0.145828,51.0826,18.9395,50.2743
0.0459541,0.00360095,0.160158,45.3422,18.516,50.2841
0.0467158,0.0022154,0.154034,43.4054,17.261,50.2847
0.0470538,0.0134176,0.159196,42.404,17.7116,50.2896
0.0474221,0.00381807,0.155708,41.9063,17.2584,50.2929
0.0466959,0.00512716,0.149244,43.271,17.5012,50.3027
0.044456,0.0287892,0.161925,49.8886,18.37,50.3072
0.0447385,0.00521348,0.159386,48.9285,18.499,50.3133
0.0462979,0.00524939,0.147408,44.5011,17.9156,50.3216
0.0483033,0.00738654,0.156892,39.9732,17.958,50.328
0.044449,0.031195,0.161017,49.2062,18.2037,50.3299
0.0431534,0.00891811,0.16541,53.9545,19.9126,50.3308
0.0447575,0.0263749,0.165245,48.3902,18.3558,50.3319
0.0478555,0.00569619,0.150605,40.0087,17.2143,50.3402
0.0447501,0.0250248,0.162621,48.5603,18.7212,50.3423
0.044737,0.0115805,0.158627,48.2249,18.6298,50.3446
0.0448148,0.0241587,0.158876,48.8897,18.5439,50.3528
0.0444129,0.0120675,0.162219,49.6723,18.8164,50.3554
0.0459278,0.00366569,0.146688,45.2563,17.7089,50.3644
0.0492675,0.00271942,0.163291,37.597,17.7886,50.3666
0.0482532,0.00812696,0.160032,39.3688,17.2799,50.3764
0.0455165,0.0110256,0.154153,46.438,18.5435,50.3847
0.0434625,0.0093613,0.147822,52.5924,18.8078,50.3856
0.0438063,0.0113138,0.146788,51.0991,18.0611,50.4074
0.0437604,0.00800133,0.149029,51.8864,18.6359,50.4087
0.0465395,0.0191495,0.165745,43.1996,18.5004,50.4156
0.0487651,0.00483728,0.156571,38.4766,17.9259,50.431
0.0440893,0.0257256,0.157099,50.2599,18.4935,50.4428
0.0454708,0.0301982,0.162122,46.2309,18.3807,50.4456
0.0437657,0.0196471,0.149196,51.1429,18.7329,50.4528
0.0501834,0.00406855,0.165895,35.5025,17.5471,50.4687
0.0462865,0.00553787,0.153436,44.8116,17.7142,50.4828
0.0463065,0.00339189,0.154094,44.5619,17.2873,50.4889
0.0478237,0.00361976,0.148845,40.4736,17.4624,50.4904
0.0438147,0.00754774,0.144866,51.8849,18.7083,50.4905
0.0470797,0.00714677,0.161321,42.1752,17.824,50.4915
0.0483297,0.00347406,0.154163,39.0867,17.898,50.4924
0.0440798,0.0248351,0.158082,50.3803,18.692,50.5064
0.0459033,0.00854754,0.147473,45.5639,17.914,50.5076
0.0438282,0.00741956,0.156156,51.8066,18.4491,50.5167
0.0451696,0.0122534,0.154235,47.9781,18.3146,50.5171
0.0474794,0.002193,0.162256,41.6428,18.7984,50.5184
0.0444135,0.0338268,0.159557,49.566,18.1668,50.5191
0.0469929,0.00870018,0.16152,42.1352,18.3205,50.5246
0.0488152,0.00444631,0.161917,38.1847,17.7676,50.5263
0.0474413,0.0062887,0.162358,41.3084,18.6681,50.5289
0.0444859,0.0229979,0.156441,49.2992,18.3085,50.5332
0.0462984,0.006274,0.154376,44.3191,17.5838,50.5355
0.04513,0.0109273,0.150208,47.4625,18.426,50.5358
0.0465454,0.0065181,0.162768,43.8496,18.7065,50.5367
0.0455679,0.0105584,0.165736,46.9127,18.7303,50.5382
0.0466051,0.0252805,0.164109,43.6289,18.8589,50.5447
0.0454103,0.0255133,0.162975,46.7349,18.1899,50.5496
0.0479402,0.00497196,0.156621,40.5367,17.8324,50.5501
0.0474145,0.0153721,0.157282,41.1953,17.012,50.5581
0.0440771,0.0111276,0.14776,50.4202,18.0887,50.5588
0.0473597,0.00116061,0.164881,41.957,18.9818,50.5604
0.0466499,0.013264,0.157349,43.9108,17.3851,50.5632
0.0437922,0.0193448,0.148297,51.3895,18.6207,50.5759
0.0461685,0.0123968,0.159736,44.8403,18.2194,50.5779
0.0431875,0.00336565,0.140908,53.2729,18.034,50.5834
0.0458209,0.0255364,0.159171,45.8933,18.9975,50.5838
0.0437831,0.0248828,0.154763,51.69,18.9083,50.5869
0.0444578,0.0130099,0.164304,49.8842,18.9335,50.5946
0.048698,0.00353673,0.152507,38.1895,17.8152,50.5967
0.04579,0.0315948,0.162518,45.4854,18.3388,50.5991
0.044731,0.0375704,0.161645,48.4613,18.7113,50.6001
0.044449,0.00423245,0.164813,49.5595,18.1155,50.6025
0.0455628,0.00557951,0.147958,46.1233,17.2178,50.6039
0.045122,0.0084878,0.1496,47.9488,18.7491,50.6048
0.0443827,0.0208055,0.154742,49.3939,18.2879,50.6077
0.0426244,0.00290158,0.164846,55.5317,19.216,50.6088
0.0423161,0.00665404,0.160693,56.7591,19.8321,50.6094
0.0496644,0.0132826,0.165185,36.3434,17.7101,50.6168
0.0462283,0.0164327,0.14836,44.8652,17.0268,50.619
0.0475293,0.0010225,0.164192,41.307,17.8795,50.6255
0.0448323,0.0234182,0.159735,48.0851,18.0863,50.6284
0.0455222,0.00111363,0.138212,46.6128,17.6675,50.6353
0.046707,0.00590229,0.162645,43.7047,18.415,50.6386
0.0462128,0.0331888,0.166183,44.5251,18.7673,50.6423
0.0429079,0.00106253,0.146406,54.7641,18.2723,50.6458
0.0454028,0.0272254,0.166161,46.2719,18.0051,50.6501
0.0501104,0.00549742,0.164077,35.0624,17.1779,50.6569
0.0470183,0.00658552,0.159479,42.6902,18.1206,50.6572
0.044146,0.00838563,0.146566,50.8611,18.4326,50.6617
0.0487973,0.0108645,0.166347,38.7237,17.9926,50.6624
0.0444078,0.00390447,0.147088,49.6105,18.3103,50.6656
0.045808,0.0282386,0.160173,45.4502,18.0787,50.6821
0.0443985,0.0302609,0.163615,49.277,18.7984,50.6926
0.048311,0.0179671,0.164301,39.7131,17.2741,50.6986
0.0465588,0.00222082,0.159003,43.8726,18.3759,50.6997
0.047092,0.012169,0.161819,42.4127,17.3806,50.7016
0.0440756,0.0230869,0.14931,50.252,18.5936,50.7019
0.0443812,0.0030104,0.156636,49.5224,18.1484,50.7052
0.0437475,0.0173277,0.147429,51.0485,18.3745,50.7148
0.0450727,0.0111866,0.153832,47.9066,18.7339,50.7282
0.0434531,0.0244738,0.150762,52.7262,18.3136,50.735
0.0487231,0.0191646,0.164405,38.889,17.636,50.7406
0.0479191,0.0109074,0.157424,40.6715,17.4569,50.7529
0.0444494,0.0212843,0.150913,49.6793,18.2556,50.7587
0.0447396,0.046992,0.166174,48.4161,18.5104,50.7603
0.0451915,0.0195872,0.165195,47.5779,18.6566,50.7664
0.0447057,0.00699179,0.16053,48.1269,18.6388,50.7794
0.0434723,0.0101076,0.164054,52.5376,19.6425,50.7815
0.0478881,0.00781944,0.151719,40.5502,17.7712,50.7848
0.0492879,0.00417774,0.164618,37.5731,17.9575,50.7851
0.0451441,0.00814404,0.148471,47.839,18.9548,50.7886
0.044063,0.0328142,0.156815,50.9915,18.7862,50.7899
0.0491121,0.00849194,0.165272,37.1084,17.7245,50.7901
0.0425477,0.0262324,0.16573,55.2984,19.7122,50.7905
0.0455855,0.00244099,0.154922,46.5408,18.027,50.7924
0.0450704,0.0464951,0.165024,47.883,18.1547,50.7936
0.043447,0.00413108,0.150875,52.8927,18.111,50.7987
0.0466619,0.0183187,0.16466,43.5311,18.881,50.8013
0.0475223,0.00914333,0.155639,41.9455,17.6728,50.8032
0.0482821,0.0184137,0.159766,39.5204,17.0391,50.8047
0.0462485,0.00881632,0.154091,44.2072,17.134,50.8061
0.04505,0.0237153,0.160546,47.4773,18.3371,50.8092
0.0470964,0.0034366,0.16126,42.8996,18.3004,50.8097
0.0469934,0.0127407,0.154688,42.8243,17.5567,50.8189
0.0454298,0.0460391,0.1657,46.1989,18.9567,50.8256
0.0500779,0.00332676,0.165022,35.128,17.1584,50.8374
0.046627,0.00164028,0.156878,43.5719,17.7665,50.841
0.0434566,0.0152747,0.143159,52.8607,18.5738,50.8412
0.0459567,0.00758671,0.162155,45.054,18.801,50.8422
0.0465818,0.00893401,0.144904,43.585,17.8405,50.8431
0.0463075,0.00841434,0.145939,44.3087,17.4437,50.8457
0.049117,0.00341373,0.158399,37.3778,17.8277,50.8463
0.0444413,0.0353582,0.165529,49.9376,18.8069,50.8464
0.0450501,0.00718315,0.158617,47.4069,18.6339,50.856
0.047404,0.0194179,0.161966,41.2357,17.2462,50.8565
0.0425759,0.00764738,0.140563,55.829,18.1502,50.8596
0.0492149,0.0147182,0.164275,37.9258,17.1842,50.8608
0.0441675,0.0107193,0.159476,50.4831,18.7863,50.8644
0.0454794,0.0154727,0.152164,46.6346,18.4211,50.8655
0.0450571,0.00886585,0.15638,47.2823,18.2131,50.8655
0.0440482,0.0166407,0.15446,50.532,18.6947,50.8689
0.0478208,0.00904604,0.148419,40.0158,17.7048,50.8734
0.0451281,0.0402025,0.163465,47.4171,18.0852,50.8738
0.0465207,0.0162571,0.166154,43.586,18.6607,50.8776
0.0445069,0.00109129,0.162729,49.6298,18.3611,50.8786
0.0455808,0.00103909,0.149128,46.5896,17.4792,50.879
0.0454162,0.005027,0.156749,46.7408,18.4273,50.8862
0.0461897,0.00837009,0.155734,44.5293,18.5157,50.8923
0.0440519,0.026059,0.155561,50.3939,18.6231,50.8939
0.0457749,0.0131496,0.159368,45.9377,18.4917,50.8957
0.0437327,0.0127956,0.148613,51.579,18.4379,50.9005
0.0462301,0.00116427,0.150414,44.121,17.8909,50.9026
0.0440541,0.0347569,0.154574,50.2082,18.2552,50.9062
0.0471164,0.00682306,0.165259,42.1467,18.9629,50.9091
0.046239,0.0166277,0.154927,44.4316,17.7413,50.9141
0.0431983,0.0107421,0.152294,53.728,18.314,50.9147
0.043782,0.0293898,0.149727,51.7037,18.6943,50.9227
0.0461412,0.0381237,0.166222,44.2318,18.2429,50.9241
0.044434,0.0320537,0.154123,49.9739,18.0768,50.9308
0.0486415,0.0065183,0.162778,38.663,17.4388,50.9324
0.0443689,0.0300309,0.155751,49.3022,18.2653,50.9351
0.0458185,0.0336426,0.160425,45.9115,18.234,50.9422
0.0463128,0.0119401,0.148299,44.6484,17.1206,50.9436
0.0434287,0.0200447,0.145683,52.0665,18.3323,50.9459
0.044421,0.0489988,0.165131,49.3279,18.9884,50.9464
0.0462667,0.0233234,0.153167,44.5418,17.7247,50.9472
0.0469694,0.0140682,0.149332,42.6287,17.8854,50.9476
0.0428913,0.00991162,0.148359,54.3725,18.0641,50.9526
0.0451931,0.0136152,0.146055,47.847,17.5032,50.9551
0.048363,0.00322683,0.153433,39.4702,17.1333,50.9576
0.0477901,0.0168293,0.158749,40.7269,17.421,50.9595
0.0437833,0.00589342,0.158856,51.1188,18.722,50.968
0.048787,0.001213,0.151889,38.741,17.6995,50.9709
0.044383,0.0147744,0.165237,49.8948,18.7924,50.973
0.0444665,0.00419419,0.143698,49.3051,18.6526,50.9751
0.0482171,0.00272788,0.162382,39.9058,17.4636,50.9783
0.0431388,0.0211367,0.147966,53.9763,18.7746,50.9786
0.0477872,0.00464269,0.157136,40.6113,17.3652,50.9821
0.0462355,0.0123449,0.154861,44.3726,18.328,50.9843
0.0458921,0.00681726,0.153181,45.8908,17.2248,50.9866
0.0459256,0.0176387,0.152873,45.0641,17.678,50.9874
0.0478854,0.0024885,0.162881,40.9098,18.724,50.9899
0.0475383,0.00482007,0.163617,41.1994,17.5501,50.9939
0.0483269,0.0199598,0.164476,39.7755,17.4081,50.9956
0.0466141,0.0270721,0.159938,43.3564,17.2944,50.9958
0.044448,0.0421555,0.161048,49.6572,18.2519,50.9973
0.0473905,0.0131593,0.147835,41.497,17.6653,50.9984
0.0463515,0.00422842,0.151972,44.381,17.4666,51.0039
0.0473985,0.018412,0.163342,41.6239,17.2209,51.0045
0.0458988,0.00527495,0.154305,45.1036,17.6849,51.0075
0.0425449,0.0161286,0.166102,55.1547,19.9894,51.0099
0.0450558,0.00507393,0.155384,47.9925,18.7123,51.0136
0.0447765,0.0269832,0.152086,48.7325,18.9523,51.0149
0.0431377,0.0126122,0.150082,53.9655,18.029,51.0293
0.0486813,0.0115031,0.153636,38.7282,17.052,51.0304
0.0462479,0.00519713,0.138427,44.6277,17.1005,51.0315
0.0466682,0.00186677,0.161754,43.3306,17.4312,51.0351
0.0447001,0.00707037,0.162524,48.212,18.5365,51.0364
0.0458442,0.0246198,0.147486,45.8269,17.2308,51.037
0.044696,0.0156786,0.163552,48.878,18.158,51.038
0.0491458,0.0250094,0.165381,37.7845,17.8647,51.0398
0.0467112,0.0128843,0.152232,43.8167,17.3079,51.0441
0.0482676,0.00127609,0.146221,39.5029,17.5818,51.0458
0.0465884,0.00309013,0.155707,43.8317,18.1214,51.0526
0.0444901,0.00441091,0.145606,49.8778,18.5745,51.0603
0.0440709,0.00163818,0.144578,50.5103,18.3817,51.0643
0.0437333,0.0393435,0.154923,51.9883,18.0269,51.0691
0.0462086,0.0198402,0.150672,44.3878,17.3725,51.0697
0.0455654,0.0127454,0.144774,46.2677,17.7045,51.0711
0.0450304,0.0198441,0.163024,47.4319,18.8287,51.077
0.0443694,0.0249789,0.162767,49.8162,18.7053,51.0833
0.0491411,0.0024014,0.153935,37.859,17.2524,51.0869
0.0428565,0.0123786,0.139747,54.1547,18.8848,51.0874
0.0448516,0.0132391,0.15292,48.7512,18.3312,51.0922
0.0437706,0.0287416,0.160642,51.1669,18.614,51.096
0.0458887,0.0245055,0.154704,45.8419,17.4286,51.0962
0.0438728,0.00230002,0.166059,51.7786,19.3513,51.1031
0.0457491,0.0440144,0.166154,45.4533,18.0759,51.1039
0.0447015,0.0336533,0.16454,48.279,18.6805,51.1108
0.043825,0.006645,0.163863,51.457,19.8154,51.1113
0.0465983,0.0300724,0.158938,43.3926,17.1524,51.1145
0.0437457,0.0447345,0.157993,51.5414,18.2151,51.1147
0.0474177,0.00913229,0.161976,41.5291,18.003,51.119
0.0420204,0.0210188,0.161938,57.0716,19.094,51.1223
0.0447028,0.0249627,0.155155,48.6029,18.3376,51.1263
0.0487685,0.0092261,0.154774,38.7185,17.9445,51.1303
0.0437562,0.0340732,0.149352,51.3032,18.4014,51.1333
0.0458525,0.024677,0.156547,45.8618,18.232,51.1408
0.0445506,0.00122936,0.15129,49.6955,18.4446,51.1487
0.0422875,0.00149256,0.138181,56.9428,18.0969,51.1497
0.0428344,0.0130286,0.143258,54.1099,18.7366,51.15
0.0452025,0.0195351,0.165105,47.0684,18.8569,51.1554
0.0469875,0.0297863,0.163251,42.5545,17.0347,51.1582
0.0478821,0.0236573,0.160518,40.9548,17.3618,51.1592
0.0462293,0.0347276,0.165632,44.8109,18.9067,51.1644
0.044355,0.0262148,0.157559,49.9105,18.6881,51.1678
0.0437476,0.0077369,0.166336,51.4387,19.3449,51.1704
0.0477754,0.0171258,0.155786,40.465,17.6812,51.1722
0.0446956,0.0264232,0.157261,48.2685,18.3499,51.1726
0.0428295,0.0121728,0.142863,54.5917,18.9765,51.1757
0.0431155,0.0155493,0.147006,53.1847,18.2633,51.1776
0.047541,0.00757709,0.155352,41.3645,17.8968,51.182
0.0425599,0.00877022,0.158133,55.6929,19.491,51.184
0.043464,0.0309481,0.156511,52.9868,18.8502,51.1857
0.046252,0.0157889,0.158797,44.3059,17.7125,51.1859
0.045865,0.028536,0.1602,45.382,18.7523,51.1895
0.0432284,0.00350661,0.152051,53.0881,18.0175,51.19
0.0482049,0.018555,0.161384,39.6171,17.1807,51.1902
0.0440644,0.0505621,0.163134,50.5878,18.015,51.1921
0.0454859,0.00628837,0.134456,46.3945,17.8643,51.1936
0.0443677,0.00903276,0.161047,49.9421,18.6056,51.2097
0.0479052,0.00761338,0.14982,40.4833,17.8156,51.2115
0.043196,0.0135959,0.153938,53.0319,18.2518,51.2117
0.0470801,0.00299874,0.143096,42.9683,17.0617,51.2175
0.0447606,0.0319859,0.152053,48.429,18.0261,51.2184
0.0434414,0.0130398,0.141987,52.2932,18.8006,51.2271
0.0423192,0.00496207,0.143189,56.9459,18.5012,51.2324
0.0437453,0.0393639,0.159883,51.1267,18.7791,51.2325
0.0420089,0.0133414,0.157076,57.4482,19.6707,51.2407
0.0492066,0.0163588,0.160196,37.3874,17.5938,51.2485
0.045831,0.0286742,0.146391,45.8312,17.1495,51.2485
0.0437316,0.00716492,0.15485,51.3505,18.5632,51.2513
0.042571,0.0184295,0.141188,55.6432,18.3932,51.2526
0.0450123,0.0266526,0.166337,47.6253,18.2641,51.2571
0.0431205,0.018471,0.149183,53.8724,18.6022,51.2582
0.0469686,0.0024321,0.152932,42.1798,17.6779,51.2593
0.0458658,0.0108856,0.137704,45.155,17.3512,51.2622
0.0474145,0.0270556,0.155351,41.2506,17.6942,51.2625
0.0479599,0.00792374,0.157046,40.545,17.7119,51.2652
0.0488503,0.00329196,0.16169,38.9462,17.6961,51.268
0.0446852,0.0228828,0.159516,48.7945,18.9279,51.2699
0.0455704,0.00211268,0.150945,46.7795,17.8695,51.2731
0.0458853,0.00679561,0.156481,45.7324,17.5957,51.2752
0.0446803,0.0264523,0.161153,48.8163,18.3717,51.2817
0.047464,0.0207246,0.154938,41.0929,17.5169,51.2839
0.0425428,0.00714632,0.161386,55.5018,19.7124,51.2859
0.0443869,0.00367175,0.1471,49.0496,18.4402,51.2863
0.047425,0.00807072,0.160797,41.765,18.8837,51.2929
0.0447867,0.0258631,0.151128,48.5345,18.7795,51.293
0.0463312,0.0128698,0.165654,44.9884,18.0827,51.2952
0.0438184,0.000968063,0.139155,51.2423,18.9058,51.297
0.0440816,0.0107225,0.14394,50.1582,18.3705,51.2985
0.0440959,0.0333977,0.14981,50.2487,18.3565,51.3003
0.0443562,0.0230872,0.163562,49.378,18.8638,51.3007
0.0463181,0.00482581,0.141983,44.1427,17.6354,51.3027
0.0428212,0.00303512,0.140854,54.21,18.135,51.3029
0.043415,0.0226921,0.15325,52.6357,18.847,51.3041
0.0491264,0.027091,0.164956,37.0963,17.9955,51.3048
0.0492067,0.00257818,0.150413,37.1948,17.6229,51.3057
0.047338,0.0100933,0.164236,41.5806,18.4676,51.3075
0.0451341,0.0231479,0.151375,47.6092,18.4571,51.3085
0.0458677,0.0171635,0.155106,45.2654,17.1515,51.311
0.0483219,0.0179344,0.158153,39.991,17.4467,51.3132
0.0458529,0.00127824,0.134173,45.8395,17.5249,51.3169
0.0447385,0.0532351,0.163566,48.4897,18.2397,51.3175
0.0470356,0.0347188,0.163195,42.1488,17.5299,51.3175
0.0453987,0.0522158,0.164478,46.1569,18.6643,51.3179
0.0477901,0.0264102,0.162262,40.1949,17.7437,51.3199
0.0482717,0.031686,0.166423,39.3121,17.6357,51.323
0.0452445,0.00300429,0.164604,47.0086,18.9466,51.3231
0.0420223,0.0132153,0.155759,57.7738,19.728,51.3272
0.0466695,0.0231117,0.165806,43.51,18.403,51.3295
0.0446903,0.00952376,0.155635,48.3145,18.4436,51.3299
0.0475583,0.00299437,0.150135,41.0025,17.3047,51.3332
0.0458272,0.0288313,0.149436,45.3072,17.767,51.3359
0.0466448,0.0326481,0.158729,43.0064,17.0479,51.3376
0.0491654,0.0251669,0.162185,37.3404,17.6789,51.3381
0.0458456,0.0134595,0.137795,45.1848,17.1167,51.3393
0.0457376,0.0321973,0.165621,45.2658,18.3222,51.3401
0.0469993,0.00160975,0.16493,42.2245,17.8611,51.3457
0.0495581,0.0161455,0.166326,36.4558,17.3903,51.355
0.045812,0.00423077,0.141563,45.7489,17.1777,51.3555
0.0465752,0.012948,0.142364,43.5217,17.4159,51.3584
0.044343,0.0324375,0.159486,49.6213,18.8198,51.3584
0.0465674,0.0273119,0.151974,43.7679,17.7365,51.3646
0.0428655,0.0186069,0.150793,54.7548,18.016,51.365
0.0438541,0.00539674,0.158616,51.5152,18.1157,51.3663
0.0473874,0.0289084,0.153169,41.6645,17.0368,51.3671
0.0431616,0.0208661,0.14115,53.6067,18.7104,51.3685
0.0450967,0.0251477,0.151798,47.3083,18.4057,51.3746
0.0440496,0.0595319,0.1618,50.9642,18.6228,51.378
0.0474612,0.0189157,0.152512,41.9881,17.6172,51.3792
0.0458602,0.0357545,0.163559,45.4633,18.5563,51.3797
0.0437245,0.036959,0.160823,51.4041,18.1503,51.3809
0.0450185,0.00797155,0.163415,47.1002,18.3234,51.3823
0.0479832,0.00160416,0.150341,40.1845,17.4059,51.3851
0.0443506,0.0105395,0.160718,49.0194,18.7012,51.3915
0.0478751,0.0307642,0.165119,40.7991,17.2645,51.3918
0.0458496,0.00750566,0.151629,45.8069,17.0449,51.3931
0.0455224,0.030239,0.15091,46.0257,17.4957,51.3965
0.046203,0.0230981,0.143098,44.2944,17.5872,51.3999
0.0425715,0.0135256,0.138125,55.8214,18.511,51.4009
0.0437341,0.0398764,0.161146,51.0551,18.8044,51.4023
0.0459009,0.0131226,0.154189,45.0513,18.988,51.4032
0.0428761,0.0101643,0.137294,54.3417,18.4308,51.4047
0.047368,0.0245751,0.16122,41.4706,17.4743,51.408
0.0431172,0.0333267,0.150931,53.2323,18.3037,51.4154
0.0458789,0.0307641,0.150712,45.4421,17.5463,51.4243
0.0437014,0.0297737,0.154518,51.705,18.9542,51.4272
0.0448134,0.0117947,0.138058,48.0621,17.4063,51.4308
0.0466222,0.00431692,0.162991,43.0264,17.7066,51.4338
0.0457573,0.0369807,0.161931,45.23,18.0824,51.4373
0.0443358,0.0316693,0.161299,49.1836,18.9423,51.439
0.0501658,0.00986618,0.16133,35.6162,17.2638,51.44
0.0486409,0.0242586,0.159095,38.1932,17.177,51.4421
0.0422933,0.0172357,0.140635,56.7527,18.0974,51.4432
0.0425454,0.0205234,0.140545,55.3688,18.2489,51.4433
0.0441478,0.0185293,0.163446,50.7166,18.5956,51.4458
0.0444565,0.0451679,0.160535,49.8493,18.1417,51.4489
0.0440273,0.0515212,0.157279,50.9402,18.1276,51.4489
0.046225,0.0388086,0.15897,44.7579,17.8521,51.4498
0.0450325,0.0404763,0.158947,47.3969,18.0703,51.4517
0.0441203,0.012847,0.165673,50.1059,18.9382,51.4531
0.0455897,0.00646298,0.140049,46.0091,17.5476,51.4557
0.0446681,0.0402321,0.164096,48.7385,18.3331,51.4569
0.0428532,0.00971387,0.13691,54.0809,18.6624,51.4625
0.0465651,0.00124204,0.150049,43.574,17.8003,51.4627
0.0471283,0.00307443,0.161751,42.2893,18.9767,51.4652
0.0473502,0.00491131,0.15526,41.7386,17.4199,51.4656
0.0440229,0.0308083,0.162387,50.6524,18.9946,51.4661
0.0437467,0.0530296,0.160543,51.7515,18.674,51.4669
0.0440187,0.0376365,0.158014,50.6884,18.8213,51.4671
0.0434384,0.0475873,0.156291,52.9715,18.1959,51.4697
0.0451442,0.0268743,0.146233,47.3249,17.4796,51.4701
0.0454474,0.00749769,0.140678,46.5235,17.4398,51.4707
0.0454803,0.00316535,0.145668,46.6342,17.2704,51.4707
0.0479136,0.02186,0.159412,40.8634,17.4401,51.4786
0.0423432,0.00804428,0.156745,56.3529,19.2974,51.4788
0.0444349,0.0534414,0.165391,49.9102,18.5194,51.4797
0.0450212,0.0325036,0.160829,47.5014,18.1518,51.4802
0.0437435,0.0206328,0.161965,51.3274,18.2878,51.4822
0.0450585,0.0446831,0.158504,47.7778,18.2142,51.4853
0.0441205,0.0181346,0.165945,50.7403,18.9351,51.4864
0.0434128,0.0259475,0.145228,52.5221,18.555,51.4878
0.0458039,0.0092132,0.140866,45.3969,17.6424,51.4888
0.0482291,0.0293235,0.157694,39.8224,17.1635,51.4894
0.0429116,0.0133836,0.160276,54.4395,19.8316,51.4908
0.0490708,0.0142371,0.163163,37.0292,17.2437,51.4931
0.0453658,0.0516799,0.165979,46.8502,18.7769,51.4956
0.0467624,0.00248293,0.153096,43.0764,17.488,51.4956
0.0462403,0.0039898,0.160007,44.4907,17.726,51.4961
0.04694,0.0127983,0.147777,42.8872,17.7281,51.4984
0.044797,0.0065023,0.131325,48.8813,17.72,51.5
0.0467293,0.00562673,0.159621,43.1979,17.5155,51.5042
0.0454354,0.0307694,0.155479,46.3682,18.2475,51.5054
0.0446641,0.053834,0.164386,48.0482,18.7408,51.5067
0.0491229,0.00890239,0.154911,37.5999,17.655,51.507
0.0431435,0.0248661,0.155344,53.081,18.6644,51.5089
0.0473935,0.0220596,0.147551,41.7021,17.3028,51.5157
0.0470808,0.0256996,0.164148,42.0945,17.8458,51.5166
0.0481904,0.0256336,0.159235,39.6822,17.9657,51.5168
0.0466332,0.00204778,0.152834,43.5223,18.3745,51.5177
0.04198,0.0405234,0.165113,57.7127,19.0061,51.5188
0.0434893,0.0358059,0.15256,52.2675,18.1351,51.5203
0.0454694,0.0313685,0.148277,46.3768,17.6043,51.5217
0.0448087,0.0188272,0.141073,48.5718,17.6349,51.5267
0.0446656,0.0472784,0.163815,48.3995,18.0094,51.5276
0.0443976,0.0180431,0.146916,49.0703,18.8296,51.5284
0.0461765,0.0308414,0.160085,44.7643,18.1038,51.5291
0.0465521,0.00542635,0.147653,43.339,17.9867,51.5297
0.0436999,0.0284164,0.156968,51.6102,18.8554,51.5309
0.0461612,0.00361374,0.153331,44.8849,18.0182,51.5331
0.0434956,0.00210231,0.137368,52.2221,18.634,51.5333
0.047337,0.0154801,0.165075,41.8774,18.3308,51.5334
0.0488538,0.00518402,0.160496,38.677,17.0566,51.5339
0.0458129,0.0248922,0.147928,45.6799,17.5026,51.5341
0.045892,0.0201328,0.144288,45.4167,17.1427,51.5383
0.0448338,0.0190998,0.141049,48.1024,17.1809,51.5403
0.0473409,0.0240743,0.156881,41.5569,17.8745,51.5407
0.0459576,0.0144712,0.150859,45.0381,17.1407,51.5466
0.0431219,0.00378681,0.163813,53.9995,19.988,51.5498
0.043251,0.00315254,0.150149,53.49,18.3748,51.5505
0.0437714,0.0183945,0.163665,51.3409,18.7291,51.5537
0.0470503,0.00754182,0.157132,42.6228,18.0874,51.5596
0.0469704,0.0270837,0.164842,42.1217,17.5249,51.5603
0.0451744,0.0309516,0.14875,47.9974,17.0081,51.5624
0.0457647,0.0266103,0.158143,45.813,18.1484,51.5634
0.0438872,0.0037262,0.152668,51.7924,18.7348,51.5635
0.0465013,0.0324307,0.16577,43.0143,18.1904,51.5683
0.0496423,0.0168155,0.158325,36.5341,17.3905,51.5706
0.044085,0.00459808,0.141818,50.2842,18.1955,51.5716
0.046179,0.029274,0.145624,44.1365,17.5981,51.5752
0.0462598,0.0365134,0.160781,44.8543,17.6444,51.576
0.0458851,0.018884,0.15807,45.8313,17.4522,51.5788
0.0487838,0.00485334,0.148937,38.1832,17.5533,51.5803
0.0463092,0.01922,0.14764,44.5125,17.4093,51.5816
0.0451964,0.0204733,0.143261,47.1218,17.1344,51.5817
0.0454808,0.00706363,0.148894,46.5535,17.5838,51.5824
0.0470627,0.00492993,0.156551,42.427,18.1104,51.5856
0.0490714,0.0212195,0.164539,37.544,17.4823,51.5918
0.0448384,0.0232305,0.143406,48.604,17.1253,51.5955
0.0438535,0.0202714,0.152058,51.7294,18.1367,51.5965
0.0474629,0.0125865,0.145964,41.6027,17.6916,51.6022
0.0447961,0.0193887,0.139809,48.7355,17.3183,51.6033
0.050055,0.0114559,0.164939,35.5698,17.2874,51.604
0.0445288,0.0114811,0.140213,49.8288,17.9086,51.6053
0.0443455,0.0151911,0.15389,49.7623,18.0515,51.6069
0.0438601,0.00302151,0.134691,51.3428,17.7165,51.6076
0.0473885,0.0192279,0.146213,41.8929,17.754,51.6146
0.0473326,0.0207073,0.152795,41.5686,17.7953,51.615
0.0434032,0.0316572,0.156603,52.2909,18.3124,51.6152
0.045776,0.0155963,0.154253,45.9922,18.6357,51.621
0.0434583,0.015433,0.140119,52.3994,18.0744,51.6229
0.04262,0.00723067,0.149019,55.4637,18.5329,51.6247
0.0465817,0.0130876,0.159347,43.996,17.7656,51.6263
0.0481844,0.00802476,0.165687,39.5291,17.1941,51.6264
0.0462616,0.0130165,0.139343,44.7057,17.4806,51.6287
0.0474426,0.0169107,0.146638,41.5135,17.0369,51.6303
0.0454409,0.0314396,0.142957,46.084,17.7992,51.6311
0.0469627,0.0380966,0.1605,42.8815,17.6085,51.6316
0.0422572,0.00468461,0.13608,56.2577,18.5461,51.6318
0.0462935,0.0245542,0.160013,44.0269,17.8032,51.6326
0.0443367,0.0183357,0.163248,49.7085,18.4953,51.6336
0.0431131,0.0416768,0.15478,53.9575,18.5587,51.6358
0.0457425,0.0174777,0.160748,45.1642,18.5901,51.638
0.0451248,0.0125817,0.147208,47.2878,18.1657,51.6395
0.0478496,0.0329899,0.161194,40.8058,17.4776,51.6411
0.0431329,0.0201008,0.155317,53.0755,18.6334,51.6413
0.0425494,0.0189859,0.147974,55.6283,18.9487,51.6424
0.0420064,0.0126383,0.136307,57.1968,18.6455,51.6431
0.0496742,0.0149291,0.159149,36.8379,17.2034,51.6483
0.0469609,0.00323944,0.156608,42.6497,17.3924,51.6486
0.0486252,0.0272084,0.160293,38.5446,17.8748,51.6517
0.046562,0.0159872,0.153095,43.2409,17.0325,51.6545
0.0483717,0.0126242,0.154826,39.1014,17.2457,51.6548
0.0496058,0.00206847,0.155002,36.5484,17.9815,51.6557
0.0465459,0.0113399,0.143602,43.7603,17.2277,51.6588
0.0473514,0.00717861,0.159067,41.6309,17.6517,51.6613
0.0419862,0.0453401,0.166255,57.419,19.2132,51.6626
0.0419526,0.0441053,0.164502,57.5666,19.5913,51.6646
0.0454374,0.0313983,0.142347,46.9671,17.3079,51.6667
0.0437103,0.00186806,0.147359,51.7827,18.4463,51.6688
0.0462614,0.00531751,0.135786,44.0555,17.8091,51.6699
0.0478356,0.0390995,0.165069,40.0503,17.4145,51.6708
0.0444769,0.0120084,0.143463,49.627,17.9843,51.6734
0.0466133,0.00118651,0.152439,43.0572,18.779,51.6737
0.0440181,0.0389119,0.153212,50.6743,18.9844,51.6742
0.0433968,0.046572,0.154937,52.3724,18.8047,51.6755
0.0487496,0.0182894,0.155424,38.7696,17.0898,51.6855
0.0449982,0.0237995,0.165392,47.4916,18.8252,51.6855
0.0475549,0.00631082,0.16352,41.635,17.7961,51.6891
0.0428386,0.0240042,0.152337,54.2781,18.7915,51.6892
0.0469878,0.0357649,0.152884,42.9055,17.1252,51.6921
0.0419641,0.0413541,0.16234,57.5516,19.7223,51.6934
0.0417408,0.00629085,0.163598,58.7172,19.5694,51.6948
0.0462884,0.01858,0.159676,44.8206,18.0289,51.695
0.0443218,0.03287,0.164517,49.0826,18.3885,51.6971
0.045909,0.0237261,0.160184,45.7308,18.7164,51.6987
0.0448207,0.0245013,0.142012,48.0609,17.5233,51.6994
0.0437234,0.062717,0.158799,51.6753,18.2614,51.7003
0.0469416,0.0234803,0.147619,42.1546,17.7864,51.7017
0.045933,0.0098618,0.156009,45.5398,17.199,51.7022
0.0458038,0.0173786,0.14645,45.5278,17.9509,51.7057
0.0417392,0.00480845,0.136655,58.1376,18.9831,51.7114
0.0443328,0.0203139,0.164006,49.1347,18.932,51.7132
0.0458337,0.0407761,0.157741,45.501,17.086,51.7151
0.046264,0.0171309,0.142112,44.0592,17.7929,51.7155
0.0458529,0.0224599,0.153708,45.3149,18.5483,51.7167
0.0440881,0.0587808,0.162256,50.8371,18.1234,51.7199
0.0459589,0.0102374,0.141634,45.6273,17.8664,51.7224
0.0425454,0.0286593,0.148265,55.2437,18.3059,51.7235
0.0461711,0.00360658,0.139068,44.5976,17.6045,51.7287
0.041472,0.00345431,0.154842,59.5135,19.9183,51.7288
0.044327,0.0506716,0.160173,49.1229,18.607,51.7288
0.0473979,0.0253302,0.148027,41.9858,17.2497,51.731
0.0431932,0.0323321,0.155589,53.36,18.9818,51.7312
0.0467162,0.018893,0.154681,43.3249,17.2027,51.7321
0.0453676,0.0353589,0.161752,46.5008,18.1374,51.7334
0.0469638,0.0271406,0.147166,42.1733,17.2932,51.7343
0.0422587,0.0201507,0.138031,56.4806,18.0448,51.7346
0.0462043,0.00941138,0.158478,44.8656,17.6491,51.7379
0.0448626,0.0197705,0.164014,48.6714,18.3175,51.7384
0.0462664,0.0322381,0.151319,44.7151,17.4853,51.74
0.0461477,0.0415031,0.163673,44.3634,18.3812,51.7415
0.0437105,0.0137887,0.157617,51.4366,18.5133,51.7435
0.0458096,0.0521024,0.166021,45.6424,18.5539,51.7448
0.0430848,0.0399463,0.149312,53.8703,18.3389,51.7451
0.0437006,0.0599236,0.160287,51.1108,18.618,51.7459
0.0428813,0.0302526,0.154048,54.3781,18.1797,51.7471
0.0458176,0.0330148,0.153587,45.7925,17.2954,51.7502
0.0446729,0.00265766,0.160013,48.9578,18.1038,51.7544
0.0443581,0.0587968,0.158414,49.6793,18.389,51.7554
0.0442164,0.00406591,0.147737,50.8851,18.0287,51.7562
0.0414869,0.0206453,0.158083,59.7827,19.9382,51.7568
0.0466193,0.00489132,0.136674,43.886,17.5981,51.7592
0.0447834,0.00346289,0.14322,48.4057,17.9243,51.7596
0.0433965,0.0551107,0.154214,52.7427,18.8814,51.761
0.0466056,0.0246648,0.16571,43.8668,17.5275,51.7627
0.0419676,0.020952,0.164324,57.443,19.8643,51.7642
0.0448482,0.0229419,0.154206,48.8952,18.8736,51.7685
0.0467162,0.0133231,0.1613,43.059,17.2248,51.7704
0.0428742,0.0299029,0.163775,54.9832,19.4961,51.7708
0.0469451,0.036375,0.152959,42.4987,17.2186,51.7722
0.0443474,0.0126062,0.164904,49.137,18.0314,51.7769
0.0419588,0.0296562,0.164894,57.081,19.0542,51.7811
0.0461913,0.0404814,0.150623,44.0066,17.9877,51.7831
0.0434175,0.0145426,0.156758,52.0457,18.7321,51.785
0.0469666,0.0383245,0.152983,42.2975,17.7879,51.7869
0.0473489,0.0349416,0.16061,41.6945,17.8015,51.7928
0.0431583,0.00815433,0.155714,53.488,18.4917,51.7941
0.0488665,0.00455497,0.164175,38.8691,17.5699,51.7953
0.0457381,0.00783321,0.159073,45.2811,18.1056,51.7957
0.0463333,0.00539904,0.140169,44.5884,17.8758,51.7995
0.0435329,0.00397526,0.140306,52.4525,18.3981,51.8
0.0414858,0.011174,0.155342,59.6745,19.2923,51.8009
0.0474072,0.0389867,0.159499,41.5632,17.8386,51.8018
0.0434304,0.0564196,0.159547,52.1424,18.9595,51.8041
0.043702,0.0485088,0.162513,51.0623,18.5689,51.8042
0.0437666,0.053272,0.155791,51.3161,18.7435,51.8069
0.0477412,0.015429,0.151928,40.4833,17.5458,51.8127
0.0438083,0.0406872,0.161143,51.9275,18.0994,51.8157
0.0433937,0.0420925,0.157546,52.3466,18.0335,51.8157
0.0500564,0.00124288,0.161068,35.7932,17.2197,51.8174
0.0453804,0.0222777,0.156844,46.855,18.9973,51.8176
0.0422687,0.0243157,0.139357,56.4511,18.8211,51.82
0.0417643,0.0196806,0.16265,58.3519,19.3869,51.8233
0.043094,0.0194617,0.151193,53.6541,18.8465,51.8256
0.0502017,0.00267254,0.155389,35.8361,17.8852,51.8271
0.0485928,0.0183453,0.16251,38.9386,17.0517,51.8311
0.0419858,0.0131387,0.154312,57.1965,19.579,51.832
0.0454682,0.046532,0.154477,46.0547,17.1052,51.8348
0.0448362,0.00629098,0.147417,48.5098,17.5124,51.8355
0.0455049,0.0282634,0.144265,46.697,17.0641,51.8368
0.0475362,0.00994871,0.166023,41.6521,18.9005,51.8401
0.0470732,0.0107307,0.142668,42.6027,17.5553,51.8439
0.0461599,0.00965586,0.147729,44.5322,17.0898,51.8449
0.0466683,0.00924144,0.166041,43.2999,17.4041,51.845
0.046627,0.0220376,0.157857,43.5798,18.3374,51.8456
0.0447815,0.015728,0.14581,48.5742,17.6912,51.8475
0.0490788,0.0230513,0.161032,37.5582,17.5025,51.8501
0.0475074,0.0146972,0.149674,41.0458,17.7302,51.8511
0.0465096,0.00580595,0.157959,43.8818,18.4008,51.8528
0.0431291,0.0379651,0.158328,53.8288,18.6853,51.853
0.0457224,0.00796177,0.164266,45.7858,18.8718,51.8543
0.0447874,0.0212694,0.14843,48.6282,17.9311,51.8571
0.049159,0.017938,0.15422,37.7532,17.9889,51.8578
0.0461832,0.0467293,0.157468,44.6331,17.0013,51.8629
0.0425185,0.0305512,0.144488,55.3242,18.9574,51.8635
0.0423368,0.0202054,0.162514,56.5532,19.3281,51.8635
0.0469389,0.00409874,0.156681,42.8523,17.7067,51.8645
0.0428179,0.0331987,0.152972,54.5047,18.8742,51.865
0.0444215,0.055842,0.160033,49.6926,18.5548,51.8692
0.0414537,0.014336,0.155484,59.8253,19.1752,51.877
0.0463551,0.00760655,0.162596,44.1099,18.1291,51.877
0.0449972,0.0528452,0.163368,47.5078,18.1283,51.8775
0.0477238,0.00920185,0.166383,40.7907,18.3612,51.8782
0.0417007,0.0399148,0.161006,58.249,19.5821,51.8799
0.0454561,0.0388793,0.151703,46.3616,17.5626,51.8803
0.0491187,0.0336415,0.161917,37.6076,17.6127,51.8844
0.0423278,0.0216565,0.159483,56.2719,19.4708,51.8855
0.0454142,0.00944158,0.149615,46.192,18.5722,51.8885
0.0477701,0.0416139,0.162239,40.624,17.1709,51.8914
0.0486489,0.0380855,0.163442,38.1741,17.4216,51.8929
0.0479457,0.0174025,0.154431,40.0344,17.022,51.8937
0.0457569,0.0223682,0.155704,45.6977,18.3113,51.895
0.0425214,0.0037137,0.137023,55.9421,18.6839,51.8972
0.0441395,0.019608,0.166334,50.4268,18.151,51.8976
0.0465488,0.0383311,0.150283,43.9764,17.3668,51.9001
0.0450021,0.0209472,0.160582,47.5815,18.6611,51.9022
0.0457142,0.0420532,0.166034,45.6572,18.4561,51.9031
0.0444293,0.0069231,0.165032,49.8048,19.454,51.9039
0.044779,0.0192525,0.146799,48.8968,17.9739,51.9041
0.0465601,0.0364631,0.162449,43.0073,17.4381,51.9049
0.0433761,0.041452,0.155507,52.5276,18.9752,51.9051
0.0461705,0.0429725,0.152133,44.8212,17.9769,51.9059
0.0448588,0.0116078,0.136691,48.3157,17.4584,51.9067
0.0458798,0.00983193,0.159814,45.8056,17.5728,51.9101
0.0469288,0.019285,0.146227,42.1268,17.8937,51.9108
0.0441436,0.0193196,0.141466,50.8894,17.0448,51.9118
0.0458994,0.0306733,0.147986,45.628,17.855,51.9128
0.0434164,0.00545269,0.161016,52.3371,19.4867,51.9129
0.0447743,0.0137832,0.144191,48.0924,17.7639,51.9142
0.0482323,0.0417908,0.16126,39.8456,17.3422,51.915
0.0458059,0.0306263,0.141343,45.2579,17.447,51.9161
0.0428067,0.0258775,0.151081,54.4201,18.4918,51.9176
0.0412496,0.0013748,0.154931,60.0532,19.5178,51.9191
0.0440227,0.0177582,0.148872,50.1147,18.7751,51.9202
0.0414776,0.0301393,0.160366,59.5973,19.5276,51.9204
0.0463225,0.0164964,0.160954,44.8981,18.1755,51.9258
0.0440442,0.0510667,0.152422,50.6243,18.9957,51.9275
0.0422661,0.0072509,0.154229,56.5708,19.1137,51.9325
0.0474123,0.0236219,0.146596,41.0286,17.9696,51.933
0.0447948,0.0348917,0.149353,48.5403,17.8222,51.9331
0.0462759,0.0319957,0.162292,44.8076,17.2116,51.9351
0.0473268,0.023827,0.150348,41.2297,17.846,51.9373
0.0478837,0.0121158,0.145213,40.6396,17.5975,51.9374
0.0462964,0.0311686,0.157581,44.4283,17.4873,51.9385
0.045922,0.00998088,0.152857,45.0515,18.6277,51.939
0.0440026,0.034868,0.154396,50.2554,18.9887,51.9419
0.0469996,0.0276174,0.161958,42.0241,18.3143,51.9421
0.0474636,0.023626,0.166339,41.7696,18.7678,51.946
0.0425809,0.0327507,0.162336,55.1618,19.6774,51.948
0.0444434,0.0276812,0.143338,49.9504,17.7968,51.9485
0.0473713,0.00476169,0.158782,41.5013,18.4819,51.9492
0.0447435,0.00636918,0.136747,48.0035,17.4344,51.9496
0.0440016,0.0236156,0.162512,50.9065,18.6533,51.9525
0.04309,0.0493205,0.154794,53.7092,18.5162,51.9551
0.0437579,0.0574475,0.155883,51.4159,18.0059,51.9563
0.0471534,0.009756,0.156631,42.4061,17.4944,51.9587
0.0426472,0.00982556,0.162981,55.8155,19.6695,51.9604
0.0430741,0.0377589,0.151933,53.1504,18.7306,51.9605
0.0419871,0.00254815,0.131957,57.7609,18.4194,51.9608
0.0438474,0.00874363,0.142609,51.7115,18.3391,51.9616
0.0461932,0.027616,0.161396,44.0496,17.1613,51.9626
0.0474591,0.0222256,0.149955,41.2396,17.333,51.9643
0.0437075,0.00504608,0.156197,51.4007,18.5757,51.9656
0.0479214,0.00855506,0.164362,40.7945,18.4426,51.9664
0.0445657,0.00274754,0.159302,49.5805,18.7227,51.9685
0.0419536,0.0157411,0.163223,57.2076,19.1257,51.9693
0.0437291,0.00254537,0.160259,51.4984,19.2575,51.9742
0.0440535,0.00610928,0.166017,50.5499,18.1347,51.9752
0.043382,0.047628,0.14965,52.8604,18.1097,51.976
0.0443784,0.0428525,0.151764,49.5074,18.7567,51.9761
0.0419457,0.0400543,0.160883,57.3354,19.4282,51.9766
0.0479021,0.0321685,0.163499,40.9668,17.3722,51.9776
0.0414442,0.0479781,0.165247,59.976,19.5104,51.9807
0.0437536,0.0599241,0.156572,51.9036,18.9325,51.9823
0.0454767,0.0137635,0.133833,46.8481,17.5111,51.9828
0.0473491,0.0433311,0.159643,41.0321,17.036,51.9836
0.0465564,0.0255046,0.158388,43.1402,17.1109,51.987
0.0414516,0.0268182,0.158882,59.3414,19.9761,51.9876
0.0460022,0.00476597,0.146945,45.4319,17.8437,51.9897
0.0466541,0.00618092,0.153035,43.6541,18.3564,51.9898
0.0419725,0.00244265,0.163171,57.4265,19.5701,51.99
0.0443499,0.00822591,0.149563,49.9897,18.3573,51.9906
0.0417158,0.0305305,0.156247,58.3562,19.949,51.9949
0.0450129,0.0409057,0.158483,47.7444,18.5095,51.9953
0.04584,0.0492425,0.161818,45.7406,17.2004,51.9971
0.0479588,0.016404,0.166248,40.6627,17.71,51.9971
0.0420351,0.0197904,0.142263,57.0443,18.411,51.9979
0.0461998,0.0382672,0.160006,44.4206,18.9472,51.9981
0.0416751,0.047256,0.162743,58.5006,19.7486,51.9989
0.0417783,0.00197822,0.134893,58.4144,18.2155,52.0008
0.0440378,0.0131374,0.14522,50.3212,18.2412,52.002
0.0444443,0.021386,0.145149,49.3273,18.1776,52.0034
0.0438566,0.00563979,0.132323,51.6568,17.0238,52.0039
0.0465504,0.0437868,0.153676,43.1772,17.862,52.0048
0.0497119,0.0143284,0.158264,36.155,17.1043,52.0062
0.043761,0.026119,0.143108,51.3397,18.6083,52.0091
0.0451336,0.0295675,0.141112,47.1345,17.59,52.01
0.0469514,0.00597706,0.160555,42.8908,17.173,52.0106
0.0425706,0.00457507,0.132761,55.3283,18.5964,52.0113
0.0431072,0.0522561,0.149474,53.7456,18.139,52.0116
0.0458128,0.0454261,0.158509,45.1074,17.5465,52.0121
0.0444638,0.00395299,0.164462,49.0369,19.1687,52.0145
0.0486914,0.0343836,0.159243,38.6225,17.2312,52.0156
0.0430969,0.057737,0.1526,53.404,18.3843,52.0179
0.0459056,0.0323337,0.14922,45.9575,17.8348,52.018
0.0439984,0.0709921,0.163964,50.0615,18.1629,52.0186
0.0463468,0.00748886,0.140232,44.045,17.868,52.0197
0.0482639,0.0330889,0.157036,39.3572,17.6348,52.0214
0.0465285,0.00977545,0.148254,43.0011,17.6391,52.0224
0.0444297,0.0269778,0.146417,49.2257,18.4536,52.0227
0.0469139,0.0303231,0.151536,42.9518,17.4922,52.0227
0.0444467,0.0156985,0.132084,49.8551,17.6339,52.0231
0.0458272,0.0188357,0.158842,45.7703,17.7728,52.024
0.0438401,0.00463528,0.160745,51.5871,19.0017,52.0246
0.0444514,0.0323818,0.145746,49.1765,17.0857,52.0282
0.0412164,0.00212054,0.152639,60.644,19.8035,52.0318
0.0417026,0.0187376,0.162056,58.1615,19.8132,52.0318
0.0433893,0.0110055,0.145146,52.0535,18.3522,52.0321
0.0450174,0.0230554,0.156146,47.9803,18.4963,52.0333
0.0414588,0.0336136,0.164795,59.7964,19.672,52.0341
0.042032,0.0325072,0.162061,57.5126,19.364,52.0347
0.0423294,0.00264969,0.147073,56.2888,18.7821,52.0399
0.0412312,0.00754675,0.153224,60.8718,19.7317,52.0407
0.0497028,0.0153372,0.158128,36.971,17.6181,52.0416
0.0462385,0.0238006,0.155617,44.9964,18.9643,52.0432
0.0453805,0.0487894,0.160703,46.1738,18.2869,52.0433
0.0465596,0.0151025,0.159169,43.1107,17.971,52.0445
0.0491925,0.0191573,0.153801,37.8453,17.6486,52.0449
0.0414757,0.0139424,0.162921,59.3704,19.6308,52.045
0.0477323,0.0104157,0.151523,40.7552,17.8687,52.0461
0.0478441,0.014727,0.163321,40.8278,18.2804,52.0464
0.0428271,0.0522892,0.151645,54.1485,18.4454,52.0474
0.0419558,0.0263073,0.157826,57.7721,19.7966,52.0488
0.0447841,0.00267555,0.165327,48.2673,19.4104,52.0489
0.0462347,0.0433131,0.165,44.1487,17.7679,52.0493
0.0457947,0.034923,0.157357,45.721,18.0619,52.0513
0.0495771,0.00369629,0.156088,36.2659,17.5287,52.0533
0.0448218,0.0310495,0.142525,48.4813,17.2961,52.0546
0.0459843,0.00753984,0.165312,45.6716,18.0804,52.0558
0.0491053,0.0336788,0.160869,37.6268,17.0062,52.0559
0.0428662,0.0386323,0.156203,54.9605,18.2676,52.056
0.0434203,0.045748,0.163719,52.4333,18.1243,52.0562
0.0417134,0.0398507,0.159852,58.4464,19.8261,52.0568
0.0455311,0.0355621,0.148988,46.1618,17.7759,52.0568
0.0481451,0.0312968,0.163655,39.8307,17.6842,52.0572
0.0491622,0.00605077,0.149705,37.8126,17.2306,52.0574
0.0454126,0.0321816,0.141229,46.27,17.2895,52.0617
0.0461808,0.0215927,0.156877,44.5841,17.7498,52.0618
0.0469043,0.00825723,0.158493,42.2857,18.2147,52.062
0.0441718,0.0053101,0.141206,50.9775,17.3233,52.0622
0.0463206,0.0114632,0.159909,44.4971,17.4685,52.0656
0.0416813,0.0385543,0.158899,58.6174,19.1091,52.0666
0.0453546,0.0399154,0.161748,46.5488,18.8907,52.0668
0.0492421,0.00234424,0.149617,37.632,16.4984,52.0689
0.044998,0.0134329,0.160897,47.86,18.1106,52.0695
0.0492932,0.00931746,0.154385,37.8376,17.3452,52.0699
0.0479014,0.0144522,0.147234,40.4106,17.649,52.0718
0.0441443,0.0226232,0.137496,50.9729,17.9084,52.0723
0.0417549,0.0137903,0.138959,58.5207,18.3093,52.0731
0.0497376,0.00297575,0.15274,36.34,16.2923,52.077
0.0461433,0.0390311,0.148676,44.866,17.2913,52.0806
0.0463234,0.0144973,0.159382,44.261,18.8443,52.0842
0.0417502,0.00784471,0.139643,58.508,18.2685,52.0844
0.0439889,0.0211717,0.159875,50.5167,18.7314,52.086
0.0486567,0.0166869,0.151703,38.6373,17.2736,52.0895
0.0441166,0.0115441,0.139867,50.6816,17.873,52.0895
0.0414496,0.0206303,0.159685,59.669,19.9667,52.094
0.0433821,0.0370145,0.160046,52.8326,18.3184,52.0964
0.0462292,0.0397481,0.165738,44.9855,17.3047,52.0965
0.0434343,0.0449082,0.146065,52.2385,18.8138,52.0966
0.0430769,0.017995,0.150454,53.9244,18.3307,52.0967
0.0501,0.0109377,0.158543,35.1778,17.1374,52.0988
0.0465619,0.0219006,0.16296,43.8049,17.1434,52.099
0.0444245,0.0313166,0.141776,49.3913,17.6681,52.0996
0.0451415,0.0395243,0.14673,47.9212,17.4956,52.1023
0.0447614,0.0314823,0.14646,48.3045,17.1284,52.1023
0.0465429,0.00983684,0.140311,43.0055,17.9028,52.1037
0.0461151,0.00777706,0.15691,44.7332,18.2636,52.1039
0.0473622,0.04805,0.160951,41.7217,17.4344,52.1052
0.0469686,0.0351821,0.147993,42.4007,17.7987,52.1061
0.0462101,0.053009,0.160979,44.51,17.4155,52.1068
0.0481753,0.0113878,0.151394,39.3097,17.4989,52.1069
0.0447819,0.0436398,0.149911,48.3225,17.2947,52.1076
0.042792,0.0289549,0.16439,54.6022,19.7318,52.1081
0.0436611,0.0426475,0.160606,51.0173,18.2162,52.1082
0.0457729,0.0233268,0.142822,45.374,17.0373,52.1085
0.0444474,0.0177489,0.132574,49.1366,17.1569,52.1088
0.04612,0.00294589,0.155641,44.291,18.1452,52.1103
0.0422403,0.00172791,0.138591,56.9966,18.3317,52.1115
0.0461236,0.00562579,0.154089,44.7182,18.4199,52.1159
0.0445647,0.00251421,0.138245,49.363,17.397,52.1174
0.042294,0.0346239,0.161086,56.7429,19.4038,52.1186
0.0444126,0.0490917,0.153588,49.984,18.9226,52.1186
0.0422675,0.0177729,0.147168,56.3812,18.9185,52.12
0.0454427,0.0274085,0.137561,46.9663,17.8598,52.1214
0.0430684,0.0190791,0.148544,53.4041,18.3439,52.1215
0.0463083,0.00696692,0.153305,44.6688,18.3598,52.1222
0.0444446,0.018627,0.132715,49.4154,17.1821,52.123
0.0422393,0.022697,0.14487,56.8183,18.636,52.123
0.0434984,0.0398009,0.15211,52.55,18.4791,52.1251
0.0428188,0.0412219,0.155936,54.297,18.3205,52.1272
0.0444433,0.00980526,0.141968,49.4102,18.7445,52.1298
0.0469373,0.0450076,0.163235,42.9788,17.3941,52.1342
0.0461941,0.0287519,0.16318,44.5183,17.6084,52.1367
0.0447701,0.0123365,0.149426,48.5711,17.0059,52.1395
0.0437293,0.050731,0.149376,51.7543,18.8818,52.1418
0.0448271,0.0245937,0.15191,48.1152,18.9933,52.1426
0.0478435,0.0333362,0.155143,40.7779,17.0859,52.1451
0.0471078,0.022933,0.163808,42.1414,17.7686,52.1452
0.0422754,0.0421575,0.149014,56.9982,18.0161,52.1472
0.0438894,0.00872103,0.151506,51.5073,18.503,52.1496
0.0431372,0.0261571,0.139729,53.4351,18.5902,52.1496
0.0457985,0.0195225,0.137365,45.7133,17.4901,52.1508
0.0470176,0.00637503,0.154851,42.2069,18.9762,52.1515
0.0416784,0.0311096,0.159187,58.7246,19.364,52.1526
0.0492974,0.0155914,0.164079,37.8634,17.2712,52.1543
0.0462119,0.039713,0.14834,44.3857,17.3101,52.1544
0.0433631,0.0311327,0.150958,52.886,18.8203,52.1556
0.0447394,0.0324775,0.140461,48.9411,17.5332,52.1578
0.0445591,0.00719678,0.161518,49.4471,18.6751,52.1589
0.0458234,0.0421116,0.160898,45.1259,17.7846,52.1594
0.0414899,0.00528455,0.135613,59.7215,18.7698,52.1609
0.047435,0.0462796,0.164908,41.4351,17.6736,52.1623
0.0442136,0.00240049,0.163715,50.2367,18.4646,52.1639
0.0433939,0.0606836,0.162555,52.5911,18.0144,52.1654
0.0452309,0.0136947,0.153274,47.6898,18.4326,52.1658
0.04581,0.0435753,0.146486,45.5889,17.0874,52.1668
0.045383,0.0046891,0.151716,46.2635,18.3332,52.1724
0.0473573,0.0524464,0.164586,41.7542,17.5292,52.1737
0.05123,0.00221902,0.159777,33.5036,16.8961,52.1741
0.0434141,0.00419419,0.156128,52.1552,18.6538,52.1746
0.0469951,0.0473412,0.159094,42.1378,17.1768,52.177
0.045773,0.016138,0.147042,45.0945,17.1998,52.1777
0.043457,0.0495486,0.163287,52.8673,18.4743,52.1833
0.0466873,0.0325247,0.157734,43.7613,17.5625,52.1843
0.0448532,0.0285609,0.165494,48.272,18.1921,52.1858
0.0441895,0.0018157,0.130236,50.6467,17.0513,52.186
0.0447768,0.0390271,0.152968,48.1051,18.9086,52.1871
0.0473822,0.0448221,0.156284,41.499,17.7265,52.1872
0.0427807,0.0534048,0.148388,54.9824,18.1288,52.1881
0.043759,0.0210284,0.141551,51.3877,18.2681,52.1884
0.0462421,0.0239541,0.140363,44.1936,17.6161,52.1896
0.0466263,0.0417525,0.154151,43.446,17.8183,52.1904
0.049062,0.0252049,0.161168,37.5167,17.4876,52.1912
0.0443096,0.0392539,0.158822,49.0253,18.6124,52.1923
0.0477353,0.0285631,0.152963,40.6417,17.9585,52.1929
0.044889,0.0015727,0.147073,48.0943,18.3168,52.1936
0.0477655,0.043056,0.157785,40.4115,17.5123,52.1961
0.0436934,0.0628993,0.166307,51.3181,18.9487,52.1961
0.0457631,0.0332528,0.147646,45.764,17.4795,52.1966
0.042277,0.0214078,0.13555,56.5878,18.8941,52.2004
0.0457778,0.00976028,0.138386,45.1855,17.4145,52.2012
0.0443597,0.0551484,0.154877,49.6221,18.0092,52.2029
0.0446615,0.00462286,0.157196,48.3399,18.1952,52.2038
0.042543,0.0284672,0.137855,55.7166,18.3968,52.2042
0.0491798,0.0191784,0.152748,37.0643,17.9839,52.2047
0.043084,0.0322728,0.166219,53.715,19.4479,52.2059
0.0436773,0.0605619,0.162974,51.6459,18.5044,52.2087
0.0429415,0.0142986,0.164284,54.5263,19.8439,52.211
0.0444419,0.041576,0.146208,49.1608,17.7123,52.2112
0.0461807,0.0492273,0.151868,44.8185,17.5778,52.2123
0.0440916,0.00315524,0.126476,50.2903,17.1175,52.2149
0.0435272,0.00651263,0.139033,52.8061,18.6478,52.2161
0.0477253,0.00633582,0.15466,40.9716,17.2414,52.2187
0.0451848,0.0206455,0.139205,47.287,17.0863,52.2222
0.0469148,0.00291141,0.154545,42.5053,17.4764,52.223
0.0432443,0.0121401,0.143973,53.2804,18.7423,52.223
0.0438323,0.0185144,0.164198,51.1825,18.5806,52.2237
0.0469158,0.0130011,0.15752,42.019,17.1333,52.2238
0.0440108,0.0124102,0.148717,50.136,18.1921,52.2243
0.0414608,0.0438985,0.160966,59.7787,19.8143,52.2249
0.0447455,0.0554891,0.158471,48.6581,18.0523,52.2258
0.0433574,0.0428857,0.158455,52.685,18.732,52.2278
0.0488411,0.00196285,0.144366,38.4804,16.3328,52.2278
0.0506106,0.014523,0.16272,34.4194,17.4211,52.2295
0.0469434,0.0467824,0.154123,42.0366,17.708,52.2299
0.0444375,0.00628839,0.145886,49.4523,17.7992,52.2309
0.0486314,0.0409159,0.160399,38.0848,17.964,52.2312
0.0461964,0.0112273,0.151641,44.2083,18.1333,52.2313
0.0462023,0.0032604,0.164438,44.3657,17.1225,52.2336
0.0422389,0.00168915,0.157997,56.5918,19.2308,52.2351
0.0466535,0.0210984,0.157932,43.1881,18.6609,52.2358
0.0442951,0.0691066,0.165631,49.9388,18.8956,52.2371
0.0491798,0.0216791,0.153497,37.2753,17.3724,52.2379
0.0482208,0.00338501,0.164338,39.5331,18.9033,52.2389
0.0414462,0.0467758,0.162239,59.4814,19.6898,52.2391
0.0465279,0.0396236,0.157727,43.8159,17.3984,52.2393
0.0428068,0.0576485,0.154664,54.9009,18.1306,52.2401
0.0491298,0.0357612,0.160439,37.6948,17.7833,52.2403
0.0431662,0.0425712,0.148254,53.2787,18.3251,52.2434
0.047423,0.0491385,0.165254,41.4677,17.298,52.2435
0.0468996,0.0257341,0.155068,42.251,17.6363,52.2446
0.0414386,0.00885346,0.15165,59.9024,19.5344,52.2454
0.0464744,0.019352,0.164773,43.6608,18.218,52.2461
0.0443408,0.0421602,0.15257,49.2339,18.7883,52.2465
0.0419575,0.0321642,0.139025,57.5795,18.1324,52.2479
0.04969,0.0140656,0.154245,36.8039,17.9187,52.2498
0.0444923,0.0198383,0.145748,49.9413,17.4721,52.2517
0.0422885,0.0426322,0.149026,56.9546,18.1289,52.2524
0.0450308,0.0126008,0.149319,47.8115,18.0207,52.2537
0.0451838,0.0330035,0.144783,47.3109,17.8124,52.2554
0.0458434,0.0512123,0.162881,45.737,17.4737,52.2587
0.0457708,0.00378329,0.14452,45.4089,17.9465,52.2607
0.0445152,0.0240779,0.166363,49.2017,18.733,52.2642
0.0465222,0.00514294,0.152574,43.9172,17.5756,52.2647
0.0457932,0.0246003,0.151721,45.4514,17.4333,52.2657
0.0479051,0.0212529,0.151167,40.1788,17.4443,52.2658
0.0441913,0.0220613,0.15391,50.2729,18.6097,52.2664
0.0497266,0.0111406,0.151866,36.998,16.054,52.2667
0.0428435,0.019465,0.136441,54.0306,18.0242,52.2667
0.0455357,0.0227314,0.156188,46.4804,17.9589,52.2679
0.0436675,0.0283601,0.152531,51.9049,18.1073,52.268
0.0453492,0.0356795,0.161135,46.5494,18.2957,52.268
0.043366,0.0585169,0.158474,52.7556,18.7048,52.2689
0.0442887,0.0458648,0.165957,49.1283,18.5282,52.2692
0.0444621,0.0215408,0.134888,49.7615,17.7075,52.2693
0.046936,0.0509508,0.165476,42.0193,17.8809,52.2699
0.0473316,0.0143686,0.164461,41.1278,17.0143,52.2727
0.0453729,0.0135318,0.153583,46.3519,18.6169,52.274
0.0457594,0.0268132,0.154939,45.1755,18.4428,52.2742
0.0451979,0.0034961,0.130286,47.1149,17.3849,52.2745
0.0475044,0.0177693,0.165491,41.5587,18.0539,52.2747
0.0459074,0.035804,0.157873,45.8376,17.2157,52.275
0.0422131,0.059925,0.166308,56.4775,19.2217,52.2755
0.0437782,0.0118423,0.127106,51.9261,17.0621,52.2757
0.0458673,0.00619447,0.132359,45.353,17.4862,52.276
0.0416916,0.0088189,0.154472,58.3314,19.3002,52.2792
0.0440496,0.0766437,0.165914,50.4649,18.5595,52.2798
0.0457046,0.0308259,0.164583,45.4809,18.0268,52.2828
0.0443393,0.0802726,0.165977,49.2527,18.5898,52.2836
0.0465103,0.0432661,0.154787,43.3946,17.3586,52.2847
0.0420017,0.032988,0.14099,57.188,18.4234,52.2916
0.0438009,0.00236524,0.136971,51.1034,18.6231,52.2936
0.0473249,0.0447302,0.162274,41.9873,17.1708,52.2937
0.0454852,0.0092772,0.146486,46.4742,18.0403,52.2937
0.0444233,0.0123185,0.165285,49.5182,19.1026,52.2957
0.0420096,0.014309,0.152217,57.1594,19.0713,52.2958
0.0412584,0.00628507,0.151467,60.2934,19.9633,52.2973
0.0452245,0.0175733,0.139089,47.7521,17.5869,52.2974
0.0440507,0.063783,0.155741,50.9982,18.806,52.2985
0.0502218,0.00998554,0.155553,35.9254,16.081,52.3018
0.0441107,0.0328769,0.141124,50.8092,17.0368,52.3026
0.0497477,0.0205847,0.162652,36.2395,17.7787,52.3031
0.0448848,0.0172001,0.163781,48.5891,18.406,52.305
0.0487738,0.00639113,0.146428,38.2281,16.6408,52.3063
0.0451379,0.0226973,0.134132,47.0601,17.5859,52.3077
0.0434021,0.0681728,0.163921,52.6681,18.8809,52.3082
0.046173,0.0566655,0.165867,44.4855,18.6909,52.3089
0.0458355,0.00543864,0.162492,45.7397,17.119,52.3096
0.0457848,0.00514292,0.150119,45.4336,17.4022,52.3104
0.0483268,0.0107223,0.165523,39.8432,18.1338,52.311
0.0463545,0.0108826,0.161664,44.3869,18.6723,52.3123
0.046216,0.0425706,0.161752,44.4894,18.0163,52.3128
0.0436845,0.0834672,0.16471,51.2237,18.8101,52.3175
0.0469261,0.0143364,0.161043,42.8581,17.699,52.3201
0.0505993,0.0163726,0.163496,34.5157,17.5516,52.3246
0.0450908,0.0353398,0.151613,47.7977,18.0379,52.3257
0.0425436,0.0387099,0.161505,55.2756,19.5742,52.3257
0.0429147,0.0130071,0.154935,54.4592,18.2332,52.3284
0.0436556,0.0629448,0.159373,51.2964,18.0212,52.3322
0.0417664,0.00790236,0.150348,58.1437,19.137,52.3332
0.0486735,0.0423815,0.161416,38.7262,17.0977,52.3353
0.0487957,0.00604338,0.146697,38.3118,16.5621,52.3358
0.0440367,0.0610132,0.1536,50.6789,18.2892,52.3373
