beta,permeability,xi,init_days,delay,value
0.037255,0.000903338,0.162872,72.3415,17.2537,163.201
0.0372461,0.0044824,0.163098,72.766,17.9654,163.472
0.0370987,0.00360879,0.165367,73.3015,17.8061,164.292
0.0368924,0.0090146,0.16572,74.9929,17.0177,164.325
0.0358495,0.0170784,0.162892,80.1689,18.9297,164.403
0.0356827,0.017108,0.160083,81.0305,18.8461,164.414
0.0361608,0.0121241,0.164126,78.0485,18.5684,164.429
0.0346164,0.00363947,0.163054,88.1555,19.9954,164.555
0.037085,0.00573192,0.158841,73.6559,17.4056,164.678
0.0365016,0.0181336,0.160344,76.0958,17.1121,164.702
0.0352309,0.00249786,0.163981,84.6884,19.8832,164.705
0.0380386,0.00854004,0.162573,68.3809,16.3467,164.799
0.0348779,0.0136546,0.161309,86.8307,19.6515,164.918
0.0346134,0.0010847,0.157061,88.3102,19.644,164.952
0.035662,0.0116485,0.154397,81.3262,18.4896,164.958
0.0356758,0.0217195,0.159954,81.5469,18.6527,165.074
0.0363619,0.0147016,0.16366,77.0075,18.2152,165.18
0.0367028,0.0204034,0.163789,75.4125,17.5412,165.284
0.0359899,0.0164235,0.160107,79.2085,18.9437,165.471
0.0378221,0.00829936,0.160149,69.4242,16.9425,165.532
0.0349104,0.010986,0.156411,86.1859,19.4427,165.592
0.0363316,0.0182112,0.158428,77.9613,17.568,165.694
0.0378434,0.00875583,0.15476,69.8395,16.1864,165.7
0.0346049,0.0182027,0.158694,88.5497,19.8707,165.719
0.0346278,0.00521988,0.153758,88.8467,19.9486,165.743
0.0374444,0.0193276,0.166018,71.4778,17.4147,165.748
0.034461,0.0115839,0.154058,89.1432,19.433,165.803
0.0363239,0.00433209,0.164379,77.9371,18.7179,165.879
0.0363747,0.0176477,0.166032,77.5508,18.1979,165.896
0.0374547,0.011442,0.154463,71.2277,16.9319,165.921
0.035039,0.0142691,0.150044,85.6047,18.2024,165.964
0.0370692,0.0155367,0.157507,73.9202,17.7601,165.986
0.0355281,0.0214905,0.160939,82.2636,18.5384,166.007
0.0351834,0.0240973,0.154693,84.655,18.0043,166.018
0.0363279,0.00946984,0.149399,77.9596,17.7009,166.047
0.0378734,0.00232663,0.154206,69.9376,16.9454,166.083
0.0386587,0.00637921,0.160084,65.8562,15.7807,166.11
0.0357116,0.00949935,0.154192,81.0814,18.3744,166.153
0.0359999,0.0322257,0.165062,79.3544,18.3138,166.165
0.0350548,0.0227741,0.163581,85.5735,19.7781,166.169
0.0356405,0.00945252,0.155544,81.0311,18.8561,166.192
0.0387288,0.00222929,0.164408,65.528,16.6072,166.319
0.0355642,0.00293265,0.162764,82.6878,18.603,166.333
0.034586,0.0386862,0.165767,88.9297,19.1869,166.35
0.0351979,0.0127541,0.144573,84.1712,18.4829,166.426
0.0372273,0.0328239,0.16635,72.1206,17.6077,166.444
0.0376729,0.0117059,0.161115,70.3082,16.0907,166.459
0.0365804,0.00486635,0.162018,76.5282,18.0343,166.465
0.0362457,0.00348401,0.157876,78.8691,18.1894,166.488
0.0380511,0.0210181,0.161189,68.3041,16.4125,166.492
0.0384366,0.00862666,0.153373,66.7818,15.0811,166.512
0.0366574,0.0392066,0.162914,75.3055,17.5101,166.527
0.035802,0.0405039,0.163744,80.2465,18.6353,166.53
0.0374844,0.00421392,0.158735,71.1312,17.6693,166.536
0.035329,0.0300123,0.150711,83.5016,18.3887,166.538
0.0359748,0.0262324,0.152816,79.0198,17.3146,166.561
0.036009,0.000627363,0.148532,79.1359,17.9335,166.586
0.0342854,0.00717883,0.153505,90.6489,19.9806,166.658
0.036006,0.0109355,0.149229,79.1467,17.6481,166.733
0.0377008,0.00361071,0.155778,70.6133,16.685,166.756
0.0395881,0.000887148,0.165118,61.1055,15.4454,166.78
0.0370783,0.00106338,0.144405,73.8111,16.1393,166.782
0.0351515,0.0337729,0.1598,84.7992,18.946,166.845
0.0342956,0.0195333,0.165837,90.921,19.5475,166.851
0.0341718,0.0014807,0.154809,91.3868,19.1173,166.862
0.0378583,0.017411,0.164674,69.1192,16.7249,166.873
0.0376198,0.0234735,0.164591,70.2307,16.7316,166.892
0.0366531,0.00272333,0.161231,75.9431,17.3689,166.933
0.0348744,0.00993793,0.145362,86.9555,18.3568,166.946
0.0378539,0.00595855,0.14902,69.2224,16.3314,166.957
0.0358142,0.0399003,0.161752,80.4918,18.7099,166.959
0.0368938,0.0267822,0.165315,74.9153,17.512,166.965
0.0380082,0.0230529,0.163153,68.3068,16.5878,166.967
0.0342865,0.00557774,0.162275,90.099,19.6958,167.007
0.0353919,0.00259148,0.157242,83.869,19.9018,167.015
0.0365473,0.00766765,0.146146,76.8546,17.6078,167.019
0.036767,0.00118107,0.152638,75.6864,17.1312,167.032
0.0351657,0.0372707,0.155609,84.257,18.53,167.038
0.0367074,0.0291111,0.158985,75.8721,17.3647,167.053
0.0352068,0.00301172,0.160169,84.5436,18.3502,167.056
0.0344615,0.0376382,0.166575,89.621,19.0804,167.08
0.0356199,0.0403127,0.159799,81.8682,18.6906,167.09
0.0373954,0.00859715,0.161942,71.1191,16.4429,167.095
0.0380821,0.0117767,0.15885,68.7961,16.368,167.14
0.0344514,0.0154665,0.148153,89.324,19.2527,167.141
0.038891,0.013001,0.161128,64.8733,15.9498,167.172
0.036284,0.0503714,0.161547,77.1062,17.3651,167.19
0.0338903,0.00857926,0.146022,93.2931,19.5684,167.192
0.0366391,0.00173398,0.164172,75.2164,17.3251,167.205
0.0363651,0.00254112,0.141216,77.1204,17.3236,167.267
0.0377436,0.00433505,0.158964,70.658,17.2371,167.287
0.0348932,0.0297513,0.147142,86.996,18.8322,167.301
0.0372672,0.0219938,0.160924,72.7115,17.9252,167.302
0.036035,0.0145441,0.155465,79.2554,17.1808,167.313
0.0381002,0.00456149,0.156338,68.8821,16.4422,167.313
0.0341427,0.00570219,0.15013,91.23,19.1715,167.407
0.036122,0.0393972,0.151083,78.1312,17.4483,167.408
0.0359619,0.0405409,0.165386,79.6569,18.9348,167.417
0.0372538,0.0136956,0.143182,72.3562,16.9235,167.42
0.0351482,0.0614599,0.162721,84.1153,18.2197,167.429
0.0356482,0.0409232,0.144651,81.5992,17.6335,167.433
0.0361516,0.0369009,0.165758,78.5597,18.9818,167.439
0.0374487,0.00451417,0.164529,71.2746,16.8846,167.442
0.0361398,0.0138092,0.161819,78.9648,18.1689,167.442
0.0380848,0.0111366,0.157379,68.9766,16.49,167.447
0.0355596,0.0103711,0.164685,82.3244,19.7435,167.451
0.0356469,0.0324312,0.143282,81.5657,17.3735,167.46
0.0342009,0.0152981,0.15845,91.0332,19.5549,167.462
0.0353819,0.0187159,0.151441,83.1842,18.7117,167.52
0.038233,0.0121466,0.145345,67.7212,15.7408,167.531
0.0353569,0.0257919,0.149171,83.4341,18.5095,167.537
0.0367029,0.000917848,0.132504,75.3205,16.8923,167.55
0.0370629,0.0404967,0.166305,73.1409,17.138,167.59
0.034126,0.00877986,0.158561,91.684,19.5934,167.594
0.0378708,0.0148263,0.1518,69.5311,16.2402,167.599
0.0351563,0.0548104,0.159322,84.2359,18.146,167.602
0.0384664,0.00689332,0.157286,66.0806,15.8596,167.603
0.0368996,0.0298305,0.162936,74.4345,17.3219,167.614
0.035912,0.00451937,0.159546,80.5747,18.6345,167.617
0.0338819,0.0340017,0.159045,93.6384,19.9424,167.642
0.03473,0.0340818,0.146485,87.0313,18.0231,167.644
0.0354565,0.016459,0.159219,82.9576,18.8873,167.646
0.0347334,0.0487936,0.165284,87.8558,19.8467,167.661
0.0378369,0.00382465,0.136484,69.4024,15.1076,167.675
0.0344639,0.0233425,0.150075,89.2655,19.1711,167.677
0.0345939,0.0170516,0.140798,88.2022,18.029,167.733
0.0348469,0.0559034,0.158371,86.5956,18.4515,167.746
0.0340274,0.0238383,0.150945,92.1605,19.3717,167.754
0.0366793,0.0361753,0.147326,75.6959,16.3774,167.76
0.0355083,0.0255872,0.148146,82.9353,18.1461,167.771
0.0365197,0.00927487,0.131194,76.8063,16.3305,167.78
0.0359987,0.0311814,0.163507,79.0906,17.9567,167.781
0.0341338,0.0518744,0.154196,91.2686,19.6467,167.785
0.0378263,0.0141817,0.141874,69.3859,15.4835,167.792
0.0349078,0.0317888,0.161499,86.7231,19.4838,167.793
0.0364659,0.00695653,0.158773,76.2007,17.0054,167.807
0.0347037,0.0411567,0.150669,87.2385,18.3239,167.823
0.0381852,0.0289489,0.157306,67.5339,15.1551,167.823
0.0345858,0.0133573,0.141475,88.9795,18.4659,167.826
0.0362244,0.00630833,0.141264,78.4921,17.3429,167.834
0.0347576,0.0318517,0.159034,87.6745,19.8385,167.843
0.0370519,0.0352932,0.160208,73.7445,17.1673,167.861
0.0354961,0.0442197,0.157132,82.4298,18.956,167.892
0.0370231,0.0257376,0.148658,73.3694,16.0106,167.899
0.036458,0.0097446,0.16267,76.9049,17.0491,167.915
0.0398475,0.00360208,0.165329,60.7681,15.3388,167.974
0.0348302,0.0617729,0.16245,86.3892,18.8348,167.975
0.0365184,0.00246603,0.131936,76.7905,16.9178,168.002
0.0351919,0.0395538,0.16463,84.6018,18.6789,168.02
0.0395343,0.00994936,0.158298,61.398,14.5453,168.02
0.0380473,0.0306135,0.166209,68.9783,16.5241,168.039
0.038059,0.00273335,0.14668,68.4344,15.7058,168.079
0.0368656,0.0020958,0.144165,74.9983,16.7338,168.094
0.0351931,0.0417812,0.160999,84.0888,18.5428,168.103
0.0356677,0.0233153,0.146652,81.5279,17.3425,168.105
0.0371866,0.0341091,0.158726,72.5545,16.1193,168.106
0.0361045,0.0484176,0.155739,78.8056,17.674,168.106
0.0380138,0.0255964,0.150279,68.472,15.2871,168.107
0.0356729,0.0274643,0.145383,81.4906,17.6139,168.123
0.0359817,0.0483442,0.158283,79.1473,17.8114,168.166
0.0378634,0.00372576,0.137829,69.5834,15.9523,168.181
0.0347722,0.010457,0.14977,87.4254,18.6281,168.182
0.0362713,0.0486043,0.165258,77.0466,17.7389,168.183
0.0341028,0.036375,0.163127,91.9495,19.8735,168.201
0.0354662,0.0421646,0.146857,82.761,17.9382,168.205
0.0342515,0.0627199,0.159241,90.4732,19.2317,168.21
0.0367691,0.00250942,0.157024,75.8368,18.2352,168.222
0.0382467,0.0166112,0.151425,67.342,15.8674,168.224
0.0337586,0.0334236,0.152503,94.6465,19.4151,168.227
0.0353939,0.00569256,0.155676,83.4151,19.1071,168.236
0.0339863,0.0537745,0.156786,92.658,19.9498,168.241
0.0351744,0.0404246,0.166109,84.9216,19.4218,168.244
0.0356171,0.00229086,0.160871,82.8493,19.344,168.25
0.0357007,0.0137629,0.148628,81.1117,17.7218,168.257
0.0367064,0.0233391,0.148252,75.9065,17.1322,168.259
0.037769,0.00390232,0.165447,70.5762,18.986,168.266
0.0361305,0.0502089,0.154001,78.6204,17.3373,168.273
0.0371161,0.0228435,0.163539,73.8875,17.7601,168.275
0.036853,0.000879906,0.154062,74.3626,17.9204,168.28
0.0380739,0.0199189,0.157751,68.2948,16.2995,168.296
0.0355611,0.0173537,0.157779,82.6915,18.6601,168.311
0.039192,0.00745553,0.165159,63.9934,16.0055,168.312
0.0341696,0.036547,0.152906,91.3217,19.407,168.315
0.035096,0.0153082,0.157483,85.564,19.7286,168.349
0.0348758,0.0393892,0.159233,86.1052,19.0215,168.35
0.0369872,0.0487742,0.158926,73.6381,16.3912,168.35
0.0347035,0.0479132,0.157916,87.2825,18.8935,168.359
0.0351728,0.0573659,0.15888,84.9175,18.5064,168.37
0.0365022,0.0332214,0.141455,76.091,16.4781,168.387
0.0344922,0.0123091,0.148308,89.5322,19.6876,168.389
0.0369045,0.0104194,0.146497,74.2074,17.9905,168.402
0.0354521,0.00715606,0.159434,83.3413,19.89,168.42
0.036905,0.0326704,0.165042,74.5015,17.5502,168.424
0.036063,0.00109226,0.145678,79.7785,18.5688,168.436
0.0347184,0.00303788,0.139261,87.0117,18.7977,168.436
0.0391617,0.00597372,0.155805,63.1654,15.7231,168.439
0.0358442,0.0348068,0.156418,80.8223,18.0914,168.442
0.0344104,0.014282,0.154926,89.9113,19.3318,168.458
0.0354613,0.0426003,0.14578,82.1673,17.4558,168.473
0.037294,0.0165382,0.149047,72.1875,16.6991,168.489
0.0384417,0.029796,0.15346,66.1741,15.5099,168.492
0.0361137,0.0257484,0.152119,78.2845,17.5588,168.504
0.0357738,0.0607305,0.152349,80.1068,17.3838,168.519
0.0344724,0.0140268,0.135709,89.5198,18.1368,168.521
0.0360285,0.0257251,0.155805,79.7472,18.1411,168.523
0.0389565,0.0041557,0.160952,64.646,15.1193,168.525
0.0366794,0.00873499,0.13709,75.7017,16.7457,168.531
0.0359831,0.0356529,0.158984,79.855,18.2925,168.535
0.0338625,0.0298336,0.144833,93.2465,19.6964,168.539
0.0378159,0.0041681,0.144778,69.4289,15.9357,168.541
0.035112,0.0572131,0.166506,84.7368,18.3409,168.549
0.0368864,0.029621,0.153723,74.9479,16.0193,168.551
0.0348374,0.00829975,0.16542,86.0213,19.1972,168.563
0.0361705,0.0403193,0.158143,78.438,17.7368,168.569
0.0365305,0.0142549,0.131593,76.8264,16.1786,168.569
0.0370425,0.00345732,0.154344,73.3127,17.1354,168.577
0.0350785,0.0212137,0.154527,85.2357,18.8564,168.583
0.0347054,0.0548057,0.156029,87.0068,18.8337,168.588
0.0360953,0.00258457,0.152296,79.2837,18.2295,168.59
0.0340273,0.0017825,0.166026,92.3442,19.5957,168.59
0.0385981,0.0338627,0.163545,65.6904,15.6037,168.594
0.0347409,0.0359903,0.158992,87.8515,18.3,168.596
0.0348703,0.0532596,0.152755,86.5842,18.1232,168.597
0.0376638,0.0197713,0.162915,70.2237,17.4693,168.614
0.0377398,0.0131059,0.164326,70.139,17.9605,168.624
0.0371182,0.00631028,0.156798,73.3768,16.5689,168.625
0.035073,0.0131164,0.152787,85.5697,19.2878,168.642
0.0356384,0.0287984,0.141043,81.612,17.2606,168.659
0.033841,0.0479822,0.154339,93.883,19.6414,168.67
0.0343263,0.00995135,0.135316,90.2453,18.8759,168.673
0.0338554,0.0156807,0.152002,93.3685,19.1083,168.679
0.037228,0.0406606,0.153855,72.7173,16.0434,168.681
0.0352912,0.0718293,0.165266,83.7164,18.6963,168.682
0.0338691,0.0534304,0.156485,93.5074,19.5056,168.7
0.0379001,0.00710562,0.146863,69.2037,16.6556,168.726
0.0347122,0.00846055,0.150969,87.1999,18.3644,168.734
0.0348377,0.0271662,0.163839,86.9402,19.8878,168.739
0.0354892,0.0489173,0.152685,82.162,17.0716,168.747
0.0374134,0.0150951,0.164655,71.7507,17.2043,168.754
0.0348919,0.0102502,0.159034,86.9227,18.0149,168.761
0.0342658,0.0429707,0.152683,90.641,19.9035,168.771
0.0372436,0.0403321,0.166603,72.7288,16.8657,168.795
0.0350869,0.0184918,0.15484,85.9925,18.5316,168.798
0.0366963,0.0345886,0.147791,75.7306,16.4738,168.801
0.0379766,0.0449298,0.155779,68.3863,15.0107,168.808
0.0336505,0.012558,0.139175,95.6939,19.8111,168.809
0.0372583,0.0397256,0.164609,72.6394,17.4693,168.825
0.0349546,0.0823625,0.16349,85.1393,18.3767,168.828
0.0352161,0.0326502,0.15236,84.6859,18.0573,168.837
0.0369556,0.00643752,0.159671,74.5143,18.1924,168.842
0.038838,0.0358896,0.165215,64.1801,15.6381,168.85
0.0376663,0.00550728,0.135745,70.529,15.0782,168.85
0.0354722,0.0541829,0.157164,82.5303,17.7544,168.857
0.0358027,0.0567363,0.156564,80.2849,17.272,168.869
0.0400633,0.00595386,0.165601,59.2861,14.936,168.881
0.036057,0.0157757,0.153241,79.1028,17.9943,168.882
0.0349035,0.00809827,0.133781,86.264,18.9611,168.883
0.037968,0.0344024,0.156672,68.8435,15.1024,168.888
0.0364082,0.000506355,0.136818,77.6282,17.8547,168.915
0.0376773,0.0281933,0.163147,70.8057,16.5469,168.92
0.0339642,0.0578745,0.156772,92.4932,19.9522,168.923
0.0344478,0.0323422,0.148827,89.3317,19.4937,168.925
0.035287,0.0145249,0.165336,83.1573,18.9632,168.942
0.0352806,0.0198275,0.160425,84.7988,19.7736,168.951
0.0359177,0.070037,0.15981,79.5226,17.0008,168.96
0.0352025,0.00620326,0.136411,84.7004,17.3037,168.969
0.0360361,0.0190497,0.137534,79.9369,17.6303,168.972
0.0357978,0.00951304,0.141265,80.6092,17.1768,169.005
0.0354889,0.0409132,0.146655,82.0106,17.4434,169.009
0.0380923,0.00433834,0.140544,68.8569,15.9574,169.013
0.0360431,0.0197418,0.141992,79.2862,17.5029,169.015
0.0340592,0.0282084,0.154401,92.0026,19.1853,169.029
0.0398379,0.00123968,0.163418,61.1635,17.5441,169.056
0.0400283,0.000510001,0.159845,60.7112,16.928,169.063
0.0351323,0.0186868,0.158707,84.2241,18.1268,169.071
0.0354259,0.0181436,0.163846,83.7931,18.5714,169.08
0.0366539,0.0439634,0.142006,75.4301,16.7657,169.101
0.0355411,0.020913,0.144307,82.9758,18.5862,169.105
0.0373847,0.00330155,0.157207,72.6926,18.4196,169.106
0.0337394,0.0592947,0.155262,94.6432,19.0255,169.112
0.0367689,0.0223703,0.16517,75.0152,17.8452,169.112
0.0351933,0.0223082,0.136607,84.2229,17.2273,169.121
0.037669,0.0084584,0.140481,70.1028,15.5653,169.128
0.0337839,0.0273561,0.148579,94.147,19.3919,169.137
0.0382373,0.0229136,0.160477,67.1324,15.3951,169.14
0.0372838,0.0189858,0.142776,72.5431,16.0651,169.156
0.0360099,0.0375039,0.154485,79.0157,17.4501,169.16
0.0397549,0.00166008,0.16469,60.039,14.9563,169.16
0.0355389,0.0186626,0.142399,82.2644,18.365,169.163
0.0370764,0.00898558,0.159166,73.6227,16.3702,169.167
0.0374413,0.0398144,0.155077,71.1145,16.6736,169.175
0.0402692,0.0039642,0.162807,59.8785,16.8814,169.176
0.0362342,0.00753131,0.1661,78.417,17.5345,169.179
0.0364621,0.0458172,0.144714,76.6499,16.3772,169.184
0.0352042,0.0466534,0.162743,84.346,18.0808,169.184
0.0345633,0.0417166,0.155532,88.6707,19.5753,169.184
0.0411062,0.00690965,0.165102,56.5099,16.4146,169.189
0.036662,0.0177405,0.140389,75.6793,16.9833,169.191
0.0361608,0.0221551,0.134416,78.6106,16.8664,169.211
0.0333824,0.00400958,0.137992,97.2345,19.4579,169.213
0.0365014,0.0152961,0.140185,76.093,16.1974,169.215
0.0367785,0.0163403,0.164583,75.7191,18.4675,169.221
0.0364636,0.0355639,0.143661,76.6226,16.6676,169.224
0.0344216,0.066493,0.162926,89.8283,19.2237,169.228
0.0354013,0.0120524,0.140824,83.5968,18.3559,169.238
0.0363025,0.0344931,0.138953,77.0175,16.7763,169.244
0.0362946,0.0109495,0.151346,77.812,17.1698,169.245
0.0349572,0.0564564,0.155893,85.8091,18.577,169.247
0.0342911,0.0223072,0.143376,90.7856,18.9552,169.252
0.0400682,0.00279986,0.165226,60.9208,17.4487,169.263
0.0425391,0.00289602,0.162885,51.1359,15.8288,169.265
0.0337463,0.00708864,0.14817,94.2585,19.1159,169.273
0.0361608,0.0348398,0.136357,78.0791,16.5922,169.274
0.03396,0.0485381,0.156469,92.437,19.4797,169.281
0.0349818,0.0848803,0.166599,85.4572,18.1876,169.285
0.0344431,0.0440453,0.154629,89.1893,18.4162,169.288
0.0395715,0.00640757,0.16287,62.6253,17.2884,169.301
0.0386343,0.0413237,0.166007,65.3252,15.0505,169.311
0.0383004,0.00742681,0.140539,67.6704,15.9129,169.314
0.0375299,0.0197842,0.162986,71.923,17.4979,169.321
0.0344627,0.0107652,0.142518,89.5015,19.9642,169.323
0.0345507,0.0366509,0.156099,88.845,19.0943,169.326
0.0359707,0.0231739,0.140272,79.2098,17.6106,169.346
0.0368726,0.0405232,0.154733,74.0313,16.6101,169.355
0.0382202,0.0139312,0.165382,68.175,18.5048,169.367
0.033892,0.0530459,0.153192,93.5584,19.8497,169.378
0.0341574,0.0268378,0.136211,91.593,18.2598,169.38
0.0370815,0.0333684,0.148898,73.6119,16.2926,169.395
0.0356107,0.0456305,0.155129,81.3049,17.009,169.395
0.0337229,0.0220673,0.152089,94.6929,19.4503,169.405
0.0359776,0.00517228,0.165184,79.2918,17.7627,169.408
0.0353216,0.0176965,0.135098,83.2915,17.5454,169.408
0.0386834,0.00256843,0.157505,66.2524,17.3661,169.412
0.0347784,0.0198339,0.158844,87.9576,18.8757,169.412
0.0369487,0.000557385,0.135484,74.9602,16.1954,169.412
0.0370927,0.0264376,0.16213,73.3099,16.1381,169.417
0.0341035,0.0193125,0.157409,91.1837,19.5965,169.427
0.0342589,0.0488139,0.146227,90.8475,18.3121,169.43
0.0361561,0.0297124,0.141712,78.1044,17.1037,169.433
0.0376086,0.000724528,0.144147,70.5467,15.7871,169.437
0.0338969,0.0428141,0.160544,93.8163,19.9119,169.443
0.034685,0.0317787,0.161479,87.6117,19.4073,169.45
0.0340406,0.00560982,0.164764,92.9846,19.9657,169.456
0.0337309,0.0231838,0.151521,94.0541,19.6342,169.462
0.0355655,0.023564,0.153722,82.6498,18.7663,169.474
0.0356356,0.0537537,0.157255,81.2408,18.6519,169.476
0.0346484,0.0095274,0.143148,88.3024,18.8329,169.481
0.0348487,0.0516882,0.146119,86.0921,18.47,169.486
0.0383757,0.00697491,0.162886,67.3313,17.1547,169.49
0.0382218,0.0252421,0.161155,67.415,16.5683,169.498
0.0418993,0.00421583,0.160525,53.4803,15.0192,169.502
0.0361453,0.00270865,0.155518,78.4631,18.2401,169.511
0.0371487,0.0104161,0.160246,73.9471,17.574,169.513
0.0374977,0.0226564,0.158019,71.3745,16.9386,169.518
0.0391432,0.00129156,0.159656,64.6377,17.0145,169.522
0.0397778,0.00300891,0.156781,61.1245,16.2533,169.523
0.0362567,0.035209,0.162158,77.271,17.086,169.537
0.03649,0.046699,0.151087,76.6824,17.4801,169.537
0.03812,0.0227636,0.164453,68.5107,17.8537,169.538
0.0349823,0.0158846,0.158292,85.4072,18.9547,169.538
0.0347324,0.0429127,0.154777,87.193,19.7958,169.539
0.0375976,0.017087,0.146836,70.9452,15.4355,169.541
0.0390682,0.0175575,0.156332,63.7279,14.3238,169.544
0.0343271,0.0273734,0.142539,90.9165,18.2786,169.545
0.0380943,0.00601923,0.149256,68.8658,15.7603,169.552
0.0387383,0.00996886,0.151866,65.7009,15.0125,169.556
0.0369434,0.0107068,0.159404,74.5216,18.6415,169.559
0.0375874,0.0188102,0.147578,70.8865,15.6537,169.563
0.0354945,0.0651066,0.163056,82.6876,18.3797,169.563
0.0356658,0.0388966,0.140515,81.0311,17.1863,169.566
0.0386666,0.00479982,0.156064,66.1617,17.2463,169.568
0.0385702,0.00403962,0.161257,66.3046,16.8063,169.57
0.0348817,0.0114194,0.126482,86.9462,17.9936,169.576
0.0337532,0.00690429,0.16134,94.4581,19.8228,169.578
0.0346964,0.0137938,0.157695,87.984,19.1715,169.58
0.0342099,0.0123563,0.142697,91.1164,19.9951,169.58
0.0359594,0.0249712,0.15837,79.1171,18.5012,169.581
0.0352443,0.0216484,0.153559,84.2964,18.7637,169.596
0.0361698,0.0455799,0.148964,78.2016,17.3326,169.602
0.036256,0.0653822,0.159831,77.7105,17.7649,169.608
0.0344598,0.00076203,0.149535,89.0282,18.1596,169.614
0.037058,0.0409025,0.145338,73.6112,16.278,169.618
0.0377396,0.0604741,0.157237,69.4105,15.3826,169.62
0.0378101,0.0422537,0.142008,69.5876,15.0012,169.626
0.0348564,0.0197219,0.156906,86.2384,19.8403,169.631
0.0389305,0.020342,0.159345,64.4115,15.0229,169.651
0.0381645,0.0204812,0.164032,68.5449,17.1746,169.652
0.0391281,0.00902109,0.16137,64.4967,17.8936,169.655
0.033747,0.0524047,0.16172,94.4781,19.3637,169.656
0.0366555,0.012303,0.163838,76.5004,19.5422,169.669
0.0362053,0.0164441,0.138622,78.1351,16.3162,169.671
0.0370102,0.0603204,0.159488,73.6256,16.4533,169.674
0.0347618,0.0050101,0.160314,87.1684,18.0708,169.677
0.0345288,0.0180072,0.163101,88.1615,19.523,169.682
0.0347617,0.021432,0.136989,87.4663,18.7607,169.69
0.0351665,0.0441192,0.148131,84.6692,17.1346,169.694
0.0348011,0.0662273,0.155049,86.0339,18.3799,169.695
0.0347368,0.0207541,0.15014,87.1905,19.1374,169.696
0.0349165,0.0167489,0.136701,86.533,18.156,169.698
0.0394693,0.00201922,0.159098,62.8627,16.3805,169.698
0.03409,0.0110566,0.155849,92.8559,19.8212,169.704
0.0337104,0.0517518,0.157733,94.3439,19.6517,169.71
0.0356196,0.0717869,0.157961,81.1316,17.9332,169.711
0.0351253,0.023064,0.159233,85.0617,19.5528,169.715
0.036445,0.00344693,0.151626,77.6524,17.6375,169.718
0.037735,0.00427039,0.154097,70.8604,16.5669,169.727
0.0349418,0.0735214,0.166419,85.0526,18.2407,169.729
0.0376149,0.00444813,0.136222,70.4359,15.6416,169.735
0.0358566,0.0239725,0.165662,80.7596,17.4967,169.737
0.0364753,0.0138954,0.143419,76.4335,16.8321,169.74
0.0336168,0.00648485,0.157603,95.3662,19.4871,169.741
0.0341924,0.0222954,0.14198,91.9533,18.8919,169.754
0.0395657,0.0145641,0.163726,62.9663,17.2189,169.755
0.0381546,0.00397726,0.154127,68.5816,16.9859,169.761
0.0351703,0.0480787,0.139976,84.7103,17.9189,169.766
0.0375051,0.00923661,0.139393,71.9781,16.6735,169.769
0.0360536,0.00188792,0.132579,79.8005,16.4075,169.774
0.0356022,0.0813595,0.164969,81.7775,17.0393,169.774
0.0332509,0.00844258,0.137905,98.0357,19.6059,169.777
0.0352428,0.0212417,0.155078,84.7501,19.0261,169.783
0.0374633,0.0141977,0.133487,71.6031,15.0176,169.788
0.0383082,0.0111562,0.149364,67.9187,16.5833,169.801
0.0352775,0.0573357,0.156315,83.5513,18.8783,169.802
0.0351601,0.0635585,0.151242,84.144,18.6424,169.804
0.0345671,0.0575233,0.153154,88.0169,18.17,169.805
0.0373111,0.0261665,0.15348,72.8503,17.0237,169.806
0.0349137,0.00211874,0.124806,86.168,17.0468,169.808
0.0396955,0.00564161,0.162622,61.7615,16.188,169.818
0.0400031,0.021261,0.165716,59.9262,14.5601,169.826
0.0334925,0.00788907,0.144863,96.8477,19.285,169.838
0.0348822,0.0428039,0.144326,86.0879,18.5827,169.838
0.0359294,0.0145714,0.154485,79.1239,17.9402,169.845
0.0350404,0.0268248,0.132008,85.2117,17.5176,169.845
0.0384417,0.0215809,0.162378,66.0587,16.9988,169.849
0.0393678,0.00834966,0.14382,62.0722,14.8315,169.852
0.0352095,0.020227,0.131817,84.5072,17.4882,169.855
0.0352411,0.0323573,0.161637,84.3335,19.2232,169.855
0.0367553,0.0271084,0.162256,75.6849,17.2175,169.876
0.0369162,0.024769,0.149062,74.4848,16.811,169.885
0.0345823,0.0373767,0.137766,88.5768,18.5081,169.89
0.038644,0.00744019,0.14118,65.9893,14.5688,169.91
0.0365178,0.0370931,0.139507,76.5992,16.5102,169.915
0.0390085,0.00626783,0.166214,64.8842,16.1035,169.92
0.0335774,0.0755409,0.164963,95.7664,19.2412,169.92
0.0351666,0.0336024,0.143763,84.3748,17.1614,169.922
0.0380163,0.00736039,0.159128,68.6861,15.3264,169.922
0.0364949,0.00748033,0.161042,76.497,18.6933,169.924
0.0387654,0.0150393,0.155774,65.1962,16.2565,169.93
0.0357702,0.034355,0.160415,80.3052,17.3107,169.931
0.0361931,0.0183308,0.136513,78.7812,17.4469,169.934
0.0390397,0.043373,0.161221,63.8487,14.6802,169.949
0.0369476,0.00773428,0.144517,74.7499,16.6535,169.952
0.0366593,0.029487,0.156516,75.6632,16.6046,169.953
0.0389501,0.0297208,0.166007,64.6564,16.6518,169.956
0.0336019,0.00874814,0.158913,95.4969,19.0886,169.957
0.0359269,0.0202758,0.15792,79.4162,17.1978,169.965
0.0388156,0.00584101,0.161771,65.0724,17.803,169.966
0.0378408,0.0287265,0.151675,69.4351,15.1745,169.968
0.0357648,0.0372832,0.16293,80.1281,18.9818,169.968
0.0397477,0.00387525,0.158601,61.7378,16.5555,169.979
0.0356489,0.0628788,0.156379,81.5667,17.2744,169.982
0.035073,0.0179904,0.151315,85.8829,19.5842,169.988
0.0363742,0.0172976,0.154151,77.8558,18.0581,169.989
0.03351,0.0308737,0.148099,96.5689,19.5271,169.993
0.0365356,0.00258638,0.115291,76.353,15.7981,170.001
0.0373585,0.0392399,0.161759,71.1736,16.3027,170.002
0.035609,0.0597683,0.161386,81.1543,18.1968,170.014
0.0376644,0.0249973,0.147274,70.8388,16.1743,170.022
0.0353062,0.0270663,0.14072,83.6063,17.9401,170.023
0.0346866,0.00593045,0.157904,88.8767,19.6249,170.023
0.0342061,0.014068,0.138005,91.4605,19.6988,170.037
0.0343365,0.0257387,0.141711,90.9197,18.2568,170.04
0.034431,0.00756863,0.148469,89.6586,18.4784,170.045
0.0347515,0.0235815,0.136125,87.9715,18.6331,170.045
0.0338359,0.00898509,0.153082,94.452,19.1131,170.053
0.0376675,0.0373009,0.165557,70.9831,17.1682,170.055
0.0376507,0.0294088,0.163946,70.4013,17.047,170.056
0.0384116,0.053154,0.157761,66.3216,15.6852,170.061
0.0349165,0.0398595,0.159927,86.3569,19.8749,170.062
0.0348247,0.0131775,0.165672,86.5616,18.2971,170.066
0.0340111,0.0225425,0.133692,92.2744,18.4058,170.08
0.0356868,0.0533347,0.163835,81.8627,18.893,170.086
0.0379758,0.0181029,0.157327,69,17.8465,170.087
0.0352007,0.0513402,0.160192,84.2088,18.972,170.088
0.0368396,0.0576418,0.164325,74.6091,16.5605,170.089
0.0353821,0.0199806,0.148223,83.6965,17.2284,170.091
0.0376138,0.0441845,0.138659,70.1626,15.7217,170.095
0.0370287,0.0223481,0.142267,73.887,16.2207,170.097
0.035005,0.0648503,0.150275,85.4243,18.037,170.098
0.0350101,0.0376178,0.132356,85.1101,17.2395,170.1
0.033589,0.0449101,0.155397,95.9936,19.2231,170.104
0.0377752,0.0297533,0.145761,69.9013,15.3994,170.106
0.0366731,0.000631356,0.147408,76.1763,18.1288,170.121
0.0387911,0.00813205,0.156546,65.7834,16.2341,170.129
0.0384767,0.00638952,0.151408,67.9425,17.5301,170.129
0.0389977,0.025277,0.158983,64.4533,16.1985,170.132
0.0354849,0.0391614,0.157109,82.6056,17.4493,170.138
0.0339267,0.00648645,0.135145,93.9937,18.2089,170.142
0.0350081,0.024385,0.136482,85.3392,17.7773,170.147
0.03822,0.0476891,0.151385,67.8234,15.8502,170.157
0.0335728,0.0297873,0.149584,95.474,19.5809,170.161
0.0360927,0.00422561,0.152045,79.5007,17.0946,170.163
0.037822,0.00182166,0.147415,69.241,16.006,170.166
0.0341193,0.0564652,0.14795,91.0656,18.9828,170.168
0.036668,0.00756434,0.157628,76.2102,18.0769,170.174
0.0358116,0.002171,0.158631,81.6068,19.3407,170.179
0.034375,0.0929607,0.159391,89.6005,18.5387,170.18
0.0386707,0.0265646,0.149326,65.5543,15.8374,170.181
0.0336745,0.0718629,0.160483,94.015,19.3494,170.182
0.0372739,0.0144069,0.130914,72.1172,15.9003,170.183
0.0345951,0.0147431,0.16039,88.3706,18.8646,170.184
0.036883,0.0257804,0.16271,74.4222,16.3236,170.185
0.0380177,0.00308185,0.147264,69.0397,17.1388,170.19
0.0404748,0.0210112,0.163265,57.3348,13.8731,170.19
0.0395607,0.0234517,0.153948,61.2028,14.989,170.192
0.0336321,0.051601,0.151074,95.2694,19.1532,170.204
0.0366526,0.0635729,0.16115,75.524,17.5999,170.222
0.0363841,0.0382854,0.162249,77.6315,18.0962,170.224
0.0379228,0.0413237,0.165291,68.3789,15.5974,170.232
0.0391291,0.0342405,0.157525,63.9377,15.4466,170.238
0.0347391,0.0198153,0.165944,87.6379,18.196,170.243
0.0350107,0.0723985,0.162474,85.707,18.1364,170.257
0.0348747,0.0343723,0.134247,86.7471,17.964,170.257
0.0375614,0.0259287,0.15027,70.5796,15.2077,170.266
0.036411,0.0809113,0.153635,76.1168,16.5191,170.27
0.0389829,0.0165683,0.157039,64.0362,16.5558,170.272
0.0382657,0.0269372,0.146534,67.5739,15.2269,170.273
0.0341034,0.0368629,0.154577,91.1716,19.5279,170.286
0.0397815,0.0255705,0.158748,60.5763,14.6571,170.288
0.0342718,0.0584535,0.141842,90.6422,18.5727,170.29
0.0345802,0.0102637,0.154692,88.6005,18.8142,170.294
0.0403122,0.0050528,0.165563,59.9871,16.8931,170.303
0.0419634,0.00107707,0.15437,53.6404,15.3994,170.307
0.037597,0.0162848,0.159707,71.7477,18.7852,170.311
0.0358381,0.0438976,0.148643,80.5922,17.1393,170.315
0.0368087,0.0132062,0.151656,75.6784,18.6837,170.328
0.0337532,0.00166816,0.163929,94.1825,19.1924,170.331
0.0363622,0.0292947,0.139081,77.3151,16.1058,170.338
0.0364662,0.010508,0.146276,76.7455,16.9408,170.34
0.040599,0.00660286,0.161,58.1919,16.6346,170.34
0.036649,0.0187278,0.156121,76.9497,18.7495,170.341
0.0351557,0.0417319,0.133885,84.6936,17.2263,170.341
0.0378838,0.00141227,0.140946,69.1033,16.2184,170.344
0.0340085,0.0619979,0.15279,92.6499,19.7834,170.35
0.0366405,0.048298,0.157668,75.0059,17.9333,170.357
0.0353939,0.0199176,0.136306,83.1242,17.1075,170.361
0.0334491,0.0843427,0.157219,96.5943,19.7714,170.362
0.0358983,0.0534222,0.165445,79.1079,17.9568,170.368
0.0361213,0.00632381,0.150345,79.4954,19.4047,170.375
0.0379238,0.0254453,0.160569,69.8306,17.5239,170.377
0.0344097,0.00856172,0.14407,89.6096,18.5371,170.383
0.0391355,0.0069182,0.136635,63.3837,14.9278,170.384
0.0357753,0.0562307,0.132857,80.2914,16.8846,170.387
0.0397895,0.0272321,0.164891,60.3533,14.2308,170.389
0.0393324,0.0188812,0.147285,62.8801,14.6962,170.391
0.0379966,0.0470221,0.156444,68.2934,15.3115,170.392
0.0345073,0.0752948,0.154773,88.0539,18.8602,170.392
0.0348669,0.0490408,0.141859,86.0012,18.9039,170.395
0.0351547,0.0206808,0.16157,84.8635,19.0597,170.404
0.0384023,0.0580758,0.158243,66.7264,15.7743,170.406
0.0383845,0.0188886,0.161406,67.2001,17.1482,170.409
0.03388,0.0397136,0.140442,93.3355,19.5583,170.409
0.0357208,0.00686284,0.158518,81.5385,17.6536,170.411
0.0378824,0.0230902,0.148217,69.7119,16.0457,170.416
0.035432,0.0561958,0.1457,82.357,17.9706,170.418
0.0379537,0.0188371,0.155154,68.3654,15.0614,170.418
0.0361506,0.0167845,0.137953,78.8987,16.0071,170.425
0.0384548,0.0311646,0.162119,66.5644,16.7597,170.425
0.0364493,0.0257132,0.16311,77.9233,19.0062,170.429
0.0344359,0.057838,0.15184,89.9953,18.2282,170.43
0.0386194,0.0363909,0.15823,65.6996,15.5691,170.432
0.0386307,0.0119605,0.146711,65.5668,14.0709,170.436
0.0400267,0.0248847,0.160709,60.4307,16.8675,170.436
0.0344361,0.0158656,0.156029,89.8137,18.452,170.444
0.0392495,0.0221371,0.158423,63.9628,16.5634,170.448
0.0368661,0.005213,0.160027,74.0665,16.8109,170.451
0.0338993,0.0353916,0.140507,93.6951,19.7628,170.457
0.0395207,0.00679538,0.165209,62.6571,17.1518,170.458
0.0345675,0.052758,0.142152,88.5907,18.8155,170.458
0.0392715,0.0206201,0.166619,63.1545,17.9198,170.461
0.0376094,0.0214074,0.166041,71.1957,18.411,170.469
0.0408306,0.00876741,0.156681,57.4169,16.8062,170.475
0.0355944,0.0272019,0.164069,81.3236,18.974,170.475
0.0362045,0.042532,0.163531,78.3381,17.3051,170.476
0.0384501,0.0101547,0.162183,67.1317,17.8117,170.48
0.0373292,0.00661499,0.137277,72.6509,16.917,170.482
0.0349804,0.0262653,0.164906,85.0129,19.0509,170.494
0.0353668,0.0493935,0.152751,83.6437,18.534,170.496
0.0347808,0.0248131,0.138053,87.7616,18.1819,170.499
0.0390637,0.0063929,0.157236,64.8905,17.1135,170.504
0.0332946,0.00434511,0.144405,98.9947,19.4153,170.506
0.0347908,0.0116823,0.163817,87.7254,18.1468,170.507
0.0356669,0.0278904,0.124386,81.0901,16.7253,170.509
0.0408399,0.0178015,0.160494,57.419,16.4139,170.509
0.0366231,0.0716052,0.148428,75.432,16.8194,170.515
0.0397778,0.0100913,0.1415,60.0646,13.5684,170.516
0.0385297,0.00145951,0.157718,66.7818,15.6862,170.518
0.0335574,0.0905778,0.161123,95.7333,19.278,170.523
0.0347691,0.0373579,0.152001,87.1512,18.2294,170.523
0.0363288,0.0472378,0.148683,77.0343,16.725,170.523
0.0340169,0.0439552,0.137348,92.5742,18.5178,170.524
0.0345396,0.0462816,0.157587,88.5449,19.1624,170.529
0.0341723,0.0584164,0.160041,91.4512,19.0568,170.531
0.0374128,0.0491562,0.150669,71.2743,16.3211,170.532
0.0338787,0.0588851,0.151085,93.6452,19.6388,170.533
0.0359433,0.0238128,0.14677,79.5585,17.1477,170.534
0.0393242,0.0262185,0.157178,62.3711,14.0612,170.535
0.0352621,0.0299234,0.159742,84.0748,19.4723,170.535
0.0356715,0.0535318,0.166223,81.1138,17.2516,170.537
0.0354253,0.0591525,0.161257,82.1127,18.8164,170.547
0.0345393,0.0264886,0.155617,88.6348,18.6589,170.547
0.0357697,0.0405936,0.163108,80.9754,17.3673,170.549
0.0367577,0.076764,0.161604,74.4082,16.3615,170.551
0.0336405,0.0401261,0.165545,95.2506,19.2984,170.552
0.0383911,0.0127973,0.157785,67.9754,17.7152,170.559
0.0332338,0.0491174,0.144211,98.5345,19.0713,170.565
0.0390455,0.0214167,0.160976,63.0397,14.7105,170.572
0.0364166,0.0656513,0.165393,76.0537,17.1901,170.586
0.0370733,0.049538,0.158884,73.2973,17.1423,170.599
0.0351113,0.0100407,0.143616,85.8296,18.6292,170.601
0.035142,0.0757096,0.148376,84.7225,17.4419,170.603
0.0345715,0.0342852,0.125415,88.0345,17.7563,170.606
0.0374156,0.0268645,0.14364,71.23,15.6571,170.612
0.03434,0.110712,0.164778,89.0332,18.1255,170.618
0.0380667,0.0334491,0.155305,68.87,16.2274,170.62
0.0352648,0.0182619,0.162882,83.6626,18.8774,170.62
0.0338117,0.0237602,0.160955,94.8018,19.0659,170.622
0.0366899,0.019484,0.15645,75.5428,16.6689,170.623
0.0403501,0.0061618,0.148776,59.6633,16.276,170.623
0.0378164,0.0362919,0.138387,69.3312,15.8366,170.624
0.0374527,0.00883202,0.163978,72.5565,18.3471,170.631
0.0343518,0.0118422,0.150213,90.7256,18.4343,170.633
0.0373849,0.0537608,0.140527,71.3537,15.7661,170.638
0.0402856,0.0275076,0.166631,59.7119,16.8193,170.64
0.0371139,0.0162656,0.137217,73.4325,16.5653,170.643
0.0333803,0.0427365,0.157121,97.3153,19.3426,170.644
0.0338545,0.0443318,0.137633,93.4554,18.5258,170.645
0.0337729,0.0273337,0.137792,94.0536,19.2211,170.645
0.0335208,0.00128154,0.158502,96.7731,19.0384,170.649
0.0356412,0.0718419,0.162756,81.6339,18.1419,170.654
0.038808,0.049225,0.159849,64.9259,14.973,170.662
0.0353428,0.0411645,0.145153,83.9401,18.9197,170.667
0.0343067,0.0597419,0.152181,90.9073,18.8452,170.668
0.0401757,0.00351063,0.162446,59.7829,15.6998,170.671
0.0346104,0.0393674,0.160101,88.7343,18.1127,170.675
0.0352928,0.00919104,0.153556,83.7924,18.6027,170.677
0.037511,0.0213146,0.151338,71.2306,17.5052,170.678
0.0360328,0.025843,0.148969,79.3426,18.5468,170.685
0.0351139,0.026262,0.155341,85.1134,19.8936,170.689
0.0358368,0.0532674,0.16372,80.5079,17.0267,170.691
0.0348025,0.0351644,0.159157,87.4183,19.1056,170.692
0.0389328,0.0226098,0.15053,64.0597,15.3897,170.693
0.0354139,0.000669814,0.125683,83.6648,17.0452,170.693
0.0370602,0.0209349,0.152308,73.7831,17.5444,170.695
0.0334335,0.0820597,0.158402,96.9278,19.7047,170.696
0.0359832,0.0185662,0.133844,79.3239,16.1493,170.7
0.0380216,0.00157365,0.161587,68.391,15.537,170.702
0.0368893,0.00536589,0.161059,74.3322,16.5088,170.703
0.0391092,0.023194,0.147032,63.1034,14.3417,170.705
0.0344319,0.0289398,0.12458,89.162,17.5048,170.713
0.0340622,0.0351976,0.148567,92.7046,19.7719,170.713
0.0358868,0.0533022,0.163085,79.4886,17.6019,170.714
0.0367744,0.0727211,0.155714,74.6595,16.2317,170.716
0.034844,0.083521,0.155847,86.975,18.4352,170.717
0.0376623,0.011593,0.141191,70.788,16.7854,170.722
0.034411,0.0480733,0.137588,89.9013,18.5635,170.724
0.036959,0.0293058,0.16046,74.8939,18.4105,170.727
0.0357186,0.0395204,0.163852,81.0661,19.4242,170.733
0.037776,0.00728584,0.164263,70.6955,17.6944,170.737
0.0367513,0.0142528,0.139403,75.4243,17.7047,170.738
0.0357358,0.00446612,0.152256,81.6419,19.4903,170.742
0.0354558,0.0533884,0.138403,82.9703,17.8968,170.749
0.0380891,0.0203223,0.145736,68.8146,15.8958,170.752
0.0338367,0.00381059,0.139771,94.7184,19.9167,170.753
0.0376251,0.00154862,0.140444,71.2604,17.8459,170.754
0.0379889,0.0231014,0.153435,69.6822,17.6579,170.754
0.0357537,0.0348145,0.164572,80.4255,17.8101,170.755
0.0349998,0.0111226,0.165722,86.502,19.2086,170.756
0.0343961,0.00389842,0.15544,89.5018,19.641,170.76
0.0413562,0.0232545,0.163634,55.2596,16.9541,170.76
0.0393662,0.0113621,0.153324,63.6743,17.8797,170.761
0.036242,0.0098571,0.160169,78.1697,19.1926,170.762
0.0384331,0.0260266,0.15942,67.5698,17.6598,170.762
0.0393121,0.0311652,0.155721,62.3309,14.8323,170.763
0.0366798,0.0468195,0.16197,75.0474,16.3378,170.767
0.035629,0.0077279,0.154358,81.8451,17.3024,170.767
0.0366701,0.0571574,0.155658,75.0121,17.1587,170.768
0.0343009,0.0701852,0.161536,90.5049,19.3488,170.781
0.0381118,0.0328797,0.164486,68.2927,16.6193,170.793
0.0346824,0.0143277,0.162971,87.0527,18.1189,170.794
0.0352139,0.0265124,0.145573,84.6636,17.3134,170.797
0.037874,0.0337359,0.151355,69.8947,16.0213,170.801
0.035527,0.0530952,0.154906,82.774,18.0054,170.802
0.036768,0.000554479,0.125722,75.0231,16.4667,170.813
0.0351532,0.0692674,0.150875,84.2112,18.669,170.816
0.0366037,0.0764569,0.163878,75.0101,16.7023,170.816
0.0344456,0.0411898,0.14743,89.801,19.0629,170.817
0.0356446,0.00321395,0.160987,81.2856,17.6396,170.821
0.0338677,0.0283809,0.132655,93.1614,18.7117,170.822
0.03779,0.0187201,0.157361,70.8352,18.4091,170.823
0.037224,0.00165569,0.15314,72.8347,17.9355,170.824
0.0383591,0.0176263,0.15947,67.2944,17.4336,170.824
0.0354468,0.073366,0.165592,82.4668,17.3989,170.825
0.0390107,0.00740252,0.166419,64.6156,17.9243,170.825
0.0408639,0.0117305,0.163617,57.2969,16.3947,170.831
0.0359707,0.0368774,0.137531,79.4443,16.4038,170.831
0.0373996,0.0549022,0.137235,71.3845,15.698,170.847
0.0353908,0.0217865,0.133221,83.4927,17.576,170.851
0.040296,0.0268917,0.159039,59.9055,16.4442,170.853
0.0349197,0.0935376,0.165085,85.34,18.7095,170.854
0.0377616,0.0440651,0.16213,69.759,15.0939,170.856
0.0382367,0.00531986,0.144313,68.0333,17.2162,170.857
0.0384486,0.0458417,0.166037,66.5014,15.2699,170.857
0.0381022,0.020241,0.146125,68.6535,16.8112,170.864
0.0351513,0.0137472,0.161039,84.3007,19.2576,170.867
0.0382544,0.00829431,0.152939,68.8168,17.8464,170.868
0.0386831,0.037821,0.149707,65.8859,15.7297,170.868
0.0388378,0.00309498,0.146342,65.9758,16.6991,170.869
0.0424992,0.0113513,0.163055,51.3433,15.8259,170.869
0.0341237,0.048778,0.137613,91.7076,18.7742,170.87
0.0335543,0.100012,0.163423,95.0907,19.562,170.878
0.037431,0.0059863,0.145875,71.6207,15.6706,170.883
0.0349845,0.0409368,0.145854,85.8849,18.4646,170.888
0.034571,0.0650993,0.145164,88.8243,18.7524,170.895
0.0368684,0.00679518,0.164249,75.6283,19.9171,170.895
0.0368439,0.00304236,0.16427,74.5966,18.083,170.896
0.0356714,0.0237207,0.129596,81.8256,16.0724,170.899
0.0362577,0.0108975,0.145752,78.854,18.2496,170.9
0.0370449,0.039897,0.140602,73.2881,16.4969,170.901
0.0444401,0.00293418,0.163842,45.0854,14.7613,170.905
0.0364682,0.0320505,0.137593,76.493,16.1109,170.905
0.0375963,0.0269291,0.15767,71.7499,18.2902,170.906
0.0363262,0.00734334,0.128522,77.329,16.1055,170.908
0.0351867,0.0514694,0.146436,84.5174,18.8044,170.91
0.0374978,0.043477,0.158936,71.0879,17.5185,170.911
0.0373297,0.0152187,0.15311,72.8089,16.4682,170.912
0.0351286,0.0810857,0.154354,84.7386,17.2102,170.917
0.036714,0.0240385,0.14365,75.1436,17.6713,170.917
0.0365122,0.00599364,0.157801,76.8932,18.8239,170.918
0.0342058,0.0407941,0.156825,91.7355,19.552,170.922
0.0340986,0.00294821,0.158785,91.0847,19.7294,170.923
0.035409,0.0856403,0.160316,82.536,17.2784,170.925
0.0349555,0.0145914,0.144815,86.2425,19.2032,170.928
0.0373064,0.0103775,0.146627,72.9321,17.2575,170.929
0.0341467,0.0139393,0.144468,91.9347,18.9254,170.93
0.0402754,0.00472155,0.153614,59.7019,16.7991,170.943
0.0357537,0.0314875,0.16379,80.5838,17.7756,170.944
0.0399222,0.00510568,0.160418,60.4113,15.9833,170.945
0.0354327,0.0295155,0.151719,82.6205,17.1257,170.952
0.0353247,0.0531433,0.156223,83.515,17.4444,170.954
0.0376252,0.0105799,0.152234,70.6978,15.0134,170.957
0.0353972,0.0957459,0.158522,82.9075,17.1545,170.959
0.0424589,0.00545164,0.164757,51.9671,15.2497,170.963
0.0333274,0.0686377,0.146251,97.0467,19.6784,170.965
0.0384613,0.018441,0.136988,66.6693,14.5827,170.965
0.03864,0.00817087,0.165312,65.7324,16.9977,170.966
0.0357193,0.0801242,0.164758,80.5327,17.3709,170.97
0.0387015,0.0337236,0.160905,65.0895,16.3325,170.97
0.0354684,0.0188394,0.156015,83.7954,19.2416,170.975
0.0375412,0.041465,0.14953,70.3783,15.5399,170.987
0.0366112,0.0253136,0.154095,76.2141,18.2234,170.988
0.0366847,0.00664749,0.122282,75.7908,15.5775,170.993
0.0376017,0.0389915,0.154643,70.7679,15.933,170.994
0.0373138,0.0232293,0.154469,72.9219,16.6858,170.997
0.0350114,0.00992887,0.136225,85.6814,17.9358,170.997
0.0350021,0.00759798,0.15508,86.0825,19.3085,171.001
0.0361962,0.0395618,0.144008,78.2633,17.9532,171.002
0.0374166,0.00101048,0.136683,72.4947,17.1779,171.004
0.0396915,0.0143286,0.158812,61.4714,15.8958,171.006
0.0369699,0.0784836,0.158318,73.425,16.7943,171.006
0.0352703,0.0976868,0.163394,83.9719,17.6152,171.01
0.0333455,0.0735259,0.150094,97.3354,19.5196,171.011
0.0334156,0.0884246,0.16443,96.9071,19.3065,171.012
0.03549,0.0661156,0.162152,82.4169,17.6557,171.015
0.035536,0.0384608,0.142032,82.3357,17.8099,171.018
0.0368364,0.00740407,0.129732,74.7789,15.6659,171.02
0.0333384,0.0286149,0.146072,97.6262,19.3054,171.02
0.0374901,0.00187718,0.149498,71.6061,17.2541,171.022
0.0375374,0.0499747,0.149902,70.412,15.5356,171.024
0.0331375,0.0325755,0.136499,99.0461,19.4554,171.026
0.0349651,0.0342493,0.161878,86.1809,19.2116,171.028
0.0334355,0.100381,0.165439,96.463,19.8792,171.031
0.0395031,0.013733,0.164856,62.07,16.8661,171.04
0.040561,0.0318682,0.162605,58.8054,16.8329,171.043
0.0350665,0.0216225,0.142301,85.325,17.3471,171.043
0.0387873,0.0623098,0.160507,64.7533,14.9343,171.051
0.0402293,0.0168748,0.158299,58.8868,13.9579,171.053
0.0388979,0.024282,0.141344,64.9031,14.1747,171.057
0.0338402,0.0690099,0.143244,93.0034,18.4065,171.058
0.0380858,0.0360321,0.152221,68.101,16.1863,171.058
0.0358578,0.056213,0.163529,80.7288,18.6412,171.06
0.034283,0.0755147,0.15443,90.233,18.127,171.061
0.038466,0.00135165,0.165839,67.9609,17.8758,171.061
0.0352407,0.0275279,0.142262,84.4947,18.0224,171.064
0.0390185,0.018163,0.166642,64.7633,17.4702,171.064
0.0422508,0.00145057,0.165843,52.4235,15.6148,171.065
0.037465,0.000909203,0.162911,72.5548,18.6448,171.068
0.0352645,0.0673773,0.153677,83.1047,17.3488,171.07
0.0386737,0.040672,0.155282,65.3352,15.3142,171.071
0.0361853,0.0216077,0.135291,78.9565,17.8825,171.072
0.0387811,0.0176824,0.165728,65.8848,17.0897,171.078
0.0343334,0.0295038,0.15166,90.9796,18.9091,171.086
0.0425119,0.0280783,0.166624,51.0242,15.0535,171.088
0.0342848,0.00348126,0.146778,90.5496,18.8019,171.089
0.0345708,0.0691863,0.154169,88.529,18.8521,171.091
0.0367932,0.0292077,0.166533,74.3187,17.9601,171.093
0.0404549,0.00819117,0.156671,58.4336,15.8348,171.109
0.0406379,0.00495596,0.153264,57.2751,14.5316,171.11
0.0375488,0.0373337,0.163951,70.4835,16.0498,171.113
0.0361385,0.0024384,0.160829,79.5876,18.9085,171.125
0.0355905,0.0239645,0.150941,81.6643,17.3181,171.127
0.0337051,0.000607794,0.156182,94.4536,19.4138,171.136
0.0387823,0.0148687,0.14771,65.0323,16.4398,171.137
0.0354587,0.0140707,0.152126,82.0986,17.359,171.138
0.0375855,0.0119165,0.15283,71.3042,18.6452,171.138
0.0377815,0.0110785,0.157017,69.1764,16.8258,171.139
0.0359198,0.0859231,0.154,79.4651,17.2246,171.144
0.0360339,0.0475879,0.161178,79.2581,17.2937,171.146
0.0338723,0.0586043,0.144233,93.3074,19.7602,171.147
0.0402057,0.0327492,0.162467,58.6167,13.7569,171.148
0.0372921,0.00585906,0.137194,72.0758,15.5147,171.15
0.0360077,0.0168558,0.148902,79.1431,18.4725,171.152
0.0404615,0.00288863,0.163968,58.6859,15.6333,171.153
0.038165,0.0452712,0.166054,68.6556,17.2255,171.155
0.0361565,0.0619377,0.15511,78.4575,17.5382,171.159
0.0395081,0.00344006,0.152012,62.1968,16.7899,171.164
0.0361505,0.0389393,0.14155,78.6066,17.0805,171.167
0.0355121,0.011651,0.153649,82.0234,17.5474,171.168
0.041942,0.0211721,0.153576,53.4841,15.7058,171.169
0.035629,0.005216,0.16068,81.1961,17.448,171.169
0.038044,0.0394911,0.140871,68.846,15.8527,171.178
0.0390362,0.00302581,0.161182,63.3327,14.1555,171.178
0.0386129,0.0156214,0.155706,65.5383,15.8839,171.179
0.0417171,0.00279412,0.142197,54.7304,15.5733,171.179
0.0373462,0.00835871,0.15437,72.3862,16.0906,171.186
0.0356286,0.0141718,0.149808,81.9169,18.5903,171.189
0.0353394,0.0591843,0.147655,83.2461,17.3529,171.19
0.0346609,0.0355823,0.165009,87.0049,18.9706,171.191
0.0404762,0.0153501,0.160062,57.774,13.8073,171.194
0.0382149,0.0382384,0.16258,67.1732,16.563,171.197
0.0366822,0.0141695,0.145254,75.0526,17.8001,171.202
0.036579,0.0509262,0.162098,75.2948,16.7105,171.204
0.0383671,0.0170443,0.143344,67.3719,16.3085,171.206
0.0347127,0.0301874,0.126292,87.8788,17.3926,171.207
0.0364594,0.00859007,0.144716,77.1551,18.4583,171.212
0.0352071,0.0518235,0.147359,84.5312,18.8447,171.214
0.0370307,0.00845819,0.148914,74.8644,18.9323,171.218
0.0371461,0.0211361,0.166485,72.1453,16.0727,171.219
0.0376515,0.0515882,0.165434,70.3045,16.8512,171.22
0.0373951,0.0492414,0.151991,71.1714,16.7525,171.222
0.0335416,0.0612754,0.159378,95.4616,19.4922,171.224
0.0393388,0.00864542,0.141882,63.1613,16.9888,171.224
0.0337114,0.0869905,0.156983,94.9342,19.473,171.226
0.0346357,0.0295102,0.140284,88.5837,18.7723,171.229
0.040191,0.00707591,0.155154,59.5075,15.0165,171.232
0.0366447,0.0532475,0.156069,75.4011,17.6763,171.235
0.0376228,0.0433219,0.150943,70.8311,15.6764,171.235
0.0389123,0.0035589,0.160688,64.7993,16.1015,171.237
0.0342464,0.0848081,0.164263,90.0137,18.3468,171.239
0.039243,0.000829223,0.150593,63.9241,15.8143,171.24
0.0372529,0.0333614,0.141703,72.7419,15.5458,171.24
0.0373648,0.0379343,0.164458,72.5523,18.9112,171.241
0.0348471,0.0708052,0.14585,86.4142,17.9337,171.242
0.0365661,0.0428756,0.16295,76.5842,17.721,171.244
0.0384518,0.00762554,0.165982,67.5007,17.1023,171.245
0.0366625,0.0119773,0.165364,76.6902,18.1735,171.245
0.0382131,0.0279956,0.161415,68.8023,17.5007,171.247
0.033673,0.0149013,0.161399,95.9507,19.2497,171.25
0.0402472,0.00294182,0.156779,59.9571,16.5813,171.253
0.0378397,0.0428878,0.152112,69.6701,15.2119,171.256
0.0359963,0.0048056,0.136098,79.917,16.9502,171.269
0.0398086,0.0155362,0.147504,61.0544,16.0946,171.27
0.0331111,0.0371299,0.136906,99.6494,19.5015,171.274
0.0369193,0.00713314,0.124587,74.6705,15.7011,171.274
0.0333272,0.0432938,0.147036,97.729,19.5122,171.282
0.0367822,0.00868342,0.135552,75.7509,17.0618,171.284
0.0389963,0.00145363,0.143972,64.5614,15.27,171.285
0.034371,0.0101118,0.165532,89.3093,19.1028,171.289
0.0343372,0.10144,0.162684,89.4127,18.4462,171.295
0.0368193,0.0266339,0.132435,74.2451,15.8764,171.297
0.0337402,0.0459256,0.132018,94.6389,18.3205,171.298
0.0332414,0.048632,0.147187,98.7114,19.8772,171.299
0.0357606,0.0340737,0.165393,81.2291,19.3145,171.301
0.0354452,0.0173792,0.142215,82.3871,17.19,171.306
0.035678,0.0474837,0.139436,81.1068,17.0733,171.306
0.033894,0.0541897,0.141711,93.762,18.0536,171.308
0.0361527,0.0456233,0.147661,78.7215,16.5547,171.309
0.036599,0.0176586,0.14636,76.417,17.0309,171.309
0.0334266,0.107067,0.157758,96.4114,19.7152,171.311
0.0361982,0.0143302,0.122707,78.3618,16.136,171.311
0.0408189,0.00267885,0.156034,56.9814,13.6038,171.313
0.0364283,0.0769768,0.147496,76.6298,16.6788,171.315
0.0345881,0.0342816,0.125496,88.7714,17.5489,171.315
0.0346258,0.0905475,0.16353,87.8979,18.4941,171.318
0.0354181,0.0309713,0.16532,82.7671,18.6641,171.32
0.0352886,0.0894273,0.162461,83.2927,17.745,171.323
0.0369647,0.0271504,0.147202,74.9366,17.8682,171.327
0.0353052,0.0428748,0.155928,83.4104,17.6934,171.328
0.034833,0.0880192,0.156762,86.3572,18.6379,171.329
0.034255,0.0850674,0.154463,90.0813,18.7825,171.33
0.0352776,0.092335,0.155336,83.1326,17.6199,171.333
0.035811,0.00260164,0.162962,81.9172,18.3752,171.335
0.0333715,0.0134678,0.150056,97.3004,19.5985,171.339
0.0386377,0.0400104,0.153851,65.9785,15.0902,171.343
0.0425173,0.00378443,0.154782,51.3462,15.371,171.347
0.0339621,0.017508,0.150889,93.8165,19.3944,171.35
0.0398394,0.00539724,0.152781,61.0881,16.2074,171.353
0.0352924,0.0254844,0.166638,83.609,19.0131,171.356
0.0346654,0.0285683,0.161327,88.3788,19.9309,171.357
0.0408384,0.02199,0.158918,57.1518,16.7059,171.358
0.0391141,0.0106578,0.14816,64.6171,17.8956,171.359
0.0383131,0.0158266,0.163334,67.2441,17.6472,171.363
0.0374591,0.0413476,0.150578,71.196,16.8412,171.367
0.0406061,0.00187095,0.163548,58.8442,17.9127,171.369
0.0342729,0.0755653,0.154079,90.2745,18.2059,171.37
0.0356402,0.0462054,0.131292,81.7066,16.8316,171.371
0.0338559,0.027177,0.136491,93.8195,18.2424,171.373
0.0359315,0.0445929,0.162928,79.1779,18.1383,171.376
0.0386511,0.0364924,0.165302,66.565,17.4211,171.378
0.0376076,0.0130578,0.163021,70.1481,17.4684,171.379
0.0363833,0.0227204,0.135898,77.9176,16.2212,171.381
0.0353375,0.0227623,0.15937,83.665,19.8217,171.384
0.0343544,0.0977907,0.15093,89.1312,18.6614,171.386
0.033256,0.0252642,0.152736,98.6677,19.3954,171.39
0.0405523,0.0031811,0.141213,58.6424,15.2937,171.39
0.035447,0.00266876,0.142615,82.8431,17.2953,171.392
0.0380243,0.0074901,0.128468,68.7351,14.8224,171.394
0.0398126,0.00849629,0.143973,61.4255,16.5972,171.395
0.0364372,0.0087916,0.137773,77.9933,17.4059,171.395
0.0353099,0.0429401,0.121627,83.5478,16.2921,171.399
0.0401122,0.00155965,0.156661,60.9143,17.1532,171.399
0.0350756,0.0393642,0.146886,85.5206,18.8407,171.402
0.0377706,0.0148807,0.164187,70.5035,17.5814,171.403
0.0334193,0.112857,0.160942,96.9917,19.0188,171.408
0.0343966,0.0128905,0.146337,89.7752,18.4886,171.409
0.0346714,0.000372281,0.136227,88.3675,19.7814,171.411
0.0348459,0.045531,0.141493,86.6189,18.3607,171.414
0.0341451,0.0651154,0.14542,91.2659,18.2066,171.422
0.0359812,0.0171065,0.138717,79.0143,16.2298,171.424
0.0402283,0.00266765,0.158763,58.5528,13.1541,171.425
0.0360727,0.0312999,0.150937,79.4473,18.0549,171.426
0.0333219,0.0544881,0.141024,97.9275,19.532,171.428
0.0377586,0.045363,0.164796,69.4266,15.5783,171.429
0.0428798,0.00943439,0.158468,50.5597,15.2493,171.429
0.0357386,0.0272016,0.156732,81.4206,18.3732,171.429
0.0343162,0.0435254,0.141118,90.1835,18.5218,171.431
0.0339375,0.0156105,0.136268,93.9735,19.7763,171.433
0.0387941,0.0211414,0.157395,65.3935,16.3334,171.435
0.0437157,0.00485818,0.163769,47.3929,14.7401,171.438
0.0335649,0.0101892,0.154447,96.9309,19.5046,171.439
0.035664,0.0617547,0.152037,81.5917,17.5397,171.44
0.0349329,0.0171454,0.136948,86.2237,17.8213,171.441
0.0362915,0.017401,0.14771,77.9678,16.0078,171.441
0.0353144,0.0680107,0.141958,83.0897,17.5086,171.442
0.0416464,0.0255317,0.1644,54.167,16.4483,171.444
0.041433,0.00853322,0.161448,55.4083,16.1937,171.449
0.0373767,0.0278105,0.153544,72.879,18.856,171.45
0.0356008,0.00816107,0.15128,81.2629,17.8977,171.459
0.0361744,0.0568363,0.150027,78.785,17.8094,171.465
0.0340949,0.0248988,0.15637,91.9688,19.4041,171.467
0.0357792,0.0228976,0.154891,81.945,19.3331,171.472
0.0356566,0.0685828,0.166528,81.2996,17.7548,171.473
0.0380877,0.0232115,0.142123,68.0014,15.6177,171.477
0.0382814,0.0376961,0.152125,67.6373,16.7994,171.48
0.0366971,0.0270976,0.12679,75.0205,15.6091,171.48
0.0361802,0.0385713,0.134611,78.5877,16.052,171.48
0.037164,0.0641433,0.148618,72.3675,15.4972,171.481
0.0336983,0.0150039,0.147942,94.042,19.5465,171.483
0.0371342,0.0323365,0.165559,73.1641,17.2717,171.486
0.038022,0.0495854,0.160896,68.4994,15.2337,171.487
0.0364997,0.0125255,0.144441,77.8543,18.7077,171.488
0.0390314,0.0176256,0.155095,63.6874,14.2306,171.49
0.0416091,0.00574725,0.165523,54.4575,15.3107,171.494
0.0391102,0.0310428,0.148378,63.6155,14.6921,171.497
0.041597,0.0284886,0.156493,54.5709,15.3595,171.498
0.037764,0.00275384,0.148671,70.0608,16.18,171.499
0.0351803,0.034,0.12949,84.9812,17.5365,171.501
0.0354095,0.0381198,0.156622,83.5543,19.8686,171.505
0.0368779,0.00111288,0.145707,75.4993,18.2322,171.507
0.0340735,0.0113211,0.125335,92.3517,18.7163,171.513
0.0345837,0.0400008,0.129478,88.7921,17.7266,171.518
0.0335432,0.0541155,0.156899,95.2355,19.2966,171.519
0.0359261,0.000469305,0.129341,80.1328,17.4224,171.524
0.0340839,0.0913091,0.159242,91.8447,18.6859,171.527
0.0403315,0.0128598,0.16331,59.7682,17.4414,171.53
0.0390525,0.0471221,0.158928,63.0939,14.1937,171.533
0.0365949,0.0581937,0.152104,75.271,16.4583,171.534
0.0382048,0.0386301,0.166506,68.9731,18.6717,171.535
0.0356571,0.044244,0.136953,81.5723,17.0147,171.537
0.0371611,0.0660503,0.149241,72.803,15.585,171.537
0.0337903,0.0505574,0.166478,94.6901,19.6956,171.543
0.0360185,0.0549754,0.162658,79.2303,17.6191,171.546
0.0402619,0.0174286,0.1534,58.1957,13.1196,171.55
0.0352704,0.0284541,0.157789,84.8296,18.1473,171.551
0.0352828,0.00803517,0.141692,84.9252,19.0835,171.553
0.0339518,0.0922413,0.152734,92.0556,18.1028,171.555
0.0348735,0.00270563,0.163367,87.2023,19.7072,171.556
0.039635,0.00939593,0.160376,62.6399,17.5841,171.556
0.0388062,0.0371372,0.163149,65.3638,17.0492,171.558
0.0370344,0.0283211,0.159828,74.5796,18.1996,171.559
