beta,permeability,xi,init_days,delay,value
0.0496247,0.00246875,0.163309,13.1395,9.0655,29.684
0.0470082,0.0011856,0.164548,17.5795,10.487,29.7002
0.0470472,0.00420818,0.164946,17.3052,10.2177,29.7067
0.0503862,0.00120186,0.162827,12.8724,9.63446,29.7331
0.0470352,0.00655283,0.165072,17.8268,10.6491,29.749
0.046416,0.00138543,0.163955,18.5933,10.6472,29.7662
0.0471104,0.00296848,0.166413,17.7979,10.3825,29.7812
0.0504048,0.00350373,0.164294,12.9984,9.35126,29.7901
0.0464781,0.00231844,0.163363,18.2029,10.3522,29.8034
0.0510659,0.00108213,0.163801,11.2667,9.38685,29.8165
0.0469746,0.00512046,0.164591,17.5582,10.6676,29.8243
0.0476825,0.00643328,0.166077,16.6959,10.8712,29.8531
0.0503019,0.00895736,0.16405,12.1391,9.70349,29.854
0.0511521,0.00275634,0.164767,11.8459,9.59735,29.8654
0.0476018,0.00749183,0.16553,16.4265,10.8835,29.8719
0.0496853,0.0049696,0.163383,13.3999,9.0099,29.8724
0.0483316,0.00100165,0.166489,15.4892,10.0491,29.8809
0.0482088,0.00415774,0.166189,15.535,10.3731,29.8871
0.0464746,0.00216597,0.160863,18.5596,10.438,29.8879
0.049622,0.0110726,0.161817,13.685,9.99359,29.9048
0.0503937,0.00606657,0.162824,12.8443,9.56342,29.9116
0.0481851,0.00133083,0.165155,15.5737,10.6254,29.9132
0.0511161,0.00830227,0.16629,11.2377,9.32974,29.9164
0.047549,0.00172669,0.164159,16.2143,10.7295,29.9179
0.0470121,0.0128578,0.164463,17.0558,10.0377,29.9221
0.0458113,0.0133655,0.165541,19.6336,10.2224,29.9242
0.0502602,0.0143522,0.165979,12.9856,9.02481,29.9324
0.0476733,0.00841618,0.165644,16.548,10.9885,29.9345
0.0489619,0.00638125,0.161139,14.105,9.20924,29.9346
0.0495378,0.00666907,0.16615,13.3422,9.52764,29.9404
0.0463796,0.00931809,0.163006,18.8756,10.7197,29.9484
0.0495715,0.012157,0.161158,13.9936,9.14838,29.9518
0.0489365,0.0066347,0.155493,14.4065,9.40818,29.9527
0.0458267,0.00894551,0.163325,19.0401,10.7534,29.9596
0.0504195,0.0075835,0.1655,12.9052,9.95471,29.9729
0.0457962,0.0075819,0.164144,19.9816,10.1359,29.9773
0.0458167,0.0143208,0.16465,19.2197,10.6604,29.9784
0.0502362,0.000789888,0.165861,12.2494,9.84674,29.9811
0.0475243,0.00771693,0.165787,16.5863,10.2344,29.9832
0.0510463,0.0051066,0.163069,11.7898,9.69458,29.9885
0.0470656,0.00426289,0.161079,17.8484,10.5843,29.9903
0.0481919,0.00834069,0.166412,15.4152,10.5582,29.9907
0.0458229,0.00324364,0.161277,19.9027,10.9306,29.9908
0.0464285,0.0197153,0.165198,18.7558,10.4206,29.9911
0.048966,0.0084867,0.159227,14.424,9.59497,29.9951
0.0489709,0.00533271,0.162213,14.8091,9.67002,29.9982
0.0458959,0.00202026,0.159667,19.9673,10.3088,29.9988
0.0489167,0.012397,0.159045,14.4511,9.96118,30.0101
0.046952,0.00184141,0.161439,17.5982,10.6366,30.0109
0.0464637,0.00466811,0.15945,18.0291,10.0306,30.0166
0.0497178,0.000961615,0.156965,13.2536,9.29223,30.0204
0.0469949,0.00579852,0.16079,17.4718,10.7359,30.0299
0.0488714,0.00413195,0.162166,14.0294,9.58406,30.0315
0.0474997,0.00116042,0.165942,16.2812,10.2431,30.0337
0.0489932,0.00453105,0.155569,14.1128,9.29047,30.0455
0.0510711,0.0131554,0.166524,11.8347,9.07089,30.0467
0.0502558,0.0143718,0.163598,12.056,9.14337,30.0603
0.0489114,0.0159093,0.159898,14.192,9.14643,30.0618
0.0495876,0.018775,0.162357,13.3621,9.9485,30.064
0.0458671,0.00221132,0.158536,19.3111,10.3402,30.0647
0.0469442,0.00543586,0.16154,17.021,10.1977,30.0663
0.0504299,0.00763059,0.162935,12.5026,9.83102,30.071
0.0475992,0.0116086,0.16442,16.1303,10.935,30.0791
0.0511786,0.00405058,0.164001,11.7985,9.44766,30.083
0.0475545,0.00754393,0.16259,16.2348,10.4827,30.0887
0.0496175,0.0210007,0.165838,13.4316,9.72988,30.0889
0.049513,0.0111842,0.165397,13.0304,9.91135,30.0898
0.0476114,0.00253905,0.160851,16.0118,10.4376,30.0898
0.0488442,0.00360017,0.162129,14.8901,9.33315,30.0909
0.0463495,0.013651,0.162644,18.5016,10.2306,30.0937
0.051108,0.00444931,0.161039,11.1264,9.11846,30.095
0.0490078,0.00398163,0.15543,14.5493,9.25823,30.0952
0.0488845,0.0166607,0.159926,14.4718,9.84554,30.0965
0.0503992,0.00639766,0.159333,12.4025,9.93709,30.0968
0.0464274,0.0183311,0.162796,18.4407,10.5894,30.1039
0.0496911,0.00777597,0.158493,13.868,9.21746,30.1059
0.0503451,0.0102296,0.16034,12.2491,9.03083,30.1066
0.0488511,0.00720346,0.161217,14.4248,9.46669,30.1078
0.0510814,0.00807591,0.162563,11.7876,9.65813,30.108
0.0503499,0.0167516,0.163664,12.4453,9.48901,30.1084
0.04958,0.0248644,0.166038,13.3446,9.01143,30.1106
0.0458882,0.0134731,0.164781,19.9145,10.2991,30.1107
0.0482634,0.00296081,0.155456,15.0087,9.97307,30.1128
0.0457878,0.0127717,0.16136,19.7784,10.1102,30.1129
0.0502304,0.0181462,0.165284,12.2438,9.53047,30.1149
0.0470685,0.0159701,0.16483,17.9059,10.4122,30.1197
0.0457722,0.0174875,0.16288,19.232,10.6199,30.1226
0.0464304,0.0120865,0.159816,18.1383,10.4564,30.1254
0.045834,0.023001,0.163905,19.0977,10.1319,30.1255
0.0476168,0.000863464,0.159842,16.5875,10.6235,30.1259
0.0483094,0.00436747,0.155808,15.7645,9.37351,30.128
0.0488868,0.00707602,0.154704,14.0665,9.93306,30.1284
0.0502288,0.00946265,0.163672,12.2611,9.73689,30.1312
0.0458876,0.0144767,0.161813,19.6685,10.7366,30.1323
0.0517819,0.00326156,0.165431,10.4197,9.13205,30.1333
0.0458213,0.0254711,0.164633,19.5742,10.9174,30.1391
0.0458848,0.0162426,0.165514,19.2363,10.2788,30.1437
0.0453197,0.00112792,0.158993,20.1709,10.933,30.1491
0.0495777,0.0165372,0.159336,13.7176,9.22919,30.1507
0.0458626,0.0227702,0.165475,19.9481,10.7719,30.1509
0.0463231,0.0196333,0.164067,18.5691,10.4006,30.1544
0.0502668,0.00868184,0.159624,12.7765,9.65526,30.1566
0.0452942,0.00897222,0.160458,20.5106,10.1168,30.1574
0.0495339,0.0291064,0.166479,13.9346,9.06103,30.1579
0.0457784,0.0275554,0.165574,19.1422,10.4896,30.1603
0.0502535,0.0025408,0.159621,12.5433,9.28184,30.1604
0.0495399,0.00175282,0.157764,13.2727,9.99789,30.1613
0.0489901,0.00821845,0.161701,14.9897,9.14204,30.1624
0.0482994,0.0060572,0.151209,15.9377,9.34931,30.1668
0.0488857,0.0140944,0.155575,14.7019,9.14239,30.169
0.0494837,0.00197746,0.164504,13.3464,9.11678,30.1706
0.0488232,0.00298187,0.163826,14.6862,9.51892,30.1741
0.048407,0.00234651,0.165718,15.457,10.1054,30.1752
0.0512308,0.00151378,0.166075,11.9261,9.08991,30.1752
0.0476486,0.0127689,0.164401,16.5759,10.1784,30.1766
0.0495991,0.022736,0.163094,13.743,9.08018,30.1777
0.0482597,0.00576762,0.149859,15.6036,9.75617,30.1786
0.0463509,0.00258321,0.159114,18.3989,10.1314,30.1787
0.048862,0.0217397,0.159322,14.547,9.58131,30.181
0.0464311,0.00969948,0.158221,18.8832,10.8726,30.1848
0.0494808,0.00230316,0.164426,13.9985,9.94068,30.1883
0.0463086,0.03105,0.16656,18.4685,10.1807,30.1883
0.0482562,0.00481855,0.159182,15.1314,9.60221,30.1889
0.0468819,0.0120484,0.164869,17.3066,10.6188,30.1903
0.0503162,0.00737467,0.157454,12.5115,9.84568,30.1915
0.0488704,0.0129253,0.156012,14.3887,9.695,30.1921
0.0511836,0.00812819,0.166527,11.6781,9.47162,30.2006
0.0482302,0.00602476,0.155458,15.8618,9.90919,30.2039
0.0503073,0.0205201,0.16355,12.7321,9.4069,30.2087
0.0489103,0.0183121,0.156936,14.0643,9.30987,30.2087
0.0452346,0.0136998,0.165112,20.2851,10.8661,30.2088
0.0468752,0.0159387,0.16552,17.0152,10.5779,30.2098
0.0457537,0.0316487,0.166015,19.1458,10.5454,30.21
0.0453256,0.00133278,0.156719,20.5163,10.4091,30.2102
0.0482742,0.0033014,0.160116,15.3389,9.12397,30.2141
0.0502126,0.0222163,0.165799,12.4693,9.18795,30.2143
0.0464616,0.0160216,0.161105,18.3653,10.5261,30.2167
0.0511542,0.00639951,0.162499,11.0761,9.61651,30.2216
0.0482793,0.0124892,0.155794,15.4811,9.40994,30.2267
0.0476462,0.00632439,0.161106,16.6112,10.2753,30.2286
0.0482886,0.0107569,0.152895,15.9012,9.73669,30.2287
0.0477234,0.0115929,0.165003,16.7512,10.1129,30.2352
0.0457588,0.0125396,0.161269,19.474,10.5662,30.2354
0.0488336,0.00962512,0.159503,14.9394,9.80533,30.2361
0.0501947,0.0170907,0.166419,12.3093,9.6072,30.2379
0.050266,0.00615352,0.157861,12.269,9.29477,30.2393
0.0458617,0.0220221,0.161222,19.1638,10.6241,30.2393
0.0476753,0.00305827,0.159899,16.8442,10.2426,30.2453
0.0464802,0.0221949,0.166555,18.1587,10.5826,30.2476
0.0489328,0.00534314,0.15013,14.8413,9.11526,30.2497
0.0501838,0.00407387,0.166161,12.7537,9.45011,30.2521
0.0488516,0.00500893,0.155817,14.2239,9.68264,30.2552
0.0462945,0.00756104,0.166377,18.9388,10.5024,30.256
0.0452027,0.0259083,0.166198,20.1947,10.7934,30.2609
0.047472,0.00602934,0.164281,16.4934,10.6199,30.262
0.0462843,0.0199036,0.16536,18.1942,10.6224,30.2626
0.0452909,0.00693654,0.165447,20.203,10.1871,30.2635
0.0465041,0.0141415,0.161814,18.4202,10.5079,30.2637
0.0475952,0.0182033,0.165068,16.1899,10.9088,30.2666
0.0510683,0.0169923,0.165303,11.387,9.91318,30.2671
0.0463516,0.0166644,0.16048,18.4691,10.3267,30.269
0.0482561,0.0153924,0.153375,15.4585,9.17411,30.2693
0.0452401,0.0103992,0.161365,20.8299,10.7233,30.2718
0.0477149,0.0106357,0.163341,16.8432,10.9616,30.2756
0.0482286,0.0147204,0.154495,15.4599,9.13867,30.2757
0.0495213,0.0207835,0.160048,13.3989,9.74575,30.2796
0.0489532,0.0165741,0.156706,14.999,9.59362,30.2835
0.0503953,0.00402088,0.154862,12.1935,9.56674,30.2864
0.0487972,0.0145673,0.164755,14.1305,9.71252,30.2933
0.0488758,0.0053249,0.16481,14.1596,10.1148,30.2937
0.0453425,0.00335456,0.161548,20.4119,10.4831,30.2957
0.045361,0.00222063,0.153957,20.5924,10.7954,30.2962
0.0482757,0.0112416,0.159895,15.125,9.56618,30.2989
0.0452394,0.00639386,0.165572,20.1571,10.2398,30.2991
0.045755,0.00322993,0.166468,19.0023,10.2856,30.2992
0.0453669,0.00218083,0.156519,20.9688,10.1917,30.2999
0.0489329,0.014843,0.153702,14.3677,9.27873,30.3014
0.0497182,0.00566697,0.166299,13.5533,9.81918,30.3018
0.0463168,0.0272088,0.163419,18.7139,10.8011,30.3031
0.049487,0.0152219,0.163389,13.63,9.47509,30.305
0.0465329,0.0119789,0.16259,18.7428,10.8815,30.3054
0.0453262,0.00133396,0.154655,20.3763,10.4866,30.3066
0.0481901,0.00296903,0.15725,15.7845,9.01573,30.3081
0.0481929,0.00461338,0.158744,15.6094,9.43764,30.309
0.0496884,0.0158121,0.161901,13.273,9.7762,30.3091
0.0468727,0.0127847,0.163437,17.5757,10.3888,30.3108
0.0509526,0.00748342,0.163802,11.3411,9.7301,30.3127
0.0488561,0.00651786,0.153907,14.3856,9.01176,30.3138
0.0452472,0.0221304,0.161138,20.5505,10.8363,30.3139
0.048907,0.0266485,0.16262,14.958,9.17828,30.3188
0.048243,0.0203241,0.156772,15.1797,9.90188,30.3199
0.0458276,0.00836588,0.156133,19.7379,10.2612,30.3209
0.0512186,0.000847991,0.161441,11.9359,9.86323,30.3234
0.0495979,0.0269424,0.162444,13.698,9.45808,30.3234
0.0488095,0.021141,0.165289,14.5253,9.29346,30.3243
0.0457717,0.00835047,0.158251,19.3264,10.8419,30.3244
0.0489472,0.0213617,0.162319,14.3425,9.37509,30.3249
0.0509605,0.0109861,0.163929,11.1384,9.30191,30.3253
0.0487887,0.00482402,0.164571,14.6505,9.35823,30.3267
0.0487561,0.00488988,0.16638,14.0502,10.71,30.327
0.0470825,0.00693222,0.157992,17.0964,10.0396,30.3286
0.0477752,0.00158652,0.160492,16.7711,10.1395,30.3292
0.0457489,0.0358992,0.164617,19.3447,10.5905,30.3307
0.0481824,0.00451817,0.156262,15.755,9.50661,30.3334
0.0470502,0.0176965,0.161748,17.8858,10.5045,30.3366
0.0483949,0.00827675,0.166109,15.3506,10.3192,30.3407
0.0477889,0.00138952,0.161321,16.8394,10.3138,30.3416
0.0494871,0.0225779,0.163141,13.7477,9.34093,30.3428
0.0459567,0.00490795,0.156667,19.6198,10.8913,30.3428
0.0474714,0.00340549,0.162243,16.7375,10.9053,30.3444
0.0483131,0.0115953,0.153297,15.2066,9.21813,30.3454
0.0490578,0.00194434,0.153607,14.37,9.70141,30.3502
0.0483326,0.00587877,0.157728,15.735,9.65902,30.3505
0.0475983,0.00150038,0.156995,16.3987,10.7743,30.3508
0.0503432,0.0235687,0.164033,12.0558,9.8885,30.3528
0.0489596,0.0147068,0.153298,14.7078,9.25461,30.3536
0.0451872,0.0398154,0.166593,20.8194,10.8775,30.3537
0.0474664,0.0129843,0.164015,16.2444,10.8981,30.3542
0.0497538,0.00359444,0.161755,13.0445,9.12144,30.357
0.0488225,0.0357911,0.166326,14.5888,9.20186,30.3602
0.0462701,0.027252,0.165612,18.4326,10.3553,30.3625
0.0463812,0.0304772,0.163173,18.2061,10.9649,30.3628
0.0476831,0.020306,0.166171,16.077,10.3682,30.3634
0.0488598,0.00172768,0.152035,14.7148,9.21684,30.3637
0.0483583,0.00333286,0.14939,15.6933,9.44609,30.3641
0.0471314,0.0065332,0.158614,17.4324,10.629,30.3683
0.0476438,0.00762824,0.159987,16.5155,10.9544,30.3702
0.0488855,0.0188703,0.154134,14.8796,9.85668,30.3703
0.0476648,0.00381234,0.158662,16.191,10.7935,30.3718
0.0477701,0.00420198,0.161201,16.6816,10.5234,30.3729
0.0457976,0.0351651,0.163345,19.2386,10.3583,30.3735
0.0502629,0.0131902,0.158289,12.2171,9.31066,30.3748
0.0509321,0.0121936,0.165336,11.4284,9.88282,30.3753
0.0474819,0.00837057,0.161358,16.9603,10.1331,30.3756
0.0490048,0.0112389,0.159981,14.2787,9.01242,30.3768
0.051718,0.00459144,0.165626,10.0673,9.34375,30.3788
0.04765,0.0230191,0.166178,16.1714,10.3186,30.3794
0.0459047,0.0158684,0.157933,19.4919,10.5446,30.3794
0.0477124,0.0116557,0.162412,16.226,10.2008,30.3811
0.051032,0.00406266,0.157681,11.9089,9.25704,30.3815
0.0453364,0.0153014,0.157389,20.3376,10.6319,30.3826
0.0495318,0.0294463,0.161744,13.1139,9.44199,30.383
0.0468641,0.00263782,0.163339,17.5967,10.3258,30.3837
0.0481158,0.0200871,0.165603,15.7553,10.9215,30.384
0.0481119,0.0166318,0.164263,15.0826,10.5284,30.3846
0.0489273,0.0259286,0.161264,14.5741,9.60305,30.3849
0.0481739,0.0107813,0.158886,15.8823,9.14804,30.3868
0.049637,0.0224585,0.159671,13.1648,9.28701,30.3871
0.0458554,0.0154554,0.15637,19.1931,10.7973,30.388
0.0488316,0.0192353,0.157077,14.8367,9.40024,30.388
0.0488013,0.0297661,0.163352,14.6981,9.27273,30.3888
0.049039,0.00517482,0.152118,14.9063,9.02826,30.3903
0.0457455,0.039104,0.164367,19.8389,10.6299,30.3913
0.0488632,0.0352532,0.165752,14.9534,9.12283,30.393
0.0518716,0.00256938,0.161493,10.5579,9.06373,30.3933
0.0462616,0.0189997,0.165744,18.7781,10.4321,30.3936
0.046277,0.0283562,0.164308,18.0787,10.0311,30.3943
0.0476471,0.00210532,0.152627,16.229,9.03912,30.3949
0.045941,0.00517062,0.154412,19.7268,10.3784,30.3949
0.0453715,0.00519799,0.153597,20.3128,10.121,30.3968
0.048311,0.0075002,0.163,15.9794,10.6543,30.3994
0.045908,0.00668037,0.15412,19.4117,10.3702,30.4011
0.0457397,0.0117812,0.161701,19.6598,10.2658,30.4021
0.048806,0.0338129,0.166218,14.367,9.64715,30.4029
0.0510445,0.0167208,0.162746,11.3915,9.2412,30.4042
0.0481863,0.0111076,0.153541,15.8507,9.75593,30.405
0.0453611,0.00944196,0.159733,20.4139,10.2856,30.4068
0.04954,0.0190812,0.156802,13.9842,9.43788,30.4085
0.0504038,0.017766,0.163512,12.3514,9.3197,30.4094
0.0501717,0.00585595,0.164653,12.6765,9.89038,30.4111
0.0476734,0.0200274,0.164944,16.1972,10.6587,30.4111
0.0463661,0.0230935,0.159777,18.643,10.5339,30.4135
0.0494475,0.00731017,0.163684,13.6818,9.51646,30.4156
0.0459724,0.00622349,0.164849,19.892,10.1439,30.4176
0.0497098,0.0142344,0.163717,13.8154,9.56592,30.4189
0.0459113,0.0225601,0.164106,19.9223,10.5103,30.4218
0.050268,0.00464491,0.154804,12.0345,9.41991,30.4255
0.0502622,0.011337,0.157026,12.1759,9.67564,30.4266
0.048845,0.00262464,0.152579,14.2236,9.71737,30.4293
0.0453052,0.00101017,0.152331,20.1006,10.992,30.4297
0.048282,0.0171521,0.15255,15.4596,9.22168,30.43
0.0489378,0.025746,0.160332,14.1399,9.74179,30.4315
0.0487654,0.0222245,0.1663,14.7974,9.23037,30.4326
0.0482009,0.0240429,0.153425,15.0446,9.71935,30.4327
0.0476035,0.00138811,0.156044,16.3914,10.0602,30.4328
0.0470694,0.0237343,0.164314,17.8156,10.6357,30.4331
0.0488146,0.0235787,0.158896,14.2969,9.98548,30.4338
0.0511699,0.0114115,0.165428,11.4795,9.55365,30.4347
0.0474421,0.00897629,0.164274,16.243,10.0445,30.4371
0.046512,0.0219385,0.165002,18.0261,10.7433,30.4378
0.0464889,0.00651231,0.154533,18.1599,10.7521,30.4419
0.0487681,0.00485646,0.165718,14.9063,9.39038,30.4428
0.0451838,0.0420893,0.165438,20.8027,10.6389,30.4437
0.0469344,0.00209534,0.154838,17.8392,10.6648,30.4456
0.0474523,0.0261475,0.165753,16.6905,10.5748,30.4459
0.0477065,0.00342793,0.150132,16.0134,9.44591,30.4483
0.048793,0.0142678,0.159868,14.1205,9.23764,30.4489
0.0481638,0.0143496,0.162031,15.4018,9.51848,30.4503
0.0483155,0.010081,0.159606,15.5282,9.88726,30.4504
0.0475029,0.00471958,0.157424,16.3386,10.2075,30.4507
0.0451686,0.0324927,0.164112,20.5761,10.0368,30.451
0.0474763,0.0140983,0.161212,16.8288,10.2413,30.4511
0.0502902,0.0191328,0.158797,12.4567,9.6281,30.4518
0.0490218,0.00237125,0.147421,14.0235,9.75677,30.4524
0.0474402,0.00960376,0.164157,16.7224,10.6595,30.4531
0.0457527,0.0458945,0.165816,19.4717,10.2425,30.454
0.045268,0.0172288,0.156539,20.1681,10.0268,30.4563
0.0475237,0.00576626,0.156587,16.1669,10.1761,30.4588
0.0488844,0.0344505,0.164623,14.5281,9.38348,30.4594
0.0482751,0.0190716,0.152859,15.5363,9.69179,30.4604
0.0474917,0.0305249,0.166145,16.71,10.2858,30.4604
0.0496794,0.0218365,0.163209,13.2066,9.44614,30.4605
0.0490049,0.00588859,0.166001,14.9432,9.34919,30.4611
0.0457554,0.0211609,0.158995,19.5234,10.4692,30.462
0.0497399,0.010027,0.157564,13.0764,9.93914,30.4639
0.0475358,0.0104118,0.157631,16.1048,10.675,30.4671
0.0447849,0.0022041,0.156268,21.6994,10.9596,30.4688
0.0475409,0.00258455,0.155046,16.462,10.4191,30.469
0.0482957,0.0164219,0.151846,15.2215,9.0798,30.4695
0.0502033,0.035019,0.166612,12.6934,9.91228,30.4699
0.0509797,0.0241879,0.165763,11.4255,9.06019,30.4713
0.0488137,0.0381137,0.161938,14.7405,9.42806,30.4719
0.0482321,0.0285205,0.160975,15.2203,9.74424,30.4731
0.0451996,0.0182911,0.159781,20.1352,10.6876,30.4732
0.046978,0.0338288,0.166044,17.4145,10.0172,30.4744
0.0497729,0.00483629,0.159315,13.8862,9.20544,30.4746
0.0526662,0.00121473,0.166254,9.9532,9.56553,30.4752
0.0464012,0.0208994,0.158528,18.7776,10.8572,30.4779
0.0483368,0.00724314,0.158739,15.5396,9.27197,30.4787
0.0487443,0.0174021,0.166545,14.3049,9.51361,30.4795
0.0509657,0.0178521,0.163068,11.29,9.2312,30.4795
0.0495268,0.00347822,0.153753,13.5642,9.18122,30.4804
0.0482657,0.00962847,0.146366,15.4685,9.8395,30.4805
0.0510143,0.0254613,0.166532,11.3202,9.15949,30.4835
0.0518832,0.00504628,0.162563,10.788,9.32342,30.4844
0.0469445,0.0291375,0.163518,17.6269,10.8939,30.4855
0.0452679,0.0158667,0.155492,20.4758,10.3425,30.4858
0.0497381,0.0117273,0.160924,13.9132,9.68009,30.4897
0.0447242,0.0183324,0.160437,21.0191,10.6746,30.4903
0.0483502,0.00865368,0.154168,15.7143,9.61727,30.4927
0.0487641,0.00507996,0.163954,14.605,9.7773,30.4928
0.0452029,0.0105761,0.166334,20.0209,10.0404,30.4929
0.0462664,0.0319164,0.163908,18.4315,10.5277,30.4935
0.0447593,0.00984105,0.158981,21.6495,10.4385,30.4968
0.0495416,0.0110658,0.153262,13.5351,9.05334,30.4974
0.0476366,0.0154374,0.150426,16.1128,9.01827,30.4978
0.0487847,0.00367998,0.157445,14.4176,9.56807,30.4984
0.0465733,0.00614613,0.15778,18.039,10.47,30.4996
0.046956,0.011096,0.15621,17.4838,10.5996,30.5001
0.0477878,0.00360203,0.159992,16.2322,10.4348,30.5016
0.0452044,0.00957892,0.165962,20.4742,10.7522,30.5018
0.0464363,0.0351359,0.165645,18.3419,10.829,30.5035
0.0495683,0.0140256,0.153201,13.5667,9.10627,30.5039
0.0516942,0.00301302,0.164601,10.0225,9.89296,30.505
0.0469064,0.0130242,0.157234,17.3153,10.4389,30.5102
0.0482338,0.00986148,0.165926,15.1892,9.9379,30.5117
0.0469864,0.00486277,0.15428,17.6279,10.4594,30.5132
0.0462904,0.0331598,0.162501,18.6353,10.5467,30.5146
0.0487708,0.0352924,0.166502,14.6108,9.54207,30.5156
0.0496904,0.0209823,0.164022,13.2705,9.93219,30.5158
0.0458772,0.0324488,0.164082,19.7357,10.8377,30.5167
0.0496798,0.0120338,0.152911,13.4782,9.63876,30.5205
0.0488184,0.00271824,0.160684,14.1798,10.7985,30.5229
0.0494782,0.00199993,0.157891,13.0465,9.50079,30.5236
0.0501517,0.00944738,0.165134,12.5572,9.26243,30.5237
0.045864,0.0346999,0.163692,19.3133,10.3484,30.5244
0.0453282,0.0184833,0.155272,20.1391,10.978,30.5246
0.0451971,0.0371967,0.161848,20.8844,10.6264,30.5267
0.0501543,0.00641507,0.164298,12.3542,9.44682,30.5277
0.0502674,0.0311139,0.163958,12.5551,9.26887,30.5277
0.0457635,0.0466443,0.164999,19.3426,10.1808,30.5282
0.049705,0.0088462,0.152142,13.3253,9.41675,30.5291
0.0468762,0.0160611,0.159026,17.1975,10.161,30.5308
0.0511738,0.0127159,0.165848,11.6735,9.58588,30.5322
0.0481679,0.0334801,0.158365,15.4549,9.92174,30.5344
0.0481392,0.0207123,0.160448,15.8662,9.26755,30.5344
0.0458848,0.0276579,0.160362,19.2992,10.989,30.5348
0.0472241,0.00508847,0.165079,17.1537,10.0018,30.5363
0.0497264,0.00926081,0.166416,13.7807,9.27197,30.537
0.0447876,0.00954026,0.154491,21.383,10.8016,30.5372
0.047615,0.002338,0.156491,16.9227,9.05689,30.5376
0.0453555,0.0169825,0.163358,20.0515,10.6397,30.5376
0.0453239,0.0131122,0.153337,20.5505,10.3151,30.5386
0.0509951,0.00856244,0.157997,11.965,9.95643,30.5387
0.0509209,0.00748033,0.162944,11.3339,9.15943,30.539
0.0482463,0.0286368,0.159543,15.6427,9.39796,30.5403
0.0481328,0.0148464,0.161419,15.5922,10.9462,30.541
0.0477029,0.00902109,0.159489,16.0908,10.9622,30.5419
0.0489518,0.0203815,0.152798,14.8914,9.83973,30.5427
0.0457771,0.0434193,0.163699,19.1735,10.3098,30.5427
0.0476155,0.0189049,0.152594,16.7875,9.34413,30.5436
0.0495179,0.00554434,0.165345,13.681,10.6407,30.546
0.0468409,0.00601403,0.163261,17.9085,10.1422,30.5467
0.0468744,0.0240759,0.160745,17.4763,10.7223,30.5484
0.0468539,0.00981459,0.160043,17.954,10.285,30.5488
0.0446642,0.0352043,0.16353,21.5502,10.9322,30.549
0.0451592,0.0395973,0.163338,20.6818,10.0754,30.5497
0.0457321,0.0391799,0.162198,19.0042,10.0423,30.551
0.0501582,0.00843021,0.163695,12.5983,9.5063,30.5515
0.0504613,0.00235093,0.154193,12.9313,9.43246,30.5518
0.0481256,0.0155077,0.158339,15.9152,9.28416,30.5523
0.047625,0.0134798,0.145015,16.2672,9.43247,30.5525
0.0476411,0.00710926,0.142387,16.8261,9.74483,30.5533
0.0481146,0.00637351,0.159178,15.2134,10.2372,30.5537
0.0459796,0.0107817,0.162928,19.3271,10.3336,30.5547
0.0464396,0.0353648,0.165006,18.0685,10.0514,30.5554
0.0447151,0.028876,0.160928,21.9242,10.439,30.5568
0.0447281,0.00432358,0.160328,21.5512,10.9221,30.5571
0.0470247,0.00427145,0.154184,17.9712,10.6046,30.5579
0.0511054,0.00415726,0.155445,11.6864,9.84726,30.5589
0.0447512,0.0115156,0.161269,21.9742,10.478,30.5602
0.0462614,0.0314491,0.162985,18.4226,10.4157,30.5607
0.0475361,0.026335,0.164005,16.0541,10.8072,30.5608
0.0488831,0.0381994,0.165378,14.4872,9.93337,30.562
0.0477462,0.010886,0.160943,16.6162,10.9528,30.5623
0.0482786,0.0221657,0.152946,15.0422,9.00283,30.5638
0.0516972,0.00800732,0.164655,10.4547,9.54204,30.5643
0.0458036,0.0341702,0.159946,19.6553,10.6209,30.5645
0.0446964,0.0168745,0.161188,21.6513,10.9106,30.5652
0.0490128,0.00671395,0.165042,14.7932,10.0461,30.5671
0.0488485,0.0337827,0.157787,14.1496,9.32793,30.5673
0.0481389,0.0240333,0.158297,15.7136,9.9543,30.5694
0.0452245,0.0400719,0.161467,20.8911,10.8173,30.5695
0.0482427,0.0100579,0.145364,15.1169,9.84282,30.5735
0.048186,0.00698853,0.149168,15.5132,9.36224,30.5738
0.0447962,0.0108533,0.154384,21.8342,10.4965,30.5741
0.0496621,0.0248313,0.159983,13.877,9.62878,30.5744
0.0465477,0.00568622,0.154114,18.5537,10.7004,30.5747
0.0481459,0.0263347,0.16639,15.4506,10.9931,30.5747
0.0501615,0.0200365,0.163886,12.5844,9.67856,30.575
0.0469081,0.0127447,0.155916,17.9566,10.8986,30.5754
0.0494737,0.0405106,0.164346,13.6232,9.73366,30.5754
0.0469973,0.0289672,0.163027,17.3654,10.7462,30.5754
0.0488887,0.00772612,0.147595,14.5569,9.36292,30.5755
0.0448091,0.00892891,0.152373,21.1017,10.3006,30.5757
0.0482416,0.0304239,0.161468,15.0051,9.20105,30.5768
0.0463587,0.0146231,0.154833,18.5059,10.7866,30.5771
0.0502388,0.0355521,0.165516,12.4044,9.26697,30.5779
0.0476341,0.0187622,0.150297,16.7183,9.01646,30.5779
0.0488023,0.0155506,0.155916,14.4875,9.83279,30.578
0.0502279,0.0253445,0.160419,12.8082,9.01506,30.5782
0.0458547,0.0376703,0.163463,19.2504,10.8112,30.5783
0.0469357,0.0240101,0.159942,17.592,10.043,30.5805
0.0488776,0.0145815,0.149774,14.6207,9.01957,30.5817
0.0447444,0.00622773,0.162054,21.476,10.0748,30.5832
0.0483121,0.0167192,0.165141,15.3653,10.2428,30.5847
0.0488655,0.0242204,0.153052,14.8963,9.94853,30.585
0.0457102,0.0210915,0.160382,19.8061,10.0866,30.5851
0.0483859,0.0030466,0.146462,15.964,9.55342,30.586
0.0446905,0.0285716,0.158947,21.2944,10.5073,30.5875
0.0519087,0.00215825,0.160844,10.4502,9.35345,30.5881
0.0482459,0.0296618,0.161626,15.1789,9.87114,30.5889
0.0490062,0.0147934,0.161536,14.2575,9.89481,30.5894
0.0471792,0.0150156,0.166154,17.1031,10.8304,30.59
0.0471538,0.0136652,0.161696,17.9068,10.0988,30.5906
0.0477777,0.0131424,0.164395,16.9109,10.3046,30.5917
0.0457379,0.0042355,0.159428,19.1987,10.2856,30.5922
0.0481286,0.0266475,0.165767,15.0583,10.0244,30.5926
0.0446683,0.0385409,0.162245,21.8043,10.1097,30.5932
0.0476014,0.0162214,0.145283,16.8111,9.47397,30.5942
0.0475585,0.0107417,0.149711,16.8141,9.96281,30.5947
0.0495464,0.00849508,0.166366,13.206,10.0073,30.595
0.044275,0.000941867,0.166566,22.3956,11.7222,30.5951
0.0452211,0.0452528,0.162376,20.0566,10.045,30.597
0.0447826,0.00681029,0.151906,21.226,10.1621,30.5989
0.0453783,0.0128574,0.154161,20.8556,10.1887,30.5994
0.0481147,0.0191638,0.163071,15.9468,9.88288,30.5999
0.0495833,0.0221077,0.154627,13.7628,9.75233,30.6004
0.0509916,0.00917513,0.157379,11.3986,9.47366,30.6005
0.0470629,0.0292833,0.164901,17.6991,10.5049,30.6008
0.0465425,0.015135,0.158994,18.6592,10.6965,30.6009
0.044685,0.0253777,0.165731,21.8534,10.3381,30.601
0.046508,0.0149273,0.156381,18.0814,10.5066,30.6025
0.0475301,0.0123109,0.156545,16.9745,10.0186,30.6038
0.0487282,0.0162741,0.165573,14.0472,9.59872,30.6039
0.0483473,0.0112127,0.163115,15.319,10.1336,30.604
0.0481083,0.0179753,0.159568,15.1634,9.98346,30.6049
0.046945,0.0313643,0.163044,17.8838,10.3945,30.608
0.0469875,0.013654,0.156492,17.9693,10.6417,30.6081
0.0495083,0.0100705,0.153927,13.6138,9.09944,30.6095
0.0481955,0.0191916,0.16364,15.1457,10.0712,30.6108
0.0497565,0.00792673,0.162951,13.1009,9.41319,30.6114
0.0465407,0.0228375,0.165827,18.7398,10.2253,30.6124
0.0457469,0.0133793,0.155776,19.2128,10.991,30.6124
0.0470366,0.00589509,0.142556,17.6089,9.08553,30.6129
0.0519339,0.00348645,0.16289,10.02,9.97,30.613
0.0481188,0.0233551,0.164866,15.7408,9.44787,30.614
0.0475878,0.0192581,0.157052,16.6796,9.80245,30.6155
0.0487981,0.00228207,0.159521,14.8227,10.9306,30.6159
0.0489326,0.029597,0.157514,14.9998,9.15222,30.6168
0.0476095,0.00442672,0.155083,16.7956,10.8336,30.6171
0.044751,0.0203136,0.162434,21.4201,10.9439,30.6172
0.0481098,0.0183331,0.162518,15.1115,9.72178,30.6192
0.0447533,0.0234202,0.159793,21.9596,10.498,30.6192
0.0494394,0.000846456,0.159527,13.1727,9.44148,30.6202
0.0502136,0.0124345,0.156912,12.6846,9.06132,30.6218
0.0470095,0.0295326,0.162769,17.931,10.5519,30.6221
0.0481605,0.0309243,0.164853,15.9007,9.87862,30.6235
0.0476508,0.018344,0.153858,16.0206,9.07835,30.6238
0.0489076,0.0333624,0.158003,14.5373,9.44808,30.6241
0.0487561,0.00159872,0.160513,14.9907,9.52225,30.6245
0.0446978,0.012617,0.157531,21.247,10.3958,30.625
0.0481904,0.00905429,0.158551,15.4917,10.5188,30.6266
0.0477009,0.00950075,0.147927,16.8279,9.01066,30.6284
0.0484272,0.00810508,0.16363,15.6094,10.9837,30.6298
0.0494795,0.0240732,0.158074,13.4141,9.06,30.6299
0.0477088,0.0204397,0.163657,16.3109,10.6915,30.6303
0.0496119,0.0087999,0.149513,13.1636,9.64098,30.6306
0.0496722,0.00302415,0.146956,13.3722,9.97332,30.631
0.0494273,0.00656164,0.161567,13.4396,9.68604,30.6319
0.0487501,0.00371653,0.161149,14.0249,9.04076,30.6321
0.0457672,0.0511279,0.1657,19.9296,10.2042,30.6325
0.0477881,0.0146427,0.16547,16.1137,10.437,30.633
0.0490646,0.000873208,0.145863,14.2898,9.35555,30.634
0.0476303,0.0158633,0.156828,16.0954,9.25538,30.6343
0.0481389,0.0188738,0.155027,15.5734,9.23193,30.6344
0.0475323,0.00841098,0.153413,16.9193,9.83769,30.6346
0.0511756,0.00228647,0.156547,11.0488,9.97419,30.6362
0.0489647,0.0265244,0.161108,14.9796,9.76792,30.6366
0.0456758,0.0423486,0.164878,19.5939,10.423,30.6379
0.0497358,0.0140029,0.163248,13.9878,9.88516,30.6401
0.0470232,0.03634,0.166296,17.6156,10.8159,30.6401
0.0475992,0.00133126,0.153309,16.6629,10.3151,30.6406
0.0462276,0.0270403,0.164612,18.6874,10.549,30.6425
0.0504922,0.00591785,0.158526,12.2785,9.10371,30.6446
0.045775,0.0364467,0.159424,19.1305,10.2439,30.6447
0.0470457,0.006083,0.140894,17.8963,9.2552,30.6456
0.045684,0.0266792,0.162641,19.7824,10.4765,30.6475
0.0474529,0.0221728,0.160459,16.9225,10.2474,30.648
0.0489671,0.0215957,0.152498,14.5188,9.08623,30.6488
0.0481904,0.0121201,0.159551,15.9259,10.253,30.6493
0.0509121,0.00339563,0.161228,11.1764,9.5866,30.6499
0.0438272,0.00484915,0.165161,23.4864,11.7343,30.65
0.0474611,0.00753756,0.157823,16.6639,10.515,30.6517
0.0481939,0.033051,0.166128,15.0684,9.4095,30.652
0.0481327,0.0139151,0.165136,15.7179,9.13355,30.6553
0.044713,0.00804046,0.162968,21.107,10.6209,30.656
0.0475299,0.00767151,0.153275,16.5754,9.46571,30.656
0.0458412,0.0259104,0.156202,19.0233,10.0465,30.6567
0.0476145,0.0290437,0.165176,16.0065,10.509,30.6573
0.0462794,0.00421023,0.157581,18.0922,10.9231,30.6577
0.0487853,0.0393284,0.159886,14.5953,9.71276,30.6585
0.0476055,0.00277077,0.15855,16.8584,9.57045,30.6604
0.0446924,0.0128458,0.157772,21.7919,10.9908,30.6608
0.0518593,0.0146753,0.166468,10.8504,9.01273,30.6612
0.0454218,0.00419662,0.152789,20.0076,10.0189,30.6612
0.0494006,0.0125926,0.164753,13.2466,9.55613,30.6615
0.0490456,0.00343127,0.163742,14.8162,9.38486,30.6621
0.0474264,0.0217351,0.162446,16.5758,10.3781,30.6625
0.0464615,0.0193284,0.156144,18.2678,10.6724,30.6628
0.0509889,0.0298638,0.166595,11.288,9.71249,30.663
0.04586,0.0407611,0.1647,19.2403,10.4122,30.6638
0.0495044,0.0113417,0.166269,13.4335,10.0949,30.6646
0.0476845,0.0128479,0.153244,16.6895,9.63085,30.6661
0.0495176,0.042913,0.163809,13.6037,9.94516,30.667
0.0488154,0.0482558,0.16452,14.0768,9.23714,30.6687
0.0494779,0.0280253,0.158639,13.4986,9.05488,30.6688
0.0476005,0.0266585,0.15574,16.8157,9.59715,30.6701
0.0510758,0.00516909,0.154306,11.6533,9.3446,30.6704
0.0475057,0.0134936,0.156098,16.3532,10.0011,30.6714
0.0468859,0.00772918,0.154119,17.4349,10.5295,30.6714
0.049006,0.0031855,0.144189,14.066,9.58291,30.6734
0.0476642,0.0150821,0.155008,16.0256,9.08752,30.6736
0.0469698,0.0251426,0.160008,17.4206,10.2775,30.6739
0.0478646,0.00624716,0.166555,16.8687,10.6165,30.6747
0.046386,0.0153175,0.154122,18.5912,10.7332,30.6748
0.0468613,0.0219921,0.158536,17.4065,10.9092,30.6756
0.0475519,0.018841,0.159409,16.7373,10.9643,30.6769
0.0475207,0.0090931,0.152954,16.5946,9.12976,30.6781
0.0481681,0.020343,0.150492,15.5618,9.62528,30.6784
0.050943,0.0162619,0.160694,11.0588,9.19318,30.6812
0.0458397,0.0415005,0.162596,19.8591,10.1318,30.6818
0.0483459,0.00197799,0.158298,15.3422,10.9841,30.6824
0.0482986,0.0214266,0.1659,15.0663,10.318,30.6825
0.0482703,0.0181991,0.164795,15.9515,9.29732,30.6832
0.0466221,0.00538792,0.164844,18.502,10.8633,30.6836
0.0476185,0.00894427,0.159389,16.6671,9.32649,30.6837
0.0494858,0.0185722,0.15566,13.9676,9.11375,30.6848
0.0518586,0.000790323,0.157274,10.703,9.24317,30.6863
0.0454068,0.008874,0.161315,20.2774,10.645,30.6867
0.0502807,0.0112925,0.152967,12.6754,9.87234,30.6882
0.0475905,0.0140753,0.15927,16.9162,9.84189,30.6882
0.0451194,0.0447239,0.165519,20.5328,10.659,30.6895
0.0487167,0.010793,0.164601,14.139,10.6383,30.6903
0.0474817,0.0358216,0.165463,16.8102,10.7166,30.691
0.0454316,0.0044597,0.155235,20.1708,10.3192,30.6911
0.0473997,0.0109151,0.164393,16.4385,10.7035,30.6925
0.0489774,0.0244812,0.161896,14.4746,9.53651,30.6927
0.0494755,0.0198862,0.156793,13.619,9.24446,30.6935
0.0475543,0.0142253,0.146966,16.8653,9.11446,30.6937
0.0472629,0.00142955,0.16601,17.5503,10.8934,30.694
0.0488283,0.0387693,0.157931,14.3488,9.44624,30.6946
0.0476565,0.00785009,0.156423,16.3458,10.9752,30.6956
0.0489783,0.0262003,0.158768,14.5616,9.81247,30.6965
0.048967,0.00378718,0.161145,14.9952,10.389,30.6977
0.0517812,0.0188977,0.166371,10.8343,9.84348,30.6979
0.0475275,0.0226545,0.152757,16.6816,9.13079,30.6983
0.0481271,0.00361426,0.162296,15.3912,9.12619,30.6987
0.0476035,0.0183923,0.159041,16.8523,9.99197,30.6989
0.0457001,0.0544498,0.164896,19.6476,10.7545,30.7011
0.0457897,0.0265637,0.15554,19.4064,10.2642,30.7024
0.0488111,0.0480407,0.16231,14.3718,9.19738,30.7025
0.0464981,0.00781573,0.152175,18.0369,10.6937,30.7026
0.048696,0.00209327,0.165545,14.3246,10.2695,30.7034
0.0481106,0.00565045,0.159096,15.1906,9.09756,30.7035
0.0477594,0.0165484,0.163298,16.1128,10.2804,30.7045
0.0451688,0.039943,0.160294,20.6929,10.3011,30.7052
0.0451483,0.049653,0.163115,20.5765,10.2185,30.7053
0.0482321,0.0286201,0.151077,15.0272,9.58135,30.7067
0.0465769,0.0113496,0.157843,18.8702,10.1047,30.7067
0.0448603,0.00329398,0.149389,21.172,10.9422,30.7079
0.0495872,0.0372874,0.161511,13.2324,9.08388,30.7086
0.0501985,0.0243426,0.159528,12.4255,9.11658,30.7086
0.0495285,0.0383983,0.160704,13.0936,9.08428,30.7087
0.0487766,0.0155117,0.156392,14.3147,9.84057,30.7089
0.0482782,0.0244756,0.150219,15.8559,9.55369,30.7097
0.0452619,0.0488435,0.166054,20.2796,10.4937,30.7103
0.0477333,0.00549583,0.148094,16.2836,9.4524,30.7104
0.0469873,0.011749,0.145467,17.6451,9.97975,30.7112
0.0451911,0.00525615,0.163695,20.8067,10.0596,30.7116
0.0447609,0.0266417,0.154927,21.2593,10.34,30.7117
0.0489918,0.0078375,0.145397,14.5973,9.18826,30.7124
0.0456613,0.0511409,0.166075,19.2301,10.1206,30.7137
0.0489346,0.0108847,0.163452,14.6617,10.0167,30.7146
0.0460285,0.0035514,0.160204,19.7871,10.4348,30.7146
0.0475182,0.00730491,0.151018,16.5928,9.33768,30.7146
0.0462731,0.0166946,0.157448,18.9205,10.5695,30.7147
0.0487147,0.0111225,0.16442,14.1192,10.0123,30.7154
0.0470913,0.017066,0.157965,17.6011,10.7376,30.7158
0.0446431,0.0327853,0.164004,21.438,10.6736,30.7158
0.0451554,0.0247148,0.162095,20.2784,10.9947,30.7171
0.0494143,0.0437332,0.165934,13.8227,9.14759,30.7175
0.044664,0.0235938,0.159137,21.0086,10.1471,30.7176
0.0447026,0.0036298,0.158062,21.391,10.4638,30.718
0.0451464,0.0283578,0.163029,20.5731,10.23,30.7181
0.0462399,0.0290033,0.161779,18.5051,10.0705,30.7184
0.0512329,0.00376095,0.160412,11.3346,9.01545,30.7188
0.0463633,0.0102268,0.151548,18.0661,10.1816,30.7193
0.0476462,0.0217719,0.150925,16.7,9.40905,30.7194
0.0481113,0.0358188,0.161403,15.0587,9.51831,30.7196
0.0452607,0.00236753,0.149471,20.3929,10.3882,30.7197
0.0489432,0.0299875,0.165865,14.938,9.06046,30.7198
0.047134,0.020303,0.162499,17.2108,10.4978,30.7204
0.048107,0.0329,0.164944,15.3798,9.12349,30.7214
0.0447504,0.00684463,0.164407,21.7889,10.3309,30.7216
0.0476262,0.0140946,0.158857,16.1118,9.663,30.7222
0.0453262,0.033837,0.163342,20.178,10.0999,30.7226
0.0462708,0.0205011,0.157825,18.0299,10.6086,30.7227
0.0510288,0.0151941,0.158143,11.4965,9.55227,30.7239
0.0453159,0.0349789,0.160138,20.9565,10.1478,30.7249
0.0487978,0.00753992,0.160258,14.6085,10.0529,30.7258
0.0456744,0.0298121,0.162183,19.1795,10.6949,30.7259
0.0476714,0.0281192,0.164995,16.1894,10.3034,30.727
0.0470532,0.0351963,0.166137,17.6892,10.703,30.7283
0.0494117,0.00876414,0.165323,13.4526,10.0243,30.7286
0.0502783,0.0159456,0.154221,12.0106,9.11344,30.7293
0.0457082,0.0339123,0.159429,19.6272,10.754,30.7313
0.050157,0.0272267,0.162444,12.5832,9.92887,30.7314
0.045377,0.0177403,0.164147,20.7965,10.7743,30.7327
0.0462169,0.0255559,0.165142,18.7131,10.2661,30.7335
0.047502,0.0254188,0.160343,16.4745,10.9104,30.7337
0.0470232,0.00931071,0.139739,17.4281,9.0991,30.7338
0.048873,0.0448648,0.163664,14.25,9.07645,30.7338
0.0509058,0.0216855,0.163545,11.9965,9.20668,30.7345
0.050126,0.0240774,0.165378,12.6673,9.63626,30.7345
0.0452309,0.00926186,0.151655,20.484,10.2222,30.7346
0.0451649,0.0563994,0.163975,20.0374,10.8248,30.7355
0.0446925,0.0381018,0.158537,21.7664,10.2973,30.7369
0.0481028,0.0206152,0.16633,15.1728,9.42465,30.7378
0.044791,0.0094329,0.149158,21.0741,10.0448,30.7386
0.0457771,0.0305121,0.156293,19.0628,10.6021,30.7421
0.0481314,0.0393281,0.156071,15.1537,9.00855,30.7432
0.0469069,0.00781016,0.151803,17.8535,10.925,30.7435
0.0496619,0.00418876,0.164385,13.5066,10.5921,30.7435
0.0470892,0.00598151,0.153355,17.6295,10.1985,30.7439
0.0481311,0.0379476,0.15576,15.4588,9.10425,30.7442
0.047,0.0123325,0.147168,17.2451,9.25113,30.7444
0.0483351,0.0203077,0.165246,15.4807,10.0169,30.7447
0.0487861,0.00578144,0.159399,14.2699,10.2574,30.7449
0.0495131,0.00873843,0.164269,13.637,10.9868,30.7451
0.0470535,0.0302438,0.162872,17.9304,10.5275,30.7456
0.0446632,0.0208357,0.160338,21.8283,10.205,30.7463
0.0483299,0.00387444,0.15807,15.1893,10.9843,30.7465
0.0457845,0.0114827,0.151434,19.0578,10.8359,30.7469
0.0475869,0.032523,0.156449,16.0043,9.10133,30.7483
0.0474492,0.00516785,0.157128,16.4319,10.2869,30.7492
0.0475432,0.0271212,0.157686,16.8026,9.30324,30.7494
0.048738,0.00798257,0.159213,14.0344,9.64162,30.7501
0.0525468,0.00681031,0.165047,9.72975,9.83109,30.7509
0.0446596,0.0442629,0.160394,21.3155,10.7858,30.7523
0.0470645,0.00897034,0.147134,17.9041,9.70807,30.753
0.0469916,0.00831983,0.141157,17.23,9.84822,30.7543
0.0437578,0.00630121,0.166374,23.2366,11.362,30.7558
0.050907,0.00103292,0.159173,11.9928,9.77962,30.7564
0.0476225,0.0209005,0.145496,16.5049,9.49904,30.7566
0.045902,0.0341083,0.161812,19.9699,10.3314,30.757
0.0447044,0.0444552,0.160497,21.9259,10.6127,30.757
0.0465784,0.0175764,0.162507,18.1992,10.5878,30.7584
0.0470279,0.0131986,0.14854,17.9307,9.22676,30.7585
0.0480795,0.0133823,0.159854,15.8167,10.9376,30.7604
0.0494553,0.0356872,0.160602,13.6117,9.00247,30.7604
0.0495489,0.039911,0.161024,13.2551,9.12131,30.7605
0.0482584,0.028159,0.16452,15.4783,9.93391,30.7611
0.0480484,0.0277982,0.164957,15.0495,10.338,30.7613
0.0465902,0.0107702,0.157914,18.147,10.3089,30.7614
0.0475785,0.0336628,0.154117,16.0894,9.60966,30.7617
0.0481044,0.0166765,0.16607,15.048,9.50256,30.7617
0.0458318,0.0439534,0.162327,19.4081,10.1359,30.7637
0.0476598,0.0178432,0.156251,16.8374,9.23123,30.7646
0.0493794,0.00700615,0.16659,13.2948,9.20749,30.7648
0.0464361,0.0156485,0.153767,18.2705,10.766,30.7678
0.0474263,0.0283995,0.161718,16.0536,10.3502,30.7685
0.0456767,0.0210217,0.164612,19.216,10.2955,30.7689
0.0497567,0.0134079,0.161511,13.0033,9.06579,30.7704
0.0458536,0.0140491,0.151401,19.7232,10.6293,30.7705
0.048363,0.0135815,0.15309,15.9621,9.36876,30.7707
0.0433458,0.00379869,0.164834,24.0822,11.6809,30.7711
0.0471292,0.0190385,0.160343,17.1879,10.2338,30.7712
0.044688,0.00765911,0.156904,21.1004,10.9336,30.7713
0.050983,0.00397243,0.153832,11.2571,9.70062,30.7715
0.0451629,0.0222677,0.159207,20.0259,10.0104,30.7717
0.0493968,0.00694925,0.162696,13.9313,9.47254,30.7724
0.0494756,0.00388471,0.153911,13.2821,9.6801,30.7733
0.0474765,0.0194172,0.157232,16.9832,10.6252,30.774
0.048933,0.00621207,0.160367,14.6939,10.1649,30.7741
0.0498155,0.00348292,0.155568,13.8296,9.73423,30.7745
0.0448558,0.00477239,0.155865,21.9284,10.459,30.7747
0.0458762,0.0395575,0.162217,19.4874,10.3306,30.7749
0.0474998,0.0211195,0.15667,16.5138,9.77266,30.7752
0.0480821,0.0198431,0.164575,15.4098,9.46962,30.7767
0.0493949,0.014394,0.163505,13.7223,9.66573,30.7767
0.0463573,0.0494811,0.165974,18.0003,10.5622,30.7769
0.0467917,0.0259522,0.163801,17.7264,10.5542,30.777
0.048771,0.0152658,0.16267,14.2302,10.0107,30.7777
0.0459826,0.0180517,0.160355,19.5691,10.3892,30.7786
0.0452558,0.0066553,0.149347,20.3667,10.4607,30.7802
0.0476836,0.00564937,0.155252,16.101,10.227,30.781
0.0487923,0.0519986,0.162684,14.1785,9.22671,30.7824
0.047641,0.00997329,0.156031,16.242,10.8855,30.783
0.0488494,0.0498855,0.165245,14.8602,9.68193,30.7848
0.048116,0.0283182,0.155708,15.2839,9.17615,30.7856
0.0447252,0.0048526,0.166258,21.2223,11.564,30.7861
0.0476975,0.0130482,0.145169,16.0245,9.49171,30.7868
0.0447697,0.00991884,0.14858,21.2229,10.9481,30.787
0.0451537,0.0293778,0.158799,20.4869,10.0629,30.7872
0.0446577,0.0574813,0.16531,21.7512,10.3783,30.7873
0.0475875,0.0322932,0.157878,16.7999,9.53755,30.7878
0.046518,0.0155136,0.154692,18.3358,10.8703,30.7878
0.0446478,0.0434194,0.159436,21.7477,10.3968,30.7881
0.047526,0.0373441,0.154375,16.9339,9.34239,30.7886
0.0474194,0.0211585,0.160743,16.8562,10.8334,30.7888
0.0474894,0.01731,0.155304,16.3277,9.97936,30.7889
0.0481343,0.0492299,0.161042,15.014,9.22996,30.7894
0.0482894,0.0157553,0.165398,15.5392,9.46058,30.7895
0.044797,0.0183849,0.151053,21.4219,10.2253,30.7908
0.0481194,0.0356656,0.156103,15.2486,9.57626,30.7909
0.0469919,0.0130518,0.150001,17.5581,9.84604,30.7923
0.0474176,0.00530942,0.160143,16.4552,10.2078,30.7926
0.0447676,0.00748146,0.148159,21.9574,10.0207,30.7927
0.0475269,0.000834843,0.153912,16.0941,9.98773,30.7932
0.0489011,0.0210506,0.166565,14.3667,10.9053,30.7933
0.0482269,0.020408,0.162352,15.2007,10.1776,30.794
0.0525889,0.00952505,0.166182,9.73154,9.87668,30.7955
0.0442411,0.00460359,0.153408,22.4911,10.0903,30.7957
0.0449401,0.00298159,0.166161,21.0652,11.0875,30.7958
0.045736,0.041185,0.159073,19.3704,10.6377,30.7959
0.0482385,0.0337243,0.165355,15.8923,9.12802,30.7979
0.0452632,0.0447704,0.16009,20.0936,10.9112,30.7985
0.0452885,0.0439016,0.161376,20.1362,10.631,30.799
0.0448655,0.00553786,0.149842,21.8117,10.2921,30.7994
0.0462019,0.0414027,0.165618,18.0795,10.5358,30.7999
0.0488044,0.0268575,0.15319,14.8341,9.85592,30.8
0.0517265,0.00674743,0.15907,10.394,9.6949,30.8003
0.0475527,0.00198765,0.157323,16.5277,9.24895,30.8006
0.0469436,0.03787,0.163481,17.4884,10.3096,30.801
0.0482363,0.0104939,0.157938,15.891,10.4134,30.8023
0.0458987,0.0240812,0.15491,19.0757,10.8893,30.8028
0.046472,0.00858447,0.151279,18.6484,10.3401,30.805
0.0483308,0.00786111,0.142086,15.2213,9.96169,30.8053
0.045333,0.0337888,0.160142,20.0003,10.2248,30.8054
0.045804,0.0197949,0.152282,19.2807,10.4175,30.8062
0.0442551,0.00628276,0.164991,22.2137,11.099,30.8065
0.044715,0.00854121,0.150148,21.2063,10.7486,30.8084
0.0490461,0.000993642,0.160581,14.6946,10.8912,30.8089
0.0483441,0.00771866,0.159356,15.5668,10.0438,30.809
0.0497923,0.00785542,0.159012,13.7742,9.65078,30.8097
0.0469563,0.0130676,0.146619,17.8617,9.90382,30.8098
0.0452115,0.0466552,0.159026,20.6097,10.853,30.8107
0.0459466,0.0145248,0.152317,19.9461,10.7254,30.8108
0.0477327,0.0261816,0.166144,16.2209,10.6681,30.8112
0.0501604,0.00715271,0.157901,12.1729,9.34769,30.812
0.0481868,0.0457,0.165729,15.2652,9.2958,30.8121
0.0469778,0.0035838,0.141018,17.861,9.59579,30.8124
0.0488134,0.0533591,0.16434,14.1145,9.20164,30.8126
0.0475332,0.0308764,0.148687,16.5782,9.85893,30.8133
0.0474888,0.015394,0.155095,16.8946,9.77321,30.8137
0.0451507,0.0277725,0.158766,20.2145,10.9573,30.8142
0.0468527,0.0333533,0.159674,17.5782,10.8087,30.8142
0.0470009,0.00247274,0.151112,17.2608,9.93686,30.8148
0.046985,0.0179611,0.155628,17.3528,10.8018,30.815
0.0481057,0.0447176,0.165601,15.195,9.02528,30.8154
0.0501548,0.00498361,0.165997,12.0108,10.3423,30.8156
0.0494946,0.00802543,0.151397,13.4845,9.70309,30.8197
0.0487254,0.0283919,0.161567,14.6114,9.12245,30.8201
0.0445906,0.0507247,0.16622,21.4579,10.0303,30.8202
0.0475173,0.0181043,0.159813,16.3994,9.97944,30.8204
0.0454206,0.00854205,0.161801,20.7871,10.0795,30.8215
0.0451288,0.0636321,0.165172,20.5535,10.6235,30.8217
0.0495799,0.00418777,0.162247,13.4729,10.4103,30.8222
0.0446662,0.0284856,0.155069,21.1511,10.7467,30.8224
0.0502095,0.0408748,0.164561,12.4174,9.31687,30.8225
0.0470359,0.00925683,0.150944,17.423,9.02633,30.8233
0.0442226,0.00929127,0.152626,22.579,10.8299,30.8233
0.0483549,0.00988424,0.160297,15.7879,10.2458,30.8233
0.0484291,0.000848076,0.143897,15.765,9.57597,30.8236
0.0452037,0.039198,0.156797,20.939,10.1066,30.8241
0.0465919,0.0135849,0.159026,18.0845,10.7751,30.8246
0.0481787,0.00092797,0.145635,15.1474,9.71823,30.8252
0.0510595,0.0106762,0.155234,11.7719,9.03468,30.8254
0.0483612,0.0113917,0.144681,15.3572,9.9789,30.8277
0.0447631,0.00166386,0.165287,21.7317,10.3062,30.8284
0.0469799,0.0107477,0.14024,17.497,9.96632,30.8287
0.0459426,0.0199467,0.154526,19.0988,10.3739,30.8317
0.0457154,0.0133599,0.154649,19.9941,10.6186,30.8324
0.0501758,0.0270088,0.159677,12.5485,9.82292,30.8324
0.0462566,0.0462169,0.162111,18.3473,10.9255,30.8328
0.0447223,0.0423051,0.1654,21.9089,10.1016,30.8328
0.0462612,0.0177509,0.156296,18.9554,10.636,30.8337
0.0481321,0.0456672,0.156732,15.3372,9.45687,30.8339
0.046251,0.0403355,0.160674,18.797,10.4338,30.834
0.0480429,0.0191998,0.162582,15.9147,10.473,30.835
0.046843,0.010065,0.154908,17.3396,10.7304,30.8352
0.0463959,0.0169232,0.153018,18.3033,10.5065,30.8357
0.0488296,0.0150343,0.162003,14.6095,10.3154,30.8365
0.0470413,0.0122222,0.150572,17.6115,9.89626,30.8374
0.0476772,0.010444,0.156504,16.2617,10.9565,30.8414
0.0454521,0.00377241,0.151865,20.1621,10.5409,30.8417
0.0444029,0.00574175,0.165256,22.0426,11.6487,30.8424
0.0475022,0.0320234,0.157348,16.177,9.16653,30.8426
0.0494548,0.00506169,0.16168,13.8051,10.9067,30.843
0.046972,0.000842743,0.141154,17.8762,9.99633,30.8431
0.0480886,0.00876158,0.164019,15.0566,9.24172,30.8436
0.0489106,0.0158043,0.146753,14.98,9.86415,30.8443
0.0482731,0.0148925,0.160491,15.489,10.7255,30.8446
0.0489453,0.0335498,0.165209,14.2621,9.39397,30.8447
0.0454717,0.0016951,0.165786,20.9066,11.7784,30.8459
0.0488197,0.0126657,0.149105,14.8295,9.54505,30.8463
0.0478276,0.00973797,0.161767,16.779,10.6652,30.8469
0.0517393,0.00793549,0.158512,10.6687,9.37446,30.8472
0.0502284,0.00625664,0.151281,12.7884,9.31813,30.8475
0.0457462,0.00248922,0.150842,19.642,10.9112,30.8476
0.0468684,0.0465739,0.165383,17.4919,10.0807,30.849
0.0475807,0.0180746,0.162466,16.8855,9.87139,30.8501
0.0433391,0.00707988,0.163697,24.8293,11.1554,30.8504
0.048365,0.00583258,0.16109,15.0626,9.2623,30.8507
0.0474822,0.0227168,0.154421,16.7986,9.36344,30.8512
0.0459587,0.00484274,0.148289,19.5447,10.3465,30.8542
0.0447784,0.0307195,0.161016,21.3519,10.2958,30.8543
0.0494281,0.0403758,0.162084,13.3418,9.21698,30.8545
0.0494519,0.0501349,0.164106,13.1998,9.62209,30.8546
0.0447941,0.025429,0.160836,21.0045,10.0759,30.8546
0.0524683,0.00507915,0.164905,9.17406,9.66351,30.8548
0.047707,0.0220431,0.161581,16.5564,10.7128,30.8551
0.047608,0.0122509,0.140695,16.9222,9.66516,30.8562
0.0448199,0.00265203,0.162436,21.768,10.8007,30.8566
0.0468531,0.0345092,0.159506,17.2703,10.424,30.8568
0.0470424,0.0176117,0.155912,17.2687,10.447,30.8574
0.0471373,0.0161343,0.157426,17.6824,10.8725,30.8584
0.0481725,0.048512,0.160261,15.0825,9.2126,30.8586
0.0446165,0.062354,0.16414,21.4866,10.2232,30.8588
0.050109,0.0229621,0.164695,12.8017,9.98013,30.859
0.0465222,0.0308877,0.164769,18.6135,10.2358,30.8595
0.047622,0.00322744,0.138064,16.9432,9.57284,30.8616
0.0451695,0.0575389,0.161923,20.8042,10.995,30.8622
0.0446259,0.060938,0.163504,21.7711,10.8647,30.8627
0.0432778,0.00734875,0.165105,24.7619,11.3947,30.8639
0.0496305,0.0182073,0.150071,13.8483,9.4365,30.864
0.0480835,0.0447649,0.165787,15.8792,9.92169,30.8644
0.0467746,0.0386338,0.165255,17.9655,10.4458,30.8645
0.0446849,0.00420136,0.155286,21.0281,10.7817,30.865
0.0451595,0.0122142,0.164183,20.3694,10.9451,30.8651
0.0516867,0.0162284,0.163845,10.8282,9.97144,30.8657
0.0490636,0.0134584,0.15138,14.6966,9.04939,30.8658
0.0482,0.0449743,0.165268,15.2688,9.96976,30.8659
0.0470392,0.0143434,0.150808,17.5408,9.47945,30.8667
0.0456966,0.0235974,0.156776,19.0001,10.8879,30.8675
0.0452707,0.0257151,0.152129,20.4496,10.7648,30.8678
0.0438291,0.0178884,0.166092,23.0182,11.4555,30.8685
0.0453015,0.0431291,0.161092,20.8614,10.6749,30.8691
0.0470324,0.00783768,0.152311,17.0669,9.78408,30.8698
0.0447591,0.0358692,0.162703,21.7505,10.7208,30.8698
0.0495041,0.0512991,0.165502,13.8288,9.58594,30.87
0.0502865,0.0158254,0.152519,12.1475,9.01293,30.8706
0.0497843,0.00824168,0.153812,13.3883,9.62542,30.8711
0.0442225,0.0216878,0.15815,22.1177,10.5125,30.8722
0.0516816,0.0127295,0.162168,10.827,9.65264,30.8726
0.0465807,0.00313199,0.150506,18.0035,10.8539,30.8729
0.0434051,0.00158402,0.163428,24.5906,11.9914,30.8729
0.0446115,0.0367506,0.165599,21.2691,10.4739,30.8729
0.0502576,0.0197173,0.15408,12.2425,9.92873,30.8738
0.048158,0.0457877,0.15562,15.5804,9.72997,30.8746
0.0489829,0.0297286,0.15699,14.1327,9.20343,30.875
0.0456992,0.048007,0.160222,19.6802,10.7759,30.8751
0.0470618,0.00984813,0.13876,17.1911,9.42418,30.8754
0.0534451,0.0012318,0.161671,8.40357,8.96075,30.8765
0.0509951,0.00453493,0.151712,11.7109,9.46219,30.8769
0.0482241,0.0379313,0.152731,15.5935,9.83285,30.8774
0.0491001,0.00439126,0.155745,14.1604,9.73685,30.8794
0.0456564,0.0506223,0.16334,19.7467,10.9727,30.8794
0.0481185,0.00791451,0.155216,15.6073,10.2386,30.8809
0.0467717,0.0255671,0.164183,17.0563,10.2947,30.8811
0.0487555,0.0235877,0.156512,14.6074,9.23878,30.8824
0.0453471,0.0327065,0.158868,20.4331,10.9005,30.8833
0.0475719,0.00194163,0.160213,16.8242,9.50284,30.884
0.0482153,0.0265546,0.147394,15.0809,9.93967,30.8844
0.0490952,0.0064481,0.155103,14.8174,9.83934,30.8845
0.0512007,0.0142249,0.165759,11.1664,9.48372,30.8845
0.0463366,0.0386762,0.159693,18.291,10.9829,30.8846
0.0461981,0.0510494,0.165837,18.8262,10.833,30.885
0.0482213,0.0248678,0.146806,15.1265,9.18541,30.8851
0.0451315,0.0321726,0.159785,20.9826,10.9518,30.8856
0.0467707,0.0222925,0.165097,17.2587,10.4214,30.8864
0.0483348,0.0185985,0.158444,15.2042,9.7499,30.8866
0.0516584,0.013638,0.163032,10.3048,9.8737,30.8867
0.0508753,0.0231014,0.163143,11.3079,9.35362,30.8869
0.048788,0.00164475,0.156212,14.4884,10.7394,30.887
0.0512108,0.00765892,0.160179,11.1275,9.7249,30.8871
0.0464259,0.0345088,0.158992,18.4417,10.5345,30.8873
0.0441633,0.0356714,0.157459,22.1551,10.7748,30.8875
0.0456285,0.0405815,0.166082,19.7587,10.976,30.8886
0.0468792,0.0251883,0.155405,17.1196,10.1021,30.8887
0.0451574,0.0399901,0.158059,20.2168,10.5076,30.8888
0.0495582,0.042748,0.161273,13.2913,9.76036,30.8891
0.048896,0.0457887,0.162682,14.0458,9.90371,30.8909
0.0469606,0.0156377,0.141476,17.5409,9.73111,30.891
0.0441916,0.0154885,0.153522,22.4487,10.7176,30.8913
0.0470907,0.0102836,0.145872,17.5444,9.22896,30.8913
0.0481243,0.0430846,0.154851,15.078,9.14946,30.8921
0.0473822,0.0128437,0.162669,16.1938,10.6728,30.8923
0.0438284,0.00452756,0.161368,23.2619,11.3854,30.893
0.0469167,0.0162526,0.15236,17.6464,10.6656,30.893
0.0493851,0.0492639,0.166602,13.1679,9.13874,30.8939
0.0501191,0.0151371,0.161789,12.251,9.01482,30.8945
0.0488282,0.0205927,0.149266,14.6412,9.78764,30.8947
0.0442014,0.0282089,0.155012,22.0231,10.6839,30.8951
0.045373,0.0237205,0.165654,20.8909,10.5121,30.8956
0.0475171,0.0357721,0.160093,16.7086,9.83295,30.8957
0.0468025,0.00377774,0.165551,17.2925,10.7272,30.8959
0.049491,0.0323337,0.15593,13.3411,9.15741,30.8966
0.0478756,0.00727249,0.164018,16.9702,10.209,30.8975
0.0495813,0.0139342,0.148297,13.7,9.3469,30.8988
0.0451707,0.0289898,0.155367,20.4066,10.0114,30.8989
0.0474731,0.0202342,0.158008,16.0183,9.25192,30.8989
0.0501454,0.0408133,0.164636,12.595,9.55668,30.8993
0.0442499,0.00854568,0.164217,22.4677,11.0033,30.9001
0.0442828,0.0116096,0.151839,22.9012,10.3439,30.9004
0.0462336,0.0323603,0.159108,18.0248,10.6233,30.9006
0.0451023,0.0407555,0.16464,20.1251,10.7953,30.9006
0.0502352,0.00590423,0.150086,12.2894,9.14989,30.9012
0.0471685,0.00340581,0.152068,17.0697,10.7847,30.9015
0.0456863,0.0571025,0.163023,19.6656,10.0106,30.9018
0.0501508,0.0325136,0.161525,12.4559,9.11791,30.902
0.044867,0.00833547,0.148448,21.5834,10.0747,30.9037
0.051708,0.0130176,0.161034,10.3129,9.65008,30.9039
0.0493646,0.0206567,0.165275,13.8556,9.19326,30.904
0.0482198,0.0388992,0.152522,15.6249,9.39295,30.9043
0.0496076,0.00823976,0.163646,13.2413,10.4989,30.9059
0.0442732,0.0163544,0.151746,22.1106,10.9265,30.9075
0.0469781,0.0250539,0.151571,17.577,9.62076,30.9076
0.0509802,0.0138814,0.155264,11.3222,9.9043,30.908
0.0448627,0.0115521,0.155943,21.0796,10.7964,30.9093
0.0462691,0.0454449,0.160797,18.8983,10.8056,30.9093
0.0508703,0.00854793,0.160702,11.4583,9.70403,30.9096
0.0490082,0.0256794,0.158356,14.7474,9.08432,30.9099
0.0480919,0.00134298,0.15696,15.2522,9.81498,30.9099
0.0469237,0.0482363,0.166282,17.8423,10.6954,30.9114
0.0442528,0.0112337,0.156847,22.3386,10.7754,30.9119
0.0446932,0.0545142,0.160438,21.516,10.5459,30.9125
0.0490191,0.0237835,0.155686,14.5047,9.54612,30.914
0.0474907,0.0419124,0.165678,16.2083,10.1815,30.9144
0.0489605,0.0341752,0.157867,14.6303,9.94747,30.9163
0.0451834,0.00450868,0.15638,20.7109,10.966,30.9169
0.0488543,0.0371796,0.153605,14.2064,9.38124,30.9175
0.0483829,0.00949782,0.143763,15.6753,9.9212,30.9177
0.0441478,0.0485475,0.162701,22.8436,10.0195,30.9179
0.0464336,0.00141821,0.139487,18.2165,9.12964,30.9181
0.047377,0.0281944,0.163865,16.9491,10.0396,30.9201
0.0512317,0.00469406,0.158911,11.6047,9.17324,30.9206
0.0489042,0.0452397,0.162422,14.1925,9.18723,30.9207
0.0462598,0.00411904,0.153912,18.6811,10.9594,30.9208
0.0441516,0.0333369,0.158094,22.6437,10.5255,30.921
0.0469505,0.0474368,0.166015,17.7433,10.3036,30.9213
0.0469441,0.0321658,0.147865,17.237,9.06801,30.9215
0.0447733,0.00637188,0.145923,21.6986,10.9108,30.9217
0.0475912,0.0349882,0.160133,16.3975,9.86405,30.9224
0.0460452,0.00533488,0.160656,19.1516,10.3646,30.9225
0.0451956,0.0648749,0.165293,20.7972,10.9931,30.923
0.0463197,0.00739566,0.148874,18.5985,10.4486,30.9234
0.0474892,0.0144468,0.158639,16.0602,9.71611,30.9241
0.0475304,0.00864341,0.151799,16.1474,10.2052,30.9242
