beta,permeability,xi,init_days,delay,value
0.0511896,0.995003,0.0502317,0.588642,19.0646,37.1166
0.0511996,0.992717,0.0504176,0.632064,19.6661,37.1722
0.0511458,0.99117,0.0502174,0.163509,19.3302,37.2323
0.0511902,0.989709,0.0504375,0.912782,19.6242,37.2418
0.051197,0.988088,0.0501553,0.821885,19.1595,37.2447
0.0511506,0.992765,0.0508313,0.536099,19.8647,37.2458
0.051098,0.996332,0.0513034,0.466425,19.7709,37.2518
0.0511424,0.997956,0.0516411,0.655974,19.204,37.2573
0.0510559,0.998141,0.0503407,0.350611,19.853,37.2658
0.051191,0.991885,0.0510054,0.399528,19.7634,37.2666
0.0511111,0.993511,0.0509645,0.591828,19.1989,37.2672
0.0511754,0.991208,0.0508759,0.465015,19.448,37.2701
0.0510625,0.997489,0.0515909,0.668104,19.3117,37.2742
0.0512751,0.984146,0.0501456,0.30777,19.5305,37.2973
0.0512233,0.983459,0.0500682,0.159962,19.6022,37.3037
0.0510663,0.995163,0.0504919,0.292523,19.5098,37.3196
0.0510401,0.997488,0.0513105,0.783612,19.7584,37.3267
0.0512048,0.983438,0.0501904,0.609966,19.4481,37.3269
0.0512244,0.984583,0.0504504,0.0679473,19.6251,37.3279
0.0511523,0.98962,0.0510401,0.24234,19.1119,37.3296
0.0511624,0.99069,0.0512493,0.911207,19.8393,37.3296
0.0510313,0.99831,0.0520571,0.751424,19.2315,37.3297
0.0511904,0.983547,0.0501576,0.0413403,19.6651,37.3306
0.051249,0.98999,0.0506007,0.125403,19.4164,37.331
0.0511343,0.988574,0.0500737,0.760429,19.73,37.3313
0.0511408,0.993281,0.0516537,0.825273,19.6158,37.334
0.0512288,0.981708,0.0500805,0.553671,19.3155,37.3355
0.0510441,0.998737,0.0522839,0.720412,19.9452,37.3396
0.0511116,0.99674,0.0522264,0.015263,19.5593,37.3412
0.0511107,0.999134,0.0524086,0.626383,19.1249,37.3424
0.051036,0.996714,0.0506107,0.983886,19.6008,37.3453
0.0510924,0.991945,0.0508343,0.549881,19.7485,37.3454
0.0513001,0.992579,0.0501252,0.84316,19.7412,37.3517
0.0511286,0.999066,0.0501885,0.552898,18.3988,37.3518
0.0510624,0.997804,0.0505634,0.453271,18.7633,37.3555
0.0510759,0.993005,0.0507451,0.635133,19.6299,37.3557
0.0512218,0.994647,0.0510461,0.497132,19.6196,37.356
0.0511111,0.992336,0.051605,0.294396,19.1509,37.3592
0.0512691,0.981755,0.0503996,0.964073,19.2568,37.3602
0.0512469,0.98104,0.0502516,0.0746927,19.963,37.3635
0.0511233,0.998008,0.0503057,0.997768,18.7658,37.3655
0.0511771,0.983174,0.050109,0.684799,19.2995,37.3701
0.051192,0.988775,0.051404,0.358931,19.1279,37.372
0.0512505,0.999339,0.0508805,0.946208,19.5426,37.3757
0.051,0.998469,0.050829,0.837853,19.8721,37.3757
0.0512515,0.986987,0.0507286,0.185796,19.7472,37.3763
0.0511916,0.981827,0.0503812,0.285787,19.4145,37.3772
0.0511829,0.992368,0.0516017,0.377537,19.8763,37.3779
0.0510998,0.99589,0.052327,0.16044,19.2194,37.3779
0.0513084,0.98542,0.0500607,0.319815,19.2106,37.3817
0.0512804,0.993957,0.0504878,0.677969,19.0053,37.3843
0.0512495,0.981591,0.0505519,0.432113,19.8512,37.3848
0.0510248,0.995029,0.0502071,0.592745,18.6191,37.3867
0.0510615,0.993139,0.051577,0.0561028,19.012,37.3895
0.0512136,0.981871,0.0505179,0.93903,19.9301,37.3916
0.0512653,0.978786,0.0501907,0.378941,19.1332,37.3918
0.0512086,0.993618,0.0513456,0.555524,19.4989,37.3949
0.0510908,0.993917,0.0503715,0.984563,18.9068,37.3974
0.051139,0.99752,0.0502284,0.844778,18.7912,37.399
0.0510599,0.995126,0.0506152,0.874878,18.3498,37.4135
0.0511815,0.984529,0.0510225,0.346038,19.1443,37.4136
0.0512569,0.978327,0.0502862,0.380007,19.1126,37.4158
0.0512447,0.996631,0.0510519,0.580928,19.4403,37.4166
0.0510974,0.996234,0.0508359,0.0653618,18.9165,37.4179
0.0510615,0.997223,0.0527582,0.61913,19.2708,37.4185
0.051241,0.981022,0.0507038,0.791479,19.2726,37.4186
0.0512211,0.981305,0.0506737,0.16707,19.8096,37.4192
0.0512653,0.98672,0.0507319,0.119534,19.2006,37.4235
0.0511623,0.982992,0.050903,0.221259,19.3937,37.4251
0.0512436,0.99496,0.0510703,0.826246,19.2727,37.4254
0.0510616,0.995265,0.0525119,0.449473,19.3271,37.4267
0.0510517,0.999237,0.0532192,0.203539,19.0155,37.4322
0.0510467,0.999412,0.0532671,0.987798,19.7737,37.4367
0.051104,0.989819,0.0501181,0.415034,18.4781,37.4385
0.0510623,0.994774,0.0525808,0.224295,19.4965,37.4436
0.0513173,0.974108,0.0501052,0.685966,19.8721,37.4447
0.0511498,0.983217,0.0510487,0.763794,19.6648,37.4458
0.0512596,0.990604,0.050914,0.319694,19.3269,37.4462
0.0510146,0.994864,0.0507914,0.878985,19.8791,37.4474
0.0510089,0.99526,0.0514563,0.251344,19.9582,37.4496
0.0509753,0.998736,0.051092,0.743003,19.0404,37.4521
0.0511712,0.995019,0.0520413,0.447852,19.7435,37.4532
0.0512672,0.974697,0.0500762,0.129546,19.8409,37.4539
0.0510653,0.989728,0.0507358,0.558813,19.7126,37.4565
0.051103,0.991436,0.0504982,0.361899,18.1262,37.4568
0.0511899,0.978679,0.0501122,0.811337,19.601,37.457
0.0513598,0.998074,0.0502535,0.451083,19.7345,37.4577
0.0511406,0.98371,0.0513073,0.36605,19.892,37.4661
0.0509764,0.997689,0.0519923,0.800205,19.3738,37.4661
0.0511097,0.994117,0.0508592,0.24834,18.8106,37.4669
0.051089,0.993217,0.05261,0.677135,19.8762,37.4674
0.0510061,0.997543,0.051325,0.13512,18.0418,37.468
0.0509534,0.997697,0.0507483,0.759243,18.631,37.4697
0.0510126,0.999392,0.0534238,0.00936045,19.6086,37.4698
0.0510714,0.993309,0.0508239,0.668682,18.4422,37.4714
0.051219,0.995103,0.0515507,0.431577,19.8977,37.4748
0.0510499,0.990747,0.051383,0.256937,19.0532,37.4749
0.0511055,0.99362,0.0528803,0.670252,19.4789,37.4766
0.0510648,0.991217,0.0505741,0.144617,18.7654,37.4768
0.0512188,0.994922,0.051576,0.843645,19.972,37.4812
0.0510086,0.997996,0.0514896,0.47942,18.8987,37.4812
0.0512839,0.977652,0.0507224,0.804319,19.1487,37.4835
0.0509994,0.995131,0.0521971,0.942269,19.6172,37.4845
0.0510797,0.987126,0.0507957,0.920599,19.8159,37.4913
0.0509642,0.998442,0.0515922,0.405841,18.0479,37.4923
0.0510178,0.993377,0.0509959,0.141143,18.7643,37.4924
0.051211,0.990527,0.0516883,0.624542,19.5399,37.4959
0.0513396,0.989349,0.050237,0.165308,19.2932,37.4963
0.0511647,0.979366,0.050195,0.27428,19.2965,37.4966
0.0511177,0.984579,0.0515544,0.509565,19.9591,37.4989
0.0510308,0.995196,0.0512609,0.652158,18.0621,37.4997
0.0512547,0.994873,0.0512564,0.543493,19.9272,37.5007
0.0512504,0.981724,0.0512059,0.373143,19.1694,37.5021
0.0510671,0.987947,0.0510965,0.300648,19.8673,37.5024
0.0509856,0.995315,0.0519812,0.223313,19.8558,37.5036
0.051044,0.992537,0.0527576,0.563146,19.3619,37.5046
0.0513234,0.970772,0.050077,0.174041,19.1969,37.5067
0.0509659,0.997391,0.0527175,0.549362,19.8714,37.5071
0.0511858,0.993319,0.0520624,0.688419,19.5582,37.5076
0.0511889,0.988169,0.0520199,0.704734,19.1081,37.5089
0.0509527,0.998417,0.052811,0.148364,19.7792,37.51
0.0510421,0.989623,0.0511336,0.621446,19.5022,37.5107
0.0512638,0.987062,0.0510814,0.497568,19.2406,37.5108
0.0510665,0.991188,0.0526303,0.684695,19.0025,37.5118
0.0510557,0.988689,0.051532,0.731023,19.587,37.5147
0.0510022,0.994171,0.0512939,0.225451,18.822,37.5183
0.0512863,0.973996,0.0505779,0.839516,19.1717,37.5195
0.0511116,0.990185,0.0526555,0.026311,19.5438,37.5205
0.0509518,0.997696,0.0524569,0.991515,19.611,37.5219
0.0512391,0.986333,0.051424,0.740049,19.4669,37.5225
0.051127,0.993791,0.0528906,0.342378,19.6256,37.523
0.0511546,0.979279,0.0504718,0.415029,19.2894,37.5234
0.0512688,0.995159,0.0512138,0.707645,19.0405,37.5236
0.0511227,0.981524,0.0500921,0.256389,19.0176,37.5239
0.0510414,0.997716,0.0537606,0.0892038,19.2329,37.5243
0.0510419,0.989591,0.0517468,0.573997,19.0699,37.5244
0.051147,0.987287,0.0505634,0.468298,18.7088,37.5249
0.0512388,0.97861,0.0512223,0.272767,19.8528,37.5252
0.0511627,0.993312,0.0524265,0.547748,19.535,37.5255
0.0511281,0.986758,0.0521933,0.411837,19.9622,37.5276
0.0512202,0.976824,0.050896,0.474917,19.4861,37.5285
0.0510398,0.990395,0.0522333,0.451339,19.9101,37.5296
0.0510688,0.98788,0.0505716,0.357914,18.1085,37.5316
0.051285,0.971597,0.050283,0.750475,19.3981,37.5321
0.0512241,0.977062,0.0509869,0.766909,19.8917,37.5349
0.0510033,0.996971,0.0517765,0.351167,18.4347,37.5367
0.0511105,0.982759,0.0509921,0.059621,19.1119,37.5375
0.0510663,0.986428,0.051194,0.132239,19.8045,37.5413
0.0510667,0.994184,0.0533969,0.653827,19.265,37.5435
0.0513745,0.991892,0.0502323,0.975015,19.4702,37.5447
0.0511139,0.982339,0.0512739,0.134919,19.0572,37.5461
0.0509464,0.999192,0.0502322,0.411884,17.9862,37.5478
0.0511695,0.98459,0.0521828,0.57103,19.3792,37.5488
0.0510832,0.986403,0.0505041,0.508971,18.6956,37.5489
0.0510412,0.99602,0.0536685,0.764102,19.2053,37.5492
0.0513674,0.998125,0.0506549,0.648407,19.5378,37.5521
0.0510608,0.994822,0.053603,0.285892,19.0057,37.556
0.0511248,0.984687,0.0521281,0.868939,19.708,37.5571
0.0510406,0.993035,0.0532528,0.13215,19.5182,37.558
0.051185,0.975463,0.0506382,0.811251,19.4556,37.5584
0.0512714,0.984904,0.05116,0.25247,19.1739,37.5586
0.051225,0.975721,0.0509897,0.343012,19.6101,37.5591
0.0509549,0.993743,0.0506109,0.214142,18.2104,37.5591
0.0512632,0.97269,0.0506236,0.1345,19.5342,37.56
0.0512197,0.999015,0.0519762,0.0333443,19.4464,37.5604
0.0510212,0.989288,0.0505281,0.15524,18.9065,37.5605
0.0510339,0.988887,0.0520227,0.601766,19.7038,37.5617
0.0513506,0.982484,0.0502522,0.311487,19.369,37.564
0.0511388,0.987079,0.0526315,0.359868,19.8651,37.5642
0.0510292,0.989314,0.0521201,0.382186,19.7197,37.5647
0.0509634,0.999411,0.0523152,0.499915,18.6745,37.5648
0.0509314,0.998876,0.0520256,0.595095,18.3208,37.5667
0.0511932,0.996522,0.0522526,0.810914,19.9871,37.5694
0.0512925,0.974764,0.0509391,0.213875,19.0252,37.572
0.0512087,0.980777,0.0519092,0.375728,19.7228,37.5722
0.0512182,0.975205,0.0510191,0.683937,19.5199,37.5726
0.0512673,0.969708,0.0503323,0.693152,19.2258,37.5736
0.051251,0.975671,0.0512016,0.363761,19.7188,37.5749
0.0509938,0.99336,0.0509153,0.873552,19.3339,37.5752
0.0512179,0.991744,0.0519512,0.0187418,19.4114,37.5811
0.0509483,0.997145,0.0517747,0.650174,19.7843,37.5813
0.0510277,0.993756,0.0535446,0.894589,19.1989,37.5816
0.0511781,0.983483,0.052356,0.0680136,19.8238,37.583
0.0511847,0.992657,0.0523683,0.823716,19.3628,37.5838
0.0510851,0.983007,0.0511734,0.0435716,19.208,37.5849
0.0513672,0.975781,0.0500714,0.999168,19.7931,37.5856
0.0510624,0.992485,0.0534675,0.238559,19.1313,37.5864
0.0513696,0.994761,0.0506047,0.541,19.9224,37.5872
0.0512905,0.980958,0.0510207,0.444864,19.3696,37.5884
0.0511589,0.99095,0.0527062,0.62271,19.7975,37.5895
0.0510384,0.988195,0.0522957,0.904886,19.5547,37.5898
0.0511835,0.984379,0.0503869,0.807875,18.2204,37.5901
0.0512425,0.969493,0.050341,0.95693,19.6166,37.5902
0.0511162,0.987668,0.0529031,0.147446,19.6563,37.594
0.051316,0.990755,0.0509256,0.129024,19.2923,37.5945
0.0511579,0.996177,0.052756,0.35374,19.0726,37.5953
0.0513078,0.967357,0.0502177,0.422454,19.2498,37.5954
0.0510176,0.990363,0.0507148,0.557011,19.5209,37.5963
0.0509679,0.995672,0.0535483,0.557255,19.49,37.5983
0.0510633,0.985421,0.0520192,0.144959,19.073,37.6
0.0511812,0.991797,0.0524632,0.926785,19.2653,37.6001
0.0511443,0.978321,0.0513931,0.247963,19.7149,37.6024
0.0511408,0.983913,0.0506137,0.0190834,18.4149,37.6028
0.0511034,0.985924,0.0508392,0.714044,18.4356,37.6032
0.0509711,0.993319,0.052854,0.435513,19.2923,37.6046
0.0511107,0.981699,0.0503398,0.154876,18.6434,37.6064
0.0512455,0.974293,0.0512189,0.355463,19.7221,37.6067
0.0510003,0.989814,0.0522458,0.852859,19.2937,37.6086
0.0511803,0.977058,0.0515641,0.357517,19.2592,37.6127
0.0510266,0.992817,0.0518365,0.632896,18.3375,37.6159
0.051016,0.989408,0.0512636,0.907499,18.1523,37.6169
0.0511902,0.983393,0.0504009,0.651006,18.5972,37.6173
0.0509365,0.995491,0.0517035,0.479917,18.5619,37.6206
0.0510881,0.988579,0.0513629,0.32588,18.9805,37.6212
0.0510426,0.986626,0.0523013,0.679312,19.1441,37.6215
0.0511785,0.986479,0.050551,0.184288,18.1896,37.6217
0.0510302,0.989099,0.0529741,0.971526,19.5274,37.6221
0.0509923,0.994138,0.0520638,0.928297,18.4526,37.6231
0.0510832,0.986016,0.0510109,0.292457,18.2452,37.6255
0.0511756,0.99917,0.0506862,0.900693,18.0485,37.6257
0.0509862,0.993713,0.0520393,0.528271,18.0232,37.6258
0.0509756,0.998221,0.0504473,0.591388,17.2057,37.626
0.0509676,0.992484,0.0526195,0.459426,19.7995,37.6264
0.0510238,0.991057,0.0535431,0.705628,19.1254,37.6266
0.0513366,0.974943,0.0505829,0.890208,19.4068,37.627
0.0511797,0.980066,0.0503232,0.373909,18.9606,37.6273
0.0510068,0.989754,0.0513335,0.38086,18.7981,37.6283
0.0511321,0.978136,0.0500488,0.985468,18.7756,37.6287
0.0513526,0.965258,0.0503423,0.284194,19.0932,37.6287
0.0509544,0.997126,0.0543858,0.784238,19.7347,37.629
0.0509886,0.99847,0.054568,0.640549,19.8236,37.63
0.0513462,0.967849,0.0504938,0.462628,19.282,37.6327
0.0509962,0.993383,0.0520443,0.629307,18.6946,37.6334
0.0510602,0.983369,0.051682,0.298615,19.4902,37.6336
0.0511533,0.991056,0.0529328,0.550216,19.3743,37.6351
0.0513841,0.994107,0.0506728,0.955332,19.211,37.6355
0.0510827,0.986931,0.0530602,0.134201,19.2285,37.6362
0.0511938,0.981542,0.0504349,0.949387,18.1981,37.6363
0.0511634,0.992814,0.0507955,0.671802,18.6377,37.6364
0.0512583,0.966826,0.0504706,0.0123616,19.0747,37.6371
0.0508937,0.999246,0.0523322,0.672275,18.3905,37.6375
0.0509418,0.998571,0.0527809,0.227001,18.1367,37.6381
0.0512427,0.976588,0.0518353,0.933025,19.1632,37.6392
0.0512232,0.988107,0.050068,0.766251,18.6338,37.6403
0.0509098,0.9987,0.0525882,0.984707,18.2437,37.6438
0.0510758,0.996151,0.051953,0.0417704,18.5706,37.6444
0.0512526,0.974064,0.051573,0.130289,19.6869,37.6457
0.0512813,0.969792,0.0509427,0.232836,19.5604,37.6457
0.0509264,0.996758,0.0522895,0.922061,18.6483,37.6463
0.0511161,0.981065,0.0523706,0.0778388,19.8109,37.6473
0.0511509,0.978036,0.0519687,0.822959,19.9387,37.6475
0.0513204,0.998898,0.0514312,0.21086,19.213,37.6487
0.0509305,0.993098,0.0501276,0.056891,18.2701,37.6488
0.0513917,0.988334,0.0503982,0.878491,19.0993,37.6491
0.0510937,0.980524,0.0503316,0.984034,18.0877,37.652
0.0509909,0.995291,0.0543383,0.287078,19.601,37.6528
0.0509496,0.991384,0.0502567,0.900949,18.7422,37.653
0.0510762,0.981586,0.0511213,0.889794,19.0535,37.6531
0.0509381,0.993827,0.0516492,0.27669,18.9206,37.6534
0.0511173,0.981458,0.0506403,0.805978,18.5499,37.6542
0.0511998,0.974663,0.0515774,0.457144,19.1409,37.6543
0.0512582,0.998451,0.0519485,0.286368,19.9818,37.6552
0.0509589,0.993076,0.0532508,0.374356,19.8227,37.6554
0.0511025,0.982542,0.0507995,0.0232233,18.2531,37.6566
0.0513688,0.976675,0.0503397,0.422059,19.4735,37.6583
0.0509755,0.996333,0.0526501,0.549177,18.3804,37.6597
0.0512117,0.987528,0.0522763,0.297662,19.737,37.6598
0.0509738,0.993068,0.0522431,0.922933,18.1571,37.6607
0.0511779,0.989392,0.0527046,0.668281,19.4018,37.6607
0.0514443,0.988171,0.0500545,0.689734,19.0997,37.6607
0.0510636,0.982814,0.0506021,0.371794,18.3854,37.6616
0.0510664,0.98601,0.051288,0.0471216,18.8244,37.6618
0.0510007,0.993714,0.0501589,0.605774,17.9719,37.6621
0.0509052,0.995015,0.0502781,0.802332,18.9197,37.6624
0.050953,0.996221,0.0545615,0.322915,19.5527,37.6641
0.0512415,0.966006,0.0501357,0.844716,19.9135,37.666
0.0510743,0.984968,0.0530436,0.903099,19.1216,37.6667
0.0511631,0.972774,0.0501729,0.515123,19.9414,37.6672
0.0510187,0.988114,0.0529989,0.124782,19.0362,37.668
0.0509186,0.996056,0.053384,0.403416,19.4333,37.6681
0.0512808,0.967582,0.0507927,0.518697,19.0585,37.6688
0.0509537,0.993824,0.0503407,0.294845,17.8988,37.6699
0.0510287,0.994282,0.0525706,0.60145,18.5023,37.67
0.0511251,0.985883,0.0532416,0.194967,19.8008,37.67
0.0512497,0.997224,0.0500906,0.832802,18.9385,37.6717
0.0509746,0.991721,0.0516566,0.265722,19.3179,37.6724
0.0512948,0.96922,0.0511578,0.94292,19.9833,37.673
0.0511337,0.989079,0.0513159,0.889005,18.9676,37.6736
0.0512586,0.976708,0.0517383,0.0160901,19.4482,37.6739
0.0509433,0.994965,0.0517809,0.437549,19.8239,37.674
0.0510169,0.994286,0.0525567,0.00313049,18.0668,37.675
0.050894,0.996368,0.0511763,0.25825,18.7301,37.6753
0.0511388,0.979647,0.0523948,0.343754,19.4922,37.6753
0.0511789,0.983913,0.0507542,0.167421,18.4536,37.676
0.0511389,0.9816,0.0526903,0.0810774,19.0731,37.6764
0.0511889,0.973679,0.0516421,0.64475,19.2921,37.6786
0.0510978,0.979165,0.0506149,0.645209,19.6048,37.6788
0.0510375,0.985738,0.0527354,0.763318,19.0229,37.6792
0.0513084,0.966103,0.0507239,0.587246,19.8746,37.6793
0.0509997,0.996992,0.0530467,0.0264101,18.5835,37.6812
0.0510585,0.99423,0.0523421,0.734468,18.3872,37.6816
0.0511908,0.987831,0.0526125,0.822497,19.2263,37.682
0.0511391,0.998441,0.0513138,0.541163,18.4432,37.6821
0.0511684,0.98187,0.052831,0.202161,19.4952,37.6821
0.0511452,0.976744,0.0502627,0.0376367,18.6187,37.6821
0.0511769,0.977037,0.0521169,0.591649,19.4449,37.6824
0.0512051,0.992394,0.052473,0.106495,19.1635,37.6829
0.0510791,0.984544,0.0512608,0.961964,18.3243,37.6837
0.0509317,0.996775,0.0507476,0.878625,19.164,37.684
0.0511963,0.982556,0.0525558,0.0840596,19.8205,37.6841
0.051134,0.997555,0.0513743,0.620649,18.1635,37.685
0.0508557,0.999356,0.0510214,0.0587456,18.7243,37.6852
0.0511195,0.981693,0.0527512,0.963292,19.2147,37.6855
0.0510963,0.980467,0.052303,0.133669,19.8239,37.6856
0.0511765,0.971201,0.0508075,0.297955,19.4164,37.6859
0.0509197,0.996479,0.0540676,0.427588,19.5557,37.6876
0.051234,0.984623,0.0501,0.831839,18.7519,37.6878
0.0511945,0.976853,0.050362,0.942113,18.8223,37.6886
0.05088,0.998546,0.0508237,0.660616,17.1895,37.6893
0.0512107,0.989905,0.0504172,0.490792,18.6551,37.69
0.0510752,0.986216,0.0515595,0.986017,18.3739,37.693
0.0509925,0.991243,0.0540508,0.793408,19.6183,37.6932
0.0511459,0.973032,0.0507653,0.559625,19.9062,37.6934
0.051093,0.97802,0.0500808,0.614098,18.4901,37.6959
0.0510815,0.979154,0.0516959,0.611997,19.3787,37.6963
0.0512043,0.967686,0.0502855,0.31445,19.4292,37.6966
0.0511469,0.998665,0.0512868,0.570863,18.1383,37.6966
0.0509714,0.997323,0.0507404,0.975945,17.8292,37.6967
0.0509175,0.997771,0.0546731,0.969409,19.1005,37.6968
0.051331,0.97546,0.0509189,0.427468,19.7279,37.6976
0.0510084,0.996432,0.054786,0.236146,19.8456,37.6981
0.0509525,0.992515,0.0502874,0.120074,17.7378,37.6981
0.0514251,0.985113,0.0501948,0.503054,19.3075,37.6982
0.0510209,0.986312,0.0528605,0.823006,19.5468,37.6989
0.0509142,0.999323,0.0533763,0.637737,18.1499,37.699
0.0511606,0.988652,0.0510608,0.863644,18.5298,37.6993
0.0512129,0.983098,0.0504015,0.235428,18.8755,37.6994
0.0508963,0.995408,0.0511,0.357176,18.4562,37.6996
0.0512355,0.992639,0.0502216,0.560712,18.4529,37.6996
0.0511493,0.981849,0.0529305,0.886475,19.3365,37.7011
0.0513838,0.99584,0.0509467,0.429763,19.3584,37.7013
0.0511108,0.990835,0.0517171,0.122384,18.8616,37.7014
0.051136,0.98282,0.0530541,0.103802,19.7103,37.7018
0.0510072,0.986751,0.051379,0.0807214,18.2523,37.7062
0.0511529,0.973324,0.0513373,0.611528,19.6496,37.7076
0.0511865,0.981771,0.0507816,0.962879,18.2825,37.7077
0.051041,0.998488,0.0546845,0.129239,19.93,37.7086
0.0512495,0.97918,0.0519604,0.113069,19.3196,37.7089
0.0511756,0.976319,0.0522326,0.825687,19.0853,37.7091
0.0510628,0.991357,0.0524162,0.471006,18.3428,37.7103
0.0508585,0.996955,0.0500746,0.723542,18.1896,37.7105
0.0511886,0.975612,0.0521615,0.293127,19.0468,37.7105
0.0510862,0.998776,0.0540853,0.463565,19.7045,37.7115
0.0510395,0.996437,0.0547263,0.140432,19.6812,37.7116
0.0513483,0.964225,0.0507695,0.31092,19.081,37.7117
0.0509456,0.992111,0.053111,0.299047,19.1929,37.7121
0.0512389,0.998181,0.0523475,0.349676,19.5945,37.7123
0.051146,0.973665,0.0513763,0.912223,19.1925,37.7125
0.0512076,0.984393,0.0525005,0.659471,19.114,37.7127
0.0512951,0.965273,0.0508498,0.102932,19.4248,37.714
0.0511564,0.975071,0.0521139,0.454938,19.1438,37.7143
0.0513289,0.997476,0.0515827,0.613638,19.6477,37.7155
0.0512835,0.985785,0.0516221,0.0282398,19.5753,37.7162
0.0509152,0.996797,0.0516875,0.228812,19.5552,37.7162
0.0510741,0.982054,0.0528641,0.491256,19.4352,37.7164
0.051045,0.98206,0.0522086,0.255602,19.365,37.7166
0.0511449,0.982518,0.0531284,0.24718,19.9236,37.717
0.0511705,0.987727,0.0529923,0.912915,19.5488,37.7173
0.0510052,0.986479,0.0528733,0.301988,19.0437,37.7174
0.0511756,0.998155,0.0530259,0.172279,19.1796,37.7183
0.0510905,0.980926,0.051078,0.447884,18.8621,37.7192
0.0510714,0.980496,0.0507817,0.173417,18.2625,37.7196
0.0509572,0.992132,0.0517254,0.325538,19.7441,37.7201
0.0511027,0.993738,0.0518928,0.204155,18.1224,37.7211
0.05109,0.979117,0.0507439,0.516839,18.6313,37.7214
0.0511314,0.973962,0.0513237,0.545805,19.9692,37.7217
0.0509925,0.990581,0.0523701,0.00258218,18.9739,37.7218
0.0511783,0.972848,0.0500583,0.911153,18.3714,37.7219
0.0509178,0.993375,0.050394,0.652882,17.338,37.7224
0.0513637,0.992214,0.0510894,0.770604,19.8794,37.7235
0.0509027,0.998404,0.0500611,0.348719,19.5137,37.7254
0.0510103,0.985894,0.0518789,0.946145,19.0368,37.7256
0.0508657,0.99745,0.0512224,0.721941,18.4557,37.7256
0.0510454,0.997883,0.0546888,0.453487,19.9392,37.7266
0.05116,0.97973,0.0510603,0.81705,18.0022,37.7281
0.051061,0.996831,0.0524784,0.281843,18.9176,37.7292
0.0512784,0.968588,0.0514739,0.856594,19.635,37.7293
0.0514656,0.989359,0.0500578,0.528422,19.3993,37.7294
0.050945,0.992629,0.0524326,0.311763,18.4616,37.7296
0.0511681,0.977273,0.0525398,0.418104,19.3367,37.7297
0.0511038,0.999124,0.0539293,0.59214,19.0796,37.7297
0.0509134,0.99326,0.0517585,0.644847,18.3731,37.7298
0.05135,0.964811,0.0508066,0.0659129,19.5262,37.7299
0.0508849,0.998753,0.0533147,0.536552,18.5829,37.73
0.0511865,0.998058,0.0509875,0.441684,18.7011,37.7306
0.0510975,0.994588,0.0539976,0.166629,19.5482,37.7308
0.0512272,0.979932,0.0503426,0.422208,18.985,37.7308
0.0509094,0.996604,0.0520816,0.00256377,19.6192,37.731
0.051189,0.983807,0.0528069,0.336222,19.1074,37.7318
0.051191,0.97092,0.0517166,0.688713,19.8361,37.7321
0.0510081,0.98528,0.0523559,0.363444,19.6746,37.7329
0.0513568,0.973217,0.0507321,0.558966,19.1909,37.7329
0.05102,0.990077,0.0501442,0.396568,17.6263,37.7331
0.0509058,0.993894,0.0518261,0.997117,18.9097,37.7339
0.0509802,0.989614,0.0536709,0.0836774,19.5273,37.7345
0.0510193,0.991799,0.0503152,0.017219,17.721,37.736
0.0511216,0.988816,0.0517168,0.598716,18.9535,37.7375
0.0514512,0.988879,0.0502405,0.0801961,19.6257,37.7379
0.0513093,0.965504,0.0511528,0.4813,19.1138,37.7382
0.051159,0.974771,0.0504238,0.314392,18.1532,37.7393
0.0512952,0.968461,0.0515228,0.727103,19.8287,37.7397
0.0511467,0.971938,0.0512184,0.78895,19.3622,37.7398
0.0509496,0.994309,0.054882,0.171392,19.8362,37.7413
0.0510393,0.991975,0.0503376,0.235163,17.4392,37.7418
0.0513215,0.964547,0.0510774,0.375395,19.5475,37.7419
0.0509031,0.995387,0.0534241,0.310099,19.6417,37.7449
0.0510229,0.983801,0.0519522,0.694393,19.7248,37.7457
0.0508784,0.996349,0.0508472,0.876242,17.1956,37.746
0.0511177,0.987551,0.0518126,0.0852289,18.2864,37.7465
0.0511036,0.98351,0.0516519,0.304434,18.0587,37.7468
0.0512327,0.966569,0.0512704,0.629606,19.5508,37.7472
0.0512388,0.974323,0.0502883,0.0131347,18.2416,37.7474
0.0510661,0.980508,0.050732,0.909191,19.1484,37.7483
0.0509203,0.998137,0.0554431,0.800483,19.5202,37.7486
0.051103,0.989555,0.0520143,0.384833,18.7939,37.7501
0.0509232,0.99091,0.0504278,0.411058,18.5695,37.7507
0.0511393,0.973599,0.0517723,0.590878,19.8664,37.7509
0.0511498,0.972062,0.051468,0.933697,19.5903,37.7511
0.051319,0.989266,0.0514654,0.921282,19.5892,37.7517
0.0508512,0.997491,0.050914,0.538822,18.8127,37.7528
0.0509652,0.989116,0.0534788,0.41464,19.9018,37.7536
0.0510392,0.99224,0.0529132,0.0924321,18.5419,37.7537
0.0514284,0.998224,0.0506707,0.239445,19.9789,37.7554
0.0514043,0.98791,0.0507146,0.420615,19.5154,37.7562
0.0510501,0.98147,0.0511873,0.384113,19.841,37.7562
0.0511204,0.974727,0.0503562,0.937624,18.6943,37.7562
0.0509474,0.996388,0.0552359,0.735594,19.2345,37.7573
0.0514045,0.981261,0.0504609,0.778354,19.9707,37.758
0.0510976,0.975995,0.0503442,0.619078,18.3829,37.7585
0.0508452,0.996682,0.0503471,0.716748,17.4446,37.7585
0.0511412,0.983043,0.0515748,0.717923,18.0385,37.7594
0.0513888,0.983097,0.050665,0.846301,19.0029,37.7597
0.0511412,0.98444,0.0535423,0.198182,19.1719,37.7597
0.0511737,0.972559,0.0521376,0.0475009,19.4269,37.7598
0.0509398,0.997038,0.055343,0.203449,19.1714,37.76
0.0513593,0.988689,0.0511195,0.0582785,19.4646,37.7602
0.0512709,0.981809,0.051884,0.557279,19.3498,37.762
0.051043,0.983591,0.0517733,0.714301,18.7873,37.762
0.0510359,0.980376,0.0506618,0.0889422,18.7708,37.7622
0.0512815,0.969216,0.0517704,0.958382,19.8399,37.7628
0.0510132,0.982496,0.0506685,0.0986033,18.8853,37.7642
0.0509815,0.996589,0.0536901,0.646964,18.6225,37.7659
0.0509278,0.992307,0.0531688,0.0606398,19.1883,37.7664
0.0508876,0.996365,0.0538576,0.909487,19.8373,37.7669
0.0512291,0.975413,0.0524338,0.200779,19.1422,37.7671
0.050955,0.991855,0.0529286,0.217925,18.5204,37.7671
0.0509449,0.996631,0.0553347,0.117161,19.4082,37.7674
0.0514265,0.977877,0.0501987,0.63233,19.9688,37.7675
0.0510135,0.986062,0.0536824,0.447977,19.787,37.7679
0.0508463,0.997115,0.0507208,0.0642181,18.3993,37.7679
0.0510014,0.987946,0.0541797,0.688821,19.3165,37.7684
0.0513591,0.987413,0.0511065,0.657855,19.919,37.7684
0.050946,0.991428,0.0525994,0.489384,18.6537,37.7689
0.050868,0.996765,0.0528392,0.87887,18.1592,37.7692
0.0511228,0.981591,0.0533608,0.13317,19.8099,37.7704
0.0510611,0.993155,0.0546466,0.885321,19.9011,37.7709
0.0510724,0.977791,0.0520583,0.0906541,19.6149,37.7714
0.0510349,0.980138,0.0503173,0.376692,18.8463,37.7716
0.0509158,0.990302,0.0500714,0.158075,17.8719,37.7729
0.0511256,0.973267,0.0516967,0.431255,19.569,37.7732
0.051003,0.997943,0.0554683,0.947394,19.2113,37.7745
0.0511714,0.967859,0.0508943,0.57474,19.4001,37.7751
0.0510348,0.994688,0.0530354,0.803148,18.9939,37.7754
0.0513497,0.960558,0.0508136,0.203586,19.5168,37.7762
0.0510065,0.986263,0.0537141,0.68434,19.2818,37.7765
0.0512097,0.973811,0.0506671,0.528436,18.5167,37.7766
0.0511437,0.993321,0.0535608,0.910536,19.165,37.7768
0.0509173,0.991585,0.0518018,0.494378,18.6606,37.7768
0.0512825,0.977976,0.0517778,0.458899,19.3212,37.7769
0.0514024,0.960445,0.0503221,0.0496347,19.4894,37.7773
0.0509693,0.991226,0.0547241,0.647333,19.7169,37.7775
0.0511122,0.978497,0.0530708,0.676265,19.1214,37.7779
0.0513433,0.958408,0.0504657,0.019619,19.7963,37.7786
0.0513572,0.971854,0.0508749,0.286814,19.8451,37.7796
0.0510841,0.991737,0.0500468,0.606141,17.0754,37.7796
0.0508815,0.99929,0.0540583,0.849642,18.5773,37.7806
0.0512304,0.995195,0.0526158,0.843468,19.8033,37.7812
0.0508938,0.994186,0.0508158,0.00565736,17.3109,37.7816
0.0510843,0.997901,0.0543635,0.519749,19.8194,37.7817
0.051046,0.99763,0.0548813,0.198917,19.3839,37.7823
0.0509798,0.987207,0.0522238,0.102773,19.5902,37.7824
0.0508807,0.998116,0.0538012,0.0851199,18.5269,37.7826
0.051183,0.966546,0.0506058,0.0557316,19.6759,37.7827
0.0511733,0.976155,0.0509762,0.311818,18.5143,37.783
0.0513981,0.983716,0.0506996,0.908607,19.8606,37.7845
0.0511501,0.99733,0.0535542,0.682317,19.9754,37.7848
0.0509511,0.991839,0.0530683,0.773385,18.5632,37.785
0.0511661,0.97077,0.0519257,0.74324,19.9278,37.7854
0.0512699,0.965012,0.0513578,0.772905,19.8399,37.7857
0.0509507,0.991323,0.0529796,0.277112,18.6655,37.7862
0.051089,0.981294,0.0534846,0.0219264,19.3313,37.787
0.0511368,0.976626,0.0510176,0.615245,18.2996,37.7871
0.0508584,0.996801,0.0519104,0.813894,18.5677,37.7874
0.051081,0.982569,0.0536401,0.621503,19.0878,37.7878
0.0509772,0.989017,0.0501728,0.117961,19.9031,37.7881
0.0509083,0.994057,0.0545025,0.617692,19.3074,37.7889
0.0514026,0.97177,0.0503986,0.910986,19.9458,37.7892
0.0509312,0.99693,0.0555484,0.849876,19.5376,37.7895
0.0513366,0.984257,0.0513041,0.869931,19.5235,37.7897
0.0513625,0.9592,0.0507577,0.444986,19.1772,37.7897
0.0510306,0.991053,0.053102,0.95179,18.934,37.7898
0.0513861,0.956289,0.0503568,0.188201,19.8202,37.7899
0.0509394,0.98919,0.0520435,0.809659,18.2652,37.7901
0.0512366,0.968094,0.0517951,0.216903,19.3046,37.7905
0.0511995,0.989483,0.0529003,0.382482,19.3885,37.7915
0.0510543,0.980837,0.0530574,0.33756,19.5411,37.7915
0.0512127,0.966446,0.0515758,0.767138,19.6935,37.7916
0.0514068,0.958371,0.0503278,0.703185,19.2167,37.7917
0.0514085,0.982659,0.0506025,0.363599,19.3516,37.7921
0.0509117,0.996037,0.0553279,0.939336,19.0517,37.7925
0.0513327,0.958206,0.0505392,0.238833,19.8611,37.7928
0.0512626,0.980638,0.0501332,0.646934,18.9927,37.7929
0.0512986,0.993003,0.0519418,0.522136,19.3783,37.793
0.0510342,0.991138,0.0505326,0.328638,17.4274,37.7931
0.0508662,0.99814,0.0535896,0.0700787,18.6932,37.7932
0.0512166,0.965419,0.051268,0.39312,19.2967,37.7934
0.0512065,0.970441,0.0502732,0.0331904,18.2883,37.7935
0.050849,0.99716,0.0515813,0.918866,18.1488,37.7942
0.0512216,0.975908,0.0506691,0.0361227,18.7878,37.7946
0.0510185,0.994868,0.0553051,0.383911,19.5008,37.7948
0.0508994,0.996221,0.0509342,0.297955,19.5101,37.7956
0.0512273,0.973766,0.0525654,0.187175,19.9419,37.7961
0.0510164,0.982643,0.0529389,0.338329,19.5186,37.7975
0.0514152,0.957564,0.0502479,0.52453,19.1768,37.7985
0.0509132,0.993741,0.0531457,0.90717,18.0081,37.7993
0.0509812,0.988153,0.0504448,0.225316,17.8963,37.7998
0.0514098,0.977018,0.0504537,0.710776,19.8253,37.8001
0.0511377,0.971019,0.050722,0.36116,19.5424,37.8006
0.0509187,0.996728,0.0556411,0.25436,19.4032,37.8007
0.0509774,0.997883,0.0557246,0.634104,19.2833,37.8009
0.050881,0.996137,0.0547878,0.248932,19.5352,37.801
0.0510008,0.988713,0.0527374,0.590685,18.1132,37.8011
0.0510302,0.986035,0.0542154,0.0984032,19.2643,37.8013
0.0511026,0.977975,0.0532048,0.160142,19.1105,37.8018
0.0509741,0.991295,0.0531052,0.505241,18.6639,37.8029
0.0512073,0.973624,0.0525884,0.25654,19.9728,37.8035
0.0514045,0.963401,0.0503772,0.633472,19.4843,37.8036
0.0511535,0.998052,0.0536031,0.478831,19.8909,37.8047
0.0509143,0.991084,0.0518274,0.974737,18.723,37.8049
0.051165,0.97008,0.0519314,0.811573,19.8879,37.8049
0.0509107,0.994843,0.0506972,0.193114,19.9767,37.805
0.0511281,0.988811,0.0538588,0.863513,19.8751,37.8057
0.0510213,0.983984,0.0501478,0.593706,19.9193,37.8066
0.05089,0.992337,0.0505447,0.177217,17.7409,37.8079
0.051128,0.975376,0.0510267,0.985724,18.4824,37.808
0.0511684,0.988684,0.0533399,0.770315,19.0641,37.8087
0.0508157,0.996983,0.050109,0.0645772,17.7382,37.8087
0.0511275,0.975311,0.0510271,0.692619,18.9203,37.809
0.051126,0.98136,0.0535983,0.427125,19.0733,37.8093
0.0508754,0.9966,0.0550071,0.102705,19.0798,37.8094
0.0511643,0.96927,0.0501709,0.743015,18.2135,37.8096
0.0509613,0.991049,0.0549158,0.243062,19.0726,37.8109
0.0510205,0.995153,0.0509211,0.640662,17.0277,37.8109
0.050233,0.995543,0.0502158,1.37664,19.2743,37.8115
0.0511864,0.989643,0.0531317,0.443127,19.3873,37.8115
0.051036,0.981266,0.0515986,0.145416,18.6708,37.8124
0.051241,0.981988,0.0524237,0.535177,19.7041,37.8134
0.0508927,0.99504,0.0529457,0.905825,19.9008,37.8143
0.0510157,0.990978,0.0532473,0.967204,18.6456,37.8151
0.0510056,0.988914,0.0505054,0.734155,17.6551,37.8157
0.051297,0.994954,0.0502666,0.608787,18.0494,37.8159
0.0508547,0.995751,0.0509769,0.688729,17.4738,37.8164
0.0512161,0.997749,0.0510821,0.186025,18.9463,37.8191
0.0513671,0.96371,0.0508808,0.604493,19.3654,37.8191
0.0509696,0.995518,0.051221,0.83318,17.8246,37.8193
0.050889,0.994707,0.0532487,0.218244,18.9007,37.8195
0.0510844,0.977224,0.0528699,0.556977,19.991,37.8195
0.0510969,0.976558,0.0529622,0.525601,19.1849,37.82
0.050961,0.993577,0.0510732,0.000428943,17.8422,37.821
0.051397,0.957444,0.0505478,0.240481,19.6253,37.8214
0.0511121,0.972677,0.0511434,0.202694,19.7891,37.8219
0.0512092,0.998538,0.0530907,0.680299,19.5268,37.8226
0.0508756,0.992259,0.0502287,0.505108,17.5432,37.8232
0.0512004,0.9955,0.0531025,0.411141,19.0565,37.8233
0.050873,0.994421,0.0519224,0.350034,18.8385,37.8236
0.0510475,0.980646,0.0502614,0.279784,19.3068,37.8236
0.0514287,0.979197,0.0504346,0.701058,19.2885,37.8249
0.0510612,0.978824,0.0506321,0.173498,19.5504,37.8252
0.0512651,0.95942,0.0506984,0.36696,19.1522,37.8254
0.0510541,0.984804,0.0541776,0.388743,19.8831,37.8254
0.0510304,0.9848,0.0542479,0.957125,19.0585,37.8259
0.0509713,0.986357,0.0534991,0.0321683,19.4726,37.8262
0.0509303,0.987504,0.0501024,0.0235363,18.7369,37.8264
0.0511684,0.968377,0.0517047,0.0384349,19.9396,37.8267
0.0509811,0.986449,0.0503216,0.757283,17.3362,37.8272
0.0510389,0.998633,0.0551448,0.718999,19.9351,37.8275
0.0508454,0.999287,0.0555868,0.746337,19.506,37.8276
0.0511482,0.974097,0.0528617,0.605642,19.1538,37.8278
0.0512242,0.996431,0.0509982,0.0705449,18.9243,37.8279
0.0510086,0.984068,0.0522479,0.0741326,18.3398,37.8286
0.0512741,0.957618,0.0503222,0.916694,19.5936,37.8294
0.0508694,0.996362,0.0540459,0.446403,19.7513,37.8294
0.0510819,0.985388,0.0542587,0.105933,19.8923,37.8298
0.0513986,0.96917,0.0505596,0.553205,19.6499,37.8315
0.0511595,0.982549,0.0515928,0.30864,18.7318,37.8319
0.0512128,0.962569,0.0500956,0.818531,19.9554,37.8324
0.0509697,0.99305,0.0553203,0.636559,19.8472,37.8337
0.050304,0.995827,0.0503236,1.35525,19.2943,37.8341
0.0510206,0.982075,0.0533876,0.177605,19.1648,37.8342
0.051244,0.977744,0.0505115,0.788707,18.3965,37.8342
0.0511879,0.975502,0.0530379,0.0313227,19.3003,37.8344
0.0511817,0.970352,0.0524384,0.0293297,19.2846,37.8347
0.0510348,0.99031,0.0549399,0.023679,19.9141,37.8347
0.0510808,0.978249,0.0534893,0.559635,19.2593,37.8347
0.0509268,0.990428,0.0532915,0.215782,19.6547,37.8348
0.0514479,0.975603,0.0501928,0.733961,19.3829,37.8358
0.0513541,0.955038,0.0504685,0.0196853,19.886,37.8358
0.0510146,0.985046,0.0543725,0.561708,19.0884,37.8378
0.0510375,0.978753,0.0511747,0.877808,18.6693,37.8387
0.0510053,0.983455,0.0515602,0.762949,19.2762,37.8396
0.0510718,0.982223,0.0539534,0.518959,19.3992,37.8396
0.0511863,0.995364,0.0533261,0.11416,19.6652,37.8419
0.0512188,0.986824,0.0528267,0.315555,19.529,37.8419
0.0509711,0.984106,0.0506232,0.668762,18.369,37.8421
0.0510185,0.981048,0.0515946,0.0714718,18.269,37.843
0.0508876,0.990893,0.0504403,0.844042,18.3317,37.8433
0.0512196,0.984149,0.0508632,0.926081,18.4885,37.8434
0.0510172,0.98471,0.0543838,0.282346,19.4283,37.8434
0.0513618,0.952932,0.0502612,0.687146,19.8073,37.8435
0.0510964,0.973267,0.0505945,0.48648,18.1656,37.844
0.0509543,0.987459,0.0531566,0.1225,19.291,37.8446
0.0512822,0.991662,0.0503698,0.628951,18.943,37.8453
0.0514811,0.980191,0.0501538,0.46963,19.6897,37.8453
0.0512593,0.985397,0.0504277,0.0241766,18.1708,37.8455
0.0510665,0.97786,0.0503817,0.134,19.4626,37.8458
0.0509009,0.998614,0.051854,0.111996,17.9814,37.8489
0.0512833,0.991008,0.0522398,0.0181977,19.4521,37.8491
0.0509061,0.990353,0.0514929,0.107255,18.9037,37.8498
0.0514634,0.974835,0.0500846,0.532906,19.884,37.8498
0.0511435,0.976803,0.0515713,0.00650236,18.9028,37.8509
0.0510319,0.982136,0.0539765,0.700646,19.9087,37.851
0.051318,0.954656,0.0505709,0.860996,19.9863,37.8514
0.0508753,0.993083,0.0516038,0.21081,18.9813,37.853
0.0510576,0.984616,0.052634,0.25665,18.0507,37.854
0.0510027,0.982986,0.0536222,0.422023,19.7514,37.854
0.051111,0.993685,0.0542631,0.457063,19.6108,37.8541
0.0513592,0.971934,0.0511035,0.564612,19.7664,37.8543
0.0509655,0.984648,0.0512561,0.538635,18.2803,37.8544
0.0512663,0.973722,0.0503132,0.898076,18.6763,37.8549
0.0508511,0.998776,0.051599,0.28921,19.2116,37.855
0.0511693,0.991535,0.0515821,0.439353,18.3128,37.8554
0.0511562,0.973005,0.05107,0.155245,18.9606,37.8555
0.0501882,0.996382,0.0502282,1.4573,19.0902,37.8557
0.0510167,0.982531,0.0522767,0.55349,18.4703,37.8557
0.0513656,0.977645,0.0511116,0.423213,19.79,37.8558
0.0509594,0.988155,0.0510695,0.296603,19.0717,37.856
0.0508595,0.993154,0.0507515,0.905874,18.8003,37.8573
0.0509873,0.994993,0.0557368,0.0839283,19.4277,37.8579
0.0510009,0.983076,0.0518353,0.643263,19.6369,37.8584
0.0508809,0.995548,0.0539766,0.764387,18.4503,37.8586
0.0510549,0.994814,0.0530854,0.356601,18.8201,37.8597
0.0511901,0.987637,0.0532486,0.0421536,19.4631,37.8603
0.0510894,0.984045,0.0526552,0.198831,18.0008,37.8606
0.0514676,0.984758,0.0504065,0.398897,19.541,37.861
0.0509017,0.998939,0.0546944,0.622491,18.7481,37.8615
0.0511502,0.968335,0.0503528,0.00326477,19.2282,37.862
0.0512032,0.980065,0.0511342,0.118556,18.3045,37.8621
0.0514724,0.979381,0.0502436,0.369838,19.5859,37.8624
0.0510357,0.992459,0.050901,0.845461,17.7628,37.8625
0.0509917,0.991564,0.0537024,0.508796,18.3088,37.863
0.0511414,0.970609,0.0508763,0.982596,18.1821,37.8631
0.0509786,0.984588,0.0536653,0.322022,19.9671,37.8632
0.0503189,0.994228,0.0503348,1.21276,19.6673,37.8634
0.0508515,0.995769,0.0529449,0.612948,18.2016,37.8636
0.0508867,0.995064,0.0512416,0.651837,19.0525,37.8637
0.0510079,0.982106,0.0536034,0.275766,19.1261,37.8658
0.0509055,0.993151,0.0504843,0.879485,19.2967,37.8663
0.0508837,0.994946,0.0539326,0.508206,18.0581,37.8665
0.0512962,0.996169,0.0506044,0.256595,18.5118,37.8669
0.051417,0.998666,0.0511793,0.0323638,19.2817,37.8672
0.0512422,0.986528,0.0526489,0.515969,19.5001,37.869
0.0508786,0.994431,0.0544402,0.706313,19.4058,37.8692
0.050953,0.988459,0.0508435,0.145674,19.6536,37.8692
0.051069,0.995537,0.0548855,0.467614,19.4772,37.8698
0.0509231,0.997135,0.0561308,0.226164,19.8826,37.8703
0.0509994,0.983901,0.0541389,0.338244,19.4174,37.871
0.0510111,0.991696,0.0510538,0.463598,17.8777,37.8722
0.0511854,0.987383,0.0514159,0.536961,18.0611,37.8723
0.0510555,0.991358,0.0551009,0.149113,19.1074,37.8727
0.0509095,0.993846,0.0540709,0.395793,18.2128,37.8736
0.0512497,0.971339,0.0506127,0.614205,18.4265,37.8737
0.0510769,0.992071,0.0528451,0.934902,18.5096,37.874
0.0509135,0.992114,0.0509895,0.0412876,19.4515,37.8747
0.0507827,0.997154,0.0502085,0.182815,18.1082,37.8747
0.0509807,0.984831,0.0517364,0.962739,19.4407,37.8753
0.0511811,0.968551,0.0506675,0.0327932,18.3274,37.8769
0.0513915,0.986392,0.0512491,0.63095,19.1271,37.8788
0.0509659,0.998901,0.05181,0.0827047,17.4616,37.8789
0.0510639,0.975504,0.0518556,0.72294,19.8822,37.8792
0.0509589,0.988669,0.0509819,0.853016,17.7974,37.8807
0.0508604,0.998588,0.0548109,0.708165,18.3755,37.8811
0.0513122,0.9967,0.0523902,0.298921,19.2104,37.8817
0.0509749,0.994307,0.0558049,0.914176,19.3277,37.8817
0.051461,0.980244,0.0504497,0.120221,19.5084,37.882
0.0509627,0.98827,0.0549507,0.955069,19.2692,37.8825
0.0509264,0.988921,0.0529429,0.588757,18.723,37.8829
0.0502104,0.99779,0.0509744,1.91961,19.9111,37.8832
0.050838,0.995856,0.0520804,0.279993,18.1921,37.8836
0.0511086,0.973219,0.0529766,0.223246,19.7647,37.8839
0.0512608,0.975509,0.0504888,0.788037,18.7387,37.8848
0.0508206,0.997927,0.052776,0.397526,18.3686,37.8854
0.0509175,0.988675,0.0523024,0.0150585,18.0139,37.8855
0.0509209,0.988024,0.0506792,0.893218,17.0667,37.8864
0.051227,0.991922,0.0529826,0.729961,19.2978,37.8865
0.0510002,0.98053,0.0515343,0.591255,18.6845,37.8865
0.0508468,0.996536,0.0539782,0.792807,18.0381,37.8865
0.0511963,0.982184,0.0513148,0.16922,18.5918,37.8866
0.0511121,0.986259,0.0500494,0.634205,17,37.8871
0.0511028,0.98944,0.0501428,0.765241,17.1969,37.8877
0.0513474,0.993361,0.0500535,0.556401,18.3154,37.889
0.0513102,0.996876,0.0524408,0.104865,19.5544,37.8891
0.0508674,0.995901,0.050856,0.145718,19.8476,37.8895
0.0514762,0.997012,0.0506568,0.408755,19.2154,37.8902
0.0508594,0.993378,0.0510024,0.31471,17.9401,37.8908
0.0509944,0.983845,0.0543196,0.129186,19.0457,37.891
0.0509065,0.992206,0.0507661,0.342692,19.3006,37.8912
0.0509748,0.990343,0.0537059,0.824575,18.1099,37.8913
0.0512843,0.995943,0.0526037,0.314939,19.6847,37.8916
0.0501888,0.997825,0.050976,1.56262,19.1522,37.8916
0.0510378,0.979674,0.0522755,0.480309,18.4646,37.892
0.0511152,0.981639,0.0542238,0.866826,19.5401,37.8925
0.051404,0.972142,0.0507493,0.852368,19.0558,37.8932
0.0513698,0.954932,0.0509022,0.77384,19.0257,37.8933
0.0512967,0.973755,0.0519882,0.940438,19.0424,37.8937
0.0511351,0.986462,0.0540795,0.681272,19.8026,37.8939
0.0512654,0.988509,0.0525264,0.915265,19.6329,37.8942
0.0508886,0.994172,0.0542195,0.744411,18.9325,37.8942
0.0510138,0.985599,0.0506004,0.665778,17.3786,37.8945
0.0508824,0.999054,0.0566182,0.224366,19.9686,37.8948
0.0512197,0.976698,0.0510545,0.855586,18.9172,37.8952
0.0510901,0.973407,0.0507739,0.356214,19.1927,37.8953
0.0511332,0.970622,0.0527881,0.899602,19.2905,37.8954
0.0511086,0.984644,0.0525271,0.683481,18.2469,37.8956
0.0508442,0.995743,0.0535598,0.39172,18.8598,37.8957
0.0510183,0.979675,0.0533834,0.239961,19.4283,37.8961
0.0509929,0.994847,0.0560313,0.611329,19.0362,37.8967
0.0507703,0.998772,0.0506873,0.423601,17.9584,37.8968
0.0512466,0.967533,0.0507374,0.890657,18.0707,37.8969
0.0510978,0.972991,0.0512616,0.833453,18.3126,37.8971
0.051063,0.976587,0.0503464,0.180084,19.9656,37.8979
0.0511888,0.993953,0.0534873,0.549489,19.6292,37.8979
0.0502493,0.991642,0.0503734,1.57941,19.4536,37.8983
0.0510273,0.982426,0.0503293,0.390923,17.4712,37.8984
0.051013,0.979818,0.0518547,0.215944,18.3227,37.8989
0.051402,0.99138,0.0513311,0.538481,19.3781,37.899
0.0512505,0.991212,0.0508937,0.226452,18.2445,37.9001
0.0513578,0.949504,0.0502952,0.892034,19.8267,37.9003
0.0510558,0.97782,0.0521146,0.611222,18.1716,37.9004
0.05133,0.969005,0.0515953,0.79945,19.5647,37.9008
0.0510393,0.981117,0.0525224,0.0446094,18.8685,37.9013
0.0508676,0.998952,0.0522895,0.743891,17.6269,37.9018
0.0510898,0.9796,0.0540333,0.687112,19.2765,37.902
0.0513955,0.952618,0.0506917,0.488079,19.8684,37.9028
0.0512854,0.971145,0.0521637,0.438731,19.3013,37.9036
0.0514981,0.990828,0.0503141,0.00210821,19.3155,37.9039
0.0511595,0.967311,0.050754,0.464521,18.5519,37.9048
0.051205,0.960858,0.0504207,0.0803985,19.9073,37.9051
0.0509114,0.995029,0.054482,0.868534,18.7567,37.9052
0.0507706,0.998926,0.0511811,0.365196,18.9706,37.9055
0.051344,0.974836,0.0514834,0.541214,19.6908,37.9067
0.0509392,0.997182,0.0563788,0.648226,19.8654,37.9067
0.0510703,0.982238,0.0543951,0.108612,19.6708,37.9067
0.0510127,0.981076,0.050978,0.702073,19.7483,37.9068
0.0509571,0.986841,0.0504184,0.493604,19.1429,37.9069
0.0510225,0.992858,0.0556984,0.758678,19.9292,37.9071
0.0514139,0.970428,0.0506691,0.938357,19.9621,37.9075
0.0511847,0.970905,0.0529579,0.00838758,19.7147,37.9085
0.0508667,0.991578,0.0511836,0.662153,18.1417,37.9085
0.0508547,0.993211,0.0516731,0.842686,18.3069,37.9087
0.0510002,0.98528,0.0531474,0.513132,18.1973,37.9092
0.0512255,0.980546,0.0529472,0.141289,19.6717,37.9094
0.0508992,0.992248,0.0513355,0.205614,19.09,37.9096
0.0508161,0.994392,0.0506828,0.124736,18.3683,37.9097
0.0511066,0.985267,0.0526053,0.107723,18.9549,37.9098
0.0509637,0.996575,0.0563446,0.564201,19.7742,37.9105
0.0512055,0.982988,0.0532141,0.38033,19.6323,37.9113
0.0511994,0.993491,0.0534137,0.900474,19.6545,37.9114
0.0512082,0.991131,0.0513741,0.334922,18.3281,37.9116
0.0508563,0.99614,0.0510649,0.322398,19.2791,37.9124
0.0509847,0.983818,0.0508559,0.247666,19.722,37.9126
0.0511285,0.997833,0.0543115,0.765812,19.7226,37.913
0.0511511,0.996368,0.0521249,0.915475,18.0112,37.9131
0.051459,0.971937,0.050276,0.908907,19.9683,37.9134
0.0511978,0.96131,0.0507817,0.664042,19.5901,37.9135
0.0512521,0.996031,0.0511498,0.267325,18.6386,37.9137
0.0512493,0.993082,0.0528943,0.560688,19.4947,37.9137
0.0511858,0.962446,0.050641,0.397743,19.355,37.914
0.051206,0.990278,0.0513918,0.552193,18.1545,37.9145
0.0509223,0.989544,0.0519181,0.833029,19.1505,37.915
0.0510375,0.978058,0.0511532,0.828277,19.2829,37.9152
0.0509433,0.998484,0.0549171,0.460672,18.7912,37.9157
0.0508382,0.994462,0.0517477,0.730981,18.646,37.9159
0.0502303,0.99048,0.0500656,1.00665,19.3935,37.9162
0.0510679,0.977527,0.0521707,0.967844,18.5847,37.9169
0.0509974,0.981814,0.0540507,0.984962,19.7026,37.9173
0.0510756,0.99144,0.0505607,0.984477,17.6934,37.9188
0.0510729,0.983123,0.0545893,0.45149,19.4197,37.9196
0.0514592,0.9785,0.0505382,0.342333,19.7373,37.9204
0.0512868,0.997891,0.0528218,0.49341,19.6001,37.9207
0.0512308,0.968893,0.0510506,0.00483089,18.0154,37.9207
0.051061,0.98522,0.0505752,0.602252,17.5694,37.9208
0.0509057,0.993977,0.0544726,0.338682,18.3833,37.921
0.0512383,0.997143,0.0531769,0.657157,19.4521,37.9212
0.0509775,0.991288,0.0541538,0.373109,18.1235,37.9217
0.0512479,0.966253,0.0524596,0.406594,19.6809,37.9218
0.0512927,0.953542,0.0506806,0.496465,19.5478,37.9223
0.0509532,0.98827,0.0552572,0.846256,19.3438,37.9234
0.0513618,0.94975,0.0504839,0.191358,19.0565,37.9241
0.0509483,0.998184,0.0521411,0.604483,17.1042,37.9248
0.0511073,0.975705,0.0537313,0.217981,19.5312,37.9249
0.0510851,0.972457,0.0512992,0.0541406,19.3214,37.9249
0.0502032,0.999442,0.0513931,1.99171,19.075,37.926
0.0514327,0.959913,0.0504353,0.586852,19.8595,37.9267
0.050991,0.98221,0.0516314,0.904522,19.3736,37.9268
0.0510188,0.992185,0.051319,0.84028,17.1272,37.9272
0.0508059,0.996049,0.0513909,0.00502183,18.6654,37.9279
0.0511374,0.984126,0.0522519,0.959369,18.377,37.9279
0.0511444,0.996518,0.0522706,0.1951,18.8454,37.9282
0.0514334,0.949055,0.0504443,0.831007,19.1375,37.929
0.051191,0.995836,0.051763,0.319214,18.235,37.929
0.0510893,0.970895,0.0508728,0.173864,18.1978,37.9297
0.0511386,0.998365,0.05427,0.620506,19.2731,37.9298
0.0513152,0.98227,0.0501264,0.0782283,18.4906,37.9299
0.0508083,0.993438,0.050424,0.628923,18.0051,37.93
0.0512843,0.989067,0.0524919,0.220101,19.0447,37.93
0.0509024,0.990625,0.0513112,0.846056,17.1906,37.9302
0.0513216,0.95581,0.0512678,0.762316,19.9881,37.9304
0.0509841,0.985183,0.0508802,0.0111801,17.8469,37.9306
0.0514156,0.993184,0.0513018,0.896114,19.0549,37.9306
0.0508489,0.997083,0.0501981,0.925716,19.6338,37.9306
0.05117,0.979319,0.0518442,0.856141,18.648,37.9311
0.0511499,0.982753,0.0520998,0.814405,18.0233,37.9312
0.0512248,0.978275,0.0511223,0.914132,18.4178,37.9318
0.0510171,0.979895,0.0507889,0.132165,19.4508,37.9329
0.0511588,0.986317,0.053912,0.194107,19.5264,37.9353
0.051489,0.988666,0.050462,0.992719,19.3018,37.9354
0.0510088,0.984987,0.0507743,0.952678,17.7792,37.9354
0.0511219,0.987884,0.0544048,0.885058,19.4612,37.9355
0.0508321,0.997735,0.0523334,0.73936,19.8325,37.9358
0.0510584,0.977908,0.0541518,0.681758,19.4998,37.9359
0.0512773,0.988221,0.0507039,0.0941079,18.7908,37.937
0.0503213,0.993036,0.0506381,1.07188,19.5182,37.9371
0.0514186,0.947222,0.0502783,0.2175,19.0996,37.9373
0.0508674,0.992729,0.0515426,0.934654,17.3911,37.9376
0.0513525,0.948178,0.0504189,0.749873,19.4859,37.938
0.0510515,0.976619,0.0521436,0.654159,18.7452,37.9386
0.0510082,0.989473,0.0555689,0.700774,19.7107,37.9389
0.051241,0.956298,0.0508161,0.50704,19.614,37.94
0.0513576,0.97414,0.0514451,0.699199,19.9768,37.9408
0.0508952,0.987541,0.0507439,0.239279,18.5643,37.9411
0.05096,0.98422,0.0525783,0.99134,19.4579,37.9413
0.0508856,0.989634,0.0517816,0.386675,18.4594,37.9419
0.0508431,0.996031,0.0558043,0.0249207,19.328,37.9426
0.0513516,0.996885,0.0502299,0.634556,18.0078,37.9427
0.0508084,0.99918,0.0540068,0.256289,19.3506,37.943
0.050236,0.989034,0.0500745,1.77033,19.3956,37.943
0.0502051,0.998672,0.0514193,1.41462,19.6846,37.9432
0.0512295,0.974085,0.0511159,0.355666,18.6421,37.9433
0.0511275,0.984787,0.0524468,0.515615,18.2491,37.9436
0.0514017,0.946003,0.0501581,0.709325,19.7399,37.9438
0.0512528,0.992095,0.0529506,0.8999,19.4141,37.9438
0.0512715,0.971267,0.0524784,0.917048,19.4136,37.944
0.0511353,0.984655,0.0542602,0.200729,19.3775,37.9444
0.0509226,0.998684,0.0523301,0.204729,17.531,37.9448
0.0511791,0.979313,0.0517723,0.918085,18.8871,37.9448
0.0514445,0.983224,0.0509311,0.319424,19.9037,37.9452
0.0512102,0.977274,0.0513659,0.203143,18.6918,37.9454
0.0509738,0.984356,0.0547762,0.893637,19.0446,37.947
0.0509491,0.985167,0.0539119,0.468567,19.363,37.9471
0.0512154,0.973467,0.0532295,0.0824744,19.2361,37.9473
0.0510532,0.976031,0.0520966,0.0300365,18.8543,37.9477
0.0511287,0.979049,0.0542782,0.165414,19.3447,37.9481
0.0508467,0.992484,0.050921,0.998718,17.4238,37.9484
0.0510636,0.974832,0.0504284,0.889566,19.4934,37.9485
0.0514679,0.963291,0.0501416,0.174186,19.3952,37.9486
0.0514548,0.987154,0.0508498,0.838172,19.7758,37.9492
0.0511771,0.99212,0.0519024,0.80645,18.4654,37.9493
0.0508889,0.991183,0.0549195,0.945208,19.6765,37.9497
0.0511484,0.965149,0.0517576,0.614172,19.0985,37.9509
0.0511499,0.968145,0.0512106,0.740734,18.623,37.951
0.0512119,0.9893,0.0514645,0.524703,18.4251,37.951
0.0510879,0.970645,0.0510433,0.898798,18.1607,37.9512
0.0508378,0.99442,0.0514986,0.368292,17.003,37.9514
0.051053,0.978487,0.0501887,0.0521045,17.4379,37.9517
0.0510179,0.99818,0.0539847,0.834062,18.8074,37.9523
0.0514178,0.945149,0.0501158,0.0274804,19.1468,37.9526
0.0514964,0.991716,0.0505245,0.640354,19.5068,37.9528
0.0502867,0.98771,0.0502738,1.66948,19.5182,37.9546
0.0512302,0.99938,0.05173,0.00849911,18.3735,37.9559
0.0509739,0.991283,0.0544752,0.889779,18.1318,37.956
0.0502632,0.990026,0.0505563,1.30847,19.4005,37.9561
0.0515328,0.993105,0.0502764,0.331077,19.2173,37.9568
0.0509169,0.989081,0.0553603,0.441698,19.6391,37.9568
0.0507986,0.994939,0.051112,0.834538,18.4396,37.9571
0.0511668,0.986759,0.0538895,0.823826,19.7198,37.9574
0.050955,0.992729,0.0517287,0.978867,17.0924,37.9576
0.0511706,0.962759,0.0514294,0.346331,19.1097,37.9577
0.0509826,0.990039,0.0514054,0.57778,17.1584,37.958
0.0513424,0.996829,0.0522749,0.862261,19.8276,37.9587
0.050982,0.98841,0.055611,0.134664,19.2234,37.9587
0.051237,0.998205,0.0516221,0.081825,18.5793,37.9589
0.0509026,0.990281,0.0540404,0.736305,18.6962,37.959
0.0511566,0.989962,0.0521506,0.757019,18.1845,37.9594
0.0511237,0.982103,0.0501518,0.745308,17.7617,37.9596
0.0512537,0.954459,0.0504883,0.525046,19.2007,37.9599
0.0510535,0.977801,0.0525516,0.0223818,18.9069,37.9599
0.0510201,0.986183,0.0537554,0.774267,18.5718,37.9602
0.0511641,0.963324,0.0515867,0.253123,19.7988,37.9606
0.0513338,0.95563,0.0514246,0.467327,19.4307,37.9613
0.0510796,0.992443,0.0550811,0.119091,19.1129,37.9622
0.0512923,0.98069,0.0523414,0.858331,19.1015,37.9624
0.0502422,0.990446,0.0506363,1.39833,19.6081,37.9625
0.0508693,0.997657,0.0569719,0.814254,19.3146,37.9625
0.0513396,0.983798,0.0519286,0.834299,19.2155,37.9626
0.0510473,0.97557,0.0510848,0.867931,19.2932,37.9631
0.0509638,0.990057,0.0542815,0.811156,18.985,37.9631
0.0510123,0.987926,0.0540922,0.528511,18.9915,37.9635
0.0512962,0.994969,0.0527811,0.232672,19.8358,37.9636
0.050216,0.993172,0.0509593,1.58476,19.9766,37.9642
0.0511813,0.962732,0.0520621,0.798007,19.6465,37.9645
0.0511795,0.988505,0.0518805,0.445411,18.2504,37.9648
0.0508965,0.988306,0.0522114,0.505928,18.2569,37.9649
0.0509896,0.998574,0.0517575,0.433004,17.4043,37.9653
0.0508459,0.993708,0.0539046,0.793897,18.2462,37.9655
0.0511334,0.991538,0.0524798,0.207918,18.2613,37.9658
0.0513637,0.947865,0.0505762,0.634295,19.3274,37.9661
0.0508604,0.99421,0.0546421,0.61446,18.0549,37.9663
0.0509307,0.986803,0.051077,0.542554,17.3647,37.9663
0.0501922,0.995679,0.0512758,1.87942,19.4348,37.9671
0.0508843,0.988065,0.0504825,0.7596,17.512,37.9678
0.0513072,0.97226,0.0521105,0.407933,19.374,37.9684
0.05086,0.99322,0.0535845,0.760615,19.7964,37.9685
0.050307,0.985407,0.0500956,1.43945,19.2326,37.9692
0.0510205,0.995295,0.0559419,0.832398,19.155,37.9699
0.0512241,0.992449,0.0533566,0.694916,19.1017,37.9699
0.0512703,0.984899,0.0526869,0.136449,19.2545,37.9699
0.0502114,0.992949,0.0509,1.1102,19.2275,37.97
0.0511424,0.970467,0.0533955,0.43708,19.4906,37.97
0.0501512,0.998605,0.0514742,1.18804,19.9448,37.9708
0.0511004,0.971135,0.0517581,0.772451,18.5215,37.9709
0.0509791,0.997709,0.0519226,0.441409,17.0028,37.971
0.051177,0.971887,0.0518997,0.654442,18.1132,37.9712
0.0510013,0.99376,0.0543055,0.821098,18.9626,37.9714
0.0510054,0.977725,0.0519417,0.930223,18.8314,37.9719
0.0514561,0.95999,0.0503171,0.306485,19.1304,37.9723
0.0508579,0.992143,0.0531553,0.536669,18.0064,37.9731
0.0508413,0.999144,0.0556843,0.835041,18.6957,37.9737
0.0509686,0.988247,0.0557332,0.653371,19.7732,37.9738
0.0509159,0.997978,0.0524299,0.309128,17.9797,37.974
0.0508136,0.998114,0.0521673,0.472518,19.6151,37.9744
0.051201,0.966847,0.052911,0.584138,19.9557,37.9748
0.0512031,0.959037,0.0510481,0.599257,19.729,37.9751
0.0503731,0.991209,0.0501065,1.25612,19.553,37.9753
0.0509216,0.984124,0.0506555,0.203982,18.4378,37.9764
0.0514028,0.966384,0.0509802,0.307569,19.0589,37.9767
0.0510405,0.983823,0.0535659,0.238276,18.9742,37.9769
0.0508553,0.991891,0.0525432,0.328782,18.8292,37.9773
0.0514163,0.948915,0.0507363,0.346861,19.6118,37.9781
0.0509732,0.988381,0.0541659,0.106823,18.8016,37.9785
0.0509439,0.985546,0.0507354,0.828921,19.9634,37.9787
0.05086,0.991151,0.0522182,0.45748,18.6961,37.9788
0.0511424,0.987619,0.052391,0.418927,18.6079,37.9789
0.0511424,0.9926,0.054325,0.084863,19.6584,37.9791
0.0512717,0.987765,0.0527761,0.945907,19.0618,37.9791
0.0510067,0.978812,0.0525139,0.184206,18.6989,37.9796
0.0508749,0.991505,0.0543981,0.675455,19.6536,37.9799
0.0508284,0.995927,0.0545696,0.58327,19.2102,37.98
0.0502245,0.992865,0.0510697,1.56805,19.9769,37.9801
0.0509029,0.995478,0.0522651,0.93409,17.2192,37.9805
0.051224,0.974923,0.0532165,0.8492,19.9006,37.9806
0.0510976,0.996832,0.0549398,0.796303,19.1907,37.9809
0.051237,0.987554,0.0531485,0.351048,19.427,37.9814
0.0511666,0.991006,0.0521416,0.523418,18.5056,37.9815
0.0502884,0.994286,0.0511122,1.67044,19.5734,37.9817
0.0512622,0.992481,0.0512244,0.00519962,18.4479,37.9818
0.0512274,0.992786,0.0533815,0.534266,19.6828,37.9819
0.0513936,0.951165,0.0510291,0.698306,19.4052,37.9819
0.0511912,0.979566,0.0536482,0.82009,19.5114,37.982
0.0508811,0.991146,0.052676,0.1819,19.3101,37.9824
0.0512437,0.954776,0.0503601,0.771419,19.8178,37.9826
0.0512193,0.957201,0.0508626,0.866752,19.7667,37.9829
0.0512833,0.995993,0.0511968,0.542388,18.7055,37.9829
0.050973,0.981342,0.0527612,0.520477,19.9261,37.9831
0.0508678,0.993294,0.0560867,0.435841,19.034,37.9832
0.051202,0.97004,0.0533541,0.281997,19.1305,37.9833
0.0508877,0.997745,0.0555519,0.351039,18.0031,37.9834
0.0512245,0.957465,0.0514574,0.5637,19.5672,37.9834
0.0507928,0.997932,0.0533536,0.942746,18.1021,37.9835
0.0508074,0.996609,0.0518502,0.180384,17.1495,37.9837
0.0510895,0.970898,0.0505451,0.410918,19.5555,37.9844
