beta,permeability,xi,init_days,delay,value
0.0519515,0.103727,0.0553381,0.0678401,4.76478,29.2789
0.0518118,0.107341,0.0583757,0.214973,4.44196,29.3078
0.0516996,0.148883,0.0537523,0.871827,3.45061,29.4714
0.0490193,0.229912,0.058864,3.79022,5.74825,29.5023
0.0519272,0.145199,0.0530348,0.4117,4.9055,29.5116
0.048551,0.230227,0.0503296,4.71498,4.93286,29.5373
0.0516597,0.153799,0.0575127,0.179061,4.08443,29.5439
0.0516551,0.0863329,0.0502562,1.97787,5.60985,29.5522
0.0510762,0.153262,0.0521256,1.45831,4.79173,29.5548
0.0525811,0.0523384,0.0502337,0.137757,4.14597,29.5836
0.0500906,0.184299,0.0533753,2.02644,4.40534,29.5848
0.0517846,0.155025,0.0555821,0.958361,4.86218,29.5859
0.0513903,0.186184,0.0609499,0.00950777,4.79003,29.599
0.0510477,0.210732,0.0672033,0.359745,4.63874,29.6043
0.0510065,0.213682,0.0660532,0.106837,4.52486,29.6088
0.0516748,0.135579,0.0616014,0.892397,5.87955,29.6098
0.0507184,0.207041,0.0548781,1.36441,4.87264,29.6407
0.0500312,0.139621,0.0531528,3.39902,6.84003,29.6426
0.0484816,0.269613,0.0508769,4.65947,5.7291,29.6463
0.0501619,0.242488,0.0653888,1.54328,4.30956,29.6467
0.0491479,0.236226,0.0554323,3.50152,5.27365,29.6504
0.0493305,0.222736,0.0527727,3.93252,5.18415,29.6591
0.0487299,0.237808,0.0514775,4.99707,5.16765,29.665
0.0508652,0.226803,0.0712249,0.0574262,4.524,29.6655
0.05131,0.170227,0.0642542,0.489733,4.19227,29.6688
0.0508022,0.204745,0.0529323,1.36814,4.50701,29.6743
0.0512609,0.135987,0.0520383,1.7166,5.11996,29.6758
0.0525894,0.0583786,0.0541725,0.988938,5.14563,29.6837
0.0499003,0.232903,0.0887194,1.9688,6.12725,29.685
0.0501789,0.241946,0.0655258,1.07816,4.00954,29.6907
0.0484241,0.256187,0.0518501,4.60301,5.61698,29.6948
0.0510785,0.159318,0.0537588,1.82826,4.82584,29.7102
0.0511343,0.0920377,0.0513079,2.76583,6.68908,29.7171
0.0509489,0.161595,0.0571962,1.53006,5.9515,29.7256
0.0524138,0.0643527,0.0574669,0.84975,5.27104,29.7265
0.0468652,0.320129,0.0561838,6.0844,6.40038,29.7271
0.0511146,0.148204,0.0567345,1.93933,5.54331,29.7388
0.0499633,0.217834,0.055869,2.11497,5.87486,29.7476
0.0479756,0.329246,0.0580371,4.38044,5.5625,29.7489
0.0514662,0.108382,0.0547318,1.34129,5.04851,29.749
0.0495782,0.226129,0.0616219,2.16639,4.61643,29.7503
0.0486438,0.270158,0.0639031,3.58176,5.85591,29.7512
0.0511873,0.15381,0.0795527,0.472758,5.17664,29.7517
0.0498087,0.239502,0.0600561,2.69967,5.84373,29.7522
0.0510122,0.179789,0.0845029,0.62878,6.37712,29.7542
0.0487178,0.292556,0.0620198,3.33271,5.847,29.7543
0.0513797,0.150125,0.0510812,1.5841,5.82141,29.7561
0.0489944,0.240831,0.0563193,3.50585,4.44625,29.7573
0.0525625,0.0893617,0.0527681,0.343589,5.27475,29.7578
0.0482349,0.265541,0.0587916,4.26261,5.03467,29.7604
0.0510621,0.163498,0.0806848,0.686278,5.06608,29.7629
0.0490434,0.262803,0.0578519,3.02256,5.04284,29.7641
0.0479544,0.267906,0.0543676,5.08823,6.81377,29.7646
0.0488169,0.274817,0.0612229,3.47608,5.40861,29.7671
0.0488919,0.281591,0.0593583,3.97747,5.24331,29.7678
0.0509061,0.152332,0.0527543,1.73808,3.23186,29.77
0.0496715,0.279605,0.0759085,1.0748,4.21754,29.7708
0.0521788,0.101674,0.0564358,0.853763,5.12039,29.7716
0.0506242,0.209736,0.0629844,1.04678,5.51484,29.7726
0.0485345,0.247263,0.0502243,4.20672,4.87956,29.7741
0.0515024,0.179778,0.059892,0.709894,4.02964,29.775
0.0503359,0.200274,0.0747562,1.78105,6.99513,29.7752
0.0493878,0.23564,0.0790159,2.79762,6.5315,29.7774
0.0513925,0.100466,0.0534213,1.92312,5.11022,29.7777
0.0491687,0.258292,0.0745185,2.29227,5.52028,29.7783
0.0500594,0.226847,0.0812898,1.48769,6.28658,29.7808
0.0508296,0.191585,0.0837394,0.480386,5.43164,29.7826
0.051913,0.131784,0.0511432,0.984304,4.58273,29.7828
0.0520298,0.117587,0.0549963,0.981457,5.10583,29.7832
0.0521271,0.0559612,0.051445,1.67626,6.31889,29.7869
0.0482492,0.290635,0.0530509,4.3544,4.66628,29.7872
0.0510617,0.115316,0.0567598,1.70161,4.26571,29.7897
0.0515378,0.175327,0.0549018,0.535322,4.78221,29.7923
0.0516118,0.152317,0.0524736,0.556582,3.0042,29.7935
0.0511752,0.190774,0.0683255,0.0896144,4.67949,29.7964
0.0487065,0.223923,0.0528524,4.93849,5.9706,29.7973
0.0502664,0.198785,0.080462,1.47995,6.79674,29.8022
0.0487979,0.282066,0.0580111,3.58097,4.00511,29.8063
0.0490392,0.260041,0.0814572,2.62377,5.61711,29.8066
0.0507686,0.19846,0.0967399,0.483549,6.43678,29.8075
0.0478559,0.305367,0.0695787,4.22467,6.87172,29.8076
0.0507563,0.147475,0.0658727,1.22539,5.25484,29.8082
0.0492167,0.264379,0.0512299,3.96434,5.2899,29.8102
0.0523618,0.0956631,0.0504043,0.480944,5.8712,29.8108
0.0466249,0.373574,0.0534388,6.98657,5.09885,29.811
0.0473502,0.30297,0.0576895,5.75647,5.62839,29.8128
0.0496769,0.237053,0.0522957,2.7964,3.56593,29.8153
0.0508635,0.230892,0.0769853,0.232628,5.2434,29.8155
0.0491694,0.251014,0.0845942,2.46979,6.30989,29.816
0.0501542,0.160104,0.0571709,2.89312,5.99484,29.8166
0.0452891,0.406572,0.0571902,8.72121,6.56069,29.8182
0.0505634,0.20649,0.0656222,1.82213,5.484,29.8211
0.0491883,0.217778,0.0615348,3.73547,6.7236,29.8261
0.0510386,0.124975,0.0540347,1.67885,4.69063,29.8273
0.0475436,0.326243,0.0775929,4.20321,6.41544,29.8292
0.0512631,0.107531,0.0566966,1.06177,5.58369,29.8294
0.0465736,0.336521,0.0607325,6.47867,5.96144,29.8336
0.0489,0.262333,0.0523276,3.18085,3.58157,29.8341
0.0484714,0.305412,0.0622293,3.28722,4.07908,29.8363
0.0492119,0.258592,0.0813183,2.38335,6.00472,29.8367
0.0499487,0.238338,0.0534811,2.8014,5.50656,29.84
0.0468089,0.337926,0.0562966,6.19655,6.86058,29.841
0.0470446,0.380336,0.0601066,5.0434,5.61145,29.841
0.0513183,0.128975,0.0525326,1.71207,4.36416,29.8414
0.0504571,0.209368,0.0637332,1.06014,5.29864,29.8423
0.0503696,0.16046,0.0618299,2.75599,6.12937,29.843
0.0501696,0.210186,0.0507876,2.31292,5.33757,29.8444
0.0506585,0.117915,0.0509163,2.25053,5.73669,29.8458
0.0481546,0.286594,0.0530848,4.88893,4.74807,29.8458
0.0477914,0.271296,0.0582218,5.46562,6.49776,29.8473
0.0520903,0.109797,0.0607444,0.0272145,5.38454,29.8477
0.0489517,0.271116,0.0942036,2.55168,6.92225,29.8484
0.050187,0.249042,0.066361,1.69571,5.50567,29.85
0.0451381,0.379755,0.0548047,9.02018,7.6449,29.8514
0.0453295,0.401675,0.0560632,8.97439,6.28228,29.8521
0.0497866,0.185131,0.0534753,3.54729,6.68023,29.8521
0.0454548,0.39369,0.055012,8.44578,6.52555,29.8558
0.048823,0.256431,0.0676261,3.32782,6.00747,29.8569
0.0514647,0.126621,0.0508322,1.08648,4.06461,29.8594
0.0431212,0.500302,0.0525555,12.4078,7.94445,29.8605
0.0511,0.186409,0.0706025,0.721705,4.91989,29.8614
0.0486289,0.27401,0.0724235,3.84538,6.41953,29.8655
0.0493717,0.278417,0.0637673,2.99493,5.87676,29.8664
0.05075,0.213471,0.0816558,0.316396,5.75385,29.8691
0.0500467,0.17325,0.0509222,2.5783,3.65465,29.8691
0.0474949,0.324952,0.0762851,4.687,5.71075,29.8691
0.0475795,0.332189,0.0754222,4.02606,6.44301,29.8713
0.0478753,0.270567,0.0509823,5.22862,6.08372,29.8734
0.0475546,0.309932,0.0608837,5.25597,6.00226,29.8736
0.0473498,0.323508,0.053807,5.70286,4.47326,29.8741
0.0514183,0.199077,0.0553253,0.877812,4.01528,29.8747
0.050524,0.191037,0.0629181,1.56736,4.64845,29.8749
0.0514698,0.130943,0.0744346,0.619874,5.70514,29.875
0.0511632,0.168639,0.05039,1.52353,5.20562,29.8758
0.0507023,0.177283,0.0547238,1.3642,4.52116,29.878
0.0482374,0.310873,0.0810074,3.67452,6.1933,29.8782
0.0496459,0.184468,0.0586757,3.95021,6.37278,29.8797
0.0495447,0.241516,0.0624279,2.1295,5.82573,29.881
0.0487705,0.261699,0.057002,3.33404,4.39828,29.8815
0.0502173,0.182027,0.0627953,2.86257,6.07017,29.8821
0.0487093,0.204162,0.0505721,4.50742,4.7945,29.8826
0.052246,0.0777122,0.0645624,0.103748,6.19225,29.8837
0.0506175,0.18584,0.0560192,1.54323,4.63552,29.8841
0.050187,0.210408,0.0763374,1.25452,5.1762,29.8849
0.0488896,0.192306,0.0570409,4.37269,6.71332,29.8854
0.0483158,0.258036,0.058674,4.44612,5.92274,29.8871
0.0508736,0.214246,0.0788947,0.421557,5.32489,29.8872
0.0446649,0.42951,0.0573367,9.27044,6.86823,29.8874
0.0521968,0.0389426,0.0523468,1.21743,6.75459,29.8904
0.0503259,0.282009,0.0854573,0.679653,5.44335,29.8907
0.0468512,0.3153,0.055591,6.28766,5.79948,29.8908
0.047372,0.339314,0.0576715,5.97438,5.86386,29.895
0.0510114,0.225233,0.0594208,0.614051,3.7504,29.8958
0.0509184,0.228733,0.0626647,0.910114,3.36968,29.8974
0.051325,0.1135,0.0603176,1.34551,6.2709,29.8981
0.0503807,0.211305,0.0598623,1.53015,3.94584,29.8986
0.0485955,0.197133,0.0505348,5.01406,7.96861,29.901
0.0501384,0.175711,0.0610341,2.86143,6.22404,29.9011
0.0459121,0.343489,0.0549811,8.43688,7.47741,29.9053
0.0497133,0.277457,0.0841414,1.35813,5.826,29.9073
0.0470984,0.340861,0.0625945,5.23009,5.0009,29.9081
0.0472119,0.361035,0.0587979,5.87268,5.36216,29.9084
0.0488203,0.231938,0.0509357,4.56243,6.88699,29.9094
0.0469654,0.25831,0.0532397,7.87387,7.33396,29.9097
0.0495568,0.339141,0.14885,0.757889,6.52957,29.91
0.0506909,0.169455,0.0663923,1.35413,5.1457,29.9112
0.0500012,0.307026,0.100884,0.904996,5.38908,29.9123
0.0512975,0.139737,0.0769107,0.429827,5.28494,29.9139
0.051377,0.175842,0.058339,0.055735,4.47668,29.9158
0.0486158,0.260723,0.0775612,3.88833,6.91706,29.916
0.0485626,0.21899,0.0565716,4.16368,5.82955,29.9165
0.0498891,0.199515,0.0629772,2.80269,5.1748,29.9166
0.0486133,0.33434,0.089365,2.87892,5.9734,29.9167
0.046578,0.306149,0.0579206,7.66011,7.38579,29.9182
0.0496397,0.263614,0.0934511,1.74086,6.25095,29.9189
0.0456057,0.373506,0.0549726,8.24512,6.01847,29.9197
0.0466893,0.37604,0.0784666,5.64312,6.45134,29.9203
0.0481702,0.342185,0.0684984,3.86858,4.3227,29.9226
0.0493672,0.276263,0.0633615,2.30828,4.9113,29.9233
0.0509772,0.127304,0.0505741,2.92336,6.87914,29.9267
0.0513567,0.130762,0.0603218,1.22761,6.17938,29.9269
0.048124,0.34153,0.0693558,3.68024,4.76422,29.9277
0.0473337,0.382716,0.0723449,4.98771,5.97899,29.9283
0.0449527,0.412154,0.0531939,9.16783,6.8419,29.929
0.0497539,0.205408,0.0662411,2.82212,5.97651,29.9291
0.048939,0.267728,0.0962144,2.51699,6.01357,29.9298
0.0453376,0.428096,0.0522303,8.29611,5.69268,29.9306
0.0484244,0.303849,0.0683314,3.21774,5.40156,29.9309
0.0495008,0.297087,0.0863182,1.78732,5.18005,29.932
0.0496076,0.267149,0.094975,1.8502,6.2632,29.9346
0.0486768,0.339978,0.0845185,2.65299,5.3594,29.9371
0.045542,0.379911,0.0511599,8.26139,5.34319,29.9375
0.0505703,0.146864,0.052731,2.72427,6.27779,29.9414
0.0518655,0.0713696,0.0520463,1.58657,6.14477,29.9422
0.0453469,0.401458,0.0637027,8.98626,7.51197,29.9424
0.0470616,0.372593,0.0622191,5.94565,5.1791,29.9444
0.047775,0.339449,0.0695716,4.71735,6.11364,29.9454
0.0470653,0.375068,0.0582309,5.34033,5.28472,29.9458
0.0479529,0.295327,0.0565325,4.86757,4.92382,29.9464
0.0472128,0.351237,0.0950703,4.39531,6.32602,29.9465
0.0459122,0.381291,0.0542445,7.58065,5.87433,29.9481
0.0499038,0.224869,0.0962078,1.58151,6.71163,29.9485
0.0467798,0.336819,0.0604053,6.98895,6.01123,29.9505
0.0492757,0.200518,0.0660894,3.50509,6.14873,29.9519
0.0498622,0.319828,0.104748,0.153843,5.54886,29.9533
0.0489531,0.266659,0.0669222,3.18258,6.61255,29.9538
0.0472709,0.26981,0.0599729,6.76644,7.24152,29.9541
0.0495794,0.234471,0.0555153,2.0327,3.08143,29.9545
0.0455171,0.451865,0.0644514,7.38711,6.57282,29.9549
0.0492484,0.210962,0.0651686,3.31923,6.25163,29.9574
0.0500399,0.186928,0.0671089,2.64842,6.0145,29.9576
0.0487671,0.217711,0.0589614,4.29072,6.94956,29.9589
0.0496987,0.330128,0.114763,0.827538,5.55284,29.9597
0.0492105,0.245482,0.0876587,2.2087,6.8032,29.9604
0.044467,0.370863,0.0502209,11.5557,8.18738,29.963
0.0470711,0.375727,0.0665225,5.16514,6.49181,29.9692
0.0490315,0.28335,0.0713329,2.07547,4.24443,29.9697
0.0486442,0.349163,0.0818098,2.68571,5.11027,29.9698
0.0486074,0.333918,0.0878656,2.6858,5.28126,29.972
0.0500277,0.14406,0.0546978,3.69851,6.05638,29.9735
0.0488547,0.296079,0.0833753,2.10229,5.6193,29.9736
0.0485518,0.301519,0.0552195,3.0591,3.95049,29.9749
0.0473002,0.279595,0.0552171,6.17857,7.90254,29.9757
0.0487512,0.251243,0.06228,3.08361,5.18433,29.9774
0.0509923,0.126097,0.0595375,1.98997,4.9495,29.9777
0.05105,0.219949,0.0737017,0.592952,5.2821,29.9784
0.0471769,0.292797,0.0576329,6.05678,7.12903,29.9787
0.0515799,0.139916,0.0728313,0.683314,6.1075,29.9799
0.049176,0.34163,0.104066,1.05644,6.83247,29.981
0.0488618,0.237884,0.0702476,3.76364,6.17654,29.9821
0.0501679,0.247388,0.0604545,1.28345,4.55116,29.9823
0.0487855,0.199214,0.0590124,4.01797,6.28392,29.9823
0.0518226,0.110417,0.0671686,0.0595257,5.72054,29.9827
0.0493832,0.31642,0.0780073,1.14784,4.28494,29.9844
0.0464626,0.401851,0.0926057,5.56446,7.67109,29.9846
0.0508237,0.172751,0.0700889,1.93628,6.6413,29.9864
0.0485227,0.319554,0.0605114,3.68556,4.21239,29.9872
0.0504875,0.174701,0.0538506,2.857,5.43862,29.9872
0.0522504,0.0942001,0.0625201,0.013758,6.18946,29.9877
0.0474526,0.372397,0.0752004,4.91206,6.98965,29.9893
0.0490385,0.211001,0.0597396,3.89732,4.5095,29.9908
0.0467464,0.3543,0.0563801,6.46581,5.27253,29.9937
0.0495592,0.334943,0.150024,0.856401,6.24545,29.9938
0.0481481,0.352524,0.0651547,3.18402,4.69768,29.995
0.0506681,0.246364,0.0767101,0.31021,5.90744,29.995
0.0504088,0.110327,0.0524991,3.3419,7.26216,29.9955
0.0490692,0.215203,0.0641146,3.86658,5.37157,29.9957
0.0486842,0.347198,0.0804833,2.04198,5.80741,29.9957
0.04767,0.353548,0.0715343,4.88567,6.96756,29.9957
0.0507385,0.175856,0.0653318,1.17703,5.56404,29.9959
0.0474797,0.305037,0.0635567,5.74164,6.34461,29.9959
0.0510699,0.201546,0.0780884,0.386406,5.32879,29.9969
0.0477497,0.3847,0.0831703,3.02212,5.23279,29.9979
0.0519783,0.109327,0.0645001,0.939266,6.99157,29.9981
0.045695,0.436594,0.0626406,7.96528,6.68367,29.9986
0.0512459,0.14222,0.0789143,0.710344,5.58416,29.999
0.048762,0.274092,0.0663263,3.68231,5.63238,29.9999
0.0502941,0.177307,0.0532574,2.80818,4.19265,30
0.0495867,0.136676,0.050557,4.34436,7.17784,30.0009
0.0489244,0.32862,0.0742113,2.9433,5.98576,30.0026
0.0482556,0.285585,0.059046,4.64022,6.16328,30.0032
0.0496148,0.219096,0.075527,2.4335,6.95836,30.0039
0.0453446,0.395253,0.0515737,8.78359,5.19353,30.004
0.047951,0.254365,0.0618608,5.31014,7.2012,30.0044
0.0471125,0.236892,0.0506459,7.61407,7.56565,30.0045
0.0486146,0.305717,0.104625,2.17075,6.27317,30.0066
0.0493716,0.183498,0.0581315,3.93665,5.37196,30.0067
0.0498778,0.206599,0.0676604,2.64194,6.57874,30.0089
0.0498662,0.318749,0.123414,0.636115,6.64144,30.0094
0.0518313,0.135094,0.0698939,0.404915,6.54993,30.0112
0.0503571,0.208268,0.0728043,1.98001,6.42044,30.0117
0.0522557,0.0689963,0.0567931,0.940969,5.73175,30.0119
0.0465375,0.391978,0.0900454,5.68433,7.58048,30.012
0.0477348,0.341793,0.072719,4.50268,6.70619,30.0133
0.0489734,0.362316,0.114141,1.52329,6.37532,30.0135
0.0481693,0.390988,0.110955,2.34024,6.55589,30.0146
0.0493899,0.272391,0.0752779,2.35453,6.0358,30.0148
0.0476451,0.342897,0.0718594,4.00786,6.41292,30.0156
0.04768,0.28264,0.0634333,5.8036,7.1081,30.0166
0.043649,0.462275,0.0515754,11.9692,6.21865,30.0172
0.0466743,0.415686,0.0740358,5.80258,6.67228,30.0174
0.0496414,0.271821,0.0526171,2.02769,4.05719,30.0174
0.0495653,0.304523,0.0764392,1.1452,4.71652,30.0178
0.049458,0.189044,0.0675377,3.03596,7.53469,30.0187
0.0467065,0.390869,0.071384,5.624,5.16991,30.0191
0.0491409,0.224372,0.0509633,3.65922,3.41571,30.0193
0.0492939,0.26125,0.0769411,2.37445,6.73054,30.0198
0.0486069,0.339772,0.0758765,2.25348,4.21924,30.0205
0.0513146,0.164739,0.0767761,0.223426,6.14463,30.0206
0.0501424,0.200133,0.0646015,2.38989,6.61065,30.0223
0.0503782,0.112243,0.0521672,3.63117,7.94553,30.0227
0.0450262,0.441027,0.0667421,8.9184,7.52132,30.0231
0.0494013,0.316328,0.084064,1.46904,5.66711,30.0232
0.0480104,0.329632,0.0831906,3.50178,5.10754,30.0251
0.045518,0.422307,0.0672888,7.1296,6.20494,30.0253
0.0507506,0.2166,0.0910657,0.0366875,6.88858,30.0253
0.045152,0.369903,0.0568635,9.1986,7.11902,30.0257
0.0460207,0.407187,0.0736566,6.91875,6.89494,30.0261
0.0505029,0.272372,0.0832801,0.442108,5.75731,30.0266
0.0501065,0.196563,0.0554815,2.22744,4.37375,30.027
0.0462757,0.380086,0.0766573,6.4887,7.52246,30.0271
0.049344,0.251488,0.051584,3.1488,5.80643,30.028
0.0486933,0.277711,0.0700128,3.40329,6.46942,30.0284
0.0471909,0.364245,0.096868,4.98474,7.54528,30.0292
0.046072,0.440253,0.0697459,6.5062,6.36123,30.0325
0.0503823,0.210156,0.06332,1.51469,5.63397,30.033
0.0473588,0.355979,0.0565387,5.46176,6.35368,30.0332
0.0462056,0.393706,0.0674041,6.67669,6.72413,30.0333
0.0448222,0.477174,0.06613,8.48317,6.24222,30.0336
0.0488009,0.267465,0.0605815,3.88206,4.42507,30.0345
0.0509026,0.219292,0.0614318,0.234302,3.59866,30.0351
0.0493535,0.172893,0.0507927,4.95622,6.88981,30.0363
0.0410586,0.620117,0.0506929,16.9321,8.71574,30.0373
0.0503984,0.177353,0.0523088,2.7504,6.67719,30.0388
0.0453165,0.440563,0.0795605,7.73989,7.94804,30.0396
0.0516219,0.074289,0.0553705,1.51408,5.18849,30.0399
0.0507221,0.192794,0.1036,0.339292,6.84496,30.0401
0.0476242,0.336484,0.06304,4.02522,4.20847,30.0441
0.0488183,0.291644,0.0519046,3.50127,4.86339,30.0444
0.0499683,0.189486,0.0518849,2.03801,4.27807,30.0452
0.0452573,0.42086,0.0611823,8.24911,7.80372,30.0453
0.0497547,0.315376,0.138991,0.600954,6.16525,30.0456
0.0473733,0.312604,0.0656975,5.87788,6.19606,30.0463
0.0494935,0.265566,0.0619096,2.85447,4.38013,30.0464
0.0454754,0.462302,0.0641531,7.16377,6.88501,30.0465
0.0427081,0.552337,0.0601179,12.7656,7.88591,30.0471
0.0496739,0.206938,0.076773,2.65662,6.68705,30.0481
0.04912,0.260298,0.073806,2.15454,5.10952,30.0484
0.0452813,0.442264,0.0741233,7.71181,6.27025,30.0492
0.0463014,0.374061,0.0708422,6.27769,6.45116,30.0498
0.0509393,0.186979,0.0526379,1.61406,5.24318,30.0502
0.0497295,0.25017,0.10544,1.36794,7.33045,30.0533
0.0487045,0.283511,0.0746671,3.38274,6.75942,30.0538
0.0416963,0.617923,0.0559704,14.6162,7.36134,30.054
0.0505612,0.161305,0.0588577,2.71115,6.65665,30.0542
0.0502606,0.250966,0.124264,0.73201,7.1092,30.0542
0.043711,0.463782,0.0523554,11.3923,7.30674,30.0546
0.0515079,0.129803,0.0568297,1.3556,6.85576,30.0551
0.0486396,0.303455,0.111833,2.3068,7.02045,30.0563
0.0473341,0.38914,0.0645512,4.87678,4.66235,30.0568
0.0499856,0.222497,0.0931833,1.04722,6.62393,30.0569
0.0432966,0.488943,0.0514306,12.4103,8.52506,30.0591
0.0466595,0.340694,0.0588644,6.1625,5.00534,30.0592
0.0471042,0.330079,0.0663214,5.52021,6.26973,30.0593
0.0464282,0.324765,0.0561302,7.71129,6.08394,30.0598
0.0494358,0.295674,0.0960738,1.20298,5.01489,30.0603
0.044696,0.437208,0.0584184,9.54245,6.91181,30.0608
0.0511455,0.137259,0.0611902,1.35568,5.24562,30.0621
0.0500658,0.253695,0.0831733,1.37478,6.29036,30.0636
0.0479923,0.340665,0.0873984,3.19746,6.53572,30.0661
0.0461924,0.419019,0.0700227,6.0806,6.06764,30.0663
0.0464957,0.360819,0.0717667,6.68926,7.8392,30.0665
0.0474636,0.370325,0.072767,4.59901,5.18895,30.0667
0.049208,0.264143,0.0821542,2.90565,6.88597,30.0669
0.0519467,0.120759,0.0675269,0.233251,6.14439,30.0685
0.0443747,0.494625,0.0552675,9.97854,5.0726,30.0694
0.0504823,0.188494,0.0777796,1.82046,6.94983,30.0694
0.0497905,0.149179,0.0558803,3.26047,6.06614,30.0704
0.0481969,0.314105,0.0735529,3.1237,5.07637,30.0712
0.0488015,0.36191,0.120152,1.61494,5.34893,30.0714
0.0514172,0.0716505,0.0513792,2.10703,7.56309,30.0719
0.0496266,0.265674,0.0998427,1.7625,6.54016,30.0721
0.0456721,0.427776,0.092556,6.44598,6.10701,30.0723
0.0477239,0.280044,0.0530794,5.17217,6.0265,30.0735
0.0494052,0.155578,0.0511764,4.72427,6.44505,30.0737
0.051111,0.217129,0.0596414,0.800023,4.19429,30.0741
0.052209,0.0946196,0.0556152,0.726976,4.70564,30.0745
0.045768,0.427012,0.0849257,6.80958,6.75929,30.0746
0.0478255,0.327897,0.0662202,4.62085,6.77314,30.0754
0.0457852,0.345691,0.0594824,8.15006,7.87816,30.0755
0.0476049,0.402323,0.0884844,3.47318,5.56265,30.0758
0.0460627,0.399645,0.0677965,6.77537,5.39352,30.0774
0.0489808,0.276495,0.100492,2.56261,7.82435,30.0775
0.0494153,0.178091,0.0581472,3.48391,5.09391,30.0786
0.049032,0.206668,0.0592011,3.42197,4.97255,30.0793
0.0500274,0.205922,0.0579907,2.21271,6.90089,30.0803
0.042779,0.504724,0.0536654,13.6728,8.54084,30.0807
0.0478659,0.413278,0.138044,2.96,6.33555,30.0811
0.0520642,0.0599552,0.0502754,1.22289,5.24149,30.0813
0.0491419,0.296689,0.082169,2.43442,6.46687,30.0818
0.048692,0.337313,0.0889404,2.4814,6.83802,30.0821
0.0456599,0.419303,0.0583358,7.81225,5.18783,30.0828
0.0453095,0.352994,0.0597668,9.8627,8.91365,30.0832
0.0482648,0.306855,0.0895886,3.33866,7.70876,30.0832
0.0456599,0.401177,0.0711215,7.13181,7.96114,30.0832
0.0473779,0.352352,0.0909311,4.67341,7.1143,30.0833
0.0465817,0.36078,0.0548001,6.52712,4.34023,30.0843
0.0451022,0.490449,0.0773956,7.95048,6.70535,30.0848
0.0492642,0.165216,0.0541367,4.10957,7.28181,30.0856
0.0474032,0.415905,0.0967831,3.00698,5.24969,30.0864
0.0480806,0.365353,0.0787824,3.28783,6.93265,30.0866
0.0453664,0.397887,0.0654081,8.82988,7.35096,30.087
0.0466856,0.335663,0.0716121,6.35791,7.07162,30.0879
0.0496519,0.160266,0.0593428,3.82629,6.86445,30.0881
0.0509847,0.0825477,0.0555969,2.0722,6.28243,30.0885
0.0480645,0.402042,0.113736,2.71021,6.25859,30.0907
0.046658,0.378838,0.0720291,5.3697,5.28345,30.0919
0.0497684,0.171939,0.0585993,3.17513,7.35496,30.0927
0.0469749,0.388761,0.0641202,5.66924,6.4767,30.0927
0.0477387,0.252777,0.0565242,5.21359,5.57721,30.0932
0.0459902,0.449131,0.0692246,6.97192,6.47824,30.0937
0.0502075,0.284457,0.0999196,0.736845,5.99319,30.0938
0.0489014,0.287246,0.0932934,2.42096,6.05557,30.0942
0.0504784,0.148441,0.0540553,2.46737,6.2099,30.0963
0.0494815,0.251865,0.0692364,2.36,6.02428,30.0964
0.0439465,0.451845,0.050497,11.8223,8.76341,30.0968
0.0504695,0.268376,0.0971136,0.47971,6.12037,30.0974
0.0418812,0.586726,0.056708,14.7693,8.34544,30.0975
0.0431478,0.546922,0.059763,11.7619,6.07386,30.0976
0.0511359,0.147754,0.058022,1.50864,6.82214,30.0976
0.0510958,0.166918,0.0626522,1.60012,6.05471,30.0985
0.0487249,0.383944,0.148324,1.14149,7.35657,30.0994
0.0461369,0.432531,0.107432,5.00927,7.73789,30.0999
0.0408642,0.646844,0.0510378,16.3689,7.0148,30.1
0.0465918,0.411701,0.0744875,5.77446,5.63924,30.1005
0.0504363,0.219205,0.0783879,1.68031,6.94586,30.1013
0.0421378,0.551874,0.0526167,14.686,8.22149,30.1015
0.051793,0.17303,0.0558823,0.173036,5.26477,30.1019
0.0468488,0.343685,0.0793731,5.54799,6.84743,30.1022
0.0483589,0.382136,0.0985069,2.13725,6.38557,30.1031
0.0516587,0.152699,0.0714089,0.518246,6.41446,30.1037
0.04815,0.388847,0.0975184,2.24473,5.70642,30.1043
0.0493586,0.260235,0.0672215,2.75397,4.75578,30.105
0.0490964,0.219232,0.0751803,3.73601,7.43119,30.1058
0.0469842,0.355219,0.0603056,5.67265,4.20673,30.106
0.0502292,0.165285,0.0588896,2.03415,6.89185,30.1085
0.0478875,0.354274,0.0571455,4.96722,5.89712,30.1087
0.0471464,0.247837,0.0543302,7.64018,8.61528,30.1089
0.0492464,0.295279,0.0761029,2.24033,6.27516,30.1092
0.047122,0.234678,0.051757,7.04822,7.51515,30.1093
0.0489961,0.220711,0.0599524,3.37589,4.8561,30.1098
0.0495565,0.27484,0.101664,1.55305,6.01597,30.1101
0.0460327,0.408904,0.0827861,6.98815,7.86792,30.1124
0.0459924,0.387126,0.0616465,7.65846,7.13463,30.1147
0.0471174,0.309936,0.0568701,6.59577,7.73202,30.1151
0.0499249,0.16785,0.0511485,3.11656,5.91491,30.1167
0.0477363,0.382366,0.0897542,3.64417,5.31382,30.118
0.0528505,0.0657383,0.0538797,0.0256533,6.40908,30.1184
0.0482398,0.348891,0.0777093,3.44791,6.94527,30.1187
0.0471531,0.385816,0.0876757,4.34664,6.5437,30.119
0.0503332,0.250874,0.109724,0.944208,6.85392,30.119
0.0450906,0.404938,0.0513532,9.27656,6.83597,30.119
0.0492829,0.271898,0.0796156,2.51536,6.65908,30.1191
0.0464537,0.384537,0.0713854,6.55955,7.38777,30.1202
0.0496759,0.256819,0.112276,1.09665,7.99246,30.1207
0.0486215,0.350844,0.0744716,2.37281,4.98888,30.1211
0.0469727,0.355939,0.0600247,5.18089,4.29249,30.1213
0.0497438,0.228277,0.0667488,2.49783,6.57604,30.1221
0.050334,0.223706,0.082033,1.32938,6.76238,30.1224
0.0501923,0.227387,0.0763626,1.51067,6.13774,30.1225
0.0487377,0.312866,0.0802185,2.7563,4.08184,30.1227
0.043266,0.51682,0.071178,11.0378,8.82381,30.1229
0.0459352,0.366046,0.0718686,7.33638,7.78278,30.1233
0.0501866,0.195498,0.0726444,1.7937,4.70987,30.1242
0.0492943,0.175586,0.0506709,4.07423,7.58755,30.1248
0.0498613,0.185946,0.0744344,2.77617,6.92174,30.1253
0.047319,0.392949,0.0646708,4.25866,4.25186,30.1257
0.0448025,0.385183,0.0513174,10.398,8.77748,30.1258
0.0480443,0.293684,0.0514715,4.49042,3.91985,30.127
0.0506687,0.206854,0.0667423,1.98266,6.97453,30.1273
0.0462814,0.411332,0.0933493,5.51546,6.57391,30.1275
0.0463922,0.363069,0.0587917,6.70899,5.42806,30.1279
0.0501288,0.223829,0.0545459,2.6294,6.07466,30.1282
0.0461149,0.417086,0.0601786,6.53706,4.08046,30.129
0.0455572,0.446857,0.0622602,7.85595,6.42174,30.1303
0.0493977,0.366277,0.146944,0.704789,6.52554,30.1309
0.0512058,0.165101,0.0545111,1.69066,6.84827,30.1319
0.0503356,0.128695,0.0528531,3.5619,7.84396,30.1321
0.0481026,0.281747,0.0742942,4.05999,7.86189,30.1321
0.0472745,0.307934,0.0521809,6.13453,6.52392,30.1327
0.0466714,0.422973,0.140912,4.42446,8.94796,30.1341
0.044766,0.491912,0.108514,7.48452,7.86549,30.1345
0.0432798,0.423349,0.0532564,13.036,9.64319,30.1348
0.0429336,0.555787,0.071681,11.3614,7.15875,30.1349
0.0486554,0.389723,0.127408,1.57287,6.43362,30.135
0.0505257,0.257747,0.0993301,0.701885,6.08687,30.1356
0.0486805,0.2567,0.0781399,3.83894,6.77101,30.1358
0.0456262,0.391593,0.0558863,8.7609,7.71072,30.1366
0.0455027,0.425031,0.0633702,7.90732,5.41666,30.1367
0.0439895,0.477519,0.0521173,10.8716,5.55119,30.1373
0.0426203,0.509521,0.0523726,13.3874,7.14555,30.1373
0.0456242,0.420206,0.0725807,7.8215,7.66937,30.1383
0.0498682,0.220946,0.0634395,2.8184,6.63423,30.1385
0.0492107,0.185105,0.0509388,4.62007,7.89638,30.1391
0.0451233,0.440694,0.0522181,8.07916,4.51998,30.1392
0.0474479,0.344366,0.0548053,5.64535,5.08863,30.1408
0.0467404,0.394336,0.07851,5.37033,6.15845,30.1413
0.0441556,0.492423,0.0534257,10.4798,7.93353,30.1416
0.0471287,0.356888,0.0954646,4.1868,6.47123,30.1416
0.0456533,0.415715,0.0616978,7.70512,6.67283,30.143
0.0460782,0.39587,0.0774304,6.55545,6.89377,30.1433
0.0466517,0.346444,0.0659128,6.2095,6.24636,30.1433
0.0426333,0.558724,0.0690532,12.9529,8.25477,30.1435
0.0477998,0.289946,0.059016,5.32635,6.94783,30.1443
0.0472959,0.334607,0.0730758,5.88556,7.95946,30.1444
0.0484955,0.402325,0.144221,1.44461,6.00207,30.1445
0.0502642,0.240509,0.0740151,1.27068,6.55111,30.1448
0.0517576,0.138358,0.0637975,0.808647,6.92085,30.1452
0.0450525,0.472865,0.055268,8.02885,5.63249,30.1455
0.0493187,0.29138,0.112543,1.49958,6.03626,30.1464
0.0460291,0.390404,0.0581222,7.38459,7.03703,30.1469
0.0507602,0.200998,0.0647619,1.59573,6.58894,30.1473
0.0459145,0.409794,0.0558629,7.38409,5.28723,30.148
0.040644,0.677193,0.0598606,16.1733,8.66512,30.148
0.0507239,0.201212,0.112269,0.139971,7.05764,30.1489
0.0469661,0.383191,0.0647405,5.9646,6.12134,30.1494
0.0499447,0.253366,0.0518284,2.29195,5.02152,30.1497
0.043397,0.572379,0.0722407,10.3529,7.15118,30.1499
0.0457773,0.376071,0.0559637,8.20525,7.82666,30.1502
0.0513634,0.126255,0.0586565,1.77497,5.93721,30.1505
0.0488102,0.29045,0.101898,2.1462,7.87215,30.1511
0.0505182,0.189107,0.0550079,1.73413,3.72437,30.1513
0.0498822,0.196567,0.072502,2.71252,6.50121,30.1518
0.048337,0.204409,0.0543286,5.12109,7.36586,30.1536
0.0471773,0.439053,0.119556,3.62862,6.34872,30.1538
0.0455493,0.365907,0.0647103,8.64053,7.12012,30.1538
0.046448,0.367253,0.074941,6.48677,7.76431,30.1539
0.0502027,0.154145,0.0623204,2.37858,5.45293,30.154
0.0510183,0.164427,0.0570928,1.23529,6.05836,30.154
0.0457771,0.298321,0.050782,9.68835,8.98913,30.1542
0.0438633,0.523427,0.0824923,9.76606,7.66119,30.1542
0.045114,0.364316,0.0528512,9.72098,6.59003,30.1549
0.0460269,0.434155,0.0824788,6.7037,7.01513,30.155
0.0439435,0.469102,0.0618971,10.0315,7.43108,30.1551
0.0481787,0.334608,0.0842038,3.24307,6.97645,30.1557
0.0483179,0.361109,0.111217,2.24841,6.77426,30.1557
0.0468703,0.437763,0.0951342,4.37956,6.09672,30.1558
0.045688,0.422708,0.0603768,7.54567,6.78956,30.1565
0.0468808,0.382727,0.0757375,5.93872,6.20173,30.1569
0.0454384,0.374688,0.0660164,8.92574,7.44503,30.158
0.0476089,0.300807,0.0637924,5.50916,7.60558,30.1582
0.0440376,0.477753,0.0622247,10.7147,8.83844,30.1585
0.0468203,0.445846,0.0950554,4.99607,6.3224,30.1593
0.0488478,0.303433,0.0844732,2.9061,6.12952,30.1604
0.049623,0.345086,0.157073,0.969717,7.25583,30.1609
0.0483801,0.342848,0.0594635,3.41597,4.32214,30.1609
0.0513969,0.170298,0.0825348,0.734032,6.52255,30.1612
0.0443697,0.458257,0.062125,9.71314,6.29118,30.162
0.0459809,0.393156,0.0654783,7.0946,7.32814,30.1621
0.0516832,0.0926472,0.0604517,1.63961,7.19384,30.1629
0.0522961,0.115319,0.0596042,0.864645,6.27599,30.1635
0.0448455,0.434836,0.0581592,9.8307,8.18088,30.1647
0.0471651,0.291502,0.0580616,6.23335,6.14688,30.1648
0.048423,0.250038,0.0559137,4.35363,6.32929,30.1662
0.0498796,0.307003,0.0997362,0.226365,4.21958,30.1662
0.049592,0.338032,0.150754,0.227761,6.44716,30.1667
0.0464296,0.392375,0.099975,5.49974,7.63323,30.1677
0.0465658,0.412087,0.0776027,5.06795,6.30341,30.1678
0.0499098,0.278997,0.0781641,1.09379,6.05651,30.168
0.0506743,0.243225,0.0907047,0.793923,6.9298,30.1684
0.0450499,0.450445,0.0551597,8.52618,5.28731,30.1684
0.0470983,0.25974,0.0538307,7.79813,8.23065,30.1689
0.0469818,0.322247,0.0551846,6.39946,7.32622,30.1694
0.0508356,0.177793,0.0600229,1.29476,6.61918,30.1695
0.0506461,0.235929,0.0939687,0.515382,6.78137,30.1697
0.0448682,0.47664,0.0685,8.32688,7.55393,30.1699
0.050088,0.141725,0.0536385,3.03071,7.09909,30.171
0.0407634,0.670282,0.0522142,16.0739,7.43536,30.1712
0.0495055,0.36023,0.130475,0.811895,6.54712,30.1715
0.0522087,0.0838069,0.0685866,0.399881,6.99427,30.1719
0.043618,0.506012,0.0713895,10.5707,7.92336,30.1721
0.0488004,0.253252,0.0545261,3.22923,3.69321,30.1726
0.0444924,0.529461,0.0787292,8.09674,7.92684,30.1731
0.0487523,0.295467,0.102306,2.6848,6.05913,30.1732
0.0520412,0.115513,0.0629053,0.837854,6.72552,30.1732
0.0502861,0.242625,0.116427,0.540209,6.88784,30.1734
0.0459771,0.364007,0.0528481,7.27112,4.21792,30.1736
0.0447675,0.502605,0.0631985,8.51339,6.23983,30.1737
0.0470213,0.337577,0.0550433,6.07575,7.17517,30.1748
0.0502846,0.123679,0.0512567,3.06601,7.15176,30.1753
0.049051,0.359096,0.110599,1.94342,6.35686,30.1754
0.0495798,0.242916,0.0635352,2.3446,4.5258,30.1764
0.0484542,0.328652,0.0678878,3.67152,5.53128,30.1766
0.0440298,0.5479,0.0712218,9.62859,7.97543,30.1773
0.0456397,0.474947,0.0746839,6.67217,5.65277,30.1779
0.0437403,0.49102,0.0683211,10.9743,7.75961,30.1785
0.0473321,0.365054,0.0707594,4.93383,4.51824,30.1788
0.0511327,0.123041,0.0628495,1.93266,5.55063,30.1789
0.0443038,0.379032,0.052269,11.0467,8.03763,30.179
0.0503514,0.237201,0.131246,0.515827,7.2259,30.1793
0.0454722,0.442571,0.0721999,7.63026,6.20383,30.1793
0.0495894,0.301159,0.0974925,1.59984,6.11291,30.1794
0.0486281,0.250531,0.0669543,3.09358,4.23185,30.1801
0.0456389,0.428873,0.0693694,7.6491,7.44153,30.1808
0.0461717,0.332575,0.0610181,7.84458,6.40844,30.1809
0.0466614,0.394859,0.0675403,5.5632,4.5428,30.182
0.0459712,0.442368,0.0832888,6.08545,7.96454,30.1824
0.0484721,0.336489,0.0569947,3.95709,4.37907,30.1835
0.0521832,0.126792,0.0567459,0.627107,6.7774,30.1837
0.0514555,0.0878467,0.0635816,1.8823,6.13303,30.1842
0.0518053,0.176031,0.0550626,0.39891,5.43732,30.1847
0.046326,0.4601,0.0823632,5.49869,6.74306,30.1854
0.0505124,0.192138,0.0777152,1.30645,6.50064,30.1858
0.0470379,0.315331,0.0589297,6.10765,6.80728,30.1859
0.0464274,0.386727,0.06287,6.62198,5.03177,30.187
0.0510178,0.187253,0.0781459,0.711167,6.06844,30.1874
0.0448449,0.413338,0.0670404,9.54373,8.14461,30.188
0.0457415,0.438842,0.0831198,6.31078,6.94212,30.1888
0.0431479,0.548616,0.0667044,11.1494,7.94922,30.1893
0.0471803,0.400179,0.0876858,4.80239,6.95206,30.1894
0.0477927,0.323708,0.0766611,4.08463,6.61399,30.1895
0.0451125,0.439116,0.0541867,8.80562,5.6956,30.1896
0.0477683,0.351427,0.103902,3.11302,6.3639,30.1897
0.0471463,0.433995,0.130265,3.2966,6.66272,30.1899
0.0515284,0.161052,0.0667785,0.487953,6.22213,30.1901
0.0503118,0.157927,0.0569124,2.35315,6.94895,30.1905
0.0497286,0.334582,0.145136,0.511642,7.12327,30.1913
0.0488015,0.301723,0.0791264,2.2235,4.68778,30.1917
0.0489587,0.287611,0.0906777,2.82564,6.08669,30.1917
0.0499712,0.225987,0.104511,1.27539,7.37327,30.1925
0.0447779,0.485896,0.0709346,8.11566,7.38304,30.1926
0.0492651,0.307298,0.0975499,1.93325,5.14245,30.1938
0.0522083,0.0838346,0.0565258,0.683147,4.65122,30.1943
0.0495611,0.260678,0.123768,1.03054,7.92078,30.1948
0.0449113,0.396119,0.0515838,9.40979,6.95977,30.1952
0.0463371,0.385672,0.0687591,6.07965,7.1978,30.1954
0.0483186,0.291895,0.0700536,3.88363,4.81338,30.1963
0.049998,0.270167,0.0837864,1.46047,6.6279,30.1964
0.0438604,0.492034,0.0554178,10.4328,5.86062,30.197
0.0428836,0.4853,0.0586785,13.4398,9.55342,30.1975
0.0478792,0.310165,0.0739859,4.20984,6.40744,30.1976
0.0452338,0.413488,0.0633483,8.74354,6.066,30.1977
0.0502585,0.258417,0.105058,0.112923,6.26499,30.198
0.0435892,0.510759,0.071156,10.07,7.20533,30.198
0.0513403,0.213374,0.0598917,0.663621,5.31181,30.198
0.046783,0.303104,0.0530494,6.8124,4.64078,30.1981
0.0480761,0.318791,0.0782588,3.04927,5.12938,30.1985
0.0513999,0.166362,0.0755217,0.462259,6.87461,30.199
0.0459373,0.4533,0.0683014,6.40512,5.99887,30.1994
0.0509938,0.178507,0.0577757,1.63154,6.92722,30.2001
0.0473013,0.422895,0.106206,3.63486,5.35269,30.2007
0.0514124,0.135577,0.0805476,0.160998,6.63568,30.2008
0.0486823,0.387294,0.159543,1.66697,7.55111,30.2009
0.0514952,0.172996,0.0714313,0.31628,5.82932,30.202
0.043402,0.51187,0.0644381,11.2587,8.0371,30.2022
0.0469155,0.297303,0.0507297,7.43014,7.33301,30.2025
0.0432114,0.482175,0.0662172,12.1808,9.4888,30.2025
0.0491681,0.35,0.0916512,1.32355,5.06648,30.2025
0.0453798,0.375795,0.0502724,8.96511,4.98678,30.203
0.0463929,0.374413,0.0778697,6.52943,7.28064,30.2031
0.0450864,0.464808,0.0605293,8.12215,6.23992,30.2032
0.0444577,0.499505,0.0823035,8.05698,7.52639,30.2037
0.0483231,0.343844,0.0695355,3.09008,5.61019,30.204
0.050953,0.243896,0.0677043,0.96625,5.81087,30.204
0.0471104,0.361144,0.0570848,5.63433,5.50081,30.2044
0.047625,0.373913,0.10606,3.5686,6.67209,30.2045
0.0430477,0.538872,0.0625581,11.095,6.46119,30.2053
0.0467465,0.445975,0.102741,4.55623,6.9221,30.2062
0.0435976,0.478141,0.0656034,11.3277,8.53488,30.207
0.0517339,0.162191,0.0660783,0.988428,6.33439,30.2073
0.0468375,0.407639,0.127792,4.0326,8.55688,30.2073
0.0433709,0.574779,0.0677839,10.7712,6.24519,30.2074
0.0482332,0.351668,0.154991,2.61332,8.91639,30.2076
0.0505593,0.151304,0.063092,2.73118,7.06725,30.2077
0.0495136,0.232877,0.0826472,2.85418,7.21805,30.2082
0.0440775,0.51389,0.0746532,9.98826,7.27029,30.2086
0.0480302,0.315573,0.108967,3.25295,7.1401,30.2089
0.0501804,0.26501,0.118476,0.987396,6.16806,30.209
0.0476072,0.336893,0.0801069,4.34183,7.07459,30.209
0.0496247,0.172103,0.0544957,3.67427,6.10073,30.2096
0.0458813,0.45329,0.0842769,6.50198,7.29305,30.2099
0.046072,0.322686,0.0507307,8.55048,6.21003,30.2099
0.0483254,0.363559,0.104107,2.94335,6.93464,30.2106
0.0415204,0.637522,0.0660532,14.3808,8.34553,30.2107
0.0471468,0.358891,0.0991705,4.26672,6.02449,30.2114
0.0462363,0.376935,0.0766569,6.5922,7.50176,30.2115
0.0476959,0.370959,0.0594581,4.79217,5.5878,30.212
0.0522353,0.0748795,0.0634793,0.502244,6.96959,30.2121
0.0423545,0.553762,0.0633628,13.8016,8.82426,30.2122
0.0475423,0.406344,0.106175,3.77578,6.9045,30.213
0.0439437,0.459626,0.0597643,10.1483,6.24604,30.2134
0.0482272,0.311166,0.0794897,3.62716,5.87325,30.2137
0.044883,0.462004,0.0748634,8.38883,7.11385,30.2137
0.0429313,0.595744,0.0676121,11.3113,7.86419,30.2137
0.0473703,0.361127,0.0712308,4.41543,5.49479,30.2137
0.0470376,0.236826,0.0520665,7.03129,7.11684,30.2138
0.0468755,0.38495,0.0832101,5.42017,7.78684,30.2139
0.0488055,0.381965,0.123254,1.6067,6.80907,30.2148
0.0455775,0.390858,0.0576913,8.17508,8.10421,30.2156
0.048837,0.25019,0.0550936,3.85476,4.58733,30.2176
0.0445615,0.508874,0.0655865,8.81056,5.95438,30.2182
0.0447397,0.453183,0.0751129,8.35186,6.27734,30.2184
0.0447638,0.428252,0.0709708,9.545,8.21545,30.2186
0.0443835,0.505432,0.0634023,9.36867,7.69856,30.2194
0.0426878,0.509152,0.0537618,13.7291,8.65147,30.2198
0.0483679,0.303733,0.0804636,3.05434,7.55045,30.2208
0.0474354,0.261525,0.0625804,6.27596,8.73785,30.2211
0.0424942,0.564046,0.0534884,13.9464,8.31692,30.2213
0.0422034,0.580622,0.0537372,13.8877,6.51906,30.2214
0.0452658,0.377159,0.0592023,9.50827,8.52156,30.2215
0.0466153,0.418345,0.0888573,5.97622,7.17058,30.2219
0.0441791,0.456962,0.0627463,10.1543,8.96663,30.2225
0.0454962,0.415882,0.0560663,8.32835,7.59974,30.2225
0.047873,0.25896,0.0606552,5.56843,6.58684,30.2226
0.0509998,0.122724,0.0616103,1.05965,5.02767,30.2228
0.0481539,0.393606,0.102383,2.17456,5.1921,30.2229
0.0452593,0.489723,0.127494,6.18237,8.41679,30.2233
0.0459095,0.438719,0.0737535,6.41104,6.51454,30.2239
0.0496836,0.269358,0.0509137,2.04043,4.07605,30.2241
0.0469493,0.46762,0.130636,3.25412,6.52667,30.2253
0.0511035,0.112942,0.0616825,1.12849,5.73964,30.2254
0.0474932,0.338998,0.0591007,5.31506,7.19013,30.2256
0.0453336,0.432017,0.0862832,7.71434,7.39384,30.2259
0.0508619,0.216463,0.069493,0.868237,3.35625,30.2263
0.0438526,0.465432,0.0544035,11.5855,8.92502,30.2269
0.0500441,0.317836,0.0906943,0.319721,5.31331,30.2273
0.046933,0.428646,0.0871949,4.16943,6.2176,30.2284
0.0431121,0.574923,0.0632558,11.4289,7.07696,30.2293
0.0444546,0.455232,0.0747521,9.20663,8.62357,30.2296
0.0455124,0.38446,0.0535965,8.22153,5.55587,30.2299
0.0486664,0.288153,0.0596108,3.911,5.93119,30.2301
0.0503768,0.137418,0.0548115,2.23294,4.41226,30.2306
0.0484735,0.33021,0.122844,2.046,7.32002,30.2306
0.0460659,0.371721,0.0514549,7.17819,4.25054,30.2308
0.0508257,0.127081,0.0563557,2.43653,7.72938,30.2309
0.0506365,0.203922,0.063668,1.03827,6.91328,30.2312
0.0474532,0.310381,0.0551788,5.88839,4.11346,30.2317
0.0484654,0.328205,0.0747262,3.18279,6.83346,30.2324
0.0486724,0.243229,0.0506029,4.47548,4.64633,30.2333
0.0468198,0.370729,0.0779151,5.96364,6.7168,30.2348
0.0492029,0.264561,0.0632876,2.00113,3.03211,30.2356
0.0517291,0.112807,0.0790036,0.0397932,6.69662,30.2356
0.0429205,0.574576,0.0650613,11.9285,6.72797,30.236
0.0451857,0.42337,0.0528663,8.0202,4.79141,30.2365
0.0490935,0.206866,0.0573834,4.20992,7.90831,30.2366
0.0432748,0.482299,0.0591181,12.3045,8.99065,30.2366
0.0517024,0.112,0.0778388,0.855595,6.46249,30.2386
0.043944,0.522696,0.0776932,9.56641,7.89357,30.2386
0.0498378,0.185,0.0733435,2.02297,6.58025,30.2387
0.0504414,0.249151,0.059898,1.7936,5.25604,30.2387
0.0468354,0.449216,0.0913516,4.43073,6.3027,30.2388
0.0484377,0.290676,0.0749299,3.71736,5.02016,30.2389
0.0481298,0.296919,0.0758426,4.51082,7.46736,30.2392
0.044815,0.35977,0.0529774,10.1122,7.66498,30.2392
0.0433084,0.460391,0.0601981,12.9895,8.83932,30.2402
0.0427292,0.610549,0.073892,11.0182,7.19613,30.2403
0.0425699,0.582883,0.0696602,12.0897,8.18657,30.2409
0.0499876,0.166422,0.0620243,2.94047,5.21778,30.2409
0.0446558,0.441495,0.072848,9.42171,8.52855,30.2412
0.0429166,0.568671,0.0715246,11.0105,7.47592,30.2415
0.0475971,0.366398,0.111661,3.44622,6.91516,30.2417
0.0431267,0.499178,0.0503669,12.3004,7.7531,30.242
0.047757,0.354566,0.0920126,3.58262,5.34684,30.242
0.04429,0.519386,0.0553225,9.66696,5.0704,30.2425
0.0425209,0.528918,0.0682926,13.9331,9.31615,30.2431
0.04249,0.581331,0.0745205,12.8659,8.24113,30.2431
0.0452383,0.383288,0.0556148,9.61071,8.61275,30.2436
0.0496248,0.335989,0.148721,0.206367,6.2962,30.2437
0.0463942,0.438915,0.0942449,5.13291,7.02048,30.2439
0.0495868,0.336082,0.161242,0.788676,7.51444,30.2444
0.0452451,0.470901,0.0825077,7.57086,7.77034,30.2445
0.049549,0.357372,0.13634,0.2999,6.68332,30.2445
0.042439,0.583201,0.0727404,12.0614,8.54867,30.2446
0.047626,0.412482,0.0897756,3.03546,6.93454,30.2448
0.0487891,0.319613,0.0966534,2.31054,6.96587,30.2451
0.0485684,0.321012,0.0975331,2.29681,6.95843,30.2455
0.0462682,0.409045,0.105477,5.72488,7.30279,30.2464
0.0495921,0.314402,0.0722108,1.45158,4.92569,30.2468
0.0495218,0.320739,0.0728837,1.61972,4.90031,30.2468
0.0465608,0.387386,0.0737416,5.7183,5.45793,30.2476
0.0464591,0.482303,0.124589,4.29724,7.27702,30.2477
0.0514316,0.0966452,0.0653041,1.32858,6.60701,30.2481
0.0471471,0.368258,0.0507222,5.37259,3.45282,30.2486
0.042508,0.473911,0.0560236,14.4745,9.88886,30.2488
0.0496152,0.230443,0.0644435,2.34395,6.74832,30.2489
0.0472195,0.330118,0.056177,5.26056,5.30932,30.2489
0.0488901,0.358596,0.140507,1.29178,7.10501,30.2491
0.044381,0.509508,0.0589646,9.19406,6.95122,30.2495
0.0475934,0.379827,0.117807,3.10503,7.53755,30.2496
0.045147,0.382202,0.0579611,9.83814,8.00192,30.2501
0.0501808,0.150127,0.0547122,3.08658,7.96677,30.2501
0.0458874,0.484997,0.106145,5.9151,6.60984,30.2503
0.0454594,0.469999,0.102955,6.51051,7.08673,30.2511
0.0460844,0.476428,0.0902676,5.76452,6.32963,30.2511
0.0470715,0.465131,0.136141,3.32456,7.98253,30.2513
0.0478228,0.357503,0.0644998,4.48113,6.08692,30.2516
0.0500733,0.275049,0.124591,0.466377,6.09471,30.2521
0.0468594,0.397528,0.121562,4.19281,7.55745,30.2521
0.0505342,0.174898,0.0914698,1.31306,7.24051,30.2525
0.0515537,0.126964,0.0827461,0.77786,6.47601,30.2525
0.049265,0.217523,0.0557035,3.68335,6.80365,30.2528
0.0461784,0.457359,0.0801312,5.20034,5.79596,30.2531
0.0456559,0.439279,0.0842286,6.6387,6.25486,30.2533
0.0516219,0.0896994,0.0565889,1.15048,5.80727,30.2534
0.04976,0.200286,0.0547562,3.19519,6.04945,30.2535
0.0480206,0.271654,0.0569232,5.60967,7.24294,30.2537
0.0478874,0.351775,0.102398,3.9104,7.48659,30.2537
0.0457934,0.506964,0.119386,5.56879,7.99783,30.2538
0.0478742,0.425087,0.126161,2.04955,6.14592,30.254
0.0468261,0.484137,0.158718,3.0101,7.95844,30.2545
0.046759,0.410956,0.115498,4.2812,7.62461,30.255
0.0490047,0.217496,0.0582727,4.69788,7.03359,30.2556
0.0495114,0.212069,0.0620848,3.14531,7.12614,30.2556
0.0435244,0.47306,0.0606182,11.9814,7.77835,30.256
0.0496881,0.236247,0.106791,1.13847,6.44245,30.256
0.0478056,0.348388,0.0915977,3.29467,5.53283,30.2563
0.0487991,0.333686,0.0744527,2.64884,4.31623,30.2564
0.0484172,0.343536,0.114767,2.44998,7.36866,30.2565
0.047813,0.29198,0.0537655,5.09102,5.87068,30.2565
0.0480921,0.262006,0.0686937,4.98714,6.96767,30.2566
0.0476206,0.373838,0.109869,3.33667,7.07563,30.2569
0.0496109,0.250972,0.0951654,1.48109,5.32064,30.257
0.0500373,0.196581,0.0639792,2.85814,5.53779,30.257
0.0461359,0.406054,0.0598913,6.2058,4.20108,30.2571
0.048019,0.376207,0.0773669,3.28882,6.10478,30.2575
0.0454735,0.396907,0.064221,8.10317,7.09459,30.2576
0.0441978,0.559704,0.0907666,8.95457,7.04714,30.2578
0.0447548,0.447425,0.0677663,8.93682,5.09218,30.2581
0.0484977,0.399998,0.141059,1.48725,6.03603,30.2583
0.0519118,0.0829428,0.0574334,1.88219,7.05954,30.2583
0.0457107,0.441449,0.0874824,6.1893,6.22273,30.2583
0.0502027,0.25442,0.124507,0.0402939,7.20524,30.2592
0.0406008,0.628455,0.0574789,17.2121,9.45914,30.2593
0.0479714,0.338256,0.078981,3.78908,5.46246,30.2593
0.0454883,0.420304,0.0617823,7.8938,5.58313,30.2595
0.0477017,0.445566,0.155824,2.52741,7.10929,30.2596
0.0491775,0.263838,0.0868304,2.70739,6.17738,30.2599
0.044524,0.444279,0.0733104,9.48989,8.40729,30.26
0.044462,0.504613,0.0832118,8.18994,7.26862,30.2602
0.0507237,0.208777,0.0575114,1.73545,4.14561,30.2609
0.0441597,0.52641,0.0997554,8.88666,7.99739,30.2612
0.0462024,0.406888,0.0743106,6.414,7.00424,30.2613
0.0506742,0.207919,0.0613594,1.90863,6.66349,30.2614
0.0444848,0.523901,0.0671839,8.73157,5.18994,30.2614
0.0486171,0.276187,0.0832354,3.71995,7.81736,30.2615
0.0436715,0.580641,0.0847136,9.36357,7.95216,30.2616
0.0427773,0.516361,0.0533876,13.3698,9.76343,30.2619
0.0502763,0.257085,0.0672237,1.15667,6.79331,30.2619
0.0507963,0.233244,0.0850385,0.913765,6.71376,30.2619
0.0493995,0.291479,0.110268,1.5172,6.91433,30.262
0.0458755,0.437512,0.085883,6.2642,7.09913,30.2622
0.0433855,0.458584,0.0534917,12.6512,8.85798,30.2622
0.0457411,0.509819,0.124758,5.57471,7.74033,30.2625
0.0471713,0.388762,0.0907055,4.93425,6.04597,30.2631
0.0492776,0.246806,0.0783105,2.2109,5.53874,30.2632
0.0452744,0.39965,0.0635131,8.9853,6.32437,30.2636
0.0504445,0.0920179,0.0530637,3.4883,7.09094,30.2637
0.0486847,0.301376,0.0576705,3.42804,5.03589,30.2639
0.0449262,0.479131,0.0555419,8.38338,5.29726,30.264
0.045547,0.398976,0.0697175,7.66594,6.33732,30.264
0.0484511,0.29537,0.0695701,3.77824,6.12266,30.2649
0.0449687,0.495516,0.0838167,7.32553,6.05461,30.2652
0.0459329,0.448073,0.127257,5.22157,7.89999,30.2653
0.0455361,0.43044,0.0575448,7.68463,4.00617,30.2656
0.0509564,0.23175,0.0771164,0.636456,6.34495,30.2656
0.0447944,0.440734,0.0602204,9.00432,8.474,30.2661
0.0434803,0.56793,0.11162,9.89495,8.31793,30.2664
0.0495011,0.365327,0.15323,0.474794,7.3813,30.2664
0.0453602,0.416449,0.0722827,7.43569,5.45796,30.2672
0.0506261,0.174583,0.0804483,1.14778,7.01262,30.2674
0.0472306,0.429845,0.127077,3.53714,6.27277,30.2675
0.0436334,0.43891,0.0560008,12.5843,9.2232,30.2675
0.0455426,0.459643,0.109878,6.30107,8.73343,30.2676
0.04527,0.499048,0.0673453,7.77511,6.96993,30.2679
0.0436289,0.457761,0.0547081,11.4369,6.02491,30.2681
0.0466981,0.370706,0.0695649,5.37003,5.09202,30.2686
0.0503259,0.28021,0.0950152,0.579935,5.68077,30.2694
0.0467335,0.432137,0.108341,4.50902,6.60111,30.2695
0.0423604,0.593804,0.0747714,12.1694,8.81552,30.2697
0.05111,0.14098,0.0680149,1.64321,7.75035,30.2697
0.048418,0.380272,0.0865793,2.20349,5.82863,30.2697
0.0481122,0.299369,0.0649103,4.64196,7.20867,30.2698
0.0449136,0.44114,0.0871959,8.88502,8.10023,30.2699
0.0481007,0.254712,0.0503096,5.31249,7.9555,30.27
0.045908,0.448143,0.0616238,6.68403,4.63131,30.27
0.0437381,0.449889,0.0648516,11.375,8.86846,30.2701
0.041285,0.619307,0.0608376,15.2589,8.32314,30.2708
0.047746,0.35989,0.0581127,4.19742,5.38428,30.2714
0.0489495,0.221938,0.0717487,3.55452,6.10186,30.2714
0.0470854,0.358152,0.0986022,4.42597,6.99861,30.2715
0.0454331,0.457029,0.0648732,7.54636,6.04675,30.2718
0.0409142,0.635654,0.0562877,16.5878,8.57512,30.2721
0.0511089,0.201048,0.0665379,0.828533,5.51819,30.2722
0.0483516,0.292505,0.0661007,3.79979,4.17074,30.2723
0.045825,0.432281,0.0752528,6.15423,5.2055,30.2729
0.0491135,0.354899,0.108831,1.19861,6.07224,30.2734
0.0470356,0.291489,0.0503511,6.2651,4.12465,30.2735
0.044339,0.466193,0.0669006,9.00271,6.9145,30.2737
0.0482188,0.357767,0.13381,2.91332,7.09012,30.2741
0.0494574,0.283704,0.108881,1.57834,6.34847,30.2743
0.0425047,0.56301,0.0524762,13.3581,7.64708,30.2763
0.0497029,0.191274,0.060704,2.04256,4.36212,30.2773
0.0485911,0.406423,0.148713,1.24476,7.83718,30.2773
0.0453624,0.402361,0.0707307,8.1319,8.98406,30.2777
0.0444641,0.495698,0.0789408,8.53291,6.4287,30.2778
0.0416433,0.639535,0.0544296,14.7429,7.39922,30.2779
0.0442753,0.47497,0.0839692,9.56722,8.42677,30.2781
0.0508218,0.24436,0.0817115,0.0681873,6.27901,30.2787
0.0397972,0.715397,0.0572404,18.8699,8.78402,30.2789
0.0461764,0.394192,0.0551595,7.30438,7.23443,30.279
0.0480687,0.263163,0.0721122,4.09742,6.52454,30.2796
0.049831,0.156874,0.0575079,3.76767,7.32338,30.2796
0.0512127,0.102834,0.0612947,1.88058,5.8459,30.2798
0.048808,0.37866,0.11105,1.39833,5.56871,30.2798
0.0498762,0.263258,0.0947497,1.74472,6.40643,30.2799
0.0467326,0.44305,0.107091,4.62198,6.244,30.2804
0.049797,0.242854,0.112434,1.68871,7.13005,30.2806
0.0494017,0.229639,0.0749651,2.26628,6.82908,30.2815
0.0481893,0.304775,0.0634397,4.25438,7.77221,30.2816
0.0464242,0.396715,0.0723105,6.5687,7.08408,30.2829
0.049846,0.215776,0.0754511,2.0284,7.80744,30.283
0.0520979,0.0502297,0.0507852,1.6315,5.32228,30.2833
0.0496245,0.29867,0.0690821,1.83678,3.16993,30.2834
0.0486334,0.399282,0.127294,1.16567,6.07691,30.2835
0.0456403,0.490463,0.0772896,6.49499,6.62714,30.2845
0.0470904,0.343077,0.0517449,6.11954,7.59549,30.2846
0.048961,0.328593,0.0748989,2.1183,5.1143,30.2847
0.0430142,0.558483,0.0705242,11.7257,7.72713,30.2848
0.0466642,0.428559,0.123389,4.41461,7.74799,30.2848
0.0456495,0.489253,0.0891822,6.24263,7.6464,30.2852
0.0500642,0.253963,0.0708733,1.20437,4.32751,30.2853
0.0460347,0.490364,0.101919,5.06676,7.45376,30.2858
0.0517745,0.0982172,0.0699271,0.161599,5.44999,30.2858
0.0490057,0.351004,0.0937277,1.41347,4.97675,30.286
0.0444301,0.534049,0.084697,8.35659,7.96679,30.2864
0.0452175,0.447714,0.0627802,8.80938,7.84595,30.2866
0.0493656,0.32884,0.0910552,1.90678,6.72621,30.2869
0.0433778,0.495594,0.0596145,11.0301,7.44769,30.2879
0.0476946,0.314118,0.0808665,4.7213,7.19796,30.288
0.0496864,0.221079,0.0774848,2.92095,7.49374,30.288
0.0452069,0.486225,0.145876,6.27037,8.79378,30.2881
0.0390515,0.754023,0.056146,20.6323,9.22953,30.2883
0.0494718,0.26162,0.0837876,2.48315,7.81712,30.2887
0.0480273,0.264692,0.068461,4.53839,5.01353,30.2888
0.0484643,0.244551,0.0720816,4.69102,7.72594,30.2891
0.0463035,0.35715,0.0583737,7.25238,8.33618,30.2893
0.0493927,0.331319,0.0962803,1.963,6.20539,30.2895
0.0511507,0.152353,0.0851762,0.683627,5.23198,30.2898
0.0511816,0.185747,0.0871561,0.359536,6.70078,30.2899
0.0458792,0.405075,0.0778214,6.65652,5.60922,30.2903
0.0483878,0.278471,0.0628778,4.83335,7.29559,30.2906
0.0488827,0.324027,0.10434,2.81216,7.42743,30.2907
0.0474021,0.355259,0.0826667,4.77634,7.08158,30.2918
0.0471202,0.390686,0.0591914,5.71206,6.63499,30.292
0.0475364,0.367547,0.147927,3.84591,8.39076,30.2923
0.0448631,0.415143,0.0614183,9.59642,8.59383,30.2924
0.0474927,0.374204,0.0863825,4.87444,7.49361,30.2925
0.0491337,0.356987,0.100178,1.00946,6.66557,30.2927
0.0484724,0.357003,0.0935986,2.81571,6.01757,30.2929
0.0422886,0.61452,0.077712,12.6666,8.53579,30.2936
0.0450383,0.480859,0.085631,7.48583,7.48407,30.2945
0.0461395,0.512208,0.157351,4.33656,7.91606,30.2949
0.0500611,0.262768,0.0853152,1.32665,6.91327,30.2951
0.0488005,0.300151,0.089355,2.45869,5.14561,30.2952
0.0480833,0.244,0.0645737,5.11273,8.36828,30.2954
0.0457537,0.39862,0.0505624,8.42475,7.86607,30.2954
0.0474188,0.383747,0.134867,3.24976,7.23626,30.2958
0.0474908,0.396647,0.120246,3.72,7.20737,30.2958
0.0454891,0.442425,0.0599202,7.5589,5.32472,30.2959
0.0415663,0.582368,0.051267,15.6235,7.33775,30.296
0.0480295,0.318226,0.110417,3.74157,7.61303,30.2963
0.0451647,0.409776,0.0806747,8.75968,8.55078,30.2965
0.0445303,0.460367,0.0755278,9.88443,8.99971,30.2967
0.0444069,0.535612,0.0690751,8.12791,5.04911,30.2972
0.0454721,0.472208,0.114306,6.19665,8.33609,30.2984
0.0476994,0.358815,0.135245,3.7309,8.95001,30.2985
0.0496014,0.311245,0.0907991,1.70549,6.52746,30.2991
0.0501096,0.266757,0.116498,0.507234,6.76535,30.2994
0.043778,0.491997,0.0573709,10.7687,5.90618,30.2995
0.0432804,0.546466,0.0619774,11.3195,7.92075,30.2998
0.0473705,0.350205,0.0701656,4.40796,4.83413,30.3001
0.0470448,0.412488,0.10268,4.99307,7.95818,30.3005
0.0518644,0.071857,0.0608844,1.48314,7.54557,30.3005
0.0467142,0.420037,0.141569,4.66285,8.52346,30.3006
0.0446655,0.482354,0.083851,8.70818,8.53281,30.3006
0.0503008,0.291792,0.100373,0.803942,6.8634,30.3007
0.0418556,0.658433,0.0626168,13.5099,7.66908,30.3009
0.0504933,0.182026,0.0565186,2.42491,6.67135,30.301
0.0471858,0.434905,0.104169,3.08281,5.19152,30.3011
0.0457996,0.481745,0.0739935,6.06071,6.48137,30.3012
0.0459635,0.443884,0.147347,5.83254,8.21814,30.3013
0.0430369,0.565391,0.0760211,11.4773,8.41904,30.3014
0.0486289,0.321221,0.101427,2.22159,7.19791,30.3022
0.0448278,0.465365,0.0775284,8.20354,8.65105,30.3023
0.0442666,0.461738,0.0634954,9.45186,5.88411,30.3026
0.0473207,0.304971,0.0534941,6.77369,7.44596,30.3027
0.0473946,0.35451,0.0933341,4.67208,7.28675,30.3027
0.039648,0.697899,0.0535144,19.6326,9.82776,30.3031
0.0440919,0.50162,0.0819845,9.76007,8.64028,30.3035
0.0471881,0.233989,0.0519066,7.90732,8.34745,30.3036
0.0491527,0.319878,0.124737,1.73973,7.78198,30.3039
0.0460343,0.348831,0.0676302,7.45916,7.19372,30.304
0.0505669,0.152664,0.0597216,2.07108,7.92876,30.3051
0.0422892,0.569247,0.0551935,13.3475,6.07297,30.3055
0.0471449,0.433654,0.125699,3.92529,6.87779,30.3069
0.0399215,0.737374,0.0725422,17.8574,9.58571,30.3069
0.0463445,0.489879,0.132892,4.57692,7.38364,30.3083
0.0485367,0.309087,0.0836306,3.33925,7.76852,30.3083
0.0494934,0.266105,0.113476,1.84524,6.93981,30.3086
0.043589,0.529015,0.0737531,10.7432,7.65173,30.3089
0.048423,0.316019,0.0853781,3.90065,7.03749,30.3089
0.0446526,0.33594,0.053893,11.5979,9.49948,30.3091
0.0476341,0.317256,0.0833549,4.86586,7.80501,30.3092
0.0424823,0.528542,0.0573801,13.0747,8.90358,30.3094
0.0417419,0.650533,0.0769847,13.1426,8.74947,30.3098
0.0498631,0.229301,0.110473,1.32929,7.20317,30.3098
0.0435033,0.436555,0.0595841,12.7421,9.38682,30.3103
0.0460343,0.4062,0.0718962,6.34576,5.58279,30.3108
0.0396296,0.648236,0.0517729,20.1957,10.7533,30.3111
0.0485039,0.331134,0.0989097,2.49353,5.23082,30.3111
