beta,permeability,xi,init_days,delay,value
0.0340067,0.838831,0.0556951,0.668185,17.7981,10.3024
0.033622,0.888616,0.0674843,0.552487,17.7855,10.3035
0.0335779,0.893184,0.0692003,0.0248616,17.7996,10.3036
0.0336589,0.890629,0.0649727,0.873003,17.6059,10.3041
0.0338122,0.881016,0.0587125,0.750244,17.6033,10.3041
0.033459,0.912769,0.0731181,0.809161,17.88,10.3043
0.0331058,0.992627,0.107302,0.127416,19.7911,10.3043
0.0335606,0.930677,0.0635396,0.035178,17.9396,10.3043
0.0338463,0.883288,0.0517259,0.150422,16.3394,10.3045
0.0339634,0.853253,0.0555412,0.0899196,17.6559,10.3046
0.033658,0.926658,0.0538269,0.125892,16.2109,10.3048
0.0335262,0.910733,0.0690716,0.300267,17.9015,10.3048
0.0336688,0.908136,0.0616859,0.223725,17.7208,10.3049
0.0336671,0.88709,0.0648246,0.0653661,17.6186,10.305
0.0339755,0.836453,0.0522749,0.634287,16.4593,10.3051
0.0339458,0.853269,0.0514584,0.455485,16.6628,10.3052
0.0333744,0.982918,0.0652573,0.401725,17.2336,10.3052
0.0336091,0.943114,0.0540718,0.449725,16.0216,10.3053
0.033115,0.983934,0.0948474,0.948155,18.3089,10.3054
0.0342067,0.789227,0.0530978,0.827726,17.0162,10.3054
0.0339252,0.849537,0.0526546,0.754713,16.1571,10.3054
0.0332524,0.968952,0.0854407,0.705,18.0518,10.3055
0.0335425,0.908358,0.0760485,0.851957,18.0729,10.3055
0.034068,0.814845,0.0511875,0.532379,16.7021,10.3056
0.0337474,0.890183,0.0599556,0.264469,17.5274,10.3057
0.0336781,0.913274,0.0547022,0.122919,16.7808,10.3058
0.0336602,0.882197,0.0659264,0.738022,17.6953,10.3058
0.0332533,0.977984,0.0829261,0.6471,18.3939,10.3059
0.0337697,0.888527,0.0598236,0.626363,17.7793,10.306
0.0337391,0.8939,0.0605031,0.0696138,17.2103,10.306
0.0332934,0.968033,0.0825595,0.0900263,18.6917,10.3061
0.0330616,0.995846,0.0968581,0.305169,18.8995,10.3061
0.0332661,0.998193,0.0691019,0.10199,17.9442,10.3061
0.0335401,0.906079,0.0765747,0.714587,18.4978,10.3062
0.0331255,0.992892,0.0911656,0.869722,18.016,10.3063
0.0337303,0.86912,0.0640958,0.64208,17.42,10.3063
0.0338334,0.86948,0.0538989,0.537776,16.4448,10.3063
0.0336003,0.929206,0.0621109,0.998334,17.2496,10.3063
0.0331417,0.985173,0.105955,0.633489,19.0015,10.3064
0.0333512,0.923896,0.0881394,0.307351,18.3004,10.3064
0.0339488,0.82123,0.0601111,0.562707,17.3175,10.3064
0.0335349,0.911283,0.0758449,0.864906,18.1616,10.3064
0.0333885,0.944874,0.0714739,0.79287,17.7119,10.3065
0.0331978,0.969142,0.103791,0.995802,19.7982,10.3065
0.0338327,0.896144,0.0505093,0.422874,16.8983,10.3065
0.0333102,0.946981,0.0856653,0.746247,18.693,10.3065
0.0331728,0.976767,0.0917756,0.0528515,18.3567,10.3066
0.0341333,0.795315,0.0512648,0.383285,16.7646,10.3067
0.0334827,0.928663,0.068217,0.484468,17.4291,10.3067
0.0335102,0.9569,0.062048,0.182417,17.5413,10.3067
0.0332742,0.952546,0.0777803,0.451304,17.2763,10.3068
0.0332473,0.965396,0.0878298,0.582891,18.8606,10.3068
0.0337546,0.924646,0.0509529,0.845986,16.7741,10.3068
0.0334391,0.91778,0.0816872,0.912411,18.76,10.3068
0.0333766,0.93827,0.0831564,0.0344118,18.9024,10.3068
0.0338636,0.861566,0.053725,0.782336,16.2153,10.3068
0.033786,0.877759,0.0597717,0.96412,17.6168,10.3069
0.0338521,0.831646,0.0633872,0.743915,17.9916,10.3069
0.0332596,0.994527,0.0698327,0.81936,17.2757,10.3069
0.0339833,0.845708,0.0553746,0.515895,17.8812,10.3069
0.0340826,0.809277,0.0511473,0.333698,16.7477,10.307
0.0337934,0.886823,0.0534789,0.268218,16.2061,10.307
0.0334394,0.962724,0.0653478,0.634185,17.19,10.3071
0.0332409,0.969268,0.0765494,0.822695,17.3786,10.3071
0.0333085,0.974309,0.0705588,0.270526,17.3981,10.3071
0.0332019,0.970678,0.0893795,0.434299,18.6606,10.3071
0.0333191,0.942626,0.0764985,0.105066,17.9349,10.3071
0.0334584,0.916774,0.0814724,0.391261,18.5168,10.3071
0.0340571,0.804931,0.0530479,0.209019,16.1414,10.3072
0.0335097,0.94655,0.064196,0.452927,17.4576,10.3073
0.0332137,0.957258,0.10541,0.108547,19.1922,10.3074
0.0337131,0.907928,0.0541704,0.737006,16.7211,10.3074
0.0332181,0.972034,0.0888134,0.956516,18.4999,10.3074
0.0331887,0.977017,0.102919,0.516218,19.1814,10.3074
0.033292,0.966932,0.0833195,0.842946,18.5393,10.3075
0.0332032,0.955152,0.107564,0.829139,19.5611,10.3076
0.0333422,0.939244,0.0763584,0.520941,17.5374,10.3076
0.0334495,0.941581,0.0760838,0.306516,18.9826,10.3077
0.0343411,0.75981,0.0513537,0.725369,17.3085,10.3077
0.0336818,0.90737,0.061489,0.00818525,17.3981,10.3077
0.0342161,0.783369,0.0531849,0.348005,17.865,10.3077
0.0336217,0.918741,0.0627769,0.0611214,17.3464,10.3078
0.0332741,0.945626,0.0890812,0.835804,18.2118,10.3078
0.0331855,0.96069,0.107347,0.40319,19.7942,10.3079
0.033099,0.982833,0.0968777,0.232467,18.1073,10.308
0.0334418,0.956627,0.06631,0.027382,17.352,10.3081
0.0331009,0.979497,0.113876,0.293581,19.3179,10.3081
0.0330972,0.982879,0.0973579,0.141091,18.8436,10.3081
0.033218,0.962868,0.104203,0.595839,19.453,10.3081
0.0336698,0.921818,0.0596651,0.0282626,17.0441,10.3081
0.0337705,0.89601,0.0588413,0.229384,17.3909,10.3082
0.0334371,0.929633,0.0707257,0.433598,17.3912,10.3082
0.0333768,0.953772,0.0699524,0.520872,17.0348,10.3082
0.0339493,0.82652,0.0600162,0.948269,17.6218,10.3082
0.0335359,0.925109,0.0664196,0.395144,17.8915,10.3083
0.0335489,0.929238,0.0650007,0.814344,17.5841,10.3084
0.0332519,0.968663,0.0761793,0.284963,17.6516,10.3084
0.0332422,0.956656,0.0790638,0.805564,17.4791,10.3084
0.0343342,0.768738,0.0511069,0.970415,17.7335,10.3084
0.0334179,0.978096,0.0578964,0.164507,16.0474,10.3084
0.0338608,0.837657,0.0618165,0.502663,17.9517,10.3084
0.0330162,0.997593,0.11735,0.386909,19.7508,10.3085
0.034134,0.793911,0.055171,0.70326,17.9484,10.3085
0.0337361,0.902911,0.0586461,0.522669,17.8044,10.3086
0.0335088,0.929111,0.066231,0.246136,17.5373,10.3086
0.0336339,0.896447,0.0726627,0.0103504,18.5885,10.3086
0.0335841,0.909321,0.0652963,0.869317,17.6349,10.3087
0.0337905,0.902271,0.0520585,0.300995,16.2287,10.3087
0.0341963,0.801512,0.0521054,0.401995,17.652,10.3087
0.0331696,0.971619,0.10527,0.329513,19.665,10.3087
0.0335389,0.889714,0.0796939,0.0906686,18.9161,10.3087
0.0340869,0.831958,0.0535143,0.857873,17.2803,10.3087
0.0330975,0.996954,0.105761,0.229798,19.6526,10.3088
0.0339407,0.819335,0.0611918,0.873406,17.3107,10.3088
0.0335741,0.918375,0.0642587,0.738042,17.4749,10.3088
0.0337017,0.882076,0.0632366,0.92521,17.5967,10.3088
0.0335863,0.905122,0.0600899,0.703498,16.387,10.3088
0.0338746,0.817559,0.0642528,0.173144,17.4601,10.3089
0.0332383,0.964847,0.0782809,0.315221,17.5375,10.3089
0.0334836,0.895167,0.0839141,0.511139,18.7569,10.3089
0.0343146,0.776633,0.0510305,0.489001,17.204,10.3089
0.0332861,0.938601,0.102584,0.36081,19.4716,10.309
0.0338822,0.839381,0.0604334,0.418206,17.1143,10.309
0.0333727,0.955349,0.0797617,0.562201,18.6901,10.309
0.033128,0.993656,0.0897443,0.603419,18.0305,10.309
0.0335845,0.933733,0.0625395,0.622358,17.9646,10.309
0.0332282,0.96269,0.0906785,0.428986,18.1875,10.309
0.0332425,0.968714,0.07701,0.952463,17.0335,10.309
0.0335852,0.898297,0.0612409,0.66344,16.0982,10.3091
0.0331061,0.988318,0.093578,0.858465,18.4162,10.3091
0.0338339,0.827433,0.0652565,0.144236,17.2478,10.3091
0.0335457,0.929731,0.0651897,0.0521959,17.2852,10.3091
0.0335842,0.86983,0.0803672,0.597242,18.5647,10.3091
0.0332771,0.996884,0.0690777,0.208294,17.5339,10.3092
0.0335526,0.909331,0.0611356,0.94185,16.6078,10.3092
0.0341318,0.793876,0.0508467,0.227652,16.5646,10.3092
0.0333668,0.964205,0.0620114,0.25255,16.4078,10.3092
0.0331681,0.99433,0.0872041,0.485326,18.979,10.3092
0.033076,0.997708,0.0958066,0.130897,18.2159,10.3093
0.033373,0.939974,0.0741479,0.896401,17.0123,10.3093
0.033212,0.955372,0.107234,0.766722,19.171,10.3093
0.0331503,0.977149,0.108337,0.978055,19.9085,10.3094
0.0342943,0.759353,0.0529936,0.58637,17.2139,10.3094
0.0333276,0.935302,0.0776282,0.535131,17.5968,10.3094
0.0333221,0.932322,0.100294,0.630929,19.84,10.3095
0.0336298,0.908188,0.0628232,0.254524,17.1476,10.3095
0.0335831,0.888774,0.0779695,0.209848,18.7477,10.3096
0.0332524,0.980958,0.083426,0.223338,18.0645,10.3097
0.0334979,0.939204,0.0663339,0.725795,17.624,10.3098
0.0333595,0.976573,0.0604713,0.395476,16.5436,10.3098
0.0334247,0.958667,0.067176,0.000350871,17.9635,10.31
0.0341133,0.803544,0.0503614,0.416693,16.9098,10.3101
0.0335433,0.927608,0.0644007,0.234961,17.3597,10.3101
0.0334104,0.958203,0.0680951,0.288207,17.0141,10.3101
0.0332605,0.941195,0.0924197,0.273859,18.3017,10.3101
0.0336906,0.889057,0.0577213,0.997513,16.0222,10.3101
0.0338131,0.828788,0.0654091,0.649207,17.2109,10.3102
0.0338309,0.828633,0.0644791,0.17982,17.3938,10.3102
0.0336543,0.888055,0.0646861,0.397178,17.9261,10.3102
0.0336268,0.896365,0.0734044,0.692462,18.4862,10.3103
0.0333698,0.961994,0.0623612,0.784563,16.8228,10.3104
0.0336712,0.935013,0.057497,0.738728,17.2643,10.3104
0.0336306,0.916267,0.0567367,0.856426,16.0771,10.3104
0.033423,0.929727,0.0712889,0.979514,17.469,10.3104
0.0334086,0.917024,0.0749194,0.826748,17.91,10.3104
0.0336072,0.87539,0.0773023,0.132568,18.438,10.3104
0.033592,0.894972,0.0670755,0.0334514,17.6586,10.3105
0.0333123,0.97036,0.0795057,0.657053,18.4519,10.3105
0.033582,0.945686,0.0552342,0.428535,16.2101,10.3105
0.0333669,0.996003,0.0638878,0.335741,17.5576,10.3105
0.0337932,0.895014,0.0580798,0.999082,17.0897,10.3105
0.033583,0.888793,0.0762995,0.525599,18.8743,10.3106
0.0333886,0.916731,0.0855183,0.797146,18.9172,10.3108
0.0333851,0.954822,0.0790364,0.458862,18.2325,10.3108
0.033541,0.905584,0.0682221,0.0244934,17.2415,10.3108
0.0343888,0.748597,0.0511127,0.824928,17.9721,10.3108
0.0335772,0.945608,0.0609392,0.375502,17.9514,10.3109
0.0333341,0.952985,0.0835738,0.724825,18.3157,10.3109
0.0331128,0.975891,0.0979999,0.336721,18.3121,10.311
0.0339518,0.812291,0.0556694,0.600413,16.7254,10.311
0.033459,0.940155,0.0686244,0.175689,17.1594,10.311
0.0330152,0.995475,0.118264,0.263931,19.4713,10.3111
0.033199,0.978928,0.099789,0.052641,19.8266,10.3111
0.033286,0.93429,0.0915342,0.901344,18.5782,10.3112
0.0333815,0.956892,0.0773023,0.450507,18.0389,10.3112
0.0337227,0.848873,0.0682326,0.274109,17.467,10.3112
0.0332982,0.963443,0.0730232,0.622805,17.6981,10.3112
0.0339292,0.812346,0.0630302,0.150338,17.7864,10.3113
0.0341607,0.807612,0.0525257,0.586278,17.6867,10.3113
0.0333279,0.929638,0.0899509,0.531681,18.6295,10.3113
0.0337694,0.879003,0.0557925,0.295177,16.276,10.3113
0.0337082,0.856337,0.0667169,0.581299,17.187,10.3114
0.0332548,0.962753,0.100123,0.898651,19.0759,10.3114
0.0340195,0.806991,0.0595414,0.812293,17.665,10.3114
0.0332791,0.958075,0.0772958,0.592054,17.9275,10.3114
0.0331616,0.977391,0.106973,0.277502,19.7406,10.3115
0.0336241,0.917125,0.0616709,0.301085,17.0425,10.3115
0.0336175,0.868289,0.0791803,0.895986,18.9123,10.3115
0.0331799,0.996719,0.0859436,0.720932,18.9464,10.3115
0.033701,0.868276,0.0737903,0.361997,18.3569,10.3115
0.0337274,0.879716,0.0636166,0.803243,17.5214,10.3116
0.0334905,0.896324,0.0745442,0.910387,17.1855,10.3117
0.0337282,0.900101,0.0607931,0.357221,17.8541,10.3117
0.0332797,0.980595,0.0639846,0.274189,16.4262,10.3117
0.0332598,0.966203,0.0972464,0.930474,19.2549,10.3118
0.0336651,0.928648,0.0540649,0.617973,16.5936,10.3118
0.0339082,0.879579,0.0543298,0.428183,17.8114,10.3118
0.033703,0.926121,0.057546,0.166321,17.942,10.3118
0.0339926,0.843189,0.0548881,0.59203,17.4704,10.3118
0.0338038,0.846499,0.0703374,0.688404,18.5196,10.3118
0.0332718,0.937261,0.104864,0.792104,19.9052,10.3119
0.033737,0.910111,0.0585962,0.793121,17.3283,10.3119
0.0332915,0.96723,0.065536,0.235298,16.5595,10.312
0.0339451,0.868128,0.0549526,0.0420883,17.5228,10.312
0.0333938,0.960128,0.0759319,0.263761,18.3314,10.312
0.0337883,0.911995,0.0514325,0.0192458,16.8566,10.3121
0.0333558,0.920283,0.0999634,0.548823,19.5696,10.3121
0.0337783,0.856015,0.0709338,0.368361,18.5584,10.3122
0.0335257,0.965955,0.0553207,0.0424235,16.7929,10.3122
0.0340402,0.779669,0.0608483,0.0395291,17.6337,10.3122
0.0336092,0.913286,0.0648738,0.183577,17.5888,10.3122
0.0339301,0.843985,0.0537842,0.475551,16.2312,10.3122
0.0333052,0.959306,0.0664372,0.828974,16.3302,10.3122
0.0342062,0.769261,0.0505526,0.4589,16.5097,10.3122
0.0339386,0.807784,0.0632082,0.782148,17.3839,10.3122
0.0332476,0.991067,0.0798904,0.349371,18.7745,10.3123
0.0341755,0.811406,0.0516481,0.888824,17.2987,10.3123
0.0336122,0.898318,0.0602911,0.24622,16.3596,10.3123
0.033739,0.85064,0.0738483,0.14368,18.4237,10.3123
0.0334046,0.906682,0.0866897,0.741036,18.7047,10.3124
0.0335033,0.926479,0.0762678,0.159071,18.957,10.3124
0.0333326,0.961824,0.0726543,0.400921,17.2504,10.3124
0.033241,0.957167,0.100877,0.291366,19.3864,10.3124
0.0332481,0.992957,0.071993,0.325818,17.0459,10.3125
0.0335532,0.884029,0.071249,0.0760591,17.9522,10.3125
0.0335381,0.887381,0.0820786,0.00527752,18.1654,10.3125
0.0336717,0.914344,0.0555016,0.352409,16.8229,10.3126
0.0337538,0.91418,0.0570136,0.515413,17.9389,10.3126
0.0333866,0.957955,0.0617837,0.982028,16.5691,10.3126
0.0338598,0.87537,0.0580413,0.708532,17.6875,10.3126
0.0337495,0.854235,0.0729156,0.284037,18.5991,10.3126
0.0335721,0.952227,0.0594981,0.184322,17.1752,10.3127
0.033737,0.841116,0.0676443,0.176204,17.6703,10.3127
0.0332458,0.983351,0.0654028,0.927431,16.771,10.3127
0.0339987,0.851664,0.0504311,0.176742,16.3186,10.3127
0.0335267,0.927008,0.0743258,0.693537,18.5213,10.3127
0.033446,0.964789,0.0653815,0.083096,17.1547,10.3127
0.0333451,0.946339,0.0818356,0.480593,18.216,10.3128
0.034411,0.731106,0.0517393,0.236014,17.4999,10.3128
0.0337749,0.851529,0.0581989,0.917959,16.013,10.3128
0.0332484,0.977087,0.0825631,0.860183,18.762,10.3128
0.0330401,0.987212,0.118056,0.969584,19.5407,10.3129
0.0333369,0.994878,0.0665244,0.562016,17.5827,10.3129
0.0338393,0.891722,0.0564616,0.681852,17.833,10.3129
0.0337756,0.919785,0.054911,0.25884,17.918,10.313
0.0341278,0.777595,0.0524912,0.0819692,16.869,10.313
0.0330427,0.9925,0.117868,0.406282,19.9732,10.313
0.0339664,0.866487,0.0542801,0.517998,17.079,10.313
0.0341222,0.824436,0.0521574,0.480667,17.6138,10.313
0.033826,0.826661,0.0718306,0.79299,18.8932,10.313
0.0340441,0.781828,0.0611226,0.620433,17.1194,10.3131
0.0341838,0.783595,0.0540179,0.362849,17.4187,10.3131
0.033484,0.969678,0.0557032,0.106666,16.8907,10.3131
0.0341512,0.769392,0.0579141,0.0317002,17.537,10.3131
0.0332638,0.995728,0.0623384,0.575342,16.8456,10.3131
0.0333392,0.990743,0.0671077,0.855941,17.9631,10.3132
0.0336259,0.953322,0.0520695,0.69937,16.7859,10.3132
0.0340293,0.861437,0.0521316,0.654829,17.6785,10.3134
0.0332846,0.973243,0.0736915,0.472065,17.7161,10.3134
0.0333105,0.956291,0.0757069,0.323109,17.1357,10.3134
0.0343224,0.745028,0.0537233,0.101984,17.1045,10.3134
0.0332501,0.980838,0.0660186,0.426379,16.2758,10.3134
0.033164,0.961052,0.096732,0.433823,18.9196,10.3135
0.0342922,0.750019,0.0505987,0.975427,16.0712,10.3135
0.0333467,0.972723,0.0774611,0.873741,18.0589,10.3135
0.0344612,0.71932,0.0511039,0.632357,17.8699,10.3136
0.0335637,0.955947,0.0550842,0.0835377,16.0249,10.3136
0.0336837,0.891396,0.0581034,0.625747,16.7268,10.3137
0.0341973,0.756756,0.0523631,0.576972,16.0399,10.3138
0.0340752,0.784896,0.0599051,0.607059,17.6373,10.3138
0.0335297,0.907745,0.0759793,0.0191756,18.047,10.3138
0.0333754,0.95877,0.0629628,0.951625,16.3999,10.3139
0.0333212,0.945056,0.0841065,0.0260785,18.9748,10.3139
0.0335051,0.969131,0.0603193,0.0528231,17.4081,10.3139
0.0341448,0.837189,0.0506544,0.640602,17.5445,10.3139
0.0334687,0.924358,0.0794605,0.658263,18.0122,10.3139
0.0333131,0.972276,0.0640832,0.189967,16.036,10.3139
0.0338632,0.835028,0.0680853,0.42562,18.4598,10.3139
0.0333202,0.993594,0.0607253,0.375694,16.8602,10.3139
0.0332694,0.939551,0.105202,0.368405,19.8198,10.3139
0.0336687,0.868798,0.0607499,0.900914,16.1473,10.3139
0.0330428,0.99662,0.0861133,0.768079,17.1836,10.314
0.034017,0.860162,0.0522778,0.0998759,17.3259,10.314
0.0331995,0.967948,0.0926065,0.525646,18.6928,10.314
0.0333986,0.925533,0.096042,0.65625,19.5373,10.3141
0.0331426,0.986388,0.106428,0.343306,19.4635,10.3141
0.0340107,0.850622,0.0546401,0.802751,17.8139,10.3141
0.0332597,0.963261,0.0973051,0.731678,19.4265,10.3142
0.0337469,0.891889,0.0592059,0.721048,17.248,10.3142
0.0334376,0.919848,0.0831063,0.856063,18.1025,10.3142
0.0332056,0.99169,0.0667714,0.0487244,16.4028,10.3142
0.0334271,0.945981,0.0699963,0.0937321,17.7556,10.3142
0.0331723,0.95812,0.0967841,0.796185,18.4067,10.3142
0.0331546,0.980679,0.079827,0.163883,17.6208,10.3143
0.0336499,0.875024,0.0688939,0.907196,17.8567,10.3143
0.0341729,0.76929,0.0574453,0.865833,17.5449,10.3143
0.0333327,0.997851,0.058965,0.000560838,16.1212,10.3143
0.0335163,0.92126,0.0744637,0.671057,18.3397,10.3143
0.0341224,0.808101,0.0506345,0.849295,16.2318,10.3144
0.0332925,0.938357,0.103429,0.410136,19.5626,10.3144
0.0335161,0.949204,0.062396,0.880139,17.4615,10.3145
0.0331602,0.977169,0.0801767,0.0383306,17.2198,10.3145
0.0334724,0.897664,0.07446,0.194802,17.8621,10.3145
0.0338664,0.859926,0.0530776,0.607172,16.7382,10.3145
0.0338346,0.847204,0.0684568,0.573717,18.4136,10.3146
0.0335903,0.897202,0.061905,0.794411,16.8839,10.3146
0.0333572,0.925015,0.09754,0.766868,19.7718,10.3146
0.0339062,0.902024,0.0519878,0.75251,17.9451,10.3147
0.0333211,0.953271,0.0943594,0.651497,19.0967,10.3147
0.0336215,0.960741,0.0525114,0.193301,16.4281,10.3147
0.0341975,0.776018,0.0558305,0.851899,17.01,10.3147
0.0335111,0.940583,0.0722796,0.329573,18.7039,10.3147
0.0337612,0.851958,0.0710586,0.214118,18.1577,10.3147
0.0332874,0.958349,0.0680194,0.457498,16.1596,10.3147
0.0333961,0.925886,0.0666175,0.823053,16.7862,10.3147
0.0338966,0.834982,0.0599198,0.721486,17.5504,10.3148
0.0330826,0.977905,0.114327,0.141825,19.7714,10.3148
0.0334049,0.915183,0.0769975,0.139861,17.6212,10.3148
0.0338544,0.82936,0.0705099,0.0735998,18.4003,10.3148
0.0337888,0.870854,0.0619594,0.797731,17.2347,10.3148
0.0342142,0.769198,0.0544201,0.72036,17.1351,10.3148
0.0336352,0.885827,0.0658268,0.953625,17.0698,10.3149
0.0342457,0.737552,0.0570193,0.916267,17.6837,10.3149
0.0337739,0.876831,0.0673023,0.521102,18.1559,10.3149
0.0338362,0.838206,0.0706367,0.144955,18.8992,10.3149
0.0338934,0.835844,0.061762,0.944713,17.5186,10.315
0.0341899,0.75774,0.0568066,0.668158,17.8955,10.315
0.033525,0.95399,0.0557001,0.199701,16.001,10.315
0.0338145,0.834129,0.0708624,0.468771,18.8633,10.3151
0.0344868,0.704926,0.0514871,0.9898,17.7242,10.3151
0.0334429,0.911183,0.094606,0.807335,19.2849,10.3151
0.0331202,0.968016,0.112826,0.0259149,19.9333,10.3151
0.0336272,0.895357,0.0588902,0.798038,16.3617,10.3151
0.0341261,0.809972,0.0503525,0.386269,16.3857,10.3152
0.033897,0.826899,0.0685742,0.0961515,18.085,10.3153
0.0333222,0.930817,0.0785787,0.232463,17.1399,10.3153
0.0338187,0.839459,0.0716681,0.438829,18.0041,10.3153
0.0334751,0.965982,0.0639622,0.248807,17.8262,10.3153
0.0339369,0.81428,0.067527,0.691142,18.2945,10.3154
0.0333967,0.930411,0.0665762,0.109049,16.7996,10.3154
0.0336181,0.914314,0.0706059,0.560057,18.631,10.3154
0.0333177,0.93184,0.0785918,0.553881,17.089,10.3155
0.0331227,0.977748,0.0833951,0.7296,17.7761,10.3155
0.0335653,0.932233,0.0701497,0.372219,18.0023,10.3155
0.0331192,0.978858,0.0845358,0.920183,17.5313,10.3155
0.0336547,0.870667,0.0671999,0.972916,17.0203,10.3156
0.0332059,0.972369,0.0696462,0.102968,16.08,10.3156
0.0335643,0.944022,0.0628245,0.0429316,17.8357,10.3156
0.0339936,0.799464,0.0601838,0.124436,17.5298,10.3156
0.0343267,0.778735,0.0506155,0.188314,17.6754,10.3156
0.0333829,0.958173,0.0628807,0.650529,16.9846,10.3156
0.0331614,0.978603,0.10711,0.393459,19.3455,10.3156
0.0332056,0.979925,0.0784445,0.276277,17.2021,10.3156
0.033353,0.951252,0.0740234,0.305271,17.658,10.3156
0.0332071,0.976732,0.101631,0.868038,19.3673,10.3156
0.0337761,0.882591,0.0555086,0.103033,16.958,10.3156
0.0333229,0.925029,0.0892322,0.0353623,18.59,10.3157
0.0333685,0.987657,0.0663341,0.593361,17.8938,10.3157
0.0331389,0.965363,0.113372,0.739528,19.6738,10.3157
0.0339639,0.80339,0.0677421,0.70846,18.6355,10.3157
0.0338393,0.834312,0.07123,0.0587322,18.2047,10.3157
0.0343242,0.72815,0.0507398,0.464999,16.0846,10.3158
0.0331691,0.963025,0.0966455,0.915888,18.1759,10.3158
0.0340264,0.839949,0.0508594,0.706241,16.9085,10.3158
0.0334707,0.950981,0.0597357,0.200374,16.0661,10.3158
0.033393,0.973424,0.0602636,0.172799,16.616,10.3158
0.033668,0.941381,0.0516159,0.202173,16.6316,10.3158
0.0340038,0.781572,0.0624964,0.702833,17.0843,10.3158
0.0333988,0.91177,0.0773516,0.440979,17.49,10.3159
0.0339742,0.799546,0.0565494,0.224612,16.9723,10.3159
0.0332744,0.979027,0.0643332,0.372521,16.8594,10.3159
0.0337368,0.850768,0.0603364,0.220988,16.449,10.3159
0.0332094,0.971814,0.0774127,0.161757,17.697,10.3159
0.0336546,0.874557,0.0688001,0.779278,17.8397,10.3159
0.0339863,0.834348,0.0577114,0.829334,17.433,10.316
0.0333464,0.948445,0.0936248,0.615147,19.0541,10.316
0.0339253,0.84674,0.0588406,0.493686,17.2807,10.3161
0.0337151,0.852629,0.0759932,0.441134,18.8611,10.3161
0.0341611,0.801187,0.0544359,0.25273,17.1722,10.3161
0.0330337,0.99552,0.114008,0.604214,19.4506,10.3162
0.0335458,0.891152,0.0641711,0.455674,16.3518,10.3162
0.0331407,0.96129,0.113576,0.660852,19.7372,10.3163
0.0343574,0.735804,0.0538229,0.480968,17.4334,10.3163
0.0339641,0.808718,0.0668393,0.176038,18.9855,10.3163
0.0335959,0.912738,0.0725696,0.658632,18.1035,10.3163
0.0336492,0.903615,0.0644256,0.516057,17.7579,10.3164
0.0344415,0.727189,0.0517747,0.615952,17.5316,10.3164
0.0334194,0.958972,0.0683582,0.967827,17.722,10.3164
0.0341959,0.759781,0.0527271,0.208617,16.4998,10.3164
0.0331698,0.971265,0.10429,0.985494,19.4798,10.3165
0.0345387,0.699385,0.050543,0.6026,17.1648,10.3165
0.0330732,0.996742,0.0741369,0.935766,16.7464,10.3165
0.0344558,0.705644,0.0522676,0.338,17.1114,10.3165
0.0337701,0.872637,0.0512942,0.121965,15.4242,10.3165
0.0337056,0.879867,0.0698649,0.810058,18.631,10.3165
0.0333274,0.928722,0.0783303,0.589379,17.03,10.3166
0.0332086,0.953611,0.105692,0.0488943,19.538,10.3166
0.0336605,0.956232,0.0511842,0.818064,16.8179,10.3166
0.0335441,0.947813,0.0570582,0.748553,16.5787,10.3167
0.0338549,0.813896,0.0719723,0.434179,18.9297,10.3167
0.0333389,0.983221,0.0664505,0.337922,17.6581,10.3167
0.033849,0.856699,0.0658773,0.596804,18.4914,10.3167
0.0333978,0.931658,0.0923784,0.942116,19.2729,10.3167
0.0342562,0.740685,0.0567913,0.381129,17.6575,10.3168
0.0341211,0.771195,0.0580342,0.340155,17.6682,10.3168
0.0331268,0.991244,0.0720119,0.481769,16.4482,10.3168
0.0336163,0.945352,0.059611,0.837886,17.8624,10.3168
0.0334321,0.96447,0.0667371,0.703486,17.7674,10.3168
0.0336316,0.907121,0.0625396,0.967949,17.1021,10.3169
0.0330123,0.995778,0.101854,0.304225,18.3802,10.3169
0.033328,0.931769,0.0793045,0.526595,17.4755,10.3169
0.033502,0.974231,0.0608595,0.539413,17.6858,10.3169
0.0335961,0.939209,0.0621481,0.259178,17.2974,10.317
0.033433,0.974269,0.0585295,0.178,16.0504,10.3171
0.0343335,0.736246,0.0547864,0.497298,17.8861,10.3171
0.0334747,0.953026,0.0663125,0.324058,17.408,10.3171
0.0335924,0.88137,0.0627555,0.75538,16.0239,10.3171
0.0339575,0.881554,0.0520084,0.949046,17.3846,10.3172
0.0339559,0.862418,0.0540278,0.514555,17.7259,10.3172
0.033172,0.981598,0.104763,0.441361,19.5727,10.3172
0.0334718,0.950308,0.0643233,0.875911,17.9019,10.3172
0.0334675,0.895115,0.0947184,0.690241,19.6152,10.3172
0.0330237,0.995252,0.119845,0.670565,19.1973,10.3172
0.0334552,0.964948,0.065459,0.925861,17.0748,10.3173
0.0332537,0.947303,0.0814092,0.962055,17.3059,10.3173
0.0333568,0.970795,0.0757683,0.2613,18.3776,10.3173
0.0333855,0.926314,0.0829077,0.221134,18.7975,10.3173
0.0335524,0.92484,0.0639841,0.471386,17.8394,10.3173
0.0338825,0.881511,0.0564458,0.9572,17.6537,10.3173
0.034443,0.722344,0.0522119,0.710799,17.5461,10.3174
0.0337567,0.841756,0.0749251,0.0280286,18.1659,10.3174
0.0335175,0.891151,0.091574,0.67596,19.5805,10.3174
0.0334604,0.954392,0.0733224,0.541344,18.6379,10.3174
0.0330771,0.987517,0.115513,0.860058,19.7226,10.3174
0.0337357,0.840931,0.0674282,0.503227,17.5857,10.3174
0.0336465,0.910949,0.0695007,0.0553262,18.7748,10.3175
0.0334209,0.910261,0.0749255,0.403862,17.0786,10.3176
0.034077,0.85382,0.0516476,0.241088,17.9019,10.3177
0.0335904,0.96796,0.0520898,0.128766,16.7278,10.3177
0.0332275,0.97697,0.0840337,0.594409,18.055,10.3177
0.0336602,0.885734,0.0666672,0.907129,17.2646,10.3177
0.0335005,0.972299,0.0614349,0.828349,17.5165,10.3178
0.0332571,0.98116,0.0746912,0.808252,17.4451,10.3178
0.0335184,0.918746,0.0624848,0.633884,16.6828,10.3178
0.0330646,0.98101,0.101636,0.966887,18.7311,10.3178
0.0339293,0.809306,0.0618358,0.140637,17.2314,10.3178
0.0340913,0.767718,0.059815,0.629695,17.8304,10.3179
0.0331792,0.992384,0.0778847,0.934433,17.7979,10.3179
0.0333986,0.929985,0.0843048,0.851421,18.0869,10.3179
0.0336134,0.919409,0.0519308,0.358428,15.5228,10.3179
0.0333428,0.972509,0.0630162,0.725305,16.9491,10.3179
0.0335128,0.921715,0.0667039,0.270342,17.2522,10.318
0.0332395,0.958538,0.0877327,0.0666945,18.4774,10.318
0.0339192,0.893296,0.0529576,0.708952,17.2619,10.318
0.0336064,0.880696,0.0788619,0.515424,18.227,10.318
0.0341054,0.805094,0.0544446,0.829837,17.7459,10.318
0.0339247,0.885032,0.0539561,0.449731,17.6078,10.3181
0.0331542,0.977929,0.0828046,0.327631,17.4998,10.3181
0.033406,0.93335,0.0918272,0.979236,19.0209,10.3181
0.0335156,0.955829,0.0557945,0.0618419,16.9632,10.3181
0.0342928,0.739286,0.0513357,0.249071,16.9823,10.3181
0.0333954,0.9079,0.0984943,0.869699,19.5904,10.3182
0.0334194,0.997782,0.0612495,0.944457,17.9914,10.3183
0.0334574,0.954322,0.0672565,0.0559089,17.9148,10.3183
0.0340291,0.790374,0.0666187,0.822969,18.8508,10.3183
0.0336572,0.917307,0.0671499,0.995641,18.0884,10.3183
0.0338392,0.821298,0.0662105,0.753106,17.9267,10.3184
0.0335786,0.96101,0.0591269,0.11576,17.5377,10.3184
0.0336498,0.901944,0.0568083,0.476243,16.0879,10.3184
0.0339038,0.906191,0.0519199,0.879408,17.3777,10.3184
0.0340795,0.76522,0.0608208,0.0149173,17.8938,10.3184
0.0335614,0.928738,0.0572051,0.170458,16.0364,10.3184
0.0334922,0.956947,0.0623304,0.648708,17.3165,10.3184
0.033383,0.972791,0.0750728,0.424949,18.3556,10.3185
0.0336553,0.858856,0.0709891,0.812379,17.4697,10.3185
0.0340316,0.799196,0.058329,0.685643,17.7633,10.3185
0.0340777,0.779336,0.0652099,0.556178,18.4146,10.3186
0.0334572,0.906245,0.0949383,0.229221,19.0672,10.3186
0.0336606,0.941588,0.058081,0.840103,17.4159,10.3186
0.0335891,0.9674,0.0575883,0.618377,17.5621,10.3187
0.0336488,0.960879,0.051232,0.568759,16.4403,10.3187
0.0334038,0.910333,0.0763659,0.0380482,17.0377,10.3187
0.0339337,0.828372,0.0664473,0.301605,18.0149,10.3187
0.0331556,0.9833,0.0931157,0.13247,18.4093,10.3188
0.0340504,0.871947,0.050391,0.12461,17.6498,10.3188
0.033332,0.943298,0.0832266,0.811926,18.6267,10.3189
0.0333225,0.984156,0.0699903,0.880087,17.4281,10.3189
0.0336805,0.859522,0.061791,0.540047,16.8901,10.3189
0.0332472,0.984313,0.0749185,0.232386,17.606,10.3189
0.0336789,0.871417,0.0655133,0.876079,17.184,10.319
0.0332532,0.984874,0.080183,0.635169,18.7024,10.319
0.0332333,0.977932,0.0682355,0.84052,16.2109,10.319
0.0343079,0.729722,0.0559569,0.334625,17.0099,10.3191
0.0340513,0.815958,0.0508525,0.167007,16.7822,10.3191
0.0332899,0.967873,0.0651548,0.801294,16.8074,10.3191
0.0337381,0.882544,0.0690528,0.922284,18.5489,10.3191
0.0336988,0.922675,0.0522338,0.116702,16.3869,10.3192
0.0339793,0.786273,0.0632398,0.418998,17.121,10.3192
0.0338778,0.873998,0.0577313,0.808756,17.3551,10.3192
0.0339866,0.877553,0.0523708,0.23608,17.0791,10.3192
0.0332362,0.984456,0.0654271,0.424219,16.8563,10.3193
0.0330887,0.975824,0.117075,0.909978,19.6134,10.3193
0.0337493,0.918366,0.0527561,0.513637,16.5441,10.3194
0.0336608,0.883059,0.0646162,0.756587,17.8356,10.3194
0.033159,0.980562,0.10722,0.303341,19.2794,10.3194
0.0338697,0.878515,0.0555035,0.568456,17.8894,10.3194
0.0342797,0.743179,0.0561884,0.498691,17.1052,10.3195
0.0330281,0.996287,0.114118,0.620132,19.7172,10.3195
0.0332265,0.976362,0.0841352,0.491528,18.6197,10.3195
0.0332768,0.953669,0.0894933,0.0811818,18.002,10.3195
0.0332891,0.940313,0.0999348,0.942706,19.4701,10.3195
0.033318,0.925048,0.0811631,0.726774,17.8978,10.3196
0.0340355,0.798215,0.0604278,0.996438,17.505,10.3196
0.0336088,0.918564,0.0563805,0.894966,16.4541,10.3196
0.0340443,0.779418,0.0615824,0.869637,17.7791,10.3196
0.0334947,0.959384,0.0694675,0.473499,18.6733,10.3197
0.0332533,0.982146,0.0751182,0.229139,17.6487,10.3197
0.0335347,0.892988,0.0896222,0.569912,19.8281,10.3198
0.0331994,0.976484,0.0865368,0.912223,18.8061,10.3198
0.0336576,0.919075,0.0595554,0.977487,17.686,10.3199
0.0334904,0.987055,0.0550906,0.568646,16.2974,10.3199
0.0336792,0.857215,0.0779142,0.399008,18.5429,10.3199
0.0340191,0.780169,0.0614693,0.660266,17.2468,10.3199
0.0331029,0.980738,0.0858516,0.454424,17.239,10.3199
0.0333558,0.990292,0.0726952,0.644388,18.994,10.3199
0.0334159,0.942767,0.0642078,0.59314,16.1459,10.3199
0.0339325,0.905262,0.0510335,0.308919,17.8439,10.3199
0.0334376,0.938758,0.071091,0.957926,17.8743,10.3199
0.0335606,0.870776,0.0741673,0.483343,17.493,10.32
0.0341281,0.762999,0.0647516,0.805284,18.3481,10.32
0.033642,0.963854,0.051262,0.299096,16.6065,10.32
0.0332981,0.932624,0.0890056,0.980216,18.8017,10.32
0.0337224,0.875681,0.0569735,0.769726,16.386,10.3201
0.0336072,0.898677,0.0650368,0.402855,17.9013,10.3201
0.0341915,0.759587,0.0580859,0.0821316,17.3132,10.3201
0.0334786,0.937615,0.068802,0.777824,17.7928,10.3201
0.0338883,0.850046,0.0580203,0.154994,17.3375,10.3201
0.0330022,0.996033,0.118536,0.325212,19.5411,10.3201
0.0331762,0.996506,0.0875738,0.0343097,18.3086,10.3201
0.0340579,0.791326,0.064006,0.299942,18.5569,10.3201
0.0338672,0.820052,0.0580334,0.368321,16.547,10.3203
0.0331502,0.97421,0.0812998,0.869593,17.2346,10.3203
0.0334799,0.990378,0.0543226,0.0715752,16.1915,10.3203
0.0334538,0.947909,0.0595278,0.0986068,16.0089,10.3203
0.0338196,0.828115,0.0594493,0.253626,16.5025,10.3203
0.0334422,0.972529,0.0702146,0.435278,18.7146,10.3203
0.0330708,0.99554,0.0828151,0.940386,17.5163,10.3204
0.0337646,0.93082,0.0510906,0.659692,16.5504,10.3204
0.0333229,0.931522,0.102973,0.614476,19.435,10.3204
0.0337815,0.868133,0.0691069,0.796822,18.2191,10.3204
0.0338943,0.843049,0.0586758,0.951224,17.9231,10.3204
0.0330892,0.990409,0.0738303,0.750972,16.3273,10.3204
0.0330728,0.977103,0.102984,0.109233,18.8383,10.3205
0.0335823,0.93436,0.0683395,0.379523,18.9184,10.3205
0.0338823,0.848902,0.0554503,0.910022,16.1327,10.3205
0.0333392,0.969746,0.0567316,0.0577148,15.3516,10.3205
0.0330436,0.984881,0.116928,0.516667,19.871,10.3205
0.0339342,0.840545,0.0524612,0.357362,16.5391,10.3205
0.0339562,0.830151,0.0647245,0.997216,18.2728,10.3205
0.0336482,0.862683,0.068699,0.236012,17.1697,10.3205
0.0336941,0.880475,0.0535914,0.805468,15.5642,10.3206
0.0332988,0.970918,0.0831427,0.622958,18.6315,10.3206
0.0331373,0.976512,0.0736611,0.251598,16.3236,10.3206
0.0334043,0.965217,0.0546058,0.468161,15.605,10.3206
0.0335955,0.916928,0.0530706,0.965257,15.6062,10.3206
0.0331339,0.989594,0.0789716,0.304556,17.6947,10.3207
0.0331613,0.974308,0.072885,0.841505,16.3163,10.3207
0.0336532,0.914036,0.0571466,0.682975,16.1781,10.3207
0.0344257,0.706643,0.0530724,0.301411,17.3916,10.3207
0.0345343,0.701144,0.0512814,0.335676,17.9178,10.3207
0.0337397,0.896212,0.0587395,0.822721,17.35,10.3207
0.0342222,0.763964,0.0518423,0.169901,16.9618,10.3207
0.033705,0.851018,0.0621276,0.612291,16.0833,10.3207
0.0340706,0.839118,0.0538534,0.912336,17.5298,10.3208
0.0335084,0.888025,0.0814899,0.935579,18.3727,10.3208
0.033572,0.92076,0.0707639,0.297975,18.4199,10.3208
0.0337404,0.931409,0.0547427,0.814572,17.2546,10.3208
0.0334942,0.916151,0.0644419,0.863844,16.7375,10.3208
0.0335846,0.91235,0.0540261,0.339257,15.884,10.3208
0.0333618,0.988748,0.0721198,0.355643,18.5519,10.3208
0.0334936,0.91057,0.0895226,0.0710589,19.7383,10.3209
0.0340861,0.7715,0.0552741,0.804439,16.2022,10.3209
0.0337387,0.842404,0.0619972,0.3305,16.2562,10.3209
0.03365,0.920679,0.0622436,0.964453,17.8006,10.3209
0.0339018,0.896426,0.0536362,0.904707,17.8359,10.3209
0.033171,0.959056,0.0846492,0.651201,17.0836,10.3209
0.0341469,0.79513,0.055907,0.673886,17.647,10.321
0.0334773,0.904727,0.0650996,0.0798663,16.4225,10.321
0.0338865,0.813878,0.0580415,0.403472,16.1544,10.321
0.0337612,0.827593,0.0762435,0.816772,18.2678,10.3211
0.0331038,0.989467,0.0921972,0.504518,18.6806,10.3211
0.0342891,0.740138,0.0515754,0.667635,16.774,10.3211
0.0333003,0.998629,0.0690924,0.199218,17.9997,10.3211
0.0333524,0.97959,0.0599321,0.190582,16.31,10.3211
0.0338275,0.879012,0.0643249,0.502269,18.3347,10.3211
0.0333601,0.941234,0.0759383,0.408268,17.0817,10.3212
0.0333655,0.984116,0.0587989,0.05601,16.4516,10.3212
0.0332495,0.956315,0.087108,0.292859,18.4865,10.3213
0.03341,0.934697,0.0637818,0.339386,16.2805,10.3213
0.0335055,0.986142,0.053215,0.354054,16.6998,10.3213
0.0336928,0.852181,0.0751709,0.514464,18.0899,10.3214
0.0331663,0.995708,0.096968,0.63637,19.1547,10.3214
0.0335302,0.899295,0.0888717,0.620036,19.6955,10.3214
0.0335166,0.960371,0.0634778,0.786915,17.4231,10.3214
0.0342218,0.743642,0.0526601,0.327362,16.0206,10.3214
0.0334008,0.90473,0.100063,0.527176,19.0802,10.3214
0.0333442,0.966563,0.0688006,0.429402,17.2243,10.3215
0.0334529,0.938834,0.0631049,0.657078,16.5231,10.3215
0.0336246,0.914108,0.0616206,0.962419,17.1551,10.3215
0.0334822,0.966054,0.0559358,0.196859,16.7357,10.3215
0.0336726,0.861556,0.0614448,0.0460065,16.085,10.3216
0.0335873,0.861672,0.0814475,0.115378,18.1459,10.3216
0.0336568,0.893193,0.0631267,0.915663,17.1335,10.3216
0.0334811,0.961686,0.0695709,0.634832,18.0859,10.3216
0.0334234,0.975088,0.0573454,0.661576,16.9526,10.3216
0.0337668,0.880393,0.0677656,0.667557,18.3038,10.3216
0.0337147,0.900336,0.0662254,0.654994,18.3082,10.3216
0.033414,0.908626,0.0549551,1.3225,17.6116,10.3216
0.0332179,0.971417,0.103186,0.0769988,19.3468,10.3217
0.0331337,0.967329,0.0855837,0.159871,17.5407,10.3217
0.0334252,0.935687,0.0901145,0.950466,19.1719,10.3217
0.0337761,0.871655,0.0688581,0.0177924,18.9422,10.3217
0.0331426,0.974727,0.106,0.602904,19.7692,10.3217
0.0337333,0.907448,0.0644487,0.0518459,18.6592,10.3217
0.0339785,0.791917,0.0571746,0.487049,16.728,10.3218
0.0336282,0.926147,0.0567811,0.149849,16.8837,10.3219
0.0334327,0.913484,0.0816746,0.395721,18.9801,10.3219
0.0337197,0.887069,0.0696012,0.0318426,18.449,10.3219
0.0332354,0.977354,0.0983664,0.0107303,19.675,10.322
0.0339656,0.844542,0.0620018,0.0806574,18.3337,10.322
0.0335255,0.928835,0.0587141,0.00697911,16.1782,10.3221
0.0331912,0.973355,0.100665,0.218259,19.9388,10.3221
0.0342854,0.772753,0.0530567,0.37218,17.8456,10.3221
0.0334472,0.914539,0.0910049,0.929659,19.8967,10.3221
0.0329921,0.995117,0.105129,0.791458,18.5025,10.3221
0.033659,0.920761,0.056212,0.0930095,16.1761,10.3222
0.0339493,0.795572,0.0626338,0.458857,17.0293,10.3222
0.033732,0.906843,0.0549738,0.589287,16.9046,10.3222
0.0336262,0.882389,0.0695563,0.0353974,17.8095,10.3222
0.0336016,0.948049,0.0583451,0.660095,17.1269,10.3222
0.0337348,0.944417,0.0540621,0.607751,17.8677,10.3223
0.0336774,0.918937,0.0661946,0.574248,18.4167,10.3223
0.0335469,0.892529,0.0773587,0.356951,18.171,10.3223
0.0334557,0.897409,0.0944827,0.286877,19.3104,10.3223
0.0335632,0.891006,0.0882665,0.0259903,19.8172,10.3223
0.0335507,0.914642,0.0760517,0.874433,18.1785,10.3224
0.0338357,0.837675,0.0716229,0.434607,18.046,10.3224
0.033244,0.935718,0.108963,0.373362,19.7302,10.3224
0.0333603,0.937849,0.0679658,0.808282,16.4662,10.3225
0.0336497,0.897432,0.0724385,0.0537169,18.9615,10.3225
0.0340477,0.843099,0.0524983,0.182339,17.5677,10.3225
0.0340013,0.790741,0.0681855,0.862282,18.4931,10.3225
0.0335422,0.924948,0.0673302,0.571331,17.0744,10.3225
0.0338216,0.901412,0.0547512,0.640518,17.8367,10.3225
0.0336264,0.947322,0.0523543,0.2219,16.4508,10.3226
0.0342399,0.735645,0.0578878,0.48328,17.7484,10.3226
0.0335755,0.982808,0.0526696,0.125303,16.8418,10.3226
0.0334072,0.943581,0.0879458,0.584274,19.9885,10.3226
0.0335665,0.89007,0.0873322,0.355798,19.2299,10.3226
0.0335725,0.943255,0.0512938,0.649173,15.1788,10.3226
0.0332736,0.977287,0.0643271,0.711637,16.2366,10.3226
0.0338485,0.923226,0.0524537,0.290205,17.9392,10.3226
0.0333082,0.931913,0.0565858,1.88466,17.421,10.3227
0.0332068,0.949119,0.0838306,0.667517,17.8844,10.3227
0.0340752,0.795279,0.0624915,0.23603,18.4368,10.3227
0.0332944,0.944088,0.0558104,1.52979,17.8589,10.3227
0.0340828,0.864499,0.0504733,0.731262,17.6088,10.3227
0.0337862,0.834501,0.0746817,0.201658,18.9512,10.3227
0.03342,0.950709,0.0749354,0.547106,18.7329,10.3228
0.0335392,0.908991,0.0564903,0.757852,15.3616,10.3228
0.0332902,0.998124,0.070033,0.271539,17.4954,10.3228
0.0334181,0.92692,0.0589554,0.864927,15.1557,10.3228
0.0334818,0.91635,0.0578164,0.113726,15.8677,10.3228
0.0334474,0.936306,0.0871984,0.37134,19.4269,10.3229
0.0336023,0.917097,0.069501,0.940378,18.9454,10.3229
0.0344657,0.708913,0.0512781,0.571441,17.722,10.3229
0.0332018,0.944867,0.111432,0.86112,19.3464,10.3229
0.0337839,0.858072,0.0519265,0.262103,15.3707,10.3229
0.0332644,0.964933,0.0879185,0.0798576,18.0143,10.3229
0.0337326,0.924332,0.0508081,0.782458,16.8797,10.3229
0.0333957,0.911701,0.0852125,0.546675,18.0681,10.3229
0.0332951,0.980349,0.0902421,0.337835,19.7321,10.323
0.0335805,0.935407,0.0577409,0.200155,16.1272,10.323
0.0338157,0.825462,0.0739703,0.649904,18.3487,10.323
0.0334017,0.944767,0.0651218,0.275854,16.3914,10.3231
0.0338227,0.83411,0.0578548,0.479698,16.462,10.3232
0.0330602,0.998681,0.0988768,0.763597,18.648,10.3232
0.0343545,0.71151,0.0553053,0.604593,17.1235,10.3232
0.0337567,0.900706,0.0640673,0.751914,18.7904,10.3232
0.0337259,0.918258,0.0590629,0.324789,17.9851,10.3232
0.0334749,0.884442,0.0857756,0.475207,18.3562,10.3232
0.0334326,0.939423,0.0643542,0.52395,16.5086,10.3232
0.0332405,0.966148,0.102443,0.432065,19.5338,10.3232
0.0333987,0.977802,0.0672247,0.714678,17.3081,10.3233
0.0334223,0.914004,0.0542664,1.70868,17.983,10.3233
0.0337934,0.864209,0.0520308,0.231118,15.6654,10.3233
0.0341171,0.77771,0.0524951,0.332169,16.7495,10.3233
0.0334498,0.942354,0.0744685,0.792958,18.0455,10.3233
0.0334618,0.952906,0.0535105,0.7902,15.4927,10.3233
0.0336482,0.903716,0.0648416,0.335265,17.8169,10.3233
0.0341228,0.785554,0.0617186,0.348836,18.9224,10.3234
0.0336129,0.961577,0.0565127,0.31797,17.6125,10.3234
0.0337209,0.853995,0.072764,0.746848,18.7785,10.3234
0.03309,0.974581,0.102193,0.799182,18.1484,10.3234
0.03345,0.902174,0.0968437,0.664979,19.8997,10.3235
0.0334475,0.98693,0.0605427,0.896557,17.701,10.3235
0.0330394,0.986138,0.101238,0.877884,18.5777,10.3235
0.0331732,0.955671,0.0854012,0.898027,17.2151,10.3235
0.0339331,0.865741,0.0605359,0.659395,18.7332,10.3235
0.033142,0.992875,0.0773943,0.49709,17.6387,10.3235
0.0338503,0.832143,0.0568606,0.570407,16.8896,10.3235
0.0331421,0.966388,0.086176,0.244061,17.0067,10.3235
0.0334264,0.911184,0.0976572,0.12361,19.6164,10.3236
0.0335035,0.89142,0.0844405,0.346926,18.5434,10.3236
0.0336045,0.876798,0.087819,0.190952,19.9946,10.3236
0.0336677,0.852216,0.0791675,0.918481,18.4666,10.3236
0.0338121,0.853824,0.070243,0.289365,18.2313,10.3237
0.0335638,0.867393,0.0534319,1.1407,17.34,10.3237
0.0337876,0.89134,0.0545683,0.898662,16.3838,10.3237
0.0338313,0.929889,0.0522863,0.864233,17.0083,10.3237
0.0332157,0.996848,0.084352,0.229947,18.7522,10.3238
0.0339163,0.815136,0.0639588,0.514423,17.0808,10.3238
0.0342374,0.746093,0.0514933,0.953098,16.983,10.3238
0.0338496,0.851415,0.0658975,0.971775,18.7047,10.3238
0.0333305,0.976039,0.0638451,0.0232701,16.7303,10.3239
0.0333497,0.972455,0.0870073,0.375406,19.7011,10.3239
0.0335447,0.881264,0.0922247,0.635678,19.4707,10.3239
0.0336332,0.86956,0.0866245,0.922544,19.0034,10.3239
0.033403,0.926362,0.0854296,0.0116409,18.3065,10.3239
0.0336366,0.940675,0.0644368,0.333801,18.9361,10.324
0.0336555,0.922384,0.0659331,0.972653,18.9184,10.324
0.0334773,0.930564,0.0852801,0.0214736,19.242,10.324
0.0340317,0.826483,0.0570934,0.385273,17.0005,10.3241
0.0338786,0.832784,0.0699185,0.109591,18.0263,10.3241
0.0332692,0.940354,0.0570967,1.63104,17.0951,10.3241
0.0333908,0.9421,0.0892404,0.347556,19.7008,10.3241
0.0344664,0.723892,0.0517261,0.684153,17.9061,10.3241
0.0335831,0.8844,0.08019,0.234506,18.2116,10.3241
0.0336059,0.939729,0.0591002,0.766887,17.5727,10.3242
0.0334456,0.998045,0.0596757,0.936683,17.4149,10.3242
0.0333947,0.918789,0.0946705,0.138784,19.3472,10.3242
0.0336353,0.861757,0.0646714,0.35944,16.7364,10.3242
0.0336286,0.902303,0.0574767,0.982478,16.704,10.3242
0.0335928,0.913746,0.0663574,0.326918,17.5024,10.3242
0.0332102,0.945326,0.0852185,0.776911,17.3946,10.3242
0.0332695,0.938771,0.0825494,0.816702,17.096,10.3242
0.0337591,0.918519,0.0575369,0.163765,17.6946,10.3242
0.0330954,0.967707,0.101452,0.214441,18.9388,10.3242
0.0339753,0.801884,0.0603485,0.46122,17.2891,10.3243
0.0330464,0.993651,0.0853426,0.588231,17.0575,10.3243
0.0340373,0.845468,0.0525712,0.28437,17.666,10.3243
0.0335293,0.927078,0.0645371,0.958104,17.3882,10.3243
0.0331795,0.980139,0.0921763,0.179803,18.3583,10.3243
0.0335849,0.889401,0.0851209,0.679405,19.3531,10.3243
0.0336073,0.914989,0.053176,0.235367,15.7506,10.3243
0.0338321,0.854149,0.0663849,0.682194,18.0328,10.3244
0.0333157,0.981504,0.0638255,0.948648,16.1895,10.3244
0.0335848,0.904136,0.0543441,0.873328,15.584,10.3244
0.0334716,0.901619,0.0954548,0.808178,19.7069,10.3244
0.0330384,0.986743,0.0893353,0.400953,17.0647,10.3244
0.0331808,0.958753,0.106596,0.407405,19.4418,10.3244
0.0330374,0.980861,0.105224,0.229325,18.1701,10.3244
0.0333851,0.990878,0.059292,0.69934,16.9539,10.3244
0.0335708,0.89554,0.0788051,0.777414,18.18,10.3244
0.0334908,0.888914,0.0824691,0.185929,18.1712,10.3245
0.0342159,0.785719,0.0543777,0.533709,17.7293,10.3245
0.0332142,0.954854,0.103601,0.276433,19.4097,10.3245
0.0340767,0.776789,0.0662646,0.450004,18.6091,10.3245
0.0330286,0.953081,0.0683522,1.87202,17.3689,10.3245
0.0332281,0.997378,0.0659603,0.425863,16.8229,10.3246
0.033489,0.926901,0.0857108,0.630993,19.8537,10.3246
0.0330682,0.990865,0.116276,0.535434,19.2515,10.3246
0.0339187,0.865781,0.0616536,0.736116,18.1585,10.3246
0.0337933,0.8352,0.0591777,0.438029,16.8217,10.3246
0.0339287,0.864293,0.0613576,0.892567,18.4383,10.3246
0.0339835,0.791165,0.0632355,0.916857,17.2841,10.3247
0.0333508,0.997188,0.0722938,0.133172,18.4367,10.3247
0.0338225,0.85276,0.0605494,0.8731,17.0363,10.3247
0.0335939,0.934292,0.051627,0.797882,15.7222,10.3248
0.034188,0.750636,0.053721,0.0180562,16.1748,10.3248
0.0332186,0.953134,0.0907023,0.0730475,18.3582,10.3248
0.0337219,0.915494,0.0597305,0.323713,17.4479,10.3249
0.0335261,0.982228,0.0578373,0.526701,17.8711,10.3249
0.0331342,0.990707,0.101536,0.087297,19.4081,10.3249
0.0333329,0.949697,0.0857908,0.36009,18.2762,10.3249
0.0340532,0.83738,0.0588908,0.88849,18.8052,10.3249
0.0336101,0.899838,0.0549551,0.216795,15.2351,10.3249
0.033456,0.935746,0.0788461,0.195373,18.09,10.3249
0.0333949,0.940612,0.0634797,0.300316,16.1394,10.3249
0.0333196,0.966631,0.078642,0.16596,18.6683,10.325
0.033862,0.875479,0.0559434,0.421226,17.8521,10.325
0.0333902,0.955575,0.0796236,0.717814,18.8052,10.325
0.0338762,0.812712,0.0586004,0.433047,16.0556,10.325
0.033193,0.946255,0.110542,0.154002,19.5952,10.325
0.0335272,0.959336,0.0670995,0.783355,18.3356,10.325
0.0337989,0.858431,0.0702949,0.231476,18.005,10.325
0.0333537,0.988937,0.0610014,0.766708,16.5937,10.325
0.0339116,0.796409,0.0645751,0.1171,17.7202,10.325
0.0341631,0.772634,0.0557115,0.0784215,17.4648,10.325
0.0342173,0.757051,0.0618182,0.827622,18.5453,10.3251
0.0341827,0.759378,0.0621341,0.484976,18.671,10.3251
0.0333575,0.963325,0.0618786,0.685496,16.3757,10.3251
0.0339082,0.8442,0.0503644,0.0311596,15.1738,10.3251
0.0333712,0.953316,0.0656174,0.516919,16.2137,10.3251
0.0335497,0.88063,0.0654731,0.765297,16.4477,10.3251
0.0332981,0.988865,0.0563685,0.112858,15.9042,10.3251
0.0334527,0.941982,0.0663709,0.821649,17.2285,10.3252
0.033642,0.969476,0.0506821,0.981908,16.7419,10.3252
0.0339796,0.854541,0.0513924,0.820363,16.1958,10.3252
0.0335095,0.927357,0.0556011,0.195783,15.3838,10.3252
0.0335488,0.896828,0.057146,0.288209,15.0745,10.3252
0.0336128,0.859877,0.0813558,0.511314,18.9316,10.3252
0.0336495,0.910082,0.0522517,0.245834,15.2022,10.3252
0.0335723,0.870618,0.082629,0.800733,18.1795,10.3252
0.033659,0.868562,0.0740263,0.940039,18.165,10.3253
0.033333,0.96835,0.0689476,0.558359,17.8031,10.3254
0.0331068,0.9799,0.0599323,1.30458,17.4997,10.3254
0.0331248,0.965885,0.0609924,1.97721,17.3011,10.3254
0.0342706,0.74233,0.0606795,0.647652,18.3066,10.3254
0.0335249,0.883189,0.0937737,0.269233,19.8264,10.3254
0.0335715,0.942945,0.0688724,0.241519,18.5869,10.3254
0.033429,0.886977,0.0567127,1.53754,17.2012,10.3254
0.03386,0.874662,0.0560981,0.852842,17.3359,10.3254
0.033332,0.993701,0.0728295,0.448068,18.9204,10.3255
0.0331103,0.976041,0.0999352,0.253959,18.8754,10.3255
0.0339715,0.8666,0.0588698,0.343834,18.7781,10.3255
0.0331565,0.935819,0.0635116,1.21022,17.2276,10.3256
0.0330309,0.987423,0.0904078,0.858517,17.4482,10.3256
0.0335714,0.986091,0.0523552,0.661694,16.2958,10.3256
0.0336146,0.863974,0.0887498,0.882041,19.9549,10.3256
0.0335824,0.863995,0.0825829,0.904397,18.7877,10.3257
0.033816,0.81326,0.0751568,0.782489,18.6847,10.3257
0.0333736,0.938957,0.0849706,0.718125,18.3873,10.3257
0.0336559,0.942748,0.0630734,0.581946,18.982,10.3257
0.0334619,0.938432,0.0664149,0.733881,17.8402,10.3257
0.0333065,0.926289,0.0930677,0.780047,18.7144,10.3257
0.0333903,0.924279,0.0870983,0.412806,18.3237,10.3258
0.0337857,0.866791,0.0522595,0.783764,15.4973,10.3258
0.0338385,0.829515,0.0595755,0.0478255,16.8578,10.3258
0.0335369,0.901916,0.0859674,0.966467,19.5828,10.3258
0.0335274,0.88502,0.0526181,1.69464,17.1034,10.3259
0.0331517,0.970368,0.0817072,0.163184,17.5435,10.3259
0.0332916,0.962011,0.086447,0.582402,18.0481,10.3259
0.0335946,0.978771,0.0527487,0.71726,16.4033,10.3259
0.0340111,0.806,0.0553733,0.576139,16.2777,10.326
0.0331971,0.947913,0.0848841,0.128844,17.3744,10.326
0.0336836,0.951076,0.0563526,0.0351658,17.6297,10.326
0.0328415,0.989066,0.0826147,1.32846,18.7118,10.326
0.0333622,0.96421,0.0883767,0.563715,19.6696,10.326
0.0334166,0.891028,0.056683,1.04628,17.3527,10.326
0.0336572,0.921864,0.0589845,0.201512,17.2663,10.326
0.03349,0.987376,0.0605373,0.266576,17.4383,10.3261
0.0339239,0.870013,0.0565198,0.726519,17.147,10.3261
0.0334807,0.968954,0.0581002,0.320281,16.3771,10.3261
0.0331648,0.954878,0.086287,0.229888,17.5399,10.3261
0.0341844,0.778123,0.0598155,0.16951,18.3091,10.3261
0.0330419,0.983306,0.117195,0.673623,19.5105,10.3261
0.033303,0.97109,0.0899042,0.113989,19.1676,10.3261
0.0333378,0.924118,0.0777588,0.226809,17.7201,10.3262
0.03377,0.849783,0.0537132,0.0750956,15.3944,10.3262
0.03413,0.815109,0.0545211,0.13487,17.8941,10.3262
0.033215,0.947392,0.10606,0.375782,19.5363,10.3262
0.0340073,0.81727,0.0648297,0.0675436,18.6942,10.3263
0.0332529,0.933058,0.0937868,0.722854,18.6822,10.3263
0.0337057,0.91071,0.0582345,0.500533,17.0564,10.3264
0.0341195,0.817224,0.0581072,0.321317,18.6628,10.3264
0.0339296,0.914521,0.0506596,0.4485,17.6173,10.3264
0.0341115,0.803196,0.0608331,0.955696,18.59,10.3264
0.0336392,0.858258,0.0774797,0.793541,18.1971,10.3265
0.0334228,0.989501,0.0689679,0.241479,18.1775,10.3265
0.033481,0.941788,0.0618039,0.996052,16.2347,10.3265
0.0333816,0.939093,0.0526653,1.3057,17.1684,10.3265
0.0336148,0.862331,0.0707387,0.163103,17.7671,10.3265
0.0332709,0.958157,0.0552153,1.72793,17.1494,10.3266
0.0332261,0.977553,0.0885077,0.713939,18.6897,10.3266
0.032836,0.994498,0.0732719,1.23863,17.3734,10.3266
0.0334082,0.922817,0.0539927,1.87111,17.2103,10.3266
0.0327832,0.997715,0.0862871,1.25567,18.1309,10.3266
0.0334514,0.893291,0.0959328,0.55396,19.075,10.3267
0.033843,0.867672,0.0604007,0.406529,17.4488,10.3267
0.0332051,0.944336,0.0856337,0.0685338,17.2491,10.3267
0.0336702,0.846822,0.051221,1.10452,17.5682,10.3267
0.0331406,0.941848,0.0632909,1.61602,17.7851,10.3268
0.0331366,0.962501,0.0971652,0.785265,18.2655,10.3268
0.0337042,0.897364,0.0689613,0.834887,18.162,10.3268
0.0331764,0.948515,0.113707,0.138133,19.267,10.3268
0.0333206,0.963804,0.0705095,0.0541326,17.5481,10.3268
0.0335806,0.886761,0.0891156,0.129326,19.5928,10.3268
0.0342924,0.74006,0.0601853,0.917138,18.4248,10.3268
0.0337408,0.867676,0.0536612,0.0365428,15.5939,10.3268
0.0333767,0.934177,0.0654657,0.776242,16.2755,10.3268
0.0337615,0.937588,0.0532977,0.850887,17.8916,10.3268
0.0334574,0.946023,0.0555783,0.392877,15.4735,10.3268
0.0339684,0.820057,0.055601,0.701854,16.4519,10.3269
0.0334022,0.920996,0.0980938,0.373238,19.7017,10.3269
0.0337026,0.845398,0.0509412,1.67697,17.968,10.3269
0.0337944,0.818984,0.0744532,0.466726,18.7494,10.3269
0.0332366,0.938662,0.106363,0.782377,19.0387,10.3269
0.0335718,0.870293,0.0721283,0.647629,17.3486,10.327
0.0329567,0.972379,0.0697657,1.75917,17.4658,10.327
0.0341363,0.814924,0.0577386,0.280001,18.2662,10.327
0.0339248,0.870847,0.0599724,0.0285781,18.5354,10.327
0.033947,0.864698,0.0605058,0.471705,18.2966,10.327
0.0342407,0.757558,0.0604548,0.0379624,18.372,10.327
0.0334341,0.961433,0.0822044,0.300164,19.4069,10.327
0.0332424,0.908499,0.0629068,1.92741,17.6105,10.327
0.0332474,0.955285,0.08125,0.429392,17.6469,10.3271
0.0338338,0.811656,0.0746213,0.60719,18.5486,10.3271
0.0332642,0.99468,0.0879292,0.105043,19.3796,10.3271
0.0334305,0.940019,0.0800609,0.133953,18.0327,10.3271
0.0336119,0.960727,0.0586375,0.781362,17.1591,10.3271
0.0334454,0.917216,0.0589622,0.772742,15.2965,10.3271
0.0335853,0.973209,0.0513964,0.369983,16.0685,10.3271
0.0336816,0.877145,0.0547678,0.635967,15.5164,10.3272
0.0341015,0.79011,0.0617565,0.120809,18.0186,10.3272
0.0341246,0.817899,0.0581061,0.549311,18.6769,10.3272
0.0338787,0.858226,0.0633723,0.340079,18.6033,10.3272
0.0339551,0.858326,0.0601103,0.698277,18.8008,10.3272
0.0342179,0.769543,0.0591942,0.374314,18.8235,10.3272
0.0337791,0.926808,0.0556372,0.616699,17.9144,10.3272
0.0331182,0.981469,0.0583798,1.76926,17.455,10.3272
0.0329776,0.957066,0.0706398,1.96644,17.8679,10.3272
0.0340655,0.822328,0.05957,0.468117,18.1258,10.3273
0.0335767,0.872642,0.0651453,0.561504,16.1406,10.3273
0.0341693,0.784404,0.0539654,0.0427016,17.3437,10.3273
0.0337821,0.867084,0.0635034,0.795292,17.7312,10.3273
0.0339273,0.822011,0.0627657,0.601794,17.5388,10.3273
0.0332589,0.979172,0.0953773,0.476786,19.7636,10.3273
0.0336778,0.946,0.0614776,0.608606,18.9802,10.3273
0.0335485,0.85069,0.0514581,1.73877,16.056,10.3274
0.0333985,0.948429,0.0765025,0.659172,18.7443,10.3274
0.033591,0.918005,0.0726842,0.286752,18.9813,10.3275
0.0331542,0.962941,0.0543546,1.32385,16.2576,10.3275
0.0332931,0.971765,0.0671469,0.310235,16.903,10.3275
0.033221,0.978683,0.0617253,0.53581,15.3078,10.3275
0.0341905,0.784761,0.0588706,0.16472,18.3513,10.3275
0.0335959,0.89629,0.0846267,0.00664096,19.2233,10.3275
0.0336488,0.923264,0.0622862,0.110866,17.8632,10.3275
0.0331563,0.969844,0.0851332,0.47758,17.141,10.3275
0.0333861,0.941684,0.0895011,0.00433699,19.5869,10.3275
0.0335924,0.89901,0.0826886,0.327434,19.0274,10.3275
0.0342254,0.75298,0.0608875,0.755524,18.6744,10.3276
0.0335526,0.914436,0.0822277,0.0370537,19.1166,10.3276
0.0341614,0.78776,0.0609338,0.100313,18.7258,10.3276
0.0339717,0.80512,0.068947,0.388709,18.4273,10.3276
0.033081,0.963331,0.0639529,1.16308,17.8925,10.3277
0.0339409,0.806078,0.056118,0.712992,16.3499,10.3277
0.0331241,0.960046,0.115718,0.0872855,19.3672,10.3277
0.0337059,0.85759,0.0832746,0.279821,19.5718,10.3277
0.0340113,0.789658,0.0552543,0.846612,16.4118,10.3277
0.034077,0.773251,0.0613121,0.570433,17.7547,10.3277
0.0333768,0.967547,0.0847855,0.313283,19.1634,10.3277
0.0333497,0.951457,0.0525908,1.14946,17.0146,10.3277
0.0333405,0.979995,0.0850267,0.596048,19.3184,10.3277
0.0329053,0.974913,0.0806906,1.3214,18.0733,10.3277
0.0330296,0.972786,0.0644669,1.38514,17.6505,10.3278
0.0336906,0.858843,0.0736064,0.833651,18.4083,10.3278
0.0331557,0.964978,0.0861079,0.455914,17.6943,10.3278
0.0334848,0.952507,0.0538737,0.115632,15.8703,10.3278
0.0333463,0.895374,0.0599114,1.03392,17.0517,10.3278
0.0330604,0.957843,0.0730136,1.41197,18.6882,10.3278
0.0329885,0.958237,0.0772001,1.87548,18.8335,10.3279
0.0339047,0.85371,0.0645564,0.92675,18.5485,10.3279
0.0337866,0.868111,0.0599663,0.370653,17.8164,10.3279
0.0336236,0.896733,0.0550929,0.794044,15.3949,10.3279
0.0336036,0.940241,0.0509652,0.382183,15.3094,10.328
0.0337377,0.888026,0.0686456,0.445654,18.7533,10.328
0.0338085,0.84909,0.0563184,0.818189,16.6021,10.328
0.0330985,0.987385,0.0534566,1.90025,16.9353,10.328
0.0330539,0.966464,0.0650007,1.60061,17.0442,10.328
0.0333749,0.982137,0.0584172,0.125675,16.3637,10.328
0.0339448,0.89206,0.0511037,0.212032,17.7863,10.3281
0.0335707,0.94266,0.0601391,0.509495,17.6856,10.3281
0.0332965,0.934068,0.07196,0.270484,16.1796,10.3281
0.0330552,0.968383,0.0646069,1.54596,17.3017,10.3281
0.0336256,0.925743,0.0666564,0.772112,18.9203,10.3281
0.0330401,0.982413,0.0904315,0.546317,17.6689,10.3281
0.0333139,0.941682,0.0701707,0.336431,16.82,10.3281
0.0334538,0.882461,0.0515259,1.53066,16.1095,10.3281
0.0334372,0.947703,0.0841401,0.652567,19.0124,10.3281
0.0332083,0.956425,0.0723805,0.441841,16.0357,10.3281
0.0333781,0.976123,0.0648967,0.949223,17.1956,10.3281
0.0343456,0.725784,0.0591173,0.291469,18.2676,10.3281
0.0333392,0.94257,0.0874408,0.24958,18.0183,10.3282
0.0334686,0.95559,0.0737047,0.784698,18.9759,10.3282
0.0342813,0.753829,0.0584338,0.407796,18.0628,10.3282
0.033644,0.890299,0.0610968,0.738907,16.1575,10.3282
0.0335854,0.963264,0.0598637,0.195438,17.2451,10.3283
0.0330166,0.982418,0.107089,0.0444008,18.8524,10.3283
0.0336341,0.908457,0.0562309,0.897587,16.358,10.3283
