beta,permeability,xi,init_days,delay,value
0.0461172,0.00102099,0.154582,7.55415,12.1503,16.281
0.0469332,0.00181745,0.163995,6.28893,12.1841,16.2857
0.0461585,0.00652374,0.157567,7.07049,12.9732,16.2876
0.0461613,0.0064025,0.158193,7.5125,12.6912,16.2918
0.0460935,0.0104781,0.157242,7.87894,12.0255,16.2919
0.0453799,0.0123053,0.151993,8.47198,12.7628,16.3003
0.0461489,0.00708662,0.165906,7.11712,12.8911,16.3118
0.0455662,0.00258637,0.147981,8.54115,11.7819,16.3136
0.0453568,0.0204597,0.154255,8.05415,12.2254,16.3168
0.0453285,0.0208083,0.156748,8.10123,12.1455,16.3196
0.0455783,0.00600067,0.150392,8.47511,11.878,16.324
0.0461508,0.0110126,0.164558,7.50221,12.4606,16.3254
0.0461477,0.0121973,0.156293,7.46264,12.128,16.3264
0.0455237,0.0124727,0.151385,8.79179,11.0622,16.3295
0.0455423,0.01358,0.150549,8.0442,11.9925,16.3298
0.0462255,0.00228849,0.162201,7.43399,12.5492,16.3307
0.0469262,0.00473471,0.160589,6.51902,12.1341,16.3318
0.0453734,0.0165899,0.156983,8.04426,12.4123,16.3319
0.046155,0.0121241,0.158172,7.10232,12.7882,16.3333
0.0454006,0.00798163,0.156519,8.65738,12.4551,16.3383
0.0455401,0.00287119,0.140725,8.69066,11.2193,16.3428
0.0469229,0.0078754,0.162132,6.5897,12.2793,16.3441
0.045602,0.00683649,0.147779,8.31702,11.4395,16.3442
0.0453444,0.0124991,0.157447,8.15972,12.6428,16.3447
0.0462618,0.00395959,0.15341,7.28355,11.7216,16.3454
0.0454067,0.00505235,0.156815,8.1724,12.3197,16.3465
0.0448866,0.00108661,0.141599,9.14699,11.5268,16.3471
0.045392,0.0149714,0.147575,8.13089,12.0133,16.3472
0.0455612,0.00766183,0.145236,8.84835,11.7318,16.348
0.045516,0.0148835,0.153622,8.95417,11.8453,16.3489
0.0453491,0.0162179,0.14754,8.78709,12.3379,16.3492
0.0453696,0.0234614,0.156463,8.30568,12.743,16.352
0.0455284,0.00179156,0.14596,8.0282,11.6558,16.3525
0.0455401,0.00230776,0.14981,8.29536,11.5326,16.3525
0.0461691,0.0111464,0.156648,7.46377,12.5541,16.3537
0.0460454,0.0142051,0.157542,7.3259,12.8282,16.355
0.0446626,0.00217368,0.14171,9.28188,12.8968,16.3551
0.0454387,0.00943606,0.158439,8.17872,12.7659,16.3572
0.0453796,0.0142209,0.146635,8.66464,12.4792,16.3578
0.0453507,0.0274247,0.154094,8.86002,12.3848,16.359
0.0453266,0.0310382,0.154539,8.36908,12.0313,16.3591
0.0453726,0.012725,0.160146,8.82419,12.1037,16.3597
0.0446461,0.0172066,0.145352,9.95435,12.8541,16.3609
0.0462371,0.00610591,0.153139,7.73213,11.7233,16.3612
0.0460455,0.0150062,0.156658,7.89992,12.1492,16.3617
0.0460309,0.0159937,0.159304,7.67668,12.4347,16.3621
0.045417,0.0151194,0.152345,8.7393,12.4581,16.3621
0.0454663,0.00203785,0.146185,8.11109,12.4203,16.3621
0.0453861,0.00955026,0.144626,8.72731,12.5948,16.3625
0.046028,0.0252133,0.164034,7.45625,12.3953,16.3627
0.0461284,0.0126801,0.152883,7.62185,12.1782,16.3634
0.0462567,0.00142939,0.145542,7.31825,11.1028,16.3643
0.0455964,0.00221309,0.142601,8.13629,11.9499,16.3645
0.046349,0.000791356,0.158412,7.22669,11.1245,16.3648
0.0460925,0.0116214,0.151163,7.89872,12.9027,16.3649
0.0469149,0.00210748,0.156243,6.83849,12.1964,16.3667
0.045543,0.00378303,0.138344,8.32765,11.0307,16.3671
0.0448442,0.0066199,0.139881,9.06357,11.284,16.3682
0.0469019,0.00555831,0.158344,6.50153,12.5308,16.3697
0.0454944,0.0217226,0.149702,8.27676,11.2293,16.3702
0.0446387,0.0115338,0.142057,9.26734,12.1535,16.3714
0.0448128,0.00708258,0.141309,9.31648,11.5908,16.3728
0.0446441,0.0235154,0.150853,9.77178,12.8069,16.3731
0.0460858,0.00158389,0.164457,7.6698,12.3616,16.3735
0.0453608,0.0182941,0.147171,8.32982,12.8813,16.3738
0.0448225,0.0147218,0.141007,9.71391,11.3349,16.3748
0.0461747,0.0142306,0.16331,7.00767,12.9554,16.375
0.044615,0.0161099,0.146172,9.95807,12.438,16.3751
0.0447968,0.0173213,0.148321,9.79271,11.1345,16.3756
0.0460229,0.0188951,0.165212,7.09627,12.4823,16.3776
0.0462169,0.00647718,0.159387,7.04032,12.6688,16.3777
0.0448485,0.00544153,0.146258,9.24646,11.5092,16.3787
0.0455042,0.00627475,0.138724,8.18543,11.327,16.3788
0.0453183,0.0340839,0.16258,8.16427,12.7609,16.3789
0.0454643,0.0248429,0.156336,8.43223,11.9733,16.3791
0.0455938,0.0120227,0.151202,8.32204,11.3934,16.3793
0.0455104,0.00819559,0.138922,8.49965,11.1559,16.3797
0.0454723,0.00272005,0.160743,8.65421,12.8044,16.38
0.0447676,0.0150335,0.13988,9.03058,11.6535,16.38
0.0454364,0.00311319,0.160682,8.20141,12.9916,16.3819
0.0453639,0.0103114,0.160755,8.23475,12.9909,16.3823
0.0462916,0.0117713,0.158953,7.04798,11.2396,16.3824
0.0462541,0.0155736,0.159316,7.79789,11.4571,16.3827
0.0448277,0.00146424,0.141941,9.27796,11.0974,16.3831
0.0447998,0.00313532,0.137472,9.42977,11.8235,16.3834
0.0462507,0.0116382,0.16087,7.98306,11.5663,16.385
0.0460271,0.0123066,0.159771,7.91858,12.3942,16.3852
0.0454083,0.0202015,0.155109,8.60495,12.6023,16.3859
0.0454638,0.01168,0.145149,8.76303,11.427,16.3859
0.0446137,0.0101714,0.143108,9.12642,12.3639,16.3861
0.0453481,0.00352886,0.156457,8.50975,12.5615,16.3865
0.0446388,0.0115563,0.140628,9.57623,12.1407,16.3867
0.0446234,0.0180607,0.142227,9.04887,12.8671,16.3869
0.0452674,0.0406476,0.164868,8.70816,12.048,16.3869
0.0455582,0.00437122,0.138814,8.66936,11.3126,16.3872
0.0453515,0.0123193,0.143722,8.31021,12.0164,16.3892
0.0452518,0.0370953,0.157195,8.69856,12.9524,16.3897
0.0454492,0.0279216,0.153353,8.03492,11.7306,16.3903
0.0447328,0.0311904,0.145027,9.39354,11.2966,16.3904
0.0452524,0.0285047,0.15409,8.42226,12.8958,16.3913
0.045266,0.0422829,0.161173,8.66528,12.178,16.3914
0.0446919,0.00884255,0.151124,9.14394,12.146,16.3925
0.0452757,0.0398454,0.157606,8.71254,12.6907,16.393
0.04605,0.0325623,0.164953,7.49557,12.7244,16.3936
0.0462012,0.00841033,0.156094,7.54811,11.962,16.3936
0.0454797,0.0152837,0.155972,8.14886,11.7298,16.3939
0.0447916,0.0142825,0.14844,9.24295,11.8553,16.3942
0.0446914,0.0132335,0.140422,9.80218,12.1285,16.3946
0.0454988,0.00717643,0.165164,8.57608,12.9247,16.3947
0.0446329,0.0133582,0.152574,9.7128,12.6023,16.395
0.0455638,0.0160798,0.147694,8.66606,11.7168,16.3967
0.0445267,0.0227177,0.164994,9.4939,13.7536,16.397
0.0462298,0.0144703,0.154003,7.62886,11.8494,16.398
0.0461209,0.0235931,0.164803,7.29678,12.9976,16.398
0.0470398,0.003537,0.163385,6.51476,11.131,16.3982
0.0446159,0.0145266,0.149667,9.22715,12.3736,16.3984
0.0455143,0.00481313,0.16371,8.64687,12.7567,16.3992
0.0453886,0.00498882,0.141071,8.4898,12.0075,16.3994
0.04548,0.0230332,0.146577,8.80542,11.2676,16.3994
0.0445565,0.0335127,0.14788,9.68346,12.2682,16.3995
0.0454831,0.00376061,0.144309,8.72357,11.7285,16.3996
0.0446513,0.0255383,0.144143,9.30859,12.522,16.3999
0.0454379,0.00356654,0.163589,8.59753,12.4436,16.3999
0.0460941,0.0256454,0.157672,7.76839,12.0381,16.4004
0.044739,0.040289,0.152331,9.06357,11.0042,16.401
0.0452744,0.0425667,0.159872,8.8243,12.2117,16.4018
0.0455352,0.0186916,0.147018,8.68174,11.8191,16.4021
0.0454711,0.00286638,0.144371,8.94045,12.6337,16.4024
0.0447207,0.0315113,0.149498,9.43478,11.2902,16.4026
0.0455633,0.0129073,0.144828,8.90256,11.5976,16.4028
0.0439733,0.0141183,0.141107,10.0708,12.1209,16.4035
0.0460565,0.0306729,0.159619,7.59398,12.5271,16.4037
0.0447842,0.0319498,0.14589,9.15796,11.9239,16.404
0.0448262,0.0168373,0.139811,9.81261,11.6306,16.4042
0.0460152,0.0297624,0.160928,7.82695,12.5647,16.4043
0.0448105,0.00374871,0.145074,9.54125,11.7132,16.4058
0.0454716,0.0208798,0.15797,8.90486,11.7869,16.4065
0.0445625,0.00717897,0.163831,9.82472,13.0998,16.4066
0.0454399,0.0181007,0.152636,8.23023,11.7669,16.4067
0.0445573,0.0296239,0.145598,9.33098,12.1313,16.4072
0.0460657,0.0184435,0.151964,7.50299,12.7103,16.4079
0.0446186,0.0378011,0.152602,9.32276,12.3103,16.4082
0.0446258,0.034893,0.148172,9.16633,12.8789,16.4082
0.0441181,0.0212189,0.13876,10.3188,11.4522,16.4086
0.0441509,0.00800514,0.135882,10.2941,11.1692,16.4091
0.045422,0.0250585,0.16499,8.29159,12.8967,16.4101
0.0448172,0.0289931,0.148098,9.17321,11.6655,16.4102
0.0446956,0.0212437,0.153103,9.99172,12.7857,16.4105
0.0469844,0.00621101,0.165096,6.44908,12.4739,16.4107
0.0441251,0.0143658,0.137327,10.4218,11.0737,16.4107
0.044152,0.0060058,0.134398,10.1458,11.9161,16.4109
0.0440095,0.0103465,0.138527,10.8594,12.1969,16.4114
0.0454714,0.0139679,0.139966,8.43493,11.5879,16.4118
0.0470587,0.00307949,0.165753,6.49866,11.5783,16.4119
0.043983,0.0153618,0.144057,10.2846,12.4745,16.4119
0.0449151,0.00636133,0.143521,9.91431,11.356,16.412
0.0447078,0.0395471,0.146879,9.15146,11.7246,16.4125
0.0455903,0.0127456,0.146284,8.91919,11.1017,16.4125
0.0470795,0.00198807,0.158122,6.28135,11.1996,16.413
0.044802,0.000864773,0.140977,9.30868,11.7568,16.4133
0.0447651,0.0107081,0.141551,9.13924,11.2821,16.4136
0.0446775,0.023426,0.156499,9.05285,12.5924,16.4138
0.0445214,0.0178609,0.161551,9.81737,13.645,16.4145
0.0455529,0.00183676,0.134839,8.22968,11.1265,16.415
0.0439754,0.00582535,0.138754,10.9932,12.2777,16.4155
0.0445807,0.0239929,0.151241,9.90682,12.0991,16.4157
0.0460454,0.0138025,0.148316,7.00603,12.0085,16.4161
0.0453025,0.00110691,0.165055,8.46338,13.8605,16.4161
0.0462358,0.00807246,0.163589,7.03709,11.2977,16.4162
0.0454442,0.00140892,0.1664,8.85047,12.2767,16.4164
0.0470808,0.00378352,0.163248,6.60463,11.3402,16.4167
0.0447009,0.0178493,0.146713,9.93172,12.9818,16.4175
0.0463521,0.00482316,0.149563,7.20948,11.2061,16.4188
0.0453109,0.00333114,0.151882,8.91916,12.0212,16.4188
0.0438165,0.0334728,0.158107,10.7304,13.3049,16.4188
0.0459897,0.0193206,0.160256,7.94205,12.8912,16.419
0.0462381,0.0198462,0.15636,7.1603,11.6974,16.4191
0.0453273,0.0169279,0.164266,8.45158,12.5284,16.4194
0.0445487,0.00197263,0.160334,9.63561,13.7404,16.42
0.0468508,0.00912798,0.157122,6.24418,12.6164,16.4202
0.0445761,0.0176333,0.146088,9.12659,12.0221,16.4203
0.0445924,0.0174665,0.140946,9.45272,12.1255,16.4203
0.0447986,0.0194118,0.150322,9.33367,11.7183,16.4204
0.0445198,0.0447833,0.152256,9.99443,12.6619,16.4204
0.0454795,0.00855334,0.155884,8.89634,11.5436,16.4205
0.0447873,0.0084982,0.147354,9.7625,11.3177,16.4205
0.0438048,0.0379084,0.159106,10.2179,13.7562,16.4208
0.0462356,0.0082301,0.163961,7.03565,11.0559,16.4208
0.0456437,0.00241684,0.150558,8.82125,11.2087,16.4208
0.0462442,0.012983,0.146085,7.83656,11.9793,16.4208
0.0452988,0.0066269,0.164602,8.85254,13.613,16.4209
0.044557,0.0489323,0.153284,9.66167,12.2737,16.421
0.0452389,0.0454265,0.159097,8.45151,12.0542,16.421
0.0439391,0.0198415,0.14163,10.9841,12.34,16.4213
0.0448536,0.0151161,0.139622,9.81755,11.5519,16.4214
0.0447853,0.00852703,0.14672,9.70371,11.5173,16.4214
0.0447185,0.0182928,0.156956,9.04098,12.6038,16.4214
0.0441672,0.00209601,0.13914,10.5995,11.861,16.4217
0.0453095,0.00201611,0.163821,8.89076,13.8657,16.4222
0.0441945,0.00975013,0.137069,10.8578,11.6094,16.4223
0.0439214,0.0320377,0.147909,10.6992,12.7485,16.4228
0.0463336,0.00816263,0.159501,7.86638,11.4138,16.4229
0.0454438,0.0169234,0.157312,8.66243,11.219,16.4233
0.0445581,0.050774,0.158162,9.13585,12.8745,16.4234
0.0454682,0.00610638,0.150886,8.22403,11.2079,16.4241
0.046166,0.014839,0.159454,7.77413,11.3254,16.4246
0.045313,0.0364249,0.152704,8.57637,12.402,16.4247
0.0439549,0.0265895,0.147099,10.3365,12.8238,16.4247
0.0445417,0.0527287,0.156255,9.19776,12.8279,16.4248
0.0453076,0.00806239,0.165681,8.391,13.4871,16.4253
0.0445428,0.034695,0.144994,9.10475,12.2981,16.4255
0.0440523,0.0341809,0.139216,10.2115,11.4758,16.4256
0.0445515,0.0308696,0.144152,9.79655,12.5957,16.4256
0.0446275,0.0324694,0.144863,9.72517,12.7557,16.4258
0.0439914,0.00784766,0.134871,10.6839,12.3217,16.4263
0.0453984,0.0344753,0.155706,8.01907,11.0267,16.4263
0.0447374,0.0121615,0.151572,9.86934,12.2853,16.4264
0.0446445,0.015225,0.156412,9.89971,12.0766,16.4264
0.0453272,0.0387022,0.159863,8.93972,12.6782,16.4272
0.0447054,0.0487984,0.152217,9.57715,11.7187,16.4274
0.045298,0.0268066,0.146625,8.68818,12.3404,16.4276
0.0453528,0.0350244,0.160249,8.30267,12.9437,16.4278
0.0439272,0.0282619,0.1479,10.8576,12.1028,16.4278
0.0452619,0.0113528,0.164956,8.72115,13.5481,16.428
0.0446803,0.0354138,0.148287,9.31567,11.9049,16.4283
0.0439493,0.0117568,0.140325,10.1613,12.7196,16.4286
0.044086,0.0385949,0.143113,10.316,11.6626,16.4295
0.0468149,0.0103934,0.160798,6.82563,12.3236,16.4297
0.0441261,0.0230071,0.142676,10.3644,11.2077,16.4301
0.0461748,0.0052346,0.147376,7.59716,12.314,16.4302
0.0445734,0.0276297,0.154635,9.25566,12.6985,16.4302
0.0460661,0.00855263,0.144337,7.09901,12.6996,16.4303
0.044864,0.0216325,0.145544,9.58972,11.4584,16.4308
0.0469239,0.012308,0.160868,6.99033,12.4601,16.4308
0.0455625,0.0144089,0.144141,8.57344,11.0204,16.4317
0.0448035,0.0293607,0.150347,9.69284,11.0818,16.4319
0.0447159,0.0286507,0.140023,9.93843,11.5943,16.432
0.0455325,0.0267174,0.152338,8.67443,11.2688,16.4323
0.0467864,0.0125433,0.164817,6.64496,12.3171,16.4323
0.0452804,0.0121396,0.154435,8.51238,12.124,16.4325
0.0440275,0.0418815,0.145693,10.8652,11.3072,16.4326
0.0452904,0.00833087,0.147101,8.96444,12.8678,16.4329
0.0439695,0.00659474,0.144886,10.3807,12.4564,16.4332
0.0452925,0.0121885,0.141418,8.53792,12.8889,16.4336
0.0467941,0.0157832,0.166094,6.04874,12.9926,16.4337
0.0446118,0.0437932,0.158678,9.45919,12.4796,16.4337
0.043904,0.0355438,0.14928,10.7054,12.7765,16.4338
0.0447095,0.00819444,0.137819,9.86896,12.0632,16.4338
0.0460061,0.0121704,0.164289,7.17889,12.5533,16.4338
0.0446032,0.0447921,0.160121,9.55968,12.8416,16.4338
0.044548,0.0422988,0.16105,9.27471,12.7541,16.4342
0.0452213,0.038971,0.154246,8.8507,12.2443,16.4346
0.0462312,0.003498,0.15273,7.59905,12.3648,16.4347
0.0448042,0.00390243,0.148618,9.36916,11.2578,16.435
0.0460275,0.00955139,0.147584,7.3364,12.6011,16.4353
0.0460536,0.0237033,0.153307,7.03864,12.9602,16.4354
0.0445448,0.00866922,0.158435,9.12517,13.7726,16.4356
0.0438941,0.0401055,0.151025,10.0778,12.4868,16.4361
0.0445876,0.0108678,0.141795,9.75073,12.2431,16.4365
0.0445313,0.0489401,0.14952,9.93474,12.6874,16.4365
0.0462592,0.0169897,0.151367,7.00122,11.2563,16.4366
0.0446797,0.0323776,0.16095,9.66523,12.1387,16.4366
0.0439516,0.0126904,0.144811,10.8311,12.5337,16.4369
0.0452183,0.0466667,0.161999,8.09475,12.2848,16.4369
0.0446229,0.00479913,0.162458,9.24584,13.2309,16.4372
0.0446364,0.0366015,0.148749,9.70791,12.1664,16.4372
0.0460162,0.0164614,0.150251,7.97758,12.6682,16.4373
0.0448283,0.0217588,0.140648,9.28239,11.508,16.4374
0.0463933,0.00349258,0.155073,7.4014,11.9355,16.4378
0.0437689,0.0483603,0.16197,10.3837,13.2947,16.4379
0.0455395,0.00224006,0.155586,8.37429,11.5427,16.4389
0.0445534,0.0264999,0.142253,9.52334,12.9179,16.4391
0.0446721,0.0113333,0.15794,9.35398,12.0414,16.4399
0.0453867,0.0376444,0.155966,8.95574,11.8445,16.4403
0.0446406,0.0384447,0.155228,9.09329,12.0132,16.4405
0.0468002,0.0105213,0.160928,6.82604,12.2824,16.4405
0.0446392,0.0347883,0.162783,9.16174,12.0863,16.4405
0.0438135,0.0245257,0.160501,10.966,13.0951,16.4407
0.0448338,0.00495953,0.130741,9.99624,11.002,16.4411
0.0460371,0.0186373,0.149259,7.54712,12.7871,16.4411
0.0459918,0.0143016,0.15992,7.74639,12.1455,16.4414
0.0445543,0.054578,0.156114,9.3323,12.4967,16.4416
0.0461699,0.0140176,0.1529,7.91016,11.3181,16.4418
0.0462325,0.017246,0.147495,7.81277,11.423,16.4418
0.0438864,0.0288697,0.141994,10.2076,12.7953,16.4423
0.0460271,0.02575,0.153714,7.01224,12.4565,16.4429
0.0461545,0.0234144,0.163199,7.33687,11.3329,16.4429
0.044741,0.0138423,0.140296,9.48864,11.7834,16.443
0.0446926,0.0329781,0.163913,9.9504,12.6568,16.4432
0.0445349,0.0240654,0.159707,9.24449,13.4197,16.4433
0.0446536,0.0204997,0.159918,9.2479,12.211,16.4433
0.0455374,0.00584689,0.163495,8.18189,12.5849,16.4433
0.045257,0.0172454,0.154908,8.4474,12.3068,16.4439
0.0446275,0.0365277,0.163624,9.19266,12.8997,16.4439
0.0469819,0.00288096,0.157416,6.12866,11.7445,16.4442
0.0445552,0.0255805,0.141437,9.29244,12.4276,16.4446
0.0454142,0.0205546,0.146002,8.29913,11.7254,16.4449
0.0446736,0.0361592,0.164494,9.6432,12.6608,16.4449
0.0453891,0.0286391,0.15334,8.43083,11.2218,16.4459
0.0439799,0.0190998,0.137576,10.7091,12.8715,16.446
0.0439185,0.0222792,0.145557,10.16,12.3655,16.4461
0.0444891,0.0190598,0.163221,9.64478,13.3723,16.4462
0.0467837,0.00469785,0.160232,6.58673,12.7888,16.4468
0.0439492,0.0293749,0.149878,10.6691,12.5797,16.4471
0.046208,0.0160869,0.166269,7.05448,11.7988,16.4471
0.0459857,0.0150439,0.16406,7.27906,12.4188,16.4471
0.0444916,0.0190006,0.162765,9.74684,13.4487,16.4477
0.0439355,0.0295683,0.150158,10.4977,12.39,16.4479
0.0459991,0.040182,0.165131,7.13955,12.6589,16.4479
0.043812,0.0230077,0.157389,10.7437,13.549,16.4479
0.0439085,0.0288089,0.138559,10.9565,12.5338,16.448
0.0442038,0.0111135,0.137722,10.6931,11.0999,16.448
0.0439792,0.0146081,0.134953,10.6693,12.1204,16.4482
0.0453579,0.000857609,0.1362,8.8538,12.676,16.4483
0.0447661,0.00225337,0.142095,9.68052,12.8655,16.4486
0.0461711,0.0256371,0.158838,7.34336,11.5982,16.4486
0.0447456,0.015827,0.151156,9.1567,11.5756,16.449
0.045197,0.0435666,0.157055,8.72963,12.2693,16.4493
0.04386,0.0466908,0.151226,10.7894,12.075,16.4498
0.0445826,0.0217226,0.166512,9.45127,13.1175,16.4501
0.0461655,0.028638,0.163463,7.35844,11.891,16.4505
0.044473,0.0200996,0.164825,9.92168,13.487,16.4505
0.0448065,0.0106188,0.131814,9.79663,11.9183,16.4509
0.0454097,0.0138897,0.143481,8.99015,12.7554,16.4509
0.046134,0.0260317,0.163748,7.51135,12.5084,16.451
0.0445859,0.0122011,0.137546,9.78571,12.0885,16.4512
0.0439472,0.0361555,0.146081,10.8246,12.5511,16.4513
0.0446131,0.0234378,0.159532,9.19092,12.3013,16.4515
0.0448416,0.0256705,0.148278,9.66501,11.3992,16.4519
0.0446939,0.0280054,0.142903,9.01247,11.7746,16.4521
0.0439875,0.0487637,0.140824,10.2214,11.6695,16.4523
0.0447166,0.00517539,0.158943,9.69614,12.258,16.4525
0.0445829,0.0426006,0.165542,9.14639,12.0811,16.4525
0.0447226,0.00265729,0.158676,9.91419,12.8238,16.4527
0.044064,0.0356604,0.146626,10.1384,11.2532,16.4527
0.0454827,0.0189818,0.165896,8.49602,12.7718,16.4527
0.0444953,0.0618739,0.162734,9.4075,12.804,16.4527
0.0468244,0.0176195,0.161457,6.4753,12.2316,16.4528
0.0463284,0.0139439,0.154108,7.47576,11.9459,16.4532
0.043948,0.0105687,0.146438,10.5604,12.2745,16.4534
0.0438639,0.00644236,0.155713,10.4586,13.6124,16.4534
0.0447021,0.00983968,0.159855,9.1487,12.2921,16.4538
0.0446912,0.0379414,0.166059,9.57981,12.4257,16.4541
0.0461727,0.00142058,0.144149,7.69111,12.612,16.4543
0.0446629,0.0344782,0.153266,9.29497,12.7784,16.4546
0.046171,0.0265891,0.165576,7.09283,11.8999,16.4547
0.0439752,0.0317193,0.150561,10.2368,12.8131,16.4547
0.0438698,0.0543981,0.153855,10.1597,12.0502,16.4549
0.0468745,0.00792951,0.153164,6.78523,12.393,16.4554
0.0447346,0.0174098,0.150955,9.73587,11.2162,16.4556
0.0433756,0.00156895,0.132676,11.7346,12.0007,16.456
0.0447509,0.0421307,0.15305,9.25686,11.227,16.4569
0.0453654,0.0339048,0.156053,8.63776,12.7986,16.4571
0.0467755,0.00502276,0.160374,6.63737,12.4436,16.4574
0.0446631,0.0437321,0.156925,9.61286,11.4183,16.4574
0.0452067,0.0403802,0.164461,8.57665,12.0301,16.4576
0.0446589,0.0256809,0.163477,9.64186,12.9806,16.4577
0.0461925,0.0209087,0.150831,7.96928,11.633,16.4582
0.0439631,0.0511495,0.14597,10.2129,11.3782,16.4583
0.044062,0.0179445,0.133325,10.9741,11.8709,16.4587
0.0431585,0.0349193,0.155812,11.0447,13.8992,16.4591
0.0441362,0.0149726,0.132125,10.4717,11.731,16.4593
0.0451877,0.0464205,0.162171,8.65947,12.8285,16.4594
0.0444845,0.0543658,0.15892,9.45512,12.4917,16.4595
0.0462501,0.0181096,0.164461,7.18512,11.2088,16.4599
0.0439777,0.0508968,0.141573,10.2834,11.6736,16.4609
0.044017,0.0203289,0.146826,10.0443,12.8789,16.4609
0.0440052,0.0397302,0.138045,10.7379,11.3517,16.4614
0.0467988,0.00328043,0.152875,6.0282,12.5124,16.4614
0.0438688,0.00395143,0.15239,10.3993,13.9643,16.4616
0.0454434,0.0132501,0.138123,8.18852,11.6361,16.4617
0.0454677,0.0112888,0.134394,8.43362,11.6443,16.4618
0.0440366,0.012348,0.142211,10.1332,12.8753,16.4618
0.0446932,0.0130844,0.137756,9.32055,12.1686,16.4621
0.0438661,0.00784151,0.159055,10.9629,13.6363,16.4622
0.0439249,0.0169362,0.146388,10.5167,12.225,16.4624
0.0439321,0.00649445,0.140066,10.3063,12.2373,16.4625
0.0435115,0.00127738,0.127132,11.6078,11.8043,16.4627
0.0453948,0.0212047,0.156282,8.84094,11.1349,16.463
0.0462238,0.00962037,0.158075,7.67887,12.3681,16.463
0.045459,0.0174935,0.156663,8.09306,12.2054,16.463
0.0438811,0.0154176,0.163831,10.539,13.3431,16.4633
0.0441073,0.0103144,0.142496,10.2039,11.2825,16.4634
0.0439501,0.0546376,0.146854,10.358,11.5491,16.4636
0.0447708,0.00307722,0.130858,9.27782,11.1889,16.4636
0.0455225,0.0192743,0.14215,8.017,11.2856,16.4638
0.0447408,0.0287602,0.165741,9.73374,12.3966,16.4644
0.0461759,0.0029797,0.154534,7.88728,11.0311,16.4646
0.0459982,0.0423584,0.165689,7.38462,12.2531,16.4648
0.0445722,0.0125869,0.138339,9.3888,12.5038,16.465
0.0440519,0.0232597,0.142392,10.7984,11.6612,16.465
0.044641,0.00472587,0.133932,9.8852,12.741,16.465
0.0461896,0.028749,0.164243,7.63179,11.5173,16.4653
0.0440115,0.0559668,0.1456,10.7662,11.1758,16.4657
0.0452912,0.0380631,0.150482,8.88741,12.6657,16.4661
0.0438655,0.032963,0.138814,10.2735,12.0627,16.4663
0.043852,0.0631773,0.15414,10.3976,12.6045,16.4663
0.0460028,0.0153588,0.147226,7.54103,12.1452,16.4665
0.0432745,0.0349162,0.142748,11.406,12.0511,16.4667
0.0431455,0.0449257,0.157326,11.6404,13.1447,16.4667
0.0445296,0.0124129,0.157108,9.98811,13.2714,16.4668
0.0438536,0.0543448,0.147231,10.4477,12.4897,16.4668
0.0453619,0.0439169,0.159201,8.29213,11.5126,16.4669
0.0455074,0.021221,0.141999,8.33686,11.2213,16.4669
0.0440311,0.00922512,0.149021,10.2048,12.8947,16.4672
0.0444607,0.0387749,0.16253,9.23298,13.3713,16.4672
0.0439841,0.0150648,0.150136,10.28,12.3536,16.4674
0.0439149,0.00889216,0.158035,10.5398,13.0737,16.4674
0.0439173,0.00752131,0.135623,10.0581,12.8322,16.4674
0.0438371,0.045138,0.141392,10.3195,12.7558,16.4676
0.0451954,0.0504499,0.159267,8.85712,12.4109,16.4677
0.0454028,0.0393665,0.151738,8.39472,11.7122,16.4681
0.0441904,0.00675541,0.131582,10.525,11.6247,16.4682
0.0460044,0.00856134,0.165968,7.82849,12.0222,16.4683
0.0447324,0.0155363,0.152145,9.57191,11.3446,16.4685
0.0439381,0.0418964,0.147367,10.251,12.6241,16.4685
0.0444896,0.0427555,0.14733,9.28704,12.8497,16.4688
0.0454479,0.012747,0.145772,8.76781,12.8365,16.469
0.0444859,0.0432917,0.148166,9.56341,12.344,16.469
0.0438219,0.0574467,0.153661,10.0039,12.0665,16.4692
0.0433538,0.00537049,0.131323,11.018,12.5895,16.4692
0.0471038,0.00426113,0.157944,6.06546,11.1504,16.4694
0.0447892,0.010641,0.130626,9.25741,11.7224,16.4696
0.0439237,0.0458029,0.154665,10.6028,12.7083,16.4696
0.044765,0.00431566,0.130677,9.53969,11.4248,16.4699
0.0447477,0.00733158,0.140235,9.70728,11.2556,16.4701
0.0433754,0.00828888,0.135208,11.8322,12.5674,16.4702
0.0446054,0.0336086,0.165034,9.53928,12.2166,16.4703
0.0439496,0.0291774,0.137973,10.4249,12.11,16.4703
0.0448026,0.0367214,0.149135,9.69093,11.115,16.4703
0.0452291,0.0220458,0.155643,8.36742,12.8986,16.4704
0.0446064,0.0179261,0.158914,9.02659,12.357,16.4705
0.0462135,0.00485341,0.139468,7.60971,11.1491,16.4706
0.044081,0.0243102,0.131946,10.8015,11.9528,16.4709
0.0446361,0.0204705,0.162005,9.75816,12.6484,16.471
0.0459558,0.0346173,0.162207,7.12707,12.0288,16.471
0.0433567,0.00804766,0.138284,11.594,12.6867,16.4711
0.0438762,0.00810576,0.160751,10.5429,13.046,16.4714
0.0445565,0.0290665,0.139239,9.59384,12.3584,16.4714
0.0440225,0.0298733,0.143114,10.6386,11.9558,16.4717
0.0454621,0.0146623,0.159877,8.03026,11.9078,16.4718
0.044002,0.0138248,0.150373,10.1994,12.8442,16.4718
0.0462072,0.00276673,0.164564,7.9371,11.7886,16.4719
0.0438373,0.0402937,0.140671,10.2222,12.6439,16.472
0.0438608,0.00333424,0.158531,10.5138,13.3155,16.4721
0.0440898,0.00603025,0.129483,10.9304,11.0547,16.4722
0.0462223,0.00172784,0.136655,7.14158,11.3456,16.4728
0.0445613,0.0262869,0.162004,9.14584,13.2733,16.4729
0.0461883,0.0200598,0.165159,7.59584,12.8522,16.4731
0.0431303,0.0486038,0.160332,11.9844,13.7581,16.4731
0.0448557,0.00510626,0.130253,9.8334,11.5624,16.4731
0.046144,0.012863,0.157646,7.92079,11.7307,16.4732
0.0434299,0.0259396,0.131261,11.4713,11.4516,16.4732
0.0452325,0.0371457,0.147537,8.27938,12.1052,16.4734
0.0459883,0.00940988,0.15467,7.69132,12.6938,16.4737
0.0447059,0.0476388,0.156109,9.28409,11.5164,16.4737
0.0460072,0.00371444,0.14288,7.16729,12.7303,16.4738
0.0440133,0.0241526,0.148814,10.9422,12.6598,16.4739
0.0437757,0.0273827,0.15868,10.1087,13.5204,16.4741
0.0452726,0.046487,0.154797,8.76856,12.7596,16.4743
0.0438263,0.0135186,0.153913,10.4342,13.0654,16.4745
0.0444785,0.0494716,0.156256,9.21152,12.8143,16.4749
0.0437902,0.0215375,0.158557,10.7632,13.9954,16.4751
0.0434673,0.00835173,0.126511,11.6283,11.6662,16.4752
0.043137,0.050044,0.159457,11.8586,13.4722,16.4754
0.0459605,0.0410071,0.164767,7.21194,12.3747,16.4755
0.0452838,0.00877982,0.134701,8.89091,12.1406,16.4757
0.0448976,0.00745428,0.136153,9.61551,11.2822,16.4757
0.0460101,0.020183,0.147442,7.08299,12.0899,16.4758
0.0430941,0.059336,0.158811,11.0504,13.4525,16.4759
0.0452345,0.0235222,0.143745,8.73731,12.2261,16.4765
0.044066,0.00338561,0.149866,10.9295,12.7048,16.4767
0.0467466,0.0119642,0.166341,6.20173,12.4764,16.477
0.0453882,0.0412559,0.1524,8.25697,11.6913,16.4771
0.0461843,0.0025764,0.162675,7.34835,11.2342,16.4773
0.0437954,0.071314,0.159216,10.3259,12.9657,16.4774
0.0440967,0.0368504,0.138608,10.7205,11.283,16.4775
0.0460281,0.00229031,0.166323,7.70001,12.3868,16.4778
0.0444726,0.062233,0.163791,9.78159,12.5051,16.4779
0.0446439,0.0299178,0.141768,9.49323,12.7806,16.478
0.0447057,0.0534192,0.154518,9.37552,11.9758,16.4783
0.04522,0.0575155,0.165033,8.42237,12.35,16.4784
0.0445874,0.0232715,0.137465,9.88179,12.3076,16.4784
0.0459275,0.030741,0.165634,7.53722,12.7723,16.4785
0.0433899,0.0289077,0.13215,11.7181,11.1763,16.4787
0.0439679,0.0069034,0.149797,10.0434,12.805,16.4788
0.0438789,0.0604389,0.156206,10.5419,12.5401,16.4788
0.0437163,0.0526839,0.164667,10.0927,13.1849,16.479
0.0434448,0.0214741,0.133379,11.8313,11.8549,16.4791
0.0439259,0.0089141,0.142759,10.5366,12.8764,16.4792
0.0438132,0.0586638,0.147269,10.6453,12.025,16.4793
0.0438998,0.0523919,0.1581,10.5741,12.6627,16.4796
0.0454922,0.0335041,0.150332,8.03236,11.8614,16.4796
0.0439329,0.0356502,0.155029,10.9652,12.9153,16.4796
0.0448335,0.00447649,0.162215,9.83466,12.7879,16.4797
0.0451821,0.0426456,0.163763,8.89388,12.5967,16.4798
0.0430487,0.0750425,0.166404,11.0322,13.2439,16.48
0.0432773,0.0390436,0.143878,11.5232,12.5151,16.4801
0.0461218,0.0260824,0.162302,7.32928,11.8703,16.4802
0.0432578,0.0358291,0.142464,11.0845,12.2587,16.4802
0.04331,0.0160177,0.141157,11.8352,12.345,16.4805
0.0438956,0.0262852,0.148934,10.9052,12.6297,16.4806
0.0445387,0.0231891,0.139927,9.84984,12.3791,16.481
0.0442057,0.00147757,0.129573,10.4239,11.3947,16.481
0.044062,0.00319501,0.133917,10.7896,12.7095,16.4811
0.0446017,0.0355561,0.142434,9.43911,12.1867,16.4812
0.0467907,0.0175113,0.160811,6.22417,12.0885,16.4813
0.0444482,0.0252427,0.164536,9.35591,13.0505,16.482
0.0446664,0.0478841,0.15784,9.50042,11.1628,16.4826
0.0432793,0.0387248,0.143272,11.355,12.0439,16.4826
0.0439727,0.0605791,0.143285,10.2369,11.1499,16.4827
0.0460872,0.0126159,0.145219,7.9833,12.0909,16.4828
0.0440413,0.0208202,0.136844,10.0093,11.337,16.4829
0.0440963,0.0415479,0.144789,10.6692,11.6139,16.483
0.0446632,0.0333612,0.14723,9.23181,11.6011,16.4835
0.045332,0.0454657,0.162852,8.5184,11.1702,16.4835
0.0454891,0.0358381,0.158114,8.13903,11.1848,16.4836
0.0446342,0.00725745,0.158824,9.00805,13.941,16.484
0.0460149,0.00720579,0.13927,7.3977,12.041,16.484
0.0448592,0.0050729,0.16582,9.41707,12.5754,16.484
0.0432501,0.0357517,0.141096,11.9342,12.2653,16.4846
0.0437933,0.0666325,0.152871,10.7797,12.4356,16.4847
0.0445863,0.00814429,0.132859,9.79311,12.4606,16.4848
0.0438559,0.0439568,0.154123,10.0452,12.6919,16.485
0.0433034,0.00929217,0.133486,11.6725,12.5121,16.485
0.0438226,0.0631893,0.160577,10.7045,12.0753,16.4851
0.0447641,0.00482334,0.127683,9.60761,11.2511,16.4853
0.0439346,0.00105289,0.157465,10.0346,13.4552,16.4855
0.0439608,0.0426378,0.158239,10.1138,12.631,16.4857
0.0438559,0.0367137,0.163732,10.192,13.1014,16.486
0.0462612,0.024561,0.161924,7.72965,11.959,16.4861
0.0455677,0.00385783,0.133517,8.69688,11.5051,16.4864
0.0440428,0.0275477,0.132087,10.8778,11.2456,16.4865
0.0455351,0.00264767,0.153446,8.11288,12.0028,16.4866
0.0439125,0.0464761,0.143214,10.6736,12.0416,16.4866
0.0437692,0.0287323,0.157057,10.6495,13.4547,16.4867
0.0433718,0.0379304,0.136514,11.2746,11.4376,16.4868
0.0439643,0.0435668,0.158931,10.1652,12.5543,16.4868
0.0439243,0.0511013,0.154132,10.8137,12.3863,16.4872
0.0439568,0.0455405,0.157994,10.896,12.1566,16.4873
0.0440323,0.0487204,0.13994,10.9457,11.611,16.4874
0.0447244,0.0100989,0.148454,9.09996,11.3347,16.4874
0.0446464,0.0263199,0.139821,9.4152,12.7132,16.4878
0.0451943,0.0544925,0.157619,8.86045,12.7634,16.488
0.0459432,0.0301444,0.158403,7.20388,12.0289,16.4882
0.0440463,0.0399644,0.148345,10.2953,11.3734,16.4882
0.0430569,0.077997,0.165134,11.6601,13.3208,16.4883
0.0430975,0.051004,0.159212,11.103,13.9391,16.4884
0.0446465,0.0452875,0.160406,9.15118,12.5632,16.4886
0.0437976,0.0617297,0.152078,10.8363,12.447,16.4888
0.0438592,0.0627446,0.150694,10.7308,12.8971,16.4889
0.0440209,0.0569448,0.145168,10.9556,11.3043,16.489
0.0447305,0.012159,0.138406,9.03603,12.3586,16.4891
0.0447795,0.0292945,0.138046,9.48656,11.7074,16.4895
0.0448396,0.00713484,0.162892,9.45857,12.6969,16.4898
0.0432281,0.0539205,0.146179,11.0159,12.3684,16.4899
0.0430629,0.0651563,0.164705,11.9656,13.0986,16.49
0.0444524,0.0564674,0.1663,9.63281,13.0933,16.4902
0.0454088,0.0136715,0.145582,8.60631,11.792,16.4903
0.0446016,0.0152731,0.159695,9.54641,12.0462,16.4904
0.0459525,0.0274647,0.155495,7.96263,12.054,16.4905
0.043987,0.0371551,0.154392,10.7009,12.0648,16.4905
0.0454912,0.0379141,0.156275,8.07367,11.8377,16.4908
0.0446366,0.043207,0.147004,9.44849,11.225,16.4908
0.0446551,0.0469237,0.158486,9.75354,11.5912,16.4908
0.0453723,0.0183167,0.142148,8.24664,12.2656,16.4911
0.0438159,0.0154025,0.166488,10.5331,13.3785,16.4914
0.0439795,0.0383833,0.158593,10.7202,12.5833,16.4916
0.046121,0.0274788,0.160166,7.70432,11.4122,16.4916
0.0440594,0.012071,0.13771,10.0947,11.1861,16.4917
0.0439184,0.064637,0.150253,10.9807,11.0124,16.4917
0.0438472,0.0668821,0.162329,10.3915,12.6621,16.4918
0.04341,0.0357362,0.133416,11.9974,11.962,16.4919
0.0447009,0.0230854,0.144091,9.32922,12.7288,16.4922
0.0439225,0.0339091,0.156769,10.8748,12.9317,16.4922
0.0461725,0.0295769,0.157588,7.01429,11.8766,16.4926
0.0459648,0.0417639,0.162626,7.51517,12.8845,16.4926
0.0451939,0.0311487,0.14929,8.85102,12.6967,16.4929
0.0437712,0.05716,0.161299,10.9838,13.3715,16.4929
0.0442088,0.0141695,0.138287,10.867,11.1826,16.493
0.0439717,0.0335091,0.156991,10.6889,12.8913,16.493
0.0431603,0.0432665,0.154478,11.7162,13.8821,16.4931
0.0439355,0.00700348,0.160799,10.2466,13.8176,16.4931
0.045216,0.0218752,0.146976,8.14172,12.9371,16.4935
0.0439239,0.0125764,0.153963,10.6632,13.8241,16.4936
0.0447438,0.00514025,0.135389,9.70841,11.4529,16.4936
0.0431084,0.0443228,0.15381,11.046,13.0642,16.4939
0.045543,0.0298719,0.153626,8.01318,11.922,16.4942
0.045431,0.00539987,0.141005,8.23422,11.0927,16.4945
0.0461827,0.0194685,0.160303,7.81357,12.0539,16.4945
0.0452016,0.0292426,0.165798,8.49447,13.4453,16.4946
0.0440295,0.0235679,0.134162,10.6642,11.1736,16.4947
0.0452925,0.00479858,0.159419,8.90193,13.3022,16.4948
0.0444773,0.00635762,0.166388,9.2318,13.3327,16.4949
0.0454531,0.0175084,0.151883,8.36765,12.5131,16.4951
0.0444355,0.0377221,0.16262,9.19496,13.0835,16.4951
0.0431056,0.0444995,0.157458,11.7061,13.3554,16.4951
0.0454194,0.0273767,0.157318,8.52313,12.9539,16.4955
0.0431141,0.0505112,0.164839,11.7592,13.8597,16.4957
0.0430604,0.0691957,0.160978,11.628,13.5052,16.4957
0.0459824,0.0359438,0.156414,7.82367,12.1725,16.496
0.0438603,0.0444967,0.139022,10.1408,12.0675,16.496
0.0441983,0.00409259,0.140974,10.2196,11.1478,16.4961
0.0448256,0.00500906,0.156892,9.59331,12.2786,16.4963
0.044647,0.0497662,0.146196,9.20715,11.9834,16.4964
0.0439133,0.0204582,0.16509,10.3348,13.6876,16.4965
0.0440345,0.0190934,0.15605,10.7045,12.8272,16.4967
0.0452406,0.0271648,0.165146,8.73906,13.9278,16.4969
0.044111,0.0057709,0.126494,10.8012,11.4959,16.497
0.0452121,0.0285077,0.165272,8.65423,13.0414,16.4971
0.043978,0.0154898,0.155176,10.5563,12.1721,16.4972
0.0453732,0.0309001,0.150059,8.85508,12.2536,16.4972
0.0446917,0.00464072,0.16372,9.53937,12.8449,16.4972
0.0440957,0.00558141,0.14323,10.6946,11.2963,16.4973
0.0454063,0.0360272,0.145828,8.48122,11.3699,16.4974
0.0468632,0.00926335,0.151095,6.56082,12.5609,16.4977
0.0440659,0.0121268,0.146801,10.0663,12.6637,16.4978
0.0469057,0.0196746,0.164638,6.96572,12.0972,16.4978
0.0433574,0.0450526,0.133444,11.366,11.0055,16.4981
0.0432183,0.0463038,0.142992,11.0323,12.7662,16.4982
0.0439824,0.0441419,0.136956,10.351,11.7557,16.4983
0.0435459,0.00547839,0.133321,11.4223,11.8474,16.4986
0.0432671,0.0303644,0.145796,11.59,12.1042,16.4987
0.043953,0.0198705,0.155009,10.0035,12.3489,16.4987
0.0446804,0.0255559,0.144361,9.85095,11.0486,16.4987
0.0438618,0.0124722,0.148144,10.6553,13.774,16.499
0.0439762,0.0412617,0.139868,10.6107,11.265,16.4991
0.0439199,0.00100609,0.131129,10.6834,12.1162,16.4992
0.0461045,0.0158006,0.147501,7.08987,12.9614,16.4994
0.0430537,0.0814493,0.166163,11.9858,13.2289,16.4995
0.0440661,0.013845,0.154483,10.082,12.6401,16.4995
0.0454988,0.0227836,0.140301,8.73364,11.4547,16.4997
0.044064,0.0165964,0.12901,10.8071,11.6789,16.4997
0.0439603,0.0398936,0.159705,10.3153,12.208,16.4998
0.0440109,0.0556964,0.14194,10.209,11.798,16.4999
0.04325,0.0327746,0.145182,11.5935,12.3658,16.5
0.0446386,0.0512084,0.147292,9.42294,11.0793,16.5
0.0452054,0.0270464,0.145512,8.26681,12.3301,16.5002
0.0431799,0.0376882,0.163356,11.4531,13.0294,16.5003
0.0461725,0.00386678,0.143735,7.46877,12.9904,16.5006
0.0430685,0.0591029,0.161698,11.7517,13.1706,16.501
0.0445845,0.0220877,0.13545,9.7158,12.011,16.501
0.0431323,0.0346641,0.147832,11.6536,13.8492,16.5011
0.0447772,0.0399004,0.14521,9.29017,11.3558,16.5011
0.0451719,0.0492531,0.156053,8.8398,12.8503,16.5013
0.0431937,0.0635782,0.149589,11.0669,12.7272,16.5015
0.0446178,0.0516275,0.14949,9.41302,11.7667,16.5016
0.0439415,0.0454516,0.16115,10.8918,12.2745,16.5016
0.0453182,0.00756891,0.161836,8.05334,13.4345,16.5017
0.0439259,0.0541442,0.163835,10.3669,12.5654,16.502
0.0432388,0.0363937,0.144466,11.1837,12.1745,16.502
0.0437172,0.0675572,0.161819,10.2205,13.2026,16.502
0.0444351,0.0301159,0.163567,9.81494,13.0585,16.5021
0.0448132,0.0171042,0.164185,9.48306,12.4567,16.5025
0.044013,0.0258598,0.158236,10.4869,12.5954,16.5025
0.0434022,0.0235262,0.135086,11.0495,11.3975,16.5026
0.0440953,0.00703052,0.144489,10.5842,11.8453,16.5026
0.0439174,0.049774,0.161923,10.7277,12.1866,16.5028
0.0432182,0.0271236,0.13294,11.2931,12.7755,16.5029
0.0440398,0.0420411,0.149082,10.3956,11.4922,16.503
0.0440722,0.0138278,0.154017,10.4183,12.964,16.5035
0.0444926,0.0670308,0.157386,9.40787,12.9331,16.5035
0.0432583,0.0296268,0.146661,11.4213,12.9508,16.5036
0.0438469,0.0451861,0.138663,10.0944,12.8408,16.5037
0.0438226,0.0371167,0.140059,10.2082,12.6735,16.5037
0.0437875,0.0581786,0.149105,10.9904,12.7969,16.504
0.0452295,0.00290621,0.164834,8.31932,13.9904,16.504
0.0437839,0.0497219,0.157322,10.4429,13.5354,16.5041
0.0446352,0.058955,0.150664,9.09798,11.6572,16.5041
0.0462787,0.00750686,0.164929,7.31532,12.8952,16.5042
0.0438571,0.00120926,0.15094,10.7379,13.3409,16.5043
0.0439161,0.0221239,0.163944,10.3249,13.4755,16.5043
0.043227,0.0381997,0.142489,11.0273,12.6931,16.5043
0.0461347,0.00980863,0.153471,7.48271,11.6312,16.5045
0.0440517,0.0143018,0.142985,10.0423,11.9821,16.5046
0.0447404,0.0113891,0.138668,9.62732,12.492,16.5047
0.0444531,0.060321,0.163393,9.56743,12.6346,16.5047
0.043207,0.0342367,0.135388,11.541,12.0274,16.5047
0.0438139,0.0469573,0.160081,10.4311,13.775,16.505
0.0459074,0.03995,0.166203,7.66539,12.0895,16.505
0.0459065,0.0341369,0.163309,7.12822,12.8344,16.505
0.0471295,0.00140807,0.154109,6.91556,11.3958,16.5051
0.0432003,0.0513509,0.144676,11.8653,12.9841,16.5052
0.0435243,0.0142032,0.134059,11.8421,11.8791,16.5053
0.0440101,0.0538945,0.140149,10.2029,11.2129,16.5054
0.044779,0.0114349,0.152235,9.43494,11.5952,16.5055
0.0439427,0.0513766,0.156173,10.1767,12.4948,16.5056
0.0439368,0.0225483,0.155381,10.8596,12.8837,16.5057
0.0453205,0.00903492,0.134452,8.60588,12.1979,16.506
0.0454471,0.0299125,0.141766,8.73085,11.4305,16.5061
0.0438121,0.021567,0.150302,10.8813,13.7039,16.5061
0.0459348,0.0288421,0.155856,7.68378,12.0635,16.5062
0.0434541,0.0118709,0.135248,11.1904,11.7162,16.5063
0.0453637,0.00466351,0.164141,8.456,13.6222,16.5063
0.0447379,0.0321405,0.136279,9.30932,11.1541,16.5063
0.0446217,0.00133878,0.129575,9.09343,12.1478,16.5065
0.0438643,0.0675378,0.161458,10.4957,12.0518,16.5066
0.0439097,0.0209279,0.157958,10.69,13.2707,16.5066
0.0445245,0.0172049,0.154908,9.29264,13.7856,16.5067
0.0446252,0.0231243,0.166104,9.55823,12.8787,16.5069
0.044628,0.0601047,0.151648,9.85779,11.6959,16.507
0.0448081,0.00259304,0.149279,9.73667,12.4768,16.507
0.0441148,0.00192887,0.157403,10.2059,12.3274,16.5072
0.0459623,0.0106909,0.152723,7.14758,12.5856,16.5073
0.0439125,0.0222762,0.161746,10.5938,13.4533,16.5078
0.0440506,0.0140419,0.133857,10.1456,11.5142,16.5078
0.0445166,0.0491308,0.144165,9.38299,12.775,16.5079
0.0424507,0.0738674,0.159392,12.1248,13.5386,16.508
0.0438167,0.070449,0.165576,10.5528,12.9871,16.5081
0.0432297,0.020623,0.131359,11.9386,12.6555,16.5082
0.0441477,0.00190828,0.163,10.7125,12.6608,16.5082
0.0440811,0.0125887,0.151757,10.5531,12.0091,16.5084
0.0440197,0.011164,0.132591,10.5623,12.959,16.5085
0.0461233,0.0170994,0.165809,7.08703,11.2747,16.5086
0.0438412,0.0322319,0.13633,10.4473,12.3086,16.5087
0.0444064,0.0374789,0.165428,9.21485,13.3714,16.509
0.0470972,0.00467609,0.154077,6.3184,11.3931,16.5091
0.0459286,0.0402491,0.163686,7.30345,12.0258,16.5091
0.0432431,0.0482751,0.141884,11.5575,12.6585,16.5091
0.0431479,0.0348818,0.162485,11.1279,13.7464,16.5092
0.0440028,0.0307641,0.145582,10.0518,11.1471,16.5093
0.0436611,0.0625576,0.164034,10.9789,13.2449,16.5099
0.0432683,0.013112,0.128447,11.8327,12.4838,16.51
0.0438646,0.0261963,0.145161,10.2897,12.3567,16.5102
0.0445244,0.0230162,0.150863,9.51914,12.5095,16.5102
0.044054,0.0224698,0.163917,10.5529,12.4942,16.5102
0.0439236,0.0181612,0.131981,10.1279,12.8509,16.5103
0.0461423,0.00515649,0.144298,7.36599,11.8364,16.5104
0.0439153,0.0255039,0.166387,10.3737,13.7091,16.5104
0.0444433,0.0663892,0.162226,9.29956,12.6256,16.5107
0.044852,0.00322082,0.158856,9.72417,12.2132,16.5109
0.0440052,0.0476568,0.166371,10.4642,12.9374,16.511
0.0440319,0.0271766,0.14739,10.8856,11.2063,16.511
0.0453586,0.0393164,0.158134,8.32118,12.3866,16.5111
0.0432146,0.0154433,0.155138,11.7484,13.717,16.5114
0.0461767,0.0283018,0.1526,7.20515,11.5938,16.5115
0.0440072,0.0215285,0.159115,10.9812,12.7045,16.5119
0.0435128,0.00476502,0.124921,11.6264,11.2201,16.5119
0.0430646,0.0692961,0.158914,11.9973,13.338,16.512
0.044031,0.0134002,0.158586,10.3512,12.8492,16.512
0.0440717,0.00576683,0.160647,10.8581,12.1278,16.512
0.0434219,0.0220729,0.127696,11.617,11.7112,16.5121
0.0445278,0.0311239,0.158178,9.75335,12.7194,16.5121
0.0440325,0.0252495,0.162451,10.2402,12.6113,16.5122
0.0454044,0.0191667,0.137572,8.85893,11.1597,16.5124
0.0432208,0.0292807,0.137687,11.8201,12.4038,16.5125
0.0440088,0.0265628,0.160727,10.8811,12.4381,16.5125
0.0432995,0.0425846,0.148949,11.1379,12.7112,16.5126
0.045439,0.00468944,0.138449,8.9353,12.4875,16.5127
0.0446478,0.0380469,0.142166,9.02905,11.8352,16.5128
0.0438604,0.0298072,0.134063,10.1387,12.5945,16.513
0.0447592,0.0199791,0.131245,9.04803,11.8119,16.5131
0.0431357,0.0576996,0.161617,11.1791,13.236,16.5132
0.0437582,0.0664918,0.147999,10.0651,12.907,16.5134
0.0440131,0.0250344,0.141007,10.0643,11.0256,16.5135
0.0433996,0.0181943,0.132531,11.2085,11.4815,16.5135
0.0437215,0.0537791,0.157424,10.0323,13.2148,16.5138
0.0444569,0.0475917,0.145793,9.34338,12.5961,16.5141
0.0439821,0.0464643,0.151075,10.9492,11.4793,16.5144
0.0437818,0.0577225,0.149913,10.5064,12.9872,16.5145
0.0434479,0.0282626,0.130296,11.0701,11.2837,16.5145
0.0460042,0.0178994,0.142162,7.00456,12.082,16.5146
0.0432327,0.0495752,0.141537,11.0831,12.536,16.5146
0.0461239,0.0135767,0.149631,7.61952,11.517,16.5147
0.0440348,0.0364356,0.164258,10.0601,12.8607,16.5149
0.0452526,0.00407201,0.137956,8.77337,12.351,16.515
0.0439088,0.00583841,0.141136,10.0624,12.2177,16.5152
0.0445986,0.052954,0.152242,9.08405,11.4032,16.5152
0.0453686,0.0014791,0.132993,8.18009,12.4639,16.5157
0.0469275,0.00463693,0.163572,6.04221,11.3175,16.516
0.0459888,0.00161425,0.156347,7.03639,12.5511,16.5161
0.0446909,0.0205593,0.135301,9.12125,11.2809,16.5161
0.0432227,0.0604958,0.147699,11.3129,12.5523,16.5163
0.0440358,0.0148297,0.143161,10.5731,11.3775,16.5166
0.0440305,0.0175099,0.14369,10.1027,11.4535,16.5167
0.0453776,0.0195094,0.151121,8.37629,11.2962,16.5168
0.0446315,0.0455528,0.144863,9.80934,11.19,16.5169
0.0430798,0.0636147,0.156351,11.0463,13.53,16.517
0.0440879,0.00262023,0.137789,10.7669,12.9284,16.5173
0.0467155,0.016504,0.162733,6.36496,12.8248,16.5174
0.0456169,0.00422182,0.155018,8.23194,11.1986,16.5175
0.0467811,0.00236393,0.147046,6.35048,12.6173,16.5176
0.0445807,0.0293964,0.165884,9.98949,13.3285,16.5178
0.0431652,0.0644752,0.153069,11.5505,12.7478,16.518
0.0431783,0.0444815,0.138581,11.9218,12.8134,16.5182
0.0440201,0.0285202,0.147566,10.3,11.095,16.5185
0.0437546,0.0311815,0.155189,10.7922,13.9118,16.5186
0.0459521,0.0146819,0.164545,7.42143,12.0128,16.5189
0.0434001,0.0381732,0.140083,11.705,11.1826,16.5189
0.0437994,0.0440236,0.140922,10.7055,12.7639,16.519
0.0447,0.013534,0.147856,9.71004,11.5248,16.5191
0.0440832,0.0429533,0.138519,10.6088,11.857,16.5193
0.0439372,0.0162649,0.160561,10.3125,13.8885,16.5195
0.0440184,0.0390456,0.160071,10.8925,12.363,16.5197
0.0454053,0.0100247,0.148567,8.62065,11.5633,16.5198
0.0439904,0.0331619,0.137494,10.8794,11.6481,16.5202
0.0433441,0.00791351,0.14233,11.5723,12.674,16.5202
0.0470062,0.00425585,0.146661,6.34884,11.1573,16.5205
0.0441033,0.00567827,0.147795,10.6669,12.8099,16.5206
0.0451857,0.0546639,0.154737,8.38071,12.6759,16.5208
0.0446647,0.0431178,0.158684,9.88912,12.6337,16.5209
0.0446473,0.00606666,0.162407,9.77827,12.1474,16.5209
0.0453965,0.040665,0.146393,8.96339,11.6777,16.521
0.0431409,0.026597,0.16021,11.9679,13.493,16.5211
0.0431696,0.0308651,0.146625,11.0833,13.567,16.5212
0.0440005,0.0468721,0.135639,10.0874,11.1299,16.5213
0.0460426,0.0201149,0.145659,7.38294,12.7358,16.5214
0.0445357,0.0585118,0.151097,9.82417,12.4884,16.5217
0.0441307,0.00392558,0.157402,10.4129,12.1562,16.5218
0.0425171,0.0499908,0.1544,12.8256,13.0412,16.522
0.0461939,0.00287373,0.132752,7.49166,11.4814,16.5223
0.0433134,0.0603094,0.142392,11.2848,11.3715,16.5225
0.0433998,0.0464017,0.141219,11.0817,11.3003,16.5227
0.0469328,0.00111509,0.164066,6.67086,11.6276,16.5227
0.0440033,0.0300463,0.146913,10.5459,11.8331,16.5228
0.0440128,0.0226219,0.142492,10.0534,11.4821,16.523
0.0433149,0.0286294,0.148021,11.8712,12.5636,16.523
0.0446677,0.033433,0.145917,9.32715,12.8034,16.5231
0.0444484,0.0595039,0.164419,9.374,12.814,16.5232
0.0433824,0.0140387,0.138369,11.795,12.0252,16.5233
0.0440177,0.0557593,0.150728,10.6056,11.3674,16.5234
0.0431318,0.0298879,0.162053,11.3595,13.8863,16.5234
0.0451239,0.0540785,0.164103,8.96292,12.8294,16.5235
0.0447948,0.0228103,0.133352,9.56801,11.2521,16.5236
0.0430742,0.0591918,0.153705,11.1562,13.9258,16.5236
0.0459187,0.0222635,0.152567,7.39361,12.1616,16.5241
0.0455577,0.00474368,0.157572,8.51223,12.5296,16.5242
0.0460314,0.0375296,0.157381,7.92223,12.1065,16.5242
0.0439897,0.027221,0.163583,10.2686,12.1304,16.5242
0.0444245,0.0639755,0.160869,9.27932,12.1712,16.5242
0.0432071,0.00743558,0.148757,11.8973,13.293,16.5243
0.0459425,0.0147631,0.157691,7.25965,12.586,16.5245
0.0439337,0.0161542,0.155062,10.7837,12.3725,16.5246
0.0439724,0.0378532,0.143511,10.2542,11.2148,16.5247
0.0438495,0.0576741,0.143056,10.2542,12.5355,16.5249
0.0431522,0.0590095,0.166145,11.8052,13.9643,16.5251
0.0446878,0.0318557,0.133704,9.09286,11.3342,16.5251
0.0440418,0.0135058,0.13711,10.0031,11.3121,16.5251
0.0454204,0.000903922,0.134997,8.52954,11.4019,16.5252
0.0445712,0.0550968,0.151307,9.87062,12.5115,16.5255
0.0431754,0.0759329,0.152835,11.4599,12.1268,16.5255
0.0469188,0.0112717,0.159367,6.30546,11.2012,16.5256
0.044459,0.0695795,0.154521,9.82064,12.1802,16.5259
0.0431306,0.0776084,0.156349,11.9095,12.01,16.526
0.0438834,0.0502502,0.140904,10.1328,12.0635,16.5262
0.0440139,0.0406744,0.159998,10.8566,12.2866,16.5262
0.043959,0.052753,0.159505,10.156,12.2833,16.5262
0.0431673,0.0542176,0.141959,11.5176,12.332,16.5263
0.0439866,0.0296184,0.164889,10.2666,12.033,16.5263
0.0453941,0.0126269,0.146518,8.89539,11.5918,16.5264
0.0461747,0.0213864,0.145477,7.77701,11.3821,16.5266
0.0431626,0.0504413,0.159538,11.1286,13.6871,16.5267
0.0453277,0.042379,0.15464,8.36747,11.1154,16.5267
0.0438567,0.0189798,0.137476,10.2836,12.9076,16.5268
0.0445204,0.0233247,0.134305,9.37351,12.4235,16.527
0.0439423,0.0726062,0.147885,10.1092,11.8364,16.527
0.044532,0.0459145,0.142341,9.67902,12.2756,16.5271
0.0439058,0.0216787,0.155189,10.6638,12.8325,16.5272
0.0439685,0.0388703,0.147187,10.501,11.9504,16.5274
0.0445,0.0682594,0.156848,9.65147,12.8265,16.5275
0.0424651,0.0630263,0.161893,12.592,13.4909,16.5276
0.0445966,0.0424225,0.143552,9.11519,12.1414,16.5276
0.0438168,0.0609866,0.163003,10.641,12.4864,16.5277
0.0440456,0.0442586,0.149892,10.8565,11.8443,16.5277
0.0431083,0.0652514,0.159766,11.4261,13.5004,16.5279
0.0461171,0.0122462,0.150648,7.26349,11.7839,16.5279
0.0431004,0.0421286,0.148171,11.303,13.8845,16.528
0.0447262,0.0463452,0.143918,9.75872,11.9971,16.528
0.0444787,0.00704405,0.160035,9.10015,13.827,16.5281
0.0437842,0.0332676,0.151603,10.1133,13.9763,16.5281
0.0437686,0.0552138,0.147555,10.8259,12.6024,16.5282
0.0437858,0.012995,0.155714,10.3071,13.0733,16.5283
0.0452975,0.0528625,0.165478,8.72913,11.6042,16.5286
0.0441028,0.0235715,0.163517,10.8496,12.5481,16.5287
0.0439886,0.0477034,0.160963,10.7951,12.4329,16.5288
0.0432319,0.0576723,0.153656,11.8846,12.9888,16.5288
0.0441124,0.0153726,0.159689,10.8267,12.607,16.5289
0.0430581,0.0494244,0.16265,11.3208,13.7546,16.5291
0.0437534,0.0697519,0.144279,10.4729,12.5333,16.5291
0.0447739,0.0469401,0.149213,9.36886,11.3919,16.5294
0.0439378,0.0497592,0.142157,10.6717,11.2763,16.5295
0.0446693,0.00301451,0.157552,9.27557,13.215,16.5296
0.0424185,0.0859704,0.166506,12.2787,13.1915,16.5298
0.0462122,0.0268357,0.150785,7.15415,11.2137,16.5298
0.0459576,0.0344567,0.153832,7.3001,12.6717,16.53
0.0461718,0.013742,0.140514,7.00713,11.9078,16.53
0.0437946,0.0577415,0.163987,10.164,13.4503,16.5302
0.043984,0.0279012,0.166494,10.9522,12.7193,16.5305
0.0432791,0.0713799,0.142539,11.4467,11.8773,16.5308
0.0431865,0.0119615,0.151939,11.838,13.2535,16.5309
0.0441461,0.00535705,0.158095,10.6624,12.9658,16.5311
0.0448687,0.0136433,0.166483,9.43084,12.5274,16.5311
0.0453833,0.0526603,0.160347,8.69028,11.2442,16.5312
0.0437362,0.0681883,0.147104,10.0041,12.2538,16.5312
0.0432942,0.0621755,0.136146,11.7386,11.8994,16.5315
0.0459049,0.0435789,0.165398,7.25313,12.6769,16.5315
0.0454291,0.0194503,0.163139,8.13855,11.5845,16.5316
0.0460886,0.0351931,0.163206,7.91552,11.1205,16.5316
0.0444271,0.0661327,0.164563,9.89177,12.3206,16.5316
0.0432216,0.0287328,0.163427,11.4528,13.9098,16.5317
0.0469491,0.015118,0.159898,6.05621,11.1326,16.5319
0.0440062,0.0619308,0.150662,10.716,11.8538,16.5321
0.0451901,0.030879,0.142652,8.78403,12.3903,16.5323
0.0437739,0.0634964,0.163708,10.9363,13.3396,16.5323
0.0453122,0.0457892,0.154164,8.36134,12.1724,16.5323
0.0439262,0.0656431,0.143387,10.9052,11.5794,16.5324
0.042394,0.0854346,0.16302,12.1273,13.2009,16.5325
0.0434507,0.0217739,0.126365,11.5168,11.954,16.5326
0.044123,0.0288056,0.133122,10.036,11.491,16.5327
0.0445807,0.0548631,0.155575,9.29997,11.329,16.5328
0.0431978,0.0342092,0.138597,11.2638,12.702,16.5328
0.0434418,0.0375207,0.13591,11.5586,11.1662,16.5329
0.0443895,0.0620943,0.165879,9.53199,13.1892,16.533
0.0439568,0.0179439,0.131242,10.623,12.3255,16.5332
0.0438558,0.0373918,0.157354,10.755,13.3905,16.5335
0.0448021,0.0354333,0.142642,9.20499,11.4107,16.5337
0.0460063,0.00480716,0.136309,7.66395,12.1874,16.5338
0.0444833,0.0292715,0.143304,9.1876,12.6906,16.5339
0.0424559,0.0669971,0.153777,12.0596,13.6964,16.5341
0.0431834,0.0746614,0.148996,11.2689,12.5548,16.5342
0.0430561,0.0494758,0.159043,11.7977,13.2848,16.5343
0.0444345,0.0729762,0.165378,9.11431,12.2176,16.5343
0.0454189,0.00554817,0.128437,8.74206,11.2094,16.5344
0.044065,0.0527736,0.146908,10.7521,11.1883,16.5345
0.0424348,0.0643133,0.159941,12.5969,13.7383,16.5346
0.0451886,0.0326876,0.142771,8.87034,12.2797,16.5346
0.0440804,0.00247429,0.132683,10.0158,12.6222,16.5348
0.0433364,0.0581887,0.144834,11.1987,11.8017,16.5348
0.0444649,0.039117,0.153448,9.99831,12.5972,16.5349
0.0432321,0.0329524,0.165322,11.7935,13.1688,16.5352
0.0455077,0.000999174,0.141344,8.9001,12.8441,16.5352
0.0445616,0.0134637,0.1292,9.03155,12.4876,16.5353
0.0439034,0.0167036,0.154269,10.1321,12.0708,16.5354
0.0448551,0.00517311,0.158284,9.65305,12.2808,16.5356
0.04463,0.0173173,0.162892,9.26819,13.8759,16.5358
0.0431142,0.089534,0.157982,11.8926,12.7355,16.5359
0.0439936,0.0078254,0.164989,10.335,13.1467,16.5359
0.0433964,0.00894876,0.145869,11.3688,12.081,16.536
0.04447,0.0742734,0.160446,9.53858,12.6314,16.5361
0.0467442,0.0115006,0.152351,6.95184,12.7469,16.5362
0.0437192,0.0597519,0.157465,10.2656,13.116,16.5362
0.0476711,0.00491975,0.163826,5.93917,12.1463,16.5363
0.0452237,0.010493,0.136918,8.40032,12.8868,16.5364
0.0437461,0.0776882,0.153836,10.0986,12.6198,16.5367
0.043033,0.0600944,0.158037,11.2475,13.4777,16.5368
0.0431791,0.0119122,0.146634,11.441,13.6116,16.5368
0.0440162,0.023357,0.147205,10.681,11.9531,16.5369
0.0432477,0.0184604,0.152831,11.2949,13.6967,16.5369
0.0430755,0.0427045,0.150536,11.4424,13.3903,16.537
0.0440365,0.010851,0.140971,10.0375,11.2179,16.5372
0.0438784,0.0389558,0.135316,10.3411,12.9097,16.5373
0.0444363,0.0265441,0.160809,9.23801,13.5454,16.5374
0.0434159,0.00627205,0.13784,11.9229,12.7128,16.5374
0.0451669,0.0416134,0.147836,8.27252,12.1643,16.5376
0.042674,0.0222187,0.132062,12.1277,12.0905,16.5378
0.0439252,0.0109276,0.153278,10.9228,12.4166,16.5379
0.04333,0.062195,0.136172,11.8701,11.1724,16.5379
0.0433885,0.0168772,0.143928,11.5016,12.2926,16.538
0.0444827,0.0470423,0.16141,9.77419,13.8264,16.5383
0.04249,0.0651185,0.166165,12.6451,13.552,16.5383
0.0431821,0.0113191,0.148908,11.2032,13.6643,16.5386
0.0433574,0.0168512,0.131981,11.7124,12.3497,16.5386
0.0470445,0.0147164,0.164714,6.66672,11.087,16.5388
0.0440226,0.00326906,0.128659,10.8762,12.8857,16.539
0.0430045,0.0718501,0.160218,11.6004,13.347,16.539
0.043207,0.0107881,0.142812,11.4809,13.6121,16.5391
0.0432435,0.0622768,0.156754,11.4786,12.4254,16.5391
0.0447569,0.0327432,0.164897,9.49051,12.5233,16.5391
0.0438137,0.0681924,0.146357,10.8113,12.7143,16.5392
0.0437375,0.0636948,0.146211,10.6933,12.1115,16.5394
0.0461147,0.00759226,0.143192,7.94359,11.5248,16.5397
0.0453934,0.0324,0.154823,8.59469,12.8782,16.54
0.0427025,0.024656,0.136645,12.2474,12.7429,16.54
0.0438657,0.0185369,0.144414,10.8752,12.4102,16.54
0.0461013,0.0200017,0.150937,7.24974,11.0892,16.5401
0.0431587,0.0484063,0.134866,11.6874,12.6309,16.5401
0.0440844,0.00756895,0.140371,10.6687,12.5497,16.5403
0.0452701,0.0162702,0.1605,8.28656,13.0186,16.5403
0.0423899,0.0839249,0.164055,12.9557,13.9118,16.5404
0.0433373,0.0207464,0.131875,11.7332,12.3562,16.5404
0.0438535,0.0372875,0.157059,10.6587,12.1618,16.5405
0.0431398,0.0845765,0.15888,11.5554,12.4938,16.5406
0.0447083,0.0313815,0.133393,9.57112,11.0388,16.5407
0.0455807,0.00277452,0.158342,8.73501,12.7606,16.5408
0.0430425,0.052717,0.154931,11.2131,13.7475,16.541
0.0448475,0.00386227,0.155375,9.86072,12.2626,16.5413
0.0437398,0.0749902,0.153932,10.5548,12.5123,16.5413
0.0431636,0.0486505,0.142034,11.2145,12.9354,16.5414
0.0440329,0.0401066,0.132627,10.8425,11.0355,16.5414
0.0438611,0.0282796,0.150843,10.3126,12.6565,16.5415
0.0432498,0.00747608,0.155443,11.0034,13.331,16.5417
0.0424935,0.0657551,0.159631,12.3917,13.7784,16.5419
0.0435027,0.013513,0.136665,11.2363,11.2525,16.542
0.0432238,0.0677526,0.156481,11.8785,12.5016,16.5421
0.0445524,0.0644599,0.163401,9.35939,11.1543,16.5423
0.0446448,0.0445161,0.140107,9.7277,11.495,16.5423
0.0440346,0.0291244,0.151733,10.4815,12.2733,16.5423
0.0455753,0.0128734,0.138494,8.25353,11.1351,16.5424
0.0438517,0.0177315,0.134408,10.4235,12.3839,16.5424
0.0438823,0.0300762,0.155312,10.0868,13.8371,16.5425
