beta,permeability,xi,init_days,delay,value
0.0518666,0.00673782,0.117415,38.9699,19.6809,153.872
0.051503,0.00743562,0.107035,39.7938,19.5969,154.102
0.0522612,0.009674,0.123995,37.1083,19.2069,154.381
0.0518529,0.0225725,0.116164,38.5443,19.0062,154.865
0.0518579,0.00367595,0.120246,38.9268,19.2237,155.11
0.0514846,0.0204392,0.107379,39.7558,19.7924,155.27
0.0525678,0.0464786,0.14065,36.5309,19.5184,155.378
0.0507091,0.0254739,0.0992382,41.9917,19.362,155.522
0.0526445,0.00730457,0.139426,36.7743,19.4661,155.537
0.051358,0.0535416,0.115504,39.4351,19.1582,155.748
0.0507498,0.0236277,0.0935007,41.2122,19.7545,155.77
0.0522723,0.00687089,0.127555,37.3213,19.9254,155.826
0.0523418,0.00390641,0.115488,37.9511,19.171,155.897
0.0525838,0.0424588,0.137625,36.2736,19.5463,155.91
0.0530044,0.0294264,0.15073,35.8274,19.6017,155.914
0.0506216,0.0533995,0.102204,41.8409,19.0482,155.923
0.0507028,0.0352335,0.0970045,41.7731,19.5681,156.071
0.0534978,0.0112067,0.154249,34.0584,19.9298,156.071
0.0535524,0.0111813,0.151653,34.3106,19.1913,156.165
0.0506541,0.0470861,0.10065,41.6208,19.9283,156.172
0.0535146,0.00722966,0.152085,34.5027,19.6364,156.176
0.0514504,0.0232645,0.113457,39.7517,19.5809,156.252
0.0503557,0.0365069,0.091782,42.6259,19.8315,156.324
0.0503772,0.00412261,0.0942219,42.4647,19.1643,156.328
0.0526065,0.0304597,0.135432,36.8792,19.1336,156.362
0.0522007,0.00708558,0.137427,37.3635,19.3311,156.486
0.0522806,0.0260258,0.118349,37.1223,19.8842,156.544
0.0529645,0.057347,0.152589,35.325,19.1059,156.588
0.0514435,0.0431825,0.108349,39.6605,19.4733,156.594
0.0525582,0.00420697,0.162614,36.396,19.3489,156.623
0.0506531,0.0551193,0.100616,41.526,19.3148,156.65
0.051787,0.0269323,0.125711,38.8476,19.5783,156.676
0.0517108,0.0488673,0.130313,38.9923,19.1757,156.736
0.0530221,0.023383,0.154816,35.5879,19.8126,156.769
0.0521231,0.0518081,0.132795,37.3922,19.6836,156.79
0.0520925,0.0563215,0.13832,37.5609,19.2038,156.794
0.0521621,0.00552777,0.151538,37.8299,19.4727,156.795
0.0521624,0.0047774,0.15211,37.935,19.5087,156.868
0.0520994,0.0521779,0.138529,37.1117,19.5087,156.955
0.0518443,0.0302163,0.11338,38.2878,19.3176,156.985
0.051703,0.0162768,0.148064,38.8499,19.8168,156.987
0.0523388,0.0141172,0.120733,37.2166,19.6774,156.996
0.0513743,0.0169326,0.126272,39.7996,19.0955,156.998
0.0510483,0.0465884,0.106184,40.3125,19.2621,157.014
0.0507082,0.0428657,0.0979699,41.9921,19.0888,157.074
0.0535919,0.00856293,0.145498,34.3002,19.2411,157.079
0.0520631,0.074333,0.137039,37.7312,19.8986,157.115
0.0540096,0.0128641,0.161694,33.134,19.6432,157.119
0.0535239,0.0147349,0.147498,34.8006,19.9717,157.124
0.0525118,0.0709439,0.141805,36.7961,19.6312,157.135
0.0528941,0.0691666,0.160006,35.8672,19.5059,157.149
0.0499201,0.0580603,0.0899006,43.1264,19.3308,157.155
0.0517067,0.0452228,0.132391,38.8086,19.3016,157.158
0.0509262,0.0871918,0.110812,40.8168,19.2163,157.16
0.0506387,0.0361821,0.105531,41.1177,19.0043,157.175
0.0526248,0.00632511,0.139333,36.1961,19.5219,157.192
0.0510562,0.0173365,0.105727,40.7191,19.373,157.203
0.0506601,0.00418396,0.112475,41.8144,19.1916,157.232
0.0517271,0.0220211,0.138613,38.9933,19.5309,157.247
0.0524481,0.0818043,0.149286,36.7871,19.2138,157.264
0.0535171,0.0241624,0.15556,34.3693,19.3788,157.266
0.0498111,0.00835292,0.0743072,44.9411,19.8657,157.308
0.0521328,0.00394442,0.161216,37.8806,19.0835,157.31
0.0525009,0.0778458,0.144157,36.1836,19.1291,157.317
0.0516785,0.064838,0.128942,38.0315,19.769,157.335
0.0525967,0.011003,0.145782,36.2022,19.8922,157.351
0.0516457,0.0395577,0.150469,38.249,19.3035,157.36
0.052905,0.072897,0.159219,35.0435,19.7878,157.384
0.0522442,0.0418218,0.12453,37.3347,19.5974,157.412
0.0539729,0.0194144,0.158895,33.2764,19.3757,157.428
0.0499554,0.0278241,0.0914565,43.9909,19.5576,157.431
0.0499058,0.0601785,0.0907988,43.1485,19.038,157.463
0.050623,0.0148168,0.112055,41.4783,19.4995,157.463
0.0522094,0.0501745,0.125892,37.1251,19.014,157.497
0.0534005,0.0543242,0.165623,34.4041,19.1866,157.5
0.0517755,0.0408608,0.119319,38.4532,19.5158,157.512
0.0535195,0.0299712,0.146893,34.4142,19.2011,157.536
0.0517274,0.066409,0.126482,38.4153,19.7115,157.544
0.0520067,0.015779,0.0905318,38.3256,18.9627,157.558
0.0490335,0.0103124,0.0753873,46.4036,19.527,157.562
0.0531889,0.0143627,0.111169,35.9045,18.5212,157.563
0.0527576,0.00463997,0.108327,36.2035,18.1389,157.585
0.0531484,0.0258109,0.13932,35.3897,19.1393,157.587
0.0508826,0.0733359,0.118525,40.8495,19.3367,157.594
0.0489999,0.0423668,0.0741861,46.0503,19.3577,157.612
0.0505859,0.0786718,0.101982,41.0032,19.7723,157.631
0.0498595,0.0832751,0.0925475,43.5239,19.519,157.648
0.0510338,0.0132335,0.111304,40.6468,19.1927,157.657
0.0525702,0.0266219,0.149672,36.9092,19.2807,157.682
0.0516312,0.00532004,0.0871853,39.4387,18.6801,157.682
0.0521224,0.0330776,0.141573,37.3969,19.1055,157.689
0.0527205,0.0250648,0.12348,36.1958,19.8325,157.691
0.0512529,0.0861955,0.121491,39.9218,19.4461,157.692
0.0499158,0.0686557,0.0915405,43.1673,19.4515,157.699
0.0497323,0.00820132,0.0821003,44.9919,19.2042,157.707
0.0509452,0.0113283,0.127801,40.8253,19.562,157.719
0.0521621,0.0641053,0.128579,37.2809,19.831,157.72
0.0525678,0.00751477,0.165596,36.1385,19.0926,157.721
0.0519493,0.00368395,0.0968841,38.6032,18.4834,157.73
0.052952,0.0396052,0.154872,35.4942,19.6337,157.75
0.0509952,0.0344821,0.114717,40.6832,19.6237,157.751
0.0521614,0.0093305,0.154332,37.9015,19.7009,157.756
0.0521601,0.0257148,0.141016,37.753,19.4163,157.764
0.0530827,0.0369262,0.144423,35.4208,19.2673,157.772
0.0520148,0.0870088,0.141922,37.7703,19.845,157.775
0.0529017,0.0600018,0.1638,35.1707,19.9595,157.79
0.0512903,0.0416358,0.134572,39.9813,19.9249,157.792
0.0521262,0.0240341,0.153876,37.0206,19.6122,157.793
0.0515969,0.0136275,0.101804,39.5373,19.2051,157.801
0.050206,0.0255425,0.110829,42.3006,19.4609,157.811
0.0519847,0.0063576,0.111089,38.2381,19.2122,157.812
0.0492998,0.0427096,0.0789083,45.1462,19.4706,157.823
0.0503336,0.013023,0.0994235,42.9125,19.5899,157.841
0.0524409,0.0856392,0.147651,36.8213,19.2666,157.842
0.0517752,0.0196044,0.126775,38.0946,19.9666,157.844
0.051393,0.0638719,0.108834,39.0537,19.9509,157.844
0.0511347,0.0252767,0.102426,40.6769,19.212,157.85
0.0525181,0.0408612,0.153421,36.754,19.2176,157.862
0.0540688,0.00447851,0.152898,33.0635,19.5417,157.865
0.0522951,0.0350081,0.115015,37.4857,19.3908,157.88
0.0529859,0.0372159,0.158379,35.8229,19.4872,157.888
0.0512272,0.0120639,0.0966462,40.6036,19.3743,157.891
0.0528691,0.0791845,0.163538,35.2185,19.5096,157.891
0.0514058,0.0484437,0.115353,39.4975,19.2957,157.893
0.0512029,0.0567622,0.146067,39.4765,19.5975,157.895
0.0525915,0.011966,0.155082,36.0906,19.0275,157.899
0.0526227,0.0374075,0.13918,36.2359,19.743,157.901
0.0540385,0.00674121,0.130957,33.7588,18.7939,157.908
0.0521434,0.0340586,0.141587,37.4668,19.2881,157.916
0.0502286,0.0189611,0.108991,42.8336,19.3815,157.924
0.0515379,0.0147606,0.100381,39.1399,19.884,157.93
0.0521936,0.0174744,0.129272,37.5282,19.1218,157.954
0.0515813,0.0213632,0.0880798,39.2939,18.2928,157.971
0.0533952,0.05598,0.159809,34.6158,19.4854,158.001
0.0520196,0.0184076,0.0891337,38.7364,18.1386,158.006
0.0532119,0.00655983,0.127109,35.5994,19.8063,158.009
0.05184,0.0455795,0.111371,38.017,19.0988,158.009
0.0496664,0.00709701,0.0848273,44.8717,19.6163,158.012
0.0520968,0.0425755,0.145339,37.1853,19.6684,158.014
0.052954,0.0301651,0.164311,35.4491,19.0894,158.019
0.0526993,0.0175028,0.134758,36.122,19.9641,158.021
0.0506678,0.00850927,0.110837,41.7041,19.4497,158.021
0.0533951,0.0624329,0.164007,34.5894,19.3174,158.025
0.0508574,0.0775019,0.12136,40.4241,19.4878,158.031
0.0520139,0.086473,0.145993,37.6402,19.9535,158.036
0.0511607,0.00939552,0.0884115,40.4848,18.9357,158.048
0.0517326,0.0307179,0.137284,38.5535,19.9106,158.074
0.0524108,0.00754258,0.112263,37.9207,19.7747,158.1
0.0532146,0.0092335,0.111097,35.5253,18.1084,158.1
0.0499701,0.0231142,0.0935818,43.5117,19.8706,158.108
0.0501002,0.0667566,0.119062,42.8582,19.5088,158.114
0.0491705,0.0797367,0.0856128,45.6945,19.1327,158.116
0.0501282,0.0132436,0.0823966,43.0439,19.1851,158.124
0.0521617,0.015905,0.1395,37.239,19.2988,158.124
0.0502041,0.0155571,0.115118,42.7751,19.4881,158.133
0.0512517,0.096881,0.119351,39.5295,19.1431,158.136
0.051638,0.0659095,0.138114,38.338,19.3732,158.142
0.0529978,0.0159363,0.156853,35.9962,19.7633,158.158
0.0525952,0.0645096,0.138918,36.6806,19.7289,158.178
0.0503251,0.0102352,0.101467,42.2347,19.4864,158.178
0.0498244,0.0462239,0.105968,43.4841,19.8601,158.187
0.05096,0.0276841,0.125902,40.8282,19.8815,158.188
0.0531204,0.0092034,0.146076,35.0993,19.1661,158.195
0.0509223,0.0898568,0.108307,40.5303,19.2334,158.197
0.0524162,0.00774228,0.111907,37.6552,19.5915,158.2
0.051825,0.0618419,0.117933,38.4908,19.1411,158.204
0.0517233,0.0427842,0.126633,38.3859,19.383,158.21
0.0518069,0.00587757,0.13644,38.8576,19.2104,158.211
0.0505094,0.0513661,0.119821,41.5367,19.1682,158.211
0.0515787,0.0978023,0.137381,38.5434,19.916,158.22
0.0495662,0.0398995,0.0916854,44.9691,19.5091,158.223
0.0508324,0.115917,0.117353,40.4786,19.8485,158.224
0.0525402,0.0466839,0.149767,36.0177,19.3961,158.276
0.0509,0.0871655,0.11089,40.9586,19.0706,158.277
0.0489515,0.0350279,0.0788288,46.5324,19.5552,158.278
0.0512496,0.0746907,0.124674,39.3228,19.4924,158.28
0.0519663,0.107966,0.144332,37.4328,19.9036,158.287
0.0496775,0.049038,0.0784792,44.4088,19.6797,158.295
0.0492069,0.0597071,0.0859472,45.6645,19.8549,158.299
0.0534666,0.0508652,0.157271,34.1482,19.6868,158.301
0.0518452,0.0531557,0.110896,38.7733,19.985,158.304
0.0514923,0.0473194,0.107389,39.5722,19.224,158.319
0.0498294,0.0477258,0.105773,43.9508,19.4941,158.319
0.0526695,0.0233492,0.125688,36.0471,19.9355,158.319
0.0501779,0.0496753,0.109479,42.1197,19.294,158.331
0.053085,0.0321168,0.146314,35.2201,19.6103,158.334
0.0520398,0.0686672,0.142492,37.0874,19.8708,158.355
0.0511111,0.0468525,0.101447,40.9508,19.2085,158.356
0.0535438,0.0316069,0.124592,34.6205,18.7714,158.358
0.0521001,0.0353651,0.154133,37.3066,19.7594,158.362
0.0524006,0.0903418,0.154345,36.2883,19.4902,158.365
0.0541113,0.00351488,0.149624,33.5591,19.836,158.378
0.0519244,0.0379982,0.112724,38.3605,19.3224,158.38
0.0549679,0.0109923,0.146181,31.121,18.2467,158.393
0.0508738,0.0558088,0.125796,40.1779,19.2071,158.402
0.0511069,0.0509506,0.0970671,40.6106,19.7757,158.405
0.0516233,0.0145756,0.0870784,39.7946,18.7959,158.416
0.0492631,0.0430678,0.0839906,45.1832,19.249,158.421
0.0513658,0.0298278,0.127695,39.7741,19.3407,158.425
0.0506067,0.0267274,0.116871,41.9038,19.7553,158.431
0.0514819,0.0508601,0.107305,39.6451,19.4811,158.44
0.0504959,0.0647181,0.119655,41.8243,19.9668,158.441
0.0508516,0.0178748,0.0792195,41.2455,18.6389,158.445
0.0515271,0.0358435,0.0911607,39.4926,18.1423,158.452
0.054081,0.00581955,0.149262,33.0782,19.9477,158.454
0.0512001,0.0279783,0.0834228,40.5953,18.7563,158.455
0.051537,0.0355222,0.099552,39.6025,19.2,158.456
0.0481624,0.0120157,0.0624984,49.5094,19.8183,158.46
0.0524286,0.0069003,0.103767,37.1479,19.4547,158.461
0.0505707,0.0508082,0.112273,41.6435,19.0602,158.463
0.0520479,0.0553918,0.149182,37.4716,19.4065,158.47
0.0505085,0.100883,0.105485,41.3529,19.3603,158.473
0.0540453,0.00787219,0.163501,33.7364,19.2353,158.476
0.0522111,0.0596915,0.125927,37.7003,19.7613,158.477
0.0526021,0.0139136,0.138005,36.908,19.852,158.482
0.0514292,0.0182267,0.120816,39.6548,19.2048,158.484
0.0536707,0.00870192,0.13801,34.0111,19.8285,158.486
0.0539613,0.0215003,0.134116,33.0124,18.8949,158.49
0.0527184,0.0350492,0.107612,36.1627,18.2318,158.492
0.0505089,0.0819032,0.11208,41.3282,19.7547,158.498
0.051423,0.0620956,0.108274,39.0247,19.6281,158.504
0.0507236,0.00874767,0.0910029,41.3057,18.5472,158.505
0.0520711,0.00935,0.0864458,38.9378,18.975,158.516
0.0522003,0.047804,0.121179,37.5456,19.9012,158.523
0.0539958,0.0269724,0.158563,33.1668,19.1629,158.536
0.0525618,0.0695452,0.133681,36.834,19.6533,158.536
0.0506754,0.0647165,0.0971358,41.7734,19.7403,158.542
0.0529762,0.0412154,0.148051,35.4922,19.7384,158.547
0.0506285,0.00407093,0.119459,41.1098,19.5718,158.558
0.0498519,0.0931233,0.0920219,43.0924,19.9255,158.56
0.0540135,0.0245575,0.156752,33.7361,19.3728,158.561
0.0492231,0.0641208,0.0822911,45.7814,19.3164,158.569
0.0532324,0.0110437,0.120424,35.6366,19.3362,158.572
0.0523837,0.105722,0.156257,36.1868,19.2984,158.574
0.0530541,0.00568228,0.143828,35.9095,19.2126,158.575
0.0529207,0.0558544,0.153836,35.0622,19.4054,158.583
0.0516862,0.00959249,0.156346,38.8023,19.7326,158.588
0.0529817,0.050216,0.155625,35.1588,19.5812,158.592
0.0522524,0.0517926,0.122774,37.1957,19.2171,158.594
0.0516761,0.04805,0.142278,38.6467,19.0762,158.596
0.0514578,0.0299924,0.0980557,39.7063,18.6182,158.597
0.0540956,0.00673919,0.147531,33.3999,19.2234,158.61
0.0527254,0.0170487,0.106863,36.0048,18.8378,158.611
0.0499423,0.0697638,0.0894583,43.8256,19.0425,158.611
0.0527272,0.0309252,0.125901,36.3308,19.3181,158.617
0.0525133,0.0612168,0.140356,36.0879,19.5537,158.631
0.049179,0.0721574,0.0869329,45.542,19.3313,158.631
0.0545341,0.00731887,0.159923,32.083,19.1279,158.636
0.0524767,0.0730596,0.143362,36.5087,19.9515,158.637
0.049794,0.0657255,0.104647,43.3492,19.5167,158.654
0.0505931,0.0252817,0.119775,41.8232,19.7029,158.656
0.0511956,0.115321,0.12716,39.5183,19.4109,158.667
0.0539603,0.0155303,0.1377,33.3952,18.7896,158.669
0.0545494,0.00592623,0.152832,32.2252,19.2665,158.67
0.0530202,0.0110166,0.138257,35.7364,18.819,158.672
0.0511085,0.0471594,0.0996469,40.9739,19.3893,158.673
0.0516072,0.103767,0.134915,38.8858,19.0253,158.674
0.0518859,0.00347536,0.123,38.8697,19.3061,158.679
0.0522725,0.0237749,0.108998,37.3209,18.4571,158.684
0.0504138,0.0232789,0.0805347,42.7794,18.8551,158.69
0.0499343,0.0398381,0.0948611,43.8965,19.8771,158.693
0.0524883,0.0429943,0.165133,36.4927,19.9853,158.701
0.0530665,0.0464707,0.116903,35.0169,18.8247,158.708
0.0549628,0.0123214,0.150008,31.4392,18.4567,158.708
0.0507848,0.0696288,0.140689,40.8063,19.5223,158.713
0.0494609,0.0511495,0.102195,44.3329,19.6907,158.718
0.0508358,0.0860966,0.12309,40.5276,19.3996,158.719
0.0506956,0.0224645,0.0928027,41.6809,18.5153,158.724
0.050529,0.0130061,0.0825386,42.4465,19.2756,158.725
0.0509636,0.0793662,0.11069,40.3577,19.629,158.735
0.050849,0.0165917,0.0799543,41.7962,18.1481,158.736
0.0544553,0.00408547,0.149503,32.958,18.688,158.738
0.0514258,0.0144418,0.123067,39.6625,19.7867,158.74
0.0506711,0.0271242,0.106333,41.2696,19.2377,158.741
0.0499133,0.0255496,0.101568,43.0614,19.2794,158.744
0.0518297,0.00766569,0.11243,38.8563,18.4327,158.745
0.0486746,0.0500961,0.0719063,47.4563,19.7373,158.75
0.0522812,0.0487325,0.101256,37.7635,18.967,158.757
0.0517258,0.0385364,0.127078,38.3527,19.9384,158.767
0.051692,0.0214772,0.144573,38.702,19.5241,158.78
0.0534919,0.0301311,0.128146,34.4849,18.7405,158.787
0.0492016,0.0509971,0.0872214,45.6515,19.8397,158.788
0.0505105,0.102386,0.108964,41.8644,19.6556,158.788
0.0495277,0.0915559,0.0866078,44.0152,19.8156,158.8
0.0505427,0.00708943,0.0742713,42.6993,18.208,158.801
0.054888,0.0331663,0.153221,31.9398,18.3577,158.812
0.0511448,0.0298445,0.0887114,40.1146,18.4208,158.814
0.054455,0.00612141,0.148613,32.331,18.8381,158.816
0.0520547,0.054658,0.150855,37.6315,19.7045,158.818
0.0501077,0.0673204,0.114862,42.2217,19.4623,158.827
0.054492,0.0195178,0.158311,32.5183,19.9446,158.832
0.0517789,0.0436948,0.126679,38.9211,19.7955,158.833
0.050105,0.0283349,0.0821706,43.5584,19.7744,158.833
0.0522348,0.0239586,0.132677,37.6836,19.0368,158.842
0.0492815,0.00583624,0.0880565,45.4721,19.0373,158.846
0.0516474,0.00862609,0.0976817,39.0447,19.299,158.866
0.0535862,0.0232109,0.141272,34.3131,19.0382,158.866
0.0508236,0.0277184,0.0865869,41.3877,19.1274,158.868
0.0544473,0.014655,0.138414,32.1812,18.8383,158.868
0.0517668,0.0795832,0.120885,38.6222,19.1871,158.873
0.0522291,0.0394529,0.108745,37.0346,18.6038,158.875
0.0528911,0.0843167,0.153664,35.9846,19.3198,158.88
0.0506509,0.00680054,0.108228,41.048,19.7954,158.881
0.0520885,0.0907831,0.13464,37.1634,19.2874,158.882
0.0532501,0.00874369,0.124711,35.2439,19.5332,158.882
0.051259,0.0480428,0.143117,39.8433,19.052,158.883
0.0526733,0.00443635,0.123343,36.9652,18.9535,158.884
0.0518448,0.0501191,0.100297,38.8705,18.3495,158.884
0.050868,0.0309841,0.138372,40.2666,19.0479,158.889
0.0518633,0.0530531,0.0967879,38.9344,18.8244,158.895
0.0504291,0.00679644,0.0830538,42.7041,18.6105,158.908
0.0503873,0.0126142,0.0951789,42.3857,19.0759,158.913
0.0512176,0.0499615,0.149174,39.7927,19.2053,158.92
0.0491786,0.0961125,0.0830522,45.6692,19.5712,158.927
0.0526163,0.0167695,0.125046,36.3159,18.8073,158.931
0.0524277,0.0124121,0.109274,37.2632,19.3778,158.933
0.0516132,0.0697684,0.14108,38.6962,19.7695,158.935
0.0488557,0.0801503,0.0799794,46.5838,19.9565,158.943
0.0527481,0.0250601,0.10322,36.4732,18.6458,158.95
0.0495243,0.0430226,0.0938672,44.9568,19.7904,158.953
0.053527,0.0469337,0.122719,34.2664,18.6433,158.96
0.051002,0.0258863,0.119642,40.1476,19.6473,158.968
0.0494791,0.0615605,0.0978386,44.5978,19.7703,158.971
0.0520252,0.100655,0.135297,37.3232,19.1217,158.971
0.0526233,0.0329694,0.117652,36.8332,18.451,158.974
0.0540774,0.01582,0.145823,33.7088,19.5013,158.98
0.0527583,0.0309161,0.124717,36.5462,19.2438,158.994
0.0527223,0.0341784,0.121649,36.2697,19.3994,158.997
0.0508023,0.0818102,0.135747,40.6797,19.556,158.999
0.0516903,0.0297329,0.140823,38.5357,19.8124,159.002
0.0518183,0.0061883,0.135609,38.7521,19.9437,159.003
0.050455,0.0366801,0.0755417,42.2442,18.7801,159.003
0.0535047,0.0326286,0.129774,34.0423,18.6143,159.008
0.051545,0.0673095,0.163625,38.9558,19.9628,159.009
0.0545655,0.0042261,0.12906,32.9594,18.3381,159.02
0.0492561,0.0791921,0.0793992,45.3912,19.4199,159.033
0.0532255,0.0079971,0.118853,35.539,19.325,159.033
0.0553599,0.0140287,0.165226,30.6317,18.5002,159.035
0.0530574,0.00953648,0.141623,35.2682,19.0094,159.037
0.0520926,0.023245,0.165888,37.1964,19.1487,159.048
0.0530905,0.052502,0.140921,35.1411,19.2473,159.052
0.0527766,0.0328534,0.101598,36.5705,18.1838,159.055
0.0513107,0.0781072,0.121482,39.7568,19.6112,159.057
0.0528337,0.100689,0.165292,35.5154,19.2242,159.066
0.0512737,0.072279,0.12816,39.1962,19.4163,159.067
0.0522184,0.0133977,0.120374,37.1511,18.1964,159.068
0.0497463,0.12563,0.0978312,43.3756,19.2267,159.075
0.0536708,0.00836653,0.117141,34.0187,18.9946,159.077
0.0503879,0.0249234,0.0826101,42.3352,18.2577,159.081
0.0518367,0.00585022,0.112686,38.1168,18.6073,159.081
0.0513136,0.0640938,0.124523,39.4496,19.2525,159.089
0.0526626,0.00496802,0.146906,36.8312,19.7123,159.091
0.0522406,0.0109356,0.118538,37.1002,18.6215,159.095
0.0538796,0.00995338,0.161837,33.9662,18.3051,159.1
0.0504703,0.125639,0.106587,41.9632,19.9088,159.103
0.051499,0.134917,0.141978,38.0965,19.9599,159.105
0.0492732,0.0186381,0.0870803,45.6355,19.5457,159.106
0.0512775,0.00813241,0.0886643,40.2842,19.1793,159.118
0.0522196,0.051318,0.118237,37.3926,19.7769,159.121
0.0506503,0.0529347,0.0902046,41.201,18.7356,159.121
0.0543957,0.0481546,0.142896,32.2786,18.4506,159.124
0.0519685,0.0909179,0.149568,37.2278,19.4084,159.125
0.054545,0.00458201,0.150843,32.9126,19.3168,159.128
0.0484587,0.0205932,0.0657871,48.2479,19.6539,159.131
0.0513667,0.053265,0.120338,39.7202,19.0152,159.132
0.0494881,0.0525514,0.0998856,44.2622,19.1837,159.134
0.0492022,0.0930621,0.0828481,45.0528,19.468,159.135
0.0534722,0.0566632,0.157578,34.1618,19.6612,159.137
0.0511756,0.0806604,0.139018,39.7969,19.4964,159.142
0.0518915,0.132403,0.150978,37.825,19.1626,159.146
0.0501847,0.0495954,0.113493,42.2535,19.9362,159.151
0.0516204,0.0659091,0.147507,38.7267,19.3667,159.161
0.0525637,0.0688178,0.131316,36.8162,19.5227,159.171
0.0492928,0.0705762,0.0783384,45.8432,19.1444,159.172
0.053901,0.048835,0.160634,33.7343,19.0822,159.173
0.0511494,0.115841,0.129506,39.1471,19.0488,159.176
0.0525072,0.0781152,0.136666,36.4037,19.3617,159.179
0.0523886,0.019918,0.11025,37.849,19.7561,159.185
0.0539405,0.0345358,0.154314,33.5424,19.2175,159.187
0.0534665,0.00391465,0.149791,34.5604,18.4598,159.188
0.0520631,0.0988651,0.136589,37.0656,19.4849,159.189
0.0499288,0.0607143,0.0927581,43.2459,19.2377,159.2
0.0525567,0.0283768,0.129714,36.8924,18.8385,159.213
0.0497927,0.0125287,0.0787295,44.424,19.1718,159.219
0.0514868,0.0909148,0.165231,38.2118,19.397,159.23
0.0512693,0.0142105,0.151374,39.2246,19.8982,159.232
0.0509375,0.0733781,0.115059,40.629,19.873,159.233
0.0507475,0.129299,0.126146,40.5006,19.8025,159.245
0.0501795,0.0267639,0.0685442,43.1825,18.9528,159.246
0.0550391,0.00497167,0.161355,31.1835,19.7826,159.248
0.0505055,0.0754731,0.110415,41.9713,19.8707,159.248
0.0529307,0.0355302,0.160555,35.1137,19.8435,159.252
0.0509355,0.0545291,0.121135,40.0185,19.3374,159.26
0.0545063,0.00711626,0.133002,32.1521,18.2381,159.27
0.0550284,0.00822965,0.160432,31.1418,19.968,159.271
0.0518765,0.0338465,0.101535,38.2788,18.537,159.281
0.0543934,0.0153689,0.148955,32.5829,18.8578,159.282
0.0504682,0.0531554,0.129966,41.6089,19.4692,159.292
0.0496966,0.0287896,0.0748363,44.5316,18.9152,159.297
0.0521014,0.0770447,0.13772,37.1074,19.772,159.3
0.0490093,0.101125,0.101263,45.5495,19.7295,159.301
0.053441,0.0572645,0.149894,34.0868,19.4695,159.301
0.0534971,0.0522678,0.124148,34.9295,18.2118,159.303
0.0514195,0.0528317,0.0979984,39.6532,18.5935,159.306
0.0501687,0.0541172,0.114763,42.9309,19.0475,159.311
0.0490278,0.042143,0.0743919,46.6878,19.6236,159.315
0.0545713,0.00547741,0.163522,32.6532,19.7174,159.316
0.0491669,0.0504345,0.0938573,45.1105,19.5454,159.316
0.0531281,0.0388434,0.127842,35.3387,19.8252,159.323
0.0512959,0.0753858,0.124234,39.687,19.8082,159.325
0.0531961,0.0238778,0.127285,35.3463,19.3667,159.327
0.0513903,0.0552768,0.0999454,39.0487,18.8062,159.336
0.0533527,0.0738034,0.160432,34.5449,19.2363,159.344
0.0526749,0.0461071,0.127837,36.64,19.3937,159.351
0.0507749,0.045679,0.0805783,41.4211,18.1179,159.36
0.052395,0.105551,0.157148,36.1395,19.9887,159.362
0.0529274,0.0700863,0.159924,35.3942,19.2124,159.363
0.053431,0.0645172,0.150654,34.2198,19.3777,159.364
0.0492191,0.063654,0.0856397,45.1721,19.7081,159.365
0.0496218,0.0764387,0.0807162,44.4436,19.2213,159.366
0.052396,0.021911,0.109953,37.5432,19.3116,159.374
0.0505887,0.0038009,0.0762653,42.6413,19.3557,159.376
0.0526134,0.0680073,0.133631,36.9525,19.4302,159.376
0.0539233,0.039323,0.155481,33.203,19.1586,159.381
0.0521897,0.0401993,0.122959,37.0321,19.7278,159.382
0.0508038,0.0840225,0.134124,40.1917,19.3349,159.387
0.0507065,0.149996,0.125694,40.5121,19.667,159.39
0.0507583,0.0154758,0.0921255,41.189,19.5278,159.395
0.0519858,0.0790079,0.155501,37.8694,19.5557,159.397
0.05072,0.0475617,0.0867067,41.703,18.3426,159.399
0.0526348,0.0458066,0.110826,36.2154,18.7667,159.408
0.0525069,0.0286615,0.157886,36.5468,19.5443,159.415
0.0534988,0.0384289,0.123468,34.4499,18.2022,159.428
0.0501363,0.0355635,0.0712552,43.0617,18.9564,159.431
0.0529814,0.0451836,0.158891,35.0553,19.5828,159.432
0.0510459,0.0213991,0.104484,40.3655,19.5364,159.435
0.0512019,0.0801694,0.137171,39.2114,19.0898,159.436
0.0502539,0.0924595,0.0933969,42.3775,19.2859,159.436
0.0523815,0.0225151,0.110191,37.2828,19.3318,159.441
0.0497226,0.0207413,0.0746004,44.5494,18.8747,159.444
0.0523316,0.130954,0.156657,36.9913,19.6012,159.445
0.0511976,0.0841527,0.135825,39.0433,19.651,159.449
0.0514971,0.054638,0.0915685,39.1453,18.2263,159.453
0.0526553,0.00356603,0.127435,36.0688,18.1407,159.457
0.0508796,0.0143555,0.0831199,41.4099,19.67,159.458
0.0528825,0.0814317,0.152497,35.7205,19.0566,159.46
0.051043,0.0745969,0.0995521,40.56,19.5086,159.468
0.053071,0.00555956,0.127842,35.2667,18.0795,159.469
0.0517882,0.0393682,0.108874,38.3571,18.2259,159.469
0.050478,0.00645844,0.079636,42.0808,18.2004,159.47
0.0548076,0.0392368,0.158427,31.0224,18.2778,159.477
0.049631,0.151823,0.105476,43.3141,19.2091,159.486
0.0500689,0.0987309,0.111079,42.3009,19.7545,159.489
0.0545868,0.00670229,0.146575,32.9778,19.0008,159.489
0.0494027,0.0859076,0.100565,44.0644,19.6237,159.492
0.0510845,0.103538,0.151262,39.6008,19.4317,159.498
0.0514928,0.0577041,0.105941,39.0289,19.1692,159.499
0.0524198,0.0125053,0.106728,37.3799,19.785,159.504
0.0528648,0.0793096,0.156122,35.2343,19.1902,159.504
0.0475936,0.0173428,0.0557572,51.0454,19.967,159.504
0.0511297,0.101646,0.141166,39.0646,19.0281,159.504
0.0503813,0.0875608,0.130273,41.2107,19.6786,159.512
0.0554163,0.0128555,0.165524,30.5841,18.8108,159.515
0.0548783,0.0220562,0.160503,31.0305,18.7437,159.517
0.0531903,0.0123775,0.138808,35.099,19.3432,159.518
0.0529477,0.0274256,0.144436,35.6131,18.0243,159.525
0.0544133,0.0457646,0.140216,32.4028,18.8585,159.527
0.0483217,0.0688226,0.0696536,48.6683,19.5474,159.531
0.0485186,0.0745724,0.0794371,47.7308,19.9168,159.533
0.0540525,0.014384,0.161115,33.868,19.7645,159.533
0.0531336,0.0150047,0.105255,35.5839,17.6079,159.536
0.0501606,0.0133824,0.0813232,43.0627,19.6287,159.54
0.0533799,0.0810388,0.16263,34.163,19.1311,159.548
0.0489948,0.108225,0.100932,45.1274,19.4812,159.552
0.050925,0.014692,0.136171,40.2041,19.2786,159.554
0.0535086,0.0192885,0.164002,34.7249,19.3795,159.555
0.0491197,0.0655409,0.0963516,45.2875,19.1081,159.56
0.0539827,0.0366707,0.14977,33.7433,19.4296,159.567
0.048714,0.093076,0.0934053,46.5736,19.0747,159.567
0.0506733,0.0231071,0.108015,41.2889,19.3886,159.575
0.051568,0.0802045,0.151802,38.7656,19.9102,159.589
0.0534371,0.0201317,0.157149,34.1514,19.3362,159.594
0.054921,0.00452172,0.161594,31.8145,18.8005,159.596
0.0501849,0.0175783,0.118606,42.2768,19.1702,159.604
0.0545623,0.00691326,0.160554,32.4463,19.7854,159.613
0.0510841,0.100832,0.155407,39.3261,19.5903,159.614
0.0536165,0.00587067,0.13105,34.2439,19.7493,159.62
0.0543597,0.01171,0.162275,32.802,18.4163,159.626
0.0548878,0.0130141,0.160871,31.2923,18.494,159.626
0.0525655,0.020879,0.16435,36.9627,19.2432,159.627
0.0539184,0.0103425,0.146743,33.7076,18.6107,159.632
0.0504452,0.0143478,0.0813845,42.1093,18.5389,159.635
0.0528364,0.018796,0.103313,36.1771,18.7816,159.64
0.0524183,0.0650766,0.163423,36.7119,19.819,159.642
0.0514144,0.0742196,0.10648,39.3198,19.4153,159.643
0.0524353,0.0123494,0.0966823,37.9226,18.443,159.646
0.0508704,0.0602874,0.122855,40.2246,19.8713,159.648
0.052609,0.0246596,0.127244,36.5547,18.3616,159.655
0.0490475,0.0740028,0.0993682,45.0972,19.0783,159.657
0.0501024,0.0101409,0.0747937,43.5633,18.7406,159.657
0.0512514,0.019397,0.153185,39.1594,19.7638,159.659
0.0500846,0.034068,0.0745227,43.7167,18.7734,159.663
0.0528071,0.0205194,0.103574,36.6619,18.9019,159.666
0.0517557,0.0828283,0.120077,38.3709,19.5751,159.671
0.051355,0.0534371,0.105151,39.8533,18.2399,159.672
0.0505046,0.0194836,0.0760168,42.1365,18.6968,159.673
0.0527305,0.00538565,0.120119,36.5162,19.827,159.679
0.0489961,0.0124227,0.0801552,46.3592,19.9276,159.68
0.0488354,0.021806,0.0629726,47.5934,19.1875,159.683
0.0503423,0.0666229,0.0920777,42.2058,19.9837,159.686
0.054849,0.0105338,0.164159,31.5882,18.2154,159.689
0.0529579,0.0347788,0.150796,35.4086,19.1644,159.69
0.0493607,0.00578946,0.0822842,45.8921,19.827,159.69
0.0505033,0.0110932,0.074384,42.2117,18.6622,159.691
0.0482431,0.0939373,0.0706716,48.5862,19.2579,159.693
0.0526048,0.0307894,0.13154,36.3481,19.3061,159.695
0.0530611,0.0299708,0.153327,35.8965,19.3125,159.695
0.0507981,0.0580836,0.144932,40.8189,19.9822,159.7
0.051002,0.0499086,0.11329,40.2647,19.19,159.702
0.0529949,0.0510234,0.140353,35.39,19.5633,159.705
0.0512899,0.0551502,0.112704,39.1972,18.2554,159.707
0.0524458,0.0829419,0.144735,36.2741,19.0154,159.717
0.0544828,0.0282329,0.15585,32.2446,19.075,159.717
0.0493364,0.13072,0.0981044,44.4231,19.247,159.718
0.0513259,0.0972077,0.11848,39.0372,19.9666,159.718
0.0520511,0.0989257,0.130693,37.8324,19.7382,159.727
0.0520102,0.0797128,0.152984,37.0043,19.5589,159.729
0.0493449,0.0827226,0.108678,44.8787,19.0027,159.731
0.0509987,0.069591,0.0958102,40.3701,18.2129,159.735
0.0501498,0.126539,0.0973268,42.6339,19.0396,159.738
0.0499461,0.0782195,0.0881756,43.2065,19.3475,159.741
0.051236,0.0357632,0.144022,39.2944,19.783,159.741
0.0542766,0.0592027,0.152533,32.3191,18.2929,159.742
0.0477563,0.0386569,0.0634042,50.9913,19.5971,159.743
0.0506354,0.0833184,0.0954483,41.711,19.508,159.751
0.0519226,0.00594243,0.0973677,38.6214,18.9786,159.754
0.0538869,0.0693285,0.135756,33.3419,18.8665,159.757
0.0522407,0.040579,0.104578,37.8965,18.5545,159.76
0.0539428,0.0298655,0.153534,33.1846,19.4593,159.762
0.0526192,0.0700697,0.110415,36.8481,18.3446,159.768
0.052478,0.0424439,0.157319,36.3265,19.7839,159.769
0.0513282,0.0378775,0.121638,39.4528,19.0555,159.769
0.0484273,0.0492803,0.0636097,48.6463,19.4149,159.77
0.0525998,0.00760304,0.164083,36.1694,19.8649,159.773
0.0547761,0.0393005,0.163164,31.3878,18.885,159.782
0.0521353,0.022853,0.139858,37.8265,19.025,159.786
0.0487759,0.013016,0.0665611,47.3198,19.5885,159.791
0.0489136,0.0404012,0.0828766,46.5799,19.1372,159.793
0.0509314,0.0441811,0.127883,40.0869,19.9294,159.795
0.0531507,0.0037917,0.113596,35.4352,18.058,159.796
0.0496811,0.0213831,0.0856253,44.4088,19.9336,159.796
0.0516036,0.0948907,0.13939,38.3858,19.2383,159.803
0.0505817,0.0559238,0.111992,41.9935,19.648,159.808
0.048728,0.135774,0.0842391,46.3983,19.2293,159.813
0.049165,0.070667,0.089588,45.4927,19.111,159.813
0.0532178,0.0275789,0.106013,35.2878,18.2663,159.819
0.0514078,0.0771291,0.107475,39.5253,19.4083,159.819
0.0535809,0.00552941,0.159853,34.4444,19.3574,159.824
0.054592,0.0101117,0.143328,32.496,19.8731,159.827
0.0496539,0.0493115,0.0796845,44.23,19.902,159.829
0.0534296,0.0756221,0.128668,34.8792,18.5612,159.831
0.048409,0.135818,0.08042,47.6742,19.3722,159.833
0.0536857,0.0144767,0.111305,34.4022,18.7518,159.836
0.0527041,0.0440409,0.108712,36.3639,18.9345,159.84
0.0523398,0.023485,0.102856,37.2808,18.5115,159.841
0.0498041,0.0500299,0.1103,43.8526,19.7348,159.842
0.0502299,0.0702339,0.0954801,42.5578,19.4148,159.844
0.0525847,0.0378379,0.148448,36.222,19.6118,159.846
0.0539534,0.0312283,0.151077,33.7173,19.1028,159.847
0.0521437,0.0833058,0.123132,37.9662,19.3605,159.849
0.0503498,0.0648677,0.079461,42.2573,18.3125,159.854
0.0507614,0.0325607,0.0976371,41.3625,19.915,159.855
0.0512192,0.0959726,0.121913,39.4437,19.8655,159.858
0.0538686,0.0243777,0.15452,33.1686,18.8544,159.86
0.0498931,0.00901087,0.107691,43.7432,19.6794,159.861
0.0539692,0.0335345,0.150008,33.378,19.5813,159.861
0.0537393,0.00647812,0.111027,34.724,18.8202,159.866
0.0538586,0.0141269,0.16096,33.4107,18.1401,159.867
0.053892,0.0585829,0.159531,33.8067,19.2094,159.867
0.0515275,0.108066,0.147445,38.0696,19.9319,159.875
0.0539033,0.0387643,0.158013,33.011,19.7437,159.875
0.0529583,0.0226401,0.159098,35.3241,19.3299,159.876
0.0534636,0.0321941,0.138292,34.5599,18.5379,159.878
0.0515981,0.0815371,0.135459,38.3954,19.9241,159.878
0.0494568,0.0314826,0.0692557,45.324,19.5636,159.882
0.051933,0.120989,0.143501,37.0491,19.8659,159.882
0.0494528,0.0352423,0.103461,44.7751,19.6153,159.884
0.0513374,0.0911737,0.118465,39.0791,19.1564,159.888
0.0501876,0.0772133,0.0918827,42.7877,18.0425,159.89
0.0516579,0.0236847,0.149947,38.7706,19.2691,159.895
0.0539369,0.0436133,0.131804,33.7865,18.8594,159.896
0.0528187,0.101478,0.158102,35.0585,19.5767,159.896
0.051551,0.0983564,0.140005,38.5059,19.6715,159.902
0.0524555,0.0984062,0.151093,36.08,19.0818,159.902
0.0500958,0.0701896,0.120655,42.0895,19.7023,159.902
0.0529613,0.0837478,0.148607,35.8712,19.3548,159.903
0.0541571,0.00540166,0.140128,33.006,19.1825,159.908
0.0496729,0.15474,0.100953,43.3184,19.7981,159.91
0.051111,0.0882904,0.15612,39.0763,19.4193,159.916
0.04994,0.0405237,0.0891054,43.4125,19.8913,159.92
0.0491553,0.0279565,0.06581,46.5102,19.061,159.923
0.053029,0.0285939,0.140051,35.3095,19.0792,159.928
0.0517387,0.0718137,0.10684,38.1125,18.7468,159.932
0.0530651,0.00870093,0.162721,35.1167,19.6002,159.935
0.0506584,0.0590011,0.0881799,41.2054,18.0558,159.937
0.0514785,0.14453,0.144806,38.8445,19.4259,159.94
0.0491707,0.0493616,0.0946222,45.9934,19.8871,159.94
0.0504486,0.0455868,0.135124,41.0491,19.5931,159.944
0.0501014,0.0305397,0.0840008,43.7808,19.9875,159.951
0.0521242,0.00532709,0.0842845,38.5778,18.1185,159.952
0.0513367,0.0774455,0.102201,39.2798,18.0451,159.957
0.0535512,0.0488684,0.121518,34.843,18.9394,159.957
0.0535387,0.0372037,0.136121,34.095,19.549,159.96
0.051816,0.0724223,0.115511,38.6239,19.6021,159.972
0.0503034,0.0644804,0.083114,42.9426,18.6631,159.973
0.0511878,0.0410421,0.0910063,40.3,19.8863,159.973
0.0522707,0.0495993,0.124983,37.6776,19.7792,159.973
0.0483602,0.107812,0.0901572,47.2169,19.5055,159.983
0.0518745,0.156483,0.14918,37.84,19.0651,159.987
0.0521016,0.0591043,0.121781,37.8211,18.3901,159.997
0.0508248,0.0912162,0.12761,40.1613,19.5865,160
0.0517572,0.0950669,0.120986,38.3187,19.9373,160
0.0507862,0.102291,0.12976,40.6242,19.419,160.002
0.0505654,0.0181359,0.126604,41.8805,19.0471,160.005
0.0506258,0.0508798,0.0995591,41.8239,19.2945,160.008
0.0503218,0.132234,0.126379,41.8831,19.3086,160.009
0.0506337,0.0827465,0.102329,41.8654,19.594,160.014
0.04971,0.108021,0.107195,43.6284,19.2851,160.014
0.0544061,0.0321956,0.139576,32.1403,18.4443,160.02
0.0477281,0.0376575,0.0648299,50.988,19.2162,160.02
0.0479222,0.0762623,0.0706208,49.6648,19.8345,160.023
0.0505518,0.108215,0.0999142,41.7535,19.4763,160.026
0.0505536,0.0774293,0.0960147,41.4043,18.8797,160.029
0.0531421,0.0352252,0.12311,35.0715,19.5752,160.034
0.0529537,0.0834415,0.14664,35.3469,19.9744,160.038
0.0521297,0.026804,0.15785,37.6687,19.3653,160.038
0.0502167,0.0639311,0.0921815,42.9272,18.6716,160.045
0.0478751,0.0600585,0.0760589,49.0976,19.646,160.045
0.0512979,0.0628404,0.129568,39.4367,19.0828,160.047
0.0523573,0.127147,0.152144,36.9635,19.2614,160.049
0.053546,0.0462961,0.140852,34.717,19.843,160.055
0.052506,0.0743435,0.149718,36.4253,19.3203,160.057
0.0521396,0.0254405,0.156101,37.6047,19.6865,160.061
0.0502452,0.0602538,0.0953206,42.7395,19.1348,160.062
0.0534663,0.0137286,0.138286,34.8588,18.8928,160.063
0.0511747,0.0515881,0.0835643,40.5926,18.0422,160.07
0.0521318,0.068992,0.112963,37.4473,18.3207,160.072
0.0507606,0.0550218,0.090771,41.4424,19.0791,160.072
0.0500162,0.0519971,0.0779965,43.1542,18.5303,160.073
0.0522311,0.0564257,0.128611,37.0321,19.2924,160.076
0.0496578,0.0436305,0.0749129,44.0372,18.1626,160.08
0.0521611,0.0447083,0.11943,37.5689,18.8046,160.08
0.0496834,0.125149,0.106562,43.0011,19.7729,160.082
0.0502406,0.0599481,0.0912077,42.3369,18.1906,160.087
0.0545859,0.00453868,0.162354,32.5452,19.5921,160.088
0.0492253,0.0256705,0.0874813,45.8033,19.8509,160.094
0.0520986,0.0354424,0.160757,37.6918,19.2711,160.096
0.053011,0.0440184,0.12286,35.2103,18.9318,160.112
0.05536,0.0118424,0.163151,30.5027,18.3609,160.117
0.0520796,0.0721095,0.119987,37.5484,18.2096,160.118
0.0516921,0.0580554,0.115352,38.9821,18.0007,160.124
0.0491316,0.0153575,0.0648338,46.0638,18.0101,160.124
0.0521259,0.08958,0.127678,37.6711,19.744,160.125
0.0498512,0.034582,0.108862,43.676,19.5123,160.129
0.0536517,0.0092754,0.100893,34.6388,17.5585,160.131
0.0478228,0.0510393,0.0590322,50.025,19.1705,160.132
0.0508919,0.0333595,0.137562,40.9405,19.8063,160.132
0.0529571,0.0408905,0.148726,35.8569,19.0318,160.137
0.0530385,0.01775,0.164739,35.0318,19.7637,160.138
0.0524142,0.119291,0.152175,36.8724,19.8866,160.141
0.0516696,0.0518182,0.120582,38.7353,18.4156,160.147
0.0502303,0.069498,0.0885537,42.0084,18.0726,160.148
0.0545388,0.0176369,0.129153,32.5253,18.7941,160.153
0.0521008,0.0565522,0.120671,37.4734,18.0611,160.153
0.0517039,0.00814234,0.0940057,39.3111,19.6908,160.157
0.0533777,0.0435563,0.145469,34.0484,18.6511,160.163
0.05282,0.0293938,0.102743,36.5425,18.9311,160.167
0.0500959,0.0647414,0.0708354,43.4552,18.1498,160.17
0.0522321,0.0182797,0.138003,37.4586,19.8105,160.179
0.0507508,0.108448,0.13359,40.5726,19.8934,160.18
0.0533733,0.0569347,0.140502,34.2095,18.0817,160.183
0.050714,0.0415811,0.100638,41.5138,19.43,160.191
0.0519581,0.087384,0.153412,37.6454,19.4868,160.194
0.0527699,0.0366134,0.118012,36.0493,19.7973,160.195
0.0517152,0.070015,0.130834,38.803,19.7355,160.196
0.052013,0.0959438,0.135914,37.9209,19.9205,160.203
0.0516066,0.106384,0.126757,38.4952,19.4637,160.203
0.0512688,0.0182834,0.0893318,40.0565,19.1882,160.207
0.0515002,0.0519102,0.0985625,39.2196,19.4582,160.211
0.0499378,0.0843869,0.0847556,43.1892,19.1006,160.214
0.0544391,0.0215282,0.148116,32.788,18.9966,160.215
0.0522648,0.0137007,0.13435,37.8898,19.0333,160.216
0.0534117,0.00808888,0.156747,34.16,18.1945,160.217
0.0498902,0.0176898,0.0997817,43.5205,19.9646,160.218
0.0508258,0.00771643,0.0853175,41.9676,18.3128,160.222
0.0538286,0.0652082,0.142748,33.0419,18.3978,160.223
0.0550628,0.00616155,0.153421,31.2289,19.0168,160.223
0.0543352,0.0301118,0.15987,32.9273,18.2754,160.224
0.0510223,0.0784521,0.0919175,40.2047,18.1234,160.226
0.0507188,0.0160527,0.0931268,41.8602,18.2729,160.226
0.0525626,0.0828895,0.131376,36.4191,19.2344,160.231
0.0501616,0.0434791,0.110998,42.2047,19.6051,160.233
0.0548459,0.0198474,0.166043,31.6494,18.9581,160.235
0.051251,0.0212742,0.0748294,40.0595,17.4587,160.237
0.0516391,0.111883,0.131664,38.3302,19.0285,160.237
0.0495879,0.145586,0.113246,43.3894,19.4859,160.24
0.0521037,0.00581521,0.0771987,38.0102,17.8798,160.242
0.0516504,0.0761279,0.117485,38.2864,18.4763,160.244
0.0517975,0.0838516,0.098517,38.1485,18.7715,160.244
0.0525017,0.0476891,0.162854,36.1122,19.0792,160.249
0.0496373,0.131199,0.10865,43.198,19.2273,160.249
0.0479737,0.0883249,0.0673354,49.7202,19.4464,160.249
0.0508347,0.0308917,0.0843792,41.5616,19.5495,160.25
0.0517458,0.0583834,0.107426,38.4204,18.2331,160.251
0.0525398,0.0556273,0.135136,36.6968,19.2199,160.255
0.0490751,0.105197,0.0928279,45.9743,19.6626,160.256
0.0517415,0.0724944,0.127786,38.3798,19.851,160.257
0.0491267,0.011364,0.0640054,46.5762,18.8528,160.259
0.0530203,0.0421271,0.157578,35.6308,19.5078,160.262
0.0529516,0.0713323,0.142132,35.397,19.9691,160.264
0.0496273,0.131298,0.111806,43.1865,19.2241,160.265
0.0528514,0.00669146,0.106815,36.8549,19.3267,160.269
0.050854,0.039141,0.0837798,41.3217,19.023,160.271
0.0511105,0.102811,0.143797,39.5054,19.3862,160.275
0.0486579,0.147389,0.0898148,46.3509,19.1348,160.275
0.0515712,0.0831632,0.155407,38.005,19.5748,160.28
0.0488644,0.0256067,0.0611844,47.563,19.14,160.281
0.051576,0.0881645,0.137054,38.0344,19.652,160.281
0.0521087,0.0321684,0.126471,37.3312,18.438,160.283
0.0511498,0.0403824,0.0875506,40.9036,18.5629,160.287
0.0519819,0.0219575,0.0844696,38.3877,17.2947,160.294
0.0521614,0.0271431,0.12514,37.7787,18.8356,160.298
0.051181,0.0271159,0.0876029,40.5183,18.5013,160.298
0.0537571,0.00717585,0.111599,34.3002,18.6892,160.298
0.0509435,0.01142,0.0691361,41.3803,17.5141,160.299
0.0517863,0.0239323,0.137379,38.1022,19.4014,160.303
0.052911,0.00542364,0.084009,36.7986,17.4012,160.304
0.0522923,0.120282,0.164627,36.7214,19.1413,160.304
0.0530598,0.0375397,0.133037,35.6941,19.5671,160.305
0.0525258,0.0757042,0.12148,36.7392,18.599,160.305
0.0496979,0.00345752,0.0773944,44.9846,18.7957,160.308
0.0524675,0.0126964,0.081608,37.9935,17.9108,160.31
0.0508236,0.0332227,0.149688,40.321,19.1067,160.311
0.0514951,0.0674319,0.103795,39.1278,19.858,160.312
0.0526311,0.0122763,0.15525,36.806,19.7451,160.315
0.0505771,0.102617,0.102416,41.0372,19.0233,160.315
0.0506535,0.123434,0.149242,40.1732,19.2442,160.315
0.0521327,0.0107848,0.16501,37.3061,19.0548,160.319
0.0514921,0.112831,0.150391,38.097,19.5699,160.322
0.0525588,0.0551734,0.148335,36.3141,19.2687,160.322
0.0536921,0.010319,0.109538,34.2328,18.004,160.325
0.0525397,0.0409091,0.133684,36.0975,18.1844,160.326
0.0530282,0.0214581,0.165847,35.797,19.5207,160.327
0.0508379,0.111755,0.120136,40.269,19.8182,160.327
0.0520528,0.0409955,0.152094,37.2237,19.5699,160.331
0.0504517,0.0643579,0.131084,41.5162,19.7368,160.332
0.0476674,0.0673507,0.0663808,50.4932,19.4864,160.337
0.0540802,0.0223309,0.151641,33.4352,19.8033,160.338
0.0534763,0.0594681,0.14327,34.3434,19.6898,160.347
0.0512862,0.0954237,0.123019,39.4335,19.3336,160.347
0.0540648,0.0168899,0.136284,33.848,19.8305,160.35
0.0516949,0.0500067,0.143666,38.7287,19.1978,160.352
0.0521023,0.10315,0.131311,37.6387,19.3568,160.353
0.0501369,0.0250059,0.124339,42.6322,19.1133,160.353
0.0507703,0.0424808,0.0840743,41.7937,18.7543,160.357
0.051119,0.111206,0.142842,39.8618,19.3901,160.36
0.0535705,0.0368842,0.132448,34.8514,19.1329,160.362
0.0514889,0.148669,0.135594,38.005,19.1202,160.363
0.0499629,0.14684,0.116517,42.6762,19.2178,160.363
0.0513288,0.0418264,0.135006,39.5642,19.3428,160.365
0.049927,0.0397082,0.0858339,43.0456,18.908,160.366
0.0512674,0.00646804,0.159106,39.4378,19.949,160.368
0.0540509,0.0295246,0.148522,33.8681,19.7705,160.371
0.0512638,0.0147829,0.0739702,40.6642,17.9571,160.371
0.0524006,0.0811506,0.140968,36.766,18.9664,160.374
0.0505296,0.0280485,0.0819168,42.5744,19.6144,160.374
0.049117,0.0451978,0.0673097,46.8526,19.4608,160.379
0.0522906,0.0289615,0.112264,37.798,19.5134,160.384
0.0509241,0.0170507,0.138511,40.8548,19.1421,160.385
0.0520135,0.028833,0.0915334,38.0738,18.4504,160.386
0.0505499,0.0211794,0.128861,41.8424,19.4302,160.387
0.0516301,0.0160928,0.0888161,39.5711,18.9256,160.387
0.0528785,0.00976346,0.0946806,36.467,18.4854,160.388
0.0512679,0.0804648,0.110045,39.7536,18.1768,160.389
0.0474027,0.0247724,0.0648927,51.1037,19.3991,160.39
0.054577,0.00360123,0.143413,32.545,19.8236,160.391
0.053669,0.0257391,0.114009,34.8375,18.6248,160.392
0.0542424,0.0848924,0.155263,32.148,18.9216,160.396
0.0496071,0.139025,0.111506,43.0675,19.7835,160.398
0.0494825,0.0732842,0.0910824,44.1626,19.4805,160.402
0.0524722,0.0961217,0.120585,36.3982,18.9137,160.402
0.0540536,0.0351259,0.140178,33.6348,19.9994,160.404
0.053075,0.0113773,0.13437,35.2579,18.4866,160.405
0.0506346,0.0937197,0.0951425,41.4297,19.6382,160.408
0.0500084,0.0345665,0.0903706,43.4815,19.5023,160.411
0.0530667,0.0617456,0.114475,35.5094,18.075,160.414
0.0521237,0.012602,0.0750177,38.4089,17.2806,160.415
0.0550221,0.0146096,0.156795,31.8036,19.0601,160.416
0.053067,0.0483661,0.148393,35.9096,19.5372,160.417
0.0488717,0.0079968,0.0598396,47.2421,18.5179,160.418
0.0514017,0.0121108,0.0668137,40.3409,17.9919,160.425
0.0514604,0.112452,0.161875,38.9988,19.3359,160.426
0.0511154,0.0353499,0.0916928,40.5082,18.0889,160.431
0.0525939,0.013676,0.164822,36.2239,19.8077,160.432
0.0489914,0.104827,0.100411,45.0599,19.699,160.432
0.0511445,0.133498,0.132202,39.1313,19.068,160.439
0.0535128,0.0237433,0.11409,34.0322,17.4098,160.439
0.0487325,0.0707925,0.0950755,46.741,19.9539,160.445
0.0493997,0.102219,0.0954127,44.8331,19.3613,160.45
0.052723,0.0443318,0.128679,36.8153,19.5803,160.453
0.0511299,0.102603,0.148239,39.7757,19.132,160.453
0.0503434,0.123243,0.128744,41.0423,19.6026,160.454
0.0479737,0.0380753,0.0714764,49.5539,19.3218,160.454
0.0505203,0.0851626,0.0995755,41.9599,18.5922,160.454
0.0498326,0.0790834,0.0876579,43.1503,18.9191,160.454
0.047698,0.0289125,0.0674665,50.4715,19.3697,160.454
0.0508967,0.0226325,0.129108,40.6578,19.8944,160.454
0.0530874,0.0502179,0.118764,35.5192,18.2724,160.455
0.0523695,0.0264636,0.102442,37.1623,18.9676,160.457
0.0527727,0.0333839,0.122741,36.5007,19.033,160.462
0.0519327,0.102357,0.161075,37.2965,19.4428,160.463
0.0504382,0.10519,0.119396,41.8846,19.4258,160.463
0.0528449,0.107841,0.153697,35.7829,19.2933,160.463
0.0520506,0.065327,0.13036,37.8134,18.5116,160.465
0.054375,0.0160369,0.134208,32.2427,17.6168,160.466
0.0525523,0.011135,0.153081,36.914,19.0515,160.467
0.0508718,0.0897875,0.121186,40.1692,19.3986,160.475
0.0507047,0.12107,0.138977,40.0822,19.0174,160.483
0.0510721,0.152417,0.131484,39.5783,19.8369,160.484
0.0482238,0.0792981,0.07519,48.8697,19.2624,160.485
0.0513214,0.012956,0.0838189,40.0181,19.4526,160.488
0.0499353,0.117105,0.129104,42.4081,19.1424,160.49
0.053009,0.0533461,0.157263,35.5881,19.7373,160.49
0.0495059,0.0174256,0.0631408,45.7925,18.6725,160.497
0.0527814,0.00621302,0.113089,36.8248,19.2582,160.498
0.0518232,0.165173,0.157524,37.2501,19.6996,160.499
0.0539386,0.0534938,0.163609,33.3329,19.7077,160.499
0.051928,0.0359985,0.0870066,38.3977,17.6927,160.506
0.051252,0.0587572,0.128934,39.3127,19.2894,160.508
0.0513378,0.0992852,0.113449,39.0933,19.3985,160.509
0.0491522,0.083332,0.0850764,45.5109,19.6277,160.509
0.0532822,0.0219728,0.105476,35.0467,18.351,160.513
0.0486134,0.00872047,0.0782795,47.9883,19.3391,160.515
0.0517284,0.0151955,0.0725304,39.3648,17.3522,160.516
0.0509333,0.0927601,0.0976351,40.1317,18.5177,160.518
0.0537318,0.013143,0.111602,34.7175,18.0416,160.519
0.0485567,0.0121172,0.0570698,48.9856,18.5818,160.519
0.0504864,0.0199096,0.137133,41.4801,19.8389,160.521
0.0523401,0.0429279,0.108642,37.5979,19.6397,160.527
0.0541326,0.0153674,0.124344,33.2539,18.134,160.532
0.0530125,0.0391309,0.160837,35.56,19.0687,160.533
0.052897,0.0643181,0.13728,35.0274,18.105,160.533
0.0538906,0.0497459,0.143611,33.765,18.0138,160.538
0.0539099,0.0183923,0.161696,33.2505,19.7474,160.54
0.050846,0.106196,0.112046,40.1181,19.8662,160.542
0.047958,0.0949849,0.067974,49.3389,19.0497,160.542
0.0512574,0.085921,0.111519,39.6418,18.1754,160.544
0.0520659,0.0738292,0.14596,37.5388,19.5491,160.544
0.0529446,0.0228193,0.145752,35.3394,18.0597,160.544
0.0509904,0.0436577,0.102937,40.3577,18.9797,160.549
0.0508637,0.0541236,0.136968,40.3403,19.2672,160.551
0.0518051,0.00736144,0.11957,38.7525,19.66,160.554
0.051294,0.0120952,0.0925784,40.3723,19.7068,160.554
0.0530668,0.0575865,0.114052,35.0658,18.7347,160.555
0.0489218,0.140951,0.103978,45.1258,19.4476,160.556
0.0510458,0.176874,0.134043,39.5296,19.8002,160.558
0.0523649,0.0484181,0.0978307,37.3154,18.754,160.562
0.051111,0.0727003,0.0856439,40.1522,18.3545,160.564
0.0517213,0.0615479,0.109562,38.758,18.4407,160.565
0.0493988,0.146934,0.0903432,44.3692,19.5399,160.565
0.0515497,0.113244,0.133508,38.6994,19.903,160.567
0.0517422,0.0937154,0.115861,38.1118,19.5164,160.569
0.0528899,0.0103589,0.0939931,36.2472,18.8493,160.57
0.0483589,0.0235014,0.0722991,48.7565,19.3559,160.571
0.0529173,0.0872956,0.145069,35.5937,19.4014,160.572
0.0505552,0.0926469,0.10027,41.0571,19.7362,160.574
0.0526072,0.0296876,0.127383,36.6167,18.4175,160.58
0.0538023,0.0920314,0.141562,33.1834,18.5848,160.58
0.0494719,0.0698334,0.09272,44.4113,19.0464,160.581
0.0528267,0.0158626,0.106219,36.9521,18.3357,160.583
0.0522689,0.0588058,0.123701,37.3797,19.4024,160.584
0.0515622,0.138683,0.133918,38.1435,19.9159,160.585
0.052387,0.0948243,0.164778,36.4648,19.9388,160.586
0.0542413,0.073475,0.154373,32.0848,18.5708,160.586
0.0504306,0.0496447,0.138187,41.861,19.4644,160.587
0.0502638,0.0745725,0.0848135,42.1968,18.4954,160.587
0.0493554,0.116249,0.102183,44.1393,19.4771,160.588
0.0511666,0.0456681,0.16482,39.8604,19.7006,160.591
0.0525151,0.0721332,0.120074,36.8242,18.9855,160.592
0.0494199,0.0755687,0.105033,44.4093,19.3762,160.595
0.0503151,0.175964,0.115899,41.8894,19.7806,160.597
0.0540448,0.033326,0.147011,33.1798,19.4404,160.598
0.0490339,0.0844637,0.0987214,45.3778,19.8262,160.599
0.0520089,0.081774,0.1289,37.0876,18.3207,160.601
0.0538298,0.0319423,0.156739,33.4984,18.7318,160.602
0.0500369,0.0679879,0.0825755,43.6109,19.1981,160.603
0.0536775,0.0102699,0.0976799,34.9409,17.9249,160.615
0.050729,0.0831122,0.145587,40.1167,19.7539,160.617
0.0512665,0.10459,0.104943,39.3925,18.6679,160.619
0.0515229,0.0171558,0.0999898,39.3543,19.7108,160.62
0.0530863,0.0138928,0.158415,35.1523,19.5255,160.621
0.0518281,0.162987,0.153321,37.3391,19.8254,160.623
0.0512871,0.00517903,0.157336,39.4368,19.6569,160.623
0.0526056,0.0535436,0.119043,36.9072,18.1222,160.624
0.0513542,0.0223385,0.0684422,40.6874,17.7976,160.624
0.0536516,0.0234479,0.100544,34.0062,17.7403,160.628
0.0523523,0.0370971,0.100812,37.647,18.3583,160.632
0.0511269,0.0609589,0.0863946,40.7634,18.9437,160.632
0.0505527,0.0609634,0.11609,41.7014,19.6567,160.633
0.0514938,0.0730046,0.10253,39.9204,19.5324,160.644
0.0523099,0.0117897,0.112428,37.273,19.0799,160.644
0.0528167,0.0316704,0.0991158,36.4967,18.534,160.646
0.0483662,0.126464,0.0859463,47.1414,19.9932,160.647
0.0537412,0.0842278,0.14971,33.4017,18.0341,160.648
0.048256,0.105734,0.0696836,48.6871,19.1798,160.651
0.0502121,0.0590609,0.098496,42.2115,19.3805,160.655
0.0521637,0.070202,0.106547,37.7447,18.4449,160.658
0.0530576,0.0134433,0.1368,35.2968,18.0789,160.659
0.0501348,0.134444,0.0969261,42.0252,19.9899,160.661
0.052014,0.0293207,0.0867442,38.9386,18.9923,160.666
0.0498054,0.0272449,0.0695513,44.667,18.507,160.669
0.0538661,0.0611379,0.135556,33.1227,18.6696,160.67
0.0519746,0.127061,0.145226,37.1133,19.8677,160.676
0.0517748,0.00454782,0.0787497,39.3024,18.0558,160.679
0.0535895,0.0156759,0.109346,34.7025,17.5458,160.679
0.0544272,0.0357917,0.155786,32.817,19.8359,160.68
0.0516953,0.00430452,0.0980629,39.112,19.543,160.681
0.0510245,0.123513,0.161246,39.8924,19.5172,160.683
0.0532609,0.0220678,0.119938,35.2153,19.843,160.688
0.0516058,0.124126,0.1346,38.449,19.0876,160.688
0.0526568,0.00974387,0.11585,36.0615,18.4962,160.689
0.0504894,0.0687186,0.114385,41.6719,19.1993,160.693
0.0510575,0.170739,0.131795,39.8779,19.3345,160.693
0.0550101,0.00433673,0.123627,31.0891,17.7734,160.695
0.052949,0.0948909,0.151845,35.0746,19.7787,160.697
0.0524358,0.082483,0.13192,36.4994,18.3169,160.702
0.0523922,0.0791667,0.141442,36.2003,18.8495,160.703
0.053347,0.0386778,0.159921,34.7969,18.8466,160.703
0.0509488,0.0538089,0.121294,40.0735,19.8373,160.705
0.052015,0.099554,0.123117,37.3967,18.7059,160.705
0.0511904,0.03063,0.0869297,40.2684,18.6527,160.705
0.0516929,0.046241,0.147967,38.5995,19.0436,160.708
0.0514119,0.0176719,0.129698,39.7176,19.6417,160.711
0.0542454,0.0806115,0.155251,32.3317,18.4018,160.711
0.0521819,0.0306217,0.124962,37.1328,19.9648,160.712
0.0536172,0.0117837,0.103945,34.2747,17.7558,160.714
0.0526192,0.0198995,0.155076,36.5239,19.0972,160.716
0.0500852,0.0492871,0.123614,42.1971,19.8738,160.72
0.0523042,0.0490823,0.108505,37.2462,19.3724,160.721
0.0501854,0.0927881,0.0903246,42.5663,18.3644,160.722
0.0545291,0.0229649,0.155513,32.3808,19.6006,160.723
0.0487194,0.0511386,0.0639883,47.381,18.1495,160.725
0.0487424,0.0923367,0.0929439,46.0395,19.2715,160.725
0.0500976,0.0300322,0.0780778,43.5553,19.6429,160.727
0.0506201,0.0476803,0.0933098,41.4959,18.503,160.728
0.0534722,0.0401151,0.143631,34.2319,19.928,160.73
0.0498136,0.0129898,0.115755,43.5732,19.2689,160.737
0.0523745,0.11484,0.147265,36.1552,19.0912,160.738
0.0537739,0.08004,0.146429,33.5253,18.0427,160.742
0.0507769,0.0731086,0.136143,40.1999,19.0554,160.742
0.0517026,0.102681,0.117264,38.0722,19.3157,160.743
0.0508808,0.0114973,0.0809557,41.2826,18.8433,160.743
0.0505391,0.0811773,0.0992469,41.8309,18.5572,160.746
0.0505925,0.0222962,0.0707565,42.4528,18.3814,160.747
0.0496015,0.112807,0.123526,43.5477,19.1728,160.753
0.0499153,0.0149002,0.0963591,43.8303,19.4614,160.755
0.0484732,0.0670749,0.0868293,47.702,19.0482,160.756
0.0524822,0.0770133,0.129143,36.4812,18.5444,160.76
0.0536732,0.0235571,0.111132,34.2989,18.9081,160.76
0.0517648,0.0119632,0.11858,38.2678,18.0228,160.762
0.051029,0.00618452,0.0714052,41.7014,18.8364,160.763
0.0537603,0.0725425,0.150102,33.8252,18.1589,160.77
0.0531776,0.0402682,0.113221,35.2335,18.9514,160.775
0.0490773,0.0472336,0.101138,45.7077,19.2803,160.781
0.048916,0.144743,0.102438,45.6397,19.9868,160.782
0.0542801,0.0438935,0.157148,32.4618,18.1577,160.785
0.052681,0.01095,0.111191,36.5474,18.7825,160.785
0.0536152,0.0151327,0.113794,34.5103,18.6368,160.785
0.0526945,0.0319815,0.118537,36.6226,19.0565,160.789
0.0532955,0.0503368,0.160417,34.1525,18.0193,160.79
0.0521376,0.0315713,0.156178,37.7119,19.7875,160.79
0.0527862,0.126875,0.160473,35.0922,19.8687,160.791
0.0540539,0.0392094,0.137652,33.1604,19.3034,160.792
0.0495709,0.0162793,0.0993624,44.5028,19.9523,160.793
0.0540058,0.0445426,0.157174,33.374,19.2812,160.793
0.0512767,0.0593682,0.121466,39.1029,19.1837,160.794
0.0542774,0.0790927,0.153508,32.582,18.7455,160.794
0.0502334,0.00708639,0.0630699,43.9186,17.857,160.797
0.0533471,0.0316286,0.160742,34.0891,18.5804,160.799
0.0540047,0.0357854,0.141996,33.2125,19.6265,160.799
0.0536987,0.00671282,0.139883,34.2172,19.8286,160.799
0.0477938,0.0126337,0.0643737,50.414,19.8223,160.801
0.0506498,0.0165088,0.101996,41.06,19.3474,160.806
0.0526011,0.0706883,0.123491,36.6332,19.6911,160.806
0.0515808,0.0845904,0.153958,38.0648,19.0792,160.807
0.0499357,0.0442092,0.0959811,43.0632,19.5303,160.808
0.0502576,0.191875,0.120554,41.9102,19.6885,160.811
0.0542756,0.045434,0.157826,32.0129,18.2648,160.812
0.0513557,0.0242639,0.118689,39.8182,19.6959,160.813
0.0505207,0.0560105,0.124601,41.3464,19.6928,160.813
