beta,permeability,xi,init_days,delay,value
0.0503411,0.00266191,0.166106,36.9032,17.5413,95.8687
0.0498896,0.00974205,0.161445,37.8643,17.1472,96.518
0.050808,0.0019569,0.166202,35.5182,17.5395,96.6027
0.0527821,0.00643184,0.162849,31.2575,16.8276,96.7498
0.0478241,0.00196498,0.165371,42.7128,18.0645,97.0641
0.0498632,0.0239899,0.165907,37.343,17.122,97.0949
0.0522832,0.00508702,0.156336,32.541,16.2828,97.2512
0.0494806,0.00465384,0.160789,38.714,17.489,97.3523
0.0494545,0.0098916,0.159106,38.176,17.8731,97.4213
0.0504024,0.00273017,0.159599,36.8947,17.4044,97.5791
0.0499065,0.0187112,0.164453,37.3845,17.4851,97.669
0.0523207,0.00756715,0.158946,32.0159,16.6487,97.7203
0.0495067,0.00655029,0.161507,38.4998,17.2831,97.7279
0.0499342,0.0147289,0.165375,37.0206,17.9494,97.7818
0.0549382,0.0107578,0.157016,27.7335,15.5807,97.7818
0.0521578,0.0174487,0.164192,32.4513,16.0423,97.804
0.0528426,0.0103444,0.163402,31.2531,16.3542,97.8852
0.0548638,0.0212986,0.162761,27.4029,15.4834,97.9481
0.0522577,0.0217339,0.163027,32.5041,16.054,97.9731
0.0499701,0.00945251,0.165629,37.1488,17.4926,98.0029
0.0580753,0.00467198,0.164,22.1181,14.0135,98.0352
0.049879,0.0256642,0.163478,37.0087,17.8846,98.0439
0.0522374,0.0199594,0.158162,32.4481,16.6805,98.0482
0.0543344,0.0134915,0.155645,28.0235,15.8397,98.0621
0.0474866,0.00603988,0.161528,43.3855,18.6993,98.0778
0.0527794,0.0191427,0.163746,31.6669,16.1427,98.1008
0.0543477,0.00375996,0.160759,28.5497,15.6123,98.1161
0.0494292,0.0290284,0.16464,38.8555,17.986,98.1711
0.0543463,0.00489644,0.161071,28.4261,15.3521,98.1761
0.0544174,0.00330067,0.147427,28.1594,15.2913,98.2567
0.0543338,0.010942,0.152667,28.6838,15.4816,98.2838
0.0538025,0.00618798,0.16475,29.7415,16.0561,98.3161
0.0532787,0.00543173,0.159446,30.6374,16.1255,98.3637
0.0550153,0.00835135,0.165398,27.3679,15.2394,98.3852
0.049388,0.0300958,0.166001,38.2728,17.0728,98.3884
0.0513361,0.0023245,0.162097,34.6994,16.0165,98.3999
0.0548867,0.00833907,0.157499,27.4119,15.3148,98.4277
0.0474464,0.00225295,0.166401,43.2802,18.879,98.4322
0.0494065,0.0321359,0.159639,38.2917,17.7693,98.4446
0.0490162,0.0169098,0.153869,39.7258,17.029,98.4711
0.0543309,0.0215042,0.161021,28.212,15.8925,98.4716
0.0498109,0.0304407,0.162046,37.2333,17.1982,98.5409
0.0573707,0.0133618,0.161304,23.1389,14.0757,98.5562
0.0526672,0.0256896,0.163813,31.7895,16.089,98.5779
0.0516837,0.010048,0.152857,33.227,16.2981,98.6064
0.0521668,0.00290906,0.160754,32.1287,16.398,98.6122
0.0508002,0.010882,0.162864,35.4741,17.4054,98.6484
0.0498942,0.0309546,0.165763,37.7035,17.6111,98.6619
0.0543051,0.00967665,0.154341,28.4801,15.8088,98.6806
0.0542904,0.0320538,0.161221,28.9621,15.1111,98.6812
0.0542685,0.00700405,0.159213,28.8714,15.6027,98.7152
0.0516654,0.0250952,0.165906,33.6828,16.2433,98.7223
0.0490184,0.00531017,0.147167,39.4179,17.2139,98.7234
0.04904,0.0194288,0.161637,39.1401,17.722,98.7354
0.0543104,0.00568094,0.165063,28.0586,15.9374,98.739
0.0548187,0.0067011,0.16283,27.1125,15.4401,98.766
0.0542703,0.0242891,0.162166,28.8704,15.822,98.7733
0.0572922,0.0109909,0.165664,23.4388,14.7233,98.789
0.0508158,0.0166787,0.163849,35.602,17.01,98.8036
0.0543059,0.0231912,0.165802,28.902,15.3037,98.8167
0.0487782,0.0166036,0.166133,40.1311,18.2136,98.8208
0.0538644,0.00670127,0.166185,29.1785,16.9897,98.8527
0.0493778,0.0361114,0.158172,38.5733,17.8773,98.859
0.0439605,0.00353014,0.165748,55.8908,18.7407,98.8592
0.0503611,0.00214674,0.166265,37.3489,16.9182,98.8609
0.0477965,0.0116884,0.165665,43.2524,17.838,98.8694
0.0542544,0.0345834,0.158941,28.8018,15.3862,98.8937
0.0486822,0.0117714,0.165856,40.8978,18.6123,98.9017
0.0542855,0.0310986,0.165525,28.1655,15.6838,98.9082
0.050265,0.0138696,0.161129,36.6862,17.042,98.9478
0.048872,0.00671894,0.163337,40.0379,18.7038,98.9491
0.047031,0.0252301,0.158933,44.6615,18.308,98.966
0.0512431,0.0206686,0.15391,34.2764,16.0445,98.974
0.0499161,0.00405425,0.151041,37.7297,17.162,98.9745
0.051831,0.00860403,0.158737,33.728,16.2183,98.9873
0.0504637,0.0163796,0.162378,36.488,17.2512,99.0161
0.0516371,0.0197515,0.158372,33.5853,16.872,99.0241
0.0513028,0.00655355,0.163007,34.3563,16.1313,99.0245
0.0493782,0.0204436,0.162865,38.071,17.9368,99.0364
0.0479179,0.0178898,0.162977,42.9005,18.7186,99.0382
0.0494599,0.0157487,0.150666,38.3133,17.1163,99.0532
0.0503526,0.00265452,0.164017,37.3614,16.0205,99.0641
0.0516634,0.0170498,0.16456,33.7551,16.6279,99.0696
0.0494465,0.0282243,0.157931,38.5355,17.6047,99.0905
0.0516226,0.0471709,0.164196,33.2869,16.1254,99.0911
0.0537689,0.0224255,0.149966,29.6962,15.2552,99.0936
0.0458079,0.00618166,0.166366,49.9682,18.9888,99.1231
0.0489116,0.00301055,0.166307,40.9551,18.2105,99.1326
0.0518145,0.0133851,0.161269,33.4335,16.4665,99.1348
0.056776,0.00342531,0.156816,24.8974,14.5613,99.1363
0.0505388,0.00744126,0.164121,36.7328,17.542,99.1366
0.0479476,0.00227635,0.153454,42.5718,18.6537,99.1419
0.0537804,0.0230784,0.149415,29.4391,15.9261,99.1561
0.0518692,0.00543524,0.162066,33.4082,16.0013,99.1787
0.049943,0.0135451,0.152628,37.339,17.4117,99.1895
0.05179,0.00469887,0.143678,33.4285,16.8343,99.1926
0.0517463,0.0291337,0.158056,33.3241,16.7536,99.2094
0.0600709,0.00867337,0.163458,19.6754,13.8117,99.2124
0.0479007,0.00335247,0.160924,43.5187,17.1283,99.2144
0.0489931,0.032521,0.163822,39.0819,17.1442,99.2228
0.0542293,0.0134929,0.159307,28.4112,15.7472,99.25
0.0566801,0.0124166,0.154762,24.8786,14.6379,99.2623
0.0478758,0.00572607,0.155617,42.7906,18.6795,99.2679
0.0470474,0.0100215,0.162425,45.3654,17.611,99.2759
0.0516626,0.0324189,0.153525,33.8045,16.4334,99.2781
0.0537651,0.00597802,0.146845,29.147,15.2213,99.29
0.0493868,0.0095474,0.159969,38.6947,17.2471,99.293
0.0507998,0.010727,0.160072,35.713,17.9363,99.294
0.0567037,0.00504005,0.148509,24.8001,14.9405,99.2951
0.0553822,0.0275729,0.166378,26.7101,15.5023,99.2983
0.055683,0.00614355,0.162944,26.021,15.0895,99.3014
0.0512759,0.0227546,0.165427,34.1712,16.1012,99.3014
0.054251,0.00930746,0.164087,28.731,15.8826,99.3066
0.0484251,0.0145638,0.164261,41.9502,18.3077,99.3232
0.0483609,0.0211492,0.165957,41.1874,18.866,99.329
0.0523648,0.0106755,0.159794,32.1022,16.5086,99.3456
0.0567293,0.00948422,0.158405,24.8342,14.147,99.3558
0.0490462,0.00824944,0.163827,39.5087,17.0446,99.3659
0.0516548,0.0296612,0.153853,33.7977,16.3044,99.367
0.048644,0.00694065,0.142242,40.0721,17.111,99.3768
0.0517403,0.0306232,0.155402,33.6399,16.6837,99.3967
0.0489698,0.0408408,0.161442,39.8078,17.0133,99.4004
0.0573713,0.0188,0.160113,23.2503,14.8474,99.4046
0.0537433,0.0303408,0.149806,29.0583,15.3824,99.4065
0.0518683,0.00834838,0.160589,33.7439,16.5392,99.4126
0.055038,0.0104359,0.163005,27.9161,15.6159,99.4144
0.0542109,0.0374447,0.162523,28.7243,15.4704,99.4178
0.0474605,0.0173449,0.164781,44.8037,17.6527,99.4282
0.0494194,0.0252205,0.152263,38.7154,17.4997,99.4362
0.0567722,0.00393803,0.160263,24.337,14.4415,99.4412
0.0490479,0.0245686,0.161633,39.6367,17.1725,99.4467
0.0543526,0.0277169,0.164423,28.7178,15.9935,99.4591
0.0486717,0.00823143,0.159509,40.6694,17.8837,99.4761
0.049124,0.0102377,0.161821,39.0886,17.2224,99.4771
0.0505424,0.00820911,0.158169,36.4482,17.5152,99.4861
0.0527086,0.0245746,0.158494,31.6418,16.6403,99.4871
0.0512138,0.0322023,0.152773,34.7953,16.22,99.4914
0.0478052,0.0222315,0.160212,42.0539,18.2042,99.4998
0.045664,0.00964969,0.162854,49.0944,18.811,99.5009
0.0511807,0.0355958,0.154295,34.089,16.7001,99.5045
0.0518547,0.00747434,0.148686,33.7477,16.7883,99.5182
0.0430935,0.00543658,0.164542,58.1948,19.3847,99.522
0.0485789,0.0161086,0.164899,40.8902,18.6705,99.5255
0.0436915,0.0119475,0.16473,56.8327,18.9811,99.5256
0.0537792,0.0167656,0.157094,29.5569,15.8615,99.5272
0.0502842,0.0191735,0.157776,36.889,17.4992,99.5299
0.0503891,0.0196434,0.158582,36.7537,17.7537,99.5322
0.0466249,0.0119116,0.165364,46.0408,18.9332,99.5347
0.057949,0.00970601,0.161139,22.1418,14.2381,99.5385
0.0470781,0.0146643,0.162656,45.3836,17.3997,99.5417
0.0500641,0.00696818,0.159796,37.3444,17.8606,99.5487
0.0517784,0.0248655,0.162052,33.8746,16.9899,99.5589
0.0537152,0.029281,0.153637,29.4295,15.6732,99.5655
0.0566463,0.010478,0.155825,24.8262,14.9329,99.5835
0.0512014,0.0275767,0.160018,34.8322,16.4084,99.5853
0.0509676,0.0194523,0.165414,35.9738,17.9503,99.5899
0.0498797,0.00490591,0.160381,38.6729,16.0781,99.5906
0.0498467,0.0435156,0.16214,37.8615,17.8438,99.5979
0.0573159,0.0191132,0.156377,23.9538,14.0975,99.5988
0.0560899,0.0154799,0.165179,25.831,15.1644,99.605
0.0471264,0.00976745,0.154143,44.6832,18.4694,99.6149
0.0490065,0.00792268,0.166108,40.5348,17.1219,99.6329
0.0567508,0.0140367,0.155728,24.9518,14.8888,99.6478
0.0489683,0.00649914,0.162344,39.1591,18.012,99.6492
0.0486719,0.0163138,0.165347,40.0343,17.5872,99.6566
0.0466866,0.014794,0.152233,45.5751,18.1016,99.666
0.0600315,0.0123639,0.162139,19.1234,13.2828,99.667
0.0489585,0.022232,0.155086,39.3858,17.6581,99.6679
0.0451369,0.0106044,0.165694,51.2375,18.5782,99.6713
0.0486771,0.0165855,0.166381,40.2813,17.6019,99.6881
0.0554461,0.014682,0.15693,26.3164,15.9547,99.6901
0.0507492,0.00467928,0.155281,35.14,17.8548,99.695
0.0512428,0.00879731,0.159268,34.4061,16.1191,99.6997
0.0449345,0.00197002,0.16441,51.0513,19.7974,99.705
0.0534772,0.00691416,0.162253,30.5901,16.4985,99.71
0.049962,0.0255629,0.159049,37.2762,17.7814,99.7213
0.0513855,0.0044657,0.161719,34.7467,17.1339,99.7329
0.0502339,0.0102431,0.166184,36.6322,17.6393,99.7346
0.0566486,0.0158278,0.159159,24.0213,14.9149,99.741
0.0486517,0.0186843,0.162599,40.6226,17.3595,99.7438
0.0526658,0.0262533,0.158058,31.1917,16.743,99.7474
0.0505385,0.00206024,0.166353,36.0825,16.5475,99.7477
0.0486068,0.0246931,0.154741,40.4056,17.0607,99.752
0.0480346,0.0134422,0.166088,42.0099,18.4917,99.7557
0.056679,0.0239413,0.153243,24.6022,14.4185,99.7563
0.0534087,0.0117179,0.161359,30.2688,16.9796,99.7641
0.0600785,0.0126905,0.159245,19.233,13.5797,99.7656
0.0547906,0.036271,0.16091,27.4181,15.9247,99.7685
0.0491591,0.0109194,0.164988,39.7586,17.3448,99.7704
0.0476462,0.00844359,0.164626,43.7715,18.1606,99.7706
0.0507863,0.0086509,0.138032,35.7174,16.5352,99.7765
0.0524252,0.00700093,0.165244,32.7203,16.8924,99.7827
0.0486956,0.00834579,0.160915,40.6392,18.2004,99.7829
0.046243,0.00398686,0.159793,48.3264,17.2722,99.7846
0.051178,0.0229974,0.165607,34.3927,17.7692,99.7847
0.0537166,0.0336974,0.148484,29.9852,15.2897,99.7878
0.0453242,0.00577409,0.159515,49.34,19.4721,99.7958
0.0537658,0.0222372,0.160021,29.7933,15.5836,99.8045
0.0446846,0.0142046,0.158637,52.0131,18.6251,99.8051
0.0579814,0.0246606,0.165495,22.0176,14.1609,99.8091
0.0511901,0.00763569,0.146924,34.7566,16.8259,99.8103
0.0550451,0.0128735,0.160359,27.7039,15.4682,99.8118
0.0567499,0.00418879,0.164343,24.4375,14.4366,99.8126
0.0537409,0.0255329,0.158346,29.4003,15.8434,99.8198
0.0469667,0.0505155,0.161176,44.6827,18.9596,99.8213
0.0512334,0.032497,0.150045,34.3838,16.1447,99.822
0.0537108,0.0340174,0.158063,29.3245,15.283,99.8242
0.049056,0.0111075,0.143553,39.4169,17.4412,99.8324
0.0554537,0.00468921,0.155983,26.3726,15.2836,99.8324
0.0567623,0.0134226,0.149102,24.7706,14.8711,99.8328
0.0433668,0.00526115,0.162125,57.8366,19.9537,99.8329
0.0473922,0.00590323,0.165999,43.3732,18.7271,99.834
0.0462215,0.00929446,0.162131,48.829,17.6998,99.8395
0.0484424,0.0170976,0.163769,41.901,18.5124,99.8448
0.0488015,0.0211481,0.163789,40.5021,18.5078,99.8583
0.0439044,0.0150492,0.163333,55.9322,19.9931,99.864
0.0446902,0.0177853,0.158157,52.7856,18.806,99.8729
0.0486209,0.00965917,0.151891,40.3962,17.169,99.8746
0.0487287,0.00495508,0.159398,40.8595,18.6217,99.8788
0.0466883,0.0161889,0.156375,45.1376,18.6784,99.8791
0.0495698,0.0118714,0.151132,38.9224,17.7655,99.8804
0.0504803,0.0101475,0.16563,36.0379,16.3403,99.8852
0.0461408,0.00386147,0.163165,48.4967,17.9201,99.8855
0.0555488,0.00658121,0.154316,26.1205,15.1184,99.8895
0.0511749,0.0208915,0.164271,34.4917,17.401,99.8933
0.0497928,0.0175209,0.158949,37.9274,17.0334,99.9
0.0511835,0.0119518,0.161632,34.0121,17.8344,99.9031
0.0461082,0.0207895,0.163614,47.2232,19.3849,99.9111
0.048118,0.00240314,0.162783,42.0533,17.3955,99.9118
0.0600127,0.00235311,0.163977,19.6925,13.7945,99.9189
0.0482461,0.0122733,0.159519,41.7395,18.3401,99.9194
0.0538659,0.00390924,0.137841,29.789,15.1347,99.9236
0.0489537,0.021255,0.155584,39.9839,17.5561,99.9271
0.0504266,0.0273748,0.161449,36.1594,17.7667,99.9271
0.0515802,0.031068,0.163585,33.7544,16.7421,99.9277
0.0504359,0.00402109,0.16564,36.8555,16.4375,99.9337
0.0560979,0.00494335,0.146009,25.6009,14.4383,99.9394
0.0531513,0.0284083,0.163175,30.2488,16.3189,99.9403
0.0487904,0.00349025,0.162137,40.2193,17.3981,99.9417
0.0549784,0.0189097,0.155531,27.7492,15.558,99.9432
0.0468336,0.00429227,0.164033,46.4699,17.9787,99.9462
0.0474016,0.00545789,0.154361,43.5307,18.6612,99.9505
0.0526241,0.0283417,0.16206,31.563,16.0408,99.951
0.048132,0.032135,0.164886,41.59,18.8214,99.9545
0.046712,0.0141525,0.160285,46.6153,17.7221,99.9591
0.0508112,0.0188936,0.159939,35.8724,16.1738,99.9622
0.0475751,0.00697605,0.165286,44.7816,17.032,99.9702
0.0477961,0.0254226,0.159797,42.2239,18.4213,99.9941
0.0513249,0.0161308,0.148334,34.3486,16.2003,99.9957
0.0544147,0.0187276,0.152768,28.963,15.7014,99.999
0.0511587,0.0277257,0.149775,34.565,16.8731,100.005
0.0573214,0.016615,0.153693,23.2778,14.3486,100.008
0.0477817,0.00699875,0.154109,42.8794,18.4875,100.012
0.0573238,0.0267437,0.159004,23.41,14.358,100.016
0.0491444,0.0038808,0.162729,39.9041,18.6381,100.016
0.047531,0.0198222,0.15917,43.2303,18.9891,100.017
0.0533127,0.00537539,0.153598,30.9255,15.0041,100.021
0.0494203,0.0444779,0.159634,38.2715,17.4736,100.024
0.0568072,0.00861442,0.1647,24.432,14.8895,100.027
0.0511888,0.0440784,0.151146,34.1619,16.4418,100.029
0.0475712,0.00845397,0.152608,43.9435,18.668,100.029
0.0508223,0.0237628,0.163441,35.1952,16.0639,100.032
0.0601602,0.00788264,0.158195,19.747,13.5777,100.033
0.0459878,0.0122045,0.16372,47.9999,19.0285,100.033
0.0472293,0.00736742,0.165543,45.1568,17.464,100.033
0.0508735,0.00247045,0.144143,35.2474,16.5743,100.034
0.0430342,0.00856167,0.165588,58.3667,19.3925,100.036
0.0513514,0.0173379,0.166157,34.0575,16.9979,100.04
0.0511726,0.03656,0.163209,34.7386,16.9051,100.043
0.0498826,0.0115924,0.161875,38.4677,16.8446,100.045
0.0461141,0.00859951,0.165281,48.7104,17.5284,100.048
0.0436247,0.0169271,0.164673,56.2626,19.5315,100.055
0.0508027,0.0238248,0.162361,35.7373,16.905,100.058
0.0479997,0.00283023,0.162039,43.437,16.2881,100.058
0.0521943,0.0061346,0.148514,32.7334,16.8785,100.06
0.0452332,0.00480163,0.163811,51.3898,18.4558,100.065
0.0475593,0.0163893,0.159741,43.0748,18.1686,100.065
0.0476163,0.00208892,0.164929,44.2916,16.497,100.085
0.0563348,0.00216684,0.165938,25.5556,15.8838,100.086
0.0549126,0.0143403,0.150554,27.3325,15.713,100.087
0.0502196,0.0435178,0.165064,36.6472,17.988,100.087
0.0464886,0.00412679,0.163162,47.4897,17.5534,100.098
0.051334,0.0145177,0.150179,34.1577,16.9019,100.101
0.0594367,0.00386051,0.147172,20.9455,13.5354,100.11
0.0507795,0.0147813,0.152218,35.0844,16.1202,100.113
0.0581639,0.0061539,0.160216,22.1908,14.4585,100.128
0.049511,0.0168191,0.147003,38.7874,17.8854,100.131
0.0543898,0.0188899,0.148929,28.0646,15.0887,100.131
0.0503491,0.0134388,0.153737,36.3992,17.7413,100.135
0.0475469,0.0161313,0.155143,43.2642,18.1652,100.148
0.0566576,0.026203,0.151065,24.9799,14.3673,100.15
0.0467707,0.00603991,0.159908,46.1719,17.8014,100.166
0.0493344,0.0254886,0.160631,38.1512,17.779,100.167
0.0484035,0.00871165,0.163824,41.958,17.0861,100.175
0.0467179,0.0136948,0.148254,45.1567,18.237,100.183
0.0487176,0.00542768,0.158554,40.7003,18.516,100.189
0.0505401,0.0137348,0.158666,36.3603,17.8978,100.192
0.0516881,0.0118606,0.162906,33.1868,17.7269,100.196
0.0486556,0.0135727,0.146143,40.4505,17.1346,100.207
0.0502238,0.014955,0.162483,36.9214,17.0429,100.21
0.0486532,0.0180134,0.163237,40.9698,18.8503,100.211
0.0464108,0.00938689,0.163585,46.3374,19.3825,100.218
0.0481436,0.0119187,0.163961,42.4056,17.1759,100.219
0.048542,0.013208,0.160399,40.1823,18.8214,100.22
0.0465221,0.00322287,0.159734,47.3749,17.3674,100.222
0.0469227,0.00927318,0.164108,45.9357,18.3806,100.223
0.0499705,0.0285298,0.159108,37.9889,17.7262,100.224
0.050422,0.00503725,0.158461,36.8878,16.9984,100.227
0.0531508,0.0262567,0.16148,30.3718,16.5329,100.228
0.0473082,0.00639373,0.161242,44.9756,18.572,100.229
0.0474564,0.0333463,0.160717,43.797,18.6977,100.231
0.048998,0.039974,0.159485,39.0941,17.2536,100.233
0.057307,0.0105999,0.15045,23.898,14.0081,100.235
0.0513503,0.0130089,0.154637,34.9495,16.6035,100.238
0.0513144,0.0170151,0.14289,34.0495,16.7755,100.245
0.0493884,0.0526191,0.160573,38.7999,17.6329,100.246
0.0521936,0.0029449,0.162241,32.9039,17.6245,100.25
0.051294,0.0243644,0.159509,34.0709,16.6252,100.257
0.0497702,0.0110932,0.1649,38.1524,17.259,100.257
0.0487522,0.00532938,0.158188,40.2495,17.6798,100.258
0.0473147,0.0164446,0.165712,44.3033,18.4569,100.26
0.0510043,0.0171832,0.164547,35.2402,17.6658,100.26
0.050035,0.0177635,0.156955,37.0757,17.7966,100.265
0.0515987,0.0217996,0.157878,33.9035,16.4132,100.274
0.051135,0.0556012,0.158249,34.2849,16.9232,100.277
0.0461577,0.0225068,0.162273,47.6504,19.4698,100.277
0.0539411,0.0125095,0.166019,29.6772,16.968,100.279
0.0502217,0.0295024,0.161328,36.1934,17.6921,100.28
0.055545,0.0100562,0.154742,26.2766,15.089,100.28
0.0457829,0.00305065,0.153778,48.1383,19.9479,100.288
0.0539168,0.0122599,0.164868,29.1808,16.6739,100.288
0.0501476,0.00808651,0.162263,37.9471,17.3896,100.288
0.0467498,0.00561006,0.153161,46.9573,17.3213,100.292
0.0507246,0.0276152,0.148011,35.4437,16.1901,100.294
0.0491001,0.00305909,0.1396,39.8433,17.3725,100.297
0.0489487,0.0461862,0.153101,39.303,17.614,100.301
0.0454581,0.00971664,0.164729,50.4689,17.385,100.301
0.0486149,0.0198506,0.160154,40.2764,17.6708,100.303
0.0454961,0.00603485,0.16126,50.6694,17.2292,100.304
0.0473062,0.00739412,0.161339,44.5754,18.2993,100.304
0.0484725,0.00972086,0.159611,41.1732,18.6258,100.306
0.0527837,0.0052023,0.13166,31.0995,15.813,100.306
0.0538974,0.0110201,0.152236,29.6132,15.9678,100.315
0.0477347,0.009503,0.162494,43.6866,18.5403,100.322
0.0487867,0.0127652,0.158783,40.5685,18.2929,100.326
0.059368,0.0148381,0.154793,20.6532,13.9571,100.332
0.0454562,0.00778465,0.163511,49.8975,19.9011,100.335
0.0501575,0.0087282,0.162904,37.2294,17.2077,100.336
0.0547739,0.0327613,0.159631,27.9823,15.6117,100.337
0.0498033,0.0141255,0.165951,38.0063,16.8255,100.339
0.0593716,0.00268972,0.156277,20.4911,13.1177,100.344
0.0483551,0.0263261,0.160425,41.289,18.2767,100.35
0.0438842,0.00901721,0.161374,55.2053,19.0737,100.351
0.0474073,0.00228289,0.150759,43.0369,18.1444,100.353
0.0460724,0.0285286,0.164315,47.4722,19.2159,100.353
0.0489376,0.0221193,0.155481,39.4478,17.484,100.359
0.045997,0.00836325,0.161158,47.9279,19.2021,100.365
0.0513594,0.01876,0.165299,34.0444,16.4561,100.368
0.0507035,0.0304164,0.161993,35.0169,17.5683,100.377
0.0547512,0.0240055,0.16263,27.9489,15.9038,100.378
0.0566513,0.00489868,0.162542,24.486,15.0043,100.379
0.0446185,0.00813511,0.163237,52.3599,19.6332,100.382
0.0479674,0.00539302,0.165836,42.7186,17.4499,100.384
0.050469,0.0139128,0.163966,36.9376,16.6002,100.386
0.0507667,0.0268023,0.157812,35.6824,16.3092,100.39
0.0507639,0.0242158,0.159954,35.2032,17.4651,100.396
0.0550379,0.0130591,0.152705,27.9242,15.8577,100.403
0.0457915,0.0221907,0.166063,48.9117,19.6461,100.407
0.0491914,0.00400289,0.154011,39.51,17.7405,100.407
0.0543442,0.0166172,0.145263,28.9654,15.8284,100.416
0.0494198,0.0401949,0.153568,38.9843,17.2459,100.416
0.0535273,0.00201646,0.160093,30.9776,16.8063,100.418
0.0491074,0.016557,0.146844,39.3654,17.6131,100.423
0.0435087,0.00388303,0.164194,56.4027,19.6702,100.431
0.052048,0.0578336,0.164668,32.2862,16.998,100.432
0.0497517,0.0626012,0.166351,37.4994,17.0265,100.434
0.0454133,0.0135168,0.163587,49.9741,19.4011,100.439
0.0574805,0.00847342,0.152411,23.9775,14.2507,100.439
0.0507181,0.0285262,0.151454,35.8663,16.3072,100.442
0.0474905,0.00428592,0.153235,44.7874,17.6441,100.442
0.0504349,0.0127087,0.153492,36.8988,17.1781,100.444
0.0466961,0.0269882,0.153793,45.4146,18.9658,100.449
0.0461999,0.0202408,0.163372,47.1183,19.5509,100.449
0.0512018,0.0465882,0.155839,34.2049,16.4025,100.451
0.0513206,0.0198243,0.147181,34.0619,16.5894,100.455
0.0490985,0.0103628,0.163311,39.0519,18.6142,100.464
0.0592763,0.0253806,0.156595,20.4082,13.6126,100.466
0.0464761,0.00529293,0.162137,47.5409,17.6764,100.477
0.0554163,0.0196272,0.156149,26.8791,15.1629,100.479
0.0521892,0.0121671,0.146562,32.0092,16.4988,100.48
0.0454033,0.0251326,0.163343,50.1109,18.9096,100.484
0.0516581,0.0469849,0.154248,33.0842,16.4577,100.485
0.0551433,0.00218187,0.159452,27.0435,15.8634,100.486
0.0507257,0.0119348,0.154074,35.0141,17.3252,100.487
0.0498444,0.0528418,0.164263,37.5808,17.8124,100.489
0.0559911,0.0119866,0.164579,25.5226,15.7942,100.492
0.0497882,0.00887943,0.164395,38.187,16.6791,100.492
0.0488118,0.0119666,0.157707,40.4067,18.7689,100.494
0.0506437,0.00625515,0.165349,36.5187,17.6225,100.498
0.0531675,0.0114268,0.143545,30.5225,15.15,100.499
0.0448158,0.00815113,0.159697,52.1578,18.7135,100.5
0.0456951,0.0193129,0.160171,48.1182,19.8932,100.506
0.0485255,0.0393568,0.153685,40.3633,17.0609,100.506
0.0550039,0.0210587,0.156212,27.1455,15.5425,100.507
0.0600698,0.0211994,0.16297,19.7341,13.5338,100.508
0.0444439,0.00430541,0.158399,53.3223,18.0417,100.509
0.0499246,0.0249183,0.15294,37.8657,17.2422,100.512
0.0482586,0.0126714,0.155512,41.349,17.1851,100.521
0.0491793,0.00802538,0.155305,39.8406,17.453,100.522
0.051212,0.0146326,0.163783,34.7586,16.9247,100.525
0.051769,0.0264767,0.148927,33.7595,16.3341,100.526
0.0586446,0.00431608,0.159626,21.042,14.6876,100.528
0.0499018,0.0105194,0.158989,38.9631,16.4808,100.528
0.0542333,0.00326314,0.153824,28.3198,15.7439,100.536
0.0504869,0.002452,0.155166,36.3278,16.6968,100.54
0.0449612,0.0211955,0.163349,51.1348,18.9951,100.54
0.0455819,0.0296233,0.165618,48.955,19.7717,100.544
0.0508697,0.0145945,0.158298,35.3806,17.0451,100.544
0.0526249,0.0109837,0.156351,31.9206,16.7019,100.545
0.0455192,0.0103114,0.160257,50.6092,17.0176,100.547
0.0430458,0.00259356,0.157115,58.1856,19.6881,100.548
0.0486586,0.0160206,0.147245,40.4716,17.8735,100.55
0.0493969,0.0100498,0.159986,39.2066,16.934,100.553
0.0498743,0.0172188,0.1626,38.073,16.8268,100.553
0.0455211,0.00860092,0.160674,49.1049,19.9908,100.553
0.0482494,0.012482,0.152137,41.6192,17.3446,100.563
0.0488787,0.0655579,0.164955,39.9229,17.4341,100.569
0.0528049,0.00240487,0.137912,31.7629,15.6148,100.569
0.0475146,0.0134071,0.149119,43.3011,18.428,100.573
0.046747,0.0140675,0.158517,46.9829,17.8426,100.576
0.053272,0.0183538,0.158525,30.4852,16.5832,100.583
0.0500395,0.0198194,0.154518,37.1255,17.6612,100.585
0.0525953,0.00815936,0.165419,31.1221,16.4422,100.587
0.0490276,0.00799581,0.164713,40.6883,17.2055,100.587
0.0481428,0.0117546,0.161453,42.512,17.5546,100.588
0.0460874,0.0266874,0.161905,47.8978,19.7368,100.589
0.0489964,0.0187084,0.143091,39.4749,17.8688,100.592
0.0497503,0.00315103,0.162408,38.7804,16.8141,100.594
0.0529723,0.00569245,0.155032,31.6907,16.695,100.595
0.056504,0.030139,0.164013,24.8827,14.1627,100.598
0.0521319,0.0435935,0.156668,32.4937,16.0817,100.6
0.0482042,0.00587466,0.139452,41.3169,17.3179,100.601
0.0501196,0.0140103,0.162808,37.4474,17.9659,100.604
0.0493558,0.00948253,0.16032,39.0641,17.72,100.612
0.0462601,0.0131121,0.160902,47.8339,18.2273,100.614
0.0464784,0.02082,0.16128,46.5215,19.139,100.615
0.0560529,0.0116838,0.141378,25.5829,14.5029,100.615
0.049988,0.0175563,0.162798,37.8334,16.2088,100.62
0.0608091,0.016701,0.166314,18.0215,13.4181,100.62
0.0472241,0.00204782,0.159334,45.9275,16.6525,100.63
0.0437979,0.011689,0.164902,55.1666,19.6015,100.63
0.056084,0.0232762,0.146155,25.6453,14.2442,100.639
0.0493882,0.0427839,0.154206,38.711,17.295,100.64
0.0609968,0.00207189,0.16154,18.0641,13.1201,100.64
0.0601465,0.00930704,0.153817,19.6842,13.5087,100.643
0.0560473,0.0236726,0.154048,25.3658,14.3763,100.646
0.0536471,0.0395724,0.163677,29.6185,15.6282,100.647
0.0513038,0.00501661,0.156648,34.4249,17.0996,100.647
0.0441473,0.0160211,0.165775,54.0506,19.5461,100.649
0.0513802,0.0136337,0.155687,34.1498,16.3299,100.65
0.0490358,0.0151824,0.142157,39.3068,17.1006,100.652
0.0533247,0.0177063,0.159008,30.3549,16.8502,100.662
0.0523914,0.00856307,0.166018,32.7586,15.7804,100.663
0.0429033,0.00940791,0.165599,59.654,19.7002,100.665
0.0510808,0.0640143,0.160948,34.8546,16.002,100.666
0.0550057,0.016692,0.152325,27.5148,15.5893,100.667
0.0507841,0.0274142,0.139351,35.0235,16.1352,100.669
0.0452863,0.0208461,0.158098,49.2824,19.8973,100.67
0.0511684,0.0318418,0.164555,34.6213,17.3671,100.671
0.0536265,0.0264233,0.153453,29.2018,15.6779,100.673
0.0506842,0.0413975,0.165222,35.553,17.4768,100.674
0.044264,0.0201661,0.160185,54.0806,18.8837,100.674
0.0492188,0.00415169,0.154552,39.6226,17.1213,100.676
0.054948,0.0115687,0.148144,27.5497,15.2128,100.683
0.0534073,0.0030028,0.154645,30.7945,15.374,100.684
0.0455065,0.0135165,0.161723,50.9684,17.5748,100.686
0.0465478,0.0181073,0.160166,46.8634,19.0742,100.688
0.0548065,0.0242254,0.15299,27.1645,15.4894,100.69
0.0470169,0.00666087,0.166197,44.7582,19.3698,100.693
0.0510796,0.0636026,0.156972,34.9895,16.0896,100.7
0.0472965,0.055894,0.16542,43.9966,18.2982,100.701
0.0586508,0.0112409,0.162553,21.5694,14.0156,100.702
0.046648,0.0242631,0.166058,46.0612,17.1336,100.702
0.0439711,0.00348381,0.155381,55.3132,18.4854,100.705
0.0485437,0.0397815,0.159047,40.283,17.9339,100.705
0.0489009,0.0686692,0.165355,39.8015,17.0097,100.706
0.047931,0.00558909,0.160144,42.9309,17.5443,100.707
0.0432868,0.017917,0.161257,57.0345,19.388,100.707
0.0533149,0.0153117,0.138715,30.2474,15.4846,100.709
0.0513874,0.0115783,0.152902,34.0183,16.5408,100.711
0.0560211,0.0098539,0.157601,25.1481,15.1808,100.711
0.0516392,0.0386255,0.150171,33.7849,16.8957,100.715
0.0488698,0.0644088,0.161337,39.8809,17.5255,100.716
0.0461618,0.00549065,0.158686,48.1326,17.0273,100.717
0.0457951,0.0162379,0.157353,48.4988,19.209,100.718
0.0531078,0.014699,0.163769,30.919,16.8023,100.72
0.0436559,0.0284754,0.165767,56.175,18.231,100.723
0.0434168,0.0234014,0.163853,57.3716,18.9432,100.725
0.0479652,0.0252046,0.157564,42.1277,18.2082,100.727
0.0528114,0.00704964,0.154405,31.7488,15.1761,100.728
0.0481457,0.00885507,0.155675,41.9593,18.3105,100.729
0.0475129,0.0182269,0.16249,44.5716,17.805,100.73
0.051736,0.0408615,0.157481,33.3938,16.4489,100.73
0.0467954,0.00325536,0.155416,46.6343,17.3047,100.73
0.0429745,0.0227498,0.164544,58.3236,19.9507,100.734
0.0507535,0.0337078,0.163836,35.8059,16.6743,100.735
0.0478078,0.00385444,0.149069,42.4197,18.0932,100.737
0.0561075,0.00772204,0.155515,25.4355,14.2186,100.738
0.0601514,0.0124127,0.166228,19.9874,13.0774,100.739
0.0500801,0.0225364,0.166355,37.5105,17.734,100.741
0.0527506,0.0178564,0.135456,31.9343,15.0161,100.741
0.0437617,0.00730462,0.165031,55.9796,19.1533,100.744
0.0468129,0.0030566,0.153089,45.2707,18.845,100.745
0.048508,0.048616,0.154782,40.1672,17.1865,100.747
0.0472061,0.018472,0.164148,44.3311,18.3558,100.75
0.0489879,0.040214,0.149851,39.9446,17.3323,100.752
0.0479179,0.0112189,0.151155,42.2054,18.0557,100.752
0.0491021,0.0189691,0.16612,39.8346,18.1662,100.754
0.0458278,0.00304003,0.151041,48.5186,19.9269,100.754
0.0516032,0.00630568,0.165863,34.3376,15.9613,100.754
0.0475428,0.0121753,0.161674,44.6015,17.3128,100.756
0.0538617,0.00411723,0.157546,29.0496,16.2721,100.756
0.0463276,0.0167307,0.142365,46.0255,18.9468,100.757
0.0488128,0.0063272,0.158216,40.582,17.7606,100.764
0.0446825,0.00541794,0.164843,52.7088,18.0561,100.765
0.0526578,0.0232033,0.151663,31.257,16.8516,100.766
0.0474733,0.0214397,0.16064,44.059,17.0637,100.767
0.0536496,0.0469945,0.164755,29.7772,15.9791,100.771
0.0492129,0.0150441,0.162973,39.4054,18.6315,100.775
0.0568066,0.0124867,0.160343,24.1357,14.0089,100.779
0.0527689,0.014389,0.136526,31.076,15.886,100.78
0.0536676,0.00800959,0.157163,29.4213,15.7987,100.785
0.0444446,0.0081708,0.156683,53.395,18.6713,100.785
0.0523576,0.0155193,0.165168,32.6377,15.5822,100.786
0.0510324,0.0154382,0.164376,35.3087,17.7022,100.787
0.042957,0.0169302,0.162911,58.5444,19.315,100.79
0.0537627,0.0224559,0.164067,29.7703,16.6922,100.79
0.0464229,0.00540915,0.157188,47.0157,17.9101,100.792
0.0503666,0.00898319,0.149143,36.9363,16.9617,100.797
0.0555742,0.0244834,0.163105,26.5923,15.9558,100.799
0.0479766,0.0146363,0.166025,42.7437,17.8189,100.802
0.0452708,0.0189692,0.161132,49.4752,19.9627,100.803
0.05364,0.0164675,0.154088,29.0176,15.4698,100.804
0.0485045,0.0487059,0.15353,40.0706,17.8462,100.806
0.0533716,0.0134467,0.162298,30.9699,15.5114,100.807
0.0489204,0.0107137,0.163512,39.6463,18.675,100.813
0.0482032,0.00579385,0.15602,42.405,17.6595,100.818
0.0435223,0.00622038,0.161226,56.7927,19.1395,100.819
0.0476678,0.00630928,0.152827,43.169,18.9594,100.819
0.0573049,0.0283949,0.156034,23.72,14.5267,100.823
0.0446237,0.0129724,0.164373,52.8904,19.6402,100.824
0.0532634,0.0189974,0.157508,30.0364,16.7687,100.832
0.0455324,0.00634607,0.16273,50.895,18.6591,100.832
0.044582,0.00800272,0.165199,52.4634,19.4069,100.834
0.0477473,0.00451658,0.157842,43.1755,17.9365,100.835
0.0485267,0.051724,0.153586,40.8703,17.2879,100.837
0.0490247,0.00980126,0.158845,40.4289,16.7456,100.837
0.0528271,0.005631,0.162924,31.7277,15.7439,100.838
0.0465833,0.0182127,0.166178,47.5579,17.8887,100.842
0.051799,0.02905,0.155553,33.3501,16.8538,100.843
0.053705,0.0147638,0.163398,29.8129,15.4799,100.844
0.0501176,0.0130333,0.158659,37.4583,17.1453,100.85
0.0479216,0.0138144,0.163079,42.6218,17.3165,100.85
0.0565006,0.0557583,0.163841,24.3952,14.1347,100.851
0.049106,0.0243398,0.1593,39.6258,17.4315,100.852
0.0488765,0.0729057,0.16351,39.5689,17.5076,100.852
0.0482946,0.0384107,0.163315,41.0837,18.9306,100.854
0.0594574,0.00829022,0.148473,20.0279,13.7191,100.856
0.0535579,0.0709913,0.164096,29.8139,15.9268,100.861
0.0491931,0.0185161,0.163092,39.1945,17.09,100.866
0.0525804,0.0137349,0.164229,31.8808,16.2276,100.868
0.0455951,0.0041404,0.158868,49.1973,18.0009,100.869
0.0462505,0.020857,0.162968,47.0226,18.5856,100.87
0.0462615,0.00238429,0.157003,47.9354,19.8817,100.873
0.0466855,0.0382385,0.161565,45.3154,18.9505,100.879
0.0443751,0.0201052,0.159245,53.4831,18.4694,100.884
0.0470572,0.0425014,0.163454,44.0501,18.8548,100.885
0.050226,0.0283782,0.156995,36.142,17.0361,100.886
0.0476071,0.0171374,0.158688,43.466,18.2683,100.888
0.0447971,0.0019598,0.163608,52.3754,19.0194,100.889
0.0521738,0.0145094,0.165099,32.4248,17.0213,100.89
0.0532095,0.0373511,0.14461,30.4469,15.144,100.892
0.0472907,0.0179208,0.163344,44.8186,18.0721,100.892
0.0440159,0.00789776,0.161057,54.2811,19.2412,100.893
0.0565915,0.00741598,0.165328,24.9316,14.5152,100.894
0.0443972,0.0185736,0.165779,53.9577,18.5255,100.894
0.0437657,0.00589932,0.159975,56.5315,18.9649,100.894
0.0468582,0.00878736,0.160142,45.4502,18.4665,100.898
0.0484351,0.0179096,0.157803,41.5385,18.3487,100.904
0.0511584,0.00444408,0.158171,34.3397,17.4056,100.906
0.0502192,0.00916838,0.160934,36.8745,17.9367,100.906
0.0511355,0.00780515,0.164624,35.3314,16.4263,100.909
0.0527309,0.0238763,0.137,31.6732,15.1613,100.909
0.0500993,0.0108833,0.165054,37.6473,16.6367,100.91
0.0531714,0.0320269,0.140465,30.8799,15.2215,100.912
0.0443542,0.00510119,0.161311,53.6082,19.8501,100.916
0.053186,0.0230175,0.155882,30.4891,15.362,100.918
0.0467647,0.00267156,0.142133,45.5491,18.5021,100.919
0.0479183,0.00353824,0.160384,42.4618,17.6852,100.922
0.0526597,0.0226115,0.150805,31.8895,16.8092,100.923
0.0494378,0.0105394,0.16383,38.254,18.6677,100.925
0.0465961,0.00865416,0.158303,46.8112,18.7656,100.927
0.0509139,0.00841309,0.152947,35.9165,16.3461,100.929
0.0464599,0.0169788,0.165178,47.9363,17.5558,100.93
0.0474867,0.0425418,0.165265,43.5848,18.4157,100.931
0.0535781,0.0373935,0.162736,29.2478,15.9779,100.933
0.0532634,0.0110675,0.161813,30.597,15.4936,100.933
0.0532595,0.0271548,0.161542,30.7425,16.5903,100.934
0.0544236,0.0247182,0.154939,28.2441,15.5532,100.935
0.0538959,0.0140755,0.149114,29.8628,15.1364,100.935
0.0494804,0.0403775,0.157467,38.3574,17.725,100.952
0.049057,0.00617356,0.16517,40.763,17.7014,100.952
0.049852,0.00456923,0.164379,37.3433,18.1736,100.953
0.0485977,0.0281744,0.142323,40.4146,17.4983,100.957
0.0561715,0.0112585,0.160125,25.6971,15.8739,100.959
0.0496494,0.00609086,0.165465,38.3777,16.0686,100.962
0.053145,0.0482791,0.146315,30.8326,15.0931,100.966
0.0500141,0.0165592,0.160189,37.7285,16.9762,100.968
0.047071,0.0145558,0.146443,44.2409,18.3918,100.973
0.0500194,0.0195967,0.164122,37.7379,16.2239,100.978
0.044388,0.0168683,0.163316,53.1609,18.3304,100.98
0.0470528,0.0342715,0.153621,44.4667,18.7021,100.982
0.0466341,0.0304427,0.165918,46.51,17.1514,100.982
0.0477128,0.0125374,0.15943,43.3664,18.2309,100.986
0.0440325,0.0185654,0.16568,55.6162,18.8353,100.987
0.044999,0.0181088,0.158921,50.1466,19.294,100.99
0.0527286,0.00795315,0.14045,31.7535,15.572,100.992
0.0489821,0.0197359,0.164191,39.3155,18.3421,100.993
0.0547603,0.0410156,0.158077,27.9608,15.4398,100.996
0.0512819,0.0355609,0.163141,34.2967,16.3991,101
0.0446964,0.0265903,0.159909,52.1852,18.0264,101.001
0.0508792,0.0212243,0.16171,35.8132,16.9475,101.001
0.05868,0.00801593,0.148337,21.9515,13.9716,101.002
0.0485558,0.0199565,0.163677,41.0231,17.1074,101.002
0.0469454,0.041783,0.163393,44.9937,18.521,101.008
0.0469958,0.0470323,0.156138,44.635,18.812,101.008
0.0545099,0.0105755,0.157745,28.5166,15.2746,101.012
0.0538803,0.0176382,0.146036,29.1715,15.3146,101.012
0.0427243,0.00993441,0.161253,59.411,19.8612,101.012
0.0500314,0.0214471,0.151463,37.4294,17.8194,101.013
0.0490164,0.010087,0.15716,40.1335,16.1364,101.014
0.0542532,0.00418404,0.161735,28.9987,16.8544,101.014
0.0454275,0.0262144,0.165488,50.4711,18.9038,101.017
0.0554788,0.0182531,0.142885,26.6535,14.5695,101.017
0.0470081,0.0466904,0.156855,44.9374,18.6797,101.018
0.0516611,0.00206895,0.145061,33.3867,16.4806,101.019
0.0523582,0.00230954,0.164907,32.6809,15.0198,101.024
0.0526558,0.00903688,0.165251,31.6894,17.36,101.027
0.0535016,0.0124015,0.16609,30.0553,16.5954,101.028
0.0507076,0.0447374,0.142399,35.762,16.4532,101.029
0.0535599,0.0449955,0.165001,29.1832,15.5597,101.029
0.0523525,0.00395417,0.143646,32.446,16.3196,101.029
0.0468174,0.0164132,0.161721,45.5261,18.9584,101.03
0.0539094,0.0187109,0.166237,29.4527,16.3144,101.033
0.0523065,0.0201008,0.148965,32.3473,16.2571,101.034
0.0527757,0.0218865,0.161568,31.6573,15.0996,101.035
0.0496525,0.0148981,0.16015,38.2575,17.2304,101.037
0.0474844,0.00695217,0.147454,43.3668,18.1224,101.038
0.0471172,0.01575,0.147059,44.844,18.6039,101.039
0.0494074,0.0075468,0.161559,39.1469,17.2634,101.041
0.0531457,0.045592,0.143929,30.5487,15.7334,101.043
0.0474875,0.0239942,0.16235,44.2946,17.3248,101.044
0.0509299,0.004557,0.148681,35.16,16.3461,101.046
0.0465666,0.0289888,0.166197,46.5326,18.9144,101.046
0.0532205,0.0268096,0.158204,30.1181,15.7311,101.047
0.0463141,0.0190005,0.148688,46.3078,18.5885,101.047
0.0504222,0.00322388,0.164863,37.7051,16.5206,101.048
0.0447634,0.0180513,0.160766,52.5469,18.6421,101.048
0.0568888,0.00222435,0.14785,24.0877,14.2199,101.049
0.055459,0.0208095,0.155189,26.1899,15.8458,101.05
0.04768,0.0127716,0.163213,43.4444,17.8858,101.052
0.0469937,0.0234334,0.150712,44.5426,18.1159,101.052
0.0483022,0.00527055,0.145474,41.1668,17.2012,101.057
0.0449909,0.0205688,0.156685,50.8225,19.8521,101.058
0.0489842,0.0122705,0.161599,40.1609,17.7954,101.058
0.0503229,0.00848931,0.143993,36.4466,16.7851,101.058
0.0473366,0.0223964,0.163926,44.4493,17.2111,101.06
0.0560291,0.0301951,0.166275,25.6345,15.5495,101.066
0.0560761,0.0147237,0.15858,25.7461,15.6404,101.066
0.0513084,0.02048,0.141104,34.7136,16.604,101.068
0.0460363,0.00354996,0.151898,48.7224,17.0605,101.068
0.0451889,0.00749779,0.158702,51.5008,17.13,101.07
0.0557102,0.00928645,0.161211,26.1156,15.3554,101.072
0.0479762,0.00384702,0.156574,42.1017,17.5484,101.073
0.0504745,0.0329895,0.163804,36.4298,17.908,101.074
0.0493253,0.0125188,0.162027,39.0654,16.0407,101.074
0.050738,0.0170187,0.137672,35.1936,16.5691,101.076
0.0486238,0.0162164,0.159849,40.8019,18.3826,101.077
0.0547377,0.0362467,0.1604,27.6625,15.2755,101.077
0.0532245,0.0330386,0.157013,30.0717,15.2777,101.08
0.0478865,0.02173,0.153635,42.7538,18.2232,101.081
0.0447012,0.0144491,0.165654,52.0272,19.3944,101.082
0.0463556,0.0213004,0.157156,46.8344,18.4211,101.084
0.046172,0.00461107,0.156207,48.2213,17.6426,101.086
0.0514596,0.00217787,0.165498,34.8663,15.0506,101.087
0.0526934,0.0233536,0.138821,31.2154,15.6464,101.088
0.0495208,0.0295905,0.151223,38.1201,17.0801,101.093
0.0561163,0.0150824,0.165672,25.1645,14.5974,101.101
0.0519214,0.00321262,0.162221,33.6499,15.1282,101.102
0.0487357,0.00511185,0.162282,41.2632,16.2902,101.108
0.055576,0.00802896,0.142639,26.0491,14.8843,101.109
0.0548565,0.0135964,0.145988,27.9202,15.7757,101.11
0.0608147,0.0120954,0.161138,18.6344,13.0819,101.115
0.057315,0.00647626,0.166032,23.6181,15.8463,101.116
0.0476269,0.0120084,0.151239,43.2469,18.4312,101.117
0.047678,0.0202543,0.165742,43.5748,17.4491,101.117
0.0586114,0.0139868,0.162004,21.7543,14.3014,101.118
0.0510634,0.0748874,0.157927,34.8024,16.5822,101.118
0.0511162,0.0703991,0.163512,34.5918,16.6394,101.121
0.0489317,0.00244703,0.153558,40.8719,17.407,101.123
0.0482592,0.0113853,0.160781,42.4347,17.3307,101.124
0.0470929,0.0201252,0.155446,45.8207,17.5905,101.126
0.0567064,0.0293387,0.150352,24.6628,14.6573,101.128
0.0473836,0.0557642,0.162651,43.6526,18.746,101.129
0.0450264,0.0176957,0.156486,51.0074,18.1835,101.13
0.0497855,0.0256376,0.152984,37.9384,17.9481,101.13
0.0504231,0.00232278,0.133573,36.3068,16.7855,101.132
0.058006,0.0218179,0.159046,22.6816,14.7433,101.133
0.0565104,0.0147343,0.162318,24.5191,14.1314,101.133
0.0449977,0.0353783,0.162303,51.7566,18.6887,101.134
0.0496337,0.018817,0.161284,38.1033,17.8283,101.134
0.0502105,0.0347237,0.157758,36.7805,17.6662,101.135
0.0530887,0.0222515,0.164167,30.6539,16.9073,101.135
0.059212,0.0355404,0.16561,20.2775,13.3109,101.145
0.056876,0.00432786,0.158765,24.0464,14.8084,101.147
0.04703,0.00422506,0.163656,44.3313,19.9249,101.154
0.0469297,0.0109368,0.16033,45.9668,19.6383,101.154
0.048685,0.00566965,0.160137,41.4888,16.2375,101.157
0.0560106,0.0346723,0.15853,25.281,14.6151,101.158
0.048597,0.0441108,0.163409,40.3524,17.8251,101.158
0.0462834,0.0226029,0.161879,47.0868,18.1841,101.16
0.0440197,0.00699082,0.157394,54.5887,19.5097,101.162
0.05377,0.026229,0.165082,29.0482,16.3117,101.164
0.0580102,0.0166058,0.155414,22.226,14.9211,101.166
0.0437591,0.00371486,0.160539,55.9406,19.9889,101.168
0.0541805,0.0148469,0.155297,28.5615,15.907,101.173
0.0547439,0.044179,0.158884,27.7871,15.4407,101.173
0.0521468,0.0242236,0.147583,32.0364,16.9473,101.174
0.0431921,0.00308659,0.161629,58.5269,18.7424,101.175
0.0601614,0.0133804,0.154669,19.6864,13.0191,101.175
0.053095,0.0513109,0.1469,30.3966,15.1246,101.177
0.0531562,0.043088,0.155379,30.8399,15.688,101.178
0.0479908,0.0184788,0.166003,43.3743,16.043,101.181
0.0511655,0.0317091,0.162288,34.6062,17.3813,101.181
0.0506577,0.0461372,0.164018,35.9276,17.0055,101.185
0.0564742,0.0517925,0.161081,24.8122,14.281,101.188
0.0566041,0.00298132,0.166155,24.2452,14.7692,101.192
0.0482207,0.0232854,0.159226,41.7597,17.5516,101.193
0.0561131,0.0189124,0.161784,25.3107,15.8851,101.194
0.0586368,0.0104446,0.147036,21.8315,13.7963,101.198
0.0442292,0.0263344,0.163286,54.7961,18.4953,101.199
0.0544126,0.0251713,0.14955,28.0292,15.4531,101.199
0.0458911,0.0135985,0.160122,48.7736,18.9528,101.203
0.0572729,0.0437234,0.164703,23.1789,14.8008,101.203
0.051728,0.00220296,0.162553,34.8461,15.9859,101.203
0.0444561,0.0246477,0.166265,53.9008,18.2834,101.203
0.0521279,0.00379747,0.162147,32.1278,17.2847,101.203
0.0454335,0.0257146,0.165043,50.4801,18.372,101.204
0.0493322,0.00772755,0.161039,38.1452,17.6263,101.205
0.055599,0.00217288,0.146671,26.8445,14.2929,101.208
0.0516255,0.00464948,0.160962,33.4546,17.6781,101.209
0.0463642,0.0133479,0.15892,46.2117,18.6062,101.209
0.0506126,0.0127165,0.164237,36.1972,17.8329,101.209
0.051312,0.0209106,0.162573,34.701,17.4285,101.212
0.059475,0.00526266,0.142788,20.4455,13.3408,101.214
0.0489262,0.0489248,0.150346,39.5427,17.003,101.214
0.0554585,0.024058,0.144512,26.1364,14.417,101.217
0.0485546,0.00430764,0.151833,41.7508,17.9537,101.22
0.0503147,0.0267006,0.150496,36.6161,16.5377,101.221
0.0538908,0.012425,0.16073,29.3935,16.0381,101.221
0.0486978,0.0157208,0.150707,40.0528,17.5582,101.224
0.0526903,0.00992715,0.14531,31.5556,16.6764,101.224
0.0462349,0.00351585,0.155188,47.3111,18.8367,101.226
0.0499991,0.0153837,0.156552,37.1311,16.2935,101.229
0.0469585,0.00279512,0.163648,46.1481,16.2785,101.229
0.048307,0.0116869,0.151959,41.994,17.6223,101.23
0.0470643,0.0329372,0.162364,45.721,17.8421,101.236
0.047599,0.00252251,0.159895,43.9689,17.8367,101.236
0.0511811,0.0478702,0.147474,34.0835,16.1921,101.238
0.046755,0.0136327,0.165224,46.7599,18.7667,101.239
0.0471785,0.0259219,0.161755,44.8182,18.3339,101.242
0.0535818,0.0727658,0.164865,29.4867,15.2566,101.243
0.0453619,0.015592,0.153999,49.409,19.4319,101.243
0.0483958,0.0162611,0.160827,41.1042,17.4779,101.25
0.0541807,0.0443789,0.153629,28.053,15.2874,101.25
0.0550476,0.00523991,0.160889,27.6139,14.698,101.254
0.0487104,0.00762754,0.136187,40.3395,17.1693,101.255
0.0555762,0.00877191,0.144212,26.423,14.3938,101.256
0.0503008,0.0397975,0.160272,36.8048,17.2144,101.258
0.0448837,0.0171095,0.163465,51.3095,19.7185,101.259
0.0531275,0.0499035,0.155466,30.0345,15.5624,101.261
0.0533266,0.0280833,0.162906,30.9795,16.3173,101.263
0.0454813,0.0118713,0.153925,49.6794,19.057,101.263
0.0549945,0.0304113,0.165217,27.4572,15.4158,101.264
0.0478873,0.0130732,0.158203,43.4232,17.7152,101.268
0.0487111,0.0109618,0.145534,40.9515,17.3835,101.275
0.0485344,0.0503469,0.148607,40.9979,17.9245,101.275
0.0512942,0.00829703,0.134594,34.0849,16.7235,101.277
0.0463758,0.0103587,0.150805,47.1336,17.3,101.278
0.0503218,0.0295537,0.15698,36.6667,16.3463,101.279
0.0481005,0.0267517,0.166212,42.2157,17.6037,101.282
0.0449704,0.0037936,0.159266,51.3035,18.9962,101.284
0.050628,0.00334874,0.15547,36.2812,17.8302,101.285
0.0536559,0.00658292,0.150628,29.9237,15.8363,101.287
0.0525827,0.0101113,0.16092,31.3711,16.3019,101.293
0.0492662,0.0182509,0.162853,39.0817,17.7439,101.295
0.0430599,0.0100654,0.156783,58.9608,19.0483,101.295
0.0571495,0.0343248,0.16231,23.1511,14.1561,101.295
0.0571229,0.0318474,0.165546,23.6077,14.5681,101.298
0.0488013,0.0211058,0.163076,40.6266,17.7755,101.301
0.0514664,0.0179408,0.166108,34.4506,16.1221,101.304
0.0514564,0.0142129,0.161969,34.8058,16.668,101.304
0.0502944,0.0323843,0.138174,36.0379,16.3859,101.306
0.0548646,0.0434686,0.16032,27.4015,15.1716,101.307
0.0490948,0.0283657,0.149579,39.3162,17.5917,101.308
0.0503877,0.00490317,0.162258,36.3234,16.5945,101.309
0.0559383,0.0382241,0.156933,25.9403,14.4262,101.313
0.0415549,0.00849612,0.163272,64.3507,19.138,101.314
0.0449894,0.00839139,0.152825,51.836,18.546,101.315
0.0608673,0.00485986,0.156568,18.68,13.7187,101.315
0.0526528,0.0153587,0.141655,31.2929,15.5145,101.317
0.0539051,0.0151421,0.149287,29.8149,15.4548,101.326
0.0522512,0.00484074,0.139608,32.386,16.5812,101.327
0.0632277,0.0106089,0.165147,15.9815,12.7825,101.328
0.0464583,0.0365528,0.163412,46.5423,19.4883,101.329
0.0495696,0.0103537,0.142325,38.0731,17.3654,101.329
0.0480726,0.0152806,0.158023,42.759,18.889,101.335
0.0539406,0.0144929,0.161025,29.5196,15.1221,101.336
0.0533096,0.0205834,0.139708,30.4215,15.5717,101.337
0.0510976,0.00331555,0.156053,35.7697,17.1771,101.338
0.0469532,0.0314517,0.165335,45.6568,17.9835,101.34
0.0488653,0.022157,0.165608,40.4473,18.4808,101.341
0.0496237,0.0143003,0.147254,38.9994,17.1506,101.345
0.0489962,0.0469116,0.149665,39.8002,17.3268,101.348
0.0461173,0.0139763,0.154879,47.9684,19.6297,101.349
0.0532337,0.00473525,0.146596,30.8039,16.8396,101.352
0.048664,0.0224924,0.143729,40.0365,17.9362,101.353
0.0473076,0.00595825,0.152867,44.362,18.0438,101.354
0.0503571,0.00585338,0.151059,36.3771,16.6072,101.355
0.059935,0.0371064,0.165332,19.0852,13.0371,101.355
0.0457455,0.0336408,0.161016,48.383,19.6022,101.356
0.0449831,0.0276473,0.156916,50.4021,19.9391,101.356
0.0527237,0.0127213,0.146823,31.2535,15.1221,101.356
0.0521149,0.0333279,0.15031,32.3547,16.0926,101.356
0.0516378,0.0188106,0.159611,33.3157,17.8202,101.358
0.0479067,0.0267804,0.165014,42.3994,17.8929,101.359
0.0544019,0.0250324,0.147729,28.7626,15.9222,101.36
0.0490953,0.0286353,0.149559,39.8329,17.3768,101.362
0.047817,0.0469265,0.161365,42.3538,18.861,101.364
0.0541549,0.0356234,0.157337,28.3671,15.0338,101.37
0.0482219,0.0282564,0.149383,41.8523,17.4722,101.371
0.046786,0.0256483,0.163144,45.4686,18.7856,101.371
0.0517291,0.00823148,0.157773,33.8078,17.819,101.372
0.0530676,0.0410876,0.151099,30.7272,15.8708,101.373
0.0566356,0.0130715,0.161229,24.6329,15.3315,101.379
0.0471564,0.0186419,0.162066,45.8013,17.3555,101.38
0.0461236,0.00248191,0.15607,48.4469,17.5296,101.381
0.0506832,0.0572868,0.153821,35.3421,16.4697,101.381
0.0453812,0.0043833,0.149697,49.1428,19.7978,101.381
0.0492637,0.00847898,0.156013,39.59,17.9151,101.382
0.0527498,0.0386656,0.160247,31.3653,16.1374,101.383
0.0567087,0.0134705,0.163211,24.2019,15.2974,101.386
0.0503055,0.0211887,0.149897,36.754,16.9677,101.386
0.0506093,0.0116735,0.161533,36.8273,17.4236,101.386
0.0486648,0.0258473,0.154073,40.2238,17.0117,101.386
0.047884,0.0119947,0.149779,42.9891,18.4056,101.387
0.0507461,0.0391789,0.140387,35.363,16.7362,101.388
0.0509419,0.0195751,0.161517,35.5548,16.9734,101.388
0.0439393,0.0391384,0.163981,55.5768,18.143,101.389
0.0513835,0.0199389,0.157255,34.4265,16.2157,101.391
0.0476661,0.0191508,0.163609,43.1414,17.8907,101.396
0.0553372,0.0411729,0.162634,26.0529,15.0201,101.396
0.0480709,0.0139938,0.159348,42.7552,17.9954,101.396
0.0527341,0.0179961,0.145623,31.2142,15.7625,101.396
0.0449525,0.0382855,0.159782,50.7207,19.2794,101.398
0.0526501,0.0397488,0.142514,31.6946,15.7822,101.399
0.045715,0.0335126,0.159795,48.7951,19.3884,101.402
0.0517,0.0185048,0.140415,33.4987,16.8047,101.402
0.0500527,0.00797275,0.153682,37.181,16.2105,101.403
0.0461832,0.0103005,0.159769,47.8946,18.7635,101.406
0.0567465,0.024941,0.161475,24.8417,14.102,101.406
0.0433488,0.0217989,0.162372,57.7961,19.3758,101.408
0.0518886,0.00649629,0.164169,33.0325,15.3217,101.408
0.0536699,0.0591326,0.16375,29.8658,15.6641,101.408
0.051672,0.00765919,0.165319,34.0024,15.5083,101.409
0.0490162,0.0482576,0.161554,39.1758,17.2932,101.409
0.0565831,0.00746439,0.149877,24.9119,14.6484,101.412
0.0567466,0.0237015,0.147217,24.9898,14.599,101.414
0.0528376,0.00715193,0.147497,31.3595,16.7235,101.414
0.0471501,0.0261426,0.152067,44.4153,18.3983,101.414
0.0512358,0.0490839,0.166056,34.4471,16.5274,101.414
0.048215,0.0264888,0.142889,41.2908,17.8551,101.415
0.0533142,0.0242541,0.153595,30.1618,15.6534,101.417
0.0463664,0.00212899,0.145373,47.2456,17.8382,101.418
0.0514933,0.0492678,0.165131,33.7916,16.8536,101.419
0.0564527,0.0656586,0.166188,24.4148,14.7845,101.419
0.0441109,0.0121525,0.151079,54.1884,18.5205,101.422
0.0508412,0.0258275,0.154808,35.9631,16.1039,101.422
0.0502281,0.0304969,0.143002,36.5578,16.6804,101.423
0.0460706,0.0108876,0.156076,47.9814,19.4925,101.423
0.0511097,0.00736301,0.164644,34.4652,17.0166,101.425
0.060987,0.00790922,0.166001,18.6595,13.6849,101.425
0.049686,0.00723896,0.159906,38.9284,16.4227,101.426
0.0535364,0.00330125,0.16176,30.3212,15.3024,101.427
0.0503157,0.0177902,0.150284,36.1273,16.7363,101.427
0.0541359,0.0426983,0.159455,28.59,15.7499,101.428
0.0498011,0.0207702,0.16327,38.0994,16.5139,101.429
0.0508665,0.0275105,0.160059,35.921,17.9477,101.433
0.0540371,0.00523699,0.16291,29.9428,15.5431,101.438
0.0482346,0.0177835,0.137768,41.6329,17.6494,101.439
0.0609398,0.0032248,0.155718,18.7253,13.2013,101.44
0.0539227,0.011887,0.161194,29.2966,16.5079,101.441
0.0519104,0.0189064,0.161459,33.8612,16.7439,101.441
0.0532523,0.0340986,0.150395,30.8523,15.5062,101.443
0.0472188,0.0310193,0.166309,44.2168,18.215,101.443
0.047866,0.0224379,0.161948,42.3913,17.1416,101.444
0.047838,0.0206537,0.153353,42.4574,18.7437,101.449
0.046465,0.0113972,0.159336,47.3911,17.4936,101.45
0.0484688,0.0640549,0.154329,40.7406,17.6742,101.451
0.05156,0.0621714,0.156129,33.4965,16.5577,101.451
0.0531005,0.0180618,0.160683,30.2377,16.1781,101.452
0.0508734,0.00442816,0.150972,35.3203,17.9254,101.452
0.0482314,0.00615632,0.152203,41.4009,17.1357,101.453
0.046991,0.00727899,0.164474,45.1574,19.8557,101.456
0.0586565,0.0155434,0.161446,21.2597,14.4702,101.458
0.0547966,0.00668364,0.164072,27.4032,16.8453,101.46
0.0449784,0.00659773,0.161428,51.9397,19.0088,101.46
0.0478703,0.0130747,0.150414,42.3979,18.5874,101.465
0.0513049,0.0321853,0.155095,34.2852,16.7111,101.467
0.0451421,0.0158794,0.159654,51.1169,18.4271,101.472
0.053268,0.00673757,0.130168,30.8424,15.7321,101.475
0.051524,0.0371941,0.162186,33.3366,16.0253,101.475
0.0561471,0.00564986,0.153832,25.8804,15.3898,101.476
0.0481317,0.0466036,0.145305,41.3738,17.9151,101.477
0.0420801,0.0203264,0.164094,62.0152,19.5587,101.477
0.0512429,0.0263777,0.139735,34.7971,16.4195,101.479
0.0436697,0.0355797,0.162095,56.3668,18.8052,101.48
0.0526474,0.0263575,0.13855,31.0605,15.9099,101.48
0.048624,0.00293319,0.153214,40.7199,18.382,101.48
0.0486577,0.0319831,0.159304,40.2147,17.0869,101.482
0.0470747,0.041562,0.157518,44.1192,18.3457,101.485
0.0496366,0.0135547,0.163614,38.9457,16.5164,101.485
0.0524381,0.00334488,0.154694,32.292,15.8441,101.488
0.0511262,0.0521676,0.147621,34.0607,16.8768,101.488
0.045463,0.0165704,0.159395,50.4702,17.044,101.49
0.0498223,0.0100491,0.164409,38.9348,17.1961,101.491
0.0556087,0.0094666,0.162137,26.445,14.3529,101.492
0.0476789,0.0219662,0.163872,43.7914,17.2736,101.493
0.047362,0.0250886,0.161217,44.8775,17.7932,101.496
0.0533026,0.0294199,0.163516,30.4522,15.4641,101.498
0.0480391,0.0148365,0.157272,42.3193,17.0747,101.502
0.0485667,0.0174021,0.157447,40.4056,18.001,101.503
0.0479868,0.00545532,0.158097,43.7495,16.7736,101.503
0.0594067,0.0158243,0.164284,20.7262,13.2504,101.504
0.0524244,0.00563018,0.155524,32.1861,15.3221,101.504
0.0560263,0.0133378,0.14029,25.1826,14.3268,101.506
0.0426088,0.0226755,0.165982,60.1008,19.5331,101.516
0.0527377,0.0184433,0.149833,31.9311,15.2505,101.517
0.0502102,0.0533989,0.162445,36.8103,17.7299,101.517
0.0492321,0.0133984,0.160735,39.6115,18.3169,101.519
0.048388,0.0250583,0.156203,41.6418,18.9292,101.523
0.0503198,0.0424564,0.160904,36.2388,17.3436,101.524
0.0536265,0.0673866,0.163963,29.4242,15.8694,101.525
0.0475257,0.0390668,0.162648,43.2606,18.162,101.525
0.0460739,0.00316754,0.16222,47.2614,18.198,101.526
0.0558628,0.054525,0.157611,25.9135,14.2992,101.527
0.0465334,0.0208667,0.157567,46.6007,19.1749,101.529
0.0578858,0.0286304,0.159804,22.0468,14.4267,101.529
0.0509848,0.00570211,0.151768,35.5274,16.8867,101.531
0.0464675,0.0219061,0.159379,46.9938,19.911,101.531
0.0499338,0.0449399,0.158152,37.0746,17.5344,101.534
0.0488509,0.0239347,0.163591,40.5274,17.7686,101.534
0.0534391,0.0176247,0.161534,30.616,16.6624,101.535
0.0561788,0.0157221,0.156011,25.9653,14.6347,101.537
0.0469068,0.0588186,0.164028,44.84,18.1514,101.537
0.0480184,0.00570506,0.153637,42.354,17.7085,101.537
0.0495986,0.00436273,0.149839,38.8308,16.4044,101.538
0.0499956,0.00831656,0.165743,37.5979,18.1522,101.542
0.0491533,0.0118596,0.141086,39.1006,17.2744,101.543
0.0481402,0.045608,0.145108,41.2356,17.425,101.544
0.0588438,0.00296422,0.159817,21.4281,14.6153,101.545
0.043293,0.0225817,0.159446,57.7623,19.2459,101.547
0.0580395,0.00938407,0.133128,22.1641,13.1242,101.547
0.0498066,0.00461299,0.158965,37.5462,18.9998,101.549
0.050612,0.0559323,0.157093,35.8494,16.5222,101.549
0.0506207,0.020029,0.165275,35.7829,17.6301,101.552
0.0579342,0.0233519,0.157432,22.3362,14.6726,101.553
0.0526504,0.0298623,0.136222,31.7703,15.3,101.553
0.0591846,0.0129828,0.159243,20.4642,13.4677,101.555
0.0453964,0.0267152,0.159115,49.9673,19.3239,101.556
0.0502341,0.0201348,0.138658,36.053,16.0369,101.557
0.0531222,0.0586734,0.154643,30.3833,15.5221,101.559
0.0539579,0.00814812,0.140403,29.8086,15.1485,101.559
0.0468893,0.015878,0.158838,45.6946,18.6045,101.56
0.0446396,0.00559992,0.163676,52.5215,18.3082,101.563
0.0462983,0.0287033,0.161305,47.0315,17.6295,101.564
0.0470921,0.0329667,0.150847,44.4126,18.2103,101.565
0.0560353,0.0338584,0.164225,25.0278,14.8442,101.565
0.0532698,0.0113465,0.131077,30.6002,15.2772,101.566
0.0430297,0.0110532,0.155081,58.0928,19.5098,101.57
