beta,permeability,xi,init_days,delay,value
0.0487761,0.00425996,0.165531,38.8838,9.38939,125.004
0.0455302,0.00507939,0.163764,46.8532,10.8697,125.264
0.0487679,0.00132205,0.15575,38.2413,9.31158,125.705
0.0496485,0.00516596,0.165196,36.092,9.67557,125.742
0.0458815,0.00576845,0.162549,45.3495,10.4041,125.746
0.048747,0.00109484,0.161952,38.5474,9.22444,125.849
0.0458879,0.00778274,0.16314,45.2543,10.0404,125.868
0.0483072,0.009928,0.162911,39.5011,9.81521,125.943
0.0455628,0.0104875,0.165803,46.039,10.2287,125.946
0.045488,0.00609311,0.166157,46.7018,10.8576,125.946
0.047893,0.00354632,0.156989,40.5111,9.4636,126.055
0.0479133,0.00686194,0.156055,40.4024,9.01287,126.152
0.043767,0.000579522,0.165091,51.4525,11.6984,126.174
0.047909,0.00325447,0.161753,40.6876,9.56034,126.191
0.0486981,0.00207525,0.162171,38.8231,9.47168,126.205
0.0479126,0.00769101,0.156812,40.5065,9.91559,126.228
0.045137,0.00972585,0.158224,47.5564,10.4469,126.241
0.0455028,0.00954366,0.159293,46.2987,10.7512,126.301
0.0482463,0.000376271,0.166407,39.359,9.71297,126.315
0.0438202,0.00104909,0.165545,51.7609,11.234,126.343
0.0482876,0.0207864,0.163645,39.2206,9.21111,126.345
0.0447026,0.00821073,0.166191,48.9648,11.2131,126.375
0.045855,0.0032994,0.159706,45.8589,10.2066,126.404
0.0478785,0.0149012,0.155871,40.0321,9.21351,126.438
0.0516578,0.0102743,0.160789,32.9774,8.39822,126.441
0.0428279,0.00275238,0.160059,54.0883,11.7215,126.441
0.0475671,0.00105328,0.162764,41.0002,9.19041,126.521
0.0478706,0.011808,0.158479,40.9416,9.17988,126.546
0.0443789,0.00825428,0.16445,49.1913,11.4314,126.582
0.0437763,0.00774987,0.165848,51.9489,11.183,126.595
0.0431195,0.0193773,0.165972,53.7863,11.7172,126.602
0.0415488,0.00391377,0.165626,59.8074,10.9647,126.623
0.0461803,0.0142008,0.162042,44.5681,10.5734,126.636
0.0474668,0.00588112,0.164775,41.1453,9.60354,126.641
0.0425718,0.00727215,0.164861,55.2134,11.4355,126.687
0.049604,0.0183845,0.166182,36.6314,9.84532,126.689
0.0444879,0.00472149,0.159114,49.7967,10.2303,126.714
0.0443643,0.00940901,0.164516,49.8927,11.6113,126.734
0.0482362,0.0026156,0.163761,39.2772,9.08551,126.746
0.0491036,0.00240735,0.161071,37.7304,9.3157,126.75
0.0491571,0.00806393,0.157574,37.5999,9.07428,126.751
0.0522648,0.00415395,0.166001,31.8213,8.18576,126.755
0.0458175,0.00388855,0.159218,45.4089,10.0921,126.776
0.0516434,0.0110609,0.159243,32.4088,8.17141,126.779
0.0483021,0.0219123,0.159178,39.9715,9.05324,126.819
0.0495763,0.00546635,0.164454,36.7883,9.74073,126.823
0.044579,0.000383997,0.161133,49.0231,10.1373,126.825
0.0469285,0.0021022,0.160716,42.4296,10.4873,126.85
0.0482367,0.0109723,0.16253,39.3816,9.78816,126.893
0.0516302,0.0110572,0.160962,32.969,8.4151,126.895
0.0478676,0.0237235,0.16274,40.7891,9.9225,126.9
0.0448122,0.0121398,0.158223,48.2289,10.7297,126.907
0.0474947,0.0072982,0.157931,41.4248,9.91428,126.911
0.0434656,0.00698879,0.16276,52.262,11.0062,126.93
0.0425869,0.000600804,0.16059,55.4861,11.6102,126.933
0.0516662,0.00168064,0.153734,32.8048,8.58057,126.961
0.0473959,0.00174664,0.157236,41.0182,10.2771,126.97
0.0473734,0.0203133,0.164894,41.8397,10.9619,126.977
0.0511259,0.00807021,0.153739,33.5195,8.35175,126.981
0.042858,0.0115107,0.163033,54.0827,11.5807,126.982
0.0490906,0.0113023,0.163557,37.9622,9.97517,126.982
0.0431496,0.0109436,0.161649,53.216,11.2506,126.99
0.0419925,0.00257624,0.166238,57.6816,11.2737,126.995
0.0491382,0.00790291,0.157892,37.428,9.40932,126.995
0.0473892,0.00973562,0.16026,41.5058,10.9084,127.015
0.0464924,0.00193217,0.16287,43.8474,10.3435,127.025
0.0478595,0.00561243,0.153771,40.1325,9.17632,127.038
0.0483043,0.017495,0.156026,39.5992,9.87138,127.044
0.046514,0.0132555,0.163413,43.9733,10.4319,127.058
0.0463844,0.0068308,0.162658,44.3267,9.9624,127.06
0.0428105,0.0222444,0.163557,54.7637,11.1508,127.073
0.0465117,0.00979583,0.160951,43.347,10.8317,127.082
0.0454603,0.0335885,0.165343,46.7478,10.3157,127.088
0.0474176,0.0121351,0.157344,41.48,9.53503,127.097
0.045131,0.0016537,0.152269,47.4583,10.0182,127.101
0.0428011,0.0119755,0.164951,54.9975,11.1772,127.104
0.0451699,0.0206043,0.162215,47.6311,10.2435,127.135
0.0465713,0.0172263,0.15636,43.1285,10.6253,127.141
0.0443325,0.00194892,0.158331,49.3634,11.521,127.145
0.041512,0.00130947,0.163467,59.17,11.0532,127.146
0.04545,0.0311518,0.165933,46.2083,10.972,127.15
0.043175,0.0173952,0.164969,53.5003,11.8637,127.159
0.0471649,0.0167417,0.166108,42.0308,9.3096,127.16
0.0478396,0.0263962,0.162538,40.9338,9.34041,127.181
0.0419948,0.00581434,0.163349,57.865,11.9977,127.192
0.0507151,0.00373596,0.161687,34.7552,8.36249,127.203
0.0516365,0.0034908,0.161199,32.899,8.17272,127.216
0.0467899,0.00736874,0.162646,43.9817,9.34849,127.218
0.0437488,0.0148455,0.165143,51.478,11.4904,127.219
0.0442829,0.00208378,0.163001,49.6312,11.6527,127.224
0.0446582,0.000370114,0.162374,48.8956,10.7398,127.228
0.0434619,0.015447,0.164723,52.1001,11.0604,127.233
0.0436537,0.00210982,0.164464,51.0763,11.6605,127.246
0.046591,0.0265084,0.164137,43.482,10.4883,127.251
0.0448487,0.0220428,0.165616,48.1725,10.2782,127.257
0.0474596,0.0164277,0.149446,41.373,9.39136,127.261
0.0470913,0.00174119,0.149061,42.3814,9.55344,127.263
0.0431214,0.019057,0.163119,53.1763,11.6777,127.266
0.0443287,0.00345265,0.152877,49.599,11.7435,127.279
0.0486334,0.0232642,0.165014,38.5255,9.31754,127.311
0.0445402,0.0129139,0.162651,49.1896,10.8211,127.316
0.0445341,0.000521186,0.153203,49.0415,10.1552,127.32
0.0521645,0.00786688,0.165657,31.287,8.76817,127.323
0.0466232,0.00601238,0.154775,43.3037,10.14,127.333
0.0486756,0.0272422,0.164685,38.7317,9.32795,127.346
0.0454308,0.00305367,0.158561,46.6918,10.3004,127.346
0.0419016,0.00348697,0.164349,57.8689,11.3741,127.358
0.0486742,0.0149459,0.156145,38.9945,9.10068,127.373
0.0516118,0.0204993,0.160864,32.8648,8.33217,127.381
0.0521835,0.00575037,0.159095,31.4869,8.36822,127.381
0.0441589,0.00190022,0.158664,50.7534,10.4539,127.382
0.0477469,0.00100799,0.165649,40.0635,10.6834,127.389
0.0423745,0.00267752,0.16597,56.4486,10.6684,127.396
0.0445478,0.0141285,0.162832,49.0671,10.1515,127.398
0.0511233,0.00651041,0.162211,33.7488,8.89431,127.403
0.0471042,0.00675784,0.162328,42.0102,9.70596,127.405
0.0442195,0.0164335,0.163141,50.2869,10.3701,127.407
0.0507089,0.00422988,0.164603,34.7992,8.52693,127.408
0.0427032,0.00292558,0.16378,54.9069,12.5719,127.408
0.0478101,0.0152095,0.157457,40.0594,9.88554,127.415
0.0448666,0.0152305,0.161068,48.5391,10.7861,127.416
0.043374,0.000500527,0.165307,52.7391,11.3057,127.419
0.0425389,0.00340073,0.154311,55.2181,11.6931,127.424
0.047435,0.00543832,0.165621,41.2503,9.87048,127.428
0.0469902,0.00159583,0.151434,42.8652,10.5826,127.43
0.0446243,0.000605241,0.162449,48.31,11.083,127.441
0.0444554,0.00427196,0.151303,49.9583,10.986,127.458
0.0486474,0.0141691,0.155082,38.5376,9.37747,127.464
0.0487721,0.0128154,0.159228,38.0538,9.46477,127.469
0.0495798,0.0120974,0.161595,36.0472,9.67154,127.479
0.0490908,0.00706869,0.158344,37.7285,9.83401,127.488
0.0435869,0.0014441,0.155373,52.3183,10.9467,127.49
0.0397435,0.000398163,0.164283,66.1716,11.5178,127.498
0.0451829,0.0177639,0.158218,47.4797,10.0558,127.499
0.0422036,0.00482586,0.164296,56.5434,11.3934,127.502
0.0445502,0.0103144,0.16069,49.6496,10.9488,127.508
0.0426819,0.0179166,0.166314,55.3957,10.3044,127.518
0.046162,0.0321002,0.162695,44.6345,10.2434,127.518
0.0511736,0.0183363,0.166401,33.0714,8.14588,127.519
0.0446488,0.0131408,0.165862,48.8181,10.3714,127.521
0.0457858,0.00837317,0.15327,45.508,10.606,127.525
0.0470299,0.00332456,0.14703,42.2139,9.12827,127.55
0.0407139,0.00216237,0.161754,62.4204,11.7436,127.553
0.0482029,0.00118841,0.15881,39.8639,9.60296,127.553
0.0440556,0.0111248,0.161697,50.2996,11.1546,127.556
0.0467723,0.00964166,0.158811,43.9936,9.72414,127.561
0.0447306,0.0116063,0.162877,48.0451,11.8436,127.564
0.0415984,0.00253189,0.160292,59.3731,10.6341,127.567
0.0473984,0.000939567,0.165785,41.2511,9.55471,127.568
0.0457214,0.0011209,0.163769,46.7343,9.14619,127.573
0.0447788,0.0326371,0.164453,48.5536,10.3547,127.574
0.0423332,0.00147371,0.161108,56.3309,11.3113,127.575
0.0442554,0.00631293,0.16274,49.7829,11.0497,127.583
0.0506975,0.0121983,0.163026,34.4245,8.82436,127.586
0.0438543,0.00887939,0.157305,51.8931,10.2666,127.587
0.0457709,0.0159484,0.163,45.5485,10.3795,127.598
0.0482389,0.0416173,0.16384,39.7305,9.40791,127.603
0.050609,0.0137446,0.15438,34.4603,8.00665,127.608
0.0471044,0.0118351,0.162169,42.4276,9.27868,127.608
0.0440767,0.0045281,0.163457,50.2885,10.0637,127.61
0.0412657,0.00653657,0.163863,60.7231,11.6526,127.61
0.0399873,0.00158032,0.161881,65.3329,11.6313,127.62
0.0442298,0.00341221,0.156835,50.6315,10.9555,127.626
0.0464476,0.00683638,0.165208,43.4206,10.3323,127.628
0.0502492,0.00187077,0.156939,35.0734,8.60084,127.628
0.0441829,0.00780294,0.156304,50.5484,10.8938,127.631
0.0390812,0.00283252,0.163051,69.3837,11.5231,127.634
0.0450993,0.040566,0.164964,47.4564,10.7678,127.635
0.0491639,0.00854804,0.152263,37.3738,9.14571,127.636
0.0477988,0.00590175,0.15115,40.5246,9.35147,127.645
0.043456,0.00889212,0.160134,52.5643,11.5495,127.65
0.0463542,0.00376367,0.159071,44.3113,9.46531,127.656
0.0470268,0.00792482,0.151243,42.454,9.93995,127.657
0.0435278,0.0145909,0.164742,52.1885,10.3585,127.661
0.0444592,0.00328343,0.164382,49.2498,11.7919,127.662
0.050649,0.0152944,0.15513,34.3739,8.3077,127.664
0.0458616,0.012207,0.156065,45.6011,10.9204,127.667
0.0469259,0.0282431,0.160887,42.1305,10.6169,127.678
0.0461023,0.0130277,0.164617,44.9788,10.6385,127.69
0.0478629,0.038196,0.165608,40.1603,9.03058,127.694
0.0457775,0.0255261,0.162674,45.4966,10.3714,127.695
0.0447064,0.0209628,0.163384,48.7408,10.3952,127.695
0.0464793,0.0204046,0.166023,43.3046,10.7225,127.696
0.0486276,0.0046631,0.153529,38.7691,9.33695,127.7
0.0432523,0.00179504,0.166084,52.8165,11.6815,127.705
0.0435518,0.00533703,0.165442,51.6564,11.805,127.707
0.0466469,0.0105455,0.159987,43.6731,10.8043,127.707
0.044405,0.0162056,0.163813,49.146,11.3876,127.708
0.0461702,0.0147371,0.149208,44.7162,10.2066,127.709
0.0465134,0.00506513,0.153517,43.5775,10.4023,127.711
0.039291,0.00194732,0.16228,68.8977,11.1565,127.718
0.0450907,0.0427697,0.163174,47.7833,10.5814,127.721
0.0491205,0.00111867,0.151542,37.0645,9.58173,127.722
0.0419261,0.00771251,0.1648,57.9477,11.8112,127.725
0.040734,0.000598113,0.164496,62.1184,10.508,127.735
0.0462903,0.0151791,0.163722,44.562,10.0755,127.736
0.0444474,0.0243326,0.162208,49.5913,10.1608,127.738
0.0471229,0.0111196,0.158002,42.4635,9.52843,127.738
0.0501998,0.00376182,0.152215,35.4693,8.23839,127.752
0.0439257,0.00289254,0.157483,51.5747,10.766,127.755
0.0429021,0.00418917,0.16387,54.2244,10.0644,127.755
0.0511594,0.0192794,0.162287,33.1198,8.08016,127.764
0.0448121,0.0269662,0.161502,48.6443,10.7516,127.764
0.0500517,0.010777,0.163652,35.9446,9.71118,127.766
0.0443488,0.0086854,0.164608,49.99,10.5707,127.769
0.0478245,0.00615963,0.149923,40.4311,9.96642,127.769
0.0471412,0.0174913,0.163103,42.2046,9.7747,127.777
0.0420287,0.0062295,0.163644,57.0512,11.6811,127.778
0.0474219,0.0218931,0.152376,41.847,9.31932,127.783
0.048599,0.0274928,0.165869,38.842,9.11049,127.787
0.0412936,0.0150425,0.162847,60.5524,10.0239,127.788
0.0486747,0.0207681,0.151864,38.4029,9.36286,127.801
0.0466689,0.00181989,0.157608,43.5056,9.25997,127.802
0.0446915,0.0216155,0.163832,48.6588,11.6223,127.802
0.0422031,0.012589,0.166293,56.3899,11.5473,127.804
0.0413154,0.00928142,0.157535,60.2286,10.0452,127.807
0.0516193,0.0248831,0.160851,32.115,8.95256,127.808
0.0466985,0.00226044,0.158964,43.4597,9.48439,127.81
0.0461031,0.00708938,0.156911,44.8141,10.3927,127.813
0.0418883,0.00736914,0.161595,57.2534,11.2908,127.815
0.0431192,0.0203824,0.161189,53.8275,11.6335,127.816
0.0473238,0.00874254,0.161751,41.3007,10.1054,127.818
0.044723,0.00760083,0.154933,48.6134,10.3068,127.828
0.0481983,0.0199791,0.154743,39.3872,9.52245,127.828
0.0486908,0.00253885,0.146425,38.2652,9.25006,127.829
0.0443955,0.0122346,0.158113,49.8999,10.7569,127.836
0.045571,0.00864455,0.157235,46.0495,10.1941,127.836
0.0438452,0.00827442,0.153971,51.0556,10.4247,127.845
0.047034,0.00593221,0.145641,42.7844,9.3536,127.848
0.038212,0.00776678,0.163336,73.4395,11.7005,127.849
0.048683,0.00845936,0.147923,38.8113,9.37035,127.85
0.041508,0.0119175,0.163508,59.4213,11.6653,127.854
0.0511079,0.00627454,0.148915,33.1499,8.87748,127.855
0.0419164,0.00865859,0.164438,57.9365,11.5679,127.857
0.0461389,0.0210466,0.157094,44.1547,10.6134,127.858
0.0443127,0.0264793,0.159868,49.5486,11.8831,127.858
0.0384029,0.0103321,0.164975,72.832,11.7692,127.863
0.0449041,0.00765825,0.160284,48.2608,10.7954,127.87
0.0436317,0.00470686,0.160559,51.8844,11.7985,127.874
0.0439981,0.0275407,0.162551,50.4661,11.1281,127.875
0.0473802,0.0211151,0.161003,41.1992,9.14295,127.875
0.0467087,0.00336822,0.155302,43.3977,9.28363,127.876
0.0446963,0.0207334,0.161813,48.1751,10.5966,127.881
0.0439681,0.00500996,0.164484,50.4064,10.4421,127.882
0.0507012,0.0160409,0.164834,34.7634,8.58014,127.89
0.0467596,0.021526,0.164471,43.7532,9.04993,127.893
0.0419572,0.0190901,0.163542,57.833,11.8796,127.893
0.042935,0.00835745,0.160997,54.9003,10.9871,127.894
0.047817,0.0389619,0.15854,40.4621,9.58136,127.896
0.0454722,0.0302057,0.160818,46.5762,10.1502,127.896
0.0505983,0.0126721,0.150318,34.2947,8.06758,127.902
0.0490782,0.0191671,0.158245,37.765,9.31791,127.91
0.0447534,0.023933,0.154096,48.4463,10.6551,127.91
0.0430795,0.0164174,0.166265,53.4573,11.5279,127.922
0.0446911,0.0207379,0.162128,48.2781,11.3478,127.925
0.0455182,0.00378308,0.150808,46.9354,10.9376,127.931
0.0506888,0.0112487,0.157332,34.187,8.78018,127.932
0.0392796,0.0111967,0.165233,68.2019,11.6438,127.94
0.0506651,0.0161297,0.16481,34.0537,8.7011,127.941
0.0473481,0.0072676,0.163808,41.7355,9.52859,127.942
0.0470326,0.00694998,0.164075,42.7518,9.71399,127.945
0.0426803,0.000405623,0.157452,55.0301,10.9691,127.948
0.0478319,0.0318682,0.154546,40.8822,9.00968,127.948
0.0447246,0.02672,0.165265,48.7974,10.2508,127.949
0.050608,0.00384513,0.164254,34.954,9.27861,127.951
0.050143,0.0151703,0.151495,35.9768,8.4342,127.954
0.0490526,0.0361868,0.165908,37.4029,9.96812,127.955
0.0474128,0.0197361,0.15267,41.2736,9.55046,127.955
0.0511028,0.00716574,0.156055,33.1588,8.74081,127.957
0.04577,0.0155938,0.153283,45.1953,10.9763,127.957
0.0450731,0.0112982,0.155599,47.2758,10.0577,127.962
0.0418444,0.0277301,0.165464,58.4441,10.9431,127.969
0.0420357,0.00613307,0.165012,56.8718,12.0242,127.973
0.0465082,0.0360204,0.162635,43.7372,10.0388,127.982
0.0464601,0.0145738,0.161267,43.5422,10.1698,127.987
0.0427782,0.0382857,0.165861,54.9725,11.4262,127.988
0.0432366,0.00821413,0.166308,52.3105,11.0002,127.991
0.0426503,0.00405191,0.165727,54.2156,12.3121,127.992
0.0449834,0.0135636,0.164911,47.6796,11.0936,128.002
0.043846,0.00781985,0.152887,51.5183,10.5112,128.003
0.0461032,0.0211882,0.157981,44.1159,10.9834,128.004
0.0424723,0.0215183,0.166114,55.4221,11.297,128.005
0.047774,0.00516659,0.158192,40.1611,9.9682,128.008
0.0449644,0.00756161,0.166169,47.1472,10.5472,128.01
0.0471243,0.0174355,0.160892,42.1678,9.42744,128.021
0.0418324,0.00117591,0.162014,57.3225,11.4901,128.025
0.0478329,0.0129828,0.14468,40.2802,9.80325,128.026
0.0457466,0.0139071,0.161355,45.7733,10.366,128.027
0.0491203,0.0103118,0.15235,37.5479,9.70176,128.029
0.0429797,0.00507505,0.158371,54.3916,10.0636,128.029
0.0511823,0.00616895,0.152485,33.3927,8.31747,128.03
0.0450364,0.0128269,0.162856,47.2211,10.5865,128.033
0.0443272,0.0148656,0.162897,49.0542,10.541,128.034
0.0439588,0.00230098,0.159787,50.8444,10.371,128.036
0.0444725,0.0343738,0.164865,49.6722,10.5681,128.037
0.0436336,0.00570311,0.158855,51.509,11.9761,128.04
0.0431753,0.00420481,0.162083,53.6234,10.3262,128.045
0.0457499,0.0213663,0.164644,45.4301,10.7075,128.051
0.0423842,0.00170709,0.164842,55.1876,11.0908,128.054
0.0413029,0.0152174,0.162512,60.1415,10.1609,128.056
0.0419728,0.0256579,0.166386,57.8287,11.2884,128.057
0.0429562,0.0137096,0.160093,54.4403,10.1708,128.059
0.0444248,0.0166098,0.165139,49.824,11.1868,128.067
0.0415169,0.00108975,0.162013,58.7413,12.1017,128.076
0.0457093,0.0109008,0.160338,45.7926,10.4734,128.076
0.0454268,0.00863245,0.148566,46.8198,10.4165,128.077
0.0501955,0.0105574,0.157027,35.6518,8.855,128.085
0.0443807,0.0074051,0.156637,49.5264,11.1417,128.086
0.0398093,0.00287447,0.166286,65.7139,12.661,128.088
0.0470746,0.0248699,0.160005,42.5121,9.48619,128.088
0.0511035,0.0192231,0.151908,33.48,8.72099,128.089
0.0474306,0.0362507,0.164791,41.5958,9.187,128.092
0.0473731,0.0203565,0.163006,41.6463,9.02416,128.097
0.0459881,0.0174168,0.161689,45.1971,9.22463,128.098
0.0425124,0.0346547,0.164514,55.7173,11.5496,128.098
0.042819,0.018716,0.157674,54.4283,11.1559,128.099
0.0461051,0.00691633,0.15112,44.1203,10.095,128.1
0.0460753,0.013701,0.159028,44.2014,10.1827,128.106
0.0440015,0.0125939,0.152847,50.1829,11.4459,128.107
0.0457448,0.0122511,0.154522,45.2534,10.5694,128.111
0.0416704,0.00790081,0.162437,58.8082,11.0969,128.116
0.0505745,0.0279133,0.156417,34.0738,8.03285,128.116
0.0461019,0.000837608,0.150406,44.3102,10.7058,128.118
0.0427167,0.0177931,0.166091,54.9297,11.5514,128.118
0.0454083,0.0426878,0.166391,46.8437,10.9791,128.118
0.0460482,0.00443552,0.162178,44.203,10.863,128.122
0.0444115,0.0192427,0.150102,49.0536,10.8364,128.122
0.047502,0.0119507,0.151331,41.2194,9.57405,128.125
0.0440385,0.0123585,0.165122,50.6458,10.0743,128.125
0.0434103,0.0275641,0.164545,52.4067,11.2812,128.127
0.0435339,0.00289454,0.163137,51.5557,11.2308,128.13
0.0440819,0.0114849,0.159949,50.4825,10.2255,128.13
0.0441255,0.0303418,0.160727,50.6183,10.1624,128.133
0.0497945,0.00588239,0.159554,36.4115,8.17164,128.138
0.0457774,0.0244632,0.153212,45.5575,10.0274,128.14
0.0469893,0.00615181,0.16428,42.8077,9.94338,128.151
0.043052,0.00471071,0.161269,54.9274,10.5403,128.153
0.0497391,0.000630508,0.146944,36.6655,8.9271,128.155
0.0473583,0.0183276,0.163645,41.7119,9.78584,128.158
0.0415529,0.00550312,0.158536,59.4306,10.385,128.161
0.0402235,0.0122526,0.162143,64.7364,11.7136,128.172
0.0488297,0.00553271,0.16082,38.9219,9.90917,128.173
0.0422387,0.02699,0.16299,56.0158,11.5596,128.175
0.0447194,0.0178347,0.155199,48.3315,10.5346,128.176
0.0465213,0.043388,0.160039,43.3408,10.1091,128.177
0.0521661,0.00113839,0.15849,31.4603,8.42791,128.178
0.0380099,0.00412079,0.162029,74.1891,11.2103,128.181
0.0461398,0.0420048,0.159809,44.408,10.4038,128.184
0.0473605,0.00934952,0.156354,41.9413,9.91217,128.186
0.0477614,0.0165997,0.161706,40.6337,9.03229,128.187
0.0474288,0.0202057,0.147386,41.8252,9.34829,128.189
0.04442,0.0183893,0.154331,49.2757,10.2782,128.192
0.0434724,0.0112409,0.165692,52.7501,10.3445,128.192
0.0454237,0.0464197,0.166042,46.3259,10.1681,128.193
0.0425018,0.000687477,0.155211,55.1144,11.7214,128.194
0.0429843,0.00608041,0.164535,53.5567,11.629,128.194
0.0419996,0.0136422,0.15986,57.958,11.7964,128.197
0.0441285,0.0203224,0.1612,50.2919,10.2381,128.198
0.0478078,0.0111021,0.14634,40.719,9.77709,128.198
0.0444249,0.000533193,0.144863,49.4059,10.6856,128.204
0.043766,0.00555946,0.164151,51.1924,10.1058,128.205
0.0429651,0.00202814,0.152947,54.1989,10.4861,128.211
0.0423881,0.0120377,0.161228,56.0915,10.3989,128.216
0.0447457,0.0394635,0.16065,48.0755,10.377,128.217
0.0411462,0.0123741,0.166215,60.4141,11.5988,128.217
0.049244,0.0140153,0.164664,37.6944,9.23667,128.218
0.0409956,0.0142715,0.162722,61.4377,10.5274,128.219
0.0466803,0.0123984,0.149327,43.5426,9.53037,128.223
0.0412705,0.00193575,0.161057,59.4391,11.3189,128.224
0.0454386,0.00448818,0.142977,46.6338,10.2766,128.225
0.0469436,0.00982906,0.152493,42.2726,10.2965,128.225
0.0436498,0.00742825,0.16244,52.2822,10.2779,128.232
0.0468978,0.00186355,0.154371,42.3859,10.0712,128.237
0.0517165,0.00504668,0.155948,32.6629,8.12381,128.24
0.0427228,0.0139168,0.160216,55.5542,10.5259,128.24
0.0418468,0.00646023,0.160201,57.7033,11.3,128.244
0.0412499,0.0208829,0.165806,60.1957,10.2379,128.248
0.0491107,0.00650948,0.149817,37.2726,9.25177,128.249
0.0479871,0.000516876,0.156792,40.2625,9.54656,128.249
0.0411779,0.00833319,0.162303,60.4797,11.7986,128.254
0.0466503,0.00840233,0.14861,43.8097,9.12565,128.26
0.0457112,0.0179536,0.162802,45.7029,10.0799,128.267
0.0443177,0.0058095,0.160399,50.0755,9.29336,128.27
0.0417012,0.0065183,0.154552,58.1441,11.8441,128.271
0.0477915,0.0337266,0.160092,40.577,9.10621,128.276
0.0454128,0.0162465,0.151745,46.5356,10.0697,128.277
0.047104,0.0262931,0.164197,42.4596,9.43825,128.278
0.0522129,0.00644651,0.157932,31.6782,8.93298,128.281
0.0482097,0.034941,0.161174,39.5314,9.16656,128.281
0.043676,0.0124587,0.15258,51.3446,11.0375,128.283
0.0407278,0.0150497,0.164662,62.2556,10.7647,128.287
0.0469736,0.012345,0.150049,42.0615,9.5876,128.291
0.0432336,0.00338574,0.163155,53.6355,11.3135,128.293
0.0423705,0.00849442,0.166166,55.0295,11.7082,128.294
0.043944,0.0174553,0.164866,51.0705,10.292,128.295
0.0419786,0.00586562,0.164216,56.473,12.8236,128.306
0.0437358,0.0121396,0.158501,51.4778,11.6409,128.309
0.0510664,0.0272849,0.163521,33.0516,8.56547,128.312
0.0392821,0.0180425,0.164177,68.0481,11.22,128.313
0.0460937,0.00348107,0.163601,45.2526,9.67555,128.317
0.0422702,0.018253,0.159438,56.5088,11.7762,128.317
0.0454387,0.0162372,0.146568,46.8968,10.9066,128.319
0.0456771,0.00181015,0.158418,46.929,9.25476,128.327
0.0447346,0.0381486,0.163505,48.5835,10.7769,128.344
0.0456376,0.00158429,0.15819,46.2274,9.1508,128.344
0.0436463,0.00317829,0.158436,51.7251,10.1332,128.346
0.0473229,0.00896314,0.159278,41.4724,10.5731,128.355
0.0436648,0.0161935,0.160698,51.0136,11.7812,128.357
0.0429154,0.0167583,0.16615,54.8169,10.0562,128.36
0.0462903,0.00271957,0.15218,44.6619,9.37375,128.361
0.0506103,0.0301984,0.164148,34.4985,8.91507,128.362
0.0439065,0.0248411,0.165088,51.483,10.1062,128.363
0.0434205,0.00470164,0.16516,52.691,10.443,128.363
0.0402592,0.00640537,0.166111,64.6552,11.0429,128.363
0.0466018,0.00930658,0.148041,43.9583,9.72395,128.364
0.0446015,0.0218948,0.164943,48.8356,11.5894,128.371
0.0450862,0.00437392,0.144481,47.9374,10.0045,128.377
0.0473639,0.00238756,0.151969,41.6263,9.54811,128.378
0.0417913,0.010511,0.164153,57.4713,11.7424,128.379
0.0501131,0.00880216,0.145647,35.0482,8.1607,128.384
0.044655,0.00325936,0.157132,48.9337,10.2308,128.39
0.0424756,0.0298722,0.165358,55.3688,11.4069,128.392
0.0449884,0.00860074,0.161121,47.7462,10.9224,128.394
0.050126,0.00044582,0.144775,35.8721,8.73357,128.395
0.0417943,0.0159372,0.164562,58.6378,10.2949,128.4
0.0433833,0.0269185,0.162778,52.0797,11.9048,128.4
0.049029,0.0326829,0.166063,37.0369,9.23276,128.401
0.0450546,0.00921003,0.153775,47.8237,10.9774,128.404
0.0423875,0.0162164,0.165911,55.2277,12.5963,128.407
0.0465019,0.0329743,0.158057,43.2407,10.3116,128.407
0.0466272,0.00431675,0.157589,43.2535,9.10099,128.411
0.0453248,0.00497191,0.15948,47.4515,9.50563,128.412
0.0439558,0.0200177,0.15211,50.8849,11.3938,128.417
0.0461378,0.0329618,0.152482,44.8979,10.2399,128.421
0.0456871,0.0205011,0.16591,45.741,10.0532,128.422
0.0474092,0.015838,0.16232,41.2114,10.2132,128.424
0.0500186,0.0123825,0.16422,35.0629,9.24554,128.425
0.0428085,0.0335426,0.161262,54.6238,11.6661,128.427
0.0450389,0.0442845,0.164594,47.0676,10.7143,128.428
0.0446408,0.010683,0.156407,48.2487,11.5102,128.43
0.0464057,0.014328,0.160762,44.5777,9.66566,128.434
0.0461147,0.0286293,0.156118,44.4418,10.8007,128.434
0.0426587,0.000724256,0.161739,54.0601,11.9008,128.437
0.0441636,0.0223916,0.158345,50.9491,10.6929,128.439
0.0429555,0.0204275,0.162411,54.842,10.533,128.44
0.0501744,0.018898,0.159778,35.7813,8.55776,128.443
0.0466247,0.00503443,0.157689,43.8935,9.80738,128.445
0.0481664,0.0364673,0.160961,39.1059,9.95823,128.446
0.0481624,0.0178564,0.151824,39.5598,9.7777,128.458
0.0375982,0.00320112,0.163042,76.9525,11.2306,128.461
0.0413401,0.00588949,0.160818,59.0768,11.0546,128.462
0.0427523,0.00991048,0.161197,54.4909,11.1563,128.462
0.0516077,0.0355314,0.166348,32.7419,8.51416,128.462
0.0456983,0.0242323,0.165289,45.5882,10.2333,128.468
0.0417431,0.0143015,0.163513,58.8775,11.9091,128.469
0.0415552,0.0282919,0.160747,59.8403,10.4938,128.47
0.0446252,0.015516,0.161539,49.0562,9.8996,128.47
0.0433607,0.000861402,0.159173,52.0788,10.1524,128.471
0.0497217,0.00652837,0.147265,36.3304,8.45594,128.472
0.0438038,0.00247226,0.149114,51.8941,10.0974,128.473
0.0422887,0.0181331,0.158754,56.0094,11.1944,128.482
0.0461355,0.00849237,0.147136,44.2138,10.8928,128.483
0.0432145,0.00523747,0.163897,52.8881,11.6409,128.483
0.0453815,0.0193538,0.162114,46.6929,10.2321,128.483
0.0462755,0.0047747,0.151729,44.5387,9.5923,128.484
0.0437724,0.0126547,0.159704,51.6642,11.8948,128.489
0.0485859,0.0326285,0.160153,38.4399,9.89751,128.495
0.0443525,0.0213801,0.165862,49.3358,10.6048,128.498
0.0447318,0.0451079,0.165412,48.1333,10.4857,128.499
0.0470267,0.0341094,0.153623,42.1251,9.66953,128.504
0.0469963,0.016166,0.147716,42.1877,9.38675,128.508
0.0485915,0.0167947,0.157807,38.3878,9.524,128.51
0.0466403,0.0245965,0.155781,43.1327,9.77106,128.511
0.0457268,0.0125201,0.146155,45.2287,10.3717,128.515
0.0485813,0.048496,0.165421,38.5432,9.22726,128.518
0.0440823,0.0198216,0.164388,50.4473,10.7517,128.519
0.0447229,0.0262721,0.165716,48.1029,11.3338,128.521
0.0473584,0.03889,0.165807,41.6236,9.26816,128.523
0.0417307,0.0198621,0.16479,58.1,11.3327,128.523
0.048146,0.0298716,0.16128,39.3214,9.66903,128.524
0.0462645,0.00925058,0.150296,44.8672,9.38635,128.525
0.0407494,0.016933,0.163512,62.0639,10.75,128.527
0.0417797,0.005117,0.161934,58.8283,10.4518,128.527
0.0418363,0.0320334,0.16354,58.0668,10.5723,128.527
0.0490297,0.0259564,0.164967,37.2575,9.65482,128.528
0.0460599,0.026442,0.160762,44.8028,10.0519,128.528
0.0388607,0.0119889,0.164015,70.9923,11.4275,128.529
0.0403846,0.00353344,0.164461,63.5688,12.0442,128.53
0.042046,0.00484673,0.166132,56.0177,11.3757,128.538
0.0454191,0.026712,0.149981,46.1222,10.6517,128.54
0.046086,0.018251,0.151584,44.2697,10.0783,128.541
0.0486095,0.0453606,0.159745,38.7883,9.04961,128.543
0.0450929,0.0488459,0.162292,47.9779,10.9414,128.549
0.0442913,0.0049986,0.156207,49.4195,10.2212,128.552
0.0440448,0.0153157,0.159521,50.9693,10.4926,128.553
0.0406473,0.0186013,0.16498,62.529,11.9646,128.555
0.0413252,0.00138699,0.155699,59.8531,11.4048,128.555
0.044706,0.0416584,0.159287,48.5488,10.4534,128.556
0.0436558,0.0116533,0.164407,51.3393,10.8671,128.558
0.0505987,0.0346818,0.164172,34.7389,8.06348,128.562
0.0417261,0.0201731,0.164099,58.3036,11.6914,128.565
0.0477403,0.0210062,0.152233,40.5912,9.64598,128.569
0.0500818,0.0285772,0.151665,35.4231,8.87602,128.57
0.0388551,0.00259013,0.157866,70.7961,11.149,128.572
0.0435019,0.00433048,0.15792,52.6659,10.6031,128.572
0.0397396,0.00443292,0.16627,65.2843,12.0941,128.574
0.0439441,0.0186542,0.159385,50.5407,10.2025,128.58
0.0450702,0.00657141,0.145411,47.4957,10.4353,128.58
0.0484401,0.00557404,0.164962,39.4213,9.19735,128.59
0.0423409,0.0219794,0.165605,55.9774,12.2163,128.591
0.0490754,0.0307057,0.15699,37.0658,9.21305,128.592
0.0483604,0.00209041,0.150921,39.746,9.66509,128.592
0.0469201,0.0169576,0.15463,42.5713,10.4387,128.596
0.0477805,0.0507393,0.160971,40.1586,9.55402,128.597
0.0430667,0.0128634,0.166154,53.8867,12.6398,128.6
0.0422556,0.0115277,0.151652,56.0542,11.725,128.601
0.0461458,0.0383885,0.154642,44.2234,10.2402,128.608
0.0453376,0.012438,0.159544,46.9664,10.3286,128.608
0.0454012,0.00192498,0.142229,46.4944,10.7965,128.608
0.0496262,0.0134834,0.15656,36.9719,9.86551,128.61
0.0408524,0.00218281,0.166243,61.299,11.7799,128.611
0.041644,0.0151618,0.16233,58.5169,11.9184,128.615
0.0463159,0.0161468,0.158805,44.2647,9.07166,128.616
0.0406534,0.0167191,0.163031,62.7663,11.5166,128.616
0.037992,0.0116751,0.164458,74.7144,11.5238,128.618
0.0423953,0.00137871,0.155265,56.2515,10.5858,128.623
0.045626,0.0159818,0.160418,46.1167,9.11082,128.623
0.0443518,0.00870694,0.154119,49.926,10.9327,128.625
0.0456937,0.0167025,0.158526,45.862,10.9614,128.625
0.0466129,0.0170617,0.154029,43.3434,9.34728,128.625
0.0382048,0.0132377,0.161394,73.5298,11.3435,128.63
0.04816,0.00514977,0.157998,39.0242,9.9786,128.631
0.0457197,0.0144897,0.146271,45.9888,10.0573,128.634
0.043113,0.0107627,0.166286,53.1549,10.9373,128.637
0.0462756,0.00615795,0.140997,44.5004,9.16281,128.637
0.0429334,0.0013957,0.154682,53.8575,11.6067,128.637
0.0481561,0.0196444,0.166259,39.6274,9.39454,128.639
0.0439583,0.0358308,0.160125,50.7544,11.848,128.64
0.0464857,0.0120159,0.151753,43.1821,10.1539,128.64
0.0447113,0.0490239,0.163584,48.5299,10.6309,128.646
0.0446143,0.0044694,0.163255,48.7163,10.5598,128.648
0.0413309,0.00307161,0.152497,60.2388,10.0032,128.648
0.0463176,0.00504821,0.159217,44.6295,10.0874,128.648
0.0416675,0.0047573,0.164437,57.9508,12.4074,128.649
0.0430389,0.000773724,0.153729,53.3205,11.9472,128.654
0.0430279,0.0168413,0.162025,54.4039,10.6403,128.654
0.0482028,0.0195285,0.145158,39.0508,9.35692,128.661
0.0507217,0.0130613,0.161458,34.3751,8.58837,128.662
0.0470593,0.0232575,0.149299,42.2037,9.33737,128.665
0.0434721,0.0247467,0.164469,52.3825,11.0975,128.668
0.0457079,0.0155568,0.150134,45.8377,10.013,128.668
0.0431722,0.0152305,0.163742,53.1871,10.9552,128.669
0.0471149,0.0121946,0.151685,42.3574,9.86316,128.669
0.0420277,0.0122103,0.1615,56.7468,12.2533,128.672
0.0443556,0.0295975,0.162484,49.1252,10.9223,128.677
0.0439654,0.00207667,0.152777,50.2259,10.8944,128.678
0.0420347,0.00488574,0.161314,57.2442,10.6817,128.678
0.0473624,0.040947,0.15857,41.317,9.25514,128.68
0.039875,0.00270462,0.159324,65.4959,12.6279,128.68
0.0396924,0.00124795,0.159595,66.1183,11.0374,128.682
0.0427033,0.0131329,0.158043,55.9111,10.7257,128.683
0.0436078,0.0210086,0.161939,51.1249,11.4869,128.684
0.041695,0.0154545,0.16351,57.0549,12.062,128.687
0.0456954,0.010943,0.150492,45.6601,10.7865,128.69
0.0510881,0.0183059,0.148748,33.6413,8.19568,128.69
0.0473242,0.000968734,0.155709,41.1307,10.1087,128.691
0.0433694,0.0189721,0.16219,52.6874,11.181,128.692
0.0430832,0.0374562,0.163993,53.7037,11.9169,128.692
0.0401788,0.00388614,0.158318,64.9293,11.2015,128.694
0.0447489,0.016141,0.147253,48.7096,10.4384,128.696
0.0410585,0.00509086,0.162147,60.115,11.2512,128.701
0.0413263,0.01419,0.165907,59.351,12.2426,128.701
0.0407964,0.00675099,0.15285,62.0435,10.9952,128.703
0.0424365,0.00485526,0.155596,55.9631,11.1784,128.705
0.0483728,0.0206518,0.166221,39.5784,9.35279,128.705
0.0403054,0.0018122,0.159698,63.7851,12.6999,128.707
0.0431515,0.00178213,0.151897,53.3293,11.3489,128.707
0.0423934,0.031048,0.163747,56.8361,10.4428,128.707
0.0462483,0.00521801,0.15128,44.8681,9.49086,128.712
0.0442677,0.00262173,0.154785,49.6907,11.7925,128.713
0.0429126,0.00531993,0.151092,54.2365,10.8936,128.713
0.047317,0.0260679,0.165236,41.8868,9.82439,128.715
0.0444071,0.0321788,0.16293,49.0475,10.8412,128.717
0.0442968,0.00660371,0.156141,50.2296,9.09914,128.717
0.042166,0.00909799,0.156602,56.8799,11.1488,128.72
0.0463181,0.0118408,0.152119,44.1625,9.50029,128.723
0.0492173,0.0213866,0.164697,37.3004,9.79883,128.723
0.0424637,0.0114213,0.158803,55.7508,11.8492,128.723
0.0432396,0.00302277,0.149425,53.1507,10.5388,128.725
0.0485932,0.0103174,0.156219,38.7721,9.74783,128.733
0.0473256,0.0383618,0.165913,41.0102,9.79355,128.735
0.0423698,0.0186623,0.162085,56.5034,10.6055,128.735
0.0466173,0.0128034,0.159239,43.1349,9.37265,128.736
0.0450532,0.0527706,0.163584,47.5354,10.8129,128.739
0.0505737,0.0166218,0.151194,34.7705,8.65371,128.739
0.0470281,0.043019,0.162953,42.0732,9.9995,128.74
0.0408984,0.0106059,0.162273,61.801,11.8807,128.74
0.044105,0.00985143,0.142739,50.6919,10.7135,128.741
0.0436628,0.0327848,0.1622,51.4923,11.8214,128.743
0.0479395,0.0168136,0.159594,40.222,9.82093,128.746
0.0407274,0.0257039,0.165397,62.0276,10.4053,128.747
0.0457925,0.00399097,0.138995,45.6872,10.5283,128.747
0.04079,0.00514011,0.157958,62.9279,10.4654,128.748
0.0422453,0.00190318,0.165978,56.574,10.5111,128.751
0.0440286,0.00980291,0.15203,50.9614,11.6625,128.752
0.0466566,0.0164775,0.140656,43.1232,9.04645,128.752
0.0515991,0.00505758,0.159168,32.2293,8.51646,128.753
0.043512,0.0178771,0.152884,52.5451,10.3392,128.753
0.0463081,0.00327319,0.141051,44.131,9.39159,128.755
0.0506737,0.0236686,0.164041,34.6806,8.16896,128.755
0.049503,0.0261855,0.164366,36.2751,9.01271,128.758
0.0398122,0.00148977,0.159895,65.7808,12.432,128.767
0.0432806,0.00462175,0.155917,52.5208,11.7864,128.772
0.0419662,0.0147251,0.154263,57.9546,11.9586,128.773
0.0414937,0.00364625,0.161274,59.6458,10.4777,128.773
0.0443885,0.0384754,0.155036,49.7711,10.6782,128.774
0.0477642,0.00938416,0.138998,40.1456,9.74988,128.776
0.0417147,0.0159818,0.163699,57.2883,12.1341,128.776
0.0481438,0.0250403,0.155875,39.1378,9.37801,128.776
0.0427561,0.0143343,0.160906,54.7615,11.2665,128.777
0.0456937,0.0197116,0.155416,45.0342,10.3286,128.777
0.0438603,0.0295977,0.160783,51.4729,10.7999,128.778
0.0415401,0.00866306,0.160382,58.8508,11.5496,128.781
0.047737,0.0407271,0.162611,40.0933,9.22031,128.789
0.0510754,0.00389568,0.162581,33.1823,8.15384,128.793
0.043588,0.017417,0.162162,51.536,11.282,128.794
0.0420954,0.0213096,0.165577,56.6471,11.0727,128.802
0.0473917,0.0217482,0.148832,41.0249,9.10061,128.802
0.0510655,0.0204278,0.151225,33.267,8.0724,128.806
0.0443575,0.0384679,0.164913,49.3258,10.7182,128.806
0.0453805,0.0234567,0.152342,46.186,10.8921,128.811
0.0473123,0.019251,0.163803,41.9886,9.30025,128.812
0.0437966,0.0370364,0.164803,51.8492,10.687,128.812
0.0433311,0.00326172,0.164454,52.2151,12.7201,128.812
0.0407924,0.00349082,0.159316,62.3947,10.8031,128.813
0.0418408,0.0335805,0.166285,57.6774,11.0064,128.818
0.0459548,0.01164,0.160451,45.5051,9.54139,128.818
0.0457635,0.0173766,0.143348,45.4565,10.93,128.821
0.0510356,0.0381172,0.157989,33.1582,8.86833,128.823
0.0456566,0.00685848,0.164182,45.697,10.6401,128.829
0.0435523,0.00613195,0.150918,52.0403,10.4979,128.833
0.0426891,0.00871681,0.156771,55.3009,10.0488,128.833
0.0436394,0.030351,0.16065,51.8067,11.442,128.835
0.0403834,0.00210725,0.158,63.0618,11.344,128.836
0.044453,0.0316933,0.156891,49.1654,10.5241,128.836
0.0416561,0.0190251,0.160506,58.9249,11.4511,128.839
0.04859,0.0131238,0.155537,38.9951,9.12749,128.841
0.0497387,0.00316795,0.15848,36.4851,8.85721,128.842
0.0440299,0.000599466,0.145073,50.9993,11.02,128.844
0.0437467,0.00698103,0.150741,51.4242,10.9305,128.846
0.0373876,0.0073599,0.16602,77.5871,11.3805,128.846
0.047384,0.0356771,0.15233,41.574,9.80281,128.848
0.0496339,0.00918547,0.141601,36.6338,8.25075,128.849
0.0460549,0.00828293,0.154507,44.0929,10.3119,128.849
0.0410086,0.000388055,0.16278,60.9607,12.2884,128.851
0.0482831,0.0362314,0.161356,39.9369,9.38432,128.858
0.0431709,0.021248,0.160645,53.9878,11.3963,128.859
0.0464076,0.0214676,0.165921,44.6942,9.80775,128.864
0.0465623,0.00916415,0.165845,43.7395,9.28951,128.87
0.044004,0.0153706,0.156513,50.0431,10.2093,128.87
0.0490646,0.0238043,0.152624,37.8558,9.59983,128.87
0.0441013,0.0278095,0.164627,50.5996,10.595,128.871
0.0456936,0.0271368,0.160054,45.126,10.0982,128.871
0.0505651,0.0419612,0.160389,34.541,8.3323,128.874
0.0481386,0.0383478,0.159217,39.8647,9.63881,128.874
0.0401323,0.0173496,0.165135,64.0757,11.4541,128.878
0.0477791,0.0440814,0.15724,40.8074,9.82116,128.879
0.0481995,0.00564456,0.139892,39.6065,9.9547,128.881
0.0470593,0.0126363,0.14184,42.7584,9.18919,128.881
0.0416866,0.0104692,0.151821,58.1619,11.6991,128.882
0.0477996,0.00163124,0.135267,40.6414,9.04276,128.882
0.0469641,0.021186,0.163306,42.6224,9.14978,128.882
0.0414622,0.00783948,0.161546,58.6159,12.1297,128.885
0.0493081,0.00106975,0.153021,37.8392,8.76,128.888
0.0402045,0.00712022,0.157467,64.2173,11.7836,128.889
0.0418403,0.0252752,0.16141,57.1078,11.3272,128.901
0.0425251,0.000617473,0.159702,55.3165,10.1332,128.901
0.0450217,0.000990363,0.145887,47.838,10.8549,128.904
0.0459525,0.00218544,0.148718,45.9411,9.52176,128.905
0.0481441,0.0334952,0.154244,39.7609,9.53217,128.905
0.0437799,0.0140105,0.160962,51.0422,10.375,128.905
0.0433537,0.0108661,0.164023,52.1745,10.2197,128.906
0.0435219,0.0311848,0.159644,52.6078,10.7438,128.907
0.0460576,0.0203403,0.154151,44.0799,10.1299,128.909
0.0501079,0.00109965,0.156802,35.5222,8.2296,128.909
0.0391133,0.00528387,0.166085,69.1914,11.109,128.911
0.0460574,0.0402546,0.163808,44.8809,10.8074,128.912
0.040752,0.00890559,0.163159,61.2339,11.1423,128.913
0.0429637,0.0138332,0.162323,53.3315,11.8965,128.914
0.0392931,0.00675816,0.164157,67.2668,12.2459,128.914
0.0443466,0.0145668,0.154246,49.316,10.1506,128.915
0.0418227,0.0224337,0.159155,58.2674,10.9025,128.916
0.0451227,0.0100244,0.146182,47.499,10.7435,128.917
0.0462695,0.0151096,0.14259,44.1521,9.85308,128.919
0.0456617,0.00789731,0.157813,45.922,10.6883,128.92
0.0388017,0.00645517,0.164008,70.3457,11.5273,128.923
0.0456783,0.0145541,0.153864,45.8267,10.5088,128.924
0.0435994,0.0218589,0.161471,52.0441,10.5365,128.929
0.042199,0.0285357,0.15591,56.58,11.9929,128.929
0.043751,0.00441491,0.147105,51.1441,10.0782,128.93
0.0473682,0.0194239,0.147112,41.4278,9.8242,128.93
0.0469311,0.0135165,0.163133,42.5209,9.37767,128.931
0.0496699,0.0128685,0.156621,36.1275,8.61371,128.931
0.0424708,0.0520015,0.16502,55.1078,11.3412,128.933
0.0466285,0.0241337,0.1659,43.9224,9.68998,128.936
0.0423081,0.0118889,0.162623,56.2561,10.0126,128.937
0.0502629,0.00508403,0.156377,35.301,8.18455,128.937
0.0422669,0.00131347,0.163023,55.0851,12.0973,128.938
0.0393085,0.012706,0.160267,68.5995,11.125,128.94
0.0439381,0.043104,0.162203,50.5525,11.1648,128.942
0.050113,0.0107078,0.157925,35.1202,8.38487,128.943
0.0506255,0.00719094,0.16505,34.1109,9.24096,128.946
0.0411598,0.0242073,0.165099,60.4534,11.8147,128.949
0.0442522,0.0563895,0.163132,49.3521,11.8822,128.953
0.0421039,0.00140446,0.161531,57.9153,11.7813,128.953
0.042329,0.0230397,0.16492,55.2759,12.9579,128.953
0.0439312,0.0253227,0.155411,50.6684,11.8815,128.955
0.0402561,0.00643245,0.157408,64.8113,10.7215,128.955
0.0495205,0.0247031,0.157914,36.669,9.10871,128.956
0.041488,0.0220494,0.16588,58.6184,12.4728,128.958
0.0473276,0.0496538,0.166213,41.6828,9.35758,128.958
0.0522131,0.00603696,0.155853,31.3502,8.80893,128.959
0.0464471,0.0134709,0.166245,44.0967,9.58581,128.959
0.0435934,0.00920995,0.151664,51.0014,11.2201,128.961
0.0434797,0.037018,0.166212,52.4745,10.8763,128.963
0.0408037,0.00680275,0.162031,61.9835,12.6324,128.964
0.050596,0.0124634,0.141306,34.698,8.99965,128.966
0.0456768,0.0118985,0.152572,45.1478,10.3441,128.968
0.0441262,0.0237987,0.152435,50.9924,10.715,128.969
0.044408,0.00877015,0.14284,49.1287,10.3021,128.973
0.0417914,0.00578457,0.158604,58.662,11.0547,128.974
0.0456012,0.00930253,0.15874,46.4465,9.8531,128.977
0.0429757,0.00227508,0.161626,53.3441,12.7235,128.983
0.0404726,0.0173108,0.163239,63.7107,10.5915,128.984
0.0379686,0.00962704,0.165837,74.2992,12.9882,128.987
0.042135,0.0241259,0.160121,56.9449,11.5291,128.987
0.0445442,0.0146268,0.165249,48.9204,11.1974,128.988
0.0404106,0.0092249,0.16497,63.8314,12.0879,128.991
0.0434978,0.0133327,0.153928,52.1621,10.6195,128.991
0.0413053,0.0235436,0.166319,59.2227,11.8796,128.992
0.0419048,0.0165106,0.158611,57.3416,11.2279,128.996
0.0413041,0.0230944,0.157312,60.5505,10.4505,128.998
0.0416561,0.0289689,0.164505,58.8878,11.6645,128.998
0.0457104,0.0108025,0.164992,45.6818,11.4933,129.001
0.0409671,0.00257225,0.166051,60.7493,13.467,129.002
0.048594,0.00690131,0.154256,38.1906,9.49074,129.003
0.0500713,0.0403897,0.158426,35.517,8.9914,129.007
0.0407623,0.0078773,0.158366,62.7137,11.3612,129.007
0.0415804,0.0228709,0.160301,58.0961,11.3903,129.007
0.0431309,0.00386797,0.151313,53.9528,11.536,129.007
0.0462585,0.0112225,0.143223,44.3736,9.14831,129.008
0.0463172,0.00740072,0.143254,44.1492,9.67689,129.008
0.041678,0.00797342,0.149244,58.5782,11.9165,129.008
0.0412579,0.0255025,0.164334,60.0453,11.7179,129.008
0.0405405,0.00303776,0.153338,63.8102,10.4965,129.009
0.0468247,0.0128217,0.16401,42.271,10.8306,129.009
0.0464328,0.0377503,0.159747,43.8804,10.2039,129.01
0.0419638,0.0108344,0.148246,57.0847,11.4582,129.011
0.045853,0.00712569,0.145921,45.9824,10.4624,129.012
0.0433323,0.0151557,0.165209,52.9672,10.0365,129.014
0.0456461,0.0117557,0.153459,46.0362,9.94927,129.015
0.0417972,0.0142459,0.161584,57.6686,11.9777,129.016
0.0401346,0.0115717,0.160668,64.3837,11.8187,129.021
0.0505694,0.044849,0.165039,34.2333,8.11511,129.022
0.0456505,0.0220625,0.165412,46.0962,9.46831,129.022
0.0436466,0.0397631,0.162569,51.7303,11.7745,129.023
0.0422927,0.0178747,0.166082,55.7166,12.1035,129.026
0.0457547,0.0285339,0.146654,45.6825,10.4223,129.028
0.0426845,0.0171759,0.16377,54.3596,11.4969,129.029
0.0436614,0.0404685,0.162084,51.538,11.179,129.032
0.0436158,0.0146082,0.154592,51.789,11.8824,129.033
0.0461249,0.0576198,0.162545,44.7859,10.0208,129.036
0.0396122,0.00449503,0.158799,66.5693,12.7526,129.04
0.0450472,0.0346376,0.154002,47.4579,10.6826,129.043
0.0375801,0.00170636,0.163029,76.1612,12.3225,129.045
0.0462499,0.0106224,0.136406,44.3346,9.7615,129.048
0.0464303,0.0396362,0.16001,43.9906,10.2403,129.05
0.0442562,0.0230087,0.164698,49.7108,10.2269,129.051
0.0469079,0.0037712,0.15096,42.6447,10.2173,129.053
0.0444503,0.0246739,0.150109,49.8295,10.4753,129.053
0.0422782,0.00505334,0.163919,56.7084,10.2723,129.062
0.0467282,0.00701805,0.165215,43.9589,10.4529,129.065
0.040196,0.0100356,0.158267,64.0494,11.4971,129.067
0.047787,0.030975,0.145459,40.1212,9.29552,129.069
0.0414009,0.0119616,0.162673,58.0525,12.0891,129.073
0.0485505,0.0451674,0.165747,38.1201,9.93919,129.074
0.0473643,0.0392661,0.155061,41.4909,9.11919,129.075
0.042765,0.0147682,0.158067,54.3997,11.1107,129.077
0.0500091,0.0324927,0.164646,35.7442,9.21725,129.078
0.0420919,0.0193377,0.159947,56.4934,12.5657,129.08
0.0452455,0.017885,0.163359,47.1765,10.5941,129.083
0.0450577,0.0251936,0.148151,47.5615,10.0361,129.086
0.049637,0.0282679,0.148364,36.6093,8.46333,129.087
0.0483955,0.00771632,0.158223,39.7678,9.57263,129.089
0.0436315,0.0238843,0.152651,51.155,11.8056,129.089
0.0500039,0.019409,0.162679,35.899,9.74295,129.092
0.0453456,0.030686,0.165537,46.968,10.5547,129.094
0.045608,0.00233878,0.156932,46.1479,10.074,129.094
0.0469928,0.0495114,0.163998,42.3197,9.75975,129.102
0.0408682,0.0130852,0.162159,61.8582,11.7931,129.103
0.048193,0.0230793,0.143323,39.5963,9.91835,129.105
0.0412204,0.0103157,0.161383,59.7431,11.1564,129.106
0.0454393,0.0189833,0.143474,46.5439,10.4801,129.106
0.0424517,0.0110513,0.156929,55.6734,11.0642,129.107
0.0510226,0.0393352,0.159092,33.6004,8.11933,129.109
0.0466675,0.0367435,0.165824,43.9893,9.98736,129.11
0.0421839,0.0358518,0.164727,56.8178,11.3908,129.111
0.0416484,0.000595532,0.150811,58.8683,11.3603,129.112
0.0406387,0.00188511,0.156882,62.2095,11.8464,129.116
0.0403616,0.0257073,0.165192,63.3959,11.9082,129.117
0.0446251,0.0295776,0.164197,48.76,10.446,129.118
0.044268,0.0212128,0.156074,49.2461,11.0019,129.121
0.0444128,0.00307001,0.139313,49.9611,10.7942,129.123
0.0453821,0.0228967,0.164629,46.5721,11.3411,129.123
0.0431916,0.027073,0.1551,53.2275,10.6051,129.124
0.0428604,0.00988561,0.158442,54.9313,10.4933,129.124
0.0446191,0.0242414,0.157684,48.5784,11.7938,129.125
0.044521,0.0103849,0.166165,48.0677,11.5418,129.128
0.0473772,0.00679052,0.13404,41.0826,9.03409,129.128
0.042876,0.0170492,0.162268,54.4027,10.3937,129.129
0.0421831,0.0165287,0.155706,56.2282,11.6147,129.13
0.0430547,0.0204546,0.160548,53.2444,11.6209,129.135
0.0461842,0.00335061,0.16046,44.4973,9.86896,129.135
0.0505516,0.008786,0.161768,34.6754,9.44862,129.138
0.0481533,0.0366925,0.149908,39.7439,9.11346,129.141
0.0485677,0.0462995,0.157191,38.838,9.10603,129.141
0.041651,0.0110757,0.165588,57.8276,12.5617,129.142
0.042038,0.00125408,0.155774,56.5058,12.1622,129.142
0.0450037,0.0118575,0.15401,47.9537,10.6141,129.143
0.0477611,0.0365709,0.151951,40.3958,9.40325,129.144
0.0439737,0.0138253,0.157178,51.2117,9.23611,129.145
0.0447987,0.0354444,0.157207,48.8116,10.2311,129.146
0.0477597,0.00470055,0.137219,40.5408,9.98973,129.147
0.0370317,0.00326157,0.165745,79.2214,12.4947,129.147
0.0502049,0.00947793,0.148728,35.6732,8.54938,129.147
0.0458806,0.00448586,0.145779,45.281,9.50797,129.148
0.0446274,0.0132339,0.156736,49.8953,9.52154,129.154
0.0417346,0.0265182,0.164562,58.1811,11.5,129.154
0.0449872,0.00498989,0.147309,47.0259,10.3537,129.155
0.0490225,0.0510143,0.162736,37.2763,9.73298,129.156
0.0468461,0.0106938,0.157932,42.7391,10.7692,129.159
0.0477709,0.00595104,0.135742,40.4053,9.08162,129.16
0.0465724,0.001514,0.13907,43.733,9.01885,129.162
0.045699,0.0165084,0.144509,45.6763,10.555,129.165
0.0401235,0.0120545,0.160907,64.0784,11.9595,129.167
0.0515374,0.0391464,0.165316,32.2444,8.99012,129.169
0.0469691,0.0414422,0.156068,42.5578,9.12899,129.172
0.0405303,0.00146657,0.165431,62.5911,11.6159,129.172
0.0494855,0.0458947,0.164003,36.794,9.24154,129.173
0.0444412,0.0526285,0.165586,49.1428,10.565,129.173
0.0473872,0.0130575,0.156419,41.1214,10.9375,129.174
0.0460444,0.0365521,0.156232,44.4252,10.575,129.174
0.0490944,0.00692424,0.146025,37.0456,9.30749,129.176
0.0409581,0.00137852,0.161487,60.1578,12.5806,129.177
0.0430537,0.00894382,0.154148,53.043,11.0717,129.178
0.0436676,0.0127056,0.152376,51.1354,10.4812,129.178
0.0468238,0.0114334,0.16371,43.5595,9.47602,129.185
0.0496408,0.0221022,0.153729,36.0933,8.87713,129.189
0.0449835,0.00575105,0.155614,47.3064,11.4926,129.189
0.0399771,0.0142984,0.158016,65.876,11.4079,129.191
0.0458488,0.0375655,0.162517,45.2417,10.1295,129.194
0.0461375,0.0177099,0.14431,44.6982,10.7153,129.195
0.0429865,0.0143321,0.16295,53.4962,12.4249,129.197
0.046547,0.0048144,0.143879,43.7628,10.3286,129.199
0.0453694,0.0404291,0.158083,46.3868,10.6794,129.199
0.0439691,0.0192478,0.147432,50.7663,11.9443,129.201
0.042399,0.0014687,0.155259,55.7213,11.9736,129.205
0.0478721,0.0375092,0.161713,40.6818,9.46929,129.206
0.0429922,0.00123647,0.149838,53.1905,11.8982,129.207
0.0437368,0.0132838,0.149137,51.7303,10.6012,129.208
0.0432116,0.0403307,0.162388,53.8196,10.2473,129.208
0.0398238,0.0200121,0.162049,65.7186,12.6794,129.208
0.0457198,0.0525564,0.164257,45.3694,10.5663,129.209
0.0466194,0.0381072,0.164301,43.6293,9.36675,129.211
0.0437683,0.0108366,0.147327,51.3728,10.0422,129.211
0.0408455,0.00199684,0.158687,61.8101,11.0139,129.214
0.0440231,0.0314013,0.158244,50.8082,10.8177,129.214
0.0411935,0.00705097,0.159847,59.9503,12.1305,129.216
0.0427415,0.00300263,0.154754,55.1378,10.8465,129.216
0.0460864,0.0592643,0.164888,44.7153,10.2072,129.219
0.0412211,0.021337,0.165377,59.1339,12.1172,129.22
0.0510863,0.00150233,0.147396,33.4793,8.57259,129.222
0.0460876,0.03224,0.152269,44.5089,10.0809,129.226
0.0420161,0.0109943,0.158999,56.924,12.5287,129.226
0.0468238,0.0311308,0.162693,42.5387,10.561,129.227
0.0394866,0.0032341,0.158693,67.8929,11.3731,129.231
0.0459153,0.0182624,0.165733,45.5902,9.87283,129.231
0.0432685,0.0182391,0.158905,52.0532,11.4323,129.232
0.0424628,0.00462389,0.153775,55.1625,11.6208,129.233
0.0418399,0.0144484,0.159153,57.822,12.6861,129.233
0.0477527,0.0430515,0.157299,40.0946,9.43709,129.233
0.0481208,0.0490929,0.164183,39.2265,9.69806,129.237
0.0432385,0.02036,0.158679,52.3553,11.7031,129.24
0.0436703,0.0435993,0.164548,51.6596,11.1654,129.242
0.0372095,0.00395321,0.161981,78.1326,11.3454,129.243
0.044006,0.00269281,0.163397,51.7779,9.75051,129.244
0.0446341,0.0354861,0.165281,48.2415,10.0875,129.245
0.0409085,0.0270587,0.161559,61.0796,11.6099,129.246
0.0433042,0.0326397,0.164641,52.2266,11.2265,129.248
0.042323,0.00181676,0.152709,56.5125,10.6874,129.25
0.0481403,0.0288011,0.149788,39.8343,9.64883,129.25
0.0436261,0.0110565,0.151903,51.7005,10.0319,129.251
0.0414406,0.0171177,0.163377,58.4793,12.0139,129.252
0.0432309,0.012363,0.154186,52.2054,11.9878,129.257
0.045719,0.00301427,0.15804,46.8816,9.30727,129.257
0.0500912,0.00940785,0.137223,35.6692,8.11455,129.259
0.0406036,0.0126801,0.162579,62.1529,11.9161,129.261
0.0442614,0.030195,0.163099,49.1047,10.6872,129.262
0.0424638,0.0365207,0.160916,55.0456,11.4528,129.262
0.0469254,0.02238,0.153285,42.6754,9.78129,129.263
0.0477476,0.0296486,0.144026,40.1835,9.85166,129.265
0.0474192,0.00521344,0.155817,41.8535,10.6067,129.265
0.0443845,0.017558,0.144419,49.8155,10.2098,129.266
0.0443386,0.0373252,0.162128,49.3379,11.1487,129.267
0.0437389,0.0143955,0.150137,51.3466,10.1873,129.267
0.0414153,0.016935,0.160292,58.3277,12.5913,129.268
0.043832,0.0160744,0.161125,50.6971,11.3424,129.269
0.0440181,0.0284234,0.157911,50.1383,11.3972,129.272
0.0440421,0.0348392,0.161829,50.9043,10.0904,129.272
0.046606,0.00561943,0.138687,43.4449,9.73539,129.273
0.048572,0.00912438,0.160936,38.8994,9.2437,129.276
0.0490021,0.0471551,0.165284,37.9589,9.04539,129.278
0.0473228,0.00237166,0.154629,41.306,9.19894,129.284
0.0481906,0.010952,0.138539,39.855,9.22641,129.284
0.0453629,0.0462877,0.160969,46.9875,10.2163,129.285
0.0379828,0.0063787,0.160645,74.2511,11.4517,129.29
0.0449412,0.0227111,0.163963,47.3591,10.7329,129.293
0.042319,0.00896046,0.166355,55.7217,11.7537,129.296
0.0495429,0.0126268,0.152685,36.8126,9.6659,129.296
0.0473501,0.0241415,0.143846,41.3927,9.85142,129.298
0.0437549,0.0134397,0.150515,51.854,10.8778,129.299
0.0394686,0.00255195,0.156702,67.6064,11.3229,129.3
0.0405769,0.0114023,0.15964,62.6157,12.7544,129.301
0.0408915,0.00493538,0.159555,60.6619,12.6184,129.302
0.043032,0.00035474,0.158873,53.9378,12.3248,129.302
0.0401909,0.00541283,0.166188,63.4541,12.1313,129.303
0.0490136,0.0157062,0.166194,37.6261,9.01804,129.303
0.0404695,0.00455342,0.155408,63.6626,11.9704,129.304
0.044618,0.0423188,0.161055,48.3286,11.5666,129.306
0.0511035,0.0277798,0.153948,33.0417,8.78451,129.307
0.0439198,0.000670317,0.165622,51.2001,9.70447,129.309
0.0505435,0.0293403,0.15633,34.1816,8.91063,129.31
0.0438867,0.0358431,0.160355,50.7063,11.6827,129.31
0.0439171,0.0237299,0.154175,50.4103,11.6414,129.311
0.0417534,0.0177366,0.163761,58.2078,10.8942,129.312
0.0419603,0.0346174,0.160142,57.5267,11.054,129.312
0.0397395,0.00525727,0.161614,65.6664,12.7581,129.313
0.0477116,0.041481,0.159149,40.4195,9.17231,129.314
0.047312,0.00775588,0.155394,41.3847,10.842,129.317
0.0522052,0.0148093,0.160046,31.294,8.5625,129.319
0.0420365,0.0304275,0.166064,56.0196,12.7358,129.32
0.0505786,0.045464,0.165909,34.6742,8.68405,129.32
0.0437229,0.0259303,0.15842,51.7504,11.0233,129.32
0.0424575,0.0545902,0.163742,55.1128,11.5765,129.322
0.0465898,0.00738619,0.139115,43.4475,9.82784,129.324
0.0423552,0.0295928,0.162912,56.8974,10.7023,129.324
0.0431983,0.0131852,0.148717,53.7161,10.1993,129.324
0.046907,0.0198982,0.162332,42.0149,9.31791,129.325
0.0450571,0.0680683,0.166097,47.6074,10.6194,129.329
0.0427364,0.000394119,0.155542,54.7473,12.0553,129.329
0.0412094,0.0145969,0.160704,59.9702,12.9054,129.33
0.0421233,0.0212159,0.161952,56.3793,12.2266,129.331
0.0406081,0.017226,0.161601,62.8108,12.0551,129.332
0.045657,0.0355292,0.164533,45.0302,10.7988,129.332
0.0420676,0.0147239,0.154517,56.5893,12.6729,129.333
0.049013,0.0433104,0.16,37.8858,9.65808,129.34
0.0456025,0.00688664,0.164326,46.1641,9.21844,129.34
0.048629,0.0243494,0.14515,38.7485,9.14089,129.34
0.0393987,0.0147586,0.162646,67.4894,12.1595,129.343
0.0511725,0.00893589,0.148845,33.2336,8.7648,129.344
0.0414634,0.0109882,0.15611,59.4464,11.5554,129.344
0.0421733,0.0403307,0.166013,56.7242,11.2554,129.346
0.0459846,0.0111662,0.149297,45.0321,9.25725,129.346
0.0420875,0.0105305,0.159081,56.1602,11.5535,129.346
0.0486514,0.00316545,0.163491,38.1149,10.0266,129.346
0.0427816,0.042079,0.161206,54.5781,11.888,129.347
0.0476808,0.00143353,0.16425,40.0103,10.3181,129.349
0.0437493,0.0140189,0.146752,51.9829,10.0075,129.35
0.0482313,0.00499029,0.160428,39.5808,10.9063,129.35
0.0469823,0.051221,0.164431,42.9527,9.89272,129.35
0.0428981,0.000883511,0.150305,54.8157,10.2839,129.351
0.0375914,0.021579,0.166391,76.2898,11.6024,129.353
0.0432045,0.00560363,0.156132,53.4622,11.1541,129.354
0.0412954,0.01574,0.157927,59.5067,11.1493,129.355
0.04135,0.0159854,0.1644,59.9118,12.5595,129.355
0.0388511,0.028215,0.16184,70.8038,11.01,129.358
0.0473443,0.0119685,0.134261,41.6402,9.7192,129.36
0.0426427,0.0160421,0.162291,54.5765,12.301,129.363
0.0405053,0.00246526,0.152868,63.9235,10.4795,129.365
0.0469852,0.0265739,0.144599,42.7057,9.67052,129.37
0.0449921,0.0111721,0.146452,47.5107,10.5384,129.37
0.0417831,0.017246,0.159885,57.5839,12.7466,129.371
0.0410614,0.00193639,0.148471,60.4138,11.9064,129.373
0.0451062,0.0546366,0.163172,47.3925,10.0244,129.373
0.0398438,0.00101603,0.162361,64.4562,13.3589,129.374
0.0462015,0.00248472,0.136153,44.6977,9.7296,129.374
0.0443782,0.051551,0.163977,49.3303,10.901,129.375
0.0460762,0.0597336,0.165517,44.7568,10.1069,129.375
0.0442932,0.0177948,0.157754,50.9437,9.56797,129.376
0.0436729,0.026262,0.16363,51.0126,10.0173,129.376
