beta,permeability,xi,init_days,delay,value
0.0494492,0.00908128,0.165505,71.6852,18.2265,168.627
0.0488803,0.00386485,0.159653,73.2144,18.1023,171.167
0.0485403,0.0376054,0.163834,74.7344,18.3835,171.392
0.0485527,0.0235359,0.165107,74.3076,18.832,171.547
0.0501003,0.00386564,0.163453,69.4375,18.0569,172.009
0.0497462,0.0152623,0.165293,70.3473,18.622,172.219
0.0448045,0.00376917,0.161693,89.4726,19.8718,172.584
0.0482778,0.0319797,0.166333,75.8106,18.7694,172.801
0.0482481,0.054978,0.165261,75.9413,18.4559,172.961
0.0513954,0.00907856,0.161141,65.7539,17.6871,173.185
0.0507239,0.0089673,0.153897,67.6157,17.3938,173.268
0.0488844,0.0184015,0.165852,73.0434,18.7114,173.433
0.0482587,0.0324504,0.162902,75.3254,18.6716,173.481
0.0491238,0.00846865,0.166315,72.7367,18.8683,173.762
0.0513755,0.0139133,0.162023,65.8224,17.6194,173.837
0.0485264,0.0545511,0.165368,74.3386,18.2636,173.945
0.0477239,0.0357804,0.160729,77.7169,18.3998,174.419
0.0494187,0.0237109,0.16582,71.1386,18.7523,174.872
0.0479672,0.0108583,0.166092,76.2097,18.7661,175.04
0.0488509,0.00541426,0.159776,73.3175,18.9717,175.111
0.0482606,0.0544453,0.164092,75.769,18.5781,175.154
0.0474694,0.0236449,0.153256,78.6412,18.7906,175.599
0.0520543,0.00542682,0.165792,63.1375,17.7041,175.665
0.0485295,0.0265259,0.164024,74.5647,18.0915,176.007
0.0479897,0.035916,0.157308,76.2114,18.023,176.024
0.0474472,0.0241022,0.158765,78.7052,18.2128,176.064
0.0447836,0.0472813,0.165353,89.6358,19.0517,176.185
0.0479986,0.0369804,0.157274,76.4073,18.2433,176.3
0.0473945,0.0733147,0.164384,78.7289,18.3952,176.33
0.0469184,0.0171885,0.15357,80.729,18.5832,176.458
0.0510249,0.023363,0.160373,66.3221,17.393,176.468
0.0514055,0.0104432,0.15793,65.8489,17.3881,176.512
0.0476832,0.0172736,0.164901,77.0791,18.668,176.529
0.0448023,0.0125058,0.158754,89.1917,19.1375,176.541
0.0513868,0.0160125,0.159211,65.715,17.835,176.953
0.0469127,0.0293182,0.155332,80.2366,18.7602,176.962
0.0474444,0.03076,0.161471,78.1017,18.9583,176.985
0.0477282,0.0471817,0.157168,77.0626,18.4748,177.048
0.0469459,0.00677269,0.153291,80.9401,18.6571,177.396
0.050105,0.00202268,0.145467,69.442,17.4838,177.44
0.0443652,0.0370234,0.159242,91.1027,19.4925,177.57
0.0501085,0.0136928,0.165167,69.4198,18.6079,177.574
0.0445824,0.043071,0.16235,90.3252,19.413,177.61
0.0476863,0.0263129,0.159852,77.8934,18.4336,177.809
0.0507475,0.0072982,0.151012,67.239,17.5091,177.835
0.0441649,0.0307825,0.161665,92.3945,19.6976,177.928
0.0471976,0.0121918,0.151335,79.4905,18.89,177.956
0.0445513,0.0374147,0.163613,90.5856,19.3217,177.966
0.04394,0.0524307,0.164565,93.7931,19.2603,178.184
0.0448131,0.0208326,0.165938,89.2678,19.5206,178.216
0.0483114,0.0317366,0.161046,75.1604,18.9926,178.23
0.0510961,0.00158673,0.157794,66.1923,17.0121,178.25
0.0446011,0.00751095,0.163898,90.2706,19.2885,178.326
0.0485893,0.0354766,0.165394,74.2843,18.3856,178.457
0.0477342,0.0496008,0.157505,77.0653,18.1968,178.526
0.0474552,0.0276003,0.161768,78.8526,18.4021,178.536
0.0480071,0.0511671,0.161102,76.32,18.9019,178.557
0.047187,0.05212,0.157561,79.224,18.846,178.71
0.0490999,0.00936077,0.165864,72.0527,18.1179,178.723
0.0471235,0.100475,0.164461,79.6264,18.5999,178.798
0.048022,0.029949,0.153857,76.1199,18.2571,179.018
0.0441297,0.0477627,0.166336,92.4488,19.1643,179.032
0.0500297,0.0208201,0.153322,69.0016,17.0174,179.136
0.0477368,0.020183,0.151839,77.5079,18.9455,179.223
0.0500533,0.021675,0.154327,69.3158,17.8863,179.23
0.0532942,0.00217808,0.165949,60.5554,17.2844,179.243
0.0476523,0.0675798,0.16633,77.152,18.6578,179.284
0.0507286,0.0044011,0.158496,67.9266,17.5965,179.303
0.0471635,0.0506257,0.159227,79.5096,18.3494,179.341
0.0474472,0.0386402,0.162709,78.3002,18.513,179.357
0.0488282,0.00194683,0.160771,73.3165,18.6242,179.421
0.0452565,0.0268537,0.162265,87.8901,19.075,179.445
0.0437342,0.0594511,0.163566,94.1244,19.523,179.595
0.0507653,0.00286227,0.151109,67.9617,17.2221,179.659
0.0490942,0.0124369,0.164859,72.3429,18.2636,179.798
0.0471617,0.0491388,0.159885,79.1795,18.2628,179.805
0.0485462,0.00890436,0.158566,74.821,18.4378,179.917
0.0489279,0.00822919,0.16075,73.1533,18.7784,180.06
0.0471872,0.0115665,0.160092,79.9593,18.3233,180.121
0.0480276,0.0243279,0.151726,76.9262,18.3823,180.207
0.0500474,0.0114372,0.149554,69.3463,17.5436,180.234
0.0466896,0.0237483,0.150667,81.9432,18.5692,180.27
0.048226,0.0354394,0.16342,75.2305,18.0301,180.341
0.0482759,0.0482791,0.158524,75.431,18.4837,180.5
0.0437344,0.0673299,0.163681,94.4993,19.4057,180.507
0.0471751,0.028487,0.162778,79.972,18.0138,180.533
0.0500431,0.0152951,0.155142,69.6447,17.5768,180.57
0.0464314,0.0200317,0.151085,82.3257,18.5194,180.578
0.047122,0.100312,0.166096,79.7532,18.6054,180.66
0.0439769,0.00538389,0.151409,93.5628,19.599,180.68
0.0476992,0.0556368,0.156899,77.0658,18.9718,180.703
0.0452539,0.0338381,0.164032,87.8435,19.6771,180.718
0.0472293,0.0263109,0.150229,79.5525,18.597,180.722
0.0443656,0.00210136,0.160937,91.4334,19.0223,180.759
0.0447798,0.0668666,0.165086,89.1478,19.0721,180.831
0.0452736,0.018773,0.16166,87.6754,19.6777,180.957
0.0479233,0.0818114,0.166152,76.1084,18.6096,180.969
0.0437595,0.0346193,0.160548,94.4761,19.14,180.993
0.0474375,0.0114631,0.164853,78.7486,18.153,181.123
0.0466716,0.0490465,0.152598,81.6336,18.702,181.17
0.0491172,0.00669883,0.159081,72.2757,18.2049,181.205
0.0477565,0.0223896,0.160028,77.1732,18.6329,181.207
0.0497779,0.0242517,0.163019,70.4442,18.607,181.384
0.0471759,0.00560359,0.152174,79.744,18.1082,181.391
0.0489179,0.0164647,0.164217,73.382,18.8402,181.398
0.050018,0.0389745,0.155704,69.7503,17.3829,181.406
0.0474396,0.0567557,0.165462,78.4485,18.7983,181.42
0.0466383,0.0501816,0.159326,81.7472,18.2184,181.445
0.0494994,0.0038169,0.14238,71.4986,17.5993,181.618
0.046459,0.0147827,0.148728,82.0061,18.689,181.632
0.0472402,0.015415,0.150861,79.3144,18.5582,181.64
0.046663,0.00707666,0.166264,81.2383,19.043,181.673
0.0439124,0.0797841,0.162913,93.5798,19.0632,181.83
0.0490929,0.00329057,0.161549,72.5158,18.9574,181.844
0.0482543,0.00843382,0.157024,75.1781,18.9681,181.848
0.0517883,0.00655128,0.154505,64.751,17.2794,181.875
0.0439535,0.0535718,0.155963,93.2208,19.0472,181.917
0.0474782,0.0481791,0.152024,78.6864,18.0627,181.972
0.0496989,0.0375128,0.152938,70.8107,17.534,181.997
0.0442117,0.00341972,0.150074,92.3966,19.6783,182.014
0.050329,0.0369312,0.163113,68.6571,17.8906,182.058
0.0466451,0.0786671,0.158543,81.0925,18.4003,182.091
0.0500237,0.00692436,0.163535,69.6147,18.5024,182.123
0.0485073,0.0159511,0.163412,74.1477,18.0808,182.124
0.0510027,0.045748,0.164661,66.4764,17.428,182.148
0.0437213,0.0549122,0.159612,94.735,19.2113,182.168
0.0510229,0.0312434,0.164862,66.7305,17.0038,182.224
0.0474748,0.0533561,0.153205,78.8364,18.8981,182.226
0.0466581,0.0023661,0.165324,81.5891,19.5162,182.28
0.0437335,0.0551499,0.165934,94.6512,19.5222,182.337
0.0500739,0.0212333,0.155124,69.4404,17.0327,182.448
0.0437432,0.0473552,0.164404,94.0113,19.0901,182.455
0.0503512,0.0380344,0.160776,68.0617,17.8156,182.501
0.0459855,0.00660493,0.164884,84.1061,19.2455,182.544
0.0459498,0.00845549,0.16047,84.3352,19.3985,182.636
0.0494125,0.0298482,0.151193,71.66,17.4217,182.741
0.0433355,0.0717512,0.163512,96.8717,19.8574,182.849
0.0445998,0.0405371,0.161427,90.7028,19.1768,182.856
0.0471372,0.0293104,0.159598,79.5388,18.8027,182.899
0.0450477,0.0212293,0.156399,88.1077,19.3299,182.919
0.0510001,0.0407476,0.161129,66.1473,17.6302,182.923
0.0445487,0.0551114,0.162299,90.2652,19.6738,182.972
0.0474387,0.0688633,0.156004,78.3513,18.8282,182.999
0.0485817,0.0180341,0.152771,74.6124,18.7884,183.018
0.0466875,0.00996423,0.156094,81.1807,18.0099,183.094
0.0503148,0.036978,0.164136,68.7164,17.2234,183.166
0.048563,0.0267521,0.154956,74.3115,18.504,183.191
0.0503225,0.0176338,0.15978,68.5337,17.5354,183.213
0.0506371,0.0258123,0.166566,67.8823,17.9399,183.24
0.0503984,0.0248236,0.153669,68.5365,17.5308,183.277
0.0464498,0.00388592,0.153161,82.9034,18.1388,183.279
0.0468733,0.0474169,0.164131,80.9343,18.7734,183.286
0.0466613,0.0553436,0.156965,81.5212,18.8113,183.317
0.0506726,0.00644949,0.165951,67.7966,18.1898,183.321
0.0466818,0.0372105,0.156335,81.2079,18.6746,183.385
0.0468297,0.110488,0.165812,80.2823,18.0023,183.397
0.0448091,0.00807154,0.154941,89.3443,19.9546,183.41
0.0462159,0.00268439,0.148746,83.1761,18.1668,183.44
0.04617,0.0202374,0.147903,83.8543,18.3559,183.465
0.0506689,0.0306464,0.166367,67.2446,17.0211,183.494
0.0501274,0.00269023,0.150812,69.4042,17.595,183.498
0.0437315,0.0411914,0.156925,94.9184,19.5022,183.517
0.0509657,0.0297241,0.16335,66.1808,17.6996,183.517
0.0494838,0.00283955,0.153893,71.7305,18.2404,183.559
0.046686,0.0292649,0.156803,81.835,18.5385,183.583
0.0469321,0.0554778,0.158121,80.8505,18.9661,183.641
0.0435129,0.0835461,0.161292,95.4823,19.4772,183.69
0.0491975,0.0225557,0.158186,72.4269,18.713,183.781
0.0463986,0.0300965,0.150489,82.9031,18.132,183.819
0.0479104,0.0612531,0.164956,76.5475,18.2516,183.831
0.0435766,0.0243984,0.155893,95.8679,19.0813,183.837
0.0488596,0.051028,0.165308,73.6554,18.6172,183.911
0.0452892,0.00832468,0.156813,87.655,19.5859,183.993
0.0473865,0.0952893,0.162682,78.3415,18.9537,184.022
0.0433718,0.0469472,0.156084,96.7871,19.284,184.08
0.0502898,0.0493007,0.162145,68.3875,17.2877,184.089
0.0509769,0.0263821,0.160134,66.3447,17.6756,184.107
0.0472175,0.00774808,0.161903,79.4783,18.2853,184.119
0.0480917,0.00410179,0.147888,76.2286,18.8934,184.137
0.0507336,0.0227632,0.151558,67.5394,17.7338,184.161
0.0450258,0.0404426,0.159453,88.5399,19.6515,184.169
0.047491,0.0149257,0.163255,78.4219,18.5666,184.208
0.0517962,0.0135308,0.160842,64.7006,17.4969,184.219
0.0459363,0.0232079,0.148798,84.3043,18.7352,184.299
0.0459627,0.0113429,0.147744,84.98,18.0495,184.333
0.0477063,0.0787965,0.164344,77.7202,18.5121,184.379
0.0494617,0.0258901,0.149061,71.2781,17.88,184.385
0.050767,0.0114965,0.160642,67.6402,17.0645,184.39
0.0468601,0.0743098,0.159931,80.2341,18.6002,184.435
0.0439394,0.0356912,0.165894,93.4433,19.0498,184.456
0.0471911,0.0105084,0.163214,79.1409,18.5984,184.494
0.0497095,0.0250528,0.15524,70.8647,17.148,184.525
0.0517884,0.0158908,0.162096,64.4832,17.6955,184.539
0.0461274,0.0121643,0.16314,83.4781,19.2363,184.601
0.0433774,0.0362519,0.151879,96.4106,19.7442,184.641
0.0447812,0.0502967,0.160783,89.8939,19.0549,184.776
0.0435565,0.0336746,0.151157,95.6503,19.764,184.779
0.0474829,0.0259316,0.162505,78.2334,18.5382,184.813
0.0470012,0.022186,0.141349,80.9995,18.1151,184.82
0.0485097,0.018805,0.159174,74.5227,18.6004,184.841
0.0517853,0.0183617,0.162042,64.4082,17.7748,184.972
0.0477602,0.0332507,0.148751,77.0829,18.9419,184.991
0.0463948,0.0671264,0.152642,82.0084,18.2829,184.999
0.0503502,0.0026954,0.161494,68.9843,18.4606,185.015
0.0503132,0.0456096,0.158585,68.4524,17.9341,185.016
0.0454395,0.0166877,0.159555,86.1276,19.2157,185.045
0.0486314,0.0171256,0.151688,74.4106,18.7266,185.064
0.0497974,0.0114004,0.150865,70.1965,17.0211,185.12
0.0463955,0.0580836,0.160043,82.9203,18.7671,185.157
0.0514047,0.014715,0.153756,65.975,17.4972,185.164
0.0480294,0.0197768,0.148213,76.4713,18.2171,185.196
0.0471362,0.00658375,0.166189,79.5801,19.0491,185.198
0.0435896,0.00764001,0.151172,95.4337,19.7892,185.223
0.051462,0.0088724,0.149913,65.1201,17.3134,185.238
0.0507162,0.0188754,0.150939,67.6959,17.1169,185.259
0.0461324,0.108466,0.155701,83.5658,18.461,185.267
0.0447514,0.0718464,0.165717,89.4689,19.1952,185.277
0.0443103,0.05777,0.165756,91.9899,19.446,185.321
0.0500476,0.0260839,0.159808,69.4044,17.6184,185.338
0.0473714,0.0388662,0.166417,78.4586,18.4189,185.355
0.0431801,0.0300243,0.150724,97.9438,19.5698,185.377
0.0464202,0.0141831,0.14595,82.2993,18.0209,185.378
0.0457112,0.0254055,0.147791,85.1307,18.0268,185.383
0.0476567,0.019098,0.16439,77.0241,18.5127,185.429
0.0466679,0.00210181,0.146916,81.0589,18.4091,185.529
0.0459291,0.032224,0.146895,84.3029,18.7486,185.554
0.0493885,0.0246534,0.159727,71.0225,18.1215,185.555
0.0503064,0.0573897,0.164472,68.5968,17.6287,185.556
0.0497843,0.0204872,0.152784,70.576,17.1211,185.588
0.0479561,0.0575799,0.156084,76.3992,18.7575,185.589
0.0469444,0.0281607,0.145929,80.4096,18.3756,185.595
0.0484652,0.0566694,0.164171,74.9582,18.4825,185.607
0.0433447,0.041478,0.155659,96.0773,19.3584,185.621
0.0493793,0.0432758,0.152029,71.4065,17.2913,185.672
0.0500828,0.0234943,0.163731,69.1177,18.9306,185.715
0.0450443,0.0434403,0.165641,88.5314,19.9433,185.72
0.0481984,0.0350139,0.163981,75.5804,18.5187,185.727
0.0467358,0.00564096,0.15144,81.662,18.5669,185.736
0.0524998,0.0305523,0.164594,62.1743,17.0433,185.755
0.047818,0.00249643,0.141794,77.5029,18.3517,185.765
0.0466273,0.0230302,0.157074,81.4001,18.7365,185.766
0.0449868,0.0133514,0.1572,88.0174,19.9441,185.766
0.0466179,0.0597582,0.164353,81.0165,18.4735,185.771
0.0441322,0.0837233,0.161183,92.1565,19.6965,185.806
0.0461497,0.029376,0.155375,83.3459,18.1238,185.814
0.0472086,0.043357,0.159871,79.0814,18.1537,185.839
0.0464221,0.071016,0.15489,82.4312,18.5759,185.853
0.0523784,0.0107796,0.165678,62.2678,17.0583,185.873
0.0479501,0.0776701,0.162062,76.186,18.7031,185.883
0.0493708,0.0569626,0.155729,71.1938,17.8102,185.895
0.0464296,0.0658288,0.152703,82.2395,18.9257,185.915
0.0474007,0.0591405,0.156929,78.5894,18.366,185.926
0.0514045,0.00781202,0.152107,65.4666,17.6656,185.929
0.0481976,0.0240635,0.164382,75.7732,18.9222,185.95
0.0466988,0.0163347,0.163989,81.562,19.7922,185.967
0.044422,0.0091271,0.155613,91.4925,19.1382,186.006
0.0437962,0.0243675,0.148995,94.5383,19.0305,186.032
0.0493993,0.0505612,0.15197,71.0944,17.3694,186.035
0.0458815,0.00315035,0.164673,84.4128,19.7591,186.073
0.0494823,0.00992062,0.139223,71.7035,17.1745,186.082
0.0497021,0.0150116,0.159927,70.0927,18.7362,186.098
0.0494718,0.0351173,0.161397,71.2263,18.6635,186.142
0.0497913,0.022151,0.153928,70.0124,17.9639,186.147
0.0471788,0.07106,0.165681,79.5465,18.3861,186.15
0.0433497,0.044562,0.151471,96.7441,19.9704,186.214
0.047683,0.0947323,0.166259,77.5986,18.6722,186.226
0.0476666,0.0103843,0.161167,77.2618,18.8886,186.236
0.0464254,0.0118947,0.156077,82.8016,18.6602,186.251
0.043139,0.0838026,0.156885,97.1615,19.33,186.258
0.0516507,0.0113809,0.161178,64.8672,17.4139,186.306
0.0455072,0.0150045,0.14133,86.1255,18.4539,186.308
0.0524601,0.0353769,0.16446,62.5288,17.2792,186.317
0.048334,0.0180075,0.164459,75.4346,18.2154,186.34
0.0463954,0.0659462,0.158224,82.2841,18.8975,186.387
0.0464221,0.0775534,0.153075,82.7777,18.0219,186.396
0.0460925,0.125206,0.163776,83.1655,18.8944,186.399
0.0435748,0.0362424,0.148804,95.3982,19.37,186.4
0.0483616,0.018858,0.155036,75.8307,18.6305,186.401
0.0441391,0.0937429,0.161976,92.4543,19.3106,186.412
0.0508036,0.00229815,0.158608,67.3534,17.8178,186.449
0.0504072,0.015614,0.164277,68.2484,18.1052,186.516
0.0512925,0.0196365,0.162687,65.6163,17.3005,186.537
0.0459745,0.0209195,0.162829,84.2764,19.6691,186.576
0.0500847,0.0326742,0.164765,69.5167,18.3164,186.576
0.0506252,0.00633538,0.164442,67.0425,18.0435,186.579
0.0461408,0.0432236,0.15271,83.5558,18.0393,186.589
0.0483052,0.013603,0.135595,75.3164,17.6583,186.61
0.0466261,0.0685841,0.154244,81.2807,18.416,186.618
0.0497546,0.0346414,0.152712,70.3898,17.9517,186.629
0.0520995,0.03812,0.164647,63.5198,17.4125,186.629
0.0441187,0.0408935,0.160944,92.487,19.4044,186.644
0.0491358,0.0243456,0.149723,72.6671,17.0604,186.73
0.0466701,0.046744,0.162774,81.3481,18.7854,186.743
0.0487885,0.0623414,0.164293,73.4707,18.6886,186.759
0.0502924,0.0222414,0.166104,68.7147,18.1658,186.77
0.0462095,0.0194738,0.152402,83.5553,18.5992,186.835
0.0454057,0.0522852,0.166195,86.4388,19.4724,186.844
0.0497275,0.01376,0.143514,70.886,17.2879,186.858
0.0500881,0.0259753,0.154656,69.8706,17.6505,186.869
0.045912,0.0914841,0.14981,84.4849,18.3096,186.871
0.0445917,0.0586183,0.164484,90.9727,19.7785,186.888
0.0466574,0.0658296,0.161326,81.6056,18.9694,186.893
0.0475304,0.0145389,0.150029,78.7158,18.502,186.933
0.0469857,0.0289223,0.142131,80.4345,18.7368,186.937
0.0491729,0.0072689,0.146705,72.0292,17.1169,186.96
0.0449901,0.0303018,0.15784,88.8242,19.8319,186.983
0.0441134,0.0414992,0.164982,92.8791,19.2494,187.011
0.0517514,0.0299013,0.157994,64.797,17.5663,187.013
0.0490746,0.00406676,0.15918,72.5776,18.3257,187.016
0.053211,0.00762999,0.16467,60.7499,17.2767,187.041
0.0474903,0.0249937,0.164507,78.0832,18.2758,187.054
0.0517638,0.0354831,0.160817,64.9626,17.9192,187.063
0.0469845,0.0411174,0.148115,80.6708,18.2842,187.102
0.0477553,0.0318263,0.147853,77.2553,18.2517,187.114
0.0457038,0.0111414,0.141392,85.2501,18.1743,187.147
0.0443408,0.0159763,0.162181,91.2776,19.8702,187.18
0.0459805,0.0282427,0.147314,84.4171,18.2464,187.22
0.047363,0.0488481,0.16523,78.5949,18.4849,187.24
0.0493514,0.0414506,0.163137,71.6408,18.3338,187.246
0.0465914,0.1065,0.160062,81.4111,18.7953,187.247
0.05246,0.028176,0.162997,62.1651,17.9067,187.258
0.0459074,0.0928617,0.149637,84.598,18.0313,187.32
0.049054,0.0113083,0.164561,72.0589,18.6357,187.322
0.0479386,0.0254567,0.156032,76.7056,18.2866,187.328
0.0510742,0.0325559,0.153784,66.4051,17.3119,187.341
0.0461656,0.0547221,0.157606,83.4064,18.6963,187.352
0.0463886,0.0673669,0.162925,82.1268,18.9641,187.352
0.0497897,0.0187583,0.143251,70.7402,17.7834,187.367
0.0480457,0.0213635,0.164791,76.6972,18.0057,187.376
0.0500172,0.0024914,0.157878,69.7413,17.7481,187.413
0.0509773,0.0637024,0.165514,66.4544,17.1001,187.43
0.0503366,0.0195899,0.16474,68.5951,18.0286,187.467
0.0491428,0.0125418,0.138215,72.2668,17.4667,187.486
0.0447591,0.0157626,0.16478,89.0112,19.9541,187.495
0.0482367,0.0706732,0.161844,75.513,18.033,187.498
0.0456478,0.00300628,0.165137,85.1195,19.2336,187.509
0.0495113,0.00938415,0.141026,71.8817,17.7485,187.544
0.0491219,0.0472102,0.148624,72.2249,17.2782,187.594
0.0501429,0.00935378,0.149641,69.2993,17.1525,187.614
0.0498026,0.00527387,0.155424,70.0481,18.3943,187.614
0.0458696,0.0149104,0.161934,84.911,19.8185,187.617
0.0476414,0.0267882,0.166181,77.6493,18.0023,187.627
0.0435126,0.116846,0.163536,95.3812,19.9558,187.636
0.0472463,0.0134239,0.156836,79.5053,18.8028,187.642
0.0509661,0.0534767,0.163855,66.0745,17.8729,187.677
0.0494221,0.0422815,0.147205,71.8871,17.8406,187.68
0.0447677,0.0108906,0.155704,89.4595,19.5056,187.7
0.0457367,0.0271777,0.161334,85.8262,19.8751,187.714
0.0529063,0.0198634,0.164478,61.3405,17.1102,187.723
0.0484922,0.0479207,0.157551,74.4166,18.0475,187.724
0.0487743,0.0481424,0.158834,73.8892,18.6954,187.737
0.0512913,0.0149366,0.161175,65.5361,17.0268,187.744
0.0443589,0.0503464,0.156206,91.8769,19.7722,187.8
0.0448346,0.0382292,0.161915,89.8554,19.477,187.807
0.0471194,0.0135336,0.164335,79.9874,19.3524,187.81
0.0469215,0.080312,0.161027,80.8633,18.8575,187.835
0.0488605,0.043877,0.158469,73.6651,18.0508,187.852
0.0434977,0.0929656,0.161458,95.8865,19.3749,187.871
0.049047,0.00593089,0.166158,72.759,18.5963,187.884
0.045695,0.070806,0.145777,85.4612,18.9911,187.899
0.0455165,0.0229594,0.16078,86.586,19.8755,187.92
0.0447519,0.0227351,0.164127,89.808,19.6338,187.934
0.0517733,0.0263537,0.165433,64.6587,17.3862,187.936
0.0457031,0.0552149,0.148215,85.4068,18.8042,187.955
0.046371,0.118589,0.160957,82.2477,18.2157,187.978
0.0502923,0.00364327,0.165185,68.9013,18.6693,187.988
0.0503171,0.0272001,0.152435,68.7522,17.5671,187.992
0.0469144,0.0633538,0.164829,80.8331,18.6623,187.998
0.0506713,0.00635075,0.147099,67.361,17.8579,188.003
0.0500391,0.0510884,0.155494,69.9843,17.4249,188.043
0.0495082,0.00964145,0.151195,71.8313,17.4515,188.054
0.0464286,0.0454889,0.158578,82.9435,18.0099,188.062
0.0467474,0.0328919,0.141721,81.3607,18.962,188.076
0.0468609,0.101272,0.158355,80.6276,18.4555,188.078
0.052925,0.0116542,0.164127,61.1286,17.0004,188.083
0.0478348,0.0033569,0.146597,77.6639,18.5487,188.096
0.0435185,0.113363,0.163086,95.5658,19.8971,188.12
0.0450472,0.00297602,0.140355,88.9553,18.6215,188.13
0.0432063,0.0199351,0.147634,97.8465,19.9847,188.193
0.0496403,0.0657986,0.163651,70.417,17.7056,188.193
0.0473762,0.0869963,0.159773,78.8746,18.9584,188.2
0.0445738,0.0339033,0.154579,90.1593,19.7153,188.207
0.0458588,0.0319816,0.16559,84.854,19.3811,188.214
0.0490442,0.0260401,0.160289,72.9783,18.2501,188.234
0.0491187,0.0416535,0.153068,72.8793,17.801,188.245
0.0510397,0.0403853,0.162224,66.1696,17.8642,188.263
0.0431752,0.0153633,0.149937,97.3233,19.6251,188.279
0.0474792,0.0383603,0.166024,78.7826,18.5354,188.29
0.0427886,0.07162,0.156313,99.732,19.9692,188.296
0.0472586,0.00606034,0.140274,79.5102,18.2272,188.31
0.044121,0.0637843,0.158304,92.6823,19.7113,188.317
0.0524856,0.0215993,0.158227,62.2878,17.23,188.375
0.0437771,0.0175657,0.160907,94.6737,19.8974,188.41
0.0485864,0.00291737,0.146442,74.3065,18.7223,188.418
0.047195,0.0586713,0.164438,79.6823,18.5835,188.43
0.0461371,0.0312479,0.155457,83.9503,18.0115,188.439
0.0486756,0.0028727,0.150044,74.8811,18.1982,188.453
0.0485326,0.0303916,0.139086,74.8363,17.0704,188.478
0.0485091,0.0294251,0.151753,74.864,18.9928,188.506
0.0443424,0.0715821,0.159658,91.6447,19.2152,188.516
0.0459008,0.0768396,0.153104,84.3528,18.5538,188.527
0.0464608,0.0477098,0.149139,82.9466,18.2259,188.528
0.0458912,0.0682042,0.157893,84.1435,18.5205,188.592
0.0499412,0.0678927,0.16398,69.7717,17.7355,188.621
0.0508135,0.00498976,0.164826,67.1774,18.8463,188.621
0.0433769,0.00222995,0.153342,96.7534,19.587,188.623
0.0458927,0.0190965,0.158964,84.6548,19.5357,188.631
0.0463531,0.12294,0.165795,82.0366,18.9129,188.635
0.0490768,0.0571578,0.163807,72.3396,18.8453,188.637
0.0479168,0.01642,0.165312,76.4555,18.7786,188.646
0.0476593,0.0277343,0.155372,77.0869,18.3241,188.65
0.0454966,0.0128273,0.155155,86.3935,19.3322,188.654
0.0507277,0.0323698,0.151207,67.9328,17.8201,188.666
0.0483267,0.00949946,0.165976,75.7809,19.6843,188.666
0.0487482,0.025724,0.16582,73.6526,18.8064,188.681
0.0497222,0.0155191,0.1564,70.2315,18.7444,188.684
0.0429146,0.12231,0.164844,98.4175,19.5224,188.716
0.0566368,0.0100776,0.164699,52.3466,16.5415,188.743
0.0452749,0.00774681,0.152873,87.7153,19.1897,188.746
0.0459701,0.0368473,0.161796,84.0999,19.6207,188.752
0.0485893,0.00805778,0.141833,74.2331,17.491,188.792
0.050635,0.0130242,0.156935,67.6503,17.8874,188.799
0.0441674,0.0697103,0.16187,92.9626,19.5229,188.839
0.0463929,0.094715,0.151638,82.054,18.9506,188.848
0.0469874,0.00758158,0.139995,80.1639,18.7076,188.85
0.0465986,0.122537,0.161421,81.6462,18.4362,188.854
0.0498348,0.0175191,0.163199,70.7277,18.5421,188.87
0.0439466,0.016062,0.150826,93.4978,19.0186,188.903
0.0431308,0.100736,0.157785,97.7388,19.0335,188.904
0.045533,0.0123683,0.135873,86.6906,18.311,188.912
0.0496425,0.0509305,0.161959,70.296,17.7416,188.914
0.052912,0.0205159,0.163962,61.2045,17.5039,188.927
0.0508003,0.00463392,0.165926,67.8913,17.1248,188.929
0.0428095,0.0259605,0.147658,99.7357,19.2053,188.95
0.0448178,0.0157218,0.138902,89.8323,18.2466,188.951
0.0464546,0.0634914,0.147592,82.9856,18.4618,188.962
0.0464576,0.028596,0.140979,82.0451,18.0427,188.983
0.0450625,0.0132975,0.136681,88.3134,18.0788,189.002
0.0477367,0.028191,0.14683,77.8158,18.7178,189.006
0.0485332,0.0618945,0.161041,74.0328,18.0094,189.009
0.0433491,0.0826277,0.16505,96.7564,19.2066,189.024
0.0469458,0.063327,0.157548,80.9201,18.7158,189.024
0.0452802,0.0400932,0.163761,87.111,19.9095,189.027
0.0463456,0.0930036,0.157067,82.2228,18.8363,189.033
0.0520043,0.0186516,0.162581,63.5609,17.3429,189.065
0.0437667,0.0565692,0.161208,94.1877,19.4969,189.066
0.0525248,0.0293762,0.160832,62.3917,17.666,189.073
0.0454777,0.0191434,0.156191,86.908,19.6935,189.082
0.0461243,0.011781,0.157333,83.4053,19.006,189.083
0.044227,0.00506592,0.15153,92.9056,19.1637,189.104
0.0528546,0.0388347,0.163859,61.9754,17.7176,189.152
0.0483006,0.0276276,0.137404,75.6948,17.3347,189.158
0.0471986,0.0316645,0.164352,79.8372,19.8215,189.163
0.0459187,0.0729456,0.145763,84.19,18.9679,189.172
0.0513934,0.0460236,0.158485,65.0405,17.2122,189.182
0.0517437,0.0464201,0.160205,64.2043,17.4158,189.184
0.0472059,0.0242084,0.144638,79.8087,18.9925,189.189
0.0491458,0.0148614,0.150006,72.4813,17.6195,189.198
0.0509415,0.0428347,0.163822,66.179,17.8289,189.203
0.046228,0.0396388,0.142992,83.6659,18.7988,189.207
0.0454152,0.0329817,0.160477,86.3603,19.0988,189.219
0.0437921,0.0138014,0.145123,94.7971,19.5001,189.241
0.0496617,0.0344643,0.157795,70.3026,17.5501,189.253
0.0439857,0.0453894,0.157925,93.0555,19.7037,189.255
0.0474733,0.030473,0.163811,78.4308,19.3383,189.285
0.0496597,0.0450539,0.1666,70.5578,18.2656,189.295
0.0433252,0.0541181,0.161841,96.7504,19.4406,189.299
0.0441511,0.0912322,0.159797,92.8885,19.8591,189.307
0.0494059,0.0572687,0.152959,71.6034,17.4198,189.313
0.0480264,0.00180306,0.163785,76.5242,19.5916,189.335
0.0493849,0.0358704,0.146401,71.1552,17.4255,189.394
0.0457042,0.0260485,0.150245,85.2669,18.0321,189.408
0.0473997,0.0393374,0.153801,78.1663,18.9922,189.412
0.0493549,0.0529411,0.159441,71.7492,17.4238,189.467
0.0490495,0.00849285,0.162924,72.0481,18.674,189.492
0.049763,0.00764173,0.140156,70.0718,17.3423,189.499
0.0461365,0.0519612,0.149294,83.6284,18.6631,189.507
0.0458619,0.00721186,0.158484,84.8454,19.9897,189.514
0.0529074,0.0277748,0.162615,61.8127,17.5165,189.521
0.0454351,0.0199432,0.156378,86.1239,19.238,189.541
0.0511184,0.0120076,0.162348,66.9974,17.7873,189.55
0.0482206,0.0538014,0.155496,75.9302,18.4966,189.552
0.0477376,0.0102992,0.144246,77.5034,18.3533,189.59
0.0485268,0.00375442,0.14839,74.1123,18.2417,189.599
0.0503507,0.00341972,0.157864,68.4118,18.2794,189.608
0.0441722,0.0662476,0.155225,92.4488,19.1604,189.626
0.0460817,0.0386586,0.166101,83.7718,19.8035,189.627
0.0468245,0.0919205,0.161886,80.4654,18.2773,189.633
0.047958,0.0295152,0.150365,76.1528,18.1968,189.647
0.0528077,0.0257791,0.164453,61.7055,17.6584,189.649
0.046173,0.0350615,0.157843,83.8865,18.6537,189.659
0.0493903,0.0186065,0.153756,71.3806,17.6764,189.669
0.0463639,0.0412375,0.164535,82.6512,19.858,189.67
0.0517574,0.0474516,0.161558,64.797,17.5025,189.674
0.0471454,0.00286075,0.152919,79.9296,18.9376,189.676
0.0480158,0.0158735,0.133234,76.1405,17.1428,189.702
0.0443611,0.0158242,0.150386,91.1838,19.5796,189.71
0.0452368,0.0269777,0.145245,87.9102,18.0162,189.714
0.0476139,0.0849892,0.162015,77.6986,18.4578,189.718
0.0500353,0.0466612,0.165952,69.5301,17.5242,189.72
0.0468697,0.10317,0.157579,80.9279,18.7783,189.721
0.0461718,0.00280782,0.142963,83.7449,18.4475,189.725
0.0466552,0.085572,0.165294,81.985,18.7358,189.739
0.0496412,0.0551678,0.157145,70.864,17.9616,189.751
0.043517,0.0611804,0.155123,95.6183,19.7907,189.762
0.0463805,0.0903073,0.164358,82.4047,18.038,189.791
0.0473464,0.076051,0.161763,78.4372,18.9775,189.801
0.0510977,0.031321,0.151446,66.6815,17.8938,189.827
0.0439211,0.117927,0.163561,93.1132,19.6695,189.827
0.0459157,0.0495455,0.164384,84.5154,19.6823,189.829
0.0479005,0.0528753,0.158764,76.9257,18.149,189.844
0.0452818,0.0213911,0.154004,87.1711,19.0644,189.875
0.0479236,0.00570817,0.161162,76.4303,18.8822,189.888
0.0482339,0.0278589,0.148683,75.5277,18.3385,189.896
0.0485212,0.0552627,0.149011,74.9042,17.6807,189.921
0.0509617,0.0676857,0.165237,66.2514,17.6362,189.937
0.0466949,0.0206052,0.141326,81.4027,18.6026,189.938
0.0500448,0.0108385,0.157516,69.2012,18.8808,189.941
0.0557408,0.00308707,0.156165,54.1825,16.7969,189.95
0.0487289,0.0382537,0.163805,73.5326,18.0097,189.968
0.0518166,0.0144525,0.16028,64.7994,17.3026,189.969
0.0475314,0.00319654,0.166585,78.1957,18.5889,189.976
0.0488064,0.0683732,0.165048,73.882,18.3168,189.98
0.0465826,0.00728629,0.161713,81.8278,19.6826,190.007
0.0506602,0.00304277,0.143687,67.1396,17.6663,190.01
0.0460043,0.00459366,0.150133,84.337,18.3086,190.015
0.0442102,0.0284719,0.15682,92.4056,19.1107,190.02
0.0527578,0.0107303,0.16545,61.9119,17.3475,190.044
0.0450454,0.0237074,0.153626,88.127,19.803,190.061
0.0544139,0.00939049,0.153381,57.3595,16.5683,190.065
0.0498062,0.00790873,0.154769,70.9219,18.708,190.066
0.0489151,0.0354225,0.16147,73.1286,18.0621,190.066
0.0489156,0.00418171,0.144542,73.5367,17.4391,190.07
0.0576794,0.00274933,0.164922,50.8937,16.5569,190.08
0.0571796,0.00153997,0.164423,51.615,16.4453,190.134
0.0464429,0.0508172,0.158429,82.4775,18.8514,190.137
0.0480103,0.00241154,0.14297,76.9532,18.4361,190.147
0.0491912,0.0319476,0.156228,72.3484,18.5511,190.15
0.0508186,0.00272196,0.15488,67.2047,17.5695,190.178
0.0429487,0.0734497,0.153223,98.9047,19.5095,190.217
0.0517261,0.00742286,0.151625,64.075,17.5829,190.224
0.0455006,0.042462,0.145769,86.8253,18.2795,190.232
0.0443854,0.0663651,0.158445,91.9474,19.6208,190.246
0.0498453,0.00975392,0.153817,70.816,18.714,190.268
0.0464534,0.0182753,0.139659,82.7846,18.9361,190.272
0.0469305,0.0474983,0.145917,80.2565,18.1521,190.289
0.0448178,0.0601205,0.16398,89.4157,19.5642,190.297
0.045943,0.0305386,0.160473,84.4897,19.3858,190.303
0.0465809,0.0113585,0.162389,81.9979,19.2024,190.31
0.0503197,0.0022217,0.165295,68.2264,17.4543,190.315
0.0467072,0.0661952,0.149568,81.4822,18.3802,190.316
0.0509658,0.038618,0.158902,66.8556,17.5378,190.328
0.0486418,0.0190638,0.149592,74.8703,18.6835,190.329
0.0479723,0.0714511,0.1582,76.9969,18.1769,190.339
0.0498145,0.0180301,0.156587,70.9379,17.9499,190.344
0.0529326,0.0129875,0.156499,61.458,17.4453,190.357
0.0500705,0.00541751,0.156909,69.3277,18.8727,190.37
0.0458189,0.144381,0.164593,84.3441,18.8644,190.375
0.0466665,0.0227036,0.162898,81.2613,19.962,190.389
0.0481986,0.0181733,0.151841,75.9687,18.7665,190.396
0.0494656,0.0408799,0.158078,71.8467,17.3254,190.405
0.0475248,0.0244575,0.152432,78.2604,18.6896,190.409
0.0457041,0.0263853,0.151221,85.5534,18.9023,190.414
0.042965,0.0539345,0.149108,98.5542,19.061,190.42
0.0519918,0.0143571,0.161427,63.6518,17.5368,190.434
0.0429683,0.0741803,0.150636,98.4459,19.0409,190.447
0.0462129,0.0417869,0.140048,83.5992,18.6129,190.449
0.0445586,0.00496066,0.151933,90.8812,19.3195,190.479
0.0503939,0.0160801,0.162648,68.724,18.8362,190.492
0.0432996,0.113379,0.161226,96.8285,19.7553,190.515
0.0491962,0.0254019,0.149531,72.7411,17.6571,190.524
0.0468728,0.0389084,0.151923,80.4975,18.8116,190.531
0.0488876,0.00932489,0.146209,73.9243,17.9152,190.536
0.0477621,0.035725,0.166377,77.1039,18.295,190.551
0.0479978,0.0393499,0.139282,76.4466,17.9054,190.559
0.0469159,0.0392205,0.145416,80.6127,18.509,190.56
0.0459337,0.0856333,0.165734,84.1678,19.3718,190.576
0.0477779,0.0402474,0.157143,77.2992,18.347,190.594
0.0504753,0.00301726,0.166031,68.6932,17.2852,190.606
0.0495106,0.00858447,0.153687,71.1638,17.2492,190.607
0.0481483,0.0669315,0.159102,75.6069,18.793,190.612
0.0463211,0.139335,0.16528,82.6594,18.8419,190.612
0.043182,0.0579531,0.147558,97.3406,19.5996,190.64
0.0469172,0.0133963,0.161373,80.5954,19.5393,190.641
0.0499529,0.0289429,0.161639,69.1323,18.8357,190.644
0.046959,0.0254747,0.159335,80.8857,19.1351,190.678
0.0484074,0.00252092,0.148169,75.9826,18.5012,190.698
0.0435345,0.103777,0.158781,95.3284,19.9936,190.699
0.0481405,0.0656067,0.16271,75.8379,18.5086,190.7
0.0479152,0.0637878,0.157227,76.0707,18.6295,190.722
0.0489539,0.00214805,0.163982,73.051,18.6702,190.727
0.0445913,0.0320073,0.13891,90.4302,18.6503,190.748
0.050931,0.022833,0.159906,66.0604,17.4075,190.752
0.0463472,0.00712266,0.158982,82.2672,19.5951,190.768
0.0464454,0.0637558,0.153132,82.2132,18.7807,190.773
0.0468636,0.0890046,0.154708,80.8305,18.0819,190.786
0.0474779,0.007034,0.141817,78.2423,18.865,190.798
0.0531679,0.00496449,0.163574,60.6912,17.5537,190.811
0.0459675,0.0560028,0.146714,84.9284,18.2367,190.821
0.0459126,0.107723,0.153367,84.9927,18.3252,190.828
0.0460194,0.0212215,0.135035,84.1441,18.0141,190.841
0.0514765,0.00242296,0.145073,65.4614,17.8284,190.845
0.0447665,0.0936977,0.163952,89.6857,19.172,190.847
0.0475409,0.0236648,0.148981,78.2783,18.863,190.851
0.0435289,0.0974364,0.15676,95.5607,19.8708,190.854
0.0485812,0.0319924,0.144588,74.2523,17.4377,190.865
0.0539837,0.0131723,0.15272,58.3701,16.6457,190.871
0.0476436,0.0328795,0.156862,77.5625,18.0052,190.872
0.0459375,0.0816753,0.145695,84.6426,18.0152,190.885
0.0445966,0.0213969,0.137911,90.0815,18.8355,190.89
0.0456964,0.0203583,0.15264,85.2501,18.9364,190.898
0.0463991,0.0410784,0.16409,82.929,18.5936,190.905
0.046085,0.0955847,0.161947,83.2483,18.3069,190.926
0.0506098,0.00212743,0.159501,67.027,18.6073,190.943
0.0516417,0.0182906,0.158238,64.1522,17.8832,190.946
0.0521378,0.0376968,0.164773,63.8335,17.819,190.95
0.0454424,0.05242,0.15171,86.3524,18.1898,190.952
0.0456475,0.011181,0.155222,85.7865,19.9352,190.958
0.0501199,0.0161245,0.16415,69.5908,17.5492,190.973
0.0516425,0.0414663,0.165131,64.2599,17.3462,191.006
0.0479866,0.00369898,0.142937,76.2202,18.8153,191.011
0.0497392,0.0506743,0.164365,70.5777,17.333,191.028
0.0507086,0.0374876,0.152029,67.7726,17.4842,191.036
0.0516072,0.0032247,0.163845,64.768,17.9811,191.039
0.0485651,0.0518552,0.156919,74.7297,18.9651,191.053
0.0477563,0.0515126,0.164814,77.65,18.0424,191.067
0.0433482,0.102594,0.159765,96.5179,19.1086,191.089
0.0484354,0.0464935,0.159199,74.8367,18.6805,191.089
0.0517215,0.0376535,0.158888,64.8794,17.6262,191.089
0.0473586,0.0443031,0.16182,78.1529,18.7708,191.099
0.0492341,0.0127464,0.144514,72.2584,17.3488,191.1
0.0521298,0.00563058,0.151798,63.6885,17.2367,191.107
0.0505798,0.048898,0.164804,67.4422,17.9658,191.111
0.0435325,0.0874527,0.155045,95.9391,19.4058,191.114
0.0497007,0.00967988,0.147539,70.0146,17.4448,191.121
0.046972,0.0425728,0.154305,80.0938,18.5177,191.121
0.0512933,0.0189172,0.155124,65.9243,17.5367,191.121
0.0434185,0.0072641,0.148023,96.8614,19.4098,191.128
0.0484935,0.0196055,0.150114,74.8429,18.9337,191.133
0.0456226,0.0106943,0.156314,85.3104,19.8205,191.181
0.0444466,0.00780019,0.150397,91.2572,19.3879,191.182
0.0478851,0.056569,0.156331,76.3508,18.1101,191.184
0.0479666,0.0116671,0.14749,76.7429,18.0247,191.189
0.0469077,0.00897578,0.14436,80.0757,18.1625,191.194
0.0502425,0.0202741,0.165484,68.4948,18.8571,191.204
0.0474725,0.0623532,0.16456,78.5091,18.6185,191.209
0.0463162,0.0919241,0.163925,82.3258,18.7132,191.214
0.0462375,0.0331077,0.136993,83.2415,18.6943,191.22
0.0493648,0.0605467,0.15133,71.5035,17.1518,191.23
0.0494329,0.0438942,0.161456,71.8144,18.8619,191.23
0.0462224,0.0553733,0.140715,83.3456,18.7001,191.24
0.0502776,0.0234788,0.161972,68.1773,17.1052,191.24
0.0518301,0.021281,0.152623,64.524,17.7219,191.264
0.0468278,0.0424016,0.166576,80.6226,19.8318,191.274
0.0433721,0.024516,0.145678,96.8469,19.73,191.276
0.0532916,0.0300073,0.16627,60.0378,17.4083,191.301
0.0469328,0.0804552,0.151933,80.8955,18.371,191.322
0.0476506,0.0626673,0.154702,77.322,18.8605,191.325
0.0463109,0.109951,0.160519,82.8152,18.471,191.33
0.0457171,0.0634931,0.149097,85.017,18.291,191.342
0.0456334,0.128698,0.155057,85.08,18.212,191.352
0.0471538,0.016877,0.16386,79.5504,19.8838,191.394
0.0456142,0.0208338,0.160964,85.9788,19.6439,191.403
0.0445474,0.00929666,0.162249,90.6563,19.4938,191.423
0.0455412,0.012666,0.138063,86.4453,18.7339,191.438
0.0458906,0.128838,0.16225,84.1541,18.6431,191.439
0.0499416,0.03426,0.16393,69.8079,17.5443,191.455
0.0429616,0.0451218,0.150321,98.5521,19.4849,191.46
0.0486226,0.00933391,0.141966,74.5266,17.6205,191.465
0.0479182,0.00730659,0.165791,76.3171,19.0575,191.469
0.0528217,0.0386687,0.164298,61.0848,17.8312,191.478
0.0467079,0.038822,0.161848,81.2174,18.2446,191.48
0.0461314,0.0601609,0.162001,83.0053,18.3991,191.488
0.0515903,0.02327,0.163361,64.6866,17.8254,191.488
0.0459166,0.0677297,0.161275,84.5615,18.6942,191.495
0.0459907,0.0300871,0.147256,84.8088,18.9665,191.521
0.0454916,0.0577618,0.163546,86.3812,19.6766,191.524
0.0485123,0.0271191,0.140493,74.0642,17.0805,191.54
0.0529607,0.00450364,0.152205,61.4533,17.6263,191.548
0.0488522,0.0424523,0.14265,73.0787,17.6053,191.567
0.0557669,0.00252322,0.157115,54.8257,16.6779,191.569
0.0462332,0.0260663,0.152018,83.5865,18.8208,191.577
0.0469033,0.00851056,0.1436,80.2064,18.0797,191.582
0.0462128,0.0117081,0.156438,83.8168,19.4554,191.583
0.0486629,0.013681,0.159067,74.4806,18.7046,191.59
0.0495518,0.00369426,0.151745,71.2532,17.4334,191.596
0.0487439,0.0416283,0.155604,73.3074,18.9324,191.607
0.0506689,0.0161069,0.147396,67.7862,17.2785,191.622
0.0456987,0.0622582,0.1554,85.1729,18.1085,191.628
0.0454429,0.0952561,0.145447,86.8812,18.5578,191.646
0.0463791,0.0795906,0.149171,82.462,18.176,191.648
0.0445419,0.0133977,0.155868,90.6722,19.3326,191.65
0.0484512,0.0260619,0.162139,74.4957,18.7533,191.65
0.0439389,0.104001,0.163956,93.6524,19.9081,191.651
0.0504514,0.00692705,0.158352,68.4867,18.1008,191.657
0.0503903,0.0323563,0.1662,68.3086,18.3098,191.659
0.0466791,0.0193621,0.161246,81.9241,19.19,191.66
0.0545391,0.00168512,0.166106,57.4519,17.1932,191.661
0.0524914,0.0336444,0.158347,62.7771,17.0341,191.664
0.0506219,0.0228802,0.151395,67.6757,17.3814,191.672
0.0469709,0.0614221,0.150232,80.5589,18.5781,191.688
0.043707,0.115118,0.160718,94.9956,19.0885,191.709
0.0433319,0.0518907,0.150925,96.7099,19.8241,191.711
0.047375,0.0111275,0.162036,78.2022,19.9088,191.714
0.0576808,0.00861874,0.165008,50.9523,16.2572,191.734
0.0486378,0.00391563,0.141414,74.6173,17.4197,191.737
0.0487828,0.0415562,0.143195,73.5692,17.6633,191.742
0.0502867,0.0192899,0.158863,68.0621,17.0073,191.748
0.0472334,0.0135342,0.15695,79.874,19.3946,191.752
0.0499553,0.0175445,0.162783,69.8373,17.2172,191.752
0.0454301,0.0452025,0.1521,86.4861,18.5968,191.768
0.0479784,0.032997,0.134034,76.0997,17.9794,191.773
0.0454049,0.110865,0.156606,86.7981,18.0844,191.774
0.049955,0.0149372,0.156699,69.1974,18.4514,191.778
0.0497389,0.0185659,0.158476,70.8141,17.9496,191.794
0.0456828,0.0732302,0.153174,85.8987,18.0066,191.808
0.051495,0.00715518,0.145959,65.1381,17.0567,191.811
0.0511166,0.0223319,0.15629,66.4714,17.6741,191.816
0.0505726,0.0196693,0.164087,67.1128,18.9391,191.822
0.0432978,0.13362,0.162649,96.8615,19.347,191.826
0.0431066,0.0872836,0.161589,97.1756,19.5429,191.836
0.046706,0.0193732,0.15807,81.2833,19.4297,191.866
0.0510687,0.0277918,0.15033,66.3754,17.7729,191.872
0.0459632,0.0633092,0.160331,84.3245,19.0963,191.874
0.0444055,0.0140674,0.137133,91.7697,18.6027,191.9
0.0467077,0.01049,0.164527,81.9405,18.9206,191.907
0.0499356,0.0250099,0.159577,69.2237,18.7669,191.912
0.0441087,0.0888536,0.160116,92.7947,19.6058,191.917
0.0455347,0.0162772,0.144653,86.7395,18.8067,191.943
0.0510357,0.00375985,0.145598,66.5539,17.6015,191.946
0.045981,0.0139651,0.156646,84.119,18.0478,191.968
0.0481519,0.0536225,0.162355,75.7412,18.6819,191.977
0.0484455,0.0368107,0.154608,74.9215,18.4113,191.978
0.0467145,0.0428962,0.164821,81.0592,19.6704,191.987
0.0459987,0.0463108,0.13891,84.5229,18.6235,192.001
0.0435393,0.0267363,0.161095,95.8502,19.5182,192.021
0.0489075,0.00934349,0.149358,73.9426,17.2845,192.024
0.0441335,0.12241,0.162424,92.2215,19.567,192.027
0.0435094,0.0573324,0.153774,95.0228,19.4173,192.033
0.0441219,0.0274018,0.153304,92.5696,19.2679,192.033
0.0505912,0.0616785,0.16554,67.693,17.5327,192.033
0.045216,0.0447373,0.146932,87.9222,18.5343,192.037
0.0465769,0.0452836,0.164526,81.1688,19.4644,192.061
0.0463602,0.0228306,0.162017,82.254,18.0636,192.071
0.0505832,0.053695,0.164156,67.3206,17.627,192.076
0.0458495,0.0470647,0.16342,84.6387,19.7803,192.093
0.0507796,0.0178208,0.162914,67.856,18.5764,192.109
0.0466365,0.0623483,0.147925,81.6774,18.9589,192.113
0.0439345,0.0155863,0.150869,93.8222,19.0324,192.12
0.0487098,0.0555434,0.15935,73.9695,18.8752,192.131
0.0473214,0.00225814,0.138105,79.2423,18.6281,192.138
0.0459132,0.0782376,0.162249,84.0051,18.9551,192.142
0.0447917,0.0557809,0.14406,89.4487,18.9535,192.147
0.0483055,0.0256719,0.148462,75.3043,18.9387,192.159
0.0516374,0.0310845,0.16087,64.5291,17.5004,192.164
0.0493885,0.0209816,0.140668,71.3503,17.148,192.179
0.0498219,0.00798099,0.160229,70.5835,17.7475,192.193
0.0448688,0.0171102,0.151106,89.3838,19.6331,192.196
0.0529352,0.0160716,0.155421,61.7913,17.7903,192.197
0.0446023,0.031479,0.139783,90.8618,18.282,192.203
0.044805,0.0838499,0.164799,89.3869,19.5066,192.215
0.0513147,0.0521043,0.162035,65.2752,17.1159,192.222
0.044595,0.0781086,0.161256,90.5505,19.3099,192.225
0.0454002,0.114473,0.154635,86.64,18.6113,192.225
0.0436955,0.125503,0.162771,94.1022,19.8171,192.227
0.045456,0.0949261,0.164057,86.327,19.1897,192.233
0.0465056,0.0364936,0.139026,82.6743,18.5198,192.234
0.0498703,0.00539897,0.152155,70.0508,17.9357,192.238
0.0463474,0.0386612,0.165122,82.281,18.057,192.25
0.0464795,0.0308221,0.150462,82.3561,18.0501,192.272
0.0432782,0.105862,0.164265,96.5292,19.7868,192.273
0.0458296,0.12054,0.161443,84.7277,18.7525,192.274
0.0464173,0.0709634,0.164839,82.7239,19.1412,192.285
0.0533489,0.00373546,0.162606,60.0027,17.0365,192.287
0.043524,0.0334353,0.154868,95.9092,19.2221,192.296
0.0474778,0.0310452,0.161341,78.125,19.5794,192.301
0.0459282,0.0441186,0.159083,84.6181,18.89,192.306
0.0497594,0.0211439,0.161577,70.3923,17.0261,192.306
0.0501197,0.0015859,0.139111,69.8385,17.0754,192.314
0.0456488,0.0792539,0.149981,85.1539,18.5969,192.315
0.0461165,0.0276665,0.157196,83.4407,19.6517,192.322
0.0499815,0.0121366,0.15578,69.5598,17.6905,192.334
0.0457666,0.0210397,0.155964,85.6194,19.9394,192.354
0.0544017,0.0126869,0.153026,57.8863,16.6846,192.375
0.048783,0.0347802,0.151064,73.659,17.1866,192.382
0.0486058,0.027495,0.141919,74.2476,17.1987,192.383
0.0450382,0.0317333,0.137647,88.78,18.8088,192.385
0.0496795,0.0248512,0.16123,70.8647,17.2589,192.397
0.0447612,0.108857,0.164941,89.8865,19.8322,192.405
0.0474162,0.0339979,0.147161,78.5717,18.0586,192.41
0.0499436,0.0250248,0.162408,69.9365,17.7077,192.419
0.0463726,0.0711949,0.150203,82.4705,18.984,192.441
0.0500282,0.00418157,0.15383,69.4667,18.8367,192.445
0.047225,0.0326748,0.15959,79.1843,19.9023,192.458
0.0452857,0.021248,0.147575,87.7704,18.3083,192.462
0.0478985,0.00966701,0.166379,76.0478,18.1452,192.462
0.044854,0.0231257,0.149557,89.0467,19.9236,192.471
0.0463843,0.00735089,0.148772,82.0103,18.0898,192.474
0.0501395,0.0196143,0.146798,69.4603,17.36,192.478
0.04442,0.00675346,0.133938,91.2497,18.064,192.484
0.0470257,0.0260309,0.141582,80.772,18.8524,192.485
0.0451049,0.00322406,0.131423,88.301,18.3639,192.485
0.0469271,0.0293841,0.162653,80.2369,19.2193,192.486
0.0451577,0.140681,0.157927,87.2262,18.1974,192.488
0.0456014,0.123374,0.159091,85.3501,18.5769,192.498
0.047256,0.035717,0.151505,79.5561,18.2014,192.499
0.0571304,0.0220796,0.164713,51.8353,16.0791,192.511
0.0499496,0.0360382,0.163584,69.6464,18.1327,192.513
0.0529279,0.0180316,0.154725,61.0399,17.7844,192.528
0.0459549,0.0117068,0.156091,84.2199,19.987,192.531
0.0509527,0.0778646,0.166268,66.5753,17.6634,192.531
0.0460066,0.0313252,0.141205,84.0904,18.2315,192.548
0.0435548,0.00314757,0.15669,95.1414,19.4502,192.549
0.0538304,0.00695561,0.165577,58.6509,16.5951,192.553
0.0459621,0.0315505,0.157275,84.3524,18.395,192.554
0.0460881,0.147712,0.165528,83.9708,18.1197,192.559
0.0466571,0.0339381,0.1453,81.1834,18.8308,192.559
0.0490745,0.0355668,0.144536,72.1578,17.6223,192.561
0.0488824,0.0502059,0.158058,73.0217,18.3413,192.565
0.0486813,0.0694062,0.16612,73.0324,18.565,192.575
0.0454247,0.0980634,0.149142,86.1295,18.6962,192.581
0.0452001,0.0853145,0.14959,87.6238,18.7751,192.587
0.0552301,0.0133779,0.166251,55.4532,16.32,192.653
0.0477164,0.0299471,0.165607,77.8482,19.4408,192.654
0.0470368,0.0207075,0.138179,80.8408,18.4603,192.654
0.049672,0.0786533,0.158074,70.3186,17.3614,192.662
0.0472084,0.0460343,0.145275,79.5143,18.5517,192.664
0.044788,0.061592,0.145702,89.5118,18.8274,192.667
0.044642,0.0311759,0.149253,90.0388,19.6396,192.674
0.0471136,0.0171664,0.161038,79.0627,19.151,192.685
0.0464211,0.0258082,0.14254,82.3887,18.1303,192.695
0.0456995,0.0280639,0.155953,85.0569,18.3143,192.697
0.0466447,0.0544146,0.146051,81.7097,18.4063,192.703
0.0450954,0.0022868,0.147119,88.791,19.385,192.705
0.0445226,0.0934443,0.163455,90.0979,19.5056,192.717
0.0459507,0.0592806,0.160223,84.2387,19.6738,192.718
0.0511477,0.00726207,0.155987,66.6025,17.9022,192.749
0.0433459,0.0596063,0.148845,96.3404,19.4639,192.752
0.0475156,0.0406388,0.154297,78.0324,18.452,192.755
0.0497155,0.0164376,0.160056,70.8339,17.1825,192.761
0.0520262,0.0504924,0.165596,63.2947,17.8808,192.762
0.0450429,0.0332369,0.146461,88.4428,18.2816,192.768
0.0457219,0.0665895,0.140112,85.4869,18.3972,192.769
0.0450926,0.0139266,0.151619,88.1845,19.0574,192.796
0.0451864,0.00187105,0.16037,87.3167,19.3392,192.798
0.0494927,0.0269932,0.14383,71.4074,17.7556,192.826
0.0466007,0.0347045,0.156913,81.8257,18.3747,192.829
0.0493442,0.0407379,0.159626,71.5846,18.9779,192.838
0.0482156,0.0193767,0.146905,75.3003,18.7381,192.84
0.0430062,0.00863602,0.152768,98.3106,19.1814,192.85
0.0429552,0.0609531,0.148915,98.1924,19.919,192.852
0.0429934,0.0625594,0.157167,98.1371,19.0663,192.861
0.0495374,0.0200318,0.15828,71.1871,18.0447,192.864
0.0503238,0.0759175,0.159263,68.056,17.862,192.886
0.04658,0.0678663,0.159087,81.2023,18.1106,192.9
0.0479563,0.0255764,0.144557,76.1324,18.5195,192.907
0.0453057,0.0211806,0.139554,87.0494,18.1282,192.908
0.0479164,0.016019,0.166613,76.9821,19.8404,192.931
0.0494711,0.00325017,0.154476,71.3165,17.3679,192.936
0.0493399,0.0661978,0.164769,71.0237,17.1516,192.943
0.0479911,0.0279912,0.140871,76.5318,17.0658,192.957
0.0477968,0.0203772,0.1585,77.7921,18.8134,192.962
0.0521949,0.0186018,0.151881,63.4695,17.5638,192.972
0.0513324,0.0727655,0.16518,65.7027,17.7416,192.973
0.0532387,0.0486071,0.165864,60.638,17.934,192.978
0.0439564,0.0902264,0.15908,93.743,19.4874,192.979
0.0495238,0.0230809,0.155154,71.2847,17.76,192.987
0.0448083,0.0564232,0.140781,89.4134,18.0119,192.99
0.0463812,0.0703678,0.14801,82.5579,18.0937,193.012
0.0436055,0.0281321,0.142976,95.0646,19.4235,193.034
0.0464389,0.0703923,0.144452,82.5282,18.2908,193.044
0.047379,0.0237798,0.164691,78.5221,19.0003,193.045
0.0471923,0.0809266,0.152527,79.9096,18.3698,193.049
0.0449904,0.0464039,0.148121,88.2112,18.2259,193.052
0.0454549,0.0834402,0.163067,86.8906,19.8071,193.057
0.0443158,0.029117,0.165107,91.413,19.4239,193.068
0.0463735,0.0390627,0.161399,82.6548,19.1147,193.085
0.0560816,0.00257719,0.166622,53.7186,16.091,193.091
0.0517538,0.0552017,0.160565,64.7235,17.3214,193.097
0.0474576,0.0244709,0.163379,78.4221,19.0472,193.099
0.0447136,0.0490223,0.160832,89.5644,19.8558,193.109
0.0454733,0.00349916,0.135615,86.2387,18.2398,193.147
0.0470807,0.0186776,0.16436,79.4916,19.9002,193.147
0.045141,0.0678446,0.165735,87.8982,19.983,193.152
0.0468828,0.0706942,0.148759,80.9579,18.4667,193.154
0.0467852,0.118593,0.165127,80.1965,18.6415,193.177
0.043238,0.0128854,0.142148,97.8296,19.3437,193.203
0.044141,0.0965056,0.158147,92.1569,19.4194,193.209
0.0461,0.0384057,0.157747,83.6961,19.0783,193.215
0.0488957,0.0220043,0.136165,73.2385,17.6905,193.226
0.0496189,0.042319,0.165986,70.1618,17.9957,193.232
0.051655,0.0172245,0.154742,64.7919,17.2905,193.243
0.0460719,0.0845271,0.162446,83.8579,18.8614,193.246
0.0479576,0.00912821,0.166517,76.8791,19.9361,193.25
0.0476143,0.0772735,0.15732,77.9786,18.9549,193.251
0.0476157,0.0549281,0.149916,77.3539,18.3267,193.252
0.0460581,0.121401,0.158956,83.1751,18.4779,193.265
0.0506476,0.0144487,0.144627,67.1329,17.8497,193.29
0.0442886,0.107974,0.164565,91.6487,19.8314,193.29
0.0504396,0.0354844,0.147401,68.6556,17.3966,193.3
0.0527251,0.00407791,0.155422,61.4867,16.0968,193.301
0.0458864,0.0878846,0.148527,84.5128,18.7088,193.314
0.0432916,0.158516,0.166127,96.1834,19.4098,193.323
0.0455147,0.0370341,0.147961,86.3187,18.678,193.325
0.052109,0.0535857,0.161316,63.7395,17.3738,193.328
0.044609,0.00970756,0.139855,90.9673,18.7213,193.337
0.0450177,0.0150796,0.136396,88.8531,18.8249,193.339
0.0501577,0.00892988,0.165204,69.0011,17.7923,193.341
0.0520503,0.00176636,0.151787,63.3124,17.2891,193.353
0.047201,0.0193304,0.140178,79.786,18.0663,193.355
0.0436733,0.0801249,0.16427,94.2995,19.9361,193.363
0.0561397,0.0313305,0.164333,53.1132,16.5078,193.365
0.0437855,0.0272898,0.144663,94.0759,19.9962,193.368
0.0451641,0.129882,0.157078,87.0746,18.8258,193.378
0.0541275,0.0156889,0.165069,58.3107,17.4613,193.384
0.0482113,0.00852639,0.145924,75.1207,18.5902,193.399
0.0446669,0.00631397,0.145095,90.436,19.2057,193.399
0.0455064,0.0448815,0.137146,86.4263,18.2101,193.402
0.0448001,0.0387317,0.144471,89.264,18.8894,193.425
0.0434676,0.0950663,0.16653,95.9387,19.0344,193.425
0.0495911,0.0800353,0.164799,70.7999,17.9597,193.426
0.0429755,0.0207477,0.149986,98.0693,19.3802,193.427
0.0439266,0.126375,0.163439,93.9962,19.124,193.43
0.0461302,0.013308,0.153786,83.7928,19.8788,193.434
0.0431938,0.0278239,0.158019,97.0091,19.9379,193.441
0.0471283,0.114803,0.161136,79.1939,18.9226,193.448
0.0481781,0.0303119,0.148204,75.5768,18.9031,193.452
0.048138,0.0538638,0.157699,75.4861,18.433,193.458
0.0460509,0.0110442,0.133757,84.6387,18.7644,193.464
0.0437963,0.0456437,0.154176,94.2299,19.243,193.465
0.0464701,0.0295784,0.165076,82.4509,18.9086,193.472
0.0454366,0.0736166,0.146194,86.4443,18.1645,193.473
0.0493288,0.0462161,0.160494,71.8287,17.9762,193.475
0.0502816,0.0201507,0.160056,68.9552,18.1906,193.477
0.0458351,0.104784,0.161742,84.1473,18.4001,193.482
0.0459725,0.0496295,0.153993,84.1614,18.5087,193.484
0.0445903,0.0109576,0.14642,90.1408,19.47,193.497
0.0443147,0.0262648,0.152477,91.7342,19.7921,193.499
0.0484672,0.0672259,0.159526,74.1978,18.1233,193.5
0.0497568,0.00857497,0.153629,70.9523,18.4829,193.507
0.0478866,0.067215,0.15443,76.3945,18.9758,193.528
0.0518096,0.0252005,0.160112,64.8954,17.5327,193.547
0.0513755,0.0330569,0.154448,65.3299,17.4376,193.55
0.0479461,0.065872,0.141603,76.6225,17.5477,193.553
0.0463645,0.112495,0.154105,82.6752,18.3305,193.557
0.0500633,0.0125109,0.157362,69.2159,18.7672,193.573
0.0484743,0.0799292,0.150073,74.3517,17.5518,193.574
0.0488065,0.0328425,0.151647,73.3925,17.8639,193.578
0.0440144,0.00764621,0.142238,93.9491,19.7883,193.579
0.0557896,0.0203122,0.152766,54.8825,16.9947,193.591
0.0473433,0.0677856,0.154666,78.2559,18.7873,193.595
0.0493794,0.0137707,0.158107,71.5683,17.4563,193.607
0.0454633,0.00901306,0.13703,86.1949,18.1747,193.608
0.04501,0.0642095,0.158709,88.3882,19.0385,193.609
0.0484029,0.00191727,0.144229,75.7148,18.1276,193.629
0.0493155,0.045818,0.159582,71.3478,18.2537,193.633
0.0494498,0.0209151,0.139573,71.0456,17.6767,193.644
0.0427928,0.0841355,0.148888,99.0241,19.4138,193.646
0.0529596,0.0129933,0.153385,61.288,17.7192,193.657
0.0452543,0.0825915,0.161747,87.2612,19.7976,193.663
0.0491025,0.0118947,0.153263,72.6502,17.4896,193.667
0.0552736,0.00587281,0.164003,55.3669,16.2964,193.668
0.047906,0.0189802,0.165772,76.4316,19.014,193.681
0.0539804,0.00842529,0.155263,58.2805,16.067,193.712
0.0519775,0.0399039,0.165184,63.3022,17.6461,193.726
0.0525222,0.00271222,0.150147,62.0733,17.968,193.735
0.0474467,0.036232,0.136917,78.7564,17.0967,193.743
0.0475273,0.00660237,0.128084,78.7468,17.6213,193.747
0.0493397,0.0578192,0.163869,71.9182,17.032,193.763
0.043476,0.0872171,0.161232,95.4963,19.6095,193.766
0.0524785,0.0358347,0.157502,62.5334,17.1873,193.769
0.0466946,0.074461,0.146716,81.9593,18.0461,193.777
0.0478454,0.0706892,0.157033,76.9745,18.8246,193.789
0.0439143,0.115221,0.160969,93.4809,19.6949,193.79
0.0460957,0.0482266,0.161651,83.9616,18.2468,193.791
0.0489141,0.0359263,0.155315,73.4567,18.1932,193.796
0.0459853,0.0400196,0.161608,84.5932,19.5533,193.803
0.0490147,0.0672026,0.157779,72.266,17.7457,193.809
0.0464731,0.0399129,0.151845,82.6584,18.8255,193.816
0.0513004,0.0249213,0.153314,65.2062,17.813,193.817
0.0449598,0.00763718,0.150764,88.2617,19.38,193.835
0.0502736,0.0324947,0.151603,68.6756,17.0646,193.841
0.0471248,0.00292831,0.153515,79.6105,18.2471,193.843
0.0512158,0.0418509,0.16651,65.7531,17.1705,193.846
0.0516384,0.0176707,0.15628,64.7128,17.7252,193.847
0.0473615,0.0159308,0.160949,78.1816,19.7043,193.86
0.045239,0.0385394,0.139489,87.4401,18.7358,193.875
0.0450544,0.0381268,0.152002,88.6764,19.6319,193.879
0.0475159,0.00899107,0.130759,78.8341,17.3225,193.882
0.052177,0.0329404,0.155075,63.8109,17.0363,193.882
0.0437205,0.132598,0.163095,94.3036,19.3933,193.892
0.0464557,0.0123624,0.156129,82.27,19.789,193.911
0.0515992,0.00659059,0.15809,64.1647,17.6719,193.921
0.0493277,0.064814,0.153918,71.9789,17.6804,193.928
0.0452523,0.0457809,0.138392,87.9945,18.5304,193.932
0.0477042,0.023483,0.14129,77.3928,18.1179,193.934
0.0461309,0.0559762,0.163462,83.4425,18.3566,193.938
0.0439266,0.0740658,0.154538,93.6497,19.8567,193.943
0.0428538,0.0105523,0.144047,99.5919,19.3616,193.946
0.0492453,0.00381603,0.146793,72.8376,18.9691,193.952
