beta,permeability,xi,init_days,delay,value
0.058257,0.0120991,0.0943059,23.5699,11.711,63.2861
0.06072,0.0133614,0.122455,19.2422,11.9445,63.4137
0.0594995,0.00451725,0.103996,21.3228,11.5343,63.4306
0.0588851,0.0036465,0.103205,22.0592,12.5581,63.5509
0.0574955,0.0366644,0.105966,24.532,12.1989,63.5638
0.0595202,0.00598602,0.0935058,21.6597,10.2525,63.6876
0.0607347,0.014755,0.117584,19.038,11.8751,63.7116
0.058803,0.0108984,0.120654,22.1487,13.4412,63.745
0.0581442,0.0199297,0.120916,23.4363,13.7691,63.7458
0.0574647,0.0435726,0.106826,24.1178,12.5415,63.7541
0.0580729,0.0392273,0.0978615,23.6867,11.2841,63.8106
0.0600535,0.0142793,0.123162,20.2587,12.1553,63.8238
0.0587568,0.0346929,0.090517,22.9133,10.6161,63.8898
0.0589112,0.00435577,0.0873136,22.3246,10.5903,63.9083
0.0587197,0.022522,0.126377,22.346,13.0475,63.9425
0.060085,0.00969824,0.116167,20.1561,11.9313,63.9587
0.057186,0.00373509,0.0750936,25.4042,10.508,64.0084
0.0573974,0.0471619,0.119775,24.0692,13.6552,64.0203
0.0595546,0.00448932,0.106696,21.3988,12.2915,64.0227
0.05958,0.00521189,0.0936616,21.752,10.0543,64.1136
0.05855,0.0599377,0.110033,22.3684,11.2453,64.1254
0.0586961,0.022833,0.129614,22.4219,13.0927,64.1371
0.0569246,0.04328,0.0959862,25.156,12.9817,64.1378
0.0576094,0.01067,0.105824,24.44,13.8825,64.1545
0.0552284,0.0577033,0.0799995,28.4478,11.8454,64.2161
0.058102,0.0414891,0.0942904,23.5566,11.905,64.2213
0.057575,0.0181684,0.10591,24.0235,13.9802,64.2474
0.0565039,0.0124458,0.0905232,26.2076,12.6996,64.2962
0.0548598,0.0426835,0.0713035,29.829,11.2803,64.3015
0.058088,0.044214,0.0872181,23.5011,10.6838,64.3211
0.0620358,0.00919074,0.147079,17.6986,11.0105,64.34
0.0554959,0.0237713,0.0661016,28.1613,10.0591,64.3589
0.0575843,0.0184909,0.0954055,24.288,12.9046,64.3728
0.0557817,0.0514235,0.0805399,27.6605,11.5185,64.3862
0.0574515,0.0423686,0.110072,24.1587,12.0419,64.392
0.0600262,0.0202705,0.121549,20.768,11.8976,64.4058
0.0593634,0.0288573,0.102748,21.4823,11.5173,64.4241
0.0556064,0.0815014,0.0978475,27.1212,12.0485,64.4327
0.0579092,0.060981,0.120553,23.1779,12.3969,64.4412
0.0614236,0.0120593,0.144979,18.6275,12.2717,64.4521
0.0588371,0.0160495,0.113678,22.784,12.8067,64.4576
0.0565285,0.0235662,0.0817277,26.065,11.7279,64.4578
0.0558408,0.0408943,0.0896299,27.97,12.9784,64.4611
0.0575346,0.0211405,0.109336,24.4083,13.9072,64.4652
0.058764,0.0359363,0.0890293,22.2628,10.611,64.4974
0.0586127,0.0367194,0.131953,22.6805,13.2853,64.506
0.0562888,0.0518413,0.086581,26.5338,11.5343,64.5113
0.0566781,0.0145289,0.0669508,26.5707,10.128,64.5137
0.0571134,0.00320079,0.0821148,25.0656,11.0857,64.5231
0.0556164,0.0811689,0.0927463,27.66,12.4896,64.5233
0.0558409,0.0435032,0.0869238,27.833,12.9882,64.5296
0.0564023,0.0329997,0.082117,26.4942,11.7127,64.5315
0.0599671,0.0298682,0.108477,20.5451,10.4963,64.5382
0.0569257,0.0245603,0.108511,25.9839,13.6589,64.5387
0.0540697,0.0946208,0.0763962,30.6335,11.0168,64.5438
0.0604797,0.0402995,0.146724,19.1441,12.8631,64.5929
0.0580414,0.0316644,0.114485,23.5618,12.4056,64.6102
0.0553386,0.0352325,0.0842688,28.6617,12.6645,64.6251
0.0612266,0.0281226,0.136669,18.5132,11.2165,64.6351
0.0574198,0.0475367,0.0940606,24.1179,11.6618,64.6456
0.059032,0.0704876,0.122796,21.2154,11.5427,64.6509
0.0552531,0.0507793,0.0854576,28.1885,12.5421,64.6513
0.0582593,0.0122304,0.10606,23.1562,12.1558,64.6721
0.0614119,0.0145713,0.112865,18.4233,10.3632,64.6744
0.0620258,0.0175991,0.142926,17.9969,11.9769,64.6828
0.0578871,0.0657154,0.130382,23.4501,13.6483,64.7106
0.0573073,0.0589624,0.113671,24.1657,12.0703,64.7146
0.0591515,0.0487429,0.135055,21.7003,12.5986,64.7265
0.0628528,0.00350761,0.151868,16.1924,11.1464,64.7275
0.0566134,0.097097,0.098367,25.201,11.6346,64.7298
0.0600458,0.0196496,0.0986647,20.4163,10.2528,64.7303
0.0606073,0.0311184,0.137873,19.517,12.5439,64.7433
0.0598531,0.0481755,0.110121,20.3049,10.5998,64.7502
0.0549756,0.0265674,0.0666575,29.0304,11.2376,64.7587
0.0620017,0.0176759,0.154256,17.4294,11.6313,64.7676
0.0608095,0.00844261,0.146398,19.1652,13.5312,64.7763
0.0592815,0.0458223,0.0998071,21.5118,10.1851,64.7798
0.056222,0.00137113,0.0614946,27.1578,10.6693,64.7837
0.0557775,0.0421723,0.0991608,27.003,13.1943,64.7901
0.0571355,0.0939703,0.110124,24.1494,11.0722,64.7964
0.0595695,0.00869606,0.101258,21.6898,11.2702,64.7992
0.0593938,0.0273941,0.131224,21.1596,13.923,64.8125
0.060465,0.0402481,0.133013,19.6977,11.0107,64.8168
0.0553685,0.0502834,0.0674577,28.7045,10.8363,64.8173
0.0599523,0.0213598,0.117922,20.0759,11.7162,64.8182
0.0593082,0.0256451,0.144894,21.8643,13.6551,64.8405
0.0560214,0.0239477,0.0707396,27.0567,11.001,64.8493
0.0561179,0.0797998,0.0999134,26.6418,12.8195,64.8524
0.0585611,0.0450649,0.140617,22.9297,13.5107,64.8663
0.0574825,0.0405782,0.108678,24.8373,13.0578,64.873
0.0579916,0.0532353,0.0911732,23.5124,10.5314,64.8737
0.0594382,0.00236199,0.152208,21.5191,14.8716,64.8741
0.0571308,0.0972541,0.121574,24.5328,12.1092,64.9023
0.0591409,0.054679,0.138731,21.1586,12.2874,64.9045
0.0549296,0.113535,0.0881127,28.7456,11.6692,64.9075
0.0557402,0.0653268,0.0858321,27.7414,11.7815,64.9085
0.0558664,0.0535854,0.0736632,27.2591,10.8741,64.9187
0.0578446,0.0631978,0.12168,23.4438,12.4564,64.9266
0.0600613,0.0031564,0.11511,20.8573,11.7763,64.9441
0.0573751,0.0473299,0.137471,24.3952,14.9343,64.9444
0.059778,0.0553396,0.140572,20.9554,12.2,64.9502
0.0570644,0.0256159,0.0747473,25.9023,10.5969,64.9712
0.0580813,0.0293707,0.0965429,23.284,11.0637,64.9754
0.0606024,0.0307266,0.16008,19.5275,13.5358,64.9854
0.0575536,0.0223086,0.127886,24.1261,14.3577,64.993
0.0612049,0.0281636,0.150438,18.079,11.9469,64.9936
0.0620555,0.0166838,0.14702,17.1526,11.5007,65.0188
0.0618914,0.0227304,0.165439,17.1106,11.9528,65.0192
0.061068,0.0470502,0.14542,18.3219,11.5503,65.0193
0.0581168,0.0351636,0.0856429,23.5679,10.5208,65.0212
0.0571699,0.0837628,0.131127,24.6923,13.0927,65.0251
0.0584873,0.0681917,0.12832,22.7096,12.8901,65.0358
0.061258,0.0232946,0.122613,18.6669,10.1556,65.0509
0.0627741,0.011087,0.138854,16.1868,10.6345,65.0537
0.0597782,0.0542074,0.120887,20.5981,11.7857,65.0624
0.060148,0.00321608,0.0948419,20.9473,10.7889,65.0648
0.0587451,0.0346135,0.0944124,22.5732,11.976,65.0707
0.0610058,0.0565351,0.155402,18.7266,11.3841,65.0716
0.0579594,0.0460905,0.103962,23.0264,11.3114,65.0731
0.0621849,0.0012683,0.160402,17.162,12.8006,65.0748
0.058788,0.00437812,0.138262,22.5024,14.7732,65.0792
0.0581703,0.0197856,0.0872462,23.1453,10.2009,65.0802
0.0580143,0.0600127,0.0909856,23.1951,10.6446,65.0886
0.056404,0.128646,0.108348,25.4975,11.328,65.0897
0.0577597,0.00523262,0.0850734,24.9523,12.4745,65.0941
0.0582065,0.00459171,0.137652,23.9656,14.7874,65.1027
0.0575689,0.01733,0.118327,24.8697,13.3864,65.1068
0.0588031,0.0210434,0.0930327,22.4981,11.2346,65.1209
0.0583199,0.0914723,0.119264,22.401,11.7374,65.1221
0.0604167,0.0532975,0.154459,19.7095,12.6277,65.1344
0.0554304,0.115955,0.0914711,27.2738,11.5924,65.1344
0.0561001,0.0750494,0.117566,26.0684,13.53,65.1394
0.0585741,0.0374741,0.123096,22.0035,12.0167,65.1451
0.0621214,0.00488655,0.129241,17.4459,11.0453,65.1513
0.0551526,0.00739249,0.0604878,29.9599,10.081,65.1517
0.0575221,0.0310928,0.103544,24.7745,13.9522,65.1535
0.0619024,0.0257995,0.161834,17.9623,12.8431,65.1537
0.0607143,0.00534512,0.109769,19.7609,10.3872,65.1543
0.0606482,0.0257684,0.162625,19.4267,13.1683,65.1552
0.0564255,0.121807,0.106738,25.393,11.5544,65.1555
0.0601314,0.00432427,0.103116,20.4663,11.0591,65.1594
0.0601325,0.00356277,0.165991,20.1607,14.7735,65.1603
0.0597404,0.0615605,0.125157,20.3683,11.1175,65.1644
0.0613676,0.00183917,0.164218,18.2851,13.9681,65.1675
0.0599733,0.0149211,0.127752,20.0638,12.4331,65.168
0.0588297,0.0151318,0.100216,22.8847,12.2589,65.171
0.058563,0.0521825,0.0971546,22.533,10.7338,65.1818
0.0604824,0.0436904,0.120512,19.1415,10.4013,65.1831
0.0544992,0.0353978,0.0598601,30.3072,10.1049,65.185
0.0571199,0.00454912,0.0900498,25.3068,13.1919,65.1893
0.0579011,0.0572768,0.14924,23.1182,14.9172,65.1893
0.0580177,0.0497392,0.117512,23.9674,13.0948,65.1953
0.0600448,0.00135998,0.148037,20.6127,13.6558,65.1954
0.0599272,0.0388713,0.146743,20.9188,13.0306,65.1994
0.0568281,0.0469937,0.127627,25.9051,14.2615,65.2178
0.0550576,0.0839509,0.10026,28.2609,13.1919,65.218
0.0610206,0.0468991,0.160465,18.094,11.8484,65.2192
0.0559051,0.124898,0.102515,26.832,11.6839,65.2198
0.0606054,0.0136072,0.165324,19.0266,13.423,65.2232
0.0608106,0.0051036,0.118377,19.8862,12.5184,65.2245
0.0587386,0.0385719,0.0970996,22.0188,11.9688,65.2297
0.0604602,0.0435454,0.142571,19.5022,12.9901,65.236
0.0611589,0.0367303,0.155062,18.2117,11.3974,65.2409
0.0618612,0.0219613,0.160794,17.8119,11.2553,65.2524
0.0557223,0.0722067,0.0781654,27.411,10.164,65.2634
0.0571609,0.0808667,0.120539,24.53,12.5237,65.2748
0.058237,0.101201,0.128179,22.6191,11.0023,65.2778
0.0593055,0.0259504,0.131175,21.2124,13.1883,65.28
0.0603055,0.0648287,0.14744,19.9634,11.5393,65.2811
0.0614284,0.0156721,0.128146,18.5707,11.3337,65.2817
0.0558825,0.0465802,0.0799755,27.8524,11.65,65.2837
0.0562647,0.0576913,0.102093,26.7468,13.1283,65.289
0.0612345,0.0257087,0.122388,18.0774,10.2154,65.2942
0.057968,0.0530095,0.0984,23.7848,11.0991,65.2967
0.0615341,0.00281038,0.138833,18.5873,12.6266,65.3018
0.0600053,0.00423039,0.147146,20.3183,13.2675,65.302
0.0592793,0.0324881,0.160263,21.6038,14.3104,65.3064
0.0586046,0.054597,0.120862,22.2116,12.5653,65.3092
0.0556211,0.0749733,0.0852872,27.9414,11.349,65.3101
0.0597189,0.0619375,0.114617,20.2747,10.3007,65.3166
0.0552568,0.0569386,0.0819402,28.223,11.9176,65.3216
0.055866,0.0499057,0.0801207,27.7231,11.693,65.3345
0.0569447,0.127594,0.116059,24.6236,11.9554,65.3399
0.0563431,0.0515831,0.0866173,26.4369,12.4077,65.3429
0.0601315,0.00423098,0.152472,20.5071,14.3137,65.3465
0.058062,0.0248181,0.107811,23.5653,12.4037,65.3535
0.0636283,0.00105489,0.160423,15.414,11.7007,65.3637
0.0572699,0.0127406,0.0657337,25.205,9.41157,65.3703
0.0591952,0.0529896,0.148303,21.2341,13.2594,65.3753
0.0597807,0.0478759,0.135026,20.903,12.8798,65.3754
0.061294,0.0216994,0.126821,18.7842,11.9595,65.3795
0.0606541,0.0216487,0.135964,19.6482,11.0339,65.3856
0.0561329,0.0725445,0.126772,26.9894,14.5085,65.4039
0.0577438,0.0833946,0.14449,23.5273,13.922,65.4042
0.0604556,0.0427987,0.119659,19.6153,10.5996,65.4185
0.053465,0.117901,0.0758308,31.9895,11.703,65.4197
0.055398,0.0183401,0.0767473,28.2897,11.9967,65.4197
0.0614609,0.00995421,0.117909,18.6961,11.9021,65.4264
0.0594089,0.0211109,0.126199,21.2224,12.486,65.4275
0.0594102,0.0156574,0.0935187,21.655,10.2788,65.4286
0.0559094,0.111419,0.125817,26.4497,13.6268,65.4393
0.0610136,0.0540812,0.16431,18.4985,11.6016,65.4395
0.05738,0.0532875,0.130596,24.4373,14.2877,65.4488
0.0555742,0.0252221,0.0608804,28.2549,10.6538,65.454
0.0546862,0.0699112,0.0807493,29.9271,12.4998,65.4611
0.0593337,0.0199675,0.106491,21.6445,11.7995,65.4632
0.0588205,0.0278024,0.0823574,22.501,9.48094,65.4634
0.0561834,0.0624046,0.121744,26.3262,14.274,65.4664
0.0545736,0.0237599,0.0592809,30.7001,10.0852,65.4732
0.0612762,0.0154874,0.121223,18.4845,10.3887,65.4785
0.057051,0.00384902,0.112276,25.924,14.0889,65.4797
0.0596597,0.0704263,0.147258,20.8637,12.0286,65.4805
0.0591179,0.050457,0.118431,21.0886,11.187,65.4833
0.0612545,0.0291318,0.118842,18.5737,10.4658,65.4873
0.0600195,0.0112298,0.162641,20.9334,14.587,65.4879
0.0594616,0.019688,0.0862445,21.7745,9.89891,65.4896
0.059989,0.0161601,0.138206,20.8045,13.2047,65.4906
0.0559467,0.106068,0.114146,26.2336,12.5073,65.4931
0.0602593,0.0628208,0.143062,19.5743,11.5803,65.4968
0.0570712,0.0380058,0.0720364,25.5191,10.624,65.4976
0.059222,0.03791,0.153401,21.7322,13.2247,65.5008
0.0570823,0.106934,0.114068,24.3084,11.8567,65.516
0.0594742,0.0880695,0.147377,20.5475,11.4342,65.52
0.058604,0.04563,0.142669,22.8062,13.2246,65.5207
0.0561871,0.0650086,0.119404,26.045,14.6217,65.5211
0.0579467,0.044389,0.12113,23.66,12.9032,65.5381
0.0569744,0.0107399,0.108035,25.3228,13.6362,65.5394
0.0586097,0.0454641,0.159085,22.7169,14.7738,65.5433
0.0612782,0.0149007,0.145909,18.0091,12.9246,65.5446
0.062083,0.0125358,0.130682,17.2857,10.1347,65.5465
0.0581502,0.00746869,0.109299,23.4375,12.3149,65.5481
0.0620742,0.0183358,0.137002,17.2537,11.1459,65.5514
0.0588099,0.0175373,0.132666,22.0358,14.1403,65.5551
0.059439,0.00761372,0.0937131,21.7019,10.8449,65.5698
0.0590555,0.0587828,0.159908,21.6113,13.8346,65.5707
0.0604957,0.0453349,0.155124,19.3903,12.6553,65.5722
0.0571313,0.101842,0.0946999,24.6133,10.4711,65.5724
0.0541337,0.00777481,0.0547088,31.9733,10.368,65.5777
0.0581199,0.110536,0.149009,22.2659,12.9279,65.5788
0.0559779,0.0984071,0.107338,26.6085,12.996,65.5855
0.0549548,0.0202491,0.0725071,29.5739,12.5203,65.601
0.0589007,0.090508,0.14661,21.8503,12.8277,65.6064
0.0582288,0.00125032,0.109879,23.1928,12.3687,65.6074
0.0599946,0.0209963,0.16223,20.5511,14.8258,65.6082
0.0565173,0.104433,0.109802,25.1196,12.418,65.623
0.05627,0.0379039,0.107351,26.4707,13.2488,65.6243
0.0601803,0.00344608,0.147906,20.0024,14.8077,65.6284
0.0594896,0.0843739,0.158959,20.0827,12.305,65.632
0.0582772,0.0115341,0.106076,23.9347,12.0023,65.6346
0.0603556,0.0639186,0.139176,19.1896,11.9208,65.6373
0.0585363,0.045291,0.163905,22.604,14.3335,65.6441
0.0554205,0.012582,0.0862143,28.1853,13.2746,65.6493
0.0599105,0.0200711,0.13077,20.4022,12.7158,65.6493
0.0590932,0.0503173,0.155569,21.448,13.8547,65.6507
0.0594516,0.018751,0.104518,21.2367,12.6161,65.6521
0.0571797,0.0217669,0.0674228,25.561,9.56703,65.6557
0.0619754,0.00925601,0.142553,17.3494,11.1021,65.6576
0.0593838,0.0999705,0.153982,20.0112,11.524,65.6584
0.0610314,0.0577701,0.154792,18.3121,11.4402,65.6594
0.053632,0.00657129,0.0573186,32.3812,11.5135,65.665
0.0598261,0.0459015,0.114892,20.2067,10.284,65.6682
0.0635636,0.00107448,0.151926,15.4914,10.4571,65.6693
0.0620597,0.0175306,0.130454,17.9648,10.9896,65.6697
0.0560237,0.102455,0.100273,26.2581,12.4328,65.671
0.0564079,0.117947,0.12436,25.406,12.862,65.6714
0.0586015,0.0525398,0.126523,22.16,13.4759,65.6716
0.0569708,0.0479607,0.081254,25.7053,11.0035,65.6736
0.0599252,0.0289587,0.129965,20.7348,11.5186,65.6759
0.0574815,0.0501628,0.104022,24.9551,12.5921,65.679
0.0581207,0.0395724,0.109834,23.433,12.1128,65.6838
0.0566325,0.0779548,0.105609,25.5851,12.252,65.6854
0.0573034,0.0664388,0.118996,24.5894,12.2724,65.6891
0.0568298,0.0656096,0.0948915,25.4646,11.4034,65.6908
0.060126,0.0793744,0.161881,19.6084,11.6089,65.6913
0.0594186,0.00813404,0.146226,21.4495,13.5846,65.6978
0.0599478,0.0171862,0.115762,20.1534,11.0915,65.6984
0.0558292,0.129645,0.103435,26.284,11.0233,65.699
0.0579243,0.0495789,0.108977,23.7071,11.7933,65.6995
0.054438,0.0347862,0.0687083,30.623,11.8032,65.6998
0.0536496,0.0153479,0.0535709,32.4684,10.4165,65.7092
0.0594043,0.0282671,0.0875279,21.0803,9.35322,65.7106
0.055966,0.0103885,0.0953172,27.7396,13.592,65.7122
0.0529063,0.0516836,0.0613605,33.1138,11.0278,65.7157
0.0572014,0.0729432,0.148426,24.3206,14.5602,65.7205
0.0576772,0.0965468,0.149406,23.03,13.7409,65.7242
0.0613493,0.00113353,0.159021,18.7075,12.9459,65.7243
0.0572015,0.0808144,0.123337,24.873,13.9742,65.7308
0.0533061,0.0735955,0.0651349,32.1849,11.929,65.7348
0.0540926,0.0878058,0.073917,30.1976,11.1398,65.7361
0.0573356,0.0588572,0.144788,24.3472,14.475,65.7374
0.0601784,0.0758019,0.165153,19.5137,12.7083,65.7376
0.0574761,0.0531817,0.0868398,24.604,11.5222,65.7389
0.0627157,0.0233945,0.154766,16.4518,11.8138,65.7405
0.0566936,0.0607636,0.134101,25.2034,14.1362,65.7409
0.0593223,0.00987135,0.13913,21.0247,13.3109,65.745
0.0567169,0.0576897,0.106013,25.4899,12.1504,65.752
0.0551943,0.0779838,0.0801769,28.616,11.4968,65.7545
0.054516,0.0127137,0.0688596,30.4297,12.0684,65.7546
0.0593602,0.0180537,0.100827,21.858,10.8143,65.7591
0.0592515,0.041317,0.160024,21.9664,14.5213,65.7645
0.0547754,0.145686,0.0915442,28.6134,11.2501,65.7665
0.057651,0.100155,0.144078,23.4687,13.3325,65.7686
0.0617438,0.0520783,0.160776,17.8093,11.4722,65.7687
0.0563684,0.0584836,0.0727624,26.1363,10.5673,65.7692
0.0562052,0.0690077,0.085873,26.1164,11.1345,65.7709
0.0563547,0.0422769,0.0784438,26.0692,10.0247,65.7709
0.0607616,0.00500649,0.120727,19.9557,12.6497,65.7718
0.0572613,0.0735894,0.146009,24.9148,14.8698,65.7764
0.0579212,0.000732977,0.0693727,24.5079,10.3352,65.7782
0.0606201,0.0144502,0.152009,19.5452,13.7327,65.7787
0.0602949,0.0711594,0.164955,19.2607,12.3851,65.7792
0.0600971,0.0171103,0.128021,20.7975,13.7604,65.7795
0.0575065,0.0161145,0.124332,24.4851,14.0371,65.7852
0.0562825,0.0465963,0.0912333,26.2364,12.3552,65.7898
0.0586525,0.037045,0.108106,22.5606,12.3878,65.7928
0.0542498,0.135046,0.113488,29.4472,13.6948,65.793
0.0585424,0.0520796,0.0972363,22.1627,10.3998,65.7963
0.0552727,0.133699,0.126116,27.1329,13.0215,65.7977
0.0568408,0.136825,0.137392,24.8946,12.2965,65.7992
0.0558658,0.0242218,0.0815071,27.9183,11.801,65.8011
0.0545575,0.0937903,0.0836426,29.517,12.5595,65.8035
0.0614811,0.00441508,0.136497,18.8769,11.9911,65.8084
0.0621699,0.00450771,0.114292,17.6334,10.3072,65.8086
0.0579945,0.0439311,0.0978008,23.0036,11.6805,65.8099
0.0542245,0.144303,0.114217,29.0616,13.5839,65.8134
0.0560845,0.0980123,0.087173,26.6814,10.4464,65.8137
0.0553198,0.125785,0.10663,27.724,12.1456,65.8175
0.0579119,0.0652246,0.121822,23.3193,13.75,65.8181
0.0544222,0.10091,0.101726,29.8397,13.356,65.8274
0.0562187,0.0695995,0.0825068,26.9299,10.553,65.8293
0.0607566,0.0184671,0.121677,19.8424,11.3243,65.8297
0.0599293,0.0348043,0.143641,20.3278,12.9878,65.836
0.058729,0.0137637,0.108501,22.7189,11.815,65.8434
0.0554914,0.0158589,0.0686927,28.1092,10.8095,65.8446
0.0597472,0.0426013,0.149462,20.3426,12.8806,65.8471
0.0565179,0.00381358,0.10141,26.3609,13.8145,65.8486
0.0547223,0.148838,0.103672,28.9938,12.325,65.8495
0.0594584,0.093653,0.163222,20.0979,12.4146,65.8503
0.0577874,0.0212653,0.0669935,24.5349,9.98219,65.8565
0.0543818,0.108814,0.102993,29.33,13.0823,65.8649
0.0536223,0.0976693,0.0734052,31.7894,11.7948,65.8704
0.0548724,0.112167,0.0982004,28.2825,12.2238,65.8715
0.0538816,0.0375796,0.0726025,31.6311,12.8617,65.8815
0.0555388,0.0912062,0.111843,27.4528,13.98,65.8827
0.0559399,0.0140481,0.0892156,27.731,12.1674,65.8836
0.0598209,0.0340535,0.134509,20.5212,12.1624,65.8849
0.0556682,0.0607693,0.0983169,27.4093,13.0069,65.8899
0.0606051,0.00630657,0.148565,19.1145,12.8501,65.8903
0.0569916,0.0398595,0.0924681,25.2375,12.1921,65.9001
0.0604032,0.0385991,0.137497,19.1333,11.4638,65.9006
0.0574679,0.0420646,0.125096,24.8818,14.7069,65.904
0.0612597,0.00906121,0.165251,18.0645,12.3571,65.9084
0.0586735,0.0236059,0.110898,22.6512,11.9029,65.9141
0.0567879,0.0773786,0.0931032,25.7584,11.7273,65.915
0.0577345,0.0273884,0.0686586,24.6245,9.72807,65.9221
0.0558272,0.0598857,0.0759045,27.6529,10.6295,65.9278
0.0587155,0.0155969,0.109317,22.0427,11.4153,65.9281
0.0573958,0.0587424,0.0837473,24.7991,10.8,65.938
0.0551423,0.00478839,0.0642551,29.3992,11.1903,65.9447
0.0597422,0.0396231,0.145099,20.2114,12.1745,65.949
0.0611684,0.0375858,0.122303,18.0738,10.2367,65.953
0.0581818,0.101882,0.140518,22.7611,12.113,65.9537
0.0573743,0.0493262,0.104295,24.2442,11.3486,65.9545
0.0604602,0.0513922,0.156821,19.8689,12.1638,65.9582
0.0581664,0.035126,0.0797987,23.591,9.32072,65.9601
0.0533107,0.0739628,0.0648993,32.1911,11.839,65.9614
0.0595493,0.00686132,0.0900534,21.3989,11.5559,65.9628
0.0581642,0.0160776,0.146928,23.7393,14.1424,65.9631
0.0562811,0.0398256,0.11464,26.0235,14.2763,65.9634
0.0530315,0.03052,0.0582195,33.3252,11.7987,65.9634
0.0576153,0.105179,0.146486,23.3605,13.289,65.9634
0.0541073,0.0729346,0.0908044,30.5596,13.1435,65.9652
0.0528149,0.151104,0.0895048,32.4313,12.3123,65.9693
0.0542256,0.146827,0.110067,29.0832,13.4755,65.9701
0.0554419,0.044796,0.0678605,28.236,10.803,65.9719
0.0565245,0.0225032,0.0893552,26.7337,12.0449,65.9763
0.0544166,0.0360514,0.0701913,30.5853,11.7442,65.9831
0.0613047,0.00721633,0.12277,18.4298,10.9047,65.9859
0.05946,0.0900573,0.154631,20.7061,11.3675,65.9886
0.0557246,0.0687821,0.0852248,27.7171,12.8867,65.9901
0.0565325,0.0923142,0.104501,25.699,11.9233,65.9931
0.0570437,0.0454272,0.0697585,25.878,9.49752,65.9932
0.0590374,0.0623257,0.150654,21.4208,13.519,65.9974
0.0606427,0.00144177,0.124187,19.9541,11.8251,65.9976
0.0566583,0.074105,0.102927,25.8111,12.6465,65.9982
0.0574294,0.054274,0.0824364,24.7368,10.6502,66.0026
0.0627076,0.0155449,0.1645,16.3138,12.3886,66.0032
0.0594015,0.025293,0.150971,21.9195,14.181,66.0034
0.0563292,0.030618,0.0937236,26.6529,12.1674,66.0105
0.0580139,0.0265966,0.128423,23.6569,13.3287,66.0163
0.0599384,0.0412497,0.111179,20.517,11.1477,66.0164
0.058168,0.00889615,0.144396,23.7217,14.2143,66.0169
0.0600077,0.0263187,0.11496,20.8248,12.4563,66.0197
0.0579115,0.058716,0.158636,23.2454,14.8821,66.0211
0.0587553,0.105649,0.152546,21.7787,12.1686,66.0213
0.0558254,0.131603,0.127048,26.2338,13.9109,66.0218
0.054716,0.143669,0.0972077,28.8286,11.4329,66.0255
0.0596084,0.0678731,0.129958,20.0571,11.5461,66.031
0.0585541,0.0377178,0.109149,22.9599,11.6494,66.0425
0.0538265,0.0510251,0.0648852,31.8588,11.4812,66.0437
0.0596606,0.0633775,0.117117,20.7072,10.3159,66.0451
0.0562635,0.149696,0.128154,25.5567,12.1328,66.0487
0.058422,0.0664518,0.123566,22.5218,11.7543,66.0491
0.0600297,0.0163999,0.159414,20.024,13.606,66.0558
0.0585428,0.0568088,0.119964,22.4739,11.5972,66.0563
0.0552888,0.0717496,0.0668237,28.2602,10.2802,66.0568
0.0523469,0.0757746,0.0615434,34.8773,11.3511,66.0623
0.0601912,0.0662961,0.151124,19.7699,11.7058,66.0627
0.0613293,0.00715808,0.123762,18.4792,10.37,66.0629
0.0559572,0.118575,0.108086,26.8223,12.9635,66.0633
0.0577093,0.0845913,0.164828,23.2962,14.6129,66.064
0.0567206,0.0690823,0.114841,25.2941,12.6858,66.067
0.0554923,0.116673,0.0817943,27.7073,10.7321,66.0708
0.0603033,0.0567673,0.156222,19.9242,11.2855,66.0709
0.0584353,0.00395819,0.0849136,23.2013,11.3962,66.0764
0.0580901,0.120623,0.149411,22.5299,12.0914,66.0767
0.0590086,0.082486,0.110486,21.8634,10.237,66.0805
0.0561466,0.0644047,0.106225,26.0244,12.3482,66.0823
0.0561611,0.0680228,0.103468,26.0941,13.4709,66.0831
0.0564619,0.00555597,0.0951628,26.9311,13.4156,66.0858
0.0538385,0.130141,0.0964251,30.4767,12.8024,66.0878
0.0545998,0.0724717,0.0788313,29.5414,11.709,66.0888
0.0547267,0.0416774,0.0917128,29.0277,13.888,66.0916
0.0608576,0.00207081,0.0944056,19.381,10.721,66.0963
0.0605576,0.0283106,0.159733,19.9444,12.2765,66.0984
0.0601885,0.0088425,0.102148,20.9087,10.9247,66.1036
0.0526395,0.18138,0.0969208,32.965,12.6744,66.1043
0.0570497,0.0958811,0.139518,24.7335,13.3001,66.1054
0.0554859,0.102332,0.0948446,27.8214,12.8082,66.1108
0.0612985,0.0215493,0.136115,18.1642,12.4459,66.113
0.0582333,0.0995955,0.158716,22.8399,13.7275,66.1136
0.0558786,0.0618285,0.068735,27.7687,10.7429,66.1195
0.0564176,0.114121,0.117055,25.2665,12.9149,66.1207
0.056913,0.0367841,0.0794697,25.3421,10.99,66.1209
0.0571419,0.0827628,0.111289,24.8201,11.6546,66.1232
0.06128,0.0292529,0.141873,18.1408,12.4396,66.1336
0.0554804,0.0152409,0.0819422,28.5432,12.3217,66.1368
0.0579987,0.0517202,0.0936295,23.5289,11.2301,66.1372
0.057562,0.0355003,0.0831093,24.9493,11.0304,66.1389
0.054953,0.106144,0.0929118,28.7627,11.3597,66.1395
0.0579279,0.0522941,0.138296,23.5187,14.2771,66.1396
0.0548258,0.125827,0.117052,28.1002,13.2263,66.1457
0.0549448,0.00145959,0.0817256,29.1357,13.2028,66.146
0.0594098,0.0915134,0.16347,20.2272,12.8854,66.1461
0.0597731,0.0450801,0.115995,20.8687,10.3071,66.1474
0.0619225,0.0100642,0.16466,17.2149,12.2998,66.1476
0.0611897,0.0368272,0.119919,18.1034,10.0453,66.1651
0.0571408,0.0860075,0.145724,24.1183,14.4808,66.167
0.060498,0.0470455,0.138767,19.0922,11.8446,66.1724
0.0586402,0.0217726,0.14809,22.2918,14.5591,66.1753
0.056423,0.114682,0.129767,25.2316,13.1249,66.1757
0.0548855,0.109865,0.122302,28.6643,14.6467,66.176
0.0569373,0.117138,0.134256,24.3516,12.6608,66.1766
0.0594746,0.00460913,0.103879,21.3897,12.5842,66.1779
0.0604184,0.0323259,0.163137,19.0246,12.4686,66.178
0.0588547,0.0212961,0.0977868,22.653,12.0972,66.1793
0.0555262,0.111212,0.0877469,27.5609,11.7942,66.1802
0.0612981,0.0327272,0.151115,18.5066,12.6034,66.1805
0.0594755,0.0867502,0.154375,20.6054,11.8372,66.1819
0.0571239,0.100818,0.128052,24.3874,13.0227,66.1824
0.0580364,0.0531566,0.0905613,23.8113,11.2617,66.1834
0.061852,0.0251262,0.163771,17.0925,12.7713,66.1834
0.0585047,0.0622113,0.103367,22.3804,11.8587,66.1878
0.0541381,0.159728,0.109009,29.76,12.9059,66.1895
0.060578,0.0157476,0.153941,19.4276,12.1589,66.1948
0.0578563,0.0537568,0.156826,23.5322,14.4038,66.2016
0.0565203,0.09679,0.152362,25.6121,14.9739,66.2016
0.0573538,0.0437971,0.128426,24.0696,13.3406,66.203
0.0576757,0.0120856,0.0757684,24.6205,10.9195,66.2051
0.0594424,0.0842498,0.144967,20.4667,11.356,66.2099
0.0559604,0.106691,0.116836,26.335,12.4982,66.2196
0.0588015,0.0874832,0.157396,21.092,12.9334,66.2203
0.059697,0.0671105,0.137772,20.0847,12.9506,66.2222
0.0590692,0.0480991,0.154614,21.4047,13.906,66.2288
0.0545952,0.163477,0.11412,28.7397,12.2133,66.2318
0.0560521,0.0330232,0.0620453,27.7686,9.29639,66.2345
0.0587624,0.105269,0.165694,21.3808,12.4776,66.2352
0.0542076,0.0688145,0.0747112,30.5821,12.7538,66.2364
0.0585727,0.12452,0.155047,21.3362,11.0484,66.2408
0.0585537,0.0647184,0.116904,22.0763,12.569,66.242
0.0548258,0.0407383,0.0697343,29.1864,11.8595,66.2435
0.0586026,0.0349412,0.124358,22.6432,13.9134,66.2477
0.0597343,0.039337,0.165376,20.2263,13.753,66.2496
0.0583363,0.0713305,0.150315,22.1374,13.0339,66.2523
0.0599647,0.0416539,0.103276,20.9094,10.4915,66.2528
0.060068,0.0975069,0.163206,19.3559,11.9795,66.2568
0.0570895,0.110598,0.0986362,24.9532,10.7007,66.2583
0.0612562,0.0340632,0.127467,18.2556,11.9972,66.2603
0.0558195,0.12828,0.135123,26.6064,13.5038,66.2608
0.0545899,0.0153312,0.0589488,30.7772,11.5311,66.2614
0.059461,0.0278777,0.100281,21.6247,11.7596,66.2625
0.0553287,0.0300115,0.0953384,28.739,13.0136,66.2629
0.0580611,0.0182324,0.127292,23.7969,13.6274,66.2649
0.0584749,0.0635027,0.154402,22.6651,13.0816,66.2678
0.0551438,0.0585159,0.094785,28.7071,13.9986,66.2678
0.0581,0.0391575,0.105962,23.6509,13.2486,66.2705
0.058142,0.105585,0.154197,22.5587,12.0469,66.2752
0.0551414,0.0961657,0.0734575,28.4595,10.1608,66.2752
0.0568017,0.0496695,0.104414,25.8644,13.5929,66.284
0.0618098,0.0375062,0.135935,17.3415,10.3706,66.2844
0.0576195,0.108168,0.107911,23.0509,10.7348,66.2889
0.0594114,0.100425,0.164788,20.2382,12.9922,66.2908
0.0577663,0.0832763,0.163226,23.0153,14.224,66.296
0.0555472,0.00841712,0.0694099,28.6033,12.0352,66.2962
0.053471,0.123275,0.0789099,31.4882,11.6004,66.2972
0.0552637,0.034722,0.103273,28.1229,14.0894,66.2988
0.0550857,0.0976639,0.0781355,28.3342,11.4268,66.3013
0.0585565,0.0348908,0.158564,22.4101,14.4304,66.3044
0.0585054,0.0667523,0.163178,22.5444,14.8384,66.305
0.0543688,0.0187797,0.0807163,30.1422,13.8803,66.3055
0.0605122,0.0361331,0.146364,19.9731,11.8544,66.3055
0.0604148,0.0585081,0.14623,19.8979,12.7287,66.3074
0.0537118,0.152891,0.0885448,30.3375,11.7655,66.3108
0.0580917,0.0211288,0.110809,23.6936,13.0126,66.3164
0.0555147,0.021669,0.0653188,28.2355,11.0206,66.3189
0.0572358,0.00288146,0.0806198,25.6769,12.2341,66.3198
0.0539901,0.189976,0.113329,29.9164,12.1302,66.3213
0.0635354,0.00428823,0.154695,15.0082,11.9199,66.3281
0.0552202,0.144864,0.130784,27.4534,13.8293,66.329
0.0562587,0.0566979,0.079184,26.3419,10.1895,66.3362
0.0588025,0.0324116,0.104724,22.0946,12.4637,66.3362
0.0634838,0.00317631,0.16086,15.0506,11.0312,66.3368
0.0574306,0.129341,0.151913,23.1323,12.9628,66.3374
0.0535473,0.103021,0.0771937,31.3244,12.0647,66.3397
0.0620891,0.0188466,0.149568,17.312,12.567,66.3408
0.0593634,0.032317,0.142113,21.5841,13.9625,66.3412
0.0604883,0.0196793,0.164721,19.0988,13.1232,66.3425
0.0573813,0.0410978,0.112983,24.962,13.159,66.3467
0.0583091,0.0177425,0.0728978,23.0429,9.41017,66.3473
0.0527937,0.157503,0.0823647,32.2029,11.3501,66.3483
0.0584151,0.0542602,0.133934,22.5457,12.9896,66.3484
0.058264,0.0921975,0.149472,22.3089,13.8017,66.3484
0.0561373,0.0849911,0.110638,26.5562,13.2357,66.3489
0.0549292,0.00789404,0.0797409,29.6635,12.6084,66.3534
0.0592225,0.0551635,0.0959781,21.0323,10.4174,66.3561
0.0538771,0.0551804,0.0618432,31.1216,11.931,66.3601
0.0579709,0.0326542,0.140912,23.1839,14.3556,66.3649
0.0566623,0.0644619,0.131933,25.839,14.1214,66.3661
0.0559669,0.118533,0.105103,26.6208,12.4939,66.3662
0.0605844,0.0163413,0.117367,19.8036,10.5108,66.3669
0.0597692,0.033264,0.128337,20.1022,11.4392,66.3671
0.0553241,0.0499603,0.0769164,28.7887,12.6736,66.3736
0.0575066,0.0569924,0.0766655,24.4615,9.89168,66.377
0.060042,0.0032049,0.131342,20.93,13.1163,66.3807
0.0574569,0.0560332,0.105417,24.1672,12.9197,66.3811
0.0576201,0.0249762,0.0950313,24.1905,13.6579,66.3823
0.0589223,0.071943,0.134368,21.3492,11.3199,66.3826
0.05804,0.127293,0.152349,22.3444,12.5733,66.3862
0.0561906,0.0818107,0.0829214,26.1994,11.3547,66.387
0.0607275,0.0241368,0.126647,19.9818,12.8699,66.3885
0.0570792,0.0865717,0.122954,24.9632,12.3362,66.3899
0.0551902,0.0486005,0.108372,28.8236,14.3146,66.3946
0.0605257,0.0308646,0.144621,19.1719,11.1919,66.3964
0.0577929,0.0760198,0.0978091,23.5743,10.5719,66.3974
0.0551285,0.157169,0.133536,27.3469,13.5803,66.3983
0.0562866,0.0582492,0.0962118,26.0119,13.0619,66.3986
0.0554117,0.103247,0.111174,27.0587,13.273,66.3998
0.0566304,0.0713571,0.128655,25.3362,13.6387,66.4022
0.0613893,0.0157715,0.124676,18.3405,10.3413,66.4036
0.0541432,0.169696,0.106469,29.0352,12.0912,66.4037
0.0578391,0.0601709,0.146537,23.7642,13.0326,66.4112
0.0554898,0.0111938,0.0829459,28.523,13.0541,66.413
0.0608226,0.0154234,0.10093,19.7106,10.7434,66.4142
0.0543828,0.108843,0.100786,29.241,13.9644,66.4173
0.0552313,0.152412,0.0968957,27.9849,11.8067,66.4176
0.0553483,0.109839,0.12256,27.2079,13.1989,66.4189
0.0536085,0.107845,0.0667414,31.4068,10.7995,66.4197
0.0578984,0.0624289,0.0998508,23.3037,10.8662,66.4207
0.0592091,0.12516,0.165438,20.1564,11.4722,66.4215
0.060817,0.00251468,0.159172,19.1775,14.5226,66.4245
0.0583279,0.0761504,0.127291,22.4534,11.2226,66.4251
0.0622578,0.00278609,0.113742,17.2754,10.0935,66.4259
0.05407,0.0765928,0.0821678,30.4938,12.8416,66.4272
0.0589586,0.0134168,0.0950495,22.54,11.407,66.4279
0.0568269,0.0398414,0.106173,25.1494,13.7649,66.4282
0.0554514,0.016719,0.0816252,28.6574,13.4686,66.4291
0.0593838,0.0335107,0.0882134,21.141,10.2792,66.4319
0.0556983,0.0163463,0.0563575,28.3043,9.60923,66.4329
0.0606848,0.0228166,0.122378,19.5162,12.0265,66.4353
0.0545845,0.172399,0.105007,28.3902,11.7315,66.4383
0.052401,0.141406,0.0820306,33.5064,12.7688,66.4412
0.0581539,0.116997,0.132822,22.1905,11.2265,66.4424
0.0547681,0.125817,0.130028,28.8477,14.1328,66.4471
0.0555858,0.170266,0.133973,26.1093,12.1108,66.4479
0.0573992,0.0433469,0.132803,24.953,13.1623,66.4514
0.0574219,0.12812,0.143103,23.4248,12.7849,66.4522
0.0569785,0.108948,0.124173,24.7142,12.9787,66.4562
0.0524826,0.0640365,0.0586352,34.2232,11.9216,66.4602
0.0591946,0.0376583,0.159943,21.7643,13.0665,66.4647
0.0571817,0.00412486,0.077162,25.7554,12.713,66.4692
0.0532439,0.0581033,0.0729199,32.7049,12.1948,66.4693
0.0530777,0.0114456,0.0638682,33.5264,12.3927,66.4722
0.0596291,0.0456565,0.155648,20.1392,12.3093,66.4723
0.0635503,0.0116887,0.144883,15.2042,10.2759,66.4742
0.054148,0.0265279,0.0521323,31.3086,10.2205,66.4758
0.0556727,0.150643,0.1285,26.6897,12.8563,66.4763
0.0600436,0.0258882,0.129877,20.5472,13.8068,66.4764
0.0525285,0.124919,0.0733968,33.434,11.1179,66.4811
0.0561714,0.0533556,0.109009,26.0562,13.4032,66.4816
0.0584893,0.0426632,0.124065,22.098,12.7922,66.4845
0.0535983,0.0168861,0.0562887,32.8843,11.3544,66.4849
0.061727,0.0567273,0.1568,17.7667,11.3989,66.485
0.0554614,0.00518835,0.0930853,28.3902,14.8066,66.4862
0.0599743,0.00677625,0.11312,20.5533,11.3603,66.4871
0.0566339,0.0955081,0.0907515,25.6918,11.6587,66.4877
0.0577569,0.0888304,0.162007,23.8874,14.4204,66.4881
0.0618089,0.0458607,0.135247,17.4128,10.9376,66.4883
0.0550224,0.0870418,0.112148,28.7246,14.1696,66.4891
0.0562727,0.134773,0.128597,25.3496,12.4281,66.4904
0.0602361,0.00805228,0.107357,20.2568,11.9705,66.4927
0.056468,0.115971,0.145608,25.3923,14.3085,66.4943
0.0595853,0.0728693,0.149508,20.0438,11.4372,66.4947
0.0571915,0.0766069,0.12532,24.3636,12.4244,66.4967
0.0560309,0.0182579,0.0651286,27.1049,10.8976,66.5
0.060585,0.0261402,0.143711,19.7899,11.4925,66.5034
0.0536307,0.0153945,0.0592354,32.5456,11.2984,66.5092
0.0559093,0.0176328,0.0987446,27.5397,14.1602,66.5099
0.0602308,0.0619327,0.14343,19.7287,11.3742,66.5171
0.0588321,0.00992033,0.157104,22.0142,14.3457,66.5211
0.0607334,0.0255172,0.10297,19.3586,10.9355,66.5232
0.05698,0.0370804,0.102233,25.4804,13.4641,66.5237
0.0534162,0.0492048,0.0652801,32.4996,11.5128,66.5255
0.0582913,0.0814646,0.118363,22.9363,11.6698,66.5271
0.0614122,0.0139093,0.129373,18.4251,12.839,66.5279
0.0587028,0.043734,0.118432,22.7796,12.1046,66.5279
0.0589902,0.0565943,0.165445,21.8936,13.4333,66.5297
0.0587314,0.0248546,0.0885106,22.5631,10.7105,66.5339
0.0591169,0.0371319,0.120798,21.515,11.5448,66.5366
0.0532748,0.13911,0.100702,31.762,13.8465,66.5394
0.0567791,0.0427804,0.123655,25.6611,14.217,66.5405
0.0582245,0.0974518,0.113143,22.4985,10.9672,66.5412
0.0533854,0.135748,0.0851192,31.8159,12.355,66.5413
0.057997,0.0402731,0.163996,23.1252,15.1029,66.5415
0.0584054,0.0604053,0.164653,22.7185,14.4685,66.5424
0.0613188,0.0232668,0.135342,18.845,12.7488,66.5443
0.0599318,0.0444498,0.132991,20.655,12.9575,66.5485
0.0549579,0.08745,0.104565,28.533,13.3414,66.5493
0.0583399,0.0123708,0.098217,23.9473,12.758,66.5496
0.0586461,0.0557131,0.10634,22.3911,11.1243,66.5496
0.0594172,0.0326132,0.113364,21.7914,12.7387,66.5509
0.0563836,0.0228821,0.0983014,26.5925,12.3335,66.5513
0.0567051,0.0871717,0.0880302,25.3617,11.8572,66.5519
0.0545133,0.0830315,0.0943697,29.2346,12.4539,66.553
0.0546484,0.0978252,0.0693329,29.9295,10.4529,66.554
0.0550522,0.106219,0.0808184,28.3785,11.1832,66.5546
0.0546217,0.170874,0.108767,28.3799,12.1282,66.556
0.0606636,0.0333342,0.123618,19.342,11.1916,66.5565
0.0573549,0.0359832,0.136309,24.0978,14.3974,66.5599
0.0625734,0.029124,0.15639,16.3397,11.8534,66.5632
0.0529414,0.132616,0.0817249,32.4907,12.0213,66.564
0.0570998,0.100246,0.159267,24.3352,14.5874,66.564
0.0557824,0.0414173,0.103918,27.0609,14.0927,66.5643
0.0549685,0.119797,0.0833752,28.7183,11.3111,66.5653
0.0572783,0.054145,0.105299,24.0989,11.2463,66.5654
0.0586564,0.0467885,0.124188,22.7483,12.8722,66.5667
0.0541346,0.0158321,0.0573405,31.5455,10.104,66.5677
0.0605142,0.0171612,0.14103,19.3166,11.4325,66.5684
0.0549407,0.193743,0.129819,27.2625,12.6521,66.5688
0.0548072,0.0552148,0.0677074,29.0891,11.4734,66.571
0.0575724,0.0110704,0.137011,24.5799,14.4318,66.572
0.0564767,0.109663,0.155418,25.8082,14.7129,66.5736
0.0584726,0.0618633,0.152404,22.3626,14.5004,66.5741
0.0580907,0.0163155,0.129401,23.3926,14.1482,66.5784
0.0557165,0.0401331,0.111296,27.6807,14.165,66.5815
0.0560587,0.0156389,0.0798981,27.4975,12.9953,66.5846
0.0587692,0.00454107,0.0984594,22.5193,11.8085,66.5863
0.0553945,0.109579,0.124793,27.294,14.2883,66.5867
0.0548161,0.144965,0.0895606,28.3324,11.8661,66.5876
0.0603955,0.0601742,0.145306,19.3414,12.442,66.5893
0.0620206,0.0033749,0.163622,17.9864,11.9353,66.5898
0.0601035,0.0178244,0.0978384,20.5811,11.7981,66.5934
0.0599098,0.0184493,0.12855,20.5163,11.8407,66.5945
0.0627862,0.017011,0.130811,16.1862,10.3936,66.5977
0.0585863,0.0450757,0.142421,22.2805,14.071,66.5985
0.0606053,0.0141691,0.15554,19.4212,12.8389,66.6034
0.0569509,0.125593,0.10838,24.8767,11.933,66.6063
0.0572369,0.0589018,0.1409,24.9153,14.2355,66.6142
0.0602666,0.0611553,0.127889,19.0752,10.4286,66.6154
0.0582289,0.0879637,0.157875,22.8746,13.1383,66.6163
0.0599956,0.019845,0.115855,20.2955,12.6296,66.6261
0.0604631,0.0309435,0.141694,19.9335,12.8476,66.6268
0.053934,0.118188,0.0912269,30.1489,12.7463,66.6294
0.0540015,0.185156,0.115318,29.7686,12.4871,66.6331
0.0566492,0.0899133,0.122995,25.9378,13.8583,66.6349
0.0586284,0.031017,0.120128,22.1721,13.3928,66.6366
0.0552491,0.127684,0.115533,27.1449,12.0638,66.6369
0.0530772,0.0141424,0.0644573,33.2267,12.5398,66.6376
0.0582675,0.0948936,0.147468,22.9172,13.0868,66.6377
0.0589781,0.0637146,0.123359,21.0183,11.076,66.6394
0.0566772,0.0934058,0.0898511,25.961,11.8274,66.6395
0.052684,0.18195,0.0825905,32.4755,11.7001,66.6411
0.0581434,0.107168,0.158291,22.7149,12.6312,66.6413
0.05418,0.0572993,0.073408,30.7269,11.828,66.6446
0.0576054,0.0353559,0.0927903,24.8906,12.8535,66.6463
0.0540506,0.180778,0.120841,29.4466,13.3481,66.6479
0.0582317,0.0850312,0.160278,22.3395,13.2894,66.6494
0.0565515,0.0980483,0.134365,25.5299,14.8694,66.6547
0.056751,0.0665234,0.120606,25.4783,14.8186,66.6554
0.0596555,0.070329,0.121761,20.9876,11.6147,66.6578
0.0553443,0.123329,0.112053,27.9032,13.3865,66.6579
0.0575445,0.112616,0.147967,23.7405,13.2038,66.6618
0.0541115,0.0993747,0.0660874,30.3454,10.6012,66.6637
0.0577503,0.0793401,0.12059,23.8754,11.7665,66.6662
0.0600244,0.031463,0.117995,20.0429,12.6585,66.6666
0.0570995,0.101572,0.126187,24.1084,13.4842,66.6674
0.0558824,0.107317,0.118778,26.7596,12.0857,66.6683
0.0618466,0.0296588,0.132749,17.6846,10.2785,66.6722
0.0578179,0.0748121,0.111017,23.6818,12.5741,66.674
0.0549987,0.0806786,0.114708,28.8032,14.1075,66.6743
0.05591,0.0121289,0.110621,27.4526,14.1034,66.6746
0.055841,0.12335,0.108754,26.59,11.7791,66.6746
0.0561243,0.0147528,0.0722871,27.4208,11.2319,66.6753
0.0567583,0.145734,0.139608,24.4038,12.4605,66.6761
0.0554493,0.0499746,0.0607687,28.3991,9.41857,66.6763
0.0582801,0.0210143,0.0881453,23.5394,10.8977,66.6766
0.0565022,0.0908134,0.120932,25.1956,12.7608,66.6816
0.0543322,0.127452,0.109925,29.099,13.7116,66.684
0.0562594,0.0841583,0.0770964,26.5687,10.843,66.6867
0.055283,0.0400793,0.101196,28.1985,14.3356,66.6869
0.0585246,0.126825,0.156946,21.0506,11.3681,66.688
0.0575475,0.0379332,0.0765963,24.3537,9.85026,66.6887
0.0580719,0.115086,0.142605,22.506,11.0813,66.693
0.0546523,0.0810507,0.0815483,29.1111,12.9789,66.6936
0.0548306,0.0224215,0.0932948,29.2622,14.192,66.6956
0.0592801,0.0520017,0.0959112,21.0413,10.0519,66.697
0.0595228,0.0870405,0.121868,20.4197,10.8187,66.6994
0.058612,0.0577727,0.0885749,22.1746,10.6782,66.7004
0.0580207,0.0275544,0.11896,23.1651,12.5159,66.7022
0.0577595,0.0644009,0.114662,23.4977,11.361,66.7026
0.0576105,0.0119901,0.0838145,24.5319,11.9488,66.7059
0.0593272,0.0254233,0.100621,21.525,11.2174,66.7075
0.0548863,0.118898,0.105144,28.4031,12.2875,66.7082
0.0541586,0.146009,0.117788,29.9812,13.7676,66.7106
0.0589529,0.0915403,0.12568,21.7001,11.772,66.7122
0.0582404,0.076132,0.141562,22.2038,12.5989,66.714
0.0565028,0.0976131,0.123931,25.8278,12.0999,66.7144
0.0604435,0.0216541,0.162935,19.9883,12.7725,66.7148
0.0604281,0.0494128,0.123404,19.9868,11.6705,66.7152
0.0602634,0.0700202,0.150654,19.2782,12.8241,66.7167
0.0563907,0.1234,0.158161,25.8187,14.2693,66.7171
0.0583203,0.070712,0.16022,22.5272,13.9739,66.7183
0.062259,0.00279478,0.133577,17.894,11.1333,66.7188
0.0613149,0.00672708,0.158061,18.8636,13.6483,66.7195
0.057086,0.0872068,0.131985,24.0709,13.9294,66.72
0.0557094,0.088307,0.0757641,27.0282,10.528,66.7202
0.0540708,0.0234916,0.0567734,31.134,11.4871,66.7208
0.0556839,0.053119,0.110995,27.1057,13.2625,66.7246
0.0552875,0.124579,0.145516,27.7611,14.6652,66.7249
0.0599367,0.0186383,0.112014,20.8176,11.7702,66.7256
0.0582162,0.0950463,0.120328,22.8712,11.9845,66.7267
0.0541427,0.155242,0.132136,29.2648,14.4929,66.7292
0.0544127,0.0366821,0.0692701,30.9171,12.8356,66.7298
0.059931,0.0366201,0.144125,20.1263,12.5934,66.73
0.0602366,0.00838059,0.111291,20.2459,12.0062,66.7301
0.0583318,0.0937255,0.14604,22.4632,13.7867,66.7326
0.0626408,0.0223509,0.137276,16.6324,10.7443,66.7363
0.0541513,0.160276,0.0923096,29.1913,11.0823,66.7411
0.0576505,0.0359008,0.0843904,24.035,11.3953,66.7429
0.057248,0.0600132,0.107989,24.5466,11.7345,66.743
0.059167,0.0402406,0.107679,21.0796,10.383,66.7445
0.0547253,0.0601128,0.080147,29.7892,11.905,66.7521
0.0582298,0.105392,0.132176,22.7952,11.0206,66.7521
0.0553847,0.124106,0.086634,27.7805,10.9396,66.7524
0.0563289,0.140951,0.142241,25.5633,13.7737,66.7537
0.056286,0.129198,0.128697,25.3275,12.4505,66.7567
0.0526111,0.0995772,0.0690642,33.6688,11.426,66.7571
0.0516432,0.135522,0.0649868,35.5929,11.0545,66.7574
0.0611376,0.0141836,0.161394,18.9989,12.6494,66.7607
0.0577157,0.0730899,0.123867,23.1575,12.8534,66.7626
0.0560568,0.0221297,0.0645654,27.8563,9.068,66.7643
0.0571483,0.0926032,0.0999778,24.5842,10.0969,66.7651
0.0549916,0.109814,0.0901284,28.8532,12.2192,66.766
0.0590738,0.0469405,0.164241,21.9552,13.2754,66.766
0.0556319,0.0911442,0.0742356,27.3562,10.4007,66.767
0.0548646,0.030419,0.080494,29.3515,13.3727,66.7679
0.0571804,0.0213106,0.073526,25.0485,11.4857,66.7695
0.0566567,0.0747773,0.110142,25.137,13.8397,66.7699
0.0575965,0.10012,0.142842,23.4744,12.4183,66.7722
0.059577,0.0743974,0.128161,20.0086,11.241,66.774
0.0563711,0.030863,0.0916312,26.9397,13.0485,66.7753
0.054626,0.163897,0.0971679,28.1966,11.2322,66.7759
0.056826,0.0635962,0.105252,25.5226,12.9816,66.7761
0.0577823,0.0722342,0.106209,23.2104,11.9732,66.7826
0.0564404,0.00562543,0.0960662,26.2958,13.3249,66.7831
0.0596808,0.0754952,0.113045,20.6525,10.4629,66.7864
0.0549604,0.107782,0.10361,28.7542,13.6576,66.7865
0.0535285,0.190069,0.120044,30.9532,13.5908,66.7944
0.0546762,0.0551551,0.099539,29.5581,14.8366,66.7951
0.0625615,0.0181489,0.165091,16.278,11.4599,66.7951
0.053913,0.0220831,0.0741298,31.4461,12.4641,66.7975
0.0560123,0.182605,0.144557,25.1981,12.4506,66.7979
0.0607065,0.0118773,0.138753,19.3791,11.9975,66.8002
0.0574631,0.0283674,0.105415,24.2984,13.403,66.8008
0.0610469,0.0391333,0.143555,18.9824,11.0094,66.8017
0.0585126,0.0496993,0.120995,22.6969,11.4412,66.802
0.0584579,0.078389,0.105177,22.5957,11.6758,66.806
0.0559749,0.187551,0.151325,25.0917,12.1151,66.8076
0.0592097,0.0223855,0.142599,21.713,13.945,66.8081
0.0571297,0.00269069,0.0796269,25.4361,10.1526,66.8094
0.0587205,0.0928587,0.165339,21.8684,12.2333,66.8103
0.0554116,0.100472,0.124291,27.3872,13.0598,66.812
0.0573101,0.0620373,0.0878855,24.6372,10.294,66.8129
0.06019,0.0112583,0.109099,20.1341,12.3438,66.8146
0.0563428,0.0335782,0.105251,26.9481,14.0185,66.8159
0.0590129,0.0519925,0.123699,21.0813,11.9887,66.8173
0.058632,0.0411053,0.118259,22.5639,11.3329,66.8184
0.0580465,0.0163406,0.126635,23.4765,13.0867,66.8227
0.0589215,0.0129211,0.0928524,22.6613,10.774,66.8291
0.0596308,0.0722896,0.113589,20.1067,10.6279,66.8298
0.0634497,0.0142104,0.159663,15.1776,11.2024,66.8326
0.0618639,0.0317839,0.140192,17.8435,11.3971,66.8327
0.0584281,0.079515,0.135187,22.8161,13.0542,66.8328
0.0568914,0.0198421,0.117724,25.2582,14.416,66.8374
0.0537101,0.1511,0.0911154,30.1186,11.3321,66.8375
0.0613216,0.0218459,0.129863,18.8077,10.5385,66.8381
0.0562589,0.137985,0.151621,25.8881,13.0923,66.8384
0.0571441,0.0735894,0.111236,24.2587,11.7015,66.8392
0.0586838,0.0431494,0.0863486,22.8752,10.6399,66.8394
0.0584676,0.0631466,0.151243,22.2859,14.4903,66.8418
0.056414,0.0464276,0.0813218,26.9792,12.359,66.8419
0.0587888,0.107839,0.148627,21.2385,12.2087,66.8429
0.0566842,0.0141594,0.0707023,26.2784,11.4086,66.8442
0.0582554,0.105533,0.127014,22.4475,11.9185,66.8446
0.0600257,0.101684,0.157234,19.3083,11.3782,66.8453
0.0606449,0.0143778,0.139898,19.2079,11.8764,66.8466
0.0518739,0.157159,0.0842835,34.7812,12.4776,66.8472
0.0581628,0.111518,0.13777,22.5827,11.1048,66.8474
0.0613701,0.015512,0.128666,18.9878,10.543,66.8492
0.0568302,0.0451929,0.139439,25.3235,14.0863,66.8499
0.0530366,0.116098,0.0783085,32.9862,12.2713,66.8501
0.0547019,0.156371,0.0922689,28.5206,11.7022,66.8502
0.0608157,0.0144343,0.0956277,19.0134,10.6069,66.8504
0.0566926,0.0954481,0.0875446,25.8148,10.778,66.8517
0.0546121,0.0982711,0.0736572,29.5656,10.8778,66.8518
0.0561784,0.152345,0.154158,25.1027,13.2907,66.8529
0.0551137,0.0952771,0.0762394,28.5971,11.6359,66.8533
0.0531582,0.172291,0.101364,31.3716,12.0536,66.8553
0.0556542,0.150736,0.123594,26.6757,12.5678,66.8576
0.0569758,0.0127447,0.098561,25.8835,13.4325,66.8578
0.0557445,0.13487,0.141889,26.5203,13.541,66.8638
0.0556932,0.0416436,0.111764,27.0886,14.1934,66.868
0.0603562,0.0636826,0.146204,19.294,12.5369,66.8718
0.0567928,0.0562633,0.113934,25.1383,14.4931,66.8769
0.0633684,0.0271646,0.153403,15.1004,10.8475,66.8783
0.0557782,0.0628545,0.080925,27.5047,12.9052,66.8784
0.0564823,0.0940923,0.109597,25.4471,11.818,66.8786
0.0557137,0.0562953,0.10457,27.4668,14.1316,66.8797
0.0581297,0.00749068,0.102793,23.9813,12.7991,66.8822
0.0581486,0.0135751,0.0852296,23.3782,10.4277,66.8833
0.0547322,0.0668241,0.0757819,29.1544,12.6672,66.8833
0.0527726,0.098496,0.0598805,33.1446,10.2654,66.885
0.0546916,0.0550555,0.0789753,29.056,12.5689,66.8855
0.0572488,0.0205159,0.068,25.4949,10.7049,66.8861
0.0543675,0.030998,0.0790515,30.9257,13.1074,66.8879
0.0583145,0.0233029,0.0737946,23.0324,10.811,66.888
0.0531817,0.167344,0.0891653,31.3399,11.2517,66.8885
0.057461,0.0359426,0.0826838,24.5612,10.3901,66.889
0.0618384,0.0232185,0.136003,17.5447,10.6511,66.8902
0.0582224,0.0180173,0.0891142,23.4557,12.1859,66.8983
0.0557619,0.139015,0.112882,26.8913,11.5552,66.8992
0.0587599,0.0367887,0.115438,22.0426,12.255,66.9008
0.0580527,0.113261,0.149241,22.2757,12.0799,66.9016
0.0529509,0.216607,0.104217,31.7169,12.7611,66.9024
0.0552441,0.155075,0.102464,27.587,11.6482,66.9033
0.0596797,0.0530012,0.116474,20.0025,10.0226,66.9036
0.0584486,0.0560731,0.137905,22.5563,12.5729,66.9047
0.0603142,0.0471099,0.155469,19.4324,11.2349,66.9064
0.0563248,0.0357945,0.102243,26.3791,12.889,66.9066
0.0588143,0.0803468,0.161698,21.7049,12.4344,66.9071
0.0527405,0.0818751,0.0689877,33.337,12.0738,66.9097
0.0525513,0.111983,0.0743415,33.9065,12.4677,66.9103
0.0571836,0.00560099,0.0675838,25.3047,9.39812,66.9131
0.0544301,0.109887,0.0863593,29.8981,12.9428,66.9142
0.0550957,0.158452,0.124877,27.2707,12.3318,66.9186
0.0606875,0.0316072,0.123253,19.4401,11.2356,66.9189
0.0572006,0.0955073,0.0950312,24.4594,11.7211,66.9192
0.0557142,0.139667,0.110041,26.0901,11.538,66.9218
0.0569929,0.0291388,0.113083,25.3684,14.6448,66.9284
0.0600559,0.0313452,0.121338,20.285,12.0854,66.9287
0.0582126,0.0128001,0.080931,23.193,10.8875,66.9291
0.061047,0.0356353,0.145166,18.8658,11.7929,66.9292
0.0559882,0.112226,0.0924127,26.7835,10.5403,66.9308
0.0569898,0.124967,0.120344,24.4245,12.3936,66.9309
0.0513057,0.115017,0.0618433,36.6262,11.0116,66.9325
0.0593771,0.0338577,0.106958,21.2531,12.6108,66.9325
0.0596363,0.0479669,0.161736,20.713,12.037,66.9335
0.0569668,0.117928,0.108914,24.0539,11.7889,66.9339
0.0547165,0.0169624,0.0515428,30.4039,9.35652,66.934
0.0559731,0.04217,0.0728542,27.2929,11.7976,66.9342
0.0522965,0.159223,0.0899583,33.7021,12.5795,66.9353
0.0543972,0.104634,0.100078,29.4728,12.0128,66.9386
0.0547285,0.0433205,0.0949243,29.2354,13.7495,66.9387
0.052329,0.0703265,0.0701936,34.5447,12.0384,66.9389
0.0552437,0.0358371,0.0995843,28.0415,13.8861,66.9393
0.0561975,0.152507,0.147007,25.6012,13.5713,66.9415
0.0563285,0.071359,0.0791629,26.0062,10.3263,66.9424
0.0574926,0.0221528,0.10029,24.3465,11.9874,66.9435
0.0571681,0.0724292,0.103207,24.3389,11.9951,66.9459
0.055716,0.0747793,0.0898131,27.3589,12.5614,66.9462
0.0552811,0.0372971,0.0847134,28.7516,13.0371,66.9466
0.0574012,0.0443713,0.150376,24.5632,15.858,66.9495
0.0570565,0.110723,0.151865,24.4232,14.8917,66.9527
0.0601862,0.017057,0.107864,20.8306,11.484,66.9561
0.0565463,0.0182702,0.0825721,26.2106,13.684,66.9585
0.0580979,0.10386,0.137077,22.3597,11.5342,66.9614
0.0570447,0.0416841,0.0771174,25.5538,11.1266,66.9645
0.058985,0.0843525,0.130573,21.0279,12.5531,66.9712
0.0584395,0.143316,0.166166,21.6976,11.8153,66.9727
0.0632967,0.0368167,0.164363,15.1221,10.016,66.9741
0.0573147,0.0802216,0.109125,24.1001,12.3118,66.9752
0.057142,0.0114217,0.0809218,25.9252,10.0524,66.9753
0.0605718,0.0150357,0.140188,19.5506,11.9344,66.9754
0.0570348,0.0947618,0.148627,24.6085,13.9611,66.9758
0.0611898,0.0409568,0.128163,18.641,11.8757,66.976
0.0584299,0.0653986,0.160856,22.0892,13.7696,66.9762
0.0586732,0.120955,0.158133,21.9,12.8719,66.9802
0.0587536,0.00947853,0.130683,22.6251,14.2611,66.9855
0.0521166,0.0261518,0.0615403,35.4948,12.8309,66.9883
0.0533741,0.0582193,0.0581989,32.0659,10.8889,66.9904
0.0593279,0.0310332,0.0984128,21.5209,11.3369,66.9904
0.0600585,0.0184814,0.122116,20.7148,13.8881,66.9944
0.0591523,0.0350866,0.12627,21.4733,11.196,66.9957
0.0541074,0.0676207,0.10006,30.9845,14.1248,66.9963
0.0515978,0.0656486,0.0544977,36.8567,11.135,66.9975
0.0517842,0.175275,0.0856954,34.5446,12.8493,66.9988
0.0545833,0.0292731,0.0587712,30.2844,10.9193,66.9993
0.0533497,0.0571553,0.0670261,32.7185,12.7555,67.001
0.0588347,0.0701365,0.155774,21.2368,12.2269,67.0017
0.0601349,0.0217922,0.122662,20.5374,12.3086,67.0025
0.055992,0.0126652,0.095131,27.042,13.3938,67.0061
0.0547096,0.136417,0.140825,28.9525,14.6441,67.0069
0.0562698,0.129934,0.129308,25.7626,12.2998,67.007
0.0585072,0.0679181,0.0912535,22.4898,9.95505,67.0074
0.0531148,0.188983,0.0945378,31.1993,12.373,67.0108
0.0602445,0.0824329,0.14638,19.1867,11.1798,67.0123
0.0589265,0.0942794,0.121918,21.0915,11.5849,67.013
0.0595074,0.0774543,0.148969,20.3177,12.5367,67.014
0.0551342,0.0815479,0.0787606,28.7938,10.9116,67.014
0.0556939,0.0522342,0.111482,27.5649,13.6685,67.0152
0.0541157,0.0308812,0.0526839,31.0247,9.01295,67.0163
0.0600646,0.0145497,0.143358,20.2056,12.3934,67.0163
0.0537249,0.142313,0.118935,30.7948,14.0865,67.0167
0.0525105,0.207484,0.0992694,32.13,12.9949,67.0183
0.0577771,0.0171488,0.0736528,24.0842,9.48344,67.0189
0.0594808,0.0166215,0.144903,21.1558,14.666,67.0192
0.0574789,0.133632,0.129911,23.4197,11.5109,67.0211
0.0529512,0.12093,0.0915835,32.2825,13.5631,67.0222
0.0575259,0.0116815,0.106315,24.5703,13.9361,67.0233
0.0585457,0.0502489,0.142842,22.4712,14.9518,67.0245
0.0607418,0.0142062,0.10212,19.7342,9.18582,67.0266
0.0589228,0.0956451,0.132276,21.1387,11.9301,67.0273
0.0564335,0.0486218,0.067988,26.512,9.92845,67.0275
0.0600323,0.0225061,0.0933716,20.9056,10.3069,67.0279
0.056099,0.0671822,0.121907,26.3899,13.6007,67.028
0.0597333,0.0617434,0.14932,20.7948,13.7341,67.0299
0.0546242,0.0620974,0.108145,29.9237,14.0952,67.0308
0.0520105,0.0529965,0.0569342,35.0727,11.6161,67.0322
0.0575011,0.0292995,0.146642,24.9579,14.7078,67.0327
0.0582694,0.0121711,0.123226,23.5155,14.6024,67.037
0.053513,0.192074,0.0963722,30.8433,11.3402,67.0377
0.0561818,0.0525255,0.0924002,26.2948,11.7712,67.0406
0.0625648,0.0265208,0.143868,16.1267,10.1989,67.0417
0.056801,0.0649079,0.0981685,25.5552,13.8465,67.0434
0.0570512,0.102296,0.148636,24.8597,14.3157,67.0449
0.0546321,0.154393,0.0996287,28.5852,11.8223,67.0476
0.0601656,0.0858341,0.164983,19.86,11.8159,67.0482
0.0562125,0.161009,0.132015,25.3332,12.0171,67.0483
0.0535768,0.180979,0.109917,30.7473,12.7828,67.0488
0.0550454,0.0210879,0.0577657,29.8379,9.59215,67.051
0.0530094,0.0116274,0.0670707,33.2493,12.4686,67.0532
0.0556046,0.0767269,0.105863,27.0698,12.8634,67.0553
0.0563045,0.0411168,0.115631,26.522,13.1247,67.0575
0.055972,0.184985,0.14993,25.4264,12.5874,67.0588
0.053815,0.136791,0.0994595,30.3289,13.4909,67.0591
0.0552729,0.130908,0.116851,27.7887,13.4091,67.0596
0.0557943,0.137854,0.144463,26.2896,14.8234,67.0608
0.0594251,0.0793966,0.163623,20.1869,12.5909,67.0608
0.0592782,0.0374669,0.140128,21.8292,12.239,67.0611
0.058843,0.0687474,0.153458,21.9247,12.354,67.0611
0.0615438,0.00316957,0.129889,18.7941,11.3076,67.0619
0.0569216,0.116372,0.114821,24.9498,11.14,67.0622
0.0577627,0.0755892,0.100522,23.405,10.1638,67.0626
0.0532239,0.175003,0.0815251,31.0084,11.7771,67.0655
0.0611888,0.0328782,0.160697,18.0641,13.5135,67.0672
0.059226,0.0506331,0.154365,21.1291,14.4029,67.0687
0.0596422,0.0726593,0.158383,20.6156,13.2351,67.0694
0.0617867,0.0441962,0.132719,17.6773,10.2966,67.0701
0.0574109,0.0554315,0.114496,24.6094,12.9976,67.0737
0.0596336,0.0760207,0.161754,20.7509,13.1833,67.074
0.0548796,0.120136,0.0854961,28.8302,11.5039,67.0776
0.0591705,0.0640361,0.146476,21.6672,13.3826,67.0777
0.0603299,0.0515804,0.132017,19.1714,10.3368,67.0804
0.0561927,0.00272238,0.0626605,27.7013,11.5408,67.0818
0.059893,0.0139473,0.163187,20.8163,13.36,67.0845
0.0568282,0.132893,0.164452,24.5807,13.7363,67.0846
0.0571464,0.0750397,0.160935,24.9364,14.9732,67.0848
0.0568256,0.0768117,0.0766476,25.6472,10.9838,67.0886
0.0568505,0.0379474,0.139447,25.2267,14.9767,67.0897
0.054464,0.100099,0.0888734,29.9083,11.4462,67.0903
0.0587407,0.034012,0.088185,22.0482,9.99872,67.0955
