beta,permeability,xi,init_days,delay,value
0.0445746,0.767961,0.0513728,0.0203335,15.338,26.8255
0.0445027,0.772109,0.0523814,0.537318,15.931,26.8272
0.0445977,0.769002,0.05097,0.300565,15.3164,26.8343
0.0440333,0.765529,0.0507426,1.40615,16.4396,26.845
0.0445072,0.769916,0.0527828,0.935825,15.931,26.8471
0.0447167,0.744325,0.0502349,0.265233,15.5881,26.8492
0.0445734,0.761251,0.0523013,0.111595,15.5104,26.8514
0.0437111,0.802393,0.0502319,1.45802,15.9066,26.8524
0.0446081,0.757462,0.0511546,0.179087,15.4118,26.8531
0.0444325,0.785594,0.0523586,0.353944,15.8508,26.8554
0.0447314,0.741687,0.0501654,0.237831,15.4984,26.8578
0.0450217,0.719831,0.0504684,0.184893,16.9639,26.8614
0.0447546,0.741578,0.0507594,0.311427,15.789,26.8621
0.0435594,0.814412,0.0517228,1.92321,15.4199,26.8622
0.0439979,0.775681,0.0503631,1.55048,16.4593,26.8637
0.0440361,0.761209,0.0508161,1.86216,16.2681,26.8659
0.0449435,0.733652,0.050569,0.662686,16.3237,26.8668
0.0445437,0.762002,0.0527534,0.335216,15.4634,26.868
0.0430523,0.818888,0.0501666,2.57342,16.6511,26.8702
0.0447864,0.744954,0.0530822,0.14205,16.4763,26.8702
0.0449121,0.729657,0.0519318,0.239608,16.5664,26.8707
0.0440912,0.752909,0.0503868,1.11036,16.029,26.8708
0.044442,0.774983,0.0538705,0.658875,15.6487,26.8708
0.0439019,0.777661,0.0517902,1.77268,16.7704,26.8719
0.0427831,0.845773,0.0501679,2.49046,15.7033,26.8721
0.0448938,0.730786,0.0523643,0.299036,16.7034,26.8724
0.0439315,0.771861,0.052222,1.14519,16.9881,26.8745
0.044546,0.776615,0.0515066,0.399702,15.799,26.8753
0.0436864,0.803211,0.0508903,1.7163,15.6187,26.8755
0.0438993,0.785339,0.0509867,1.99471,16.0847,26.8794
0.0422258,0.854895,0.0501828,3.37066,16.3136,26.8797
0.043789,0.788845,0.050283,1.9687,15.6101,26.8798
0.0446913,0.74357,0.0512136,0.63418,15.3111,26.88
0.0444991,0.786803,0.0503727,0.223563,15.531,26.8813
0.0442705,0.799518,0.0548529,0.759157,15.4761,26.8814
0.0444876,0.781186,0.0509332,0.667533,15.8743,26.8815
0.043615,0.817485,0.0509342,1.79336,15.2293,26.884
0.0438565,0.787038,0.051576,1.69222,16.932,26.8842
0.0439962,0.762054,0.0507903,1.85569,16.9942,26.8845
0.0452012,0.695134,0.0505032,0.508466,16.3963,26.885
0.0448732,0.729446,0.0530757,0.791642,16.2211,26.8855
0.0437698,0.790056,0.0543943,1.66221,16.0735,26.8867
0.0451463,0.698722,0.0503799,0.0104588,16.4708,26.887
0.0438217,0.787867,0.0523865,1.74395,16.1779,26.8872
0.0444199,0.783147,0.0537641,0.151725,15.7535,26.8872
0.044361,0.788503,0.0532853,0.425791,15.9865,26.8872
0.0431104,0.809794,0.051094,2.76906,16.4931,26.8894
0.0429974,0.825163,0.0505292,2.92629,16.9984,26.8895
0.0450077,0.730324,0.0509857,0.901393,16.9354,26.8906
0.0438853,0.77444,0.0527004,1.4513,16.0901,26.8908
0.0447102,0.74027,0.050857,0.459942,15.8116,26.8913
0.0437729,0.793636,0.0538125,1.22958,16.8992,26.8914
0.045168,0.695062,0.0501971,0.590701,16.4719,26.8914
0.0428632,0.837331,0.0529616,2.20784,16.7993,26.8915
0.0444353,0.783414,0.0518377,0.0816893,15.4552,26.8921
0.0440769,0.744815,0.050441,1.50291,16.4104,26.8922
0.0442465,0.799646,0.0557028,0.245606,15.6866,26.8938
0.044107,0.744166,0.0505591,1.12005,16.7063,26.8939
0.0445574,0.706654,0.0502376,1.40824,17.6584,26.8941
0.0436522,0.802655,0.055295,1.12046,16.614,26.8944
0.0439509,0.774786,0.0503623,1.489,16.2102,26.8948
0.0440076,0.756151,0.0510785,1.76053,16.2763,26.8951
0.0437943,0.795662,0.0522492,1.77661,16.5415,26.8952
0.045013,0.720626,0.0520582,0.664733,16.4695,26.8956
0.0438863,0.774733,0.0534426,1.853,16.9127,26.896
0.0446838,0.744054,0.0517964,0.0184944,15.4169,26.8963
0.0444725,0.786568,0.0506515,0.738305,15.6104,26.8967
0.0445948,0.702608,0.0504442,1.93821,17.6714,26.897
0.0438946,0.785562,0.0523341,1.01332,16.5335,26.897
0.0444518,0.772308,0.054275,0.887323,15.3978,26.8971
0.0446133,0.695196,0.0502008,1.47118,17.2752,26.8971
0.0446936,0.76226,0.0503398,0.449596,15.4848,26.8972
0.0439789,0.758159,0.0511055,1.67739,16.9065,26.898
0.0451801,0.695928,0.0512575,0.471724,16.8917,26.8982
0.0441358,0.756271,0.050729,1.74266,16.8038,26.8982
0.0447457,0.738331,0.0513875,0.0404932,15.6025,26.8987
0.0429309,0.822528,0.0528013,2.77027,16.5804,26.8989
0.0436535,0.742046,0.0505252,2.3407,17.4738,26.8989
0.0438403,0.779333,0.052624,1.95562,16.7834,26.9003
0.0434156,0.831768,0.0538568,1.97617,15.4364,26.9004
0.0447074,0.743297,0.0520027,0.528802,15.2496,26.9009
0.0438099,0.785145,0.0527577,1.84035,16.3644,26.9011
0.0434546,0.829607,0.0533088,1.53927,15.2919,26.9012
0.0448969,0.744391,0.0511501,0.361013,16.495,26.9012
0.0441091,0.741906,0.0506644,1.80792,16.1552,26.9013
0.043775,0.789255,0.0545845,1.60947,16.9881,26.9013
0.0436363,0.739955,0.0509302,2.78746,17.0608,26.9014
0.0437903,0.796697,0.0517705,1.50516,16.4892,26.9015
0.0436809,0.738004,0.0504818,2.59861,17.0011,26.9018
0.043671,0.799739,0.0548594,1.07638,16.006,26.9018
0.0436358,0.74335,0.0507881,2.51898,17.4968,26.9024
0.043004,0.830345,0.0512085,2.8708,16.0402,26.9025
0.0447659,0.738204,0.0516095,0.666476,15.9165,26.9027
0.0449632,0.722688,0.0504402,0.267345,16.7978,26.904
0.044936,0.717449,0.0522356,0.32197,16.7148,26.9042
0.0431693,0.780566,0.0501753,2.89829,16.6635,26.9043
0.0440631,0.742793,0.0503222,1.84729,16.401,26.9055
0.04365,0.800877,0.0552694,1.2328,16.9954,26.9058
0.0430641,0.797617,0.0510643,2.66834,16.0307,26.9063
0.0430751,0.796614,0.0510206,2.48359,16.66,26.9064
0.04218,0.793746,0.0503627,4.57595,18.9956,26.9064
0.0429729,0.828315,0.050465,2.75841,16.704,26.9064
0.0426431,0.86621,0.0513323,2.0015,15.2286,26.9067
0.0447547,0.733077,0.0507582,0.219674,15.6019,26.9073
0.0448674,0.727025,0.0535414,0.98022,16.8936,26.9074
0.0434139,0.828269,0.0543865,1.35562,15.1759,26.9077
0.0430933,0.795526,0.0511785,2.61805,16.8456,26.9078
0.0425696,0.811578,0.0508114,3.69946,17.0804,26.908
0.043224,0.786599,0.0504392,2.0571,16.4865,26.908
0.0444377,0.714911,0.0521826,1.43943,17.5669,26.9083
0.0450032,0.71256,0.0502079,0.502759,16.6816,26.9084
0.0446333,0.758458,0.0558657,0.588809,16.4183,26.9087
0.0449769,0.722539,0.0527759,0.805331,16.5012,26.9088
0.0406133,0.864232,0.0505462,6.64205,18.9346,26.9088
0.0422185,0.847614,0.0509643,3.26408,16.1525,26.909
0.0421118,0.871075,0.0508346,3.73272,16.5786,26.9091
0.0425671,0.813323,0.0505907,3.92273,17.7261,26.9091
0.0420995,0.800231,0.0514822,4.53627,18.7665,26.9091
0.0456639,0.651216,0.050522,0.740022,17.7899,26.9092
0.0435952,0.744134,0.0511415,2.28066,17.0669,26.9092
0.0427059,0.857375,0.0511785,2.34298,15.1198,26.9097
0.0441597,0.739416,0.0506726,1.03781,16.3946,26.9098
0.0447783,0.752716,0.0519346,0.87991,16.4935,26.9099
0.0431791,0.787691,0.0505308,2.84764,16.1808,26.9099
0.0437634,0.722915,0.0507048,2.01018,17.5008,26.91
0.0446281,0.757673,0.0547586,0.514363,16.5936,26.9101
0.0418395,0.838528,0.0501517,4.24899,17.6595,26.9104
0.0445809,0.755511,0.0533899,0.517744,15.5584,26.9108
0.0445981,0.755961,0.0564293,0.709571,16.9397,26.9113
0.0413162,0.83603,0.0509239,5.60115,18.5036,26.9116
0.0447548,0.74612,0.0547619,0.728269,16.82,26.912
0.0456053,0.655162,0.0511458,0.854204,17.7487,26.9123
0.0449344,0.721795,0.050929,0.780864,16.458,26.9124
0.0447411,0.739335,0.0545282,0.878882,16.5018,26.9124
0.0425683,0.866117,0.0529293,2.89695,15.2787,26.9127
0.0426434,0.794528,0.0509455,3.75554,17.4398,26.9127
0.0452524,0.68507,0.0504531,0.107722,16.4527,26.9128
0.041402,0.893043,0.0501709,4.13899,16.8509,26.9128
0.0438969,0.786626,0.0525679,1.77808,16.0241,26.9129
0.0430225,0.814914,0.0505119,2.80133,16.3018,26.9132
0.0450962,0.715722,0.0514091,0.260086,16.0687,26.9132
0.043894,0.792163,0.050559,1.58267,16.2948,26.9133
0.0451492,0.69723,0.0518558,0.273808,16.6024,26.9135
0.0429249,0.834322,0.0508963,2.67992,16.7819,26.9136
0.0442308,0.803433,0.0556728,0.497417,15.1185,26.9137
0.0439346,0.771259,0.0533432,1.17826,16.3409,26.9148
0.0440606,0.749705,0.0516178,1.89801,16.6958,26.915
0.0437694,0.801389,0.0527434,1.95046,16.0069,26.9151
0.0440364,0.765571,0.0519734,1.03966,16.3167,26.9152
0.0444622,0.720388,0.0506025,1.34215,17.2728,26.9153
0.0455164,0.66707,0.0504902,0.908918,17.1146,26.916
0.0447575,0.742089,0.0530923,0.358206,16.5259,26.916
0.0436125,0.809731,0.0504355,1.07375,15.9656,26.916
0.0428666,0.840245,0.0533956,2.27908,16.3178,26.9163
0.0447361,0.752822,0.0523373,0.220388,16.9049,26.9166
0.043829,0.778844,0.0525319,1.15391,16.0004,26.9167
0.0438065,0.778202,0.0531694,1.38508,16.6142,26.9169
0.0445318,0.764613,0.0537069,0.746174,15.019,26.9169
0.0452488,0.684391,0.0504364,0.867353,16.293,26.917
0.0437055,0.737886,0.050464,2.58817,17.1542,26.9171
0.0444292,0.723253,0.0509199,1.38834,17.3834,26.9171
0.0425946,0.866683,0.0518982,2.7487,15.0801,26.9173
0.0430191,0.801763,0.0516598,2.29835,16.7865,26.9174
0.0432762,0.781293,0.0505574,2.92834,16.4791,26.9175
0.0420447,0.874371,0.0526902,3.03305,16.8704,26.9177
0.0429776,0.816651,0.0532864,2.56928,16.499,26.9179
0.044052,0.749655,0.0517108,1.56798,16.0798,26.9184
0.0443434,0.794236,0.0542339,0.967762,15.8832,26.9185
0.0441304,0.740257,0.0509943,1.29153,16.5496,26.9188
0.0451989,0.691158,0.0517966,0.135294,16.9778,26.919
0.0434543,0.8214,0.0585056,1.04843,16.6741,26.9192
0.0444543,0.778057,0.056702,0.0987693,16.0341,26.9193
0.0426025,0.801645,0.050768,3.45221,17.3682,26.9194
0.0438323,0.777448,0.0506365,1.02851,15.506,26.9196
0.0439375,0.789023,0.0507198,1.3992,16.5143,26.9196
0.0444739,0.717543,0.05122,1.09519,17.592,26.9198
0.0413413,0.900422,0.050807,4.85157,16.3132,26.92
0.0435246,0.755945,0.0519849,2.94914,17.4391,26.9203
0.0454596,0.668008,0.0522542,0.583276,17.4874,26.9205
0.0440059,0.758749,0.053008,1.05404,16.6994,26.9207
0.0457235,0.638567,0.0508924,0.677595,17.6781,26.9209
0.0439732,0.761413,0.0529568,1.59066,16.6866,26.9211
0.0448791,0.720113,0.0503847,0.533181,15.5264,26.9212
0.0420963,0.86742,0.0510904,3.24671,16.784,26.9216
0.0452853,0.683085,0.0514205,0.308878,16.0442,26.9216
0.0422702,0.848632,0.0506013,3.2267,16.1175,26.922
0.0433415,0.834146,0.05502,1.00256,15.5053,26.9222
0.0446645,0.684517,0.0512764,1.71725,17.2849,26.9222
0.0438187,0.777324,0.0542005,1.61135,16.832,26.9223
0.0419957,0.881999,0.0522496,3.6711,16.9276,26.9224
0.0435648,0.745769,0.051272,2.33106,17.5314,26.9225
0.0448889,0.73323,0.0536434,0.986641,16.2711,26.9227
0.0425171,0.814416,0.0522448,3.87734,17.4498,26.9228
0.0405619,0.874263,0.0504587,6.95061,18.5399,26.9228
0.0435074,0.765077,0.0511688,2.92119,17.4227,26.9232
0.0445217,0.716164,0.0509768,1.44295,17.7635,26.9237
0.0435572,0.764473,0.0502596,2.11136,17.4179,26.9238
0.0423207,0.834524,0.0503945,3.64718,16.207,26.9239
0.044323,0.735941,0.0513907,1.56446,17.9112,26.9239
0.0448894,0.731722,0.0507789,0.247195,16.7421,26.9242
0.0454354,0.676962,0.0514146,0.346509,17.6646,26.9242
0.0450219,0.699212,0.0520217,0.349659,16.7128,26.9243
0.0417105,0.851611,0.0511533,4.21195,17.8799,26.9243
0.043122,0.787757,0.0512368,2.59557,16.9755,26.9245
0.0429751,0.815984,0.0533521,2.03928,16.0535,26.9245
0.0450559,0.714451,0.0524238,0.745817,16.1776,26.9246
0.0433278,0.783481,0.0520136,2.17608,17.859,26.9248
0.0421303,0.855729,0.0517788,3.80187,16.1523,26.925
0.0438354,0.775334,0.0505279,1.18451,15.4687,26.925
0.0449515,0.717608,0.0538758,0.624438,16.1546,26.9252
0.0450768,0.703812,0.052797,0.786911,16.4758,26.9252
0.0419956,0.881736,0.0527728,3.35687,16.1435,26.9254
0.0437689,0.780085,0.0506561,1.88722,15.5933,26.9256
0.0417956,0.848709,0.0501441,4.68249,17.083,26.9263
0.0417261,0.851327,0.05021,4.68343,17.289,26.9264
0.0433199,0.786371,0.0515881,2.92738,17.8142,26.9264
0.0405632,0.874247,0.0513442,6.11001,18.2097,26.9264
0.0433787,0.769368,0.0535658,2.94225,17.7504,26.9265
0.0428682,0.83242,0.0543295,2.28797,16.7211,26.9266
0.042474,0.818116,0.0528426,3.60321,17.8838,26.9266
0.0453911,0.679168,0.0521949,0.97402,17.8413,26.9268
0.0437858,0.716425,0.050926,2.7308,17.5703,26.9268
0.0420109,0.879621,0.0530223,3.9175,16.7524,26.927
0.044109,0.747263,0.0525378,1.84889,16.4965,26.9271
0.0429432,0.814147,0.0522456,2.90834,16.5436,26.9272
0.0419889,0.883452,0.0524467,3.14953,16.142,26.9274
0.0429114,0.823245,0.0540441,2.8377,16.1518,26.9274
0.0447894,0.729139,0.0533739,0.999944,16.6843,26.9274
0.0442269,0.739811,0.0510913,1.61947,16.8224,26.9278
0.0436451,0.803164,0.0563466,1.06479,16.8408,26.9281
0.045213,0.684761,0.0507014,0.455282,16.979,26.9283
0.0439634,0.783806,0.0512847,1.0865,16.2281,26.9287
0.0455197,0.668093,0.0517001,0.550009,17.2469,26.9287
0.0447815,0.734601,0.0551033,0.742869,16.6561,26.9288
0.0445141,0.766544,0.0563554,0.646568,16.472,26.9289
0.0454379,0.662532,0.0507816,0.446583,16.4109,26.9291
0.0450767,0.697746,0.051727,0.697605,16.324,26.9294
0.0445238,0.774666,0.055105,0.952188,16.6949,26.9295
0.0426581,0.854833,0.0559903,2.28531,16.0833,26.9296
0.0425238,0.815339,0.0522046,3.27432,17.0582,26.9299
0.0441965,0.74392,0.0512951,1.44681,16.3847,26.93
0.0443587,0.724968,0.0522762,1.97805,17.0183,26.93
0.0416756,0.858126,0.0516612,4.47646,17.7387,26.9301
0.0444796,0.766528,0.0581531,0.532084,16.376,26.9303
0.0428994,0.824123,0.0501749,2.4191,15.9844,26.9304
0.0444616,0.718138,0.052022,1.93574,17.1695,26.9305
0.0428987,0.829833,0.0518054,2.33352,16.0052,26.9306
0.0451289,0.71,0.0517313,0.308615,16.3099,26.9306
0.0434663,0.826027,0.0567262,1.40366,16.3421,26.9307
0.0441535,0.740412,0.0519053,1.88784,16.9499,26.9307
0.0442697,0.73823,0.0505871,1.58544,16.9932,26.9308
0.0418313,0.845713,0.0502963,4.31569,17.8754,26.9308
0.0424377,0.83244,0.0514004,3.50195,17.0601,26.9308
0.0421235,0.875209,0.0510749,3.77371,16.8991,26.9309
0.0421001,0.861201,0.0515637,3.65572,16.755,26.9311
0.0429999,0.747082,0.0516726,3.40733,18.0244,26.9311
0.0435834,0.75675,0.0512942,2.17577,17.4043,26.9311
0.0447339,0.747594,0.0517376,0.118805,15.2318,26.9312
0.0424617,0.824441,0.0521971,3.82809,17.2232,26.9312
0.0435365,0.752715,0.0503141,2.791,17.2575,26.9312
0.0443608,0.781091,0.0598163,0.495835,16.2594,26.9313
0.0440778,0.735864,0.0516733,1.38042,16.0013,26.9318
0.044849,0.734204,0.0512657,0.722696,16.1363,26.9321
0.0431009,0.787177,0.0516111,2.15338,16.0466,26.9322
0.0406827,0.856716,0.0503399,6.95879,18.9926,26.9322
0.0447431,0.731775,0.0548279,0.198599,16.7151,26.9322
0.045411,0.684732,0.0507085,0.360876,17.4312,26.9323
0.0441843,0.735146,0.0511969,1.79249,16.3817,26.9324
0.0446219,0.695737,0.0514602,1.9213,17.4712,26.9324
0.0413748,0.820872,0.050662,5.91919,18.2075,26.9326
0.0442978,0.787558,0.059851,0.241579,16.8261,26.9326
0.0447511,0.751484,0.0546914,0.997073,16.5924,26.9326
0.0435141,0.820688,0.0573011,1.80634,16.6894,26.9326
0.0428295,0.773335,0.0506761,3.37835,17.5658,26.9327
0.0454645,0.658931,0.0505403,0.971386,16.8654,26.933
0.0442197,0.746823,0.0507898,1.11952,16.8638,26.933
0.0425305,0.867103,0.0539465,2.1006,15.7472,26.9333
0.0427156,0.778721,0.0504042,3.44134,17.4563,26.9333
0.0447772,0.755562,0.0508817,0.0262304,16.4615,26.9334
0.0416589,0.855622,0.052695,4.18287,17.1854,26.9335
0.0446503,0.744183,0.0559268,0.179623,16.4739,26.9336
0.0430033,0.752541,0.0516468,3.65672,18.5843,26.9342
0.0443394,0.736624,0.051229,1.61263,17.4947,26.9344
0.0434269,0.766098,0.0531328,2.82381,17.4883,26.9344
0.0435707,0.819363,0.0546575,1.54503,16.7358,26.9344
0.0434793,0.821913,0.0581348,1.81489,16.9909,26.9346
0.0435781,0.817309,0.0543401,1.58073,16.8258,26.9347
0.0445711,0.709181,0.0513076,1.66884,17.9537,26.9348
0.0442889,0.787733,0.0603207,0.817157,16.0653,26.9348
0.0447675,0.73903,0.0526933,0.416093,16.994,26.9349
0.042676,0.786739,0.0521919,3.04853,17.9465,26.9351
0.0447103,0.735404,0.0513727,0.550779,15.6552,26.9351
0.0435912,0.818854,0.0537868,1.37633,16.487,26.9352
0.0421235,0.805125,0.0507772,4.35043,18.8813,26.9352
0.0417232,0.854295,0.051304,4.87602,17.6749,26.9353
0.04168,0.855477,0.0522189,4.28832,17.1653,26.9356
0.0448735,0.736528,0.0503803,0.331445,16.3276,26.9356
0.0413647,0.895218,0.0503572,4.91087,16.6924,26.9357
0.0435811,0.816821,0.0542987,1.7828,16.6415,26.9357
0.0452366,0.675608,0.0505355,0.187928,16.1557,26.9357
0.0425461,0.820399,0.0510436,3.24624,17.1086,26.9358
0.0443344,0.779361,0.0565095,0.0129533,15.5093,26.936
0.0428909,0.823656,0.0502435,2.75449,15.0117,26.936
0.0444575,0.773607,0.0585237,0.808035,16.7194,26.936
0.0427696,0.847916,0.0531695,2.07314,16.2678,26.936
0.0447213,0.733868,0.0546987,0.996448,16.0395,26.9361
0.0443458,0.785223,0.0537512,0.65077,15.1472,26.9361
0.0444466,0.781466,0.0563349,0.508153,16.499,26.9361
0.042492,0.820448,0.0523342,3.36221,17.9427,26.9362
0.0429502,0.754343,0.0527574,3.06733,18.1308,26.9362
0.0425444,0.866682,0.0580399,2.3245,16.966,26.9362
0.0428486,0.768411,0.0532359,3.74015,18.1975,26.9362
0.0419708,0.8102,0.0505599,4.08074,17.8277,26.9362
0.04344,0.760048,0.0528819,2.59372,17.517,26.9362
0.0404783,0.887191,0.0517985,6.07461,18.1192,26.9365
0.0448879,0.720435,0.0517289,0.47001,16.6427,26.9366
0.0444,0.780075,0.0576344,0.311807,16.0884,26.9367
0.0435844,0.746473,0.0521689,2.64368,17.5102,26.9367
0.0438226,0.786805,0.0544444,1.54422,16.133,26.9368
0.0398036,0.919265,0.0505969,7.7464,18.194,26.9369
0.0426742,0.78648,0.0516901,3.96827,17.2148,26.9369
0.0425397,0.809013,0.0509675,3.26408,17.4691,26.937
0.0447125,0.754143,0.0523318,0.492569,16.9522,26.937
0.0451448,0.683341,0.0507932,0.251099,16.9156,26.9371
0.0413573,0.818372,0.0519017,5.49252,18.1931,26.9372
0.0442315,0.728956,0.050906,1.73065,16.4297,26.9372
0.044605,0.748369,0.0564019,0.279079,16.6275,26.9373
0.0449248,0.716162,0.0506315,0.144964,15.9907,26.9374
0.0449426,0.722565,0.0502101,0.17043,16.0202,26.9375
0.0442862,0.733727,0.0508248,1.39359,16.3671,26.9376
0.0442683,0.803338,0.0536305,0.487776,15.9802,26.9377
0.0425066,0.817981,0.0525176,3.40364,17.8794,26.9379
0.0434015,0.832748,0.0546422,1.08759,15.9641,26.9379
0.0421196,0.86163,0.0506361,3.11381,16.1739,26.9379
0.0428676,0.759784,0.0506305,3.85071,17.3373,26.9381
0.0420958,0.792008,0.0528792,4.15899,18.759,26.9381
0.0443807,0.779422,0.0504843,0.192995,14.1703,26.9382
0.0420192,0.87876,0.0532012,3.89775,16.5996,26.9382
0.0434039,0.826592,0.0594995,1.13777,16.6269,26.9383
0.0444246,0.718767,0.0527374,1.32777,17.8597,26.9383
0.0450373,0.713641,0.0531105,0.440458,16.7393,26.9385
0.0441187,0.745425,0.0527045,1.93498,16.9384,26.9386
0.0435764,0.805523,0.0576488,1.41964,16.6989,26.9387
0.0410374,0.871881,0.050467,5.86225,17.1697,26.9387
0.0423852,0.834453,0.0527173,3.38972,17.351,26.9388
0.0439245,0.766118,0.0509996,1.76007,16.9612,26.9388
0.0421916,0.778196,0.051854,4.49043,18.3228,26.9389
0.0426221,0.85578,0.0570302,2.04384,16.3925,26.9391
0.0441096,0.741071,0.0517188,1.58954,16.0374,26.9391
0.0434315,0.777236,0.0513745,2.08692,17.3,26.9392
0.0420875,0.797045,0.0528843,4.48124,18.7682,26.9393
0.0420456,0.882621,0.0512731,3.9536,16.312,26.9393
0.0435885,0.800168,0.056686,1.70455,16.5732,26.9394
0.0434322,0.829581,0.0579568,1.67507,16.2768,26.9394
0.0417989,0.909134,0.0504517,3.76745,15.3198,26.9394
0.0443128,0.719834,0.0505145,1.30589,16.9481,26.9396
0.042227,0.841604,0.0512092,3.03483,16.0604,26.9396
0.0433856,0.828258,0.0543859,1.18213,15.0047,26.9397
0.0434006,0.832174,0.0580523,1.59685,16.8978,26.9399
0.044748,0.671365,0.0501636,1.10852,17.45,26.9403
0.0425309,0.822423,0.0513026,3.00627,17.4774,26.9403
0.044503,0.702047,0.0519106,1.3093,17.4112,26.9403
0.0453906,0.67726,0.0520551,0.00858176,17.4981,26.9406
0.0454494,0.667338,0.0506929,0.631464,16.7902,26.9406
0.0454698,0.677404,0.0518084,0.922491,17.9367,26.9406
0.0448481,0.721986,0.0541277,0.677309,16.9151,26.9407
0.0442591,0.721684,0.050373,1.77904,16.7769,26.9408
0.0435327,0.767989,0.0511433,2.02403,17.666,26.9408
0.0412911,0.843051,0.050338,5.80447,18.4087,26.9409
0.0420876,0.871179,0.0525715,3.16602,16.7052,26.9409
0.0446807,0.739234,0.0549722,0.906372,16.5028,26.9412
0.0430259,0.803459,0.0509662,2.63505,16.6873,26.9412
0.0446694,0.742433,0.0560175,0.368379,16.9076,26.9412
0.0442542,0.734811,0.0538378,1.35835,17.0881,26.9415
0.0405433,0.890587,0.0502699,6.28706,18.7131,26.9416
0.0444914,0.703359,0.0521004,1.56637,17.2545,26.9416
0.0435476,0.813079,0.0535272,1.62716,15.8928,26.9417
0.0445843,0.767416,0.0525689,0.580883,15.5356,26.9417
0.0428473,0.765698,0.0537239,3.27082,18.7224,26.9417
0.0437059,0.786788,0.0519693,1.59661,15.5432,26.9419
0.0418447,0.905871,0.0502828,3.29343,15.4465,26.942
0.0444687,0.710394,0.0528428,1.62832,17.3836,26.942
0.0436655,0.791812,0.0516202,1.60205,15.1716,26.9421
0.0445249,0.759932,0.0524349,0.486141,15.7508,26.9421
0.0436425,0.815575,0.0537149,1.85415,16.8037,26.9421
0.0441092,0.733416,0.0515919,1.1046,16.7502,26.9423
0.0451989,0.694194,0.0522205,0.73867,16.4015,26.9423
0.0426109,0.865692,0.0560898,2.24235,16.5499,26.9423
0.0427733,0.836582,0.0555114,2.13231,16.0493,26.9425
0.044325,0.723688,0.0537573,1.67789,17.8337,26.943
0.0427483,0.851214,0.0531871,2.60889,16.2437,26.9431
0.0443593,0.722054,0.0506795,1.45347,16.4385,26.9431
0.0405577,0.887137,0.0504692,6.82976,18.5881,26.9432
0.0435126,0.809583,0.054163,1.23422,15.0202,26.9432
0.0449309,0.731844,0.0534245,0.654966,16.3655,26.9432
0.0453325,0.691789,0.0516247,0.812807,17.455,26.9432
0.044609,0.768477,0.055486,0.0131098,16.3639,26.9432
0.0447265,0.741005,0.0564379,0.56997,16.5292,26.9433
0.0433584,0.781048,0.0526117,2.39152,17.3272,26.9433
0.0435337,0.823626,0.0563359,1.6411,16.6751,26.9434
0.0428585,0.821052,0.0542469,2.22082,16.2681,26.9435
0.0422837,0.845788,0.0536848,3.10546,17.5304,26.9436
0.0447132,0.762429,0.0533182,0.134557,16.6254,26.9438
0.0439889,0.746366,0.052725,1.01546,16.5167,26.9445
0.0423649,0.757008,0.0503172,4.84424,18.2885,26.9445
0.0417416,0.912996,0.0517409,3.85173,15.178,26.9445
0.0443549,0.721218,0.0538925,1.92199,17.5619,26.9445
0.0426887,0.850284,0.0567252,2.10321,16.3969,26.9445
0.0440657,0.736029,0.0520783,1.24945,16.4253,26.9446
0.0440652,0.68839,0.0510028,2.39232,18.1184,26.9448
0.0419257,0.891032,0.0534302,3.46367,16.0928,26.9448
0.0434697,0.765716,0.0526661,2.05333,17.0904,26.945
0.0451711,0.68816,0.0516344,0.877788,16.1684,26.9451
0.0417726,0.905169,0.0520465,3.9852,15.3535,26.9451
0.0426451,0.856606,0.0556789,2.3128,16.6188,26.9452
0.0439071,0.76537,0.0539486,1.47938,16.4196,26.9453
0.043937,0.706132,0.0507339,2.01396,18.7405,26.9453
0.0421018,0.859387,0.0529074,3.65993,16.4389,26.9454
0.0437411,0.718845,0.0516078,2.51731,17.2805,26.9454
0.0416541,0.870333,0.0508623,4.16356,17.04,26.9454
0.043852,0.768137,0.0525619,1.78912,16.6049,26.9455
0.0444732,0.777904,0.0578838,0.836207,16.6169,26.9456
0.0456347,0.643282,0.0507973,0.119087,17.8498,26.9457
0.0426747,0.858246,0.0504832,2.94967,15.9966,26.9458
0.0405232,0.891405,0.05082,6.65412,18.0954,26.9458
0.0436698,0.799222,0.0538754,1.08351,16.8609,26.9459
0.0448911,0.717631,0.0539362,0.236493,16.4527,26.9459
0.042185,0.77823,0.050861,4.78509,18.513,26.946
0.0419392,0.817218,0.050897,4.68839,17.3564,26.946
0.0443111,0.736945,0.0523858,1.08203,17.0506,26.946
0.0391671,0.946204,0.0503562,8.39324,18.7826,26.9461
0.04493,0.716523,0.0541281,0.038917,16.0306,26.9462
0.0405267,0.873707,0.0514927,6.02021,18.7374,26.9463
0.0416612,0.858286,0.0504475,4.28438,17.7714,26.9464
0.0431542,0.787414,0.0514612,2.39227,16.4471,26.9466
0.0439163,0.705698,0.0513017,2.96335,18.212,26.9466
0.0446457,0.742522,0.0554704,0.507413,16.5898,26.9466
0.0432628,0.845064,0.055723,1.87185,15.5454,26.9467
0.0405454,0.883252,0.0511703,6.83551,18.4926,26.9467
0.0436202,0.803747,0.0571363,1.36818,16.5815,26.9467
0.0438439,0.773508,0.0548295,1.02079,16.7613,26.9468
0.0447622,0.734022,0.0555287,0.207156,16.8376,26.9468
0.0423089,0.840903,0.0531292,3.79752,17.0182,26.9468
0.042534,0.866089,0.0585328,2.1643,16.1422,26.9468
0.0429085,0.845937,0.0503986,2.82619,16.7406,26.9469
0.0415433,0.873041,0.0529363,4.33244,17.6537,26.9469
0.0425762,0.800323,0.053099,3.49601,17.1851,26.947
0.0433566,0.837046,0.0583976,1.27036,16.4698,26.9472
0.0420393,0.798392,0.0539409,4.18488,18.4226,26.9474
0.0419112,0.826139,0.0507124,4.08859,17.9674,26.9475
0.0437957,0.783702,0.0514842,1.74404,15.4605,26.9476
0.0453155,0.689959,0.0526313,0.427372,17.5084,26.9476
0.0441753,0.802789,0.0617685,0.567976,16.8022,26.9478
0.0424236,0.885445,0.0547309,2.44414,15.2349,26.9478
0.0427495,0.768507,0.0501814,3.31339,17.3087,26.9478
0.0416602,0.852157,0.0528979,4.04687,17.0794,26.9481
0.0413164,0.910801,0.051087,4.91729,16.1449,26.9483
0.0453176,0.681284,0.0542765,0.86737,17.4161,26.9483
0.0437216,0.785521,0.0520466,1.32134,15.1192,26.9483
0.0412657,0.844272,0.0508161,5.51372,18.0074,26.9484
0.0433696,0.835843,0.0588023,1.82562,16.2056,26.9484
0.0430134,0.744029,0.0510998,3.25024,18.473,26.9484
0.0447918,0.720908,0.0542279,0.144643,16.3838,26.9484
0.0418539,0.897133,0.0541794,3.90404,16.7859,26.9487
0.0428144,0.846584,0.0516416,2.41459,16.2767,26.9488
0.0445931,0.686736,0.0504872,1.58315,17.856,26.9489
0.0418927,0.892071,0.0508587,3.28411,15.4937,26.949
0.0440418,0.765583,0.0525513,1.83485,16.9769,26.949
0.0417315,0.864107,0.0504388,4.54155,17.0318,26.9491
0.0444949,0.780445,0.0548331,0.25942,16.297,26.9491
0.0440712,0.748582,0.0532889,1.58658,16.1815,26.9492
0.0425451,0.879554,0.0517248,2.19328,15.9658,26.9493
0.0418736,0.888039,0.0555999,3.61463,16.4232,26.9493
0.0423649,0.760746,0.0503563,4.96644,18.1706,26.9493
0.0445408,0.7857,0.0502293,0.083514,15.6432,26.9495
0.0449767,0.710946,0.0537847,0.645427,16.29,26.9496
0.0414927,0.801449,0.0507205,5.43036,18.9365,26.9497
0.0435341,0.75863,0.0523465,2.57104,17.9799,26.9498
0.0434266,0.8186,0.0588818,1.6859,16.0323,26.9501
0.0456155,0.637804,0.0505194,0.977568,16.3934,26.9503
0.0408183,0.908447,0.0510482,5.70412,17.3734,26.9504
0.0419269,0.892838,0.0521281,3.2029,16.2384,26.9504
0.0446496,0.693653,0.0513549,1.46074,17.1727,26.9506
0.0409582,0.882003,0.0509639,5.94013,17.832,26.9508
0.0445499,0.754009,0.0574546,0.698281,16.3319,26.9509
0.0411773,0.854094,0.0537097,5.0915,18.1514,26.9509
0.0418157,0.838026,0.0515071,4.47199,17.8769,26.951
0.0434791,0.767931,0.0525799,2.12556,17.2156,26.9511
0.0443289,0.720822,0.0514243,1.73056,16.0909,26.9511
0.0447856,0.723829,0.0509756,0.143081,15.7103,26.9513
0.0408174,0.908412,0.0510565,5.24078,17.5806,26.9513
0.0438842,0.767657,0.0543721,1.36935,16.1877,26.9513
0.0426647,0.781185,0.0510058,3.379,17.3821,26.9513
0.0454794,0.664796,0.0511247,0.530932,17.7973,26.9514
0.0454121,0.684771,0.0519347,0.0754713,17.5014,26.9515
0.0428355,0.767353,0.0535836,3.21654,18.6064,26.9515
0.0413057,0.898655,0.051499,4.11077,16.7045,26.9516
0.0435451,0.82054,0.0544892,1.88474,16.5772,26.9517
0.0431932,0.79846,0.0539554,2.2001,17.3198,26.9517
0.0417565,0.902916,0.0568768,3.36328,16.0824,26.9518
0.0434551,0.814371,0.0585379,1.98727,16.1125,26.9518
0.0423254,0.839989,0.0526594,3.84316,17.1946,26.9518
0.0449279,0.707827,0.0519657,0.943206,16.7857,26.9518
0.0436981,0.723577,0.0508268,2.26259,17.4663,26.9519
0.0438805,0.709509,0.0526832,2.25003,18.7896,26.9519
0.0438488,0.797555,0.0521394,1.16512,16.287,26.952
0.0422438,0.839069,0.051344,3.8344,16.0864,26.9523
0.0441822,0.729271,0.0512912,1.00787,16.2694,26.9524
0.0405296,0.879293,0.0520723,6.92998,18.2233,26.9524
0.0397621,0.928337,0.050348,7.87754,18.9857,26.9525
0.0392193,0.933728,0.0504002,8.02442,18.2044,26.9525
0.0418393,0.828373,0.051906,4.37472,17.4252,26.9525
0.0441882,0.743104,0.0541249,1.19635,17.4179,26.9527
0.0435291,0.765759,0.051849,2.21154,17.8966,26.9528
0.0445349,0.697554,0.0502942,1.57941,17.5955,26.9529
0.042578,0.797253,0.0528121,3.52412,17.7223,26.9531
0.04226,0.772287,0.0516156,4.79054,18.6059,26.9532
0.0436053,0.820563,0.0541426,1.54323,16.3224,26.9533
0.0436802,0.815517,0.0530387,1.14176,16.5323,26.9533
0.0433796,0.834322,0.0551597,1.35687,15.8888,26.9533
0.0432127,0.847542,0.0572572,1.77488,15.4209,26.9534
0.043379,0.782195,0.0526783,2.19719,17.4553,26.9534
0.0441873,0.731306,0.0515355,1.0142,16.2191,26.9534
0.0438326,0.774529,0.0552226,1.79266,16.2954,26.9535
0.0414303,0.803891,0.0508838,5.08139,18.1244,26.9536
0.042561,0.871369,0.0534549,2.21055,15.3568,26.9536
0.0433975,0.835485,0.0572986,1.07025,16.6803,26.9537
0.044219,0.800932,0.0609783,0.28262,16.4005,26.9538
0.0405247,0.869174,0.0522652,6.23897,18.3678,26.9541
0.0454148,0.670683,0.051274,0.556245,16.477,26.9542
0.0427307,0.843995,0.0565412,2.21387,16.0941,26.9543
0.0424546,0.81749,0.0519252,3.21095,17.1124,26.9543
0.0441287,0.734921,0.0517706,1.77179,16.4727,26.9543
0.0417599,0.914157,0.0508722,3.61552,15.7453,26.9545
0.0418501,0.897881,0.0547716,3.92697,16.4551,26.9546
0.0418282,0.825938,0.0508954,4.74268,17.0899,26.9547
0.0454748,0.664732,0.0511732,0.485641,17.2701,26.9547
0.0443584,0.791241,0.0574905,0.877417,16.6556,26.9548
0.0436714,0.727126,0.0517765,2.4171,17.984,26.9548
0.0448248,0.715299,0.0544114,0.433664,16.4971,26.9548
0.0419809,0.873241,0.0543327,3.17024,16.5013,26.9551
0.0443248,0.742272,0.0505253,1.73926,17.917,26.9551
0.0440612,0.737239,0.0523268,1.81868,16.3486,26.9552
0.0424517,0.81831,0.0516936,3.7562,17.8342,26.9552
0.0436307,0.814441,0.0516095,1.10851,15.3067,26.9552
0.0397717,0.922589,0.0520936,7.39655,18.8342,26.9553
0.0419403,0.892003,0.0535203,3.62403,16.8658,26.9553
0.0432563,0.842875,0.0569872,1.91596,15.516,26.9554
0.0443313,0.802374,0.052085,0.34957,15.3122,26.9554
0.0438063,0.771622,0.0547786,1.26829,16.9426,26.9556
0.0417567,0.839488,0.0525773,4.18211,17.9875,26.9557
0.0426704,0.856626,0.0525338,2.15675,15.6498,26.9557
0.0420932,0.867701,0.0501599,3.68854,16.9424,26.9558
0.0407436,0.841514,0.0503952,6.2226,18.0325,26.956
0.0453801,0.66512,0.0520939,0.307661,16.9479,26.9561
0.0401953,0.93361,0.0501532,6.04,17.0719,26.9562
0.0432313,0.790373,0.0514327,2.96419,16.6635,26.9562
0.0427232,0.773739,0.0507901,3.86561,17.9142,26.9563
0.0413779,0.809466,0.0518506,5.75723,18.6467,26.9563
0.0432833,0.772147,0.0505752,2.18841,16.9722,26.9563
0.0428697,0.830651,0.0519973,2.45556,16.8715,26.9563
0.0425969,0.861556,0.0562694,2.76943,16.3773,26.9563
0.0416018,0.876403,0.0515975,4.4014,17.1507,26.9564
0.0420536,0.870195,0.0535114,3.82049,16.3292,26.9565
0.0445118,0.78049,0.0545126,0.292887,16.2065,26.9565
0.0442729,0.797796,0.0600968,0.861514,16.2993,26.9565
0.0431867,0.794802,0.0543359,2.68691,17.7725,26.9565
0.0445379,0.773414,0.0540947,0.107999,16.2102,26.9565
0.0405112,0.878139,0.0508767,6.17547,18.3264,26.9565
0.0421235,0.794244,0.0526115,4.43056,18.5347,26.9566
0.044486,0.77887,0.054787,0.530432,16.7732,26.9568
0.0450382,0.725367,0.0518521,0.0260635,16.9852,26.957
0.045378,0.689757,0.0518478,0.686486,17.5185,26.9571
0.0419641,0.807162,0.0550873,4.3761,18.7328,26.9571
0.0443096,0.726882,0.0528119,1.87349,17.2512,26.9572
0.0425981,0.790616,0.0518516,3.58794,17.8621,26.9572
0.0439494,0.710121,0.0509548,2.54595,18.5074,26.9573
0.0426695,0.861937,0.0561944,2.03573,16.7411,26.9573
0.0426777,0.847902,0.0570494,2.20071,16.5027,26.9574
0.043248,0.779781,0.0513863,2.20079,16.3759,26.9575
0.0457272,0.630788,0.0510157,0.379772,17.7912,26.9575
0.0423167,0.754939,0.0502648,4.88662,18.53,26.9575
0.0426029,0.871108,0.0546323,2.04399,16.9906,26.9576
0.0440825,0.689625,0.050647,2.13166,18.2021,26.9576
0.0446748,0.735658,0.0561373,0.389344,16.4934,26.9577
0.0398212,0.912903,0.0503724,7.2389,18.3284,26.9578
0.0420561,0.861471,0.0520322,3.97717,16.272,26.9579
0.0447303,0.729405,0.054574,0.776921,16.1108,26.958
0.0452852,0.698998,0.0519743,0.718554,17.5014,26.9583
0.0418641,0.827868,0.0516054,4.96647,17.3855,26.9583
0.0452643,0.699854,0.0514449,0.917387,17.0237,26.9583
0.0444275,0.70936,0.0540973,1.6051,17.6268,26.9583
0.042594,0.855566,0.0576846,2.88033,16.2149,26.9584
0.0404396,0.897113,0.0521291,6.22572,18.8729,26.9584
0.043029,0.805788,0.0504301,2.32621,16.7153,26.9585
0.0419503,0.828371,0.0504029,4.71916,17.9781,26.9586
0.0443346,0.725002,0.0520328,1.3784,17.8281,26.9588
0.0396962,0.93624,0.0516234,7.25431,18.5503,26.9589
0.043565,0.740334,0.0521898,2.3452,17.4857,26.9589
0.044744,0.728109,0.055478,0.464289,16.9324,26.9589
0.0444531,0.702561,0.0508992,1.46122,16.2077,26.9589
0.0445447,0.711094,0.0520387,1.08414,17.5956,26.9589
0.0423278,0.844245,0.0522158,3.58598,17.9492,26.9589
0.0422348,0.850498,0.0516177,3.58094,16.8963,26.959
0.0442685,0.745678,0.0523466,1.7085,17.8467,26.959
0.0419021,0.895345,0.0539663,3.74502,16.906,26.9591
0.0436615,0.736806,0.0547132,2.73972,18.8475,26.9592
0.0431774,0.852365,0.0576942,1.37159,15.1279,26.9592
0.0407895,0.919772,0.0512053,5.85292,17.3609,26.9592
0.0407495,0.922473,0.0513726,5.93248,17.9812,26.9592
0.0407936,0.910893,0.0524909,5.17445,17.9542,26.9593
0.0443888,0.707144,0.0501583,1.66011,16.343,26.9594
0.0428312,0.853013,0.0509375,2.9061,16.9514,26.9594
0.0405421,0.864089,0.0524188,6.94579,18.417,26.9594
0.0411679,0.919216,0.0531144,4.98687,16.5614,26.9594
0.0419974,0.891761,0.0512014,3.20029,16.6165,26.9595
0.0438572,0.765832,0.054387,1.33042,16.9432,26.9595
0.0447149,0.763034,0.0533515,0.417382,16.6872,26.9595
0.0391243,0.958586,0.0502918,8.94028,18.251,26.9595
0.0408105,0.906078,0.0528432,5.58214,17.9176,26.9596
0.0450567,0.726694,0.0511721,0.432787,16.4654,26.9597
0.0443493,0.722448,0.052009,1.47176,17.224,26.9597
0.0448357,0.744527,0.0538724,0.977071,16.8402,26.9597
0.0434993,0.748263,0.0524802,2.34944,17.3414,26.9598
0.0424679,0.872411,0.0595028,2.2583,16.5287,26.96
0.0441047,0.677688,0.0504714,2.71313,18.1087,26.96
0.0443781,0.728571,0.0532805,1.09491,17.3038,26.9601
0.0451587,0.688403,0.0522876,0.326479,16.1006,26.9602
0.044986,0.710142,0.0511484,0.77774,15.2431,26.9602
0.0428932,0.830063,0.0545196,2.63233,16.6494,26.9603
0.0429341,0.746666,0.0503409,3.55689,17.6924,26.9604
0.0413404,0.835877,0.0518234,5.94933,18.7992,26.9604
0.0453418,0.688669,0.0534529,0.291743,17.8211,26.9605
0.0455157,0.657916,0.0508171,0.00254374,17.4012,26.9606
0.0404391,0.886097,0.0526655,6.52729,18.9974,26.9606
0.0420147,0.866291,0.0526781,3.51388,16.0167,26.9606
0.0445312,0.763936,0.0583866,0.983286,16.359,26.9607
0.0432222,0.848448,0.0564191,1.47125,15.3846,26.9608
0.0456165,0.643828,0.0526383,0.786314,17.8895,26.961
0.0435532,0.745251,0.0534671,2.50116,17.6085,26.9611
0.0444196,0.7664,0.0551499,0.698718,15.9917,26.9613
0.044681,0.766266,0.0536296,0.146852,16.7364,26.9613
0.0399378,0.886992,0.0506541,7.85391,18.9246,26.9613
0.043175,0.796071,0.0520493,2.86245,16.3982,26.9613
0.0436358,0.803575,0.0529372,1.29305,15.7987,26.9615
0.0444094,0.788836,0.0513737,0.644316,15.447,26.9616
0.0411134,0.865032,0.0539606,5.69589,18.7662,26.9616
0.045012,0.706626,0.0510593,0.088274,15.3227,26.9617
0.0421784,0.834648,0.0516823,3.40079,16.465,26.9617
0.0405217,0.885262,0.0518063,6.86309,18.5008,26.9619
0.0447746,0.752299,0.0507593,0.485808,16.8036,26.9619
0.0434887,0.749367,0.0502485,2.64031,17.5337,26.962
0.044124,0.80768,0.0585139,0.191908,15.1189,26.9621
0.0424537,0.814452,0.0524749,3.27745,17.6158,26.9621
0.0434047,0.782728,0.0522033,2.74286,17.7331,26.9622
0.0439154,0.697438,0.0519797,2.34669,18.5998,26.9622
0.0440361,0.741958,0.0527064,1.2601,16.2973,26.9623
0.0409472,0.880939,0.0512354,5.53953,17.23,26.9623
0.0404995,0.881811,0.0506493,6.90508,18.9586,26.9624
0.0425387,0.798779,0.0526043,3.16834,17.3312,26.9624
0.0426959,0.845014,0.0552816,2.01429,16.3587,26.9625
0.0408325,0.907062,0.0521786,5.49177,17.0223,26.9625
0.0417457,0.842946,0.0526137,4.22152,17.8077,26.9625
0.0454265,0.671932,0.0508458,0.735708,17.4871,26.9626
0.0431428,0.806873,0.054159,2.44018,17.3902,26.9626
0.0422554,0.842013,0.0557343,3.59917,17.3358,26.9628
0.0420898,0.787325,0.0525664,4.85663,18.1366,26.9628
0.0428036,0.823891,0.0548702,2.49347,16.0743,26.9628
0.0425121,0.876068,0.0578052,2.3876,16.4967,26.9629
0.0436739,0.724487,0.051128,2.28659,17.1735,26.963
0.0426247,0.865683,0.0545629,2.71531,16.0054,26.963
0.0410854,0.869837,0.0536759,5.40949,18.7753,26.9631
0.043521,0.759558,0.0528739,2.71147,17.0477,26.9632
0.042855,0.82761,0.0526912,2.1499,16.2355,26.9632
0.0429407,0.748516,0.0532899,3.14437,18.1201,26.9632
0.0448128,0.728946,0.056296,0.00547216,16.9644,26.9633
0.0441024,0.75703,0.0525242,1.12723,16.5038,26.9634
0.0433058,0.761513,0.0503475,2.52658,16.697,26.9634
0.0421252,0.782751,0.0530882,4.81397,18.4516,26.9634
0.0428486,0.776765,0.0526557,3.32781,18.6992,26.9635
0.0414758,0.879329,0.0541239,4.59087,17.122,26.9635
0.0426484,0.867527,0.0547807,2.44331,16.7589,26.9636
0.0448611,0.733579,0.0549247,0.44182,16.6923,26.9637
0.0416646,0.851694,0.0509435,4.77924,17.5593,26.9637
0.0428773,0.758294,0.0542457,3.63671,18.9307,26.9637
0.0426352,0.788378,0.0533592,3.9968,17.0821,26.9638
0.0453036,0.672596,0.0516424,0.973124,16.6525,26.9638
0.0435203,0.742826,0.0510191,2.52071,17.2711,26.9638
0.0436116,0.80673,0.0531593,1.23078,15.8624,26.9639
0.04055,0.870711,0.0501952,6.57631,18.9233,26.964
0.042953,0.765821,0.0503851,3.1915,18.3247,26.9641
0.0447274,0.726639,0.0553546,0.323225,16.4047,26.9641
0.0421596,0.839121,0.0521145,3.33591,16.6257,26.9641
0.040711,0.92647,0.0522068,5.18798,17.3805,26.9642
0.0421193,0.781681,0.0522619,4.01255,18.0886,26.9642
0.041951,0.81037,0.0540624,4.60605,18.8369,26.9642
0.0420282,0.862911,0.0526258,3.38492,16.0145,26.9644
0.0397569,0.933319,0.0508515,7.1269,18.7225,26.9644
0.0418918,0.881115,0.0551675,3.09218,16.0846,26.9645
0.0444351,0.769805,0.059959,0.218906,16.8825,26.9645
0.0441755,0.755221,0.0525833,1.91945,17.5772,26.9646
0.0435195,0.814282,0.0560793,1.89711,16.4955,26.9646
0.0430369,0.796413,0.0511164,2.11398,16.5563,26.9647
0.0448249,0.733129,0.0515476,0.154338,16.5211,26.9648
0.0444121,0.713993,0.0507426,1.76298,17.067,26.9648
0.0438415,0.768288,0.0547493,1.72103,16.2674,26.9648
0.0447309,0.75115,0.0556569,0.657968,16.245,26.9649
0.0405656,0.942681,0.0509382,5.96146,16.9773,26.965
0.0429721,0.752119,0.0511148,3.52546,18.8092,26.9651
0.04537,0.676992,0.0541411,0.764044,17.1118,26.9651
0.0452517,0.696529,0.0536864,0.106461,17.6857,26.9651
0.0453879,0.656035,0.0503129,0.478741,16.2723,26.9651
0.0455385,0.652391,0.0524517,0.461446,17.0911,26.9651
0.0418367,0.904946,0.0533416,3.17582,16.5375,26.9652
0.0418634,0.889768,0.051845,3.48154,15.6072,26.9653
0.0436835,0.811751,0.0544867,1.31574,16.3865,26.9653
0.0451485,0.633196,0.0502035,1.51165,18.0991,26.9654
0.043637,0.793474,0.0570747,1.25193,16.5953,26.9654
0.0433947,0.764487,0.051882,2.71724,17.9954,26.9654
0.0446802,0.766347,0.0514778,0.789915,16.4209,26.9655
0.0432764,0.846601,0.0592785,1.66337,16.1087,26.9655
0.0446961,0.736095,0.0544737,0.638789,16.5114,26.9655
0.0436033,0.795832,0.053456,1.49053,15.8832,26.9656
0.0451585,0.708428,0.0518476,0.0698915,16.4224,26.9657
0.043673,0.818859,0.0524079,1.82869,16.7565,26.9657
0.0440201,0.743353,0.0529319,1.6521,16.3374,26.9657
0.0427787,0.847991,0.0513123,2.95251,15.9475,26.9658
0.0403813,0.819867,0.0504981,7.89383,19.4565,26.9658
0.0417326,0.904628,0.0571306,3.81749,16.5791,26.9659
0.0418311,0.827784,0.0562328,4.25513,18.0678,26.9659
0.0421,0.789494,0.0536566,4.30083,18.0483,26.966
0.0444841,0.727403,0.0507365,1.55022,17.1003,26.966
0.0391721,0.942192,0.0512147,8.66293,18.284,26.9661
0.0452541,0.672733,0.0513123,0.972823,16.2515,26.9661
0.0404869,0.884228,0.0528726,6.05303,18.5762,26.9661
0.0432339,0.844842,0.062032,1.28627,16.0138,26.9661
0.0428101,0.856244,0.0521505,2.48984,16.606,26.9662
0.0425389,0.798716,0.0511643,3.54557,17.4772,26.9663
0.0412195,0.848573,0.0535237,5.74848,18.0411,26.9664
0.0433031,0.790805,0.0535504,2.00082,17.7707,26.9665
0.0405554,0.865762,0.052658,6.5394,18.1242,26.9665
0.0444326,0.721389,0.0532198,1.23478,17.2385,26.9666
0.0431528,0.798719,0.0543327,2.50451,17.8133,26.9667
0.0422345,0.783475,0.051372,4.75467,18.1978,26.9667
0.0448161,0.731204,0.0560772,0.122588,16.4251,26.9668
0.0450409,0.730067,0.05107,0.155025,16.7088,26.9668
0.0445311,0.755225,0.0549347,0.892773,15.9896,26.9669
0.0447727,0.72049,0.0554275,0.0541286,16.1041,26.9669
0.0404334,0.904328,0.0516929,6.09948,18.2692,26.967
0.0453471,0.675737,0.0547376,0.438737,17.0413,26.967
0.0440773,0.689607,0.0509546,2.92631,18.9778,26.9671
0.0445351,0.780893,0.0542532,0.581971,16.2801,26.9672
0.0439463,0.712155,0.0509218,2.28396,18.1648,26.9672
0.044119,0.74904,0.0560316,1.6411,17.5857,26.9672
0.042384,0.82173,0.0505377,3.70644,16.6107,26.9673
0.0433487,0.827003,0.0560472,1.20446,15.4746,26.9673
0.0437237,0.7177,0.0520064,2.09543,17.69,26.9674
0.0435495,0.768779,0.0508229,2.79233,17.2908,26.9675
0.0403702,0.901755,0.0534407,6.38015,18.052,26.9675
0.0411799,0.773038,0.0503075,6.24573,19.6905,26.9675
0.0408733,0.908353,0.05123,5.20409,17.21,26.9676
0.0408578,0.897283,0.0511883,5.67149,17.8212,26.9677
0.0441466,0.74618,0.0526434,1.95533,16.495,26.9677
0.0436531,0.794172,0.0574314,1.03281,16.2833,26.9677
0.0435514,0.828017,0.0539594,1.96537,16.281,26.9678
0.0438803,0.719155,0.051497,2.83386,18.0396,26.9679
0.0426745,0.847969,0.0554764,2.23068,16.9089,26.968
0.0436218,0.739116,0.0555989,2.45217,18.9676,26.9681
0.0437797,0.716984,0.0536836,2.7128,18.3886,26.9682
0.0438756,0.707317,0.0534629,2.36631,18.0745,26.9684
0.0445271,0.752,0.0578298,0.822258,16.3411,26.9686
0.0422002,0.772365,0.0506883,4.84979,18.0394,26.9686
0.0454912,0.650125,0.0511054,0.375469,16.8818,26.9686
0.0443543,0.782793,0.0535968,0.168978,15.3364,26.9687
0.0438144,0.779823,0.0517835,1.37001,15.461,26.9687
0.0441686,0.724212,0.0502022,1.03489,16.778,26.9688
0.0403573,0.898934,0.0545565,6.27524,18.6399,26.9688
0.0429282,0.843139,0.0515069,2.04757,16.9578,26.9688
0.0457481,0.624328,0.0502959,0.986022,17.2858,26.9688
0.0426273,0.860953,0.0531974,2.47572,15.9369,26.9689
0.0414744,0.881176,0.050688,4.77256,16.5418,26.969
0.0436471,0.734694,0.0553946,2.50415,18.2333,26.9691
0.0424724,0.807908,0.0535624,3.59394,17.4176,26.9691
0.0438575,0.718325,0.0510982,2.03583,18.0732,26.9691
0.0453258,0.688003,0.0540033,0.225327,17.0224,26.9691
0.0415625,0.881498,0.0522847,4.63997,17.804,26.9692
0.0436781,0.720518,0.0508604,2.64736,17.0799,26.9692
0.0399913,0.880795,0.05024,7.93996,18.4533,26.9692
0.0422653,0.84011,0.0550032,3.49925,17.0672,26.9693
0.0417607,0.912078,0.0508326,3.69754,15.8402,26.9693
0.0430158,0.803506,0.053335,2.05869,16.33,26.9694
0.0435758,0.799897,0.0539604,1.18399,15.7402,26.9694
0.0411106,0.869948,0.0536061,5.53702,18.7936,26.9694
0.0437689,0.770151,0.0544204,1.02955,16.4776,26.9695
0.0451756,0.678924,0.0519623,0.219328,16.8032,26.9695
0.0444302,0.727727,0.0524489,1.82365,17.3082,26.9695
0.0422998,0.771781,0.0510191,4.70526,18.555,26.9695
0.0420242,0.804125,0.0542125,4.77615,18.4178,26.9696
0.0411515,0.861053,0.0539204,5.62359,18.0741,26.9697
0.0408627,0.901186,0.0525164,5.23838,17.0812,26.9697
0.0433904,0.834056,0.0571292,1.67286,16.6714,26.9698
0.0434423,0.754857,0.0511783,2.08711,17.132,26.9698
0.0427895,0.768981,0.0554946,3.38943,18.0262,26.9698
0.0426809,0.865033,0.0550261,2.22045,16.4468,26.9699
0.0452258,0.675247,0.0516215,0.392719,16.7209,26.9699
0.0425548,0.797522,0.0530796,3.2318,17.2325,26.97
0.0437729,0.728304,0.0507866,2.89368,17.6773,26.97
0.0408992,0.886858,0.0519167,5.84936,17.8483,26.97
0.0434967,0.832075,0.0549553,1.53546,16.7178,26.97
0.043355,0.769991,0.0517118,2.52332,17.1709,26.9702
0.0442566,0.75107,0.0515469,1.59034,17.2303,26.9704
0.0442717,0.716266,0.0510357,1.49684,16.1973,26.9705
0.0425645,0.85972,0.0574584,2.93814,16.9332,26.9706
0.0442016,0.754966,0.0523594,1.17709,17.1758,26.9706
0.043373,0.765445,0.0524126,2.93137,17.2619,26.9707
0.0425613,0.795584,0.0527754,3.93266,17.3309,26.9708
0.0416721,0.843807,0.0505746,4.2514,17.5074,26.9709
0.0445993,0.685273,0.0519961,1.00331,17.167,26.9709
0.0441971,0.752321,0.0533741,1.89856,17.4449,26.971
0.0449256,0.717785,0.0516479,0.849165,15.6571,26.971
0.0432403,0.844781,0.0573723,1.5551,15.848,26.971
0.0453251,0.68935,0.0509527,0.470797,17.0729,26.9711
0.0450047,0.649182,0.0513987,1.63575,18.5592,26.9712
0.0434127,0.824219,0.057962,1.62152,16.1413,26.9714
0.0441547,0.754349,0.05401,1.68225,17.0395,26.9714
0.0421028,0.790547,0.0512282,4.97544,18.5816,26.9714
0.0405753,0.935363,0.0506048,5.78287,16.7847,26.9715
0.0441026,0.753534,0.0541984,1.59547,17.3628,26.9716
0.0431287,0.811111,0.0541263,2.57397,17.2761,26.9717
0.0430893,0.786212,0.0524621,2.15682,16.2481,26.9718
0.0406323,0.931639,0.0540426,5.76938,17.3397,26.9718
0.0433816,0.841118,0.0565446,1.92654,16.6304,26.9718
0.0443854,0.778629,0.0532863,0.66166,15.0469,26.9718
0.0447593,0.728109,0.0557438,0.168772,16.0612,26.9718
0.0423295,0.842561,0.0521265,3.50925,17.99,26.9719
0.0436513,0.815669,0.0546893,1.46837,16.8603,26.972
0.0424504,0.874565,0.0602225,2.71911,16.4374,26.972
0.0452266,0.69637,0.0549287,0.871901,17.9108,26.9721
0.0437387,0.793617,0.0523184,1.26015,16.2487,26.9721
0.0432407,0.840893,0.0623542,1.8873,16.8745,26.9721
0.0439242,0.75683,0.054055,1.79147,16.4115,26.9721
0.044155,0.724574,0.0519543,1.26209,16.3092,26.9722
0.0450903,0.713427,0.0545112,0.314562,17.146,26.9722
0.044212,0.802239,0.0615797,0.233299,16.8822,26.9723
0.0445226,0.710439,0.052652,1.89705,17.1557,26.9723
0.0438119,0.787355,0.0512663,1.0582,15.2356,26.9724
0.0425129,0.863536,0.058916,2.17255,16.891,26.9725
0.0438594,0.706075,0.0522601,2.31023,18.9491,26.9725
0.0445498,0.691004,0.0521614,1.71805,18,26.9725
0.0441902,0.798886,0.0561199,0.814089,15.678,26.9726
0.0450149,0.735923,0.0505898,0.379866,16.3814,26.9726
0.0454696,0.685956,0.0507656,0.0202533,17.0357,26.9726
0.0440072,0.689358,0.0521629,2.07203,18.2654,26.9726
0.0401821,0.930365,0.051222,6.17567,17.4016,26.9726
0.0429551,0.758408,0.0527848,3.23578,18.2692,26.9726
0.0453964,0.683789,0.0502982,0.241884,16.6741,26.9727
0.0456955,0.629755,0.0505339,0.499519,16.614,26.9727
0.0444659,0.771458,0.0551605,0.0386091,15.3483,26.9727
0.0441782,0.757524,0.0528179,1.49344,17.193,26.9728
0.0451913,0.686516,0.0538625,0.574761,16.3661,26.9728
0.0423654,0.837594,0.0516755,3.27799,17.1702,26.9729
0.0440167,0.739466,0.053181,1.88482,16.8669,26.9729
0.0426149,0.854363,0.0581365,2.00036,16.8791,26.973
0.0417615,0.835117,0.053213,4.56752,17.7117,26.973
0.0412078,0.847657,0.0517146,5.63199,18.2222,26.973
0.044022,0.745602,0.0531944,1.88341,16.6015,26.973
0.0412554,0.923785,0.0504331,4.51775,16.2559,26.973
0.0404589,0.957446,0.0516042,5.37013,16.2207,26.9731
0.0420041,0.798147,0.0538722,4.01753,18.6912,26.9731
0.0399201,0.90606,0.0503739,7.5034,18.6848,26.9732
0.0419114,0.875206,0.0549803,3.78587,16.7215,26.9732
0.0442734,0.80111,0.0580775,0.0524101,16.5367,26.9732
0.0427416,0.767863,0.0509877,3.24957,17.3186,26.9733
0.0427422,0.855309,0.055335,2.85408,16.4525,26.9733
0.0409034,0.887986,0.0506589,5.43961,17.5359,26.9733
0.0409955,0.876132,0.0554493,5.09482,18.067,26.9734
0.0436011,0.800667,0.0553553,1.13381,16.6053,26.9735
0.0418472,0.902889,0.0542926,3.70032,16.9392,26.9735
0.0435263,0.755849,0.0533602,2.90277,17.7392,26.9735
0.040393,0.893636,0.0528315,6.4406,18.9783,26.9735
0.0423163,0.831823,0.054444,3.76268,17.1384,26.9735
0.0446512,0.755913,0.0530282,0.965493,15.8731,26.9735
0.0449498,0.663217,0.0501646,1.57098,18.5887,26.9735
0.0427443,0.773423,0.0558723,3.61556,18.5084,26.9735
0.0412977,0.855546,0.0506861,5.21003,18.1017,26.9736
0.0428086,0.830514,0.0518902,2.65824,15.185,26.9736
0.0449927,0.69404,0.0502232,0.57004,15.286,26.9738
0.0412827,0.896144,0.0516997,4.69124,16.3029,26.9738
0.044245,0.736126,0.0551012,1.1029,17.2596,26.9738
0.0451406,0.705062,0.0537327,0.462339,17.6542,26.9739
0.0443603,0.773119,0.0569615,0.607045,15.3865,26.9739
0.0402751,0.837097,0.0512448,7.05408,19.8805,26.9741
0.0417259,0.920849,0.050974,3.23969,15.4935,26.9741
0.0442228,0.754135,0.0519013,1.50451,17.9409,26.9741
0.0404079,0.90339,0.0508717,6.1408,18.4899,26.9741
0.0431224,0.724696,0.0518181,3.76181,18.5024,26.9742
0.0426711,0.850447,0.0575194,2.63229,16.2006,26.9742
0.0427195,0.774728,0.0533869,3.54788,17.5357,26.9742
0.0422107,0.835897,0.050189,3.10736,16.7371,26.9743
0.0432869,0.833238,0.0572437,1.04894,15.6823,26.9743
0.0447372,0.681251,0.0510468,1.99097,17.7637,26.9744
0.0410264,0.800066,0.0509525,6.46579,19.8001,26.9746
0.04401,0.762139,0.0538088,1.06589,16.622,26.9746
0.0446714,0.672553,0.0508153,1.86141,17.7922,26.9747
0.0425503,0.876914,0.0566953,2.79332,16.8424,26.9747
0.0421331,0.865158,0.0553292,3.54355,17.4182,26.9747
0.0418109,0.827573,0.0523003,4.64592,17.365,26.9747
0.0451444,0.711769,0.053577,0.776817,17.683,26.9748
0.0401684,0.933317,0.0513123,6.24278,17.5951,26.9748
0.0438979,0.700733,0.0527539,2.78331,18.6535,26.9748
0.0420541,0.793305,0.0542431,4.28119,18.4494,26.9748
0.0433169,0.848241,0.0546297,1.21932,15.1006,26.9749
0.0424634,0.808711,0.0526199,3.8683,17.2148,26.975
0.0430374,0.802647,0.0503991,2.2179,16.8527,26.975
0.0431503,0.797446,0.0564077,2.4098,17.7467,26.9751
0.0440244,0.738376,0.0521841,1.07822,16.1067,26.9751
0.041523,0.871835,0.0524371,4.67653,17.2257,26.9751
0.0441355,0.811721,0.0607645,0.375644,16.1014,26.9752
0.0455189,0.652347,0.0506314,0.736469,17.0319,26.9752
0.0403456,0.909099,0.0530907,6.94073,18.8468,26.9753
0.0429094,0.762321,0.0505649,3.1538,17.2497,26.9753
0.0445256,0.783351,0.0542343,0.962095,16.8011,26.9754
0.0441697,0.795368,0.0623381,0.324313,16.2272,26.9754
0.0432713,0.797484,0.0514316,2.07261,17.5518,26.9754
0.0452678,0.70474,0.0523265,0.929048,17.0548,26.9754
0.0421449,0.857356,0.0558516,3.38361,17.8773,26.9756
0.0415467,0.885594,0.0523821,4.29161,17.7192,26.9756
0.0425716,0.813025,0.0529202,3.80866,17.7001,26.9756
0.0431746,0.79202,0.0548774,2.99474,17.7054,26.9756
0.0434035,0.822991,0.054374,1.83369,15.5235,26.9757
0.0428557,0.769931,0.053871,3.39186,18.6604,26.9757
0.0447354,0.765913,0.0511868,0.808548,16.3647,26.9757
0.0419387,0.811699,0.0539345,4.44421,18.5404,26.9757
0.0418985,0.885679,0.0556985,3.61392,16.4083,26.9758
0.0420971,0.787507,0.0515507,4.50907,18.0111,26.9758
0.0453159,0.681692,0.0523736,0.92009,16.3018,26.9758
0.0431999,0.859232,0.055768,1.6079,15.0609,26.9759
0.0422514,0.760723,0.0515913,4.60774,18.2538,26.976
0.042793,0.8302,0.0558181,2.30855,16.7899,26.976
0.042659,0.869746,0.0542196,2.64773,16.1259,26.9761
0.0448408,0.674552,0.051136,1.03915,18.3533,26.9762
0.0437927,0.721772,0.0537019,2.14749,18.279,26.9762
0.0436358,0.810052,0.0530288,1.12865,16.3845,26.9762
0.0437938,0.774944,0.0530267,1.54752,16.7452,26.9764
0.0424979,0.866402,0.0593611,2.30565,16.8388,26.9764
0.0448047,0.723939,0.0529434,0.974849,16.8375,26.9765
0.0454926,0.662899,0.0512589,0.806487,16.0885,26.9765
0.0423615,0.837176,0.0545762,3.00809,17.5638,26.9765
0.0435237,0.831841,0.054258,1.00535,16.5976,26.9765
0.0432508,0.780199,0.0522518,2.68205,16.4383,26.9766
0.0434768,0.758602,0.0501645,2.06914,16.746,26.9766
0.040136,0.935473,0.05182,6.49108,17.1002,26.9766
0.0443608,0.716573,0.0550102,1.50674,17.8513,26.9767
0.0442377,0.736229,0.0521303,1.64699,16.5972,26.9767
0.0442067,0.743966,0.0551656,1.47405,17.148,26.9767
0.0429735,0.816959,0.0503673,2.025,15.2653,26.9767
0.0425896,0.874722,0.0554138,2.35172,16.4201,26.9768
0.0454873,0.657167,0.0503062,0.6949,17.6023,26.9768
0.0390094,0.977733,0.0508854,8.92068,18.8013,26.9769
0.0417728,0.827163,0.0514961,4.46974,17.8738,26.9769
0.0428377,0.774167,0.0521932,3.46454,18.9369,26.9769
0.0441593,0.740941,0.0550916,1.10323,17.4459,26.9769
0.0390619,0.958408,0.0524662,8.3283,18.7042,26.977
0.0411122,0.86965,0.0526445,5.63801,18.9319,26.977
0.043452,0.837139,0.0552695,1.79501,16.6056,26.9772
0.0410993,0.875732,0.0534569,5.50018,18.5725,26.9772
0.0431295,0.726109,0.0519527,3.15624,18.8039,26.9773
0.0425394,0.878754,0.0559836,2.15921,16.9978,26.9773
0.0437314,0.784845,0.0530493,1.52988,15.1192,26.9774
0.04494,0.71877,0.0551678,0.612488,16.5518,26.9774
0.0437262,0.781459,0.0524931,1.1142,15.0925,26.9775
0.0450051,0.702106,0.0506169,0.206498,15.3217,26.9775
0.0423556,0.897599,0.0550417,2.32024,15.0751,26.9775
0.0411014,0.876368,0.0534756,5.41418,18.5205,26.9775
0.0446169,0.679663,0.0501663,1.45971,16.2833,26.9775
0.0433249,0.777243,0.0549672,2.8704,17.5864,26.9776
0.0454563,0.661321,0.0513464,0.765815,17.9755,26.9776
0.039728,0.921601,0.0525864,7.58006,18.9085,26.9777
0.0418714,0.842489,0.0505584,4.22772,17.2561,26.9777
0.0448457,0.716445,0.0550024,0.325319,16.1806,26.9777
0.0444871,0.777814,0.050663,0.231085,15.8514,26.9777
0.0411524,0.931996,0.0519251,4.25047,16.637,26.9778
0.0412695,0.844832,0.0501552,5.97958,18.598,26.9778
0.0411698,0.866791,0.0518382,5.12288,18.7648,26.9779
0.0453837,0.666261,0.052757,0.79197,16.8572,26.9779
0.0419938,0.826285,0.0523826,4.9287,18.9322,26.9779
0.041244,0.906525,0.0531614,4.35732,16.9523,26.978
0.0438166,0.774062,0.055877,1.73436,16.9481,26.978
0.0416739,0.844369,0.0515234,4.66186,17.7685,26.978
0.044061,0.7572,0.0548742,1.16419,17.204,26.978
0.0418563,0.890966,0.0561827,3.61751,16.8645,26.9781
0.0403485,0.910137,0.0530048,6.88105,18.1068,26.9781
0.0423398,0.761459,0.0511471,4.86707,18.498,26.9782
0.0437969,0.780015,0.0522366,1.71624,15.3965,26.9782
0.0437439,0.787974,0.0528235,1.47528,16.7275,26.9783
0.0411018,0.852107,0.0555407,5.4743,18.1159,26.9783
0.0426927,0.85489,0.0567448,2.03476,16.3565,26.9784
0.0436091,0.738062,0.0561892,2.75644,18.729,26.9784
0.0438494,0.768805,0.0514798,1.48558,15.7647,26.9784
0.0427494,0.777666,0.0557258,3.50774,18.0561,26.9784
