beta,permeability,xi,init_days,delay,value
0.0624408,0.0591518,0.081136,36.5353,5.2039,228.311
0.0619473,0.0066148,0.0725981,37.071,5.27047,230.426
0.0631601,0.0587305,0.0827136,35.9319,5.86223,235.213
0.0603831,0.151346,0.100138,38.3147,6.93466,235.946
0.0563064,0.161997,0.0849761,44.7949,6.06687,240.56
0.069917,0.0316692,0.0973364,28.9096,5.06538,241.579
0.0551021,0.296926,0.118113,45.7418,7.14585,242.047
0.0580809,0.0144143,0.0601454,42.6118,5.06965,242.117
0.0622168,0.0827046,0.0787218,36.6342,5.21225,243.187
0.0689891,0.0220981,0.0824999,29.8872,4.67659,243.794
0.0605842,0.0962504,0.0832032,38.8457,5.88821,244.132
0.0613959,0.0854778,0.0892084,37.6036,6.17718,244.327
0.0679239,0.0228149,0.0874046,30.718,5.63966,245.067
0.0646164,0.0755127,0.0994213,33.0741,5.38473,245.655
0.0523664,0.306403,0.0984972,50.1453,7.55521,245.89
0.0623033,0.0875334,0.0875626,36.2217,5.24308,246.435
0.0578704,0.0909165,0.0694717,42.4702,5.70422,246.715
0.0631891,0.0465259,0.0758457,35.4946,5.04181,246.832
0.0597,0.0115708,0.0728882,40.1782,6.66184,246.98
0.0634345,0.0128692,0.067978,35.1055,4.83695,247.151
0.0567285,0.206056,0.0885192,43.2442,6.53647,247.394
0.0645659,0.12444,0.09837,33.6891,5.77606,247.795
0.0669796,0.0127246,0.0923165,31.3755,5.61092,248.428
0.0576585,0.160549,0.0909441,42.5448,6.78879,248.633
0.0565178,0.118254,0.0754394,44.5602,6.95403,248.681
0.0588074,0.163416,0.101616,40.2588,6.26776,248.784
0.0665806,0.0641163,0.110155,31.7219,6.31779,249.059
0.0618275,0.0246446,0.0773683,37.8922,6.79497,249.377
0.067886,0.00984859,0.0991853,30.8262,6.44711,249.681
0.0678391,0.0513612,0.0930871,30.394,5.882,249.769
0.0603017,0.0380046,0.079802,39.7151,6.10917,250.075
0.0641049,0.0418015,0.0719761,34.4917,4.34968,250.173
0.0699187,0.00779906,0.102641,28.4167,5.08835,250.643
0.0607962,0.0124406,0.0584331,38.6778,4.84556,250.819
0.0592802,0.197017,0.112438,39.5055,6.40009,251.083
0.0607495,0.208713,0.114987,37.1566,6.49881,251.126
0.0678074,0.0230402,0.0808643,30.6969,4.91387,251.28
0.0653592,0.122009,0.114109,32.1403,6.06304,251.365
0.0555664,0.316628,0.129958,44.1467,7.3556,251.418
0.0695186,0.0672994,0.111259,28.3839,5.52874,251.477
0.0560894,0.18466,0.0803511,44.3596,6.16731,251.502
0.0575435,0.027828,0.0681565,43.3499,6.52509,251.598
0.0605939,0.234281,0.12348,37.9027,6.91906,252.159
0.0552698,0.272649,0.104859,45.665,7.07368,252.474
0.0569823,0.299514,0.132227,42.058,7.05353,252.838
0.0535872,0.26793,0.0938829,48.0744,7.12884,253.101
0.0732096,0.0131917,0.103274,25.659,4.00228,253.123
0.0572324,0.0416733,0.0572128,43.8836,5.94415,253.326
0.0569977,0.169664,0.100207,43.1448,7.36453,253.336
0.0656464,0.0593391,0.0862544,32.2698,4.83683,253.496
0.0500889,0.411955,0.124836,54.6601,8.44725,253.664
0.0600036,0.0620154,0.0743984,39.6188,6.79151,253.846
0.0585392,0.0501933,0.0606949,41.7933,5.69438,253.985
0.0655209,0.0899318,0.114869,32.8451,6.52694,254.106
0.0524038,0.31827,0.119675,50.1644,8.70855,254.423
0.0669943,0.125292,0.136162,30.9116,6.69641,254.444
0.0607419,0.06836,0.0777731,38.6506,6.8246,254.815
0.0629366,0.221309,0.139905,34.5377,6.78355,254.825
0.0576876,0.244739,0.132073,41.7682,7.93092,254.895
0.0592625,0.0637438,0.0785463,40.3572,6.65689,254.932
0.0595039,0.188706,0.111227,39.0058,7.38427,254.992
0.0507196,0.381261,0.121399,53.1248,8.32556,255.037
0.0629052,0.129024,0.0965369,35.5437,5.74834,255.371
0.0483474,0.452386,0.115405,58.5191,8.14837,255.503
0.0531829,0.359966,0.141119,48.3261,8.1502,255.512
0.0637135,0.117366,0.0906435,34.5603,5.10648,255.7
0.0581938,0.133778,0.0762015,41.1704,5.51847,255.885
0.0652657,0.150059,0.121283,32.2588,6.50954,255.945
0.0618511,0.00514614,0.0746327,37.3384,6.54871,256.019
0.0622688,0.0924503,0.0806207,36.3199,5.01509,256.032
0.0659126,0.0573935,0.0808535,32.5233,4.39255,256.093
0.0552318,0.12165,0.0674134,46.6226,5.54503,256.293
0.0672819,0.11857,0.106566,30.061,5.51008,256.38
0.0620779,0.0885587,0.0783589,36.7895,5.22925,256.548
0.0626302,0.1162,0.0916679,35.7104,5.48801,256.599
0.0623202,0.0330382,0.0677276,36.4306,5.9784,256.695
0.0595753,0.0524108,0.0713997,40.3008,5.99879,256.877
0.0552237,0.118337,0.0639884,46.7954,5.22894,256.883
0.0549201,0.350349,0.13382,45.9888,7.56222,256.907
0.074375,0.0223369,0.112924,24.0115,5.66788,256.961
0.057338,0.204592,0.114127,42.9384,8.74169,257.088
0.0506005,0.391019,0.128629,53.547,8.1778,257.193
0.0688605,0.0364871,0.0913264,29.7804,5.80162,257.339
0.0614211,0.0661717,0.0813942,37.9361,6.43416,257.402
0.0588012,0.30165,0.164022,39.3589,7.63997,257.579
0.068164,0.00731823,0.0979343,30.669,6.68871,257.611
0.0618536,0.169291,0.100075,36.2797,5.3629,257.778
0.0521516,0.234155,0.0777971,51.6837,6.86781,257.805
0.0606556,0.0551727,0.0621906,38.4637,4.03065,257.836
0.0579621,0.178649,0.0793365,41.0178,5.59186,257.997
0.0479607,0.44381,0.12008,59.2496,9.13461,258.028
0.0613835,0.0713466,0.0817855,37.1342,6.33794,258.113
0.0531874,0.361012,0.119779,48.7468,7.26518,258.129
0.0623606,0.0525378,0.0910582,36.5383,7.67623,258.221
0.0542238,0.361265,0.133462,46.318,7.29712,258.331
0.0634348,0.01734,0.0641838,35.0567,4.15874,258.42
0.0556208,0.167584,0.0893087,45.9752,7.74123,258.462
0.0529638,0.420791,0.157833,48.7213,8.50847,258.517
0.05876,0.195049,0.0919344,40.8311,5.59841,258.558
0.057296,0.229793,0.120846,42.2523,7.75446,258.656
0.0693471,0.0889546,0.1059,28.5443,4.07405,258.662
0.0651425,0.145882,0.110013,32.1088,5.94265,258.714
0.0551295,0.270896,0.107693,45.5727,7.54639,258.758
0.0589338,0.172039,0.104583,40.5076,7.82531,258.831
0.0549591,0.00782308,0.0596595,47.798,6.57362,258.866
0.0577462,0.0924215,0.0758381,42.2743,6.29654,258.874
0.0523562,0.442159,0.163742,49.2707,8.25472,258.926
0.0514547,0.443453,0.139311,51.5032,8.54673,258.979
0.0542412,0.373691,0.13296,46.1599,7.23004,258.98
0.0668776,0.166055,0.140991,30.4618,6.9691,258.991
0.0573683,0.3289,0.157974,41.0201,7.34065,259.003
0.0659324,0.0358543,0.101292,32.5514,7.25791,259.041
0.0585669,0.0595357,0.061902,41.6273,5.70196,259.109
0.0540615,0.304065,0.133053,47.1069,8.95678,259.344
0.0662805,0.10057,0.0905545,31.8244,4.65402,259.395
0.0579226,0.208285,0.120299,41.4298,8.56773,259.46
0.0606282,0.216007,0.131567,37.7328,6.61478,259.494
0.05923,0.246713,0.128697,39.8669,7.45511,259.572
0.0602063,0.0163537,0.0782292,39.9548,6.98771,259.593
0.0567463,0.288059,0.143756,42.2518,7.73068,259.635
0.0548671,0.24101,0.112867,46.3923,8.64157,259.891
0.0600771,0.15954,0.0891556,38.5127,5.82805,259.945
0.0548196,0.26287,0.122333,46.9367,8.09912,260.086
0.0526827,0.34242,0.106168,49.865,7.23592,260.115
0.0595859,0.272877,0.15404,38.7693,7.9461,260.194
0.0605061,0.0624756,0.0667161,38.2857,4.52773,260.203
0.0512737,0.294302,0.0762281,52.2435,6.97034,260.324
0.0647897,0.207257,0.147454,32.1711,6.87384,260.33
0.0573278,0.187041,0.0964424,42.5251,7.38794,260.398
0.0566464,0.0618663,0.0759357,44.7404,6.32324,260.497
0.0729117,0.0262098,0.112442,25.7166,4.73596,260.51
0.0638643,0.185619,0.144187,33.6899,6.64117,260.538
0.0682493,0.0908438,0.103299,29.1869,4.71049,260.555
0.0523762,0.342502,0.120911,50.1608,8.59397,260.599
0.0513692,0.439275,0.155459,51.9673,8.39512,260.618
0.0630378,0.0350938,0.0652956,35.4301,4.9613,260.667
0.0625115,0.00235287,0.0731202,36.8364,6.04193,260.695
0.065956,0.149053,0.133442,31.8634,6.26354,260.696
0.0667403,0.0111442,0.0706907,31.6211,4.67197,260.698
0.053121,0.172759,0.0618877,49.8938,5.17764,260.708
0.0544141,0.331345,0.135885,46.1815,8.21368,260.784
0.0590764,0.244883,0.113607,39.3182,6.4618,260.858
0.0492288,0.286956,0.0846867,57.206,7.22461,260.897
0.0697957,0.0201516,0.114253,28.3412,7.63894,260.918
0.063634,0.00420794,0.0775535,35.9277,6.61076,261.025
0.0640051,0.0476722,0.0823164,34.2354,6.28217,261.188
0.0694902,0.0797028,0.131996,28.251,6.74673,261.193
0.0648105,0.0491768,0.0773162,33.9309,5.18419,261.216
0.0558591,0.0797467,0.0618284,45.3643,6.7223,261.247
0.0654487,0.089026,0.121399,32.1681,7.44904,261.314
0.057403,0.290178,0.152523,41.9555,7.2582,261.361
0.0519353,0.105587,0.0545871,52.2888,5.0235,261.433
0.0512291,0.154648,0.0603355,53.0681,6.78781,261.502
0.0498146,0.18297,0.0609998,56.5494,6.08088,261.521
0.0694457,0.0920607,0.12493,28.2411,6.592,261.587
0.0506322,0.266366,0.0715033,54.2082,5.29198,261.625
0.0677822,0.156276,0.131101,29.619,5.32156,261.626
0.0730848,0.0500429,0.122697,25.1612,5.86295,261.658
0.049576,0.319788,0.0967723,56.5915,8.44682,261.713
0.0488048,0.441806,0.106957,57.5976,7.72405,261.849
0.053781,0.209922,0.0837002,48.0622,7.35607,261.882
0.0589586,0.296965,0.142288,39.5647,7.68501,261.893
0.0633925,0.162501,0.123327,34.3886,7.24359,261.897
0.0468983,0.4188,0.0884982,62.4991,7.63366,261.904
0.0596394,0.107785,0.0794329,39.9976,6.93778,262.008
0.0583102,0.29935,0.14455,40.7225,7.14112,262.048
0.0586456,0.192111,0.0911169,40.5101,6.13482,262.07
0.0505547,0.23092,0.0638794,54.5334,6.19174,262.076
0.0742306,0.0552808,0.119605,24.84,5.69525,262.079
0.0582147,0.310228,0.12526,40.1387,6.96997,262.216
0.0560689,0.244055,0.130402,44.2945,8.98254,262.218
0.0534443,0.171036,0.0790778,49.2322,7.97063,262.275
0.0670668,0.0119913,0.0953558,31.3747,5.35934,262.328
0.0690118,0.00679576,0.109041,29.6215,7.25933,262.466
0.0630464,0.185585,0.141436,34.488,6.85285,262.524
0.0542984,0.220704,0.0865493,47.2225,7.30754,262.612
0.0754397,0.00349318,0.132096,23.5526,5.37509,262.641
0.0618952,0.16559,0.102392,36.6477,6.60165,262.659
0.0609518,0.141878,0.082825,37.4509,5.40191,262.665
0.0666981,0.0190919,0.0824815,31.4166,5.42385,262.687
0.0518429,0.308088,0.104828,51.7634,8.36698,262.704
0.0719214,0.00870908,0.0969866,26.3305,4.61509,262.708
0.0556137,0.0522911,0.0698522,46.3553,6.17779,262.714
0.0580519,0.149529,0.0794007,41.7335,6.03625,262.759
0.0575875,0.0996682,0.0624951,42.3356,5.16546,262.817
0.0768907,0.0297313,0.131211,22.8733,5.60069,262.837
0.0636889,0.0854987,0.0878452,34.0841,6.58415,262.87
0.0531424,0.384699,0.131576,48.9992,7.85183,262.902
0.0592906,0.0896055,0.0902615,40.1769,7.01852,262.953
0.0627629,0.135395,0.116879,35.2435,6.4028,262.98
0.0520781,0.0868948,0.0578682,52.7645,6.83661,263.018
0.0606045,0.218885,0.146988,37.665,7.61959,263.065
0.0539975,0.284942,0.122825,47.4635,9.37887,263.08
0.0495666,0.441683,0.152206,55.7474,9.28566,263.093
0.0612723,0.119008,0.076995,37.9476,4.81785,263.235
0.0593039,0.204188,0.0852656,39.7205,5.58974,263.238
0.0687928,0.00785038,0.0692094,29.6143,3.25538,263.294
0.0579389,0.14853,0.0793589,41.8997,7.05953,263.368
0.057795,0.204763,0.0980704,41.2854,6.97568,263.369
0.0604019,0.111793,0.0876592,38.4025,5.95225,263.449
0.0557943,0.00235942,0.0646649,46.9207,6.44344,263.456
0.0528327,0.124245,0.0619759,50.3557,6.48761,263.495
0.0510302,0.396934,0.1443,52.2414,9.41496,263.515
0.0708197,0.0196336,0.0992206,27.0208,5.03604,263.555
0.0738896,0.0377558,0.135947,24.9412,5.58548,263.576
0.0534313,0.322682,0.103967,48.2356,7.49472,263.708
0.0508583,0.330686,0.0851756,53.4027,6.80256,263.752
0.0600244,0.186059,0.096933,38.2134,5.85556,263.759
0.0530467,0.125046,0.0721761,50.5407,6.4916,263.773
0.0514831,0.271981,0.0984612,52.8118,8.52032,263.804
0.0560151,0.0659002,0.0579525,45.8789,4.30182,263.807
0.0666513,0.175053,0.145086,30.0487,5.58189,263.815
0.0639856,0.00206103,0.0674659,34.5742,5.02147,263.87
0.0717555,0.0220669,0.104593,26.5234,4.25535,263.891
0.0627584,0.127108,0.095856,35.986,6.85367,263.894
0.063245,0.172465,0.103768,34.6472,5.05691,263.903
0.0736595,0.0796225,0.155446,24.8323,5.7053,263.959
0.0555397,0.228871,0.121412,45.1615,8.49905,263.982
0.0698406,0.00794079,0.0769147,28.4673,4.16333,263.985
0.0459269,0.494911,0.113535,64.0497,9.17591,263.997
0.0662832,0.110596,0.126368,31.9178,7.08998,264.075
0.0686358,0.0391551,0.0875084,29.5965,5.87561,264.091
0.0653397,0.103826,0.095883,32.4732,4.08852,264.21
0.056757,0.351475,0.147883,42.3011,7.23104,264.221
0.0645091,0.0983909,0.0833382,33.5602,4.58898,264.247
0.0484288,0.43885,0.126501,58.6325,9.9493,264.319
0.0526389,0.227516,0.0797756,50.9258,6.19939,264.385
0.0487113,0.437784,0.123714,57.2,9.00617,264.406
0.0640462,0.149669,0.11925,33.6017,5.02376,264.421
0.0680642,0.13768,0.131578,29.9792,5.69273,264.427
0.0723154,0.120905,0.149475,25.3896,5.91997,264.586
0.0657628,0.0432422,0.0859702,32.0656,6.69831,264.594
0.058681,0.194368,0.121419,40.5724,8.24539,264.65
0.0531973,0.0634652,0.0697974,50.686,7.7415,264.653
0.0519363,0.0693386,0.0540371,52.7943,6.84004,264.681
0.063713,0.242072,0.159835,33.2565,6.85631,264.702
0.0808439,0.0114636,0.161001,19.4714,5.21579,264.722
0.0589277,0.121795,0.0909839,40.1877,6.34025,264.731
0.0602818,0.0442229,0.0844538,39.1087,6.53498,264.885
0.0648053,0.0362333,0.0751352,33.7399,5.66111,264.908
0.0622655,0.197222,0.106017,35.5356,5.93336,264.952
0.0504732,0.415781,0.148926,53.0336,9.12557,264.982
0.0531565,0.278545,0.113161,49.0439,8.77974,264.984
0.0507085,0.330304,0.0779133,53.6535,6.06706,264.998
0.0511523,0.339183,0.088257,52.7512,7.92287,265.003
0.0545892,0.217616,0.0772328,46.3099,7.57367,265.03
0.0708682,0.0221773,0.119985,27.3249,6.13211,265.044
0.0718279,0.0572242,0.108131,26.4648,5.08789,265.054
0.0764789,0.0404623,0.13429,22.7271,4.57203,265.069
0.0553632,0.173506,0.0666507,45.3912,5.35691,265.102
0.0754381,0.0159624,0.145291,23.4021,6.4573,265.144
0.0689836,0.131373,0.15803,28.6309,6.27045,265.243
0.0719636,0.0029959,0.0813412,26.0986,3.16603,265.245
0.0510808,0.391602,0.14308,52.9927,9.53005,265.253
0.0679486,0.00242271,0.110971,30.9038,8.35647,265.266
0.0767788,0.00339653,0.137501,22.9601,5.0228,265.288
0.046724,0.270588,0.064691,63.9905,7.14016,265.338
0.0527133,0.363557,0.121619,49.6899,8.05347,265.36
0.049396,0.328217,0.0738631,56.8174,6.77798,265.376
0.06426,0.0221265,0.0959423,34.384,7.86391,265.419
0.0526712,0.0646756,0.0685458,51.8907,7.66422,265.43
0.0559889,0.349869,0.142405,43.4815,7.41132,265.432
0.0513184,0.282943,0.077539,52.0347,6.82078,265.477
0.0576652,0.173617,0.0869322,42.6739,6.17532,265.524
0.0609015,0.162453,0.098237,37.5968,6.36943,265.532
0.0452226,0.534809,0.114177,66.3503,8.71548,265.549
0.0658104,0.179948,0.156071,31.3655,6.34018,265.56
0.0544881,0.276929,0.105939,46.9825,7.00118,265.581
0.0600818,0.148511,0.088621,38.493,5.89254,265.637
0.0742418,0.00789538,0.130977,24.6765,5.19339,265.686
0.0587434,0.0260486,0.0613548,41.4215,4.1752,265.688
0.0571172,0.224214,0.106969,42.6212,7.15629,265.695
0.0651336,0.140717,0.142383,32.7916,7.55251,265.726
0.0562761,0.295834,0.142182,43.7908,8.50075,265.729
0.0527051,0.161347,0.0613551,50.2308,6.69245,265.76
0.0600338,0.00434626,0.0538652,39.6321,4.51894,265.765
0.0556442,0.152534,0.0634401,45.712,5.35772,265.898
0.0625014,0.0826194,0.0976125,36.2061,6.33729,265.9
0.0603931,0.0893389,0.0795053,38.0526,5.63982,265.912
0.0528094,0.325791,0.0971975,49.343,6.60011,265.916
0.050374,0.186372,0.0696191,55.5539,6.35147,265.925
0.0589124,0.142597,0.104377,40.7772,7.32372,265.946
0.0517259,0.157474,0.0670443,52.2862,7.34455,265.961
0.0470754,0.43481,0.0851658,61.7522,7.46291,265.964
0.0569696,0.0351779,0.0633454,44.5137,5.31049,265.977
0.055506,0.0673501,0.0772962,46.1628,7.79812,265.983
0.0546888,0.211041,0.0754466,46.9387,6.45198,266.045
0.0585377,0.246886,0.135265,40.4453,7.98887,266.061
0.051267,0.343606,0.11688,52.7898,9.03112,266.063
0.0727806,0.0885257,0.112696,25.4287,4.03864,266.115
0.0657286,0.00289859,0.0776696,32.5379,6.28162,266.141
0.0573977,0.322468,0.158725,41.8502,7.48896,266.144
0.0567335,0.0684709,0.060088,44.6777,4.76865,266.229
0.0489079,0.187561,0.0614578,58.2536,7.44007,266.234
0.067617,0.0564579,0.116464,30.5173,7.60014,266.253
0.0503082,0.154964,0.0540741,55.8892,5.3741,266.263
0.0490191,0.494534,0.145964,56.3081,9.31539,266.295
0.0605358,0.114315,0.0730662,38.115,4.40249,266.302
0.0570609,0.221881,0.0934255,42.5702,6.63004,266.304
0.0491792,0.413335,0.117845,56.5887,9.43727,266.306
0.0679684,0.11628,0.121442,29.6077,5.7314,266.316
0.0552029,0.0521818,0.0513497,46.8857,4.51861,266.335
0.056134,0.311175,0.147973,43.7982,7.85915,266.347
0.0574443,0.0561619,0.0669779,43.4992,6.6526,266.377
0.0542867,0.220788,0.104369,47.3621,8.44495,266.402
0.0633842,0.0643398,0.0807978,34.5316,8.53229,266.419
0.0676491,0.183338,0.162174,29.1827,6.14875,266.424
0.0590805,0.075185,0.0669978,40.6356,6.87752,266.441
0.0618761,0.138759,0.124384,36.3922,8.53889,266.525
0.0770231,0.00820183,0.137878,22.2902,6.73357,266.558
0.0537524,0.191701,0.0686135,48.3534,5.78815,266.586
0.0611837,0.138503,0.121466,37.0245,8.88789,266.626
0.0503059,0.338573,0.103105,54.4164,8.74823,266.663
0.0555098,0.310133,0.124719,44.1304,7.42006,266.664
0.0448115,0.517068,0.0951129,67.3628,8.34778,266.723
0.0526701,0.141596,0.0558992,50.4983,5.38544,266.726
0.0532074,0.08147,0.0647393,50.7188,6.11641,266.73
0.0511423,0.104014,0.0591338,54.9683,5.49103,266.756
0.0509586,0.0025718,0.0512526,55.8361,5.80716,266.77
0.0529142,0.0101132,0.0634463,51.4435,7.93572,266.77
0.0644282,0.082893,0.076402,33.8705,4.55138,266.771
0.0582211,0.242205,0.151836,40.3872,7.06719,266.791
0.0547314,0.0907982,0.0716168,47.9978,6.74416,266.814
0.0637074,0.200606,0.149471,33.1747,6.77254,266.82
0.0639499,0.0715131,0.114903,34.5317,8.77461,266.865
0.0551411,0.276442,0.129231,45.2596,9.11208,266.868
0.0483091,0.422983,0.106094,58.7158,8.04466,266.869
0.0545245,0.241132,0.0727115,46.1038,5.02848,266.876
0.0727273,0.0746236,0.140326,25.9842,5.1857,266.879
0.0611987,0.1226,0.0961188,37.9122,7.41331,266.913
0.0510626,0.199767,0.0675513,53.9378,7.29414,266.924
0.0542703,0.105765,0.0683771,48.6309,6.65068,266.968
0.057839,0.169814,0.0799858,41.1596,5.76249,266.979
0.0531889,0.344298,0.145666,48.3422,9.39322,267.002
0.0699185,0.0163437,0.12053,28.0655,7.25302,267.009
0.0622478,0.0077886,0.0625145,36.638,4.8851,267.016
0.0672022,0.100014,0.0866469,30.3272,4.67766,267.037
0.067741,0.0505772,0.116526,30.1857,6.95063,267.053
0.0685845,0.0199824,0.0708684,29.53,3.81133,267.089
0.076456,0.0637198,0.143676,22.0236,5.10007,267.108
0.0559002,0.251708,0.0869619,44.5138,5.75956,267.155
0.0584117,0.231604,0.13369,40.7592,8.47656,267.172
0.049042,0.466452,0.159401,56.5612,10.3955,267.217
0.055799,0.258941,0.0994783,44.5711,7.20033,267.221
0.0483801,0.0726727,0.0550915,60.3162,7.18396,267.238
0.0569551,0.316756,0.137299,42.7055,7.31593,267.252
0.0472844,0.175591,0.0568031,62.65,7.75514,267.298
0.0716022,0.0314504,0.130145,26.1041,5.8589,267.3
0.0554405,0.0541436,0.057418,46.6809,4.94316,267.307
0.0624704,0.166327,0.107754,35.4033,6.88849,267.355
0.0477084,0.493532,0.148794,59.0273,9.6877,267.363
0.059488,0.145846,0.102882,39.6785,8.76413,267.371
0.058071,0.0375012,0.0576568,42.9288,4.73811,267.405
0.0781385,0.0276375,0.145348,21.8138,5.99774,267.411
0.0530349,0.252764,0.083293,49.8198,7.49393,267.529
0.0622191,0.185636,0.106469,35.8645,5.37493,267.544
0.0659307,0.120016,0.150065,31.738,6.86198,267.546
0.0547531,0.132574,0.0653205,47.175,4.96889,267.557
0.0465084,0.530988,0.151339,62.884,10.6589,267.577
0.0701238,0.101244,0.128651,27.3027,5.37521,267.583
0.0557965,0.120274,0.0811698,45.5103,6.90168,267.599
0.0694217,0.0742334,0.132437,28.0778,7.34012,267.605
0.0584606,0.219513,0.0930681,40.4177,5.19955,267.609
0.061246,0.202707,0.160054,36.9272,7.08065,267.629
0.0728887,0.014802,0.0997306,25.8442,4.97843,267.659
0.0536711,0.389408,0.137419,47.6076,7.32085,267.673
0.0665364,0.0495712,0.104448,31.6878,6.56899,267.738
0.0576576,0.0705217,0.0706972,42.9158,7.40572,267.741
0.0764727,0.0410327,0.141354,22.3642,5.42312,267.757
0.0606586,0.0720096,0.0884356,38.2513,7.95631,267.8
0.0671742,0.0923989,0.0940483,30.8084,4.44411,267.811
0.0630389,0.201827,0.107207,34.2855,5.55402,267.832
0.0609827,0.143678,0.0955529,37.6165,7.40672,267.837
0.0534061,0.230805,0.0735952,48.8784,7.62527,267.879
0.0652002,0.114932,0.096746,32.2339,5.0263,267.913
0.0572066,0.235217,0.0903035,42.295,5.3474,267.946
0.0545629,0.308539,0.122112,46.1199,7.12553,267.959
0.0709583,0.136049,0.158588,26.5562,5.57028,267.961
0.0572417,0.375835,0.15632,41.863,7.93669,268.033
0.0741079,0.0714587,0.130466,24.3259,5.30522,268.041
0.0475443,0.441572,0.0945947,60.9425,7.31958,268.044
0.0456034,0.298074,0.0626415,66.918,7.37414,268.104
0.048887,0.365035,0.0901776,57.8963,8.322,268.146
0.0712477,0.0946437,0.116497,26.8265,4.48607,268.174
0.0550676,0.224679,0.0824667,45.1895,8.3152,268.193
0.0603235,0.14671,0.117174,38.1907,7.66015,268.199
0.0689072,0.118343,0.130234,28.6795,5.83138,268.21
0.0604539,0.216587,0.10378,37.1137,5.04546,268.239
0.0488688,0.389855,0.112834,57.6824,9.70861,268.24
0.0452061,0.515718,0.0966566,66.1268,7.38891,268.245
0.0502166,0.137889,0.0560006,55.2096,7.83009,268.246
0.0609544,0.0805237,0.0881093,38.9343,6.20919,268.249
0.0581027,0.105557,0.0658625,41.7415,5.59153,268.265
0.065492,0.10564,0.124146,32.6556,6.15994,268.289
0.0673633,0.0622931,0.0728434,30.1135,3.18499,268.319
0.0578405,0.270759,0.12986,41.3142,7.59115,268.464
0.0610214,0.138976,0.0706636,37.922,4.97503,268.493
0.049207,0.312487,0.0805781,57.2935,6.0017,268.508
0.0589914,0.17047,0.0870649,40.6846,5.51794,268.514
0.052955,0.391733,0.125093,48.8525,7.44786,268.521
0.0586992,0.186936,0.0768715,40.3888,5.5209,268.529
0.0583339,0.114062,0.073011,41.2397,4.70676,268.531
0.0718451,0.0660135,0.124477,26.7972,5.35557,268.533
0.0647971,0.0761044,0.118645,33.3886,8.46713,268.591
0.0611007,0.255874,0.163076,36.3709,7.37671,268.592
0.0654072,0.138542,0.112282,32.1594,5.3559,268.606
0.0574102,0.145739,0.0632407,42.2097,4.34885,268.612
0.0572793,0.18984,0.0984022,42.0195,8.69962,268.631
0.0635497,0.118661,0.0751952,34.0384,4.49659,268.637
0.0682572,0.00798281,0.0900935,29.3738,9.56638,268.655
0.0602859,0.142519,0.105043,38.7414,8.98273,268.693
0.0549066,0.0958242,0.0757345,47.9596,7.93567,268.699
0.059674,0.242243,0.146745,38.9236,7.36373,268.731
0.0539527,0.0373217,0.0642328,49.1449,6.88985,268.733
0.0561754,0.203799,0.105751,44.4032,8.79896,268.744
0.0618019,0.104129,0.0856032,36.3856,7.72755,268.777
0.0779416,0.0424242,0.133156,21.7537,4.57634,268.779
0.078004,0.0272025,0.140304,21.0963,4.82732,268.805
0.0523758,0.33819,0.147252,50.417,9.34204,268.858
0.0650188,0.042451,0.0947546,33.2302,5.21007,268.863
0.0580456,0.13737,0.0791792,41.9392,6.57778,268.887
0.0581367,0.102781,0.0672162,41.4169,5.45928,268.914
0.0521685,0.329369,0.0992802,50.0667,8.22178,268.916
0.0540526,0.05155,0.0580386,48.8174,7.82531,268.927
0.0448219,0.47477,0.081799,67.0618,8.77298,268.946
0.0781778,0.020401,0.104573,21.8998,3.3807,268.952
0.064551,0.09888,0.119983,33.3531,6.88734,268.958
0.0659539,0.146128,0.157254,31.2597,7.99636,268.962
0.0528954,0.252268,0.0859305,49.9757,8.13727,268.983
0.0600638,0.0971176,0.0818801,38.9399,9.80275,268.99
0.0569849,0.281372,0.141477,42.6375,8.6519,269.001
0.063305,0.157417,0.0847057,34.1822,4.05693,269.002
0.0636353,0.093546,0.116172,34.9224,6.65006,269.004
0.0481593,0.500318,0.157386,58.2205,10.7864,269.045
0.0642745,0.0433468,0.0784033,33.5267,8.22309,269.062
0.0695524,0.0104256,0.0881166,28.6077,4.27389,269.112
0.0621778,0.0779322,0.0809561,35.7004,10.2048,269.114
0.0495102,0.438487,0.132834,55.4321,8.59444,269.147
0.0580396,0.319871,0.123291,40.506,6.24838,269.158
0.0425593,0.639217,0.119231,74.6009,9.96468,269.158
0.0537145,0.101363,0.0606318,49.5865,5.79349,269.202
0.0754145,0.0220823,0.152539,23.1499,6.55502,269.214
0.0738582,0.0563415,0.111683,24.1177,4.32708,269.236
0.0541054,0.385992,0.152069,46.7404,7.34058,269.239
0.0573873,0.3383,0.12828,41.7515,6.35917,269.263
0.0480256,0.157441,0.0538385,60.644,7.43974,269.267
0.0596714,0.0903974,0.0745046,39.5202,7.91934,269.303
0.0688651,0.0178794,0.070462,29.6548,3.49793,269.34
0.0545859,0.165041,0.0679988,47.3305,4.4499,269.353
0.045834,0.517241,0.111276,64.308,9.54616,269.356
0.0528237,0.333253,0.147104,49.7688,9.11019,269.363
0.0668994,0.0597815,0.0924892,31.1557,5.37626,269.488
0.0599603,0.178071,0.105474,38.9837,6.96679,269.49
0.058052,0.186187,0.122366,41.5698,9.98388,269.496
0.0575579,0.192199,0.0993701,42.555,6.5617,269.503
0.0674364,0.0607125,0.132052,30.4432,8.57053,269.507
0.0593301,0.148748,0.0915697,39.4803,8.91568,269.512
0.0552508,0.173347,0.0707212,45.9156,7.75901,269.513
0.0699378,0.0269173,0.110058,28.1615,5.26194,269.57
0.0591209,0.135968,0.0836472,40.4006,6.64859,269.573
0.062797,0.227506,0.146289,34.3342,6.45456,269.575
0.0472101,0.435402,0.091016,61.4071,7.38597,269.576
0.0595037,0.328414,0.138031,38.5738,6.9034,269.583
0.0505384,0.105893,0.0539122,55.6603,6.30635,269.642
0.0696315,0.0451575,0.126769,28.4584,7.85167,269.679
0.0793817,0.00696245,0.137637,20.6541,4.40707,269.685
0.045095,0.587459,0.124391,66.2577,8.64019,269.697
0.0714463,0.0371329,0.157279,26.8408,6.5601,269.719
0.0647947,0.218233,0.137654,32.7709,6.06015,269.776
0.0506089,0.418185,0.137736,53.1872,9.99781,269.786
0.0742184,0.0369552,0.126263,24.2353,6.37783,269.797
0.0605593,0.0133329,0.0698894,38.2964,8.37235,269.8
0.0531803,0.242851,0.0980711,49.5627,7.1722,269.819
0.0476426,0.194204,0.0620595,61.335,7.51963,269.819
0.0573559,0.336024,0.133408,41.6802,6.01095,269.825
0.0695743,0.0344719,0.0716437,28.9325,3.44099,269.859
0.054612,0.0935911,0.0706983,47.1912,7.04987,269.865
0.0704206,0.100895,0.112933,27.4525,5.39289,269.876
0.0510609,0.382579,0.127159,52.2497,9.6616,269.879
0.0522342,0.321689,0.117522,50.7985,8.46183,269.916
0.0601869,0.0300895,0.0654929,38.5754,9.48715,269.924
0.0665325,0.02386,0.0819463,31.7757,4.26055,269.925
0.0651756,0.127391,0.139806,32.7715,7.04213,269.942
0.055535,0.321629,0.107624,44.9031,6.83683,269.984
0.0599299,0.242559,0.124599,38.54,7.12344,269.989
0.0550876,0.298414,0.145935,45.3611,9.35418,270.002
0.050165,0.222776,0.0688766,55.843,7.03123,270.016
0.0544339,0.263417,0.0870656,46.9331,6.08095,270.023
0.0505909,0.171063,0.0603233,54.4255,7.50595,270.049
0.0524568,0.268647,0.100308,50.0654,8.42634,270.062
0.0585589,0.211654,0.115964,40.2364,8.98575,270.063
0.0621952,0.0870127,0.081258,36.7385,4.43942,270.089
0.0505217,0.256075,0.0655019,54.8261,6.84899,270.115
0.0673638,0.106773,0.112131,30.6204,6.13685,270.13
0.0777768,0.0282791,0.114379,21.9836,3.88943,270.152
0.0511466,0.202317,0.0623307,53.1875,5.9485,270.174
0.049771,0.123105,0.0537708,56.4501,7.81275,270.184
0.052692,0.286138,0.0867049,49.705,8.90728,270.245
0.0461373,0.424579,0.0847719,64.896,7.18314,270.286
0.0645017,0.112447,0.0924974,33.3985,4.19503,270.327
0.0578701,0.186303,0.101307,41.0652,8.00077,270.341
0.0580805,0.151884,0.0998665,41.911,6.41331,270.364
0.0556537,0.143451,0.0673339,45.7415,4.10219,270.365
0.0612525,0.113241,0.111572,37.6567,7.55351,270.375
0.0714287,0.0747522,0.100696,26.0628,4.64831,270.381
0.0731796,0.0143226,0.115203,25.4408,6.8685,270.403
0.0467239,0.313407,0.0621461,63.456,5.45893,270.421
0.0439607,0.647165,0.150008,69.9246,10.1677,270.421
0.0798504,0.0117269,0.131177,20.4742,5.62828,270.429
0.0651544,0.0245207,0.100246,33.3655,6.0507,270.431
0.0601239,0.21815,0.123264,38.8751,7.46756,270.438
0.0466293,0.524969,0.138238,62.9896,9.8543,270.447
0.055121,0.309357,0.152971,45.4318,8.67567,270.447
0.063331,0.021855,0.0682071,35.1992,3.56712,270.452
0.0619345,0.145781,0.124061,36.2716,8.00911,270.457
0.0440553,0.596626,0.132238,69.4169,10.393,270.461
0.0592842,0.172025,0.0945675,39.0865,7.48977,270.462
0.0420679,0.603842,0.0969967,76.8299,8.90117,270.464
0.0656807,0.0409835,0.106908,32.8083,8.63025,270.467
0.0528251,0.233496,0.06863,49.8116,6.25808,270.488
0.0636179,0.211491,0.15428,33.0794,6.22848,270.496
0.0648176,0.0107573,0.0629193,33.0153,3.02415,270.501
0.0691092,0.107672,0.137926,28.6696,5.88403,270.513
0.0678432,0.0271701,0.0921819,30.9112,4.41588,270.545
0.0736386,0.0245291,0.150426,24.8365,5.25009,270.548
0.0766488,0.050332,0.11909,22.2475,4.64158,270.574
0.0586587,0.148941,0.0883672,40.5368,8.81808,270.575
0.0689554,0.126019,0.118322,28.6835,5.34891,270.592
0.0591031,0.0798451,0.0818869,40.2559,6.33101,270.628
0.0793641,0.0100545,0.123286,20.9939,3.92825,270.646
0.0542701,0.36375,0.153585,46.872,9.8375,270.648
0.0722796,0.0784844,0.155794,25.3641,5.4156,270.678
0.0794203,0.0470465,0.133632,20.7245,4.68531,270.697
0.0478138,0.429161,0.0867769,59.0023,7.82718,270.713
0.0538949,0.288945,0.117859,47.5311,7.75607,270.726
0.0626375,0.0162638,0.0627791,36.5537,3.1318,270.731
0.0613038,0.265068,0.158292,36.5444,7.99812,270.734
0.0533026,0.364892,0.14441,48.9425,8.28431,270.766
0.0557154,0.13452,0.0782358,45.5358,7.34736,270.788
0.0608258,0.168533,0.109459,37.985,7.14076,270.791
0.0663091,0.0639258,0.105305,31.3657,8.39131,270.801
0.0499397,0.448231,0.164848,54.4546,10.1998,270.824
0.0660169,0.143081,0.148781,31.166,7.2387,270.847
0.0633958,0.0861302,0.0813466,34.9296,7.62981,270.879
0.070706,0.0329386,0.131258,27.5305,6.02226,270.894
0.047047,0.412803,0.07637,61.3327,7.09008,270.913
0.0669119,0.119091,0.112833,30.0532,5.09634,270.932
0.0523284,0.337453,0.114619,50.2639,7.44863,270.939
0.0585627,0.176488,0.101884,40.4051,6.86929,270.991
0.0674482,0.0702088,0.113347,30.3772,7.29498,270.994
0.0458703,0.544367,0.133413,64.1317,9.10756,271.026
0.0552082,0.238164,0.080517,45.3421,5.22814,271.037
0.0658384,0.0581579,0.122851,32.861,7.08957,271.048
0.0543273,0.357137,0.137161,46.2136,7.22545,271.062
0.0504272,0.378036,0.102989,53.411,9.47808,271.062
0.0670214,0.0853653,0.129047,30.4508,5.68748,271.068
0.0510146,0.138814,0.064549,54.3054,6.64766,271.085
0.0516293,0.330042,0.0931968,51.2271,8.57897,271.087
0.0708335,0.0551645,0.0914853,27.551,4.55583,271.095
0.0564779,0.21439,0.0811419,43.573,6.17073,271.101
0.04899,0.0282072,0.0529529,59.7751,6.96262,271.109
0.0559771,0.105309,0.077213,45.7312,7.97132,271.125
0.0528773,0.193034,0.0675079,49.3026,8.89685,271.127
0.0631832,0.0398343,0.0840265,35.725,7.31935,271.129
0.0741178,0.0485973,0.117544,24.5384,5.44283,271.15
0.0456895,0.589128,0.145946,64.7475,9.87342,271.16
0.0461432,0.523755,0.131036,63.7085,9.12936,271.165
0.0709712,0.119708,0.125026,26.2664,4.6078,271.215
0.0659569,0.131387,0.0948673,31.6562,4.44264,271.254
0.062883,0.06212,0.102509,35.9337,6.11355,271.263
0.0779653,0.0322814,0.146149,21.7077,4.0072,271.272
0.0574446,0.104453,0.0756756,42.1085,8.70797,271.279
0.0566578,0.318006,0.117274,42.9902,6.01265,271.333
0.0655801,0.0237087,0.0808988,32.5442,6.07683,271.351
0.0481942,0.350272,0.0816344,59.6618,7.10023,271.366
0.070287,0.0871836,0.155476,27.9964,6.99057,271.373
0.0599985,0.194739,0.146943,38.6894,9.1292,271.393
0.050611,0.325525,0.0791099,53.3601,6.69736,271.408
0.0605674,0.0873283,0.094831,38.4789,7.90324,271.421
0.046282,0.525579,0.156597,63.0848,10.5156,271.425
0.0545011,0.0414684,0.0615865,48.9619,6.87525,271.438
0.0514847,0.251269,0.0670155,52.3488,5.03818,271.48
0.0727331,0.0676884,0.118973,25.7316,5.9963,271.494
0.0594775,0.0153666,0.0633854,40.0336,6.80121,271.508
0.0634949,0.0393181,0.0746976,34.5598,7.60041,271.54
0.0544333,0.248034,0.0957996,46.231,9.94922,271.542
0.0681878,0.10599,0.0948051,29.6765,4.61657,271.597
0.0540138,0.278196,0.122747,47.7695,8.16636,271.614
0.055746,0.0410036,0.0588194,45.0031,7.77957,271.631
0.0630382,0.179844,0.0869724,34.7972,4.8681,271.634
0.0479579,0.458202,0.148443,59.4432,10.5481,271.643
0.0715148,0.0868857,0.116451,26.5697,5.20885,271.664
0.045662,0.485487,0.111852,65.681,9.65143,271.669
0.0441665,0.543643,0.0943423,69.8777,7.8844,271.671
0.0528169,0.250512,0.072448,49.4691,5.4585,271.685
0.0545241,0.129316,0.0883231,47.9436,7.12005,271.693
0.0751676,0.0354359,0.163354,23.7545,6.02731,271.696
0.0662425,0.0865339,0.0922037,31.6869,5.59358,271.697
0.0588187,0.0370919,0.0573364,41.5368,3.97659,271.708
0.0523041,0.134392,0.0633237,51.6393,7.93939,271.726
0.061125,0.0111882,0.0633738,38.5673,5.29937,271.738
0.0563887,0.108197,0.0645453,43.5426,9.93233,271.739
0.0589486,0.0314347,0.0610152,40.5641,8.89383,271.758
0.0701367,0.114604,0.121804,27.9607,5.55693,271.76
0.0514353,0.299403,0.101068,52.3129,7.89266,271.763
0.0594969,0.195072,0.0882412,39.6576,5.92414,271.774
0.0571639,0.164447,0.0710866,42.836,5.7694,271.779
0.0635313,0.1054,0.124384,34.7137,9.84131,271.785
0.0604782,0.119582,0.0826454,38.6198,4.78965,271.859
0.0553392,0.210529,0.10556,45.5007,7.82046,271.863
0.0694461,0.040755,0.0730283,28.9909,3.30058,271.873
0.0568195,0.169326,0.0781711,42.1867,10.9175,271.907
0.0780247,0.0343396,0.159424,21.1389,6.83935,271.911
0.0459634,0.523454,0.14548,64.5312,10.969,271.917
0.0584108,0.0960732,0.0792546,41.0317,5.61516,271.919
0.0618229,0.173938,0.0917078,36.6491,5.43213,271.926
0.0490173,0.504546,0.133915,56.6466,8.96577,271.94
0.0533188,0.29416,0.112413,48.6018,9.76561,271.954
0.0745123,0.0217439,0.0932833,24.4908,3.96316,271.963
0.0609365,0.23354,0.1588,36.9349,6.03908,271.968
0.0559992,0.333521,0.162918,43.9256,8.06423,271.986
0.0545509,0.261934,0.109306,46.9158,8.58782,272.013
0.0505316,0.304671,0.0735384,53.0394,8.658,272.013
0.0597041,0.111148,0.0871652,39.0139,5.67245,272.023
0.0487437,0.326819,0.0809912,58.1904,6.61363,272.036
0.0511433,0.355758,0.0984081,52.08,6.57964,272.041
0.0589448,0.10367,0.0839898,40.1308,7.33544,272.044
0.0478383,0.464515,0.131989,59.579,10.4085,272.049
0.0538424,0.292114,0.114126,47.5964,7.70407,272.068
0.0604044,0.249863,0.105938,37.9763,5.16619,272.069
0.0754172,0.0219331,0.153607,23.1715,6.22472,272.082
0.0532838,0.369655,0.146214,48.1183,8.99709,272.092
0.0488984,0.275041,0.0623827,57.8792,7.24528,272.102
0.0603174,0.124945,0.0974484,38.1465,8.53903,272.139
0.0499956,0.0205312,0.0504165,57.5189,5.20457,272.164
0.0607184,0.224548,0.15127,37.7006,7.59773,272.174
0.0486205,0.448679,0.12243,57.5943,9.47675,272.18
0.0657936,0.148581,0.100537,31.7155,4.48811,272.182
0.0472688,0.229096,0.0595773,62.4148,6.89422,272.242
0.061683,0.0117632,0.0668831,36.6456,10.2139,272.253
0.070908,0.0529208,0.12868,27.0914,6.08986,272.261
0.0652398,0.1538,0.135842,32.3932,7.43793,272.285
0.0699154,0.00428692,0.116402,28.5196,6.05183,272.297
0.0628682,0.0501856,0.0827153,35.8563,8.69783,272.307
0.0510759,0.349749,0.10103,52.2934,7.2693,272.347
0.0732389,0.0391325,0.135033,25.8261,6.32345,272.35
0.0489708,0.463493,0.161819,56.5745,9.81241,272.366
0.0441791,0.533538,0.0896125,69.5047,7.49085,272.378
0.0537649,0.329415,0.152259,47.1059,8.62332,272.382
0.0638002,0.204716,0.116733,33.1548,5.8561,272.383
0.0660801,0.133786,0.12849,31.4038,5.29581,272.428
0.0654357,0.0847124,0.137494,32.2113,9.14817,272.479
0.0520475,0.162102,0.0661726,51.0049,8.57019,272.484
0.0649338,0.152415,0.147273,32.5317,7.42969,272.491
0.0552373,0.257714,0.0864786,45.7956,5.89964,272.536
0.0533165,0.331701,0.152528,48.3716,9.68243,272.591
0.0579081,0.178262,0.117498,41.0644,7.56662,272.599
0.0536598,0.361204,0.113402,47.1013,6.04279,272.613
0.0442699,0.556573,0.0948802,68.6925,9.81849,272.615
0.0721081,0.0195522,0.130636,26.0006,7.22268,272.639
0.0643775,0.0730623,0.0894867,33.0681,6.98213,272.653
0.0500433,0.408549,0.10813,54.757,7.61717,272.713
0.0508919,0.161435,0.0692709,54.8946,6.97636,272.726
0.0613222,0.132936,0.0981955,36.0974,10.2924,272.729
0.0440794,0.454117,0.0808531,70.3632,7.67338,272.735
0.0587902,0.0524254,0.083393,41.4703,7.19812,272.74
0.0599702,0.0452261,0.0790493,39.2293,7.34531,272.758
0.0626507,0.0942885,0.0831496,34.8382,11.4497,272.763
0.0488329,0.273233,0.068528,58.449,6.13441,272.777
0.0640829,0.171298,0.133948,33.6494,7.34068,272.794
0.0506298,0.402439,0.150161,53.4251,10.7863,272.796
0.0718938,0.047704,0.136623,26.7612,6.67896,272.801
0.0444264,0.541501,0.099227,68.7945,8.25122,272.808
0.0659516,0.00591565,0.0767084,32.717,6.34045,272.814
0.0504639,0.411533,0.108041,53.8518,8.04794,272.823
0.0582896,0.0877539,0.0562782,41.6591,4.6366,272.857
0.0479853,0.391478,0.0976743,59.8988,8.65907,272.86
0.0635161,0.255536,0.138504,33.7932,5.52662,272.882
0.0684504,0.0226597,0.100153,29.5604,7.9071,272.886
0.0683261,0.0395705,0.0821121,29.2305,4.11256,272.887
0.0540993,0.230296,0.0922755,47.3818,7.23015,272.904
0.0492126,0.388341,0.10626,56.4344,8.01674,272.912
0.0575304,0.279805,0.128668,41.5772,6.65079,272.959
0.0661386,0.138398,0.101927,31.6095,5.83374,272.964
0.0668745,0.0483277,0.0894641,30.6207,9.94485,272.974
0.0529213,0.218665,0.0624646,49.4555,5.76527,272.99
0.0526984,0.259725,0.0804091,48.9342,12.9836,272.992
0.0570875,0.211576,0.108709,42.0409,9.41627,272.995
0.0439652,0.246534,0.052236,71.9805,7.89074,273.004
0.0608836,0.143072,0.0864864,37.0623,6.27813,273.016
0.046053,0.569295,0.13846,63.2398,8.82312,273.019
0.0673107,0.0263404,0.100925,30.6606,9.2483,273.019
0.0522041,0.0934365,0.0583956,52.898,5.73094,273.026
0.0475926,0.0558268,0.0548328,62.1776,7.92064,273.04
0.0583556,0.101425,0.0711977,41.8141,4.32046,273.061
0.0689048,0.0546291,0.0854491,29.7404,4.36996,273.075
0.0684468,0.0732006,0.116818,29.5476,7.098,273.077
0.0534956,0.273654,0.079163,48.8608,6.35091,273.077
0.0558316,0.250995,0.120074,44.4428,9.44986,273.098
0.0650005,0.113828,0.132656,32.8647,6.3631,273.101
0.0493388,0.387793,0.12786,56.7026,9.59557,273.121
0.0613897,0.193441,0.138214,36.1511,7.72499,273.129
0.0710578,0.0967369,0.15916,26.7859,5.85065,273.132
0.0512396,0.0596571,0.0525859,53.3216,8.74478,273.138
0.0611347,0.132471,0.127603,37.4475,9.12747,273.147
0.0470859,0.080377,0.0512042,63.9973,7.39798,273.172
0.0517766,0.35262,0.125982,51.6577,9.02247,273.185
0.060602,0.0785468,0.0759523,37.3891,10.1572,273.185
0.0443876,0.552731,0.0999608,68.8272,8.79272,273.198
0.0489201,0.0409331,0.0528356,59.0638,6.08036,273.198
0.0564302,0.0955549,0.0628044,44.0051,4.6957,273.202
0.0686912,0.0341612,0.138402,29.3322,9.57886,273.205
0.0526501,0.379766,0.163077,49.6282,9.58996,273.217
0.0597855,0.25311,0.0952756,38.9982,5.74925,273.229
0.0513691,0.335369,0.0965342,51.7532,10.7547,273.236
0.0531267,0.375504,0.160924,48.1135,9.81896,273.249
0.0658633,0.194666,0.135387,31.3863,6.91554,273.26
0.0639012,0.10469,0.132459,34.1625,8.61411,273.263
0.0570079,0.25833,0.140545,42.2574,7.37442,273.278
0.0551709,0.223865,0.0890714,44.0367,12.7025,273.282
0.0570973,0.0369863,0.0530264,43.8097,5.90357,273.284
0.0680258,0.105174,0.111055,29.0565,5.75826,273.324
0.0806434,0.0122374,0.144206,19.9163,4.12607,273.347
0.0719921,0.0468282,0.122061,26.1406,5.49713,273.37
0.0430014,0.666449,0.158922,72.039,10.5726,273.385
0.0698734,0.013247,0.134289,28.6467,9.86766,273.391
0.0579786,0.284933,0.157301,40.66,7.061,273.425
0.0630396,0.17683,0.154013,34.4213,7.73422,273.434
0.0766851,0.0148669,0.161093,22.5003,6.28462,273.434
0.0526313,0.16988,0.062379,50.3142,5.55332,273.438
0.0615401,0.218651,0.150496,36.128,7.9291,273.458
0.0532395,0.347419,0.116664,48.6103,8.72378,273.469
0.0710986,0.0592784,0.151226,26.4501,5.80791,273.483
0.0603467,0.165719,0.0991176,37.263,10.8106,273.487
0.0573097,0.223192,0.10977,42.5812,6.66627,273.498
0.0697315,0.171329,0.14617,27.9146,5.23727,273.512
0.0608228,0.174332,0.119869,37.0003,8.66634,273.515
0.0549741,0.286044,0.104428,45.632,8.07755,273.516
0.0717847,0.00211184,0.0928469,26.7445,4.73159,273.517
0.0521544,0.186368,0.0675735,51.2886,7.84391,273.528
0.057901,0.082297,0.0655891,41.381,9.06445,273.544
0.0496386,0.252645,0.0619472,56.5378,6.08509,273.547
0.0448664,0.552146,0.124555,67.6428,9.73514,273.554
0.067045,0.0907311,0.112362,30.373,5.15581,273.568
0.0568395,0.299149,0.150647,40.2879,17.9948,273.572
0.0568055,0.341393,0.154171,42.0668,7.88888,273.574
0.0625599,0.0865604,0.0732965,35.1444,4.44492,273.575
0.0550992,0.119048,0.0758057,46.627,7.12509,273.575
0.0691017,0.105598,0.153901,28.08,7.91645,273.575
0.0691847,0.0504582,0.140705,28.1947,6.90363,273.581
0.050154,0.398696,0.0948805,54.1367,6.96596,273.584
0.0516713,0.386721,0.118189,51.7289,8.77135,273.59
0.0615499,0.168708,0.107408,36.1346,7.13478,273.613
0.0642563,0.252237,0.157635,32.2677,5.1084,273.616
0.0655247,0.0569161,0.088028,31.2184,11.511,273.632
0.0622974,0.166498,0.110723,35.2399,6.10466,273.644
0.0529077,0.0901392,0.0539698,50.967,6.77396,273.655
0.0727828,0.0591774,0.145011,25.4573,7.10282,273.656
0.0618155,0.142931,0.100465,35.2344,11.992,273.659
0.059524,0.120781,0.0844047,39.2641,6.88464,273.661
0.0528045,0.352185,0.105703,49.9477,6.35458,273.672
0.0601532,0.21732,0.10107,38.1382,5.77147,273.689
0.0511266,0.253654,0.0724209,52.4826,9.00813,273.699
0.0557851,0.204704,0.0784427,44.3738,6.56004,273.7
0.0602098,0.0288703,0.0679075,38.4451,9.41606,273.714
0.0577406,0.0071512,0.0538093,42.6236,6.2176,273.747
0.0474489,0.399093,0.0714821,60.0118,6.67051,273.751
0.0645496,0.104127,0.144576,33.6212,9.93867,273.754
0.0449473,0.607267,0.148311,66.2782,10.3471,273.762
0.0568119,0.158822,0.0936977,43.9825,6.10457,273.765
0.053403,0.339217,0.141114,48.5543,8.94191,273.771
0.0728424,0.0316954,0.129393,25.6531,6.80582,273.773
0.0612786,0.151791,0.0865955,37.8441,5.93745,273.781
0.064558,0.132691,0.0897404,33.1264,4.20801,273.787
0.0481518,0.525283,0.139146,58.4748,8.26608,273.792
0.068449,0.0278404,0.117025,29.5613,5.87856,273.806
0.0572108,0.158571,0.070925,42.6695,6.89535,273.818
0.0687123,0.0109059,0.0694006,29.7019,4.44729,273.821
0.0683279,0.0345261,0.118262,29.9307,5.70827,273.823
0.0651019,0.145242,0.121543,32.6976,7.67794,273.837
0.0473183,0.487679,0.127515,60.7818,10.9213,273.85
0.0533734,0.422449,0.136156,47.7596,7.34857,273.881
0.0556004,0.320877,0.165043,44.5995,8.78517,273.881
0.0504869,0.402083,0.127093,53.4737,9.73833,273.883
0.056988,0.0429336,0.0632685,43.3468,8.28708,273.884
0.0665779,0.0580371,0.111021,31.4383,5.51676,273.898
0.0567541,0.277635,0.106648,42.7945,6.86087,273.9
0.0779987,0.0369033,0.111498,21.1166,3.95465,273.903
0.0491226,0.392869,0.0948115,56.5235,7.47918,273.904
0.0622232,0.0358657,0.0755575,35.2313,11.4726,273.908
0.056243,0.210541,0.124797,44.2757,8.70188,273.918
0.0675786,0.0179814,0.0729576,30.1237,3.27535,273.926
0.0619075,0.0861123,0.0878685,36.2109,8.54032,273.928
0.0715784,0.037135,0.114233,26.7597,5.39255,273.933
0.0673355,0.0225119,0.0896638,30.7761,7.9101,273.941
0.0619582,0.0223576,0.0679749,37.2948,5.39191,273.948
0.0627068,0.145152,0.135433,35.6091,8.6379,273.974
0.0555996,0.20778,0.0787436,44.3524,8.03302,273.996
0.0698871,0.0367135,0.102419,28.3915,6.52301,273.999
0.0591605,0.208915,0.103536,39.9426,7.81823,274.005
0.054607,0.079404,0.0594512,46.3141,10.8444,274.02
0.0482721,0.442513,0.106855,58.4212,7.26542,274.03
0.0754883,0.0263734,0.101907,23.2928,4.40662,274.036
0.0707157,0.0193262,0.104937,27.4521,7.84107,274.037
0.0538284,0.00953803,0.0622103,49.0766,7.79996,274.047
0.0650094,0.0413006,0.10951,33.8762,7.99194,274.049
0.059549,0.308184,0.150236,38.222,6.62529,274.056
0.0433974,0.626269,0.120216,71.8067,9.58266,274.07
0.0594769,0.0332681,0.0526072,40.4261,4.97703,274.071
0.0568189,0.129525,0.0718331,43.6098,7.26622,274.086
0.0562459,0.0955807,0.0667246,44.3937,6.74182,274.088
0.0608221,0.122531,0.0790837,37.5407,7.87642,274.097
0.0467883,0.0210236,0.0507941,64.8881,8.75005,274.103
0.0591492,0.189458,0.0943947,39.0931,7.01558,274.105
0.0557895,0.00724757,0.0511578,45.9211,7.35616,274.14
0.0655606,0.112545,0.136546,32.6221,7.19186,274.152
0.0571458,0.361045,0.129666,41.57,6.87109,274.182
0.0508905,0.39234,0.109383,52.2878,7.78054,274.183
0.0716096,0.024077,0.134631,26.2013,5.62063,274.21
0.0494528,0.421386,0.0950751,55.9046,7.49166,274.217
0.0641381,0.151106,0.0957968,33.4463,4.15845,274.222
0.0570351,0.00697572,0.0551665,43.8295,7.7521,274.224
0.0630264,0.130019,0.125081,35.9845,7.75995,274.225
0.0602298,0.193226,0.150001,38.7339,8.47631,274.227
0.062003,0.0267811,0.0625363,36.6032,6.78593,274.25
0.0611351,0.274963,0.133783,36.5008,6.76909,274.263
0.0493885,0.38363,0.105551,56.4987,7.61913,274.273
0.0513518,0.16463,0.0712503,53.736,6.97334,274.275
0.0573365,0.132079,0.071948,42.5458,5.34598,274.281
0.0598876,0.0307659,0.0656713,39.8073,5.96013,274.301
0.0508562,0.447969,0.137961,52.0763,7.06567,274.305
0.0504253,0.425748,0.162719,53.7347,10.6464,274.322
0.0605817,0.198287,0.128358,36.4283,13.7554,274.335
0.0572816,0.206772,0.0779106,42.6267,4.36685,274.354
0.0539297,0.291604,0.135983,47.3826,10.8198,274.362
0.0593916,0.179132,0.0868831,39.1093,6.5261,274.365
0.0701889,0.0529597,0.118683,27.9641,4.09208,274.389
0.0501319,0.291314,0.07283,54.7665,8.30934,274.39
0.047814,0.354189,0.0968551,60.9599,8.3758,274.403
0.0554811,0.323564,0.138058,44.2367,8.61874,274.404
0.0501591,0.326437,0.0750727,54.2672,7.20396,274.451
0.0687418,0.112578,0.144803,28.2541,5.57583,274.452
0.0627791,0.0298986,0.0702798,35.3378,8.18407,274.462
0.070219,0.0937245,0.156938,27.5424,7.57972,274.463
0.0619271,0.0233148,0.0663134,36.0414,7.15689,274.485
0.0621965,0.228739,0.157227,35.3551,8.01916,274.498
0.0499941,0.153673,0.0780629,56.6511,8.21241,274.504
0.0575896,0.17221,0.0775625,41.999,8.4568,274.506
0.070868,0.0492734,0.11948,27.6458,5.96297,274.507
0.0572787,0.195809,0.118587,42.6887,9.69798,274.525
0.0521651,0.369115,0.125503,50.0158,7.08706,274.542
0.0644,0.207949,0.150896,32.019,5.83442,274.548
0.0588974,0.211601,0.115148,38.7459,14.5742,274.563
0.0767339,0.0187742,0.114237,22.5865,3.69206,274.576
0.0643118,0.0875475,0.0954858,33.7949,5.50251,274.578
0.0576369,0.21177,0.0779483,41.8795,5.93598,274.604
0.0477484,0.363972,0.0808009,60.5237,6.64564,274.606
0.0559349,0.0752801,0.0559256,45.7341,3.19423,274.608
0.0516251,0.400665,0.107333,51.0886,6.69031,274.62
0.0540713,0.315002,0.114406,45.9591,14.2873,274.649
0.0542552,0.248957,0.121664,47.1845,8.19926,274.661
0.049706,0.336855,0.0850693,54.7601,12.9738,274.664
0.0750006,0.048884,0.165222,23.4281,6.17229,274.679
0.0723709,0.0986622,0.152582,25.7458,6.17766,274.696
0.047231,0.423141,0.108671,61.679,8.15829,274.706
0.0502171,0.391006,0.137639,54.4372,10.6131,274.718
0.0449081,0.285391,0.0648307,68.1932,8.96623,274.722
0.0550059,0.0393067,0.0572228,46.8359,8.64708,274.728
0.0634085,0.152642,0.13297,34.1538,6.47895,274.733
0.0608577,0.328605,0.159565,36.5522,6.98417,274.733
0.0537054,0.307593,0.103412,47.6002,8.73152,274.739
0.0634343,0.110259,0.105041,34.4233,6.51812,274.743
0.0616525,0.0680351,0.0705917,36.001,8.21496,274.745
0.0427685,0.621903,0.123752,73.9749,10.4332,274.748
0.055538,0.172519,0.100772,45.1415,7.07938,274.757
0.071892,0.00383877,0.130121,26.5527,7.73047,274.778
0.0536925,0.261091,0.0880611,46.8836,13.8746,274.779
0.0601094,0.0179504,0.0558275,39.1192,3.31662,274.784
0.0549767,0.0610139,0.0666004,47.5441,5.264,274.786
0.0663979,0.0668177,0.116441,31.7978,7.2476,274.79
0.067399,0.0129281,0.0829043,30.9805,6.79643,274.79
0.0499855,0.312336,0.0739733,55.3109,5.79408,274.791
0.0598435,0.205719,0.0870974,38.6438,5.57156,274.801
0.0402454,0.771556,0.144364,82.6421,10.5855,274.832
0.0534043,0.27722,0.0730403,48.3891,5.92563,274.837
0.0630761,0.0979624,0.118706,35.8238,8.16634,274.844
0.0524026,0.138244,0.064243,51.0404,5.88623,274.848
0.0676871,0.0337893,0.127647,30.8704,8.37785,274.856
0.0505813,0.405112,0.101067,53.9427,6.19634,274.859
0.0601492,0.137487,0.0903442,37.0519,12.8204,274.874
0.057437,0.152656,0.0850505,41.427,11.1167,274.874
0.0479605,0.293131,0.0772045,60.2972,7.52902,274.887
0.0688187,0.0891194,0.136344,28.9331,5.27112,274.888
0.0613632,0.138034,0.0987336,35.0287,14.532,274.888
0.0664918,0.0829117,0.140234,31.3888,7.93877,274.889
0.0439857,0.615565,0.125136,69.7263,8.4086,274.891
0.0651683,0.124976,0.155238,32.0506,9.55247,274.892
0.0688473,0.153406,0.129351,28.3546,5.1098,274.903
0.0573518,0.0987692,0.0660668,42.9444,8.71317,274.904
0.0525752,0.359249,0.11505,49.8925,8.12637,274.923
0.0521637,0.255901,0.0834297,51.3458,7.9956,274.924
0.0558979,0.0643869,0.0570762,45.3923,4.03605,274.939
0.0537398,0.257036,0.0834479,47.172,8.91229,274.96
0.0687776,0.113992,0.122695,28.0701,4.40907,274.964
0.0537733,0.346466,0.103953,47.8468,6.03947,274.964
0.0574286,0.218703,0.0878142,42.6964,5.7531,274.965
0.0713594,0.0774256,0.152086,26.3506,5.85185,274.969
0.0810708,0.023096,0.118448,19.6446,3.00119,274.974
0.0606999,0.165903,0.100371,37.3054,6.13159,275
0.051903,0.207227,0.0682044,51.6397,8.90619,275.01
0.0628504,0.067135,0.0737965,35.4313,6.27145,275.013
0.0541182,0.364894,0.163012,44.5525,18.8443,275.035
0.0438524,0.327426,0.0597458,71.7813,7.34249,275.046
0.05527,0.22575,0.105575,45.9058,7.87396,275.053
0.0537788,0.0160724,0.063639,49.7325,7.49976,275.062
0.0538972,0.295412,0.135668,47.3405,10.4693,275.067
0.0526052,0.162068,0.0675185,50.509,7.14592,275.073
0.043453,0.578757,0.122398,71.4294,10.4782,275.076
0.0570903,0.108809,0.0656555,42.4488,9.29448,275.077
0.0453454,0.505967,0.089938,65.8167,9.66338,275.078
0.0704401,0.0101479,0.103217,27.9513,8.0416,275.108
0.0551197,0.0521952,0.0559606,47.6227,3.07494,275.135
0.0587053,0.0329612,0.0567336,40.3146,8.14745,275.147
0.055166,0.282265,0.0891591,45.1008,5.23351,275.161
0.0570002,0.221265,0.0979886,41.1415,12.5081,275.183
0.0530327,0.434221,0.164145,48.9421,8.80121,275.198
0.0531202,0.290753,0.0878646,47.1149,12.6897,275.209
0.0606066,0.138608,0.0912664,38.6147,5.96312,275.221
0.053189,0.341531,0.111373,48.4296,8.3901,275.225
0.0542936,0.320043,0.107787,46.8786,7.02626,275.232
0.0576941,0.218808,0.111859,41.6038,9.96458,275.235
0.0456546,0.587594,0.150286,64.4646,9.2612,275.243
0.0571377,0.204619,0.0798268,42.7283,6.88404,275.257
0.0503029,0.179862,0.0575913,55.9631,6.78182,275.273
0.0710036,0.110575,0.121424,26.4709,4.01697,275.274
0.056795,0.195187,0.0923333,41.12,14.0337,275.282
0.0481971,0.440557,0.109781,58.1642,8.47889,275.287
0.0679901,0.100214,0.110558,29.4038,5.45565,275.289
0.0593762,0.111336,0.102046,40.7238,7.22396,275.304
0.0513895,0.0330842,0.0504841,53.114,7.31383,275.317
0.0506471,0.334819,0.0983324,53.7498,9.84988,275.318
0.0629922,0.0522728,0.0878386,35.2194,6.63334,275.335
0.0644403,0.0720893,0.0834315,32.6293,11.1757,275.356
0.0527373,0.297746,0.0970043,48.1123,12.7802,275.359
0.0503466,0.38056,0.0981712,53.5184,9.94321,275.363
0.0588449,0.278778,0.104498,39.4999,5.68618,275.395
0.0632548,0.149735,0.121083,34.239,7.86197,275.401
0.0534414,0.384334,0.135044,47.7264,7.73904,275.408
0.0694932,0.0989222,0.124777,28.8009,5.24513,275.42
0.0645993,0.068143,0.0814931,33.3185,6.73136,275.421
0.0580737,0.290808,0.112938,40.7026,6.6579,275.438
0.0533322,0.34093,0.122655,46.9805,15.374,275.44
0.0652332,0.0971754,0.133327,32.7267,9.51775,275.444
0.073134,0.00366472,0.133874,25.8863,8.49885,275.452
0.0672328,0.0880175,0.110015,30.2397,7.39971,275.456
0.0775373,0.0422432,0.118486,21.3918,3.96405,275.466
0.0586349,0.122765,0.0792817,39.9906,12.1009,275.481
0.0656812,0.229054,0.152001,31.4093,6.1151,275.482
0.0562051,0.150405,0.0756785,43.6972,10.3643,275.488
0.0520349,0.363444,0.126219,50.2885,9.26203,275.488
0.0537392,0.261385,0.090043,48.0823,6.04394,275.491
0.0639042,0.0113019,0.0758741,34.1935,6.38514,275.494
0.0599667,0.16253,0.0973551,38.016,7.05969,275.498
0.0615759,0.12657,0.0992533,36.303,8.21669,275.512
0.072325,0.0860047,0.108262,25.8094,4.38304,275.516
0.0587643,0.284259,0.120153,39.3578,6.73275,275.522
0.0581948,0.172732,0.0943959,40.6373,10.7306,275.523
0.0437094,0.622761,0.125329,70.9571,8.55936,275.525
0.0552911,0.29087,0.114239,43.2725,14.0417,275.529
0.0608873,0.220795,0.125305,37.8827,6.31489,275.549
0.0569466,0.10474,0.0760196,43.9007,6.67107,275.55
0.0437258,0.225986,0.0510337,72.8703,7.58443,275.55
0.0598183,0.18098,0.119061,38.9015,10.4172,275.552
0.0682911,0.116577,0.143232,29.3093,6.66613,275.555
0.0525321,0.354945,0.120138,49.5415,9.88036,275.557
0.0603542,0.149073,0.10765,38.0724,8.46148,275.559
0.059491,0.18694,0.142877,39.1132,9.93426,275.565
0.0671523,0.15072,0.110893,30.007,5.57591,275.573
0.0544486,0.170351,0.0616899,47.1631,5.66017,275.575
0.0691574,0.017188,0.125824,29.9732,7.78641,275.596
0.0485392,0.264793,0.0661196,58.9815,8.37315,275.598
0.0617322,0.0750826,0.0836878,36.364,8.66383,275.607
0.0559466,0.0452664,0.0602013,44.5508,10.6243,275.61
0.048641,0.0908161,0.0505418,59.8334,7.1357,275.616
0.0485174,0.513737,0.125912,57.5577,8.96666,275.631
0.0606881,0.192711,0.148495,37.0028,8.82989,275.636
0.057533,0.28689,0.146834,39.4359,17.0737,275.639
0.052339,0.272641,0.084268,49.9559,11.688,275.639
0.0604901,0.134169,0.106612,38.9208,8.44438,275.647
0.0648562,0.222569,0.122106,32.4625,5.5578,275.659
0.0447634,0.579433,0.136103,67.271,10.1174,275.665
0.0485545,0.426523,0.106017,56.1192,13.1319,275.667
0.0529587,0.357612,0.162363,48.2002,8.13657,275.682
0.0651167,0.1764,0.144676,32.9212,7.75895,275.683
0.0480697,0.383196,0.0824447,58.3794,10.8054,275.687
0.0757843,0.0144894,0.110148,23.7042,5.37001,275.699
0.0471885,0.473486,0.151849,61.0576,10.1352,275.699
0.0600692,0.113567,0.0772873,38.7485,8.74144,275.702
0.0640178,0.0532763,0.0855461,34.2679,4.82804,275.703
0.0498883,0.444001,0.112775,54.7805,7.72261,275.703
