beta,permeability,xi,init_days,delay,value
0.0639082,0.595735,0.166353,0.861861,2.6963,56.2297
0.0623534,0.640251,0.163491,1.04385,2.54724,56.2949
0.0610195,0.672712,0.164875,2.66309,2.8144,56.3684
0.0624618,0.633393,0.15607,1.00521,2.36002,56.3946
0.0639279,0.599616,0.155944,0.330364,2.92021,56.4542
0.0610938,0.669234,0.157262,2.32171,2.42692,56.4573
0.0611333,0.665519,0.160851,2.77113,2.06233,56.4577
0.062411,0.637388,0.164712,1.38317,2.45511,56.4656
0.0641063,0.585722,0.163698,0.511972,2.01295,56.4963
0.061142,0.66315,0.160995,2.85053,2.90118,56.515
0.063963,0.598833,0.155455,0.345489,2.21178,56.5803
0.0599002,0.694348,0.161739,3.10945,2.03236,56.5916
0.0625686,0.629008,0.161651,1.60919,2.60013,56.6041
0.0640875,0.590568,0.160703,0.507473,2.60527,56.6082
0.0641605,0.583382,0.164289,0.450545,2.50853,56.6099
0.0625585,0.630008,0.163242,1.66133,2.42964,56.6454
0.0640763,0.593074,0.14654,0.987447,2.76123,56.6528
0.0638306,0.608137,0.162406,0.824349,2.26773,56.6551
0.0641033,0.591149,0.14577,0.614411,2.81312,56.6555
0.0610434,0.672862,0.153877,2.08437,2.00603,56.6625
0.0624327,0.63964,0.149271,1.31326,2.98849,56.6904
0.0626289,0.626878,0.153716,1.26825,2.36793,56.7135
0.0586503,0.7292,0.15992,4.11649,2.69451,56.7275
0.0637029,0.618192,0.158444,0.971697,2.48892,56.7282
0.0613827,0.645557,0.159907,2.78222,2.17811,56.7398
0.0623971,0.641817,0.150469,1.85732,2.54979,56.7421
0.0640982,0.584216,0.153561,0.963239,2.17127,56.7456
0.0613512,0.653704,0.15236,2.97216,2.0467,56.7469
0.062534,0.626112,0.150398,1.01735,2.83632,56.7475
0.0623745,0.6448,0.156164,1.73575,2.02734,56.7524
0.064121,0.590358,0.154974,0.409844,2.28503,56.7528
0.0628031,0.610833,0.166456,1.36072,2.40116,56.7616
0.0626299,0.618639,0.158093,1.57641,2.29556,56.7725
0.061195,0.665522,0.151221,2.02883,2.21991,56.789
0.0624643,0.638278,0.158398,1.26033,2.8995,56.8055
0.0638751,0.607157,0.157701,0.0986233,2.70697,56.8138
0.0640759,0.587898,0.144936,0.37992,2.5421,56.8174
0.0627647,0.617461,0.145684,1.89799,2.08457,56.8217
0.0628323,0.610272,0.152525,1.70427,2.00316,56.829
0.0627576,0.61276,0.152426,1.94691,2.02445,56.8316
0.0642497,0.581074,0.147201,0.417387,2.87849,56.8413
0.0627757,0.614648,0.142011,1.23596,2.16601,56.8603
0.0626672,0.620686,0.139188,1.2064,2.16452,56.8616
0.0614097,0.651221,0.147239,2.01157,2.9923,56.8643
0.0587549,0.725273,0.153199,4.01956,2.48253,56.8811
0.0564441,0.790833,0.165711,6.95336,2.7889,56.8827
0.0577389,0.741682,0.165329,5.20144,2.08809,56.8875
0.0640781,0.597005,0.13628,0.299522,2.39136,56.8941
0.0640934,0.592002,0.163496,0.35896,2.0809,56.8988
0.0639374,0.603218,0.164417,0.768292,2.83791,56.8996
0.0611099,0.672431,0.156303,2.37948,2.86327,56.9005
0.0643238,0.575701,0.149794,0.679783,2.8645,56.9117
0.0597337,0.703369,0.161133,3.3412,2.00254,56.927
0.0643206,0.574075,0.144904,0.180359,2.56361,56.9311
0.0640949,0.584999,0.146847,0.134995,2.41925,56.934
0.0628382,0.612841,0.136004,1.36296,2.8257,56.9424
0.0643204,0.576087,0.144187,0.265202,2.40981,56.9473
0.0600932,0.681469,0.150172,3.67454,2.38352,56.9474
0.0643301,0.575248,0.144015,0.528983,2.63426,56.9483
0.0576316,0.748827,0.16449,5.82713,2.05054,56.95
0.0628504,0.612275,0.140706,1.91532,2.13381,56.9555
0.0612935,0.650566,0.154857,2.75463,2.08765,56.9601
0.0615028,0.638883,0.152495,2.41458,2.91312,56.9621
0.0637559,0.618186,0.159068,0.463657,2.56959,56.974
0.0599948,0.69282,0.157267,3.94486,2.06857,56.9777
0.0628213,0.618099,0.130366,1.89375,2.54553,56.9788
0.0601174,0.683258,0.136413,3.03338,2.97429,56.9833
0.0601122,0.679051,0.149747,3.89346,2.15422,56.9905
0.0643682,0.572193,0.153523,0.81743,2.38917,56.9908
0.0614576,0.650819,0.133019,2.45841,2.61285,56.9946
0.0588445,0.71917,0.166321,4.99467,3.74948,56.9959
0.060214,0.66941,0.164285,3.61068,2.59715,56.9968
0.0628793,0.609291,0.143069,1.06231,2.89825,57
0.0614737,0.648015,0.151901,2.43643,2.83911,57.0052
0.064354,0.571771,0.165323,0.366677,2.01368,57.0115
0.057644,0.751869,0.154564,5.27302,2.32485,57.0133
0.0601245,0.680522,0.144856,3.67127,2.27852,57.0153
0.0623262,0.636046,0.160149,1.87063,2.47045,57.0193
0.0599223,0.698476,0.161545,3.09525,2.16449,57.0196
0.0627527,0.618926,0.166381,1.04166,2.33079,57.0212
0.0628369,0.613389,0.163101,1.7925,2.24026,57.0215
0.0600356,0.688925,0.164276,3.2693,3.37805,57.0353
0.0628946,0.608617,0.133696,1.7551,2.03137,57.0371
0.0629022,0.608724,0.145427,1.18849,2.71821,57.0431
0.0640083,0.601138,0.147222,0.103607,2.64796,57.0445
0.0600583,0.688947,0.137729,3.41547,2.97534,57.0456
0.0577086,0.749793,0.164496,5.80696,3.0812,57.0508
0.0624422,0.640597,0.144637,1.77455,2.40245,57.0558
0.0627419,0.615214,0.136002,1.22944,2.39508,57.0584
0.0589979,0.707955,0.158755,4.63732,2.15867,57.0616
0.062799,0.60561,0.165659,1.61545,2.59766,57.0627
0.0643278,0.579392,0.132468,0.0712157,2.07331,57.0635
0.0602205,0.669448,0.157114,3.66133,2.28175,57.0678
0.0629149,0.608685,0.13833,1.67025,2.19377,57.07
0.0587615,0.727602,0.150211,4.54028,2.78962,57.0786
0.0626235,0.631204,0.151732,1.36757,2.08002,57.0841
0.0643371,0.578302,0.129699,0.467944,2.90591,57.087
0.0576817,0.743332,0.164529,5.00691,2.88995,57.0877
0.0629801,0.603367,0.157674,1.31995,2.64426,57.0877
0.0576371,0.753002,0.149576,5.912,2.69077,57.0884
0.0589005,0.717797,0.139548,4.48836,2.2275,57.0979
0.060276,0.669492,0.150128,3.48077,2.29567,57.1035
0.0630154,0.597759,0.153778,1.66613,2.62541,57.1042
0.0599639,0.700343,0.162192,3.49477,3.57099,57.1074
0.0578098,0.740615,0.158224,5.38391,2.54649,57.1124
0.0629565,0.607588,0.128012,1.94897,2.4981,57.1144
0.0610458,0.676024,0.150884,2.79052,2.92346,57.1162
0.0614167,0.64451,0.144968,2.71572,2.77372,57.1186
0.0601163,0.685905,0.134211,3.94032,2.16714,57.1197
0.0589311,0.717072,0.137662,4.94857,2.19917,57.1276
0.0625399,0.63483,0.165795,1.11678,3.99442,57.1276
0.0589048,0.716761,0.137779,4.86834,2.5178,57.1288
0.0589322,0.715079,0.136427,4.48994,2.20852,57.1432
0.0576317,0.755639,0.162278,5.69592,2.49805,57.1454
0.0598564,0.693225,0.155289,3.99985,2.52629,57.1579
0.0590212,0.704116,0.149289,4.99731,2.13018,57.1647
0.0601921,0.676194,0.162758,3.95648,3.31538,57.1656
0.0614728,0.647308,0.163148,2.75481,2.40095,57.1703
0.062601,0.635667,0.140353,1.44147,2.55795,57.1785
0.0586595,0.735437,0.163386,4.38797,2.19238,57.1796
0.0626964,0.627115,0.148519,1.35061,2.48938,57.1876
0.061439,0.643278,0.137161,2.70075,2.83265,57.193
0.0575129,0.765555,0.16524,5.57225,2.93026,57.1933
0.0574366,0.764503,0.162967,5.48731,2.24779,57.1936
0.0589251,0.715102,0.165633,4.09888,3.85027,57.1936
0.0600731,0.690678,0.162199,3.98207,3.12226,57.2032
0.0577703,0.743224,0.160921,5.84632,3.30756,57.2044
0.0597161,0.704476,0.159445,3.54144,2.71823,57.2077
0.058796,0.729956,0.159282,4.26253,3.34076,57.2125
0.0643833,0.570303,0.137833,0.908084,2.83044,57.2156
0.0629981,0.604261,0.137414,1.58178,2.38567,57.2162
0.0623903,0.650047,0.156373,1.0628,2.91558,57.2179
0.0588209,0.723978,0.160283,4.44911,2.92196,57.2211
0.059015,0.707714,0.148251,4.51404,2.26446,57.225
0.0574104,0.77155,0.166066,5.26899,2.83228,57.2261
0.0603316,0.666109,0.158873,3.17351,2.9,57.2273
0.0600058,0.693697,0.159281,3.84652,3.47041,57.2359
0.0644612,0.571336,0.136097,0.769178,2.89869,57.2366
0.0566251,0.787518,0.160475,6.97157,3.35606,57.2369
0.0634853,0.632888,0.162827,0.486229,2.92302,57.2372
0.0630665,0.600928,0.126672,1.60945,2.14995,57.2374
0.0625845,0.634086,0.135378,1.54659,2.92961,57.2397
0.0600293,0.695011,0.14565,3.58582,2.13358,57.2421
0.0612605,0.66515,0.136203,2.29307,2.99509,57.2436
0.0574894,0.768307,0.160339,5.72051,2.95325,57.2455
0.0597462,0.707417,0.15233,3.21543,2.13199,57.2462
0.0630112,0.597063,0.148575,1.86164,2.0292,57.2496
0.0637665,0.620689,0.150865,0.913649,2.33632,57.2503
0.0630526,0.604263,0.124737,1.47678,2.27398,57.2523
0.061682,0.628067,0.156499,2.64642,2.15614,57.2573
0.0637912,0.61838,0.154194,0.324527,2.99619,57.2576
0.0587879,0.726725,0.165071,4.26528,2.30253,57.2584
0.0627859,0.622332,0.142938,1.74556,2.16041,57.265
0.0614866,0.645264,0.158565,2.69902,3.39861,57.2655
0.0578751,0.734785,0.148796,5.91963,2.8684,57.2656
0.0613199,0.653401,0.162635,2.17823,3.48267,57.267
0.0600854,0.679926,0.165859,3.98353,3.2345,57.2695
0.0613737,0.661791,0.134089,2.29464,2.09086,57.2701
0.0639337,0.606362,0.161688,0.393466,3.44226,57.2726
0.0590403,0.705176,0.165786,4.61802,2.53364,57.2735
0.0554477,0.82048,0.165644,7.06642,2.39732,57.2737
0.0577842,0.734812,0.159791,5.4082,2.80256,57.2738
0.0637967,0.618159,0.153627,0.943296,2.82579,57.2744
0.0597347,0.707015,0.153887,3.71438,2.97582,57.2756
0.0590777,0.709379,0.128819,4.34016,2.01707,57.2758
0.0603798,0.667306,0.12782,3.12749,2.12664,57.2833
0.0616734,0.629263,0.157971,2.99703,2.93127,57.2845
0.0624778,0.63544,0.139759,1.55163,2.95436,57.2856
0.0618216,0.626287,0.118231,2.80744,2.31743,57.2862
0.060275,0.667049,0.144128,3.00228,2.46347,57.287
0.0587964,0.726386,0.164174,4.38801,2.53958,57.2927
0.0617095,0.632599,0.141327,2.42433,2.49809,57.2935
0.0578241,0.730741,0.161679,5.28197,2.21275,57.2951
0.0567239,0.772686,0.15928,6.2251,2.93083,57.2964
0.0589517,0.713424,0.153159,4.95785,3.57662,57.2971
0.0626072,0.631695,0.160663,1.43518,3.25522,57.2977
0.064448,0.563672,0.143094,0.881815,2.52321,57.2993
0.0641223,0.594028,0.162344,0.146769,3.69665,57.3002
0.0635795,0.623345,0.15633,0.356585,2.34535,57.3006
0.0623218,0.647753,0.149488,1.10693,2.84681,57.3016
0.0627987,0.620612,0.163587,1.96052,3.50294,57.313
0.0616948,0.636241,0.119464,2.42072,2.64035,57.3135
0.0602241,0.681294,0.14204,3.70031,2.89536,57.3138
0.0588393,0.724366,0.149344,4.20993,2.02109,57.3159
0.0630315,0.594522,0.155243,1.52466,2.86672,57.3167
0.0603913,0.664674,0.122368,3.06845,2.16273,57.3173
0.0617007,0.63237,0.1318,2.8785,2.36682,57.3175
0.060284,0.668965,0.130635,3.65147,2.98464,57.3183
0.0616626,0.635465,0.134694,2.49908,2.91634,57.319
0.0617453,0.631285,0.125915,2.12629,2.98393,57.3209
0.06446,0.576588,0.127217,0.747772,2.1371,57.3245
0.0578075,0.744141,0.139198,5.1257,2.17321,57.3298
0.056688,0.778535,0.157431,6.7326,3.34802,57.3306
0.0640007,0.594933,0.161204,0.645052,3.78298,57.3309
0.0597655,0.71003,0.153937,3.10392,2.35025,57.3321
0.0621121,0.658501,0.162649,1.82316,2.57595,57.3324
0.0627168,0.626124,0.159751,1.32468,3.65569,57.3325
0.0566876,0.774261,0.158775,6.69321,3.74177,57.3328
0.0599244,0.703123,0.16541,3.90054,2.31558,57.3335
0.060236,0.669875,0.165102,3.28664,3.1963,57.3339
0.0614823,0.64815,0.161875,2.28076,2.02971,57.336
0.0643549,0.5802,0.148426,0.525571,2.92418,57.3396
0.0633048,0.662988,0.16489,0.71668,2.55689,57.3407
0.063671,0.627055,0.154179,0.989453,2.80617,57.3408
0.0644129,0.575004,0.152683,0.658168,2.92198,57.3414
0.0642585,0.583775,0.165266,0.445064,3.87752,57.3418
0.0602728,0.668827,0.131425,3.87496,2.06243,57.3456
0.0603926,0.659402,0.159464,3.50026,2.47908,57.3488
0.0631696,0.588966,0.14751,1.81728,2.04474,57.3502
0.0555814,0.806889,0.164451,7.68359,2.28411,57.3539
0.0602272,0.681874,0.157145,3.77082,3.92885,57.3561
0.0555356,0.812771,0.153292,7.8849,2.55663,57.3564
0.0628961,0.612282,0.162874,1.67295,3.04714,57.3625
0.0555365,0.816182,0.152275,7.23501,2.92235,57.3632
0.0590626,0.706993,0.164704,4.91621,3.09198,57.3642
0.0602721,0.676843,0.159121,3.85587,3.41151,57.3648
0.0613484,0.656826,0.155097,2.89209,3.91548,57.3658
0.0616281,0.641034,0.140755,2.37076,2.82381,57.3675
0.0643316,0.576535,0.163717,0.0957365,3.38518,57.3675
0.0643478,0.569226,0.14059,0.806734,2.6553,57.3677
0.0590194,0.712082,0.128998,4.70712,2.61625,57.3681
0.0593496,0.686221,0.115409,4.11609,2.30997,57.3693
0.061487,0.648232,0.160782,2.72244,2.75409,57.37
0.0611401,0.672019,0.163418,2.52438,3.84702,57.3707
0.0591666,0.691925,0.148691,4.05973,2.39803,57.3724
0.0566785,0.765594,0.165793,6.84339,2.36581,57.3752
0.0590576,0.695391,0.153302,4.18286,2.09311,57.3769
0.0591251,0.699662,0.137647,4.03688,2.72238,57.3775
0.0614561,0.65481,0.163506,2.03273,3.80331,57.3785
0.0579554,0.725485,0.160923,5.26073,2.17238,57.379
0.061977,0.616696,0.114214,2.87664,2.66075,57.3817
0.0640463,0.599974,0.158893,0.15708,3.45525,57.3822
0.0631077,0.601875,0.134894,1.54451,2.83734,57.3851
0.0645648,0.567283,0.133909,0.366916,2.45371,57.3856
0.0591036,0.694218,0.149903,4.03277,2.93132,57.3868
0.0615764,0.641524,0.160262,2.2982,2.40067,57.3883
0.0645443,0.56347,0.126484,0.121428,2.37998,57.3893
0.0630005,0.611644,0.128211,1.80028,2.76717,57.3916
0.0630825,0.60756,0.119623,1.91034,2.24392,57.3921
0.0622631,0.643924,0.152347,1.67248,2.31555,57.3933
0.0596321,0.715038,0.159956,3.88592,2.68177,57.3942
0.0639203,0.609859,0.15666,0.658297,2.25086,57.3946
0.055424,0.823744,0.164321,7.06317,2.27292,57.3954
0.0618025,0.623604,0.13408,2.35524,2.73025,57.3955
0.0611302,0.678935,0.149769,2.88148,2.98879,57.3961
0.0632065,0.587298,0.145221,1.24503,2.55419,57.3975
0.0622011,0.642505,0.165894,1.4137,2.41391,57.4
0.0567082,0.773802,0.165915,6.31587,2.90223,57.4028
0.0617248,0.626739,0.160049,2.81717,2.27366,57.4031
0.0591436,0.705435,0.131214,4.33536,2.42835,57.4032
0.0600509,0.69616,0.14095,3.58686,2.25851,57.4041
0.0594375,0.681842,0.112673,4.32685,2.86635,57.4057
0.0578473,0.737971,0.1522,5.45285,3.18149,57.4103
0.061391,0.645012,0.166265,2.27785,3.31191,57.4105
0.0626514,0.622512,0.159581,1.1641,3.88559,57.4114
0.0589075,0.721588,0.133197,4.79123,2.08969,57.4133
0.0591673,0.695991,0.159755,4.92652,2.37512,57.4174
0.0630387,0.599528,0.163505,1.22967,3.56808,57.4197
0.0596527,0.72189,0.16206,3.70466,2.46902,57.4228
0.0619188,0.620682,0.117519,2.21932,2.06528,57.423
0.0626516,0.628444,0.156752,1.38934,3.5334,57.4251
0.0555819,0.812122,0.150561,7.20285,2.2367,57.4251
0.0578899,0.738444,0.147601,5.20167,3.53593,57.4251
0.0598517,0.706598,0.165256,3.74286,3.95817,57.4281
0.0645565,0.566205,0.117348,0.406403,2.38603,57.4286
0.0642221,0.59255,0.134867,0.633878,2.48916,57.429
0.0602056,0.681745,0.126809,3.65092,2.45025,57.4329
0.0578051,0.737542,0.144395,5.12149,2.98443,57.4336
0.0604188,0.661822,0.163365,3.20931,3.88648,57.4356
0.0617615,0.622807,0.142923,2.30339,2.12252,57.4393
0.0644409,0.575956,0.144181,0.378409,2.28829,57.44
0.0631504,0.596736,0.142073,1.08851,2.46115,57.4402
0.061326,0.653337,0.156503,2.23911,3.7547,57.4403
0.062371,0.645298,0.144692,1.34224,2.49238,57.4409
0.0585144,0.749898,0.162641,4.4615,2.3943,57.4429
0.0591134,0.703011,0.164904,4.25107,3.16977,57.4475
0.0604147,0.660321,0.162245,3.49723,2.71787,57.4481
0.0578955,0.733709,0.154013,5.32072,3.40678,57.4534
0.0567497,0.770994,0.163769,6.08458,3.92899,57.4546
0.0588378,0.728217,0.140639,4.94838,2.69118,57.4554
0.0580562,0.725439,0.123539,5.94917,2.73266,57.4554
0.0590671,0.701831,0.153309,4.67251,3.18915,57.4582
0.0603793,0.667975,0.164266,3.76736,3.91226,57.4587
0.0578869,0.739132,0.15625,5.20779,2.90973,57.4596
0.0567783,0.768216,0.161198,6.70415,3.04493,57.4596
0.0578589,0.735639,0.134894,5.73263,2.74204,57.4603
0.0603721,0.666714,0.158264,3.74886,3.24093,57.4627
0.0644252,0.57581,0.14895,0.558947,2.41498,57.4635
0.0589774,0.697964,0.163732,4.98854,2.42779,57.4659
0.0638931,0.591065,0.157452,0.825958,2.43071,57.4672
0.0590685,0.708841,0.141219,4.47564,2.58919,57.468
0.056806,0.765656,0.160847,6.63921,2.17209,57.4686
0.0627829,0.625478,0.140684,1.27746,2.84375,57.4694
0.0635867,0.6227,0.153384,0.116465,2.8501,57.4729
0.0555309,0.817876,0.151256,7.2814,2.80267,57.4748
0.05918,0.697057,0.133842,4.40318,2.93614,57.4753
0.0641456,0.587527,0.156591,0.130245,3.32683,57.4755
0.0601514,0.680524,0.150289,3.1745,3.04891,57.4776
0.063897,0.603099,0.160116,0.449765,3.76898,57.4785
0.060568,0.650901,0.136004,3.88812,2.07711,57.4799
0.0615222,0.654075,0.128359,2.28805,2.82811,57.4823
0.0598385,0.704159,0.144233,3.61172,2.86357,57.4824
0.0631566,0.602278,0.12101,1.88701,2.69053,57.4828
0.0575546,0.766437,0.161455,5.7541,2.10505,57.4831
0.0568269,0.76705,0.15187,6.01945,2.7034,57.4842
0.0627436,0.62453,0.162066,1.98674,2.14937,57.4868
0.0591728,0.701716,0.134465,4.95215,2.8017,57.4885
0.0637834,0.610252,0.165835,0.441732,3.62374,57.4886
0.064112,0.593446,0.157994,0.600534,3.56198,57.4895
0.0617845,0.628558,0.129739,2.31548,2.11896,57.49
0.0643645,0.580783,0.148051,0.932869,2.222,57.4915
0.0604653,0.654329,0.158535,3.52444,2.90376,57.4921
0.0600939,0.693346,0.150025,3.25304,3.66244,57.4955
0.0567665,0.769755,0.165766,6.61358,3.72462,57.4978
0.0626935,0.613652,0.143215,1.16876,2.15722,57.5009
0.0567453,0.765132,0.149369,6.65255,2.46561,57.5014
0.061419,0.641127,0.145947,2.45036,2.67734,57.5021
0.0592294,0.698217,0.128669,4.72319,2.03153,57.5036
0.0640974,0.600174,0.131271,0.835175,2.649,57.5042
0.0603427,0.671776,0.120964,3.35227,2.66243,57.5052
0.0632282,0.594419,0.115811,1.23657,2.72659,57.5055
0.0568428,0.763891,0.15311,6.78094,3.41729,57.5072
0.0567702,0.768558,0.141862,6.37924,2.74007,57.5074
0.0642239,0.576461,0.136569,0.818775,2.3605,57.5077
0.0642247,0.593824,0.132556,0.180494,2.4551,57.5082
0.0565686,0.789539,0.14803,6.27969,2.99387,57.5103
0.0640454,0.581735,0.157664,0.748468,2.29051,57.5142
0.0605607,0.660401,0.113899,3.52511,2.74011,57.5149
0.0595257,0.674747,0.112036,4.38978,2.37943,57.5158
0.0641006,0.595809,0.155187,0.140974,3.99021,57.5159
0.0579438,0.7346,0.164891,5.56964,3.14148,57.5169
0.0592852,0.694522,0.119888,4.17473,2.25757,57.517
0.0618008,0.633088,0.123268,2.9137,2.40993,57.518
0.0617409,0.621996,0.148584,2.68175,2.99182,57.519
0.0637949,0.605408,0.142886,0.415263,2.27476,57.5211
0.0566784,0.779471,0.157879,6.37256,2.05322,57.5231
0.0556097,0.817751,0.163815,7.24558,3.27026,57.5268
0.0580262,0.723948,0.157143,5.32305,3.4871,57.5286
0.0638952,0.607287,0.158439,0.962346,3.12311,57.5287
0.0645933,0.562925,0.116902,0.998548,2.04002,57.5292
0.0614438,0.650792,0.149977,2.6806,3.66582,57.5302
0.0614948,0.642916,0.154449,2.70215,3.69111,57.5311
0.0580564,0.721513,0.164359,5.44189,3.72317,57.5321
0.0608734,0.685399,0.155879,2.6531,2.20814,57.5321
0.0619668,0.617416,0.110544,2.12808,2.23922,57.5324
0.064756,0.553291,0.126853,0.896292,2.59123,57.5335
0.060155,0.678432,0.151463,3.74394,3.49897,57.536
0.0567717,0.773274,0.136301,6.025,2.39732,57.5362
0.0643993,0.571067,0.122065,0.837342,2.60242,57.5381
0.0646458,0.562386,0.119419,0.635002,2.11501,57.5381
0.0555557,0.810587,0.149395,7.34134,2.04339,57.5397
0.0636106,0.633803,0.159759,0.308048,2.06029,57.5399
0.0567078,0.782704,0.161259,6.9905,3.99001,57.5401
0.061776,0.622333,0.135374,2.82647,2.46825,57.5429
0.0576552,0.758864,0.159509,5.18361,2.42342,57.543
0.0634859,0.629289,0.15913,0.948368,2.64216,57.5438
0.0631221,0.597707,0.15127,1.59634,2.12393,57.544
0.0644406,0.560811,0.158842,0.925334,2.49335,57.5476
0.0645268,0.557438,0.154176,0.0906886,2.4989,57.5485
0.0578354,0.733769,0.143985,5.87392,2.92633,57.5518
0.0601553,0.687951,0.147736,3.83362,3.52293,57.5537
0.0633918,0.642842,0.164302,0.187118,2.08182,57.5548
0.0616927,0.639471,0.133266,2.8044,2.05952,57.5559
0.0568226,0.773128,0.148648,6.75481,3.65248,57.5602
0.0578741,0.745906,0.14702,5.91303,3.09802,57.5607
0.0631225,0.594977,0.159411,1.13855,3.1223,57.5623
0.0600382,0.700426,0.137188,3.29382,2.53359,57.5635
0.0590457,0.696841,0.14583,4.5201,2.29155,57.5645
0.0641037,0.584751,0.165057,0.455127,3.83328,57.5648
0.0576908,0.757569,0.147906,5.21303,2.11395,57.5648
0.064797,0.550523,0.121703,0.996014,2.15621,57.5652
0.0620262,0.612423,0.117089,2.40497,2.37941,57.567
0.0603077,0.673775,0.15103,3.04519,3.60475,57.5679
0.0616223,0.641548,0.156419,2.9304,3.23083,57.5698
0.0589274,0.719471,0.150828,4.23122,2.26514,57.5701
0.0614949,0.650361,0.124091,2.81487,2.31796,57.5708
0.0590962,0.7028,0.143174,4.8631,3.80349,57.5728
0.0567772,0.759752,0.153919,6.15337,2.72452,57.5736
0.0594129,0.679974,0.117555,4.85479,2.45679,57.5788
0.0630417,0.612525,0.117962,1.21715,2.09116,57.5793
0.0631124,0.600541,0.115114,1.88799,2.41892,57.5798
0.0575474,0.768368,0.164322,5.01164,2.64638,57.5823
0.0556639,0.805491,0.147666,7.11791,2.6735,57.5862
0.0646146,0.557652,0.156178,0.793119,2.50107,57.592
0.0557245,0.798357,0.142908,7.06437,2.73383,57.5922
0.0590994,0.702113,0.143931,4.33833,3.76266,57.5928
0.0599804,0.702384,0.149563,3.93119,2.0753,57.593
0.0603999,0.668404,0.156856,3.34155,3.50743,57.5935
0.0629581,0.598104,0.136756,1.69246,2.54608,57.5936
0.0631023,0.609104,0.115819,1.37771,2.30126,57.5963
0.0593457,0.682176,0.153653,4.27662,3.46501,57.5975
0.0628536,0.621457,0.122335,1.87227,2.72138,57.5991
0.0606234,0.660141,0.112017,3.70857,2.66566,57.6007
0.0556298,0.802719,0.166384,7.44895,3.15494,57.6024
0.0588298,0.727684,0.154101,4.65027,2.64456,57.6026
0.0593184,0.684576,0.1243,4.05968,2.4917,57.6032
0.059294,0.683622,0.138261,4.04576,2.85731,57.6039
0.0580919,0.718515,0.161938,5.95201,3.64668,57.6058
0.0586062,0.738442,0.150522,4.41949,2.51242,57.6066
0.0620466,0.60984,0.121046,2.34332,2.64506,57.6077
0.0580629,0.719104,0.141754,5.86261,2.85823,57.6107
0.0639758,0.604538,0.133182,0.757451,2.04025,57.6109
0.0557203,0.803938,0.151272,7.66263,3.36852,57.6113
0.0633219,0.58871,0.116408,1.44243,2.7848,57.6117
0.0591205,0.710695,0.120514,4.09144,2.73964,57.6125
0.0644446,0.578193,0.134731,0.547973,2.40715,57.6144
0.0635639,0.569604,0.118679,1.89486,2.04899,57.6146
0.0567888,0.764135,0.135686,6.03083,2.29147,57.6153
0.0580174,0.728456,0.14224,5.91762,2.41446,57.6155
0.0634651,0.630563,0.15942,0.909858,2.02537,57.6164
0.0617213,0.629683,0.149542,2.64915,3.84667,57.6169
0.0618071,0.623785,0.160474,2.88343,3.61674,57.6177
0.0604284,0.667762,0.142765,3.48123,2.11462,57.6182
0.0595275,0.67456,0.107923,4.37938,2.4677,57.6204
0.0589336,0.700926,0.160003,4.95608,2.1605,57.6228
0.0618904,0.618148,0.15069,2.12528,3.5939,57.6237
0.0580114,0.722295,0.157252,5.71803,3.97958,57.6252
0.0603394,0.672163,0.155,3.11045,2.47414,57.6261
0.0602025,0.684143,0.145791,3.0813,3.30692,57.6271
0.0600377,0.698381,0.152187,3.36841,3.69477,57.6275
0.0641055,0.602248,0.130805,0.81052,2.03153,57.6297
0.0556028,0.819329,0.157547,7.63674,3.17128,57.6302
0.0600887,0.689123,0.150517,3.05784,3.13773,57.6314
0.0591177,0.703758,0.152255,4.82991,2.60317,57.6323
0.0635308,0.633508,0.155141,0.873723,2.20144,57.6324
0.0612851,0.659926,0.15355,2.04384,3.91779,57.6326
0.0563629,0.803037,0.162431,6.92155,2.86668,57.6349
0.0635677,0.619543,0.149845,0.677637,2.26436,57.6351
0.0603931,0.663186,0.14813,3.96391,3.27392,57.6357
0.0569373,0.753938,0.14707,6.69468,2.2965,57.6367
0.0601811,0.692212,0.12903,3.18745,2.83005,57.6384
0.0605616,0.655258,0.139145,3.15983,2.56093,57.6388
0.0629742,0.605588,0.148605,1.73321,3.76979,57.6407
0.0614814,0.649137,0.143851,2.01153,3.52905,57.6416
0.0642395,0.583676,0.149631,0.094936,3.02309,57.642
0.0628355,0.616702,0.151923,1.46603,3.70267,57.6426
0.0622292,0.652434,0.149763,1.48236,2.43652,57.6428
0.0633249,0.589486,0.110191,1.96024,2.05985,57.6434
0.0569204,0.756563,0.129627,6.39934,2.23754,57.6436
0.0592383,0.686642,0.157637,4.04197,3.76975,57.6438
0.0566902,0.783266,0.138019,6.52554,2.96852,57.6464
0.0642441,0.586653,0.152779,0.991777,3.1894,57.6464
0.059139,0.708369,0.152832,4.12874,3.18737,57.6495
0.0632058,0.59442,0.142602,1.73657,2.93691,57.6503
0.0620872,0.604693,0.13271,2.82938,2.62775,57.6529
0.0648429,0.548482,0.128182,0.512841,2.4902,57.6531
0.06204,0.687499,0.162895,1.26582,2.16615,57.6536
0.0639131,0.600539,0.158947,0.695868,3.18238,57.6553
0.0616981,0.639022,0.162325,2.88933,3.7799,57.6567
0.0580246,0.734054,0.148246,5.50024,3.44345,57.6571
0.0616468,0.637439,0.161535,2.99195,2.32882,57.6571
0.0619985,0.618116,0.11562,2.08308,2.26322,57.6585
0.060446,0.665369,0.116246,3.71956,2.81874,57.6617
0.0568853,0.75294,0.147221,6.43985,2.95755,57.662
0.0604291,0.659374,0.149483,3.53976,3.85508,57.6621
0.0630036,0.597815,0.125585,1.65564,2.53352,57.6626
0.0566909,0.780519,0.149354,6.02587,2.50551,57.6628
0.0602449,0.679513,0.143379,3.47261,3.55172,57.663
0.062145,0.668316,0.15898,1.56741,2.97639,57.6633
0.0580132,0.718308,0.157007,5.68875,2.8077,57.6642
0.0569824,0.753542,0.124811,6.40228,2.23416,57.6649
0.0602719,0.670224,0.149517,3.68054,3.27319,57.6654
0.0592981,0.685712,0.143464,4.46315,2.58044,57.6656
0.054455,0.849868,0.162003,8.85752,2.71309,57.6687
0.0619922,0.611166,0.113831,2.08448,2.1906,57.67
0.0618233,0.637704,0.114557,2.9271,2.03862,57.6708
0.0557049,0.797091,0.164822,7.5341,3.52278,57.6715
0.0604058,0.665779,0.159882,3.0556,2.74325,57.672
0.0583546,0.70906,0.109937,5.89268,2.85715,57.6735
0.0567843,0.776172,0.134535,6.70882,2.67198,57.6738
0.0647955,0.552755,0.119592,0.900258,2.59065,57.6741
0.0605239,0.656916,0.150116,3.85249,3.69415,57.6759
0.0633893,0.577042,0.137805,1.05549,2.49811,57.6783
0.064612,0.560398,0.158478,0.817254,3.6395,57.6784
0.0599929,0.693813,0.155333,3.62392,3.68162,57.6795
0.0592098,0.692537,0.145285,4.93095,3.61075,57.6822
0.0616888,0.622464,0.150746,2.5846,2.08151,57.6827
0.0635602,0.632624,0.153141,0.817654,2.33491,57.6848
0.0586148,0.747015,0.155739,4.75466,2.70224,57.6849
0.0590675,0.710364,0.145372,4.63892,3.33763,57.6894
0.0569639,0.750348,0.164934,6.59729,3.62293,57.6899
0.0553579,0.82363,0.163506,7.85393,2.11683,57.6911
0.0592744,0.689809,0.159533,4.46173,3.59627,57.6914
0.0580873,0.720808,0.164025,5.29259,3.14573,57.6922
0.0633527,0.576764,0.128698,1.11149,2.03439,57.6925
0.0643743,0.574277,0.150031,0.355727,3.28779,57.6927
0.0636439,0.622791,0.148424,0.527909,2.78498,57.6929
0.0615188,0.648439,0.148253,2.46039,3.89014,57.6944
0.0586946,0.738115,0.145182,4.13613,2.93473,57.6947
0.0612968,0.647175,0.149358,2.25396,2.66632,57.6952
0.0621964,0.602365,0.111956,2.90632,2.90774,57.6962
0.063417,0.632431,0.160863,0.820456,2.74023,57.7
0.0599561,0.699753,0.13573,3.59762,2.07882,57.7001
0.056746,0.778679,0.147866,6.85209,3.94106,57.7005
0.0580436,0.716683,0.159136,5.02297,2.58917,57.7033
0.0601669,0.685899,0.125808,3.54784,2.71395,57.7063
0.0580669,0.718026,0.139964,5.63989,2.95256,57.7072
0.0646402,0.569213,0.120513,0.545276,2.52744,57.7076
0.0592056,0.68383,0.158511,4.36081,2.8585,57.7084
0.0644251,0.560301,0.156248,0.0701091,2.60763,57.7085
0.0646152,0.550749,0.15952,0.807723,2.80371,57.7087
0.0644441,0.581601,0.124179,0.458615,2.0619,57.7106
0.0629216,0.612304,0.12011,1.02164,2.80265,57.7111
0.0597057,0.662122,0.103073,4.04536,2.39429,57.7123
0.0645442,0.566936,0.160091,0.775743,3.33501,57.7137
0.0546371,0.833255,0.154165,8.61512,2.22589,57.7148
0.0584731,0.743473,0.155868,4.76508,2.10061,57.715
0.0646955,0.552759,0.150644,0.0237446,2.06331,57.7151
0.0592204,0.687148,0.131925,4.19615,2.85811,57.7156
0.0558926,0.783675,0.162942,7.87618,3.31081,57.7158
0.063563,0.650056,0.163241,0.725666,2.23439,57.7164
0.0593296,0.684461,0.145244,4.89041,2.05553,57.7185
0.0635437,0.574459,0.10462,1.07856,2.10841,57.7188
0.0580452,0.727559,0.166379,5.33328,3.10644,57.7192
0.0624623,0.628305,0.14701,1.98393,2.28599,57.7204
0.0589904,0.70186,0.160286,4.25253,3.05401,57.7227
0.0592636,0.691156,0.139506,4.0444,3.61604,57.7232
0.0591269,0.687399,0.164691,4.13397,2.65961,57.7244
0.0624558,0.6261,0.152001,1.41748,2.04569,57.7244
0.062893,0.616893,0.152811,1.36449,3.90415,57.7246
0.064085,0.600275,0.15317,0.977822,3.48379,57.7256
0.0556751,0.815962,0.153115,7.13201,3.89901,57.7287
0.0589743,0.719266,0.140963,4.91591,2.48708,57.7289
0.0623998,0.649604,0.165072,1.3856,3.75808,57.7299
0.0647023,0.551761,0.152932,0.127877,2.93575,57.7308
0.0602236,0.687394,0.142172,3.94011,3.32549,57.7309
0.0557197,0.809006,0.148575,7.2904,3.78388,57.7318
0.056372,0.804194,0.160412,6.35552,2.91225,57.7331
0.0592208,0.698853,0.158302,4.48283,3.7064,57.7333
0.0613237,0.64891,0.16248,2.47566,3.88005,57.7335
0.0554919,0.808693,0.162323,7.86526,2.52773,57.7345
0.0580438,0.716039,0.148158,5.0837,2.51821,57.7347
0.0630922,0.587216,0.159983,1.72714,2.24341,57.7361
0.0589099,0.723789,0.129951,4.02577,2.62689,57.7366
0.0607792,0.640705,0.106766,3.76812,2.18492,57.737
0.0631494,0.589348,0.154945,1.51142,3.29388,57.7371
0.0579821,0.739704,0.128654,5.78594,2.75602,57.7374
0.057563,0.772831,0.165752,5.10679,3.27053,57.7392
0.0637383,0.618836,0.166239,0.70918,3.23118,57.7418
0.0576238,0.710522,0.0985622,6.27093,2.37319,57.7419
0.0649845,0.540894,0.119942,0.883603,2.9814,57.7424
0.0622605,0.652054,0.147639,1.88067,2.46261,57.7436
0.0616343,0.642271,0.148452,2.95733,2.43026,57.7441
0.0642245,0.592089,0.122644,0.961518,2.32194,57.7458
0.0622958,0.639583,0.151951,1.28354,2.98913,57.7461
0.0580978,0.725176,0.13598,5.53916,2.4618,57.7467
0.0580044,0.733861,0.14069,5.17457,2.56859,57.7468
0.0569208,0.754979,0.131436,6.30685,2.35592,57.747
0.0579967,0.721089,0.161154,5.83672,3.43388,57.7481
0.0622745,0.663451,0.157163,1.97447,2.75167,57.7481
0.0593004,0.683505,0.145638,4.85692,3.45592,57.7487
0.062882,0.603528,0.130351,1.63504,2.1532,57.7517
0.0641664,0.577047,0.142579,0.155442,2.29912,57.7518
0.063567,0.571186,0.11656,1.07447,2.54135,57.752
0.0571712,0.741623,0.115565,6.47675,2.00207,57.7538
0.0558141,0.793306,0.137248,7.96139,2.43877,57.756
0.0597863,0.660602,0.0986853,4.62716,2.13303,57.7562
0.059188,0.705385,0.117041,4.28219,2.41787,57.7581
0.0573143,0.731041,0.108964,6.81075,2.65631,57.7593
0.0644007,0.576043,0.154387,0.639661,3.25251,57.76
0.0603839,0.674412,0.151003,3.53856,3.04753,57.7613
0.0634055,0.659758,0.158374,0.345336,2.86329,57.7621
0.059379,0.678694,0.160171,4.16115,3.54252,57.7623
0.0633613,0.579677,0.151593,1.14451,3.82489,57.7627
0.0546552,0.838114,0.151011,8.90709,2.18734,57.765
0.060842,0.635078,0.112997,3.97908,2.28655,57.765
0.0622748,0.594399,0.121322,2.67849,2.54241,57.7702
0.0578538,0.751488,0.151091,5.22143,3.80479,57.7702
0.0581856,0.7183,0.113711,5.0617,2.54121,57.7708
0.0634447,0.649832,0.159861,0.0545309,2.71758,57.7714
0.0569593,0.761468,0.148921,6.15283,3.04018,57.7739
0.0632752,0.581838,0.156937,1.93312,2.66033,57.7759
0.0598333,0.658158,0.100264,4.4093,2.33238,57.776
0.0618475,0.626059,0.111459,2.55479,2.69031,57.7765
0.0634351,0.576022,0.115708,1.21696,2.83802,57.7775
0.0644025,0.57861,0.117756,0.889116,2.34852,57.7792
0.0621711,0.604564,0.120711,2.54012,2.8427,57.7811
0.0644179,0.566913,0.124424,0.14869,2.48506,57.7812
0.0593424,0.682561,0.15124,4.04292,2.10637,57.7843
0.061984,0.611938,0.146611,2.79958,3.53637,57.7851
0.0627439,0.619933,0.126157,1.54669,2.10004,57.7857
0.0592797,0.680577,0.141695,4.0279,2.01474,57.7868
0.0558683,0.784554,0.152442,7.11782,2.42729,57.787
0.0599012,0.653401,0.0954868,4.56899,2.17685,57.7875
0.0636162,0.639663,0.155723,0.713333,2.92115,57.7882
0.0633559,0.579951,0.150025,1.33272,3.43432,57.7886
0.0554782,0.825738,0.157719,7.83546,2.97365,57.7891
0.055633,0.811428,0.155456,7.16454,3.8611,57.7892
0.0576541,0.764531,0.14585,5.11953,2.4817,57.7898
0.0587316,0.714733,0.160803,4.84378,2.962,57.7898
0.0646417,0.568416,0.110625,0.752696,2.53327,57.7899
0.0589641,0.710617,0.128729,4.77917,2.08549,57.7901
0.0580339,0.734455,0.160657,5.44024,3.51989,57.7905
0.0589049,0.669192,0.0945908,5.81869,2.91276,57.7911
0.0633418,0.580256,0.152589,1.89037,3.22974,57.7914
0.0593251,0.683302,0.14342,4.35639,3.90265,57.7925
0.0589533,0.697196,0.165378,4.73478,2.04784,57.7925
0.0555117,0.820739,0.166177,7.58477,2.49776,57.7929
0.05447,0.853886,0.164788,8.63437,2.86714,57.7931
0.057006,0.745807,0.150119,6.58368,2.54088,57.7931
0.0622843,0.662119,0.164812,1.4436,2.16513,57.7934
0.0569084,0.764777,0.138819,6.60428,2.84701,57.7938
0.0570007,0.754016,0.149125,6.95116,3.32993,57.7949
0.0626719,0.618345,0.155975,1.43136,3.7836,57.7954
0.0642349,0.590855,0.121311,0.320869,2.05337,57.7958
0.0571853,0.742736,0.111816,6.86632,2.62406,57.7966
0.0581636,0.713427,0.149737,5.12439,3.63777,57.7967
0.0565177,0.789052,0.145596,6.08436,2.91897,57.7986
0.0589924,0.717567,0.145066,4.1568,2.72116,57.7991
0.0620953,0.679695,0.161287,1.00783,2.55998,57.7996
0.0649946,0.542839,0.106336,0.748661,2.07305,57.8006
0.0606835,0.642956,0.15242,3.40391,3.30831,57.8021
0.0567596,0.760252,0.151513,6.55173,2.42001,57.8024
0.0605566,0.668206,0.111688,3.9719,2.86065,57.8038
0.0620063,0.608757,0.116696,2.26333,2.56277,57.8043
0.0629912,0.609984,0.154124,1.93081,3.62313,57.8052
0.0633273,0.583147,0.151321,1.39824,3.25296,57.806
0.0548516,0.819453,0.166144,8.2121,3.91595,57.8062
0.0558082,0.795875,0.129574,7.7385,2.92395,57.8064
0.0631651,0.584059,0.144977,1.88584,2.75272,57.8065
0.0606165,0.645221,0.161354,3.12929,3.30926,57.8068
0.0620669,0.659899,0.154162,1.26573,2.08128,57.807
0.0628361,0.621391,0.121196,1.18547,2.53066,57.8079
0.0600791,0.642382,0.0918951,4.892,2.65518,57.8082
0.0591638,0.68751,0.143843,4.35367,2.83846,57.8085
0.0580347,0.734588,0.143255,5.84789,3.55632,57.809
0.0651421,0.530453,0.116123,0.0595266,2.34662,57.8093
0.0585847,0.69512,0.10265,5.08881,2.6221,57.812
0.0566735,0.770258,0.14192,6.17709,2.27566,57.8124
0.0583849,0.69925,0.110771,5.8301,2.38328,57.8128
0.0615873,0.648753,0.157792,2.78824,3.20741,57.8145
0.0582735,0.714615,0.117813,5.89,2.2965,57.8151
0.0648018,0.548549,0.140513,0.0786076,2.80703,57.8153
0.0603737,0.668679,0.117897,3.27335,2.54483,57.8157
0.0546014,0.842621,0.1578,8.09211,2.69498,57.8161
0.0648075,0.557533,0.1099,0.46538,2.11176,57.8164
0.0567795,0.75678,0.157964,6.18746,2.19641,57.8183
0.0590412,0.702255,0.145274,4.87167,3.98929,57.8209
0.0612623,0.6689,0.162713,2.76098,2.63786,57.8221
0.0553891,0.833569,0.162577,7.13433,2.4552,57.8238
0.0639429,0.589711,0.145297,0.949943,2.95621,57.8244
0.0607188,0.642296,0.148928,3.37789,3.85256,57.8249
0.056439,0.803819,0.163435,6.20422,2.345,57.8249
0.0587002,0.733667,0.160825,4.88673,3.62059,57.8259
0.0642167,0.592795,0.144137,0.654258,3.32946,57.8276
0.0581085,0.727801,0.141425,5.4428,3.66927,57.828
0.0558379,0.793652,0.140995,7.25567,3.72531,57.831
0.0594166,0.675254,0.15037,4.82509,3.11024,57.8335
0.0648485,0.547536,0.109963,0.889682,2.81941,57.8341
0.0592648,0.696653,0.158536,4.86043,3.33483,57.8349
0.0620864,0.605705,0.146588,2.92726,3.81849,57.8349
0.0572399,0.735889,0.114818,6.84899,2.95993,57.8354
0.0558572,0.790928,0.165069,7.93178,3.25489,57.8354
0.060192,0.667406,0.148632,3.0785,2.51709,57.8363
0.0570579,0.747687,0.129852,6.67115,2.15981,57.8375
0.0604548,0.665291,0.142218,3.84926,3.33173,57.8378
0.0619463,0.609233,0.134344,2.45594,2.70349,57.8389
0.0578328,0.695091,0.0910412,6.53248,2.79623,57.8395
0.0638032,0.561057,0.0967483,1.6791,2.77517,57.8402
0.0619877,0.620977,0.118925,2.69752,2.52342,57.8403
0.0606788,0.644677,0.158687,3.24131,3.29962,57.8404
0.0584006,0.757662,0.16537,4.14617,2.41554,57.8409
0.0582486,0.720298,0.11078,5.11232,2.30732,57.8424
0.0617685,0.633334,0.144066,2.23454,2.85041,57.8451
0.0604906,0.6648,0.153174,3.8907,3.61311,57.8456
0.0632406,0.637659,0.164782,0.872249,2.72088,57.8459
0.0560064,0.77802,0.136074,7.08295,3.0275,57.8464
0.0651065,0.537501,0.0999867,0.51525,2.11349,57.8472
0.0544384,0.846297,0.166156,8.82211,2.44842,57.8493
0.0596779,0.713805,0.14747,3.39135,2.82744,57.8519
0.0639187,0.614554,0.143483,0.992811,2.72781,57.8531
0.0630458,0.59233,0.13231,1.17102,2.78988,57.8558
0.0616415,0.625868,0.164764,2.69832,3.73679,57.8565
0.0566759,0.784275,0.145606,6.70735,2.14532,57.857
0.0611214,0.621716,0.102794,3.83149,2.48043,57.8572
0.0575585,0.758716,0.164921,5.81392,3.98202,57.8576
0.0606175,0.645155,0.153436,3.23262,3.63015,57.8586
0.0593815,0.678913,0.166047,4.26555,3.75948,57.8589
0.0595568,0.671504,0.11832,4.31294,2.73796,57.8589
0.0593101,0.682036,0.119258,4.11468,2.91475,57.8624
0.0573603,0.773101,0.157137,5.17705,2.76327,57.8636
0.058693,0.67855,0.0991047,5.06553,2.42591,57.8663
0.0609671,0.626429,0.116182,3.24756,2.94625,57.8666
0.0601027,0.64026,0.092542,4.87762,2.50234,57.8668
0.0558722,0.784461,0.135518,7.27283,2.28788,57.8671
0.0586826,0.742401,0.16371,4.10213,3.62878,57.868
0.0587374,0.738203,0.15192,4.76292,2.30971,57.8681
0.0558873,0.782858,0.153684,7.74915,2.28798,57.8683
0.0639636,0.609138,0.159684,0.669995,2.22307,57.8692
0.0536793,0.86297,0.157894,9.15085,2.23848,57.87
0.0566433,0.793557,0.15496,6.8327,3.95082,57.8703
0.0625798,0.643216,0.136478,1.85977,2.03393,57.8703
0.060827,0.702815,0.162083,2.38664,2.72256,57.8705
0.0603882,0.653792,0.151464,3.58335,2.08452,57.8705
0.0594821,0.669516,0.143623,4.36694,2.7909,57.8706
0.0588447,0.732522,0.136919,4.09898,2.44053,57.8722
0.0608902,0.641641,0.102262,3.73783,2.73199,57.8734
0.0613736,0.636386,0.166347,2.45383,2.63775,57.8745
0.0579509,0.729442,0.14228,5.799,3.70281,57.8746
0.0633973,0.573628,0.142556,1.5534,2.95344,57.8777
0.0582821,0.707457,0.127563,5.23864,2.97161,57.8781
0.0649179,0.539338,0.120856,0.0608399,2.28957,57.8783
0.0607531,0.645913,0.119808,3.10375,2.76057,57.8786
0.0570094,0.742465,0.144457,6.81798,2.92685,57.8787
0.0613909,0.661362,0.148217,2.23988,2.04444,57.879
0.0635509,0.612565,0.162553,0.464679,2.49139,57.8813
0.0558411,0.797476,0.126847,7.20338,2.40947,57.8814
0.0558271,0.78903,0.144309,7.0378,3.14073,57.8825
0.0611938,0.677637,0.137597,2.47228,2.9465,57.883
0.0628802,0.621112,0.148012,1.52191,3.6513,57.8833
0.060945,0.625365,0.126896,3.42805,2.55749,57.8839
0.0602008,0.691796,0.130137,3.90455,2.56182,57.884
0.0632419,0.591662,0.150721,1.62786,3.394,57.885
0.0570282,0.757883,0.127555,6.26101,2.69898,57.8858
0.0590744,0.692254,0.147926,4.45065,2.91267,57.8859
0.0624248,0.647779,0.161276,1.47104,3.58052,57.8861
0.0623981,0.590852,0.0993852,2.0419,2.38041,57.8865
0.0580785,0.727547,0.116519,5.50626,2.61371,57.8874
0.0566252,0.7814,0.138081,6.32415,2.12781,57.8888
0.0613319,0.668914,0.137582,2.22997,2.38194,57.8897
0.0547965,0.814885,0.158554,8.75127,2.89699,57.8905
0.0594099,0.676593,0.144049,4.94767,3.1454,57.8925
0.0596965,0.659039,0.109706,4.38596,2.60524,57.8925
0.0594545,0.680228,0.127422,4.56767,2.0433,57.894
0.0594423,0.679132,0.135048,4.50185,3.6826,57.895
0.060715,0.639801,0.153225,3.94162,3.7077,57.8953
0.0617661,0.631557,0.11304,2.64303,2.6636,57.8956
0.0570607,0.757716,0.121943,6.10081,2.17022,57.8976
0.0607166,0.63951,0.153857,3.07658,3.58283,57.898
0.057916,0.741522,0.149725,5.17539,2.19891,57.8982
0.060269,0.682748,0.138776,3.39014,3.40119,57.8993
0.0570685,0.752635,0.125995,6.784,2.52065,57.9
0.0588846,0.727487,0.148063,4.94467,3.49374,57.9002
0.0579131,0.724099,0.149382,5.7676,2.42138,57.9012
0.0640375,0.601844,0.12836,0.472342,2.31265,57.9016
0.054712,0.832036,0.153528,8.08099,3.96894,57.9016
0.0558933,0.788693,0.143462,7.81554,2.47442,57.9016
0.0589812,0.721724,0.136637,4.92787,2.2741,57.9028
0.0587371,0.680776,0.0953898,5.32789,2.90185,57.9029
0.0572272,0.745859,0.109236,6.73903,2.52218,57.9034
0.0647537,0.551182,0.157368,0.688469,3.69966,57.9049
0.0619985,0.608649,0.154185,2.55564,3.64576,57.9053
0.0588404,0.710476,0.145064,4.5743,2.87674,57.9056
0.06122,0.671685,0.152937,2.2209,3.59261,57.9067
0.0594729,0.670707,0.129818,4.48538,2.04889,57.9067
0.0645176,0.56133,0.153811,0.506429,3.86284,57.9069
0.0638701,0.552618,0.109242,1.84386,2.05368,57.9075
0.061664,0.639865,0.153117,2.57361,2.0258,57.9079
0.0619764,0.669363,0.164036,1.64071,2.40896,57.9093
0.0568256,0.758483,0.154971,6.7301,3.27329,57.9093
0.0559675,0.778243,0.142063,7.92294,3.54846,57.9103
0.057208,0.737727,0.110929,6.50228,2.36272,57.9105
0.0632588,0.650848,0.166003,0.184064,2.53788,57.911
0.0603528,0.623134,0.0848311,4.923,2.05804,57.9112
0.0639643,0.58421,0.156123,0.313726,2.9166,57.9115
0.0587348,0.676317,0.100955,5.60516,2.72059,57.9119
0.0570504,0.70288,0.0834341,7.73635,2.69787,57.9121
0.0601105,0.697129,0.152207,3.42132,3.70285,57.9132
0.0602813,0.664698,0.130167,3.01044,2.40618,57.9133
0.0575421,0.773235,0.148482,5.49413,2.96006,57.9135
0.0613057,0.644711,0.1519,2.62818,2.66028,57.9136
0.0588991,0.729575,0.152496,4.85012,3.53111,57.9141
0.06296,0.614668,0.148864,1.28669,3.17676,57.9152
0.0643592,0.569048,0.126013,0.921516,2.43977,57.9153
0.0593439,0.688253,0.155319,4.46117,3.28667,57.9159
0.0615754,0.596232,0.086302,3.24652,2.4918,57.9166
0.0599674,0.704061,0.157675,3.72639,2.66814,57.9169
0.0618939,0.62068,0.141755,2.8999,3.97368,57.9173
0.0594457,0.673511,0.145091,4.68461,3.75856,57.9181
0.0631347,0.602626,0.152083,1.84858,3.32709,57.9192
0.0603932,0.65754,0.129546,3.67406,2.14272,57.9208
0.0609516,0.634815,0.108042,3.51609,2.31165,57.9214
0.0595138,0.669602,0.124838,4.28186,2.54574,57.9214
0.0548079,0.816395,0.163778,8.92218,2.07044,57.9216
0.064287,0.58885,0.153209,0.850584,3.63334,57.9222
0.0628422,0.615102,0.121543,1.01076,2.03471,57.9225
0.0553676,0.837217,0.165725,7.71903,2.90072,57.9225
0.063043,0.602926,0.115524,1.52463,2.20902,57.923
0.0612309,0.675612,0.135821,2.36123,2.27873,57.9231
0.0626843,0.608147,0.157863,1.68892,2.0359,57.9238
0.0595173,0.675223,0.1281,4.10745,2.08124,57.9238
0.0556686,0.818626,0.153465,7.19303,3.26641,57.924
0.0651472,0.534813,0.100385,0.592264,2.08486,57.9243
0.0590838,0.69353,0.140512,4.3569,2.35911,57.9246
0.0606738,0.64081,0.14903,3.83577,3.20638,57.9247
0.0598005,0.711099,0.163779,3.47389,3.10328,57.9248
0.0569845,0.743692,0.155612,6.24673,2.36545,57.9252
0.0555741,0.817198,0.166461,7.21035,2.98618,57.9264
0.0593095,0.681606,0.119772,4.98559,2.69119,57.9264
0.0620451,0.619198,0.115276,2.4254,2.30842,57.9269
0.0586803,0.735528,0.14112,4.58351,2.72923,57.928
0.0613788,0.603622,0.0995745,3.95108,2.62132,57.9288
0.0641856,0.596141,0.145843,0.571535,3.41402,57.93
0.0624892,0.64445,0.13593,1.75566,2.7609,57.9323
0.0611139,0.682455,0.140548,2.70601,2.77735,57.9326
0.0573861,0.786154,0.164052,5.3837,2.8069,57.933
0.0643301,0.583079,0.118616,0.0701219,2.30527,57.9336
0.0607261,0.701877,0.162407,2.47979,2.1764,57.9353
0.060641,0.659765,0.120685,3.74427,2.553,57.9353
0.0606416,0.643093,0.165097,3.92929,3.49365,57.9354
0.0566466,0.788304,0.137937,6.77964,2.80759,57.9359
0.0581652,0.72357,0.130373,5.05472,2.41194,57.9376
0.0618782,0.615771,0.16048,2.34382,2.40126,57.9387
0.0561904,0.766537,0.130463,7.4336,3.37173,57.9388
0.0568255,0.778354,0.151403,6.85116,3.20169,57.9396
0.0611602,0.613785,0.113135,3.91364,2.87102,57.9401
0.0583499,0.699246,0.134227,5.37978,2.61069,57.9401
0.0625238,0.582778,0.0951994,2.59941,2.69744,57.9408
0.0593708,0.676182,0.126861,4.48045,2.9795,57.9413
0.0595177,0.674587,0.10679,4.34061,2.26113,57.945
0.0619504,0.615621,0.140519,2.80609,3.82406,57.9452
0.0626615,0.629175,0.126949,1.40942,2.26268,57.9456
0.0593867,0.67774,0.139888,4.122,3.63175,57.9456
0.0624092,0.648146,0.139018,1.17493,2.33483,57.9458
0.0588804,0.628213,0.066721,6.8888,2.16891,57.946
0.0580988,0.713643,0.134467,5.49035,2.73208,57.9467
0.0595521,0.672325,0.12043,4.51425,2.44274,57.9467
0.0571672,0.74073,0.130312,6.35268,3.6843,57.949
0.0596323,0.664549,0.139531,4.29528,3.48361,57.9495
0.0600541,0.642964,0.0957033,4.52952,2.04805,57.9508
0.0645484,0.561327,0.150641,0.27674,3.87624,57.9509
0.0631825,0.59707,0.155508,1.68356,3.65128,57.9514
0.0617391,0.618551,0.144742,2.85461,2.84154,57.9515
0.0598915,0.647595,0.0972101,4.73279,2.85141,57.9523
0.0618529,0.634976,0.109932,2.69849,2.63623,57.9525
0.0610884,0.618567,0.111872,3.56774,2.41407,57.9526
0.0618814,0.612872,0.163196,2.1504,2.13618,57.9531
0.0640463,0.604072,0.156512,0.853507,2.75406,57.9531
0.0596036,0.624342,0.0774946,5.54563,2.76749,57.9557
0.0586113,0.695858,0.101912,5.94647,2.19261,57.9559
0.061475,0.599045,0.0942403,3.28601,2.82018,57.9559
0.0559424,0.785266,0.131225,7.68555,2.33261,57.9567
0.0576157,0.765648,0.141675,5.36937,2.75442,57.957
0.0648809,0.55332,0.109122,0.454757,2.86473,57.9576
0.0621437,0.601566,0.134088,2.15197,2.5179,57.9576
0.0576931,0.739332,0.154702,5.01846,2.2229,57.9585
0.0605613,0.609867,0.0799723,4.00866,2.78468,57.9599
0.0581958,0.708853,0.164272,5.90879,3.48687,57.96
0.0606388,0.642976,0.165796,3.49763,3.83673,57.9603
0.0605498,0.661432,0.157028,3.86354,3.26813,57.9617
0.0560274,0.775535,0.131407,7.10094,3.88998,57.963
0.0572314,0.733571,0.117049,6.11,2.52149,57.9635
0.0551309,0.801958,0.127224,8.40567,3.52942,57.9641
0.0581954,0.720673,0.138064,5.02523,3.52892,57.9647
0.0603934,0.662764,0.137132,3.47058,3.02227,57.9647
0.0549635,0.812406,0.145924,8.23516,3.86908,57.965
0.0589958,0.722293,0.126521,4.78012,2.87539,57.965
0.0652934,0.528523,0.0963239,0.752033,2.52062,57.9657
0.0617183,0.630842,0.137432,2.40612,3.55258,57.9694
0.0645999,0.564799,0.158397,0.93638,3.25936,57.9697
0.0561063,0.769237,0.135069,7.60474,3.32646,57.9701
0.0609876,0.622275,0.125069,3.80898,2.94606,57.9703
0.0588974,0.663754,0.0938662,5.52569,2.99135,57.971
0.0636573,0.639391,0.16602,0.749277,2.97169,57.9711
0.0638829,0.555784,0.0981605,1.08994,2.21052,57.9712
0.0549666,0.807941,0.156734,8.54117,3.9487,57.9722
0.0635254,0.568648,0.113058,1.27076,2.66333,57.9753
0.0581876,0.72116,0.1309,5.53497,2.31023,57.9757
0.0602559,0.667296,0.152719,3.83348,3.13661,57.9757
0.059677,0.662338,0.135468,4.30594,3.00914,57.977
0.0641955,0.569689,0.159499,0.424341,2.15581,57.9792
0.0614818,0.630538,0.162475,2.81599,2.5676,57.9793
0.0631792,0.596191,0.161951,1.34862,3.34814,57.9817
0.0581916,0.707521,0.158257,5.65631,3.54437,57.9819
0.0583862,0.701283,0.121098,5.98872,2.94093,57.982
0.0556219,0.822516,0.158318,7.88526,3.24229,57.982
0.0583875,0.759138,0.164254,4.22494,2.91591,57.9823
0.0538136,0.855636,0.158171,9.04991,2.88753,57.9825
0.0648538,0.554645,0.114227,0.221914,2.03053,57.9832
0.062879,0.597303,0.15141,1.49353,2.85549,57.9839
0.0594155,0.683818,0.127168,4.37455,3.7372,57.9853
0.0559879,0.773885,0.139657,7.49079,2.75805,57.9854
0.0583491,0.706737,0.118879,5.91323,2.08858,57.9863
0.0581381,0.725965,0.13597,5.15393,3.37345,57.9865
0.0559603,0.785059,0.127735,7.34972,2.408,57.9868
0.0596144,0.663889,0.133404,4.80386,2.60635,57.9878
0.0618949,0.623702,0.145416,2.05677,3.54055,57.988
0.0566744,0.78833,0.137846,6.08756,2.31055,57.9882
0.0547674,0.821091,0.147068,8.07431,2.76791,57.9882
0.0580211,0.67759,0.0876489,6.23653,2.45079,57.9884
0.0619558,0.608037,0.128665,2.15851,2.76126,57.9894
0.0537313,0.858351,0.154981,9.27341,2.89347,57.9907
0.0603613,0.678505,0.136056,3.05465,3.10101,57.9907
0.0607658,0.633596,0.142087,3.28721,2.32073,57.9909
0.0608826,0.630461,0.147847,3.0809,3.49431,57.9942
0.0574011,0.775914,0.156336,5.14824,2.46696,57.9944
0.0589024,0.704649,0.165891,4.21626,3.14105,57.9944
0.0618574,0.622779,0.135213,2.18472,3.33782,57.9968
0.0620657,0.691005,0.157085,1.94109,2.43903,57.9968
0.0592025,0.70898,0.121952,4.09576,2.89205,57.9973
0.0610949,0.684234,0.141273,2.72471,2.73158,57.9981
0.0604852,0.669105,0.147012,3.0682,3.98791,57.9982
0.0653262,0.521256,0.110645,0.485814,2.50878,57.9988
0.05879,0.709654,0.159222,4.20373,2.10437,57.999
0.0591479,0.70255,0.161265,4.263,2.50034,57.9999
0.0571394,0.75119,0.119227,6.25079,2.92353,58.0007
0.0622073,0.681332,0.163597,1.28562,2.6667,58.0023
0.0605759,0.659817,0.154287,3.2181,3.21121,58.0024
0.0538422,0.848507,0.164084,9.8143,2.71772,58.0025
0.0570325,0.749084,0.1322,6.37033,3.97831,58.0025
0.0585441,0.686633,0.106753,5.44055,2.62257,58.0027
0.0566379,0.78725,0.162847,6.48068,2.81257,58.0032
0.0596485,0.661215,0.142874,4.17845,3.26364,58.0039
0.0595712,0.663895,0.127988,4.90147,2.87518,58.0044
0.0567754,0.759596,0.145014,6.55602,2.09404,58.0051
0.0604862,0.613029,0.0873344,4.15752,2.14017,58.0052
0.0643487,0.576027,0.138379,0.588747,3.66526,58.0059
0.0600567,0.696094,0.165256,3.4375,2.57627,58.0061
0.063839,0.555535,0.0965871,1.43819,2.475,58.0066
0.0559046,0.799014,0.135584,7.9327,3.76241,58.0066
0.061084,0.665283,0.144773,2.02023,2.29846,58.0071
0.0629328,0.617081,0.136609,1.94661,3.54528,58.0071
0.0537952,0.871004,0.150887,9.5991,3.68459,58.0074
0.0647935,0.545013,0.15306,0.614596,3.19489,58.0083
0.0635443,0.575798,0.117808,1.54667,2.12815,58.0088
0.0592346,0.682945,0.155742,4.11156,3.80362,58.0109
0.0576957,0.738723,0.155036,5.56117,2.62249,58.0111
0.0632764,0.588983,0.153852,1.97758,3.35815,58.0113
0.0580797,0.726418,0.155075,5.44105,2.34183,58.012
0.0563295,0.755339,0.10941,7.11444,2.8304,58.0125
0.0627159,0.571915,0.0965743,2.28494,2.72228,58.0125
0.0555059,0.81813,0.145197,7.88485,2.56344,58.0133
0.0630071,0.60657,0.161912,1.41943,2.45282,58.0136
0.0624796,0.646812,0.136135,1.09156,2.82805,58.0147
0.0573206,0.788948,0.164241,5.1875,2.99579,58.0151
0.0620173,0.615282,0.143217,2.69723,3.29024,58.0173
0.060445,0.657766,0.140476,3.72113,3.8689,58.0178
0.0548664,0.824041,0.142962,8.967,2.4973,58.0182
0.054829,0.735982,0.0674442,10.2364,2.11696,58.0185
0.0582296,0.71489,0.153579,5.99599,3.08484,58.0188
0.0578581,0.752588,0.13195,5.39228,2.09635,58.0192
0.0645275,0.572869,0.151362,0.159494,3.74185,58.0195
0.0621758,0.594566,0.130795,2.67606,2.33698,58.0199
0.0606482,0.640908,0.148261,3.48774,3.90916,58.0201
0.0548894,0.82105,0.161062,8.44687,3.49064,58.0201
0.0582069,0.720583,0.140691,5.83558,3.27314,58.0218
0.055968,0.781818,0.161968,7.00378,3.16515,58.022
0.0559602,0.776946,0.140577,7.64558,3.27864,58.0234
0.0572627,0.749122,0.107813,6.58839,2.6909,58.0237
0.0594474,0.669627,0.132154,4.57682,2.27787,58.0241
0.0537217,0.868556,0.159517,9.47345,3.94709,58.0247
0.0628655,0.597264,0.154604,1.66421,2.87808,58.0252
0.0561839,0.764456,0.119752,7.41902,2.91258,58.0253
0.0604215,0.615319,0.0907955,4.38677,2.92297,58.027
0.053847,0.850023,0.16485,9.23095,3.17313,58.0275
0.0639798,0.60542,0.148451,0.00823697,3.43443,58.0277
0.060893,0.70743,0.161035,2.42995,2.45757,58.028
0.0537919,0.857374,0.155927,9.24746,2.37978,58.0285
0.0561632,0.767927,0.117865,7.71973,2.55724,58.0287
0.064978,0.539599,0.131726,0.127171,2.83754,58.0287
0.0572957,0.726967,0.127345,6.85704,2.6341,58.0294
0.057312,0.727735,0.115543,6.7408,2.70803,58.0309
0.0622554,0.66279,0.148799,1.7737,2.69223,58.0313
0.0552507,0.74722,0.0783663,9.37279,2.36255,58.0314
0.0634047,0.651312,0.159228,0.57088,2.77906,58.0321
0.0638402,0.552802,0.116393,1.96477,2.1653,58.0329
0.0575381,0.718214,0.102997,6.69223,2.94476,58.0336
0.0555232,0.825956,0.147864,7.80179,2.10854,58.0345
0.0638649,0.615227,0.136223,0.409549,2.96104,58.0356
0.0569115,0.769588,0.129227,6.76741,2.16325,58.0357
0.0619117,0.611322,0.162429,2.79035,2.30182,58.037
0.0637051,0.618752,0.163742,0.196577,3.54001,58.0375
0.0609319,0.586539,0.0747281,4.55602,2.22941,58.0377
0.0528624,0.887359,0.16454,10.1001,2.85096,58.0378
0.0580846,0.733803,0.133724,5.20773,3.41569,58.039
0.0598931,0.654231,0.094157,4.60187,2.53919,58.0396
0.0613783,0.666361,0.14707,2.00825,3.76963,58.0399
0.053824,0.862119,0.162604,9.60268,3.69617,58.0401
0.0617996,0.615766,0.136,2.61682,2.50543,58.0429
0.063552,0.562626,0.13106,1.42951,2.60149,58.0431
0.0557235,0.804412,0.161101,7.00665,2.26965,58.0436
0.0579421,0.647288,0.0648564,7.41858,2.76801,58.0436
0.0560156,0.773341,0.123854,7.45819,2.28203,58.0449
0.064265,0.538062,0.0845861,1.43949,2.51831,58.0452
0.0593583,0.691355,0.153995,4.04613,3.54899,58.0452
0.0650187,0.530937,0.124646,0.260721,2.45101,58.0463
0.0610268,0.61906,0.123106,3.07574,2.64649,58.0467
0.0607656,0.652117,0.115872,3.96424,2.2734,58.0473
0.0573602,0.723381,0.111862,6.23918,2.74998,58.0474
0.0575975,0.707272,0.102275,6.9835,2.98496,58.0477
0.0646843,0.558038,0.159553,0.858658,3.01414,58.0493
0.0607322,0.636309,0.144631,3.0238,3.16045,58.0495
0.0572119,0.735135,0.128996,6.03233,2.96291,58.0506
0.05707,0.753289,0.131278,6.8581,2.88352,58.051
0.0563645,0.81272,0.164982,6.76816,2.8406,58.0511
0.0570868,0.748882,0.14884,6.17368,3.52428,58.0517
0.058523,0.688488,0.122734,5.91918,2.17947,58.0526
0.0596514,0.735534,0.162821,3.68286,2.57949,58.0526
0.0619375,0.694885,0.159629,1.33071,2.61998,58.0532
0.0578882,0.748308,0.139684,5.05229,3.83653,58.0536
0.0615522,0.648811,0.154544,2.49567,2.4748,58.0539
0.060741,0.653123,0.118674,3.24986,2.48862,58.0541
0.0620666,0.611239,0.138681,2.892,3.67202,58.0564
0.0649163,0.536476,0.138277,0.845152,2.51606,58.0565
0.0639222,0.595054,0.138438,0.724536,2.36922,58.0571
0.0559871,0.79381,0.13607,7.00228,3.80061,58.0572
0.0597771,0.61223,0.0734705,5.31897,2.39316,58.0573
0.0640384,0.547494,0.0940654,1.65591,2.76716,58.0575
0.0607798,0.648642,0.118808,3.2231,2.21689,58.058
0.0594328,0.724109,0.163151,3.91654,2.94175,58.0588
