beta,permeability,xi,init_days,delay,value
0.0428727,0.00146969,0.163718,13.0811,3.22237,19.6816
0.0428364,0.0047649,0.166116,13.1268,3.99381,19.7001
0.0413139,0.00679389,0.165894,16.3947,4.63146,19.715
0.0412395,0.00708377,0.16544,16.993,4.1558,19.7346
0.0412324,0.00312058,0.165813,16.5098,4.08062,19.7385
0.0416971,0.00362114,0.16556,15.302,4.73568,19.7552
0.0407941,0.0161883,0.166441,17.2534,4.45538,19.7598
0.0408161,0.005825,0.163374,17.1585,4.59531,19.7606
0.0408248,0.00144275,0.161978,17.7591,4.52324,19.7653
0.0407875,0.00329412,0.16373,17.063,4.35737,19.7653
0.0412248,0.00844133,0.165331,16.316,4.7891,19.7695
0.0408201,0.00352328,0.162083,17.9169,4.85985,19.7723
0.0428799,0.00733472,0.164432,13.174,3.85455,19.777
0.0433269,0.00208908,0.166586,12.6076,3.97382,19.7774
0.0428507,0.00735152,0.163961,13.4628,3.26955,19.7776
0.0428244,0.00716652,0.164407,13.3202,3.20409,19.7792
0.0423453,0.00478333,0.164176,14.9525,3.40996,19.7805
0.0423461,0.00353421,0.16098,14.7835,3.79679,19.7809
0.0423766,0.00245378,0.164061,14.9337,3.27647,19.7819
0.0428786,0.0101421,0.16637,13.923,3.26174,19.7917
0.0423461,0.00666342,0.166292,14.4295,3.83324,19.7921
0.0413431,0.00597387,0.165401,16.4477,4.37128,19.7929
0.0407754,0.0121063,0.163303,17.5586,4.19731,19.7939
0.0412209,0.00227411,0.164107,16.9993,4.13821,19.7953
0.0433361,0.00367283,0.166264,12.8171,3.74045,19.7982
0.040845,0.00387545,0.162203,17.7509,4.87839,19.7982
0.0422762,0.00356537,0.162346,14.4406,3.78933,19.8025
0.0407867,0.013225,0.162882,17.4225,4.91915,19.8045
0.0413526,0.00501757,0.165223,16.406,4.03391,19.8056
0.0433919,0.00402339,0.164942,12.9748,3.89041,19.8109
0.0423098,0.010683,0.165339,14.6579,3.80813,19.8145
0.0416764,0.00693559,0.165089,15.5521,4.67342,19.8151
0.0427859,0.00549604,0.16404,13.5951,3.89787,19.8205
0.0412472,0.00607858,0.160857,16.2355,4.2694,19.8208
0.042313,0.00774073,0.16019,14.6172,3.55692,19.8221
0.0422588,0.00868634,0.165707,14.2437,3.17795,19.8227
0.0433773,0.00486365,0.165048,12.675,3.84207,19.8254
0.0412073,0.00644147,0.16407,16.7123,4.18851,19.8276
0.0427633,0.00391095,0.16412,13.023,3.13633,19.8299
0.0423235,0.00252788,0.156606,14.7037,3.94524,19.8318
0.0429274,0.0055156,0.165825,13.6364,3.84572,19.8347
0.042266,0.00542949,0.161354,14.3648,3.25201,19.8399
0.0428263,0.00539125,0.161162,13.5655,3.64758,19.8402
0.0412931,0.0144354,0.165888,16.6587,4.82236,19.8437
0.0413075,0.00745896,0.162939,16.0057,4.59358,19.8493
0.0422991,0.00364128,0.15778,14.4307,3.2357,19.8516
0.0407783,0.00925416,0.160305,17.9518,4.07322,19.8572
0.0422902,0.0115853,0.161373,14.0132,3.96195,19.8593
0.0412204,0.0199141,0.165249,16.1327,4.00831,19.8595
0.0417847,0.00839057,0.165127,15.5133,4.47251,19.8599
0.0412484,0.00249302,0.158612,16.6957,4.02062,19.8601
0.0416553,0.00634864,0.165508,15.758,4.77472,19.8606
0.0407782,0.0157986,0.161964,17.4128,4.09005,19.8617
0.0428152,0.0134965,0.164815,13.8829,3.21328,19.8655
0.0407229,0.0115603,0.166053,17.8889,4.97099,19.866
0.043393,0.00604091,0.164407,12.687,3.92968,19.8664
0.0408026,0.0185726,0.16456,17.8252,4.50812,19.8729
0.0422406,0.00695506,0.165673,14.3198,4.36085,19.8733
0.0422439,0.00734061,0.162238,14.5656,3.01512,19.8743
0.0428897,0.00818071,0.162644,13.5205,3.89554,19.8784
0.0422671,0.00336025,0.15857,14.9066,3.72747,19.8789
0.0422742,0.0177263,0.166551,14.1621,3.96509,19.8807
0.0407147,0.0174182,0.166051,17.6713,4.56522,19.8807
0.0433788,0.00906793,0.165638,12.3305,3.30692,19.881
0.0427373,0.00507025,0.163378,13.1218,3.17683,19.8847
0.0429485,0.00349411,0.164297,13.6514,3.73366,19.886
0.0411646,0.0145085,0.165575,16.2763,4.15647,19.8864
0.0428496,0.01149,0.162836,13.7041,3.49578,19.8869
0.0422771,0.0134703,0.161181,14.5198,3.51397,19.8879
0.0407133,0.0144217,0.165832,17.1074,4.2069,19.8902
0.0433177,0.0100996,0.166185,12.6671,3.51375,19.8902
0.0403576,0.0047505,0.163205,18.194,4.56383,19.8925
0.042171,0.00294108,0.165916,14.816,4.21341,19.8935
0.0407525,0.0029266,0.161556,17.4579,4.90989,19.896
0.040354,0.0149377,0.164799,18.0706,4.13317,19.8969
0.0422787,0.02004,0.166519,14.7858,3.45378,19.8973
0.0408547,0.0099206,0.163047,17.3856,4.1134,19.8977
0.0427744,0.0130802,0.164361,13.9159,3.69688,19.8996
0.0403823,0.012758,0.164185,18.5055,4.99002,19.9008
0.04031,0.00204943,0.165249,18.4472,4.1209,19.9058
0.0411547,0.0189201,0.165757,16.7952,4.65259,19.9065
0.0408484,0.0130069,0.163961,17.4387,4.68488,19.9073
0.0428417,0.0138357,0.163505,13.7994,3.70444,19.9079
0.0427545,0.0110865,0.163896,13.3921,3.10126,19.9089
0.0427276,0.0125267,0.165869,13.7224,3.34003,19.9115
0.0412677,0.0207193,0.166204,16.0275,4.03843,19.912
0.0427671,0.00818453,0.161587,13.087,3.35238,19.9152
0.0421893,0.00979017,0.165866,14.9912,4.32463,19.9174
0.0402992,0.0107905,0.165598,18.1673,4.2783,19.9177
0.0407381,0.0225501,0.16247,17.1602,4.38202,19.9178
0.0428196,0.00660818,0.159209,13.8676,3.28854,19.9186
0.0423197,0.013145,0.159755,14.0601,3.15024,19.9187
0.0423516,0.0126338,0.163669,14.2415,3.13542,19.9196
0.0407216,0.010289,0.163543,17.4241,4.69845,19.9206
0.0403653,0.00256835,0.160917,18.1864,4.95553,19.9219
0.0418082,0.00278626,0.159023,15.1305,3.90538,19.9246
0.0408278,0.0192948,0.165579,17.7953,4.53343,19.9261
0.0403676,0.00808048,0.161871,18.0207,4.38186,19.9262
0.0428447,0.0145518,0.163366,13.9064,3.0776,19.9279
0.0403474,0.00756254,0.161547,18.4459,4.40256,19.9288
0.0407218,0.0227339,0.163176,17.655,4.98916,19.9293
0.0411953,0.00479767,0.159827,16.0123,4.42313,19.9315
0.0417947,0.00286115,0.159838,15.4713,3.16506,19.9322
0.042301,0.0086649,0.156525,14.5117,3.1389,19.9322
0.0433239,0.00333731,0.161261,12.3346,3.17727,19.9327
0.043469,0.00257197,0.163366,12.3878,3.82,19.9331
0.0411715,0.00856621,0.161839,16.1635,4.16196,19.9375
0.0422962,0.0117156,0.157842,14.0919,3.24935,19.9389
0.0418454,0.00473421,0.166462,15.026,3.39472,19.9392
0.0439458,0.00147243,0.164566,11.4539,3.67326,19.9399
0.0413016,0.00963269,0.161726,16.65,4.02233,19.9401
0.0434176,0.0103363,0.166,12.9812,3.17845,19.9409
0.0407584,0.0301307,0.165961,17.939,4.38273,19.9417
0.0403113,0.0162234,0.162914,18.3849,4.09026,19.9417
0.0418219,0.00606816,0.159861,15.3492,3.7902,19.942
0.0407178,0.0280345,0.163864,17.1232,4.96474,19.9424
0.040313,0.00279118,0.16209,18.5597,4.42907,19.9444
0.0417837,0.00233696,0.160595,15.0228,3.39555,19.9444
0.0407768,0.0249886,0.164204,17.8686,4.67256,19.9465
0.0416931,0.00613792,0.1592,15.72,4.68749,19.9472
0.0422668,0.0237965,0.165699,14.9624,3.53046,19.9474
0.0422433,0.0112584,0.166448,14.471,4.86294,19.9474
0.0418033,0.00430127,0.152043,15.8185,3.41468,19.9495
0.0411791,0.0185277,0.162231,16.3696,4.17654,19.9501
0.0423403,0.0164278,0.164889,14.6346,3.47555,19.951
0.042199,0.0102516,0.164895,14.3018,4.3237,19.9524
0.0417322,0.0132787,0.163537,15.4548,4.58948,19.953
0.0412262,0.0192578,0.162823,16.1204,4.03691,19.9531
0.0422199,0.0175456,0.163533,14.687,3.54707,19.956
0.0422064,0.0052011,0.161889,14.2393,3.8849,19.9598
0.0417744,0.00814344,0.156915,15.8637,3.08855,19.9599
0.041827,0.00933956,0.166272,15.1433,3.48568,19.9605
0.0407033,0.0092438,0.163541,17.4907,4.81663,19.9612
0.0417787,0.00512205,0.166258,15.2633,3.46589,19.9612
0.0417891,0.00841963,0.155454,15.8239,3.93188,19.9613
0.042233,0.0180127,0.162578,14.4548,3.98174,19.9621
0.0403484,0.00441226,0.158956,18.5536,4.98426,19.9647
0.0407545,0.0116004,0.157887,17.0407,4.5978,19.9651
0.0417692,0.00357835,0.164842,15.2004,3.85863,19.9661
0.0403712,0.0206684,0.165102,18.5893,4.91716,19.9667
0.0407056,0.01101,0.162961,17.6686,4.42256,19.9669
0.0403329,0.00969202,0.159833,18.1629,4.44003,19.9669
0.0408706,0.00267883,0.15859,17.8905,4.38565,19.967
0.0417097,0.0211593,0.166544,15.4698,4.23851,19.9681
0.0423967,0.00377128,0.15861,14.7058,3.23064,19.9682
0.0427402,0.0186598,0.165471,13.0043,3.11686,19.9691
0.0408669,0.0152884,0.165006,17.3985,4.80336,19.9693
0.0411583,0.00896333,0.162154,16.0278,4.08562,19.9695
0.0409736,0.00517244,0.166381,17.8362,4.74848,19.9699
0.043905,0.00446669,0.165264,11.1972,3.19361,19.9716
0.042185,0.0025381,0.162561,14.655,4.13038,19.9731
0.0427857,0.0140231,0.161605,13.983,3.61902,19.9731
0.0428896,0.0128538,0.163826,13.6029,3.0787,19.9734
0.0404457,0.00956861,0.164995,18.9752,4.59974,19.9744
0.0418995,0.00527338,0.163204,15.534,3.74435,19.9745
0.0417673,0.00796462,0.161188,15.3723,3.07462,19.9749
0.0403387,0.00278284,0.158048,18.6697,4.55176,19.9751
0.0402816,0.0189007,0.162993,18.813,4.51786,19.9766
0.0402686,0.00966158,0.165401,18.3305,4.85363,19.9769
0.0427897,0.00488047,0.156462,13.8652,3.77341,19.9773
0.0413066,0.00783522,0.160252,16.8273,4.02561,19.9788
0.042232,0.00633102,0.157209,14.8898,3.0307,19.9796
0.0411648,0.0187842,0.161674,16.3597,4.86584,19.9801
0.040349,0.0103239,0.159428,18.099,4.34126,19.9801
0.0407055,0.0108073,0.162298,17.576,4.80875,19.9804
0.0427688,0.0103031,0.159647,13.1573,3.7422,19.9804
0.0418328,0.00646869,0.155555,15.4149,3.20507,19.9822
0.0421887,0.014586,0.163623,14.9622,3.1739,19.9831
0.0422374,0.0155822,0.160289,14.461,3.45868,19.9843
0.0402861,0.0297824,0.163628,18.2297,4.73024,19.9849
0.0422048,0.025197,0.166309,14.1076,3.35087,19.9855
0.0416095,0.0105558,0.165814,15.3876,4.77287,19.9855
0.0417664,0.00976448,0.165995,15.1375,3.50814,19.9863
0.0402747,0.00185735,0.165781,18.651,4.49658,19.9871
0.0424217,0.00800186,0.165807,14.1339,3.90673,19.9872
0.041777,0.00298149,0.151598,15.2097,3.59239,19.9894
0.0418333,0.0132575,0.166044,15.0499,3.76185,19.9906
0.04286,0.0152225,0.162744,13.3625,3.97399,19.9918
0.0403065,0.00924164,0.158854,18.8904,4.06767,19.9921
0.0406639,0.0299362,0.166424,17.3053,4.89165,19.9928
0.0412372,0.027176,0.166302,16.072,4.42114,19.9935
0.0422632,0.00824395,0.15548,14.437,3.44933,19.9942
0.0423028,0.00296835,0.163329,14.8689,4.8582,19.9953
0.0403574,0.00935995,0.158581,18.5461,4.94726,19.9955
0.0428483,0.00987958,0.158979,13.8185,3.86669,19.9963
0.0422043,0.0159879,0.161822,14.1616,3.44452,19.9971
0.0407032,0.0128652,0.161536,17.976,4.8406,19.9985
0.0402533,0.0359116,0.165057,18.504,4.80939,19.9989
0.0429588,0.00433178,0.162549,13.8358,3.3907,19.999
0.0417733,0.0138973,0.157716,15.3674,3.75319,19.9993
0.0408986,0.0135884,0.165405,17.2473,4.8647,19.9993
0.0411264,0.0280655,0.165828,16.5228,4.38654,19.9995
0.0440049,0.00314044,0.165469,11.4326,3.60487,20.0015
0.0403415,0.0233506,0.163473,18.5787,4.14203,20.0016
0.0438935,0.00181496,0.163212,11.3064,3.61488,20.0029
0.0402838,0.0262215,0.161163,18.5441,4.00027,20.0058
0.0426664,0.0105118,0.16631,13.4306,3.96213,20.0062
0.0439019,0.00511667,0.164544,11.2082,3.57352,20.0077
0.0413763,0.00627354,0.162671,16.0926,4.74997,20.0081
0.0412633,0.0117592,0.15928,16.5367,4.34522,20.0088
0.0434504,0.00169856,0.160025,12.9707,3.76735,20.0088
0.041603,0.0103745,0.165637,15.3478,4.92408,20.0095
0.0426682,0.00795219,0.165678,13.9721,3.50703,20.0096
0.0423882,0.00758537,0.1597,14.0574,3.87267,20.0101
0.0413232,0.00224527,0.157716,16.3803,4.16565,20.0105
0.0427072,0.0194838,0.165035,13.8294,3.01716,20.0106
0.0427148,0.0176108,0.163726,13.2451,3.84454,20.0109
0.0417454,0.00843517,0.154791,15.7231,3.51163,20.0112
0.0432799,0.00881402,0.162491,12.6139,3.64446,20.0118
0.0422225,0.00845859,0.157041,14.9574,3.82458,20.012
0.0411637,0.0153392,0.159348,16.4187,4.38322,20.0122
0.041131,0.00214312,0.166239,16.9033,4.52109,20.0126
0.0402759,0.01736,0.161102,18.1998,4.08357,20.0126
0.0428848,0.00620818,0.15779,13.4168,3.92409,20.0127
0.042221,0.0261483,0.164381,14.1713,3.1766,20.0128
0.0426773,0.00686981,0.162715,13.4981,3.73179,20.0133
0.0412399,0.0135883,0.159232,16.5558,4.1102,20.0137
0.041126,0.00424668,0.166498,16.9828,4.26251,20.0139
0.040659,0.0164366,0.165297,17.284,4.66042,20.0175
0.0418005,0.0155077,0.160548,15.1294,3.06199,20.018
0.0417132,0.00692451,0.158994,15.2527,3.14031,20.0182
0.04072,0.0107029,0.15868,17.8951,4.16901,20.0189
0.0432525,0.010742,0.163945,12.0256,3.48098,20.0192
0.0428782,0.0132961,0.161983,13.9713,3.39132,20.0193
0.0422645,0.0270029,0.164133,14.8453,3.51776,20.0193
0.0411595,0.0044512,0.15959,16.8598,4.43337,20.0211
0.0426688,0.0188439,0.166596,13.8643,3.73975,20.0214
0.041744,0.0168476,0.160204,15.1545,3.35298,20.0215
0.0422034,0.00442994,0.156889,14.603,3.90059,20.022
0.0417588,0.0163441,0.157983,15.89,3.6746,20.0223
0.0412578,0.0207164,0.163145,16.1721,4.43634,20.0243
0.0402414,0.0173737,0.16509,18.3757,4.50526,20.0247
0.0433782,0.0106803,0.162467,12.0104,3.81359,20.0248
0.0414001,0.00303064,0.162056,16.4122,4.25226,20.0248
0.0417928,0.0148875,0.15678,15.7213,3.06175,20.025
0.041229,0.00227774,0.153736,16.801,4.81317,20.0253
0.0418282,0.00382489,0.149872,15.8204,3.34449,20.0259
0.0428389,0.0147776,0.160831,13.8573,3.02888,20.0259
0.0416182,0.0191312,0.164797,15.9561,4.46468,20.0263
0.0417915,0.00562275,0.15012,15.5863,3.77826,20.0263
0.0417076,0.0125554,0.160358,15.3229,4.81689,20.0264
0.0411521,0.0230412,0.161578,16.1486,4.7329,20.0283
0.0423647,0.0120018,0.160219,14.6592,3.73338,20.0283
0.0424527,0.00297673,0.163068,14.4305,3.69332,20.0284
0.0408229,0.0167478,0.160908,17.4762,4.86895,20.029
0.0411257,0.0290478,0.164959,16.2206,4.2382,20.0295
0.0427944,0.0234618,0.16506,13.2128,3.41059,20.0298
0.0422012,0.0113186,0.158523,14.6665,3.45667,20.0313
0.0417259,0.0163935,0.160525,15.8911,3.26346,20.0316
0.0408966,0.00616296,0.160276,17.0894,4.39929,20.0319
0.0406789,0.0288609,0.162835,17.1304,4.28773,20.032
0.041318,0.0113945,0.161621,16.5579,4.4157,20.0329
0.0418247,0.00158079,0.14833,15.8658,3.12637,20.0337
0.041737,0.0186527,0.161767,15.5559,3.24628,20.0348
0.0422259,0.00504011,0.154461,14.892,3.2994,20.0353
0.0427491,0.0256302,0.166287,13.0564,3.89821,20.0354
0.0418366,0.00607471,0.163246,15.7184,4.70408,20.0363
0.0402382,0.0380621,0.164191,18.3867,4.3322,20.037
0.0417644,0.0225259,0.166248,15.8992,3.50054,20.0371
0.042814,0.0216028,0.163942,13.1043,3.95043,20.0373
0.0418367,0.0166919,0.164616,15.1745,3.07553,20.0385
0.0421851,0.00415695,0.159468,14.0776,3.1116,20.0388
0.0418522,0.00362987,0.152173,15.3193,3.09475,20.0399
0.0398876,0.00552568,0.164829,19.1781,4.14449,20.0401
0.041139,0.0316772,0.164736,16.3076,4.59336,20.0406
0.042205,0.0184182,0.160698,14.8933,3.34721,20.0415
0.0407908,0.00260806,0.153083,17.6579,4.72343,20.0424
0.040664,0.00691189,0.166311,17.3682,4.29134,20.0426
0.042822,0.00728032,0.155692,13.7248,3.50957,20.0432
0.042651,0.0126331,0.166004,13.7571,3.15924,20.0434
0.0413933,0.00365338,0.161489,16.3578,4.63554,20.0434
0.0427648,0.0156934,0.160074,13.329,3.43175,20.0451
0.0399087,0.00443555,0.163741,19.0889,4.8551,20.0456
0.0426985,0.0226396,0.165422,13.9243,3.51231,20.0456
0.0423706,0.0133015,0.161805,14.0893,3.20561,20.0461
0.0432715,0.0185833,0.165626,12.4358,3.12576,20.0472
0.0402402,0.0188448,0.163358,18.0376,4.22512,20.0473
0.0398976,0.00195057,0.165186,19.706,4.02454,20.0484
0.0422893,0.0227563,0.160463,14.0355,3.36398,20.0489
0.0399059,0.00563834,0.165991,19.7113,4.45052,20.049
0.0427605,0.0228886,0.164014,13.4573,3.25027,20.0504
0.0411114,0.0109416,0.164796,16.0884,4.1419,20.0508
0.0413189,0.00454837,0.157735,16.5931,4.89985,20.0513
0.042751,0.00707866,0.155974,13.4114,3.16718,20.0519
0.0406845,0.0114508,0.160809,17.2984,4.23629,20.052
0.0403579,0.00764908,0.155931,18.6785,4.43646,20.052
0.0407291,0.00405757,0.156338,17.4581,4.85447,20.053
0.0417257,0.0113346,0.15529,15.312,3.30849,20.053
0.0398944,0.00778278,0.162939,19.1425,4.65573,20.0538
0.0399188,0.00800687,0.16284,19.2082,4.34225,20.0542
0.041107,0.0212101,0.165086,16.9739,4.83629,20.0543
0.0398556,0.00913701,0.165665,19.2391,4.46468,20.0557
0.0422099,0.0330363,0.166527,14.9693,3.61598,20.0557
0.0432103,0.0109265,0.16475,12.3948,3.39618,20.0563
0.0406902,0.0125834,0.159944,17.9745,4.20457,20.0564
0.0403251,0.02116,0.159588,18.1655,4.85528,20.057
0.0408721,0.0194082,0.165507,17.1485,4.38644,20.057
0.0411373,0.0342952,0.16528,16.2679,4.80018,20.0574
0.0438562,0.00675029,0.164351,11.0425,3.98273,20.0574
0.041749,0.0244132,0.165633,15.5225,3.27351,20.0584
0.0402304,0.0412297,0.16414,18.5337,4.15719,20.0584
0.0403388,0.0259598,0.162957,18.9472,4.11763,20.0584
0.0402298,0.0208387,0.163691,18.6772,4.70999,20.0588
0.0407208,0.00466456,0.156891,17.4876,4.93044,20.0592
0.042305,0.00298798,0.150102,14.9161,3.34043,20.0598
0.0429491,0.00515934,0.160538,13.9982,3.569,20.06
0.0408439,0.0195356,0.163444,17.3392,4.57248,20.0601
0.0411686,0.0251146,0.161188,16.7421,4.07581,20.0604
0.0422173,0.0259582,0.162415,14.4773,3.13064,20.0609
0.0398719,0.00433093,0.16401,19.2141,4.21976,20.0615
0.0413381,0.0107017,0.161807,16.6239,4.24155,20.0619
0.0399489,0.00306759,0.165836,19.0756,4.74448,20.0624
0.0417159,0.0171677,0.157115,15.417,3.52025,20.0639
0.0408014,0.00918872,0.155538,17.075,4.76829,20.0641
0.0416982,0.00726631,0.162287,15.8653,3.65073,20.0651
0.0418805,0.01058,0.161864,15.0346,3.87225,20.0654
0.0418348,0.00879376,0.164112,15.8542,4.4524,20.0659
0.0407062,0.0369767,0.164279,17.7696,4.47438,20.066
0.0426684,0.00518357,0.1608,13.5558,3.89236,20.0667
0.0434076,0.0142225,0.16512,12.3364,3.30203,20.0669
0.0403821,0.00731654,0.15675,18.9741,4.89967,20.0675
0.0423232,0.0200999,0.160987,14.845,3.87699,20.0682
0.0417492,0.0176533,0.154834,15.389,3.8117,20.0689
0.0417098,0.021887,0.16459,15.9467,3.982,20.0689
0.0426948,0.00473161,0.165907,13.8315,4.93363,20.0689
0.0422065,0.0210991,0.160382,14.4457,3.48247,20.069
0.0422762,0.0111737,0.153732,14.5925,3.60131,20.0698
0.0406777,0.032915,0.16229,17.8567,4.86412,20.0698
0.0411838,0.00542049,0.154033,16.4867,4.47415,20.07
0.0416884,0.019468,0.161276,15.0405,3.20969,20.0705
0.0422081,0.00355968,0.153259,14.3703,3.89796,20.071
0.0398773,0.00592491,0.162445,19.0809,4.24647,20.0718
0.040864,0.0145438,0.161703,17.1711,4.69862,20.0721
0.0422897,0.0128782,0.154512,14.9174,3.4725,20.0724
0.0422596,0.00619291,0.15147,14.3029,3.34053,20.073
0.042843,0.0209823,0.163821,13.3863,3.75491,20.0736
0.041863,0.0165009,0.165204,15.7107,3.38317,20.0736
0.0417651,0.0238384,0.160381,15.8837,3.65163,20.074
0.0422069,0.013764,0.157098,14.8054,3.43523,20.0747
0.0424407,0.00184023,0.158217,14.8678,3.19002,20.0749
0.0403017,0.0375746,0.165987,18.9336,4.96622,20.075
0.0407352,0.00957336,0.154339,17.2085,4.4073,20.0752
0.0438716,0.0119341,0.16636,11.9423,3.68931,20.0755
0.0416903,0.0041152,0.160185,15.7202,3.92249,20.0761
0.0415809,0.0194777,0.166334,15.2174,4.10532,20.0764
0.0404232,0.00572265,0.158252,18.0209,4.26422,20.0768
0.0411816,0.00941238,0.15439,16.4183,4.65685,20.0778
0.0427223,0.0247675,0.164411,13.1223,3.07161,20.0782
0.0418134,0.0208135,0.163335,15.9613,3.57299,20.0783
0.0417958,0.0108713,0.162485,15.264,4.99351,20.0783
0.0427854,0.0161234,0.159064,13.2545,3.4526,20.0784
0.0422069,0.0124251,0.156363,14.1504,3.95601,20.0787
0.0403175,0.00150066,0.153347,18.0781,4.14636,20.0789
0.0422165,0.00778741,0.161285,14.5899,4.7898,20.0791
0.0404927,0.00748672,0.165264,18.955,4.97567,20.0796
0.0438867,0.00983422,0.165091,11.9933,3.57181,20.0806
0.0402453,0.0199854,0.160675,18.4169,4.75329,20.0822
0.0417677,0.00505491,0.157999,15.6095,4.76783,20.0825
0.0411364,0.00939888,0.159704,16.5418,4.62274,20.0825
0.0429608,0.0104276,0.166401,13.7342,3.47935,20.0829
0.0417671,0.0265038,0.165582,15.3595,3.1705,20.0832
0.0422926,0.0127004,0.154161,14.8186,3.19379,20.0832
0.0439175,0.0112148,0.166343,11.3952,3.22194,20.0833
0.040304,0.034734,0.164247,18.4938,4.6432,20.0833
0.0416906,0.00540277,0.161812,15.2234,3.56457,20.0833
0.0435497,0.00140187,0.164303,12.0082,3.16281,20.0836
0.0411044,0.00748958,0.166366,16.8172,4.02953,20.0837
0.042186,0.00251914,0.154534,14.0742,3.55439,20.0838
0.0408002,0.00642296,0.153915,17.0987,4.87306,20.084
0.0421825,0.0188548,0.160003,14.1773,3.45469,20.0845
0.0404236,0.00374531,0.157195,18.9511,4.99803,20.0847
0.0432734,0.0125485,0.161812,12.358,3.93967,20.0849
0.0434104,0.00463308,0.158475,12.8475,3.73888,20.085
0.0413218,0.003723,0.15678,16.0217,4.03113,20.0852
0.0427271,0.0150533,0.158692,13.4066,3.72812,20.0863
0.042801,0.0158922,0.158951,13.5301,3.17301,20.0864
0.0428175,0.00361662,0.152462,13.4875,3.65933,20.0866
0.0408366,0.0234609,0.164451,17.8658,4.31336,20.09
0.0417056,0.00470185,0.1546,15.9419,3.3767,20.0901
0.0426808,0.00724668,0.158246,13.9937,3.2194,20.0915
0.0426353,0.00996615,0.166245,13.5222,3.21201,20.0918
0.0417167,0.0258007,0.162474,15.7432,3.92175,20.0918
0.0423148,0.0042703,0.150214,14.8432,3.78269,20.0919
0.0417088,0.0116282,0.155165,15.7126,3.74299,20.0921
0.0416816,0.0241769,0.162063,15.4002,3.18165,20.0926
0.0401969,0.0190485,0.16566,18.9038,4.60757,20.0927
0.0426379,0.0140621,0.164495,13.5528,3.17153,20.093
0.0398531,0.0373324,0.166074,19.9996,4.78283,20.0944
0.0417076,0.0253606,0.161025,15.7597,3.02459,20.0945
0.0424436,0.00330124,0.159251,14.7844,3.29595,20.0949
0.0416902,0.00420287,0.15744,15.7254,3.43323,20.0953
0.0431887,0.00176257,0.162984,12.7919,3.79085,20.0954
0.0398475,0.0243624,0.164197,19.8143,4.10282,20.0956
0.0427613,0.0260402,0.164122,13.631,3.19007,20.0958
0.0398963,0.0152783,0.161042,19.8138,4.88921,20.0974
0.0416823,0.00741762,0.158963,15.7805,3.59343,20.0981
0.0432395,0.00885095,0.160871,12.7687,3.92936,20.0983
0.039832,0.0211521,0.164445,19.0905,4.44433,20.0986
0.0403894,0.00710484,0.156245,18.2426,4.56331,20.099
0.0416957,0.00616135,0.164307,15.0229,3.52258,20.0995
0.0415884,0.00751835,0.16384,15.7996,4.09082,20.0998
0.0429615,0.0062767,0.161491,13.005,3.85181,20.1002
0.0402129,0.0313188,0.163013,18.0802,4.77006,20.1004
0.0406645,0.0125689,0.160772,17.915,4.73722,20.1007
0.0414798,0.00267733,0.165602,16.2484,4.90807,20.1009
0.0407815,0.00915704,0.153812,17.3264,4.37347,20.1012
0.0398708,0.0323118,0.164361,19.6982,4.05192,20.1013
0.041722,0.00429036,0.151926,15.7705,3.41029,20.1018
0.042151,0.0195621,0.166056,14.9006,4.072,20.1022
0.0411316,0.0383121,0.165626,16.2166,4.43893,20.1024
0.0422971,0.00688596,0.150799,14.6378,3.72712,20.1031
0.042134,0.00890276,0.163379,14.768,4.93023,20.1037
0.0428932,0.00895522,0.158104,13.1139,3.8219,20.1039
0.0418192,0.0144003,0.165668,15.9203,4.73862,20.1039
0.0413364,0.0124279,0.161764,16.8073,4.1187,20.1041
0.0399586,0.0130001,0.166491,19.2031,4.99829,20.1042
0.0421639,0.0108123,0.157418,14.05,3.54925,20.1043
0.0417855,0.0173673,0.153368,15.7991,3.7699,20.1044
0.0413905,0.00198419,0.156155,16.7302,3.8705,20.1045
0.0407338,0.00872536,0.153073,17.4557,4.93565,20.1046
0.0419028,0.0134632,0.166079,15.0465,3.25572,20.1048
0.040842,0.007944,0.156046,17.1896,4.01598,20.105
0.0407723,0.0246295,0.160217,17.1276,4.98289,20.1051
0.0423091,0.00822745,0.164385,14.8669,4.47717,20.1054
0.0403278,0.00766968,0.152995,18.7757,4.52755,20.1059
0.0403122,0.033269,0.16343,18.254,4.95835,20.1059
0.0416822,0.017549,0.166001,15.309,3.548,20.1063
0.0421541,0.0153947,0.159846,14.5314,3.93502,20.1068
0.0398568,0.0280072,0.163199,19.1001,4.25494,20.1069
0.0418078,0.0121661,0.151571,15.1764,3.91561,20.107
0.0402771,0.0259418,0.157394,18.0031,4.82079,20.1073
0.0403459,0.0216602,0.159949,18.256,4.43548,20.1073
0.0432257,0.00791943,0.160492,12.4107,3.74303,20.1074
0.0427238,0.0133595,0.157535,13.9293,3.03686,20.1078
0.0426853,0.019364,0.161143,13.2371,3.8207,20.1082
0.0421725,0.0168595,0.164385,14.3985,4.01867,20.1082
0.0416628,0.02538,0.163138,15.569,3.7462,20.1085
0.0427135,0.0151747,0.158547,13.2453,3.12223,20.1087
0.040384,0.0242855,0.163607,18.5772,4.07523,20.1096
0.0403601,0.0306389,0.165538,18.4758,4.47442,20.1097
0.0401896,0.0488231,0.166229,18.9916,4.19766,20.11
0.041177,0.0143392,0.155145,16.1742,4.89434,20.1103
0.0423025,0.00883034,0.151772,14.8332,3.25894,20.1104
0.0421905,0.0207907,0.166189,14.1603,4.83205,20.1106
0.0403959,0.0238807,0.164143,18.4363,4.47602,20.1106
0.0411374,0.00198112,0.158711,16.0407,4.36986,20.111
0.0428412,0.0171225,0.160436,13.6453,3.48433,20.1113
0.0429915,0.00479287,0.163204,13.7326,3.97717,20.1119
0.039869,0.00381071,0.159898,19.7111,4.39893,20.112
0.0422665,0.0203514,0.15708,14.6561,3.72469,20.1121
0.0416765,0.00931253,0.156718,15.3797,4.07395,20.1128
0.03999,0.00557198,0.164697,19.4836,4.12091,20.1129
0.0398625,0.0322597,0.163742,19.0035,4.6579,20.113
0.0417029,0.0278263,0.161774,15.6626,3.69959,20.1132
0.0399367,0.0196525,0.164898,19.198,4.60059,20.1135
0.0402311,0.0159452,0.160903,18.0948,4.89557,20.1137
0.0412103,0.0231728,0.160508,16.4806,4.74026,20.1141
0.0421099,0.00324962,0.163445,14.0251,4.16986,20.1143
0.0426782,0.0013975,0.164157,13.7188,4.13934,20.1148
0.0421599,0.00222154,0.158779,14.3738,3.50839,20.1159
0.0402143,0.0169445,0.162508,18.5255,4.28845,20.1159
0.0427689,0.0219976,0.161104,13.3973,3.94374,20.1163
0.0433673,0.00812632,0.158479,12.0324,3.51982,20.1166
0.0416679,0.013712,0.163495,15.7531,3.07394,20.1168
0.0433332,0.0190449,0.164084,12.8469,3.3309,20.1169
0.0413955,0.00827751,0.161687,16.1206,3.50693,20.1169
0.0432265,0.0189721,0.164979,12.9187,3.21807,20.1175
0.042246,0.0153807,0.154494,14.7344,3.84056,20.1177
0.0428502,0.0195012,0.162092,13.7973,3.58508,20.1187
0.0412144,0.0246152,0.161339,16.2678,4.64332,20.1187
0.0412889,0.00281127,0.151015,16.8598,3.68002,20.1187
0.0418948,0.00742305,0.158297,15.7464,3.26935,20.1192
0.0407114,0.0052864,0.154748,17.2223,4.82011,20.1193
0.0423588,0.00569096,0.165848,14.33,4.56898,20.1195
0.0417705,0.00545641,0.147655,15.7019,3.64879,20.1197
0.0406187,0.0398673,0.165611,17.0209,4.042,20.1198
0.0398097,0.041292,0.165832,19.5699,4.584,20.1199
0.0417339,0.0271581,0.158012,15.8254,3.12734,20.12
0.0402764,0.00706943,0.155922,18.1341,4.55094,20.1202
0.0438369,0.0111413,0.164773,11.2152,3.12609,20.1208
0.0444838,0.00139319,0.165199,10.926,3.76466,20.121
0.041106,0.0197932,0.161829,16.6904,4.20451,20.1211
0.039837,0.0198876,0.162466,19.6211,4.68875,20.1215
0.0428392,0.019627,0.161683,13.1105,3.03571,20.1219
0.0413363,0.0029797,0.153175,16.9272,3.14558,20.1221
0.0399719,0.0143059,0.166151,19.9028,4.80585,20.1222
0.0418525,0.0119791,0.157042,15.2362,3.35111,20.1224
0.040232,0.0383981,0.160876,18.7947,4.09113,20.1231
0.0434228,0.0132933,0.163719,12.1925,3.52692,20.1234
0.0428127,0.0231576,0.162834,13.6597,3.87836,20.1235
0.0421589,0.012666,0.156913,14.2886,3.62732,20.1244
0.0402609,0.0104512,0.157288,18.692,4.291,20.1248
0.0429491,0.0114078,0.164151,13.2131,3.27001,20.125
0.04319,0.0160817,0.164777,12.3474,3.80296,20.1252
0.0432261,0.0201233,0.165221,12.7727,3.43588,20.1254
0.0398652,0.0195516,0.160661,19.6973,4.06783,20.1255
0.0399176,0.0166856,0.159763,19.2139,4.10232,20.1261
0.0427774,0.0174572,0.158263,13.6172,3.88657,20.1263
0.0417136,0.0295447,0.161511,15.9848,3.19027,20.1264
0.0403924,0.00570201,0.155057,18.898,4.37945,20.1266
0.0426292,0.00989361,0.16452,13.3658,3.18921,20.1272
0.0412594,0.0213217,0.161411,16.6125,4.68013,20.1273
0.0432713,0.00783936,0.158611,12.1834,3.13627,20.1275
0.0421963,0.00786512,0.152705,14.7551,3.89778,20.1276
0.0427575,0.0241161,0.161864,13.6187,3.34361,20.1276
0.0418077,0.00734612,0.160209,15.1193,4.4221,20.1277
0.0400172,0.00314314,0.164708,19.7255,4.44896,20.1283
0.041641,0.00245669,0.15689,15.6932,4.59804,20.1285
0.0415702,0.0120864,0.164881,15.8775,4.7028,20.1298
0.0415569,0.0174263,0.16659,15.0593,4.16732,20.1305
0.0402321,0.0087365,0.160013,18.9845,4.47205,20.1305
0.0413252,0.00458378,0.165994,16.0331,3.44215,20.1312
0.0403758,0.0187052,0.15987,18.3905,4.45506,20.1313
0.0417248,0.0324864,0.165986,15.1208,3.01285,20.1317
0.0398118,0.0260425,0.164605,19.3061,4.99978,20.1321
0.0417736,0.0241124,0.157345,15.9744,3.15524,20.1325
0.0431639,0.00931321,0.165084,12.813,3.94328,20.1325
0.0422092,0.00421973,0.158698,14.7445,4.15164,20.1326
0.040771,0.0297135,0.162102,17.9541,4.04241,20.133
0.041673,0.016989,0.157927,15.5492,3.71976,20.1331
0.0413521,0.00560511,0.162624,16.744,3.89019,20.1333
0.042187,0.0191405,0.164942,14.0447,4.36867,20.1335
0.0418796,0.00896926,0.157281,15.3511,3.14317,20.1339
0.0417041,0.024151,0.157285,15.9351,3.32196,20.1343
0.0417189,0.0296331,0.159027,15.7895,3.22256,20.1343
0.0404723,0.0121873,0.163373,18.6804,4.77335,20.1346
0.0432612,0.00474661,0.157429,12.2429,3.08636,20.1347
0.0413117,0.0178421,0.16262,16.6813,4.30437,20.1348
0.0411355,0.0332607,0.162217,16.1161,4.29318,20.1362
0.0398908,0.0266051,0.161583,19.4077,4.01932,20.1363
0.043733,0.00655216,0.165844,11.4629,3.20694,20.1364
0.0413622,0.00756492,0.160816,16.209,3.03254,20.1364
0.0416644,0.0113989,0.159642,15.6312,3.63575,20.1368
0.0416613,0.0130901,0.160351,15.5239,3.42717,20.1369
0.0422227,0.0128875,0.152969,14.92,3.94234,20.1389
0.041167,0.0325513,0.162913,16.8372,4.97307,20.1392
0.0412711,0.00443349,0.150582,16.2384,3.19593,20.14
0.0417986,0.0244376,0.161346,15.5503,3.41958,20.1403
0.0416012,0.00863141,0.160898,15.2994,4.26884,20.1403
0.0433735,0.0158713,0.162905,12.0476,3.82017,20.1404
0.0408307,0.00887104,0.155154,17.8084,4.70682,20.1405
0.0408523,0.0175944,0.160839,17.2925,4.27986,20.1412
0.0403763,0.00887892,0.155041,18.0997,4.08515,20.1414
0.0416566,0.0311456,0.163172,15.701,3.26182,20.1417
0.0411142,0.0347646,0.163288,16.2408,4.70185,20.1418
0.0406195,0.0344225,0.164247,17.1548,4.28915,20.1422
0.0413769,0.0131861,0.165604,16.7818,3.21854,20.1423
0.0417361,0.0188269,0.152992,15.0952,3.32244,20.1424
0.0399232,0.00274975,0.156286,19.0641,4.67193,20.1426
0.0398285,0.0224295,0.161493,19.4246,4.77032,20.1433
0.0421105,0.00310212,0.162246,14.967,4.17043,20.1441
0.0421519,0.0193453,0.164884,14.3614,4.90834,20.1451
0.0406931,0.00844403,0.155107,17.6754,4.69447,20.1454
0.0407148,0.00660844,0.152881,17.1415,4.8656,20.1455
0.0409424,0.00886946,0.161952,17.8737,4.90702,20.1456
0.042176,0.017323,0.163764,14.9101,4.91835,20.1456
0.0428345,0.00402481,0.151595,13.031,3.58824,20.1456
0.0419135,0.00944309,0.162007,15.866,3.16783,20.1458
0.0401694,0.0348797,0.16557,18.1466,4.64255,20.1458
0.0415674,0.00748577,0.165262,15.7866,4.75247,20.1459
0.0427763,0.00856875,0.166355,13.9299,4.94231,20.1463
0.0421748,0.00682787,0.152581,14.1535,3.21045,20.1471
0.0426241,0.00474418,0.166369,13.902,3.43237,20.1472
0.0413847,0.0158716,0.166483,16.5863,3.90763,20.1473
0.0398338,0.0240233,0.161063,19.7295,4.68093,20.1476
0.0421388,0.00594635,0.162564,14.6292,3.35454,20.1478
0.0399636,0.0155816,0.163931,19.7769,4.09647,20.1483
0.0412194,0.0265229,0.161902,16.2095,4.1869,20.1486
0.0432111,0.0110512,0.1608,12.1124,3.39534,20.1491
0.0398203,0.0333011,0.162209,19.2651,4.74315,20.1493
0.0399624,0.00615828,0.157223,19.2262,4.80387,20.1498
0.0411262,0.00731721,0.157802,16.3744,4.32534,20.1501
0.0406399,0.0130336,0.162089,17.6493,4.75587,20.1503
0.0418689,0.0156289,0.161809,15.2804,3.63075,20.1505
0.0422011,0.0195098,0.156192,14.099,3.89363,20.1507
0.0413036,0.00817221,0.14742,16.5696,3.56598,20.1508
0.0419024,0.00273688,0.163132,15.2996,4.7721,20.151
0.0413352,0.00710488,0.150744,16.9842,3.007,20.1511
0.0399479,0.0213837,0.16531,19.1176,4.46424,20.1514
0.0422192,0.0318778,0.162088,14.8248,3.43622,20.1517
0.0417329,0.00159106,0.147237,15.1629,3.68008,20.1522
0.0434748,0.00870369,0.162826,12.1626,3.57291,20.1527
0.0399219,0.0254727,0.163397,19.5626,4.15827,20.1528
0.0416376,0.0283064,0.164556,15.5313,3.89134,20.1528
0.0418981,0.00210504,0.162499,15.6824,4.46505,20.1529
0.0415524,0.0186686,0.166237,15.3393,4.42402,20.1531
0.0422092,0.0323263,0.162396,14.05,3.80748,20.1533
0.0416477,0.0175143,0.164399,15.0097,3.64616,20.1534
0.042147,0.0245067,0.160802,14.1563,3.82661,20.1535
0.0413811,0.0120284,0.161039,16.6461,3.93894,20.1536
0.0413464,0.00473361,0.149791,16.6649,3.96219,20.154
0.0416997,0.0115761,0.152422,15.8681,3.66745,20.1545
0.0412703,0.00358059,0.15987,16.194,3.38727,20.155
0.0399512,0.0137609,0.15978,19.7675,4.6428,20.155
0.041111,0.00922325,0.159487,16.3959,4.34468,20.1551
0.0413084,0.0100655,0.156348,16.3824,3.04144,20.1551
0.0397928,0.0452232,0.164611,19.8093,4.96816,20.1561
0.0402449,0.0404915,0.160961,18.0678,4.71513,20.1569
0.0399559,0.0194783,0.164862,19.0251,4.22842,20.1577
0.0424058,0.012225,0.16103,14.7157,3.93389,20.1578
0.0428652,0.00233969,0.1516,13.5126,3.59091,20.1584
0.0416924,0.00432161,0.151888,15.8496,3.09187,20.1586
0.041843,0.0166782,0.159004,15.9613,3.4967,20.1587
0.0433928,0.0129149,0.161342,12.1488,3.62092,20.1589
0.0433128,0.0217341,0.164038,12.9794,3.16978,20.159
0.0397852,0.0285312,0.16631,19.1074,4.69305,20.1592
0.0427068,0.0173933,0.158031,13.323,3.78128,20.1597
0.0402747,0.00789051,0.154199,18.3408,4.79757,20.1598
0.0434506,0.0110637,0.16273,12.3137,3.3226,20.1601
0.0413319,0.011572,0.15898,16.5865,3.32628,20.1602
0.0416298,0.0150001,0.159156,15.9441,4.45052,20.1605
0.0413421,0.0128079,0.159309,16.4161,3.78718,20.1606
0.0421538,0.0288609,0.162122,14.5544,3.87747,20.1607
0.0421881,0.0236208,0.166534,14.5742,4.51393,20.1611
0.0397838,0.0342116,0.166122,19.8998,4.54864,20.1613
0.0402567,0.0035505,0.156198,18.4564,4.03373,20.1613
0.0421426,0.0202197,0.158537,14.2877,3.55041,20.162
0.0427876,0.0232033,0.16091,13.1949,3.4961,20.162
0.040732,0.0402703,0.164764,17.582,4.49322,20.1621
0.0431941,0.00952996,0.160774,12.4076,3.14333,20.1626
0.0432493,0.0135857,0.160444,12.5268,3.52709,20.1628
0.0404887,0.00593715,0.159516,18.569,4.09974,20.1628
0.0414499,0.00700949,0.165789,16.2801,3.95661,20.1629
0.0433629,0.00260505,0.154704,12.9379,3.2067,20.1632
0.0411376,0.0132562,0.155871,16.9619,4.4889,20.1643
0.040934,0.0183439,0.166429,17.3741,4.21696,20.1647
0.0398592,0.0150249,0.157757,19.0453,4.27626,20.1655
0.0427264,0.0145294,0.156091,13.9994,3.60032,20.166
0.0398115,0.0305687,0.161581,19.4587,4.91025,20.1663
0.0412712,0.0132003,0.149065,16.9138,3.39006,20.1664
0.0422117,0.0365155,0.164144,14.9098,3.25037,20.1675
0.0398955,0.0325021,0.163568,19.6139,4.83223,20.1677
0.0416868,0.0356464,0.165996,15.8285,3.68411,20.1678
0.0406553,0.00239438,0.163701,17.6673,4.43763,20.1684
0.0423595,0.0191967,0.161459,14.6005,3.41005,20.1684
0.041726,0.0293681,0.156983,15.568,3.94152,20.169
0.0413341,0.0138341,0.165616,16.0442,3.21294,20.1696
0.0415479,0.0161311,0.16631,15.2716,4.43513,20.1701
0.0416912,0.0215457,0.155528,15.557,3.53844,20.1704
0.039797,0.017834,0.164887,19.0702,4.47074,20.1704
0.0413492,0.0162939,0.164684,16.1993,3.80543,20.1704
0.0398545,0.0324456,0.160924,19.1145,4.62849,20.1704
0.0437773,0.00799005,0.162751,11.8166,3.48617,20.1707
0.0421922,0.019297,0.155531,14.9205,3.7757,20.1708
0.0422825,0.0128682,0.164403,14.4932,4.51748,20.1719
0.0413445,0.0161269,0.163799,16.5243,3.03928,20.1724
0.0434834,0.00984185,0.163684,12.1757,3.10189,20.1731
0.0398643,0.0170158,0.157359,19.0587,4.35928,20.1733
0.0403762,0.00136246,0.151072,18.882,4.86439,20.1736
0.0407238,0.0108256,0.151589,17.5378,4.45633,20.1738
0.0402103,0.0123086,0.160072,18.6742,4.25009,20.1738
0.0427237,0.0179232,0.157225,13.4293,3.06768,20.174
0.0432169,0.00831229,0.158659,12.0254,3.37458,20.174
0.0420647,0.00582721,0.166437,14.7251,4.41028,20.1745
0.0431501,0.0158053,0.165631,12.4155,3.92129,20.1746
0.0426474,0.0294925,0.164392,13.5857,3.10276,20.1748
0.0403682,0.00479673,0.151851,18.2023,4.64974,20.1749
0.0416795,0.00379088,0.15363,15.7616,4.45884,20.1751
0.041647,0.0208668,0.159712,15.0643,3.8587,20.1765
0.0419439,0.00186409,0.16436,15.2868,4.36043,20.1765
0.041368,0.00405867,0.150866,16.2474,3.59931,20.1768
0.0413076,0.0138585,0.163355,16.0201,3.15129,20.1769
0.0417373,0.0137554,0.149841,15.8775,3.55458,20.1771
0.0398629,0.0137872,0.156593,19.4308,4.47592,20.1772
0.0427363,0.0129979,0.154924,13.6674,3.6063,20.1774
0.0402627,0.00959742,0.154603,18.3768,4.60558,20.1777
0.0443961,0.00815825,0.166574,10.1888,3.74153,20.1779
0.0406241,0.0435972,0.163653,17.3224,4.0732,20.1786
0.0424827,0.00402837,0.163429,14.9051,3.86029,20.179
0.0431695,0.00627628,0.161229,12.9163,3.91618,20.1792
0.0423331,0.00941678,0.165117,14.5789,4.31501,20.1793
0.0421345,0.00594395,0.160308,14.8794,4.67479,20.1795
0.0416643,0.00613275,0.15586,15.393,3.19693,20.1801
0.0398184,0.0340357,0.160103,19.3025,4.04999,20.1802
0.0437885,0.0124111,0.164274,11.9934,3.2216,20.1804
0.0426366,0.00622427,0.159137,13.6355,3.58166,20.1805
0.0416641,0.0347964,0.161806,15.791,3.60052,20.1806
0.041266,0.0163689,0.15838,16.0175,3.10775,20.1808
0.0434178,0.00220722,0.15544,12.8497,3.79136,20.1808
0.0416916,0.0152296,0.152696,15.7945,3.54086,20.1812
0.0399912,0.0073114,0.160465,19.0463,4.42999,20.1813
0.0421428,0.024918,0.159768,14.5527,3.23803,20.1814
0.0421361,0.0236726,0.159445,14.312,3.65411,20.1815
0.0427191,0.0301454,0.163514,13.5144,3.5862,20.1817
0.0438285,0.0145201,0.164648,11.9047,3.81456,20.1822
0.0415736,0.0114406,0.162379,15.2191,4.94568,20.1823
0.0435513,0.00162392,0.16175,12.5802,3.30561,20.1824
0.0422041,0.0033618,0.157353,14.4892,4.90137,20.1831
0.0411711,0.00475353,0.151733,16.0467,4.95766,20.1831
0.043454,0.00883294,0.160791,12.1026,3.35615,20.1832
0.0398134,0.0194402,0.160878,19.1653,4.95192,20.1835
0.0413127,0.0101264,0.157598,16.617,4.70564,20.1836
0.0398593,0.00807563,0.155766,19.5526,4.00392,20.1839
0.0428119,0.0214627,0.160284,13.7625,3.84974,20.1839
0.0411539,0.00672714,0.153457,16.108,4.87599,20.1839
0.0422656,0.0326076,0.162125,14.0442,3.63172,20.1844
0.0427922,0.00265036,0.149939,13.5571,3.428,20.1849
0.0411011,0.0382214,0.163609,16.8893,4.13682,20.1851
0.0413267,0.0121396,0.152693,16.5905,3.56668,20.1852
0.040269,0.022641,0.154374,18.7739,4.49409,20.1854
0.0424151,0.00338122,0.152935,14.4753,3.13875,20.1856
0.0410627,0.0199758,0.164706,16.1588,4.17707,20.1862
0.0398901,0.0169017,0.15689,19.855,4.19769,20.1863
0.0417783,0.0308957,0.163468,15.9478,3.85872,20.1863
0.043157,0.0221812,0.166594,12.1383,3.77257,20.1871
0.0427888,0.0260477,0.16214,13.9584,3.66847,20.1879
0.0404714,0.0168724,0.164884,18.6322,4.68673,20.188
0.0415765,0.034244,0.166476,15.6757,4.07289,20.1881
0.0410803,0.0114603,0.162848,16.3039,4.67152,20.1888
0.0421236,0.0231206,0.165943,14.3788,4.57939,20.1889
0.0422977,0.00729081,0.149068,14.5698,3.45267,20.1893
0.0434012,0.0121954,0.160499,12.5619,3.39945,20.1894
0.0398374,0.00252881,0.158616,19.6366,4.49245,20.1897
0.0398044,0.0482391,0.164303,19.5089,4.71294,20.1901
0.0398099,0.0489398,0.164983,19.7713,4.62482,20.1904
0.0426899,0.00175512,0.152313,13.7363,3.61931,20.1915
0.0398583,0.00929329,0.155337,19.3549,4.19739,20.1917
0.0398528,0.0231835,0.157571,19.271,4.61265,20.1921
0.0421795,0.0224132,0.156469,14.4068,3.78202,20.1928
0.0410773,0.0248061,0.162005,16.6639,4.27806,20.1928
0.0416713,0.0203942,0.155238,15.7311,3.45989,20.1939
0.0401796,0.034256,0.161935,18.0827,4.08557,20.1939
0.0412373,0.00719617,0.149113,16.215,3.05789,20.194
0.0412271,0.00840005,0.153951,16.374,3.94117,20.1945
0.0411638,0.0301767,0.160253,16.2518,4.85193,20.1946
0.0417234,0.034975,0.160909,15.1006,3.59242,20.1948
0.0427988,0.021914,0.159724,13.3606,3.38484,20.1956
0.0398983,0.0194163,0.157427,19.0106,4.92495,20.1956
0.0421237,0.0370465,0.165719,14.4909,3.71199,20.1956
0.0416383,0.0234084,0.159822,15.434,3.28516,20.1966
0.039927,0.0299353,0.165734,19.7385,4.6073,20.1967
0.0412572,0.0188223,0.160342,16.7113,3.80048,20.1968
0.0403001,0.0089516,0.150515,18.5662,4.79183,20.1973
0.040154,0.0332578,0.165082,18.7329,4.62102,20.1973
0.0406806,0.0285544,0.156499,17.0172,4.10209,20.1974
0.0417631,0.00813731,0.146325,15.1574,3.7943,20.1976
0.0411173,0.0056926,0.157257,16.3874,4.50362,20.1984
0.0401751,0.0343299,0.162198,18.8884,4.97614,20.1985
0.0405865,0.043589,0.166527,17.0946,4.84795,20.1985
0.0423469,0.00495822,0.149333,14.5703,3.22761,20.1985
0.0426363,0.00848481,0.158352,13.1317,3.34889,20.1986
0.040404,0.00437486,0.153286,18.5717,4.54656,20.1987
0.0410698,0.0134914,0.164295,16.1984,4.66145,20.1987
0.0413372,0.00513145,0.146683,16.4044,3.63833,20.1999
0.0412252,0.00799737,0.155449,16.6433,3.89694,20.2003
0.0413032,0.0167686,0.153958,16.5273,3.73205,20.2008
0.0399668,0.0162169,0.161458,19.9665,4.44885,20.2008
0.0412594,0.0198226,0.159026,16.7449,4.93599,20.2014
0.0412562,0.0193094,0.163361,16.0978,3.29108,20.2017
0.0402106,0.0165499,0.158725,18.6082,4.35898,20.2018
0.0426515,0.00750791,0.164689,13.3879,4.22265,20.2026
0.0409193,0.0186036,0.164777,17.7001,4.25928,20.203
0.0418621,0.00338096,0.147525,15.7392,3.01098,20.2031
0.0411188,0.035385,0.161328,16.0474,4.21794,20.2036
0.0406255,0.0365476,0.160682,17.154,4.96623,20.2037
0.0399311,0.0276816,0.164142,19.0697,4.42253,20.2037
0.0401701,0.0222718,0.163336,18.3132,4.88325,20.2044
0.0402895,0.0446826,0.165856,18.7045,4.93571,20.2044
0.0417509,0.0332361,0.160779,15.9942,3.03651,20.2044
0.042716,0.00708502,0.163251,13.994,4.42379,20.2046
0.0398374,0.0206951,0.156076,19.3281,4.71686,20.2049
0.0399961,0.0056335,0.158586,19.432,4.425,20.205
0.0398265,0.0427476,0.162572,19.4105,4.51953,20.205
0.0411353,0.00560809,0.154874,16.278,4.98154,20.2054
0.0409712,0.00997831,0.162979,17.9183,4.53793,20.2059
0.0417257,0.0209295,0.151927,15.4325,3.17116,20.2061
0.0412569,0.00411514,0.16234,16.5763,3.19944,20.2069
0.0413012,0.0144074,0.149885,16.872,3.3701,20.2069
0.0412184,0.0111851,0.154299,16.1592,3.06436,20.2075
0.0437754,0.00394289,0.159543,11.9761,3.00175,20.2077
0.0399503,0.024929,0.164922,19.1795,4.31771,20.2083
0.0411592,0.0407318,0.165489,16.247,4.77985,20.2091
0.0412409,0.0107584,0.162302,16.122,3.59667,20.2091
0.0412556,0.0211851,0.164465,16.5176,3.46718,20.2092
0.0402906,0.00353733,0.15027,18.6557,4.79975,20.2094
0.0407211,0.0389738,0.162605,17.2421,4.971,20.2096
0.0413258,0.0158095,0.154894,16.1212,3.45064,20.21
0.0426012,0.0114047,0.164751,13.547,3.47983,20.2101
0.0409828,0.0119671,0.165181,17.4437,4.28799,20.2115
0.0431663,0.0147975,0.162236,12.8969,3.90968,20.2116
0.0426107,0.0206282,0.162528,13.0908,3.71451,20.2119
0.0427061,0.0193311,0.157133,13.5976,3.89559,20.2124
0.0401865,0.0297892,0.160381,18.921,4.57782,20.2125
0.0427271,0.010496,0.15324,13.634,3.68475,20.2126
0.0399452,0.0258943,0.164646,19.9911,4.44882,20.2127
0.0405486,0.00699144,0.165655,18.073,4.35121,20.2128
0.0407086,0.0086113,0.150036,17.1772,4.58077,20.2131
0.0423524,0.019887,0.159444,14.8944,3.19616,20.2131
0.0426744,0.00685158,0.153795,13.4855,3.59009,20.2133
0.0418758,0.00418849,0.149241,15.5881,3.43504,20.2135
0.0398004,0.0542765,0.166262,19.8634,4.46947,20.2142
0.0426755,0.0254342,0.16048,13.2167,3.10518,20.2142
0.0410868,0.0321814,0.161646,16.4964,4.7623,20.2144
0.0412594,0.0224336,0.154827,16.139,3.56032,20.2146
0.0428815,0.0148153,0.158718,13.6194,3.77806,20.2149
0.0419092,0.00674936,0.155869,15.6678,3.74849,20.2152
0.0417533,0.0299756,0.156658,15.5939,3.72023,20.2156
0.040282,0.00630414,0.150759,18.2597,4.28372,20.2156
0.0412195,0.0136753,0.155435,16.1614,3.09793,20.2157
0.0436977,0.00145176,0.165761,11.052,3.89279,20.2157
0.0397982,0.0274261,0.160079,19.7641,4.94686,20.2159
0.0432546,0.0299259,0.166511,12.2685,3.11986,20.2162
0.0416597,0.0017725,0.159542,15.4732,3.33491,20.2163
0.0416616,0.00691185,0.154138,15.4621,4.42723,20.2165
0.0401916,0.012804,0.160297,18.1702,4.50458,20.2165
0.0398475,0.0433515,0.164079,19.8844,4.84931,20.2166
0.0411889,0.00224036,0.149194,16.1784,4.7572,20.2167
0.0435604,0.00730165,0.166454,12.193,3.61799,20.2168
0.0413043,0.0234956,0.163497,16.4294,3.5319,20.217
0.0416209,0.032741,0.162269,15.5004,3.38073,20.2178
0.0398529,0.0139435,0.153996,19.3418,4.95734,20.2179
0.0403493,0.00350071,0.149722,18.7094,4.9057,20.2182
0.0421762,0.018103,0.153512,14.9398,3.98618,20.2184
0.0438513,0.00629231,0.159323,11.6109,3.42006,20.2187
0.041005,0.00354107,0.161069,17.7697,4.96541,20.2194
0.0435278,0.0104592,0.16616,12.1508,3.80243,20.2199
0.0397608,0.0393038,0.164512,19.4832,4.34581,20.22
0.0444377,0.00850233,0.166108,10.8403,3.44061,20.2203
0.0438108,0.0152856,0.163936,11.9058,3.85849,20.2203
0.0401709,0.056003,0.165125,18.529,4.36886,20.2206
0.042088,0.0257504,0.163822,14.412,3.10043,20.221
0.0431374,0.00206615,0.164995,12.1229,3.06834,20.2212
0.0426818,0.00421611,0.162114,13.4989,4.20287,20.2212
0.0413757,0.00623319,0.151927,16.4842,3.28559,20.2217
0.0412395,0.0217479,0.159266,16.2621,3.84265,20.2217
0.0416406,0.0140044,0.157298,15.9235,3.84509,20.2219
0.041305,0.0251701,0.16643,16.7866,3.15171,20.2223
0.0398675,0.0206297,0.155549,19.1936,4.97301,20.2224
0.039797,0.0509182,0.163949,19.3875,4.73167,20.2225
0.0420832,0.00805645,0.16231,14.3461,4.26142,20.2225
0.0402064,0.0253807,0.157841,18.4389,4.29168,20.2225
0.0412658,0.0189595,0.158534,16.6172,4.00967,20.2227
0.0417556,0.0147389,0.148426,15.0629,3.33015,20.2227
0.0412641,0.0238987,0.165793,16.1724,3.47742,20.2233
0.0426888,0.00785245,0.153227,13.0887,3.28747,20.2233
0.0408501,0.00585068,0.153072,17.5569,4.04588,20.2234
0.0440062,0.0095686,0.16435,11.7133,3.83652,20.2237
0.0402461,0.0294752,0.155363,18.667,4.30144,20.2238
0.0444916,0.00157362,0.162958,10.0733,3.47865,20.2239
0.0413274,0.0120792,0.158655,16.8267,4.06685,20.2242
0.0397877,0.0390707,0.159667,19.6635,4.83062,20.2245
0.0411336,0.0426963,0.164926,16.3458,4.3511,20.2246
0.0412693,0.0242353,0.166162,16.0857,3.66579,20.2249
0.0418559,0.0159328,0.166529,15.9114,4.37384,20.2251
0.0415856,0.0291232,0.163436,15.0823,4.7254,20.2251
0.041316,0.0214274,0.159496,16.7484,3.15623,20.2252
0.0421953,0.0426059,0.165644,14.1452,3.24522,20.2253
0.0413974,0.00622576,0.15951,16.0159,4.79649,20.2253
0.0406215,0.0452978,0.162565,17.8742,4.41286,20.2254
0.0420839,0.0256262,0.164157,14.8222,3.91482,20.2256
0.0440633,0.00213251,0.161702,11.7549,3.26469,20.2258
0.041602,0.0205237,0.160278,15.5485,4.51542,20.226
0.0398431,0.0445508,0.164083,19.1675,4.11284,20.2261
0.0410461,0.0203435,0.165826,16.7031,4.8891,20.2261
0.0402072,0.006896,0.165159,18.8671,4.91424,20.2262
0.0403477,0.0220384,0.15689,18.6459,4.88538,20.2262
0.0416629,0.0152242,0.156675,15.9527,4.28596,20.2262
0.0421256,0.00324167,0.155963,14.0861,3.77517,20.2269
0.0407111,0.035931,0.160302,17.413,4.16235,20.2274
0.0421102,0.0101991,0.159213,14.1298,3.62094,20.2276
0.0421114,0.0241482,0.158446,14.5118,3.82282,20.2276
0.0426501,0.00431224,0.154713,13.436,3.02608,20.2276
0.0408939,0.0182037,0.162266,17.9013,4.54368,20.228
0.0419088,0.0141652,0.163077,15.2521,3.65135,20.2281
0.0418152,0.0225349,0.158137,15.5775,3.64656,20.2284
0.0413823,0.0149318,0.163581,16.0999,4.26113,20.2284
0.0413904,0.00256082,0.150305,16.7942,3.34785,20.2285
0.0399211,0.0330079,0.16571,19.0699,4.19223,20.2286
0.0401726,0.0357502,0.160957,18.3865,4.25395,20.2286
0.0438097,0.00754267,0.159813,11.2127,3.64257,20.2292
0.0417418,0.0335674,0.158336,15.5787,3.21363,20.2294
0.0412221,0.0102563,0.159535,16.7506,3.80006,20.2294
0.0412968,0.0259214,0.164884,16.3221,3.48497,20.2298
0.0410417,0.0373455,0.165855,16.4122,4.65748,20.2301
0.0424022,0.0172629,0.163196,14.7324,3.15946,20.2308
0.0416695,0.0133638,0.15143,15.7665,3.22674,20.231
0.042589,0.0151813,0.165156,13.2837,3.78056,20.2312
0.0416578,0.00536462,0.152543,15.4363,3.31893,20.2314
0.0431561,0.00256574,0.159252,12.7228,3.1294,20.2316
0.0426045,0.00459213,0.165201,13.9975,3.41008,20.2318
0.0397763,0.0416369,0.160772,19.5743,4.29756,20.2318
0.0398488,0.00998197,0.152705,19.9534,4.97804,20.2319
0.039774,0.03346,0.161927,19.0408,4.60274,20.2322
0.0413242,0.0251386,0.165125,16.5087,3.67218,20.2322
0.0399965,0.0192936,0.166404,19.3655,4.36926,20.2322
0.0412821,0.026078,0.162923,16.8279,3.75579,20.2325
0.0402183,0.00343625,0.164746,18.6552,4.82132,20.2328
0.0423429,0.00653942,0.162918,14.2912,4.39445,20.2329
0.0440274,0.00680372,0.163073,11.8773,3.43282,20.2336
0.0407172,0.0470863,0.166083,17.747,4.15147,20.2341
0.0438556,0.00412559,0.157812,11.262,3.71859,20.2342
0.0421721,0.0335812,0.160484,14.6343,3.75952,20.2342
0.0413046,0.0225306,0.158546,16.3694,3.54726,20.2345
0.0409697,0.00337864,0.158583,17.1624,4.53323,20.2345
0.0425871,0.0186116,0.164605,13.0234,3.85974,20.2347
0.0413248,0.0106557,0.148448,16.6482,3.79638,20.2348
0.0427047,0.0304937,0.161655,13.5138,3.93522,20.235
0.0437425,0.017004,0.165393,11.3875,3.9541,20.2355
0.0405782,0.0357795,0.165574,17.0496,4.51035,20.2359
0.0431999,0.020704,0.162387,12.566,3.36852,20.2361
0.0431253,0.014675,0.164546,12.0753,3.98426,20.2361
0.0413611,0.00592212,0.149166,16.3849,3.29327,20.2366
0.044028,0.00664883,0.162913,11.5904,3.84648,20.2367
0.0404678,0.00232293,0.154929,18.4456,4.96598,20.2368
0.0431687,0.0248678,0.165018,12.7731,3.43597,20.2368
0.0427326,0.0290008,0.160847,13.0081,3.47816,20.2375
0.040209,0.00433341,0.157996,18.7673,4.34763,20.2378
0.0415632,0.00300181,0.162321,15.7824,4.03002,20.238
0.040331,0.0411227,0.16618,18.3065,4.10466,20.2382
0.0409872,0.00909478,0.162824,17.5005,4.8787,20.2383
0.0406741,0.01193,0.152462,17.9815,4.81374,20.239
0.0402241,0.046332,0.161129,18.1222,4.12993,20.2397
0.0431314,0.0153853,0.163704,12.7056,3.13969,20.24
0.0402476,0.0228868,0.152982,18.0388,4.79319,20.2402
0.0408836,0.0176009,0.160883,17.4933,4.42242,20.2405
0.0417283,0.00147383,0.143773,15.1055,3.4326,20.2407
0.0426519,0.0241356,0.159836,13.9403,3.34453,20.2411
0.0426808,0.0142045,0.155091,13.4262,3.07662,20.2416
0.0427653,0.00182863,0.148574,13.3783,3.74025,20.2423
0.0402796,0.0421571,0.162343,18.8045,4.34736,20.2424
0.039801,0.0106359,0.15874,19.9004,4.91947,20.2425
0.0397825,0.0246823,0.160236,19.4774,4.48577,20.244
0.0412099,0.0235718,0.154511,16.4177,3.71884,20.2443
0.0412246,0.0250228,0.159242,16.2921,3.30613,20.2443
0.0417136,0.00542254,0.145568,15.7795,3.44382,20.2444
0.0405868,0.0245817,0.16597,17.3924,4.27618,20.2447
0.0417752,0.0195703,0.150725,15.4691,3.27975,20.2452
0.0431459,0.0129418,0.161607,12.5956,3.09685,20.2453
0.0411998,0.0215161,0.153475,16.6875,3.34669,20.2456
0.043143,0.0198254,0.163982,12.5932,3.07999,20.2458
0.0412875,0.0284644,0.165583,16.1018,3.91628,20.2459
0.0412456,0.00565617,0.163421,16.1581,3.55287,20.2459
0.0419177,0.00646904,0.155881,15.1497,3.67027,20.2462
0.0432678,0.00201199,0.152678,12.1557,3.46182,20.2462
0.042771,0.0047004,0.149502,13.5181,3.97496,20.2462
0.0417517,0.0102958,0.145892,15.1494,3.76875,20.2464
0.0407029,0.00244509,0.149011,17.1827,4.44669,20.2464
0.0413187,0.00668484,0.154933,16.1831,4.40748,20.2465
0.0403205,0.0281082,0.157401,18.6423,4.67709,20.2474
0.0420637,0.0102743,0.163364,14.8378,4.76911,20.2475
0.0417478,0.0251226,0.164414,15.1786,4.55691,20.2492
0.04444,0.0029116,0.162115,10.648,3.93453,20.2492
0.0404808,0.0156248,0.162614,18.5876,4.40489,20.2492
0.039768,0.0265826,0.161644,19.7162,4.98116,20.2493
0.0413948,0.00658152,0.15913,16.5136,4.71167,20.2494
0.043126,0.0202712,0.165275,12.409,3.52378,20.2495
0.0413407,0.0196776,0.158548,16.5976,3.0665,20.2497
0.0427511,0.00585554,0.162333,13.6966,4.9821,20.2497
0.0410362,0.0305812,0.164536,16.916,4.91282,20.2501
0.0418369,0.025183,0.163239,15.2782,3.07334,20.2501
0.0397483,0.0352944,0.16395,19.7864,4.2055,20.2504
0.0422282,0.0278787,0.156747,14.2243,3.049,20.2505
0.0435202,0.00310577,0.15942,12.1505,3.05287,20.2507
0.0419295,0.00501072,0.156218,15.6055,3.73088,20.2508
0.0420711,0.0294148,0.164966,14.5223,3.91255,20.2509
0.0403017,0.0215221,0.153376,18.1718,4.54846,20.2512
0.0410855,0.0472722,0.165763,16.4758,4.16683,20.2512
0.0401985,0.0410748,0.158175,18.1289,4.9763,20.2513
0.0419473,0.00351903,0.157586,15.9807,3.38462,20.2514
0.0412448,0.0267657,0.154284,16.8992,3.55124,20.2517
0.0402255,0.0237742,0.154176,18.3977,4.42349,20.2517
0.0415541,0.0346376,0.16606,15.0548,4.20263,20.2518
0.0401452,0.0312536,0.164034,18.472,4.87705,20.252
0.0412417,0.00980567,0.145651,16.8967,3.45303,20.252
0.0435802,0.00514582,0.165715,12.9957,3.97873,20.252
0.0419074,0.00897843,0.15647,15.6596,3.27316,20.2521
0.0414352,0.00228587,0.155793,16.2229,3.71621,20.2523
0.0423392,0.0251288,0.16174,14.3204,3.39935,20.2523
0.0406065,0.0150985,0.1652,17.97,4.2877,20.2524
0.0413016,0.0135314,0.146823,16.9829,3.22249,20.2526
0.0428124,0.0322264,0.165666,13.549,3.70002,20.2526
0.0410466,0.0210646,0.163646,16.7945,4.18638,20.2527
0.040177,0.0321317,0.159178,18.2613,4.47095,20.2529
0.0405834,0.0470885,0.164772,17.1491,4.40267,20.2532
0.0406256,0.0272119,0.158074,17.2141,4.26291,20.2534
0.0412007,0.0201327,0.158522,16.0727,3.81936,20.2535
0.0439642,0.0111068,0.163575,11.3224,3.12741,20.2536
0.0423281,0.0114949,0.164491,14.2636,4.50597,20.2548
0.0423854,0.0189732,0.161776,14.8082,3.31276,20.255
0.0412237,0.0100582,0.162086,16.1695,3.71786,20.255
0.0439636,0.0101119,0.162945,11.3842,3.3626,20.2556
0.0420771,0.00236186,0.160877,14.4136,4.79145,20.256
0.0400316,0.0124337,0.165055,19.7754,4.70108,20.2563
0.0422418,0.0339841,0.160294,14.1696,3.05251,20.257
0.0420679,0.0283132,0.165298,14.0456,3.40431,20.2575
0.0410199,0.00448587,0.162106,17.3969,4.86247,20.2575
0.0412399,0.0286663,0.161486,16.3304,4.36493,20.2576
0.040662,0.0506697,0.165146,17.1752,4.3564,20.2578
0.03995,0.00760034,0.153929,19.3516,4.44323,20.2579
0.0422974,0.00297864,0.145386,14.9373,3.3409,20.2584
0.041984,0.00575084,0.165011,15.1164,3.30165,20.2584
0.0409301,0.0185556,0.164297,17.5282,4.69518,20.2584
0.0428193,0.0153445,0.155115,13.3468,3.77972,20.2584
0.0417709,0.0343662,0.16283,15.8775,3.53511,20.2587
0.0411407,0.00290966,0.166026,16.672,5.90736,20.2589
0.0417008,0.0129983,0.155967,15.5118,4.6681,20.2591
0.0403254,0.00230073,0.147336,18.1544,4.63376,20.2591
0.0425775,0.0282422,0.165245,13.0002,3.75239,20.2598
0.0407119,0.0288026,0.156291,17.0203,4.10187,20.2602
0.0401593,0.0223543,0.162877,18.4895,4.20023,20.2606
