beta,permeability,xi,init_days,delay,value
0.0533985,0.0059328,0.159261,45.1982,18.5251,419.804
0.0536533,0.00451732,0.147981,45.5427,18.0611,419.889
0.0521636,0.0209969,0.151908,48.613,19.4063,419.928
0.0536826,0.00226841,0.118691,46.5284,18.0099,420.11
0.0544979,0.00352426,0.141417,45.6729,19.896,420.11
0.0529228,0.0430639,0.151903,47.0217,19.0462,420.259
0.052623,0.005087,0.119398,48.6765,19.6015,420.274
0.0529408,0.011164,0.0894543,48.1389,18.1856,420.288
0.0547638,0.0404358,0.13194,44.2765,18.0523,420.296
0.0527661,0.00968941,0.157826,47.159,19.2658,420.306
0.0532117,0.0713465,0.134239,46.9703,18.9872,420.317
0.054102,0.0150608,0.0990416,45.8164,17.8443,420.346
0.0542921,0.0633645,0.159446,45.8399,19.9423,420.355
0.0534029,0.0419299,0.0962616,48.6408,19.4431,420.403
0.0532546,0.0351811,0.135915,47.9147,19.2291,420.41
0.0550007,0.0538742,0.159495,43.3067,18.5251,420.411
0.0542744,0.0146923,0.097924,46.4448,18.7233,420.416
0.0520925,0.0397319,0.159953,48.4777,19.0361,420.424
0.0520266,0.00749288,0.100647,50.1121,19.6648,420.424
0.0530333,0.00142655,0.143982,47.6997,19.8383,420.427
0.0532633,0.0458453,0.162169,46.3271,19.7086,420.435
0.052782,0.0300158,0.147777,47.7076,19.9083,420.437
0.0522161,0.00354129,0.0994982,50.4492,19.9403,420.464
0.0531387,0.0869515,0.140523,47.8676,19.2734,420.502
0.0545556,0.00634429,0.146067,45.3515,19.2655,420.503
0.0530656,0.0125763,0.113209,48.2591,19.5199,420.513
0.0526957,0.0354666,0.163078,47.1542,19.4484,420.518
0.0526947,0.0416479,0.125298,48.6309,19.9849,420.527
0.0525939,0.00523084,0.0999837,49.7964,19.4619,420.541
0.0531248,0.00121901,0.0911417,49.4384,19.5541,420.561
0.0532976,0.00997604,0.0547752,48.2161,16.6912,420.564
0.0521169,0.0763984,0.0981386,50.4238,19.8804,420.564
0.052048,0.00542273,0.0822961,51.229,19.0397,420.571
0.0532703,0.0464205,0.131984,46.5138,18.4769,420.597
0.0542016,0.0110835,0.165062,44.7549,18.0615,420.602
0.0551469,0.0118723,0.158499,42.9982,17.1684,420.611
0.0533405,0.0182229,0.127802,47.0903,19.3442,420.612
0.0527572,0.00677765,0.160549,47.2412,19.145,420.618
0.0522736,0.0951828,0.149918,48.3889,19.1149,420.619
0.0544612,0.0603674,0.146339,43.7642,17.2959,420.635
0.050274,0.0248943,0.140724,50.2215,18.8255,420.646
0.0532119,0.0607849,0.135675,47.0161,19.9042,420.656
0.0537848,0.0552142,0.144119,46.1071,19.5673,420.667
0.0529711,0.0633977,0.144711,46.2273,18.7987,420.672
0.0493392,0.0119866,0.132655,53.0339,19.509,420.687
0.0529708,0.0545867,0.147268,46.1725,18.9698,420.696
0.0541544,0.0179424,0.163811,45.3317,19.6095,420.701
0.0533347,0.0281754,0.153729,46.5841,19.1872,420.704
0.0545627,0.0282246,0.108142,45.9354,18.9605,420.712
0.0543352,0.0292855,0.114799,46.8145,19.1864,420.713
0.0539872,0.0292025,0.12645,45.0609,18.3976,420.719
0.0527552,0.0251834,0.0648597,51.5984,19.009,420.73
0.0528519,0.0926607,0.149107,47.5203,19.9058,420.733
0.0528877,0.0492754,0.156879,47.7146,19.0325,420.743
0.0546256,0.0196913,0.103751,45.371,18.2076,420.755
0.0487898,0.0140333,0.0822421,56.9469,19.0151,420.757
0.0541107,0.0598109,0.165332,44.9532,18.9929,420.76
0.0496717,0.0460926,0.149167,52.9801,19.1097,420.772
0.0522426,0.0520119,0.0907843,50.8648,19.9054,420.772
0.0491247,0.00867698,0.116402,54.3825,19.2476,420.778
0.0540797,0.0181786,0.136651,46.7204,19.6886,420.779
0.0492564,0.0540188,0.107638,54.9888,19.4631,420.79
0.0539783,0.05569,0.0844512,47.533,18.3793,420.792
0.054677,0.0498745,0.141865,44.6462,18.147,420.8
0.0523624,0.0688851,0.141551,48.08,19.743,420.8
0.0517752,0.0190306,0.0571099,53.6987,19.478,420.803
0.0524942,0.0259596,0.131233,47.9165,18.3996,420.812
0.0517155,0.0526647,0.0887091,51.265,19.3981,420.823
0.0537516,0.0188319,0.0933059,46.5108,17.0668,420.824
0.0543381,0.0178103,0.139412,43.4013,17.9752,420.825
0.0543055,0.00533309,0.148366,43.2103,17.9048,420.828
0.0543376,0.0925497,0.153416,44.2511,18.6007,420.828
0.0532685,0.0345646,0.135344,46.33,18.7857,420.835
0.0541745,0.03263,0.162644,43.4611,17.416,420.847
0.0535466,0.025515,0.160323,45.408,18.0425,420.848
0.0537769,0.00726989,0.123175,47.6677,19.4983,420.86
0.0522595,0.0411443,0.108939,48.4127,18.7024,420.868
0.0516005,0.0603615,0.112955,50.5147,19.6843,420.872
0.0545236,0.0056222,0.0878664,46.2203,18.5884,420.872
0.0528226,0.0328564,0.0963757,48.6803,18.4332,420.876
0.05055,0.0158366,0.157838,49.9944,18.4218,420.887
0.0540623,0.0111451,0.120828,45.9996,18.5976,420.887
0.0536547,0.00615052,0.154729,44.2484,17.8972,420.891
0.0535621,0.00988369,0.1274,47.8138,19.5776,420.907
0.053451,0.00978253,0.0960213,48.6883,19.292,420.911
0.0540624,0.0151788,0.0655733,46.6894,16.3327,420.915
0.0497258,0.0145245,0.117406,53.7595,19.3454,420.917
0.0511428,0.0343199,0.106506,51.4642,19.6381,420.922
0.0539891,0.0142993,0.100848,47.21,19.8455,420.924
0.05203,0.0838149,0.0785594,50.8524,18.5286,420.933
0.0519815,0.0275547,0.118722,49.261,19.3384,420.938
0.0542231,0.0330802,0.147371,45.5309,19.7327,420.938
0.053275,0.0316289,0.142166,45.3982,17.7852,420.938
0.0528308,0.0515637,0.0945972,46.997,16.8156,420.939
0.0527867,0.0531987,0.139806,47.9601,19.5344,420.956
0.0507512,0.00476664,0.154296,49.4011,18.6419,420.957
0.051807,0.0110451,0.0992917,50.8322,19.8449,420.965
0.0528052,0.0534099,0.0949168,48.1593,18.0715,420.971
0.0515526,0.0371071,0.0580027,53.4725,19.0324,420.98
0.0534743,0.0178026,0.109319,48.0735,19.652,420.988
0.0519875,0.0459669,0.0824424,51.6588,19.5744,420.989
0.0546014,0.0333617,0.13368,45.642,19.3427,420.994
0.0517099,0.025002,0.0608554,51.549,17.7271,420.999
0.0521826,0.0330283,0.14614,47.1341,18.4,421.002
0.0493752,0.0188474,0.100237,54.098,19.4637,421.004
0.0531032,0.0288667,0.126627,47.3405,19.5552,421.006
0.0523189,0.0284809,0.104992,48.8068,18.4561,421.007
0.0505908,0.0162934,0.122677,49.4209,17.6435,421.007
0.0523679,0.0809227,0.110168,49.239,19.4643,421.009
0.049548,0.00810915,0.123537,53.4738,19.6824,421.014
0.0493763,0.0709526,0.1345,53.8013,19.2448,421.014
0.0544153,0.0822395,0.147078,43.5397,17.6486,421.019
0.0519664,0.0946517,0.165701,48.7807,19.797,421.024
0.0535331,0.073038,0.146894,45.287,18.6997,421.025
0.0514712,0.00134986,0.0856159,52.776,19.1326,421.027
0.0539869,0.0854849,0.134861,46.9298,19.3793,421.03
0.0513512,0.0456349,0.123035,50.0752,19.4802,421.03
0.0526914,0.0561249,0.157159,47.9409,19.5508,421.031
0.0519357,0.0116262,0.0667722,52.8362,19.493,421.038
0.0497252,0.045676,0.115484,52.412,18.0089,421.038
0.052676,0.11446,0.0971276,49.5076,19.9394,421.04
0.0549675,0.0155244,0.148218,42.6359,17.7091,421.044
0.0541316,0.031004,0.126334,46.1324,19.4731,421.044
0.0540597,0.103446,0.128745,45.554,18.2019,421.05
0.0496109,0.0468065,0.164288,52.2218,19.6599,421.053
0.0528385,0.0309039,0.109926,48.1186,19.9688,421.055
0.0528637,0.0771285,0.15117,47.2944,19.0833,421.056
0.0517681,0.0355692,0.0865571,51.9827,19.0122,421.056
0.0519294,0.0095309,0.162526,48.3106,19.777,421.061
0.052129,0.0293782,0.155232,48.7274,19.7175,421.062
0.0545513,0.033249,0.140583,43.0623,17.8142,421.062
0.0526099,0.0115969,0.11877,47.7527,18.5234,421.063
0.0540813,0.0143217,0.114114,46.352,19.0002,421.064
0.0522347,0.0139978,0.141253,48.2083,19.742,421.065
0.0538896,0.120985,0.140784,46.9784,19.79,421.067
0.0513561,0.0564879,0.10077,51.49,19.3836,421.068
0.0533615,0.00574924,0.108634,47.2234,18.0667,421.075
0.0493546,0.104234,0.12743,53.2932,19.4624,421.08
0.05285,0.116906,0.142087,47.0372,19.0582,421.08
0.0522538,0.0353571,0.111044,49.556,19.8368,421.081
0.0490112,0.00301886,0.0924934,55.0541,19.262,421.084
0.0498443,0.00859463,0.0681459,53.7881,17.4222,421.084
0.0527716,0.0132297,0.0774547,48.5953,17.6977,421.086
0.0512457,0.0105712,0.057444,54.6307,19.9888,421.086
0.0501498,0.031964,0.166174,50.1763,18.9121,421.091
0.0539581,0.0614561,0.097482,47.4355,19.6083,421.092
0.0520842,0.0787166,0.0756471,50.9773,18.6873,421.094
0.052273,0.098785,0.14908,48.2457,19.5493,421.096
0.0548097,0.037075,0.107896,44.5896,17.6719,421.098
0.0535589,0.00646981,0.163284,46.3798,19.0811,421.099
0.0529321,0.0824375,0.138074,47.6924,19.6128,421.104
0.0518182,0.0300254,0.143877,49.3754,19.9956,421.104
0.0500895,0.0291907,0.11872,50.8939,17.8085,421.11
0.0544808,0.0404901,0.145256,44.9854,18.7731,421.111
0.0526246,0.0090757,0.100718,48.0146,18.8547,421.116
0.0541714,0.0238051,0.158313,45.2726,19.5772,421.118
0.0523543,0.0549424,0.0851767,49.9262,18.073,421.13
0.05295,0.00433609,0.160544,47.3007,19.814,421.131
0.052609,0.00482066,0.14478,47.8521,19.5669,421.136
0.0527741,0.00867718,0.123234,48.1099,19.2404,421.136
0.0530061,0.051741,0.0710486,49.6154,18.7624,421.137
0.0502791,0.00415835,0.122657,50.0755,17.4803,421.139
0.0555489,0.0106415,0.155385,42.3044,18.5747,421.143
0.0547023,0.00810165,0.0862324,45.1973,17.2743,421.145
0.0493413,0.0265901,0.0893057,54.6604,18.9122,421.151
0.0526219,0.0432194,0.0804781,50.8041,19.2388,421.153
0.0519833,0.00873125,0.104703,49.1628,18.5238,421.157
0.0532817,0.0189602,0.110525,48.5614,19.8051,421.158
0.0527254,0.0275256,0.106305,48.5149,18.9049,421.161
0.053958,0.00910067,0.104473,47.7714,19.8091,421.161
0.0537306,0.061362,0.158036,45.875,18.9287,421.161
0.0548049,0.0169179,0.0977488,45.1302,18.7684,421.162
0.0494947,0.0630114,0.121413,52.4475,18.4292,421.167
0.0531657,0.0799777,0.139286,46.5394,18.9038,421.169
0.0529663,0.0314631,0.121052,48.4392,19.9369,421.17
0.0491285,0.0444241,0.0885772,55.3867,19.7906,421.171
0.0514591,0.00391965,0.0862315,52.5335,19.1238,421.172
0.0529193,0.00882438,0.0941917,46.2658,16.7068,421.174
0.0517622,0.00457634,0.0600791,51.0952,17.2441,421.175
0.0545599,0.0177205,0.109797,45.2419,18.5451,421.178
0.0527328,0.007907,0.12716,48.463,19.1252,421.181
0.0509727,0.0424197,0.0577704,54.5196,19.49,421.185
0.0523438,0.0172664,0.090642,49.6993,18.6539,421.185
0.0526368,0.00614111,0.144435,48.9428,19.5702,421.186
0.0552627,0.0227418,0.136718,42.7742,17.4192,421.191
0.053965,0.0521627,0.104974,44.53,16.3479,421.191
0.0524471,0.0150584,0.143046,47.0439,18.6405,421.194
0.0522696,0.0400463,0.131995,49.1497,19.2267,421.197
0.0528402,0.00597688,0.0738413,48.95,17.1,421.199
0.0523574,0.0726423,0.139681,47.0522,18.2799,421.204
0.0541453,0.0302585,0.124665,46.196,19.9848,421.208
0.0538069,0.0391802,0.0721756,48.4062,18.0518,421.211
0.0526018,0.00329781,0.104388,46.2117,16.336,421.212
0.0531292,0.0435148,0.157439,46.4936,18.1625,421.213
0.0498686,0.0211399,0.125929,51.0387,18.545,421.214
0.0535803,0.0274154,0.15441,45.5196,18.9989,421.214
0.0524822,0.0637254,0.0883869,49.052,18.5612,421.227
0.0546012,0.00515554,0.140852,42.7382,16.1793,421.23
0.0536669,0.0455516,0.129889,47.0493,19.5395,421.23
0.0520702,0.051563,0.0785329,49.5082,17.359,421.233
0.0536109,0.0585829,0.137265,46.0328,19.2337,421.239
0.0538137,0.0414609,0.0857868,45.4189,16.8815,421.245
0.0538528,0.0132489,0.103573,44.3947,16.8593,421.248
0.0537221,0.00588801,0.113999,46.3404,18.7262,421.253
0.0528348,0.107494,0.147179,47.7841,19.5329,421.254
0.0504486,0.0120926,0.0591955,55.8354,19.1933,421.255
0.0522906,0.0917378,0.117182,49.7821,19.047,421.261
0.0529403,0.0434452,0.073654,50.2028,19.2089,421.264
0.0533274,0.0604498,0.152849,45.5628,18.8242,421.266
0.0538178,0.0660438,0.140683,44.4046,17.0565,421.266
0.0551226,0.0519265,0.149775,42.7143,17.6187,421.267
0.0539524,0.0336055,0.135337,43.8325,16.8095,421.269
0.0534309,0.0194683,0.120351,44.2037,16.7598,421.272
0.0529389,0.0597811,0.144303,47.7733,19.4715,421.273
0.0530744,0.045831,0.130499,45.7586,17.9872,421.273
0.0534966,0.014179,0.0830572,46.6906,16.1786,421.274
0.0539236,0.0203453,0.106085,47.1327,19.3262,421.274
0.0534332,0.0349915,0.142425,45.3043,18.3186,421.275
0.054441,0.0534112,0.153091,45.11,19.6232,421.276
0.051985,0.0057603,0.0645039,52.2782,19.4378,421.279
0.0511994,0.0902536,0.0794368,52.1108,19.4443,421.28
0.0538231,0.000918862,0.118627,47.3233,19.47,421.28
0.0520823,0.0089358,0.0944839,50.3045,19.2672,421.281
0.0528828,0.00211759,0.140497,48.9297,19.0843,421.284
0.0539267,0.0200546,0.104888,47.4069,19.6882,421.285
0.0529393,0.019812,0.157392,47.1255,19.6916,421.285
0.0537441,0.00127032,0.117547,44.2109,16.8402,421.289
0.0543404,0.0197315,0.135514,45.4431,18.4365,421.29
0.0535131,0.0481917,0.0741226,49.7188,19.4889,421.29
0.0505405,0.0187703,0.164606,48.9813,17.2463,421.291
0.0525526,0.0140137,0.103076,49.0802,19.8836,421.294
0.0543059,0.0902508,0.160037,44.5018,18.1917,421.295
0.0521187,0.00502293,0.0608236,51.1318,18.7374,421.296
0.0518521,0.0598946,0.078182,51.4065,19.8238,421.299
0.0498613,0.0727089,0.132132,52.2473,19.9524,421.299
0.053684,0.114361,0.145238,46.0273,19.9603,421.299
0.0555697,0.00787387,0.165264,39.8799,15.7023,421.299
0.0529345,0.0329584,0.0749648,50.0572,19.1349,421.3
0.052385,0.0745186,0.114841,48.9358,18.0193,421.302
0.0509012,0.0629313,0.145473,47.8331,16.0458,421.302
0.0532346,0.0632514,0.165723,44.0407,17.6622,421.302
0.0541414,0.0644148,0.0785137,43.8487,14.2319,421.306
0.052864,0.0623781,0.165996,46.2678,18.7717,421.309
0.0515864,0.0334895,0.147979,49.8478,19.1851,421.311
0.0500166,0.0457648,0.145111,51.0291,19.5602,421.311
0.0524725,0.0347586,0.0704962,49.4783,17.8014,421.316
0.0496901,0.0750126,0.134185,52.6882,19.5506,421.319
0.0532622,0.058026,0.162255,44.0199,17.6738,421.32
0.0515176,0.0792756,0.119891,50.7751,19.8556,421.321
0.0530082,0.0105837,0.11984,48.9546,19.5107,421.324
0.0483231,0.0136786,0.0810129,57.8074,19.32,421.327
0.0522035,0.0223985,0.119586,49.6126,19.7515,421.331
0.0531267,0.0267471,0.05724,51.1311,19.9466,421.335
0.0552343,0.0224717,0.111616,43.331,17.9697,421.336
0.0499795,0.0115446,0.0807368,52.519,17.8592,421.337
0.0548112,0.0140256,0.0963639,43.0538,16.1712,421.34
0.0530427,0.0150716,0.137662,47.0596,19.5586,421.341
0.051346,0.103443,0.094337,51.0236,19.0201,421.341
0.0513985,0.0213139,0.0889537,52.6495,19.0698,421.347
0.0541027,0.0269491,0.113548,44.0821,17.3658,421.348
0.0527132,0.0537207,0.0661828,50.6507,18.1177,421.354
0.052342,0.135585,0.0903311,50.7353,19.2679,421.356
0.0518398,0.00240535,0.134678,44.9652,14.4462,421.358
0.0558157,0.0300299,0.150418,41.1103,17.5905,421.358
0.0535863,0.00806863,0.0730188,49.9435,19.5659,421.361
0.0549908,0.0223274,0.120593,44.3288,18.6747,421.362
0.0496844,0.0279748,0.076281,53.7748,17.2081,421.363
0.0526749,0.0152605,0.144059,47.9775,18.6231,421.363
0.0558202,0.0213135,0.152454,41.2225,17.7508,421.364
0.0534672,0.00756038,0.118505,44.7153,16.9912,421.365
0.0527863,0.0884595,0.133446,48.9937,19.4521,421.366
0.0545324,0.0197703,0.146248,42.6504,16.4449,421.366
0.0542731,0.0102642,0.150987,44.2686,18.9167,421.37
0.0541686,0.0117009,0.162004,45.6079,19.4005,421.37
0.0496728,0.0151778,0.0898128,53.7881,18.9686,421.371
0.054302,0.00751406,0.119724,45.7741,18.5665,421.373
0.0547249,0.0182183,0.0960416,45.0571,18.2676,421.374
0.0540016,0.0300655,0.105496,45.0192,17.9953,421.374
0.050283,0.0100306,0.136274,51.6589,19.1273,421.375
0.0537882,0.0553402,0.0855694,45.5778,16.9747,421.377
0.0531452,0.0354007,0.119634,47.0022,19.2535,421.377
0.0549921,0.00503504,0.151019,40.5587,15.3913,421.379
0.0498296,0.0106574,0.137236,51.5028,18.3998,421.379
0.0523258,0.151234,0.106504,48.4599,18.0178,421.379
0.0512369,0.0303167,0.16329,46.7146,16.5906,421.381
0.0515059,0.00155518,0.112319,50.3753,19.7254,421.382
0.0545292,0.0139939,0.0807123,46.1769,18.7653,421.383
0.0532538,0.0648968,0.12836,47.1852,19.7486,421.383
0.0543311,0.0130237,0.0985885,45.9907,17.2387,421.383
0.0542826,0.0477247,0.116808,44.3879,17.4609,421.383
0.0522943,0.140199,0.108066,49.061,19.1712,421.384
0.0537133,0.0797228,0.149931,46.4721,19.456,421.385
0.0527018,0.0124462,0.0792444,49.077,18.748,421.386
0.0530068,0.0703475,0.11454,46.4538,17.5199,421.389
0.0539029,0.00979455,0.151221,43.8633,16.9772,421.39
0.0548488,0.0226476,0.0793081,42.3193,14.1193,421.39
0.0529091,0.0638811,0.122169,48.6687,19.5227,421.393
0.0489591,0.0303949,0.0549211,56.5013,17.0048,421.393
0.0530868,0.0187482,0.137882,46.287,18.2353,421.393
0.0527373,0.0183818,0.12378,48.4942,19.6367,421.394
0.0530307,0.0110118,0.150682,46.6764,18.5742,421.395
0.0539763,0.00356405,0.103798,47.9759,19.7265,421.397
0.0547209,0.0267327,0.103107,45.4284,18.8251,421.402
0.0530393,0.023192,0.0813212,48.5377,18.6841,421.402
0.0527723,0.0108921,0.128036,46.0742,17.0707,421.403
0.0551402,0.0628102,0.119587,42.037,16.7833,421.409
0.0502803,0.0517856,0.112047,49.1793,16.9624,421.41
0.0489383,0.041162,0.0815185,55.9585,18.7059,421.414
0.0510343,0.02152,0.110763,48.4267,16.1118,421.418
0.0541838,0.0492125,0.0772885,45.0705,16.4181,421.418
0.054222,0.0228065,0.164211,42.1023,16.1937,421.418
0.0536989,0.00893503,0.121119,44.4215,16.1252,421.421
0.0537199,0.0857736,0.15126,44.5604,17.0752,421.421
0.0500201,0.0374144,0.126948,50.5015,17.6642,421.427
0.0525928,0.0792095,0.130548,48.4383,19.7223,421.429
0.0515545,0.0268282,0.0772859,52.9246,19.3096,421.43
0.0523685,0.0351397,0.0870067,49.4835,18.5543,421.43
0.0495993,0.00896136,0.14416,51.7046,18.2084,421.43
0.0538693,0.0104258,0.111835,47.6494,19.953,421.43
0.0546607,0.0622727,0.140839,44.1049,18.1583,421.432
0.0516383,0.187914,0.110735,50.8255,19.6138,421.432
0.0522945,0.0554968,0.0786716,49.5523,17.1643,421.432
0.0511989,0.0165095,0.0590533,54.5482,19.6546,421.434
0.0529178,0.114522,0.111456,47.0583,18.1907,421.436
0.0545237,0.00182315,0.100996,43.2401,16.6056,421.436
0.0548385,0.0378747,0.163907,42.1737,17.3342,421.436
0.054475,0.00549909,0.160469,45.6552,19.1208,421.436
0.0535542,0.0388578,0.153682,46.0761,19.2847,421.437
0.0486891,0.0671667,0.083295,56.9457,19.2908,421.437
0.0538996,0.0830938,0.12487,44.5404,17.3906,421.439
0.0527166,0.0197784,0.108674,48.2953,18.4858,421.441
0.0548203,0.0427479,0.16321,41.7042,16.1727,421.442
0.054604,0.0238983,0.135682,43.4781,17.0184,421.442
0.0543954,0.0249947,0.165449,44.2757,18.1673,421.443
0.0515628,0.0512549,0.102956,51.222,19.4497,421.443
0.0528275,0.0584125,0.106641,48.5335,19.9893,421.443
0.0547014,0.0371577,0.10251,41.9382,14.8947,421.444
0.0531774,0.01445,0.103228,47.6724,18.1668,421.444
0.0524474,0.0245442,0.139073,48.7244,19.6119,421.444
0.0500729,0.0110687,0.103945,51.0624,17.5921,421.448
0.0525806,0.0465365,0.150769,47.9556,18.9799,421.448
0.0528289,0.0102322,0.0993472,48.9147,18.4758,421.45
0.0531624,0.0975323,0.113441,47.7851,18.5071,421.45
0.052618,0.0787036,0.164622,47.4285,19.2599,421.45
0.0538406,0.0812173,0.104805,47.9717,19.828,421.451
0.0531673,0.013466,0.0679901,47.051,16.2524,421.451
0.0524296,0.131255,0.0845135,50.6182,19.8364,421.454
0.0514093,0.14316,0.119818,50.5012,19.4139,421.454
0.0533416,0.0172701,0.128299,46.0082,18.6409,421.456
0.0548036,0.0683885,0.133949,44.4952,18.3603,421.457
0.0539832,0.00441194,0.0665123,48.4697,18.1178,421.457
0.0519223,0.0978161,0.0967325,50.6766,19.8754,421.458
0.0536722,0.00785425,0.152028,44.8601,17.3625,421.459
0.0540955,0.0618264,0.0929941,45.9124,17.6568,421.461
0.0555365,0.00105433,0.112017,42.946,16.3211,421.461
0.0530758,0.00595616,0.138113,47.9734,19.6206,421.461
0.0512016,0.00873173,0.0666404,52.0806,18.9221,421.462
0.0536221,0.0099153,0.150877,46.6796,19.1598,421.462
0.0547151,0.103436,0.132624,42.977,16.3382,421.463
0.0547811,0.0634381,0.12483,44.4037,18.2236,421.465
0.0536189,0.0929031,0.163282,46.9051,19.6924,421.467
0.0492192,0.00661732,0.103948,54.1613,19.3854,421.468
0.0533925,0.00748978,0.0886489,48.5749,18.3004,421.473
0.0542922,0.0256778,0.149181,42.1942,16.6827,421.474
0.0540425,0.0129814,0.104981,45.4627,17.6448,421.474
0.053252,0.114203,0.103591,45.7902,16.5436,421.474
0.0521513,0.174807,0.146835,48.5905,19.2367,421.475
0.0523039,0.127676,0.110624,47.4006,17.6095,421.476
0.0523795,0.116527,0.126359,48.3317,19.6773,421.48
0.0502711,0.0102007,0.15309,49.1512,17.3843,421.481
0.0525981,0.00793192,0.0899581,48.6899,17.0377,421.483
0.0521997,0.047703,0.138015,47.302,18.8451,421.484
0.0522942,0.0101008,0.0620274,49.0362,16.7294,421.486
0.0546147,0.0381354,0.130222,43.3316,17.8225,421.487
0.0520584,0.0650963,0.0758343,51.603,19.4349,421.488
0.0514255,0.0410083,0.159298,45.0377,15.3091,421.489
0.0535586,0.0275985,0.129182,46.7496,18.6607,421.49
0.050947,0.00922325,0.153724,48.6799,17.5737,421.49
0.0535751,0.0252576,0.154447,46.6221,19.7019,421.492
0.0552976,0.0770539,0.146667,42.8143,17.1709,421.494
0.0505537,0.0189029,0.16135,48.2911,17.5914,421.494
0.0527504,0.0296909,0.0875814,48.6698,18.0931,421.495
0.0517395,0.0338215,0.0657644,51.3412,18.7461,421.496
0.0530638,0.0125447,0.146153,46.9343,18.05,421.496
0.0519468,0.00654768,0.129839,49.7597,19.7164,421.497
0.0546246,0.0285672,0.130111,42.052,16.9722,421.497
0.0522471,0.00685669,0.117201,48.9431,18.6305,421.497
0.0521831,0.0620204,0.114008,49.8014,19.022,421.498
0.0535213,0.0694623,0.15586,44.9732,17.7165,421.498
0.0499698,0.00548297,0.0792216,53.9514,18.87,421.501
0.0496146,0.00337125,0.113955,53.1843,19.4059,421.502
0.0526249,0.0648568,0.166268,47.1518,19.1413,421.505
0.0529881,0.0496154,0.0995185,47.6988,17.9807,421.506
0.0532145,0.00841286,0.0644744,49.6167,18.2805,421.509
0.0515857,0.15532,0.0865339,51.002,19.0906,421.509
0.053395,0.035557,0.100895,47.5893,18.2879,421.51
0.0517694,0.00544768,0.0761344,52.7985,19.0712,421.51
0.0526247,0.0846336,0.128289,46.9139,17.727,421.512
0.0536174,0.0310631,0.151806,44.7033,17.7297,421.516
0.0523558,0.137385,0.105936,48.1762,18.3291,421.516
0.0497182,0.0459384,0.0719021,53.0826,17.6252,421.516
0.0515862,0.181699,0.118236,50.2491,19.5522,421.517
0.0498555,0.0124621,0.160513,51.5915,19.4608,421.518
0.054825,0.044235,0.13134,43.9188,17.8897,421.52
0.0525802,0.0940742,0.161728,46.7869,18.5656,421.523
0.0522173,0.105103,0.157235,48.2416,19.9241,421.523
0.0535424,0.045588,0.0650173,49.5688,18.6124,421.525
0.0548891,0.0171414,0.160729,41.9884,16.6831,421.526
0.0529399,0.0320053,0.0905736,47.1871,17.8707,421.528
0.0492265,0.0404075,0.0735774,54.5226,17.7268,421.529
0.0534983,0.0230254,0.107983,47.5204,19.2449,421.529
0.0539616,0.0190545,0.161458,44.6205,18.3755,421.53
0.0540489,0.0805505,0.0818159,45.7226,16.2677,421.532
0.0544721,0.0279695,0.155481,43.588,17.7284,421.533
0.0546601,0.00427736,0.1616,42.7468,17.4392,421.533
0.0509335,0.0429051,0.0594602,54.6327,19.7918,421.536
0.053362,0.00347695,0.0531006,48.014,16.8745,421.537
0.0534186,0.126411,0.124019,45.2068,17.835,421.537
0.0544516,0.0838909,0.143616,45.7648,19.1954,421.54
0.0531088,0.0463097,0.0596231,49.4456,17.1927,421.54
0.0493182,0.0767355,0.0956495,54.756,19.4625,421.541
0.0536037,0.0574203,0.120542,44.8506,16.3934,421.542
0.0541667,0.0968353,0.117951,43.7597,16.1185,421.542
0.0524265,0.0390243,0.0540506,52.5853,19.0016,421.544
0.0502231,0.0316084,0.076057,50.8048,15.6887,421.546
0.0525501,0.0545016,0.119814,49.9933,19.5626,421.546
0.0528583,0.0905103,0.147727,47.7087,19.4957,421.548
0.054501,0.0350433,0.0738254,45.1969,16.3789,421.55
0.0488773,0.050119,0.0823716,56.1301,19.4893,421.555
0.0489974,0.107637,0.0939135,54.4833,18.1543,421.556
0.0539144,0.0347958,0.130772,46.4734,19.5392,421.557
0.052706,0.0256484,0.0528861,51.161,18.5567,421.561
0.05127,0.0811867,0.126026,50.0803,19.276,421.562
0.0532857,0.0539167,0.127653,47.4335,19.4555,421.562
0.0501373,0.0108062,0.113121,51.8614,18.5036,421.564
0.0544171,0.058528,0.152372,42.7673,16.9298,421.565
0.0505842,0.0386803,0.0859907,49.2758,15.1939,421.566
0.0534829,0.119695,0.117693,45.2097,17.0873,421.566
0.0526733,0.0586126,0.123735,48.2329,19.3604,421.566
0.0494362,0.0681166,0.12961,52.6397,18.6081,421.566
0.0497633,0.0200774,0.117296,52.2496,18.0483,421.567
0.0544666,0.0159693,0.159497,42.4624,16.4761,421.568
0.0500391,0.00113635,0.0540035,52.9666,15.044,421.57
0.0485095,0.062747,0.0740188,57.8925,19.3242,421.571
0.0523843,0.0350809,0.149655,48.1468,19.8709,421.572
0.0535025,0.0960521,0.121246,46.5315,18.5972,421.572
0.0503161,0.0495531,0.105573,50.4344,17.3808,421.573
0.0519737,0.0316492,0.157096,49.5858,19.5842,421.573
0.0551531,0.0771771,0.145185,43.5805,18.662,421.574
0.0523029,0.109584,0.136985,47.7235,18.079,421.574
0.0514938,0.0365899,0.147345,45.3093,15.5585,421.574
0.0508039,0.036836,0.0749739,53.1738,19.8847,421.575
0.0555204,0.0583452,0.128962,40.7423,15.9382,421.577
0.0499698,0.0834275,0.117116,51.2442,18.726,421.578
0.0535422,0.075871,0.117359,47.5539,19.0931,421.578
0.0532823,0.0102632,0.117501,46.2345,17.7831,421.579
0.0544952,0.0224841,0.085683,45.2416,17.6599,421.579
0.0526477,0.14398,0.0957505,49.4997,19.671,421.58
0.0550438,0.0326668,0.157435,43.8953,18.714,421.581
0.0526865,0.121378,0.0821206,50.0139,19.5481,421.582
0.0533243,0.0295109,0.126089,47.0838,19.4739,421.583
0.0529759,0.0167253,0.0589654,48.1792,16.3107,421.583
0.0544836,0.0196218,0.154064,45.3284,19.2243,421.583
0.0507621,0.073386,0.102582,52.66,19.3679,421.585
0.0529534,0.0531112,0.144327,47.0098,19.3149,421.586
0.054212,0.0285325,0.163913,42.2324,16.9238,421.588
0.0510006,0.0118733,0.141312,48.1052,17.6419,421.588
0.0533947,0.00296797,0.132686,45.9661,17.5834,421.591
0.0521371,0.0734635,0.0963779,50.8346,19.8742,421.592
0.0519097,0.124585,0.135907,48.9014,18.831,421.592
0.0519285,0.0930422,0.0845066,50.1202,18.2552,421.593
0.0534274,0.0212932,0.0998342,46.8807,17.8144,421.593
0.0517633,0.207718,0.139784,49.391,19.0775,421.593
0.0546996,0.0526087,0.0821571,45.3571,17.8421,421.593
0.0549407,0.0187805,0.0995419,44.0158,17.4965,421.594
0.0504397,0.0190317,0.141664,50.7881,18.5467,421.595
0.0514485,0.110805,0.147843,49.8713,19.9248,421.596
0.0534409,0.135637,0.120368,46.8482,18.8697,421.598
0.0541662,0.0730658,0.126621,46.4985,19.9984,421.6
0.0503598,0.00332725,0.105942,51.1282,18.2799,421.6
0.0516312,0.0487874,0.0811049,52.2855,19.9042,421.6
0.0514972,0.0807965,0.12183,50.4024,19.0885,421.601
0.0511254,0.0926584,0.0570068,53.9547,18.8378,421.603
0.0545622,0.0324628,0.108195,45.2284,18.2209,421.605
0.0511788,0.0438953,0.164507,47.6861,17.1174,421.607
0.0518922,0.0588038,0.104601,49.2405,18.833,421.607
0.052158,0.00171235,0.10324,49.3217,19.8778,421.609
0.0549089,0.124374,0.163017,42.9454,17.3812,421.611
0.0508742,0.00344025,0.0626764,49.7877,14.6523,421.611
0.048226,0.0286442,0.0771298,58.7825,19.9431,421.611
0.0544883,0.010565,0.102783,43.7695,16.4317,421.612
0.0542356,0.0629347,0.120273,42.4898,15.4975,421.612
0.0520627,0.0731855,0.103692,50.5624,19.342,421.613
0.0530203,0.0184527,0.139787,47.433,19.3583,421.617
0.0516837,0.0805936,0.152793,49.5572,19.2806,421.617
0.0502933,0.0803337,0.148048,50.3199,18.1662,421.618
0.0555913,0.0324973,0.125559,41.5963,16.3317,421.619
0.0528979,0.192762,0.150291,46.3122,18.5529,421.619
0.0535229,0.0372964,0.0788189,47.5211,17.0831,421.619
0.0525432,0.104641,0.132895,48.156,19.6035,421.622
0.0528984,0.0187883,0.164369,47.179,19.9866,421.622
0.0534143,0.102058,0.078087,48.7901,18.4228,421.622
0.0502493,0.00782556,0.144674,51.6572,19.6214,421.623
0.0493191,0.0380097,0.0852463,55.5436,19.2985,421.623
0.0523527,0.0189836,0.0894309,49.159,18.2428,421.625
0.0492613,0.0242985,0.120013,53.5449,18.3621,421.626
0.0490937,0.0236604,0.0542759,57.0211,18.1602,421.627
0.0544612,0.0442454,0.0854321,45.7588,17.6709,421.627
0.0490379,0.012366,0.158047,53.5936,19.5597,421.628
0.0535892,0.0365206,0.0753952,47.7373,17.5973,421.63
0.0501304,0.0310344,0.0785873,52.2918,17.7339,421.63
0.0530813,0.0138278,0.05529,48.834,16.6138,421.631
0.0532661,0.0207991,0.139126,46.3913,18.8906,421.632
0.0489933,0.0739428,0.101247,54.5833,18.6845,421.633
0.0549465,0.00546728,0.117791,44.076,18.5486,421.633
0.0527791,0.00362211,0.15496,47.2435,19.9606,421.634
0.054594,0.00180717,0.119074,45.6624,18.1765,421.635
0.0536436,0.0587397,0.0714674,45.7975,15.2034,421.635
0.0494488,0.021917,0.108962,54.4946,19.7848,421.637
0.0553311,0.0338027,0.154414,42.336,17.1018,421.639
0.0533361,0.0281891,0.152689,46.2405,19.5375,421.64
0.0495783,0.0320833,0.117217,52.7558,18.2999,421.64
0.0531703,0.0816389,0.136275,47.5328,19.4395,421.641
0.0541135,0.0611758,0.07935,44.1554,15.4288,421.642
0.0539939,0.00143192,0.108582,46.8527,18.64,421.643
0.0548887,0.0786717,0.121749,44.4739,18.288,421.643
0.052607,0.0245576,0.11608,47.5223,18.596,421.644
0.0527177,0.00141537,0.093932,46.5453,16.2146,421.644
0.0530064,0.060059,0.0702468,48.9233,17.3508,421.644
0.0538571,0.100219,0.127112,45.8343,18.8406,421.645
0.0514854,0.0424194,0.0685319,53.4714,19.1251,421.649
0.0515172,0.175643,0.0894065,51.4703,19.9185,421.651
0.0542408,0.0255774,0.0765523,45.5154,16.2473,421.651
0.0558025,0.00242433,0.160222,41.0713,17.2285,421.653
0.054788,0.0697698,0.157019,43.2492,18.184,421.654
0.0519229,0.0601674,0.101785,49.2735,18.4334,421.654
0.0516007,0.161104,0.120722,50.0924,19.1211,421.655
0.0489738,0.0856336,0.118236,54.4074,19.2823,421.659
0.0513905,0.0496008,0.162818,45.838,15.6826,421.659
0.0501909,0.0511636,0.152479,49.4223,17.0087,421.659
0.0547112,0.0254652,0.0657468,42.0526,13.9427,421.659
0.0533281,0.00640533,0.108249,48.9427,19.5868,421.66
0.054633,0.0116577,0.0807945,46.3446,18.359,421.66
0.0517959,0.119841,0.105178,50.0766,19.9446,421.661
0.0549113,0.0514554,0.121198,42.9833,16.4028,421.661
0.0532984,0.0312138,0.131553,47.6463,19.5855,421.664
0.0540855,0.0256815,0.0852511,44.5279,15.2802,421.664
0.0495997,0.0668714,0.157897,52.1365,19.3791,421.666
0.0530307,0.0413956,0.138991,45.5109,17.9399,421.666
0.0514509,0.0207446,0.163915,45.1994,15.0682,421.666
0.0531531,0.0642866,0.121061,47.0124,18.517,421.667
0.0527677,0.0204701,0.128254,47.9377,18.7868,421.668
0.0512535,0.176979,0.134464,50.4555,19.273,421.669
0.0531518,0.130952,0.107777,46.3087,17.8339,421.669
0.0517971,0.0659622,0.137548,48.4657,18.2461,421.669
0.0514169,0.0053274,0.115623,45.8089,14.4466,421.67
0.0496439,0.0694458,0.145143,52.9524,19.4998,421.671
0.0525613,0.0041069,0.126339,48.6949,19.0133,421.671
0.0521069,0.135348,0.132997,49.3021,19.5951,421.671
0.0532264,0.036037,0.113553,48.1054,19.8366,421.673
0.0519437,0.01846,0.155306,48.105,19.1317,421.674
0.0513629,0.0633761,0.0867046,52.9232,19.3825,421.674
0.0482102,0.0167015,0.0599288,59.7994,19.2216,421.674
0.0534037,0.0662943,0.0932051,48.9609,19.42,421.675
0.0529604,0.0089929,0.126424,48.7659,19.2247,421.676
0.0537712,0.0764637,0.0562851,46.634,15.4716,421.676
0.0503709,0.0095144,0.107875,50.8475,17.3392,421.678
0.0536211,0.0163095,0.0514907,47.9437,15.5427,421.678
0.0535292,0.0711319,0.146595,46.6703,19.4052,421.679
0.0536373,0.0469807,0.0987344,46.7352,17.1696,421.68
0.0513415,0.0332602,0.116379,46.1959,15.7447,421.68
0.0512728,0.153499,0.0553641,54.5054,19.4436,421.68
0.0548295,0.0586511,0.126826,43.0843,17.3727,421.681
0.0497068,0.127529,0.149484,51.4067,18.7203,421.682
0.0534798,0.0685136,0.158888,43.9392,16.571,421.682
0.0536004,0.0362813,0.154882,44.5773,17.762,421.683
0.0519683,0.0173081,0.0667069,51.4213,18.1136,421.686
0.0516698,0.11044,0.073208,52.771,19.9954,421.686
0.05448,0.0885676,0.112162,44.4663,17.2563,421.686
0.0497387,0.00618444,0.0979478,53.818,19.9192,421.687
0.0536999,0.07106,0.104603,46.8198,18.1897,421.687
0.0538165,0.0126785,0.107631,44.6784,16.6196,421.689
0.0523804,0.154865,0.144877,48.7251,19.9724,421.69
0.0485553,0.00337474,0.0777434,57.9439,19.0866,421.692
0.0540221,0.0440059,0.0644524,47.8472,17.125,421.692
0.0523421,0.0155725,0.0528418,51.4791,17.3635,421.693
0.0527749,0.0304559,0.150924,47.7547,19.6331,421.694
0.0531654,0.157867,0.103838,45.8456,16.0606,421.694
0.050301,0.0117771,0.141356,50.9645,18.5736,421.695
0.05171,0.0177038,0.0687409,51.59,18.719,421.695
0.0503859,0.0495212,0.140871,50.2689,18.6506,421.695
0.0517332,0.0666601,0.0976877,50.7726,19.0105,421.696
0.052526,0.00529091,0.131332,47.589,18.1305,421.696
0.0539398,0.0566369,0.126562,45.9491,18.5859,421.697
0.0528327,0.0557694,0.0939162,46.4643,16.2062,421.697
0.0532836,0.00143239,0.117915,47.6954,18.8646,421.697
0.0522811,0.0603854,0.0520288,53.6591,19.1035,421.699
0.0488573,0.0618256,0.0854973,55.6431,18.0035,421.699
0.0485837,0.0273125,0.0729305,57.6992,19.9083,421.703
0.0513476,0.125403,0.0910784,51.7427,19.8779,421.703
0.0542169,0.0540461,0.148104,44.399,18.2423,421.704
0.0513766,0.0482031,0.119089,50.0209,19.517,421.706
0.0530577,0.0112829,0.072884,45.3629,14.1209,421.706
0.0513944,0.0190057,0.113584,46.202,15.9263,421.706
0.0544763,0.065562,0.144726,45.3608,19.4116,421.706
0.053552,0.0359651,0.157384,45.428,18.0952,421.707
0.0546806,0.018317,0.108162,41.7561,14.2389,421.707
0.0523537,0.0763956,0.139418,47.4283,18.9188,421.708
0.0488135,0.174893,0.0985364,55.0832,19.4538,421.708
0.0548388,0.00565284,0.0966262,45.476,18.245,421.709
0.0533347,0.0106419,0.0876677,49.9268,19.6042,421.709
0.0498926,0.0709245,0.137749,50.158,17.1972,421.709
0.0523189,0.0774907,0.122341,48.6048,18.6092,421.71
0.0537794,0.0435249,0.0761099,47.0232,17.0113,421.711
0.0498386,0.107488,0.134254,50.2141,17.0651,421.711
0.053011,0.156227,0.141768,46.2287,18.3529,421.712
0.0562294,0.0243629,0.138227,38.6323,14.7119,421.712
0.052155,0.00400072,0.0750796,51.3003,19.9646,421.713
0.0541945,0.00898795,0.166038,44.8927,18.3748,421.713
0.0535085,0.128139,0.0965475,45.0621,16.4768,421.713
0.0530321,0.00761333,0.145672,47.2777,19.8361,421.714
0.052874,0.067015,0.125595,48.6371,19.7013,421.715
0.0516444,0.0154191,0.116433,50.9718,19.2244,421.716
0.050571,0.0204757,0.15115,49.4435,18.1641,421.717
0.0517916,0.052129,0.0561718,52.4987,18.5131,421.717
0.053312,0.02959,0.127454,47.9709,19.6005,421.718
0.0488775,0.140944,0.0976438,55.7659,19.3217,421.723
0.0523243,0.0666176,0.118672,49.6145,19.5288,421.726
0.0512624,0.0212251,0.0830209,52.1938,19.3184,421.727
0.053899,0.0084804,0.145612,45.6035,18.8968,421.729
0.0530634,0.0599675,0.0690586,47.3849,16.0899,421.729
0.0542141,0.00296238,0.160585,45.7697,19.5021,421.73
0.0531188,0.0474011,0.158339,46.9604,18.408,421.731
0.0541004,0.0109906,0.0866266,45.8813,16.3261,421.731
0.0538714,0.0852136,0.101844,47.4152,19.2573,421.732
0.0527384,0.0629998,0.116044,48.5553,19.6061,421.733
0.0551909,0.0268553,0.137354,43.9279,18.6307,421.733
0.0537618,0.0825099,0.083507,47.3341,18.8193,421.735
0.0527807,0.034693,0.0980564,49.1227,19.4645,421.736
0.0536046,0.00374629,0.135301,44.7195,16.7891,421.737
0.0514704,0.0606828,0.0893388,51.3414,19.777,421.737
0.0512904,0.0835892,0.103149,51.3068,19.8885,421.737
0.0541888,0.0777837,0.140918,45.1554,19.4144,421.738
0.049694,0.0249017,0.119209,53.4199,19.9449,421.738
0.0558217,0.00535865,0.16578,38.1052,14.3434,421.738
0.0539547,0.031743,0.0700207,44.7552,14.9474,421.739
0.0532517,0.0249533,0.139861,47.029,19.4784,421.74
0.0535745,0.034591,0.124724,46.9677,18.8917,421.741
0.0529957,0.0156262,0.0846396,48.9291,18.6708,421.742
0.0534803,0.0247854,0.062728,50.4742,19.6296,421.743
0.0520826,0.0340272,0.134801,48.9707,18.0226,421.744
0.0491236,0.163379,0.153083,53.2014,19.3628,421.744
0.0562559,0.00668334,0.132476,40.457,16.1675,421.745
0.0521167,0.0176208,0.0684701,51.9002,18.4997,421.745
0.0529502,0.00665301,0.156758,47.2748,19.7096,421.746
0.0532861,0.0176342,0.112228,46.2912,18.9554,421.747
0.0501001,0.0961843,0.122306,50.1782,17.3025,421.747
0.053011,0.0934092,0.109404,46.1188,17.2216,421.748
0.0544402,0.0345774,0.143768,45.2819,19.2804,421.749
0.0562351,0.0260583,0.13654,39.7256,15.1988,421.749
0.0537663,0.0161544,0.1041,47.9069,19.8302,421.749
0.0541416,0.0303009,0.0773643,47.0105,18.1052,421.75
0.0514621,0.00811328,0.0601171,47.5112,13.1339,421.751
0.0548994,0.0584542,0.120745,40.6372,14.9293,421.753
0.0506126,0.02224,0.0863536,49.7869,15.6324,421.753
0.0494739,0.0573249,0.126989,52.613,18.7354,421.754
0.052949,0.0025531,0.103104,48.0803,19.1674,421.755
0.0533812,0.0282227,0.103816,46.8222,17.6205,421.755
0.050912,0.0516123,0.0791379,53.0762,19.986,421.755
0.0514458,0.181111,0.0947111,51.289,19.6456,421.756
0.0505965,0.105205,0.0817777,53.6633,19.0897,421.756
0.0519481,0.0548091,0.116496,49.0555,19.5558,421.756
0.0527921,0.0697034,0.0616124,49.8911,17.917,421.757
0.0488106,0.059368,0.0643099,57.7844,19.4779,421.758
0.0543681,0.0200631,0.112944,43.5561,16.1262,421.759
0.0518336,0.120269,0.0882457,50.2582,18.8725,421.759
0.054036,0.0293164,0.151478,45.7423,18.983,421.76
0.0538478,0.0249009,0.155407,43.1726,16.8575,421.761
0.0517173,0.0449075,0.0788621,51.8907,18.8754,421.762
0.0525258,0.0181979,0.130453,46.3924,17.3845,421.762
0.0544139,0.0384235,0.144314,45.8292,19.6933,421.764
0.0544193,0.0539518,0.1578,41.6533,15.6694,421.764
0.0536489,0.120548,0.0880157,46.6361,17.9968,421.766
0.0501677,0.0641389,0.151678,49.5724,17.8844,421.768
0.049359,0.047303,0.0870688,53.1323,17.1363,421.768
0.0529843,0.00835715,0.132932,46.5672,17.181,421.772
0.0507191,0.019221,0.132715,48.2172,16.1114,421.772
0.0551357,0.0342193,0.15586,41.1679,16.064,421.773
0.0524554,0.0204298,0.070058,51.6904,19.9232,421.773
0.0526352,0.0270744,0.0630186,49.319,17.788,421.773
0.053747,0.0543204,0.156918,45.4802,18.7356,421.773
0.0490961,0.0624761,0.106861,54.6353,19.4083,421.774
0.0542365,0.078062,0.136553,45.5585,18.5778,421.774
0.0525617,0.152967,0.0657364,49.0479,17.7735,421.774
0.0526658,0.0671814,0.104442,49.4367,19.7461,421.775
0.0485585,0.114921,0.0879915,56.2192,19.0854,421.775
0.0541215,0.0831856,0.154842,44.4892,18.599,421.775
0.0505852,0.0688785,0.0579254,55.2055,19.3157,421.776
0.0518954,0.086261,0.0651983,51.841,18.3673,421.777
0.0555054,0.0393583,0.154136,42.7613,18.4429,421.778
0.0516521,0.0998691,0.152381,49.5794,19.9763,421.779
0.051015,0.0231624,0.0578552,53.8055,18.4701,421.779
0.0507028,0.0274542,0.163545,48.0358,17.842,421.779
0.0493029,0.139354,0.125498,53.2341,19.8598,421.78
0.0543833,0.00183834,0.13675,43.8733,17.4433,421.78
0.0505151,0.0638471,0.0690955,54.7233,19.4671,421.78
0.0548292,0.0732759,0.129823,44.2848,18.4389,421.781
0.0531663,0.0722327,0.0850579,46.0559,16.0824,421.782
0.052413,0.00973647,0.118038,49.3835,19.7794,421.782
0.0513801,0.0400133,0.156883,48.7919,18.6465,421.782
0.0503435,0.0139766,0.110159,50.3575,17.2545,421.782
0.053974,0.02863,0.067767,47.2809,17.394,421.783
0.0548231,0.00479576,0.130749,44.4144,18.4164,421.783
0.050568,0.0870708,0.165289,48.6118,17.2428,421.783
0.050589,0.014019,0.104266,49.8865,16.904,421.785
0.0490376,0.134355,0.119273,54.8463,19.8407,421.786
0.0551661,0.039459,0.0721702,44.816,16.7911,421.786
0.0515589,0.0469524,0.148294,49.3771,19.8258,421.787
0.0538191,0.116033,0.128389,45.2643,18.9974,421.789
0.0523246,0.0519067,0.0869775,47.2778,16.9472,421.789
0.053589,0.151148,0.151197,46.6539,19.4481,421.791
0.0535212,0.0207521,0.163163,46.6865,19.8867,421.792
0.0540442,0.0313782,0.137796,46.8052,19.4892,421.792
0.0521542,0.0577444,0.100478,48.6058,17.1893,421.794
0.0515522,0.0040328,0.133879,50.1219,19.8105,421.795
0.0527952,0.0241246,0.121768,46.1908,17.5296,421.797
0.0523299,0.0418527,0.0751385,50.09,18.4569,421.797
0.0529364,0.03327,0.125232,48.6219,19.3239,421.798
0.0532374,0.0800388,0.155475,46.8978,19.8092,421.798
0.052078,0.139204,0.0962948,49.0111,18.9211,421.799
0.0529573,0.00441673,0.0589051,49.1776,17.3789,421.8
0.0532628,0.0474843,0.0891435,49.1606,19.5635,421.801
0.0564854,0.0606088,0.124927,39.9692,15.4133,421.802
0.0538432,0.0808607,0.162367,44.3735,18.8692,421.802
0.0539392,0.0454945,0.0533386,45.7863,14.7079,421.803
0.0509323,0.0836336,0.123049,51.1451,19.0048,421.803
0.0522412,0.153906,0.0720456,49.1547,17.4527,421.806
0.0496358,0.0107959,0.0617187,54.9006,17.9834,421.807
0.0528633,0.0390165,0.111808,47.2959,18.9497,421.807
0.0551893,0.0764382,0.16558,42.9861,17.3416,421.807
0.0530834,0.0315694,0.114315,46.7758,17.333,421.808
0.0532896,0.040958,0.132235,43.0427,15.9281,421.809
0.0525264,0.134248,0.128001,48.888,19.7303,421.809
0.0521422,0.0832761,0.141163,49.0586,19.0713,421.811
0.053162,0.0243416,0.150341,45.5915,18.233,421.811
0.0517092,0.0230837,0.109917,49.1323,18.2982,421.812
0.0547261,0.0194609,0.14134,44.3252,18.7117,421.814
0.0483566,0.0443105,0.0660053,58.5493,19.7709,421.816
0.0539071,0.0435256,0.163047,45.8538,19.3201,421.816
0.0531227,0.164481,0.104932,46.6195,17.0274,421.817
0.0527289,0.0169688,0.0531402,47.8395,14.6659,421.818
0.0555692,0.00894571,0.140118,42.7408,17.7546,421.818
0.054027,0.0375268,0.120122,44.005,17.7817,421.819
0.0525217,0.0134229,0.132082,47.4796,18.602,421.821
0.0552506,0.00152761,0.143311,42.0398,17.4009,421.822
0.050515,0.0361877,0.131546,48.5835,16.4107,421.822
0.0549723,0.00788369,0.0751207,43.1676,15.5391,421.822
0.0539057,0.0306855,0.131135,46.958,19.6601,421.822
0.0491042,0.027393,0.0782652,56.1376,19.8891,421.822
0.0529867,0.046391,0.116329,47.0261,18.5871,421.822
0.0539405,0.109941,0.13632,46.3606,19.8657,421.823
0.0538028,0.0625029,0.120699,45.3975,17.2246,421.823
0.053126,0.00888079,0.13783,46.8559,18.7118,421.823
0.0499236,0.0176944,0.141976,51.9426,19.0281,421.823
0.0502979,0.053906,0.106851,50.6388,17.3126,421.824
0.0551574,0.0232343,0.154072,40.071,15.9583,421.825
0.0529772,0.100485,0.093305,48.3758,18.1006,421.825
0.0538502,0.0554369,0.0715097,47.5276,17.606,421.826
0.0541109,0.0738153,0.154326,45.9906,19.3109,421.827
0.0548377,0.0429627,0.163922,40.174,15.5695,421.829
0.0533389,0.0834275,0.118736,45.9528,17.6985,421.829
0.0501784,0.0399085,0.0767093,51.2867,16.2832,421.829
0.0528969,0.0592571,0.0997544,48.9049,19.9337,421.83
0.0551235,0.0252539,0.0888308,41.3712,14.5393,421.831
0.053064,0.0507219,0.0899686,49.7673,19.0654,421.831
0.0526653,0.0839429,0.12083,48.7782,19.8223,421.832
0.0520995,0.165998,0.12665,49.728,19.8695,421.832
0.0522055,0.0308536,0.1423,47.4867,18.0685,421.834
0.051726,0.0212801,0.136925,50.1067,19.722,421.835
0.0535687,0.0656386,0.116432,47.9093,19.3082,421.835
0.0511033,0.0784519,0.137354,46.1949,15.0042,421.835
0.052056,0.0441727,0.0915538,49.3562,18.3391,421.837
0.0553045,0.00636841,0.0932526,43.7763,16.6841,421.838
0.054138,0.00200753,0.136846,44.0563,18.5212,421.838
0.0494801,0.081232,0.0974754,53.6803,18.8514,421.84
0.0512008,0.0291567,0.139436,46.7462,15.5088,421.841
0.0514299,0.089981,0.079153,52.6733,19.2952,421.842
0.0543649,0.11574,0.142296,44.9764,18.4965,421.843
0.052724,0.0632915,0.0870931,49.3736,18.7034,421.843
0.0535403,0.0197592,0.0920932,44.1798,15.8397,421.844
0.0525069,0.0467191,0.14973,47.4823,19.3498,421.845
0.051904,0.0339218,0.129226,49.2073,19.458,421.845
0.0533607,0.00525875,0.129532,47.3837,19.7458,421.845
0.0542039,0.00741875,0.161302,45.5989,19.3922,421.846
0.0545859,0.00769293,0.139276,44.1281,18.9243,421.846
0.0538512,0.0551548,0.0834747,44.6822,15.14,421.846
0.0496126,0.0100965,0.114164,53.714,19.7126,421.846
0.0541115,0.0992043,0.151596,44.4932,18.6696,421.848
0.0528812,0.189946,0.154084,46.0559,18.1155,421.849
0.0535146,0.00428486,0.0955641,47.2628,18.5102,421.849
0.054335,0.0746599,0.148047,45.0372,19.8554,421.85
0.0519044,0.0868998,0.0856387,49.9009,17.5041,421.85
0.0526747,0.0652038,0.121992,48.915,19.6297,421.851
0.0546421,0.0166932,0.0526862,44.9466,14.5159,421.851
0.0537296,0.0416944,0.0604399,47.4538,16.5829,421.852
0.0515113,0.0278706,0.0600734,53.3722,19.7295,421.853
0.0522431,0.0366218,0.0697671,49.0886,17.0353,421.853
0.0494881,0.056106,0.0848839,54.4503,18.1279,421.854
0.0486849,0.0855883,0.0695954,57.6795,19.5448,421.854
0.0485544,0.0544272,0.0830865,57.0211,19.0946,421.854
0.0518757,0.114387,0.0843347,49.5543,17.872,421.854
0.0497719,0.0760939,0.148806,52.3652,19.5766,421.855
0.0487809,0.0106339,0.095979,55.8422,19.8248,421.855
0.0554261,0.0555614,0.134586,42.8928,17.265,421.856
0.0523736,0.0203921,0.0581143,49.8701,16.2993,421.858
0.052507,0.0198999,0.0896927,49.1619,19.2121,421.859
0.048808,0.0064665,0.08216,56.2417,19.3652,421.86
0.0490421,0.117873,0.123268,54.9424,19.0834,421.86
0.0559312,0.0499702,0.12035,41.1912,16.3358,421.86
0.0542361,0.00966894,0.161019,44.3894,18.5436,421.861
0.0496055,0.0210348,0.0953179,53.4426,18.9944,421.861
0.0526385,0.0987003,0.148571,46.0717,18.5666,421.862
0.0548209,0.00850502,0.0965988,43.1578,16.1961,421.863
0.0544586,0.0343821,0.0868119,45.6601,17.942,421.863
0.050142,0.0192438,0.113732,50.1416,17.0552,421.863
0.0532423,0.10424,0.106472,45.8507,16.857,421.863
0.0536141,0.00802022,0.161468,44.9428,17.469,421.864
0.0542513,0.0174815,0.114739,46.3779,19.4615,421.864
0.0525296,0.0195884,0.0881103,49.1377,19.4562,421.865
0.0532908,0.0620161,0.158531,45.1093,18.0575,421.865
0.0519012,0.141265,0.135082,49.5278,19.4371,421.865
0.0524,0.022977,0.101128,49.7939,18.9806,421.865
0.0519635,0.0537662,0.0827613,51.9178,19.784,421.866
0.0514628,0.00547879,0.0642755,53.1258,19.1169,421.866
0.0545973,0.0217793,0.124434,45.7562,19.0036,421.867
0.0541837,0.0532859,0.157949,42.9462,16.0307,421.868
0.0528389,0.00956346,0.119952,46.0136,17.3611,421.869
0.0541399,0.014894,0.12744,46.1874,19.8233,421.869
0.0555548,0.0272996,0.163119,40.8011,16.7212,421.871
0.0482608,0.0018903,0.0584269,59.0538,19.5902,421.872
0.0490964,0.0153098,0.0806361,56.2106,19.0472,421.872
0.0565206,0.0146459,0.160392,39.0615,16.6343,421.872
0.0510663,0.0685061,0.108875,51.5917,19.2456,421.873
0.0526781,0.162927,0.16606,46.2025,18.3702,421.873
0.0511722,0.161458,0.0899114,52.5231,19.0319,421.873
0.0509458,0.0161598,0.0856456,49.5834,16.7117,421.874
0.0521837,0.0159964,0.101206,50.7241,19.4767,421.875
0.0524647,0.127094,0.138053,48.4155,19.4074,421.877
0.0521523,0.0141883,0.159003,48.1293,19.5924,421.877
0.0518552,0.0326923,0.121939,44.3585,14.4778,421.877
0.0539643,0.100581,0.14295,45.3288,18.3016,421.878
0.0519349,0.135081,0.129197,48.0495,18.4016,421.878
0.055659,0.0319844,0.123884,42.2251,17.3233,421.879
0.052117,0.0512696,0.106957,49.1265,18.0696,421.88
0.0534788,0.0975331,0.154423,44.7624,17.7194,421.88
0.0543408,0.00772392,0.165994,45.922,19.4928,421.883
0.0518256,0.0997354,0.0880449,51.9802,19.9559,421.884
0.0534843,0.0463437,0.16534,46.5219,19.9603,421.884
0.0533955,0.0592453,0.111247,48.7456,19.4092,421.885
0.0503768,0.00108785,0.113505,49.746,16.5936,421.886
0.0532379,0.0430657,0.136765,46.1246,18.177,421.888
0.0491371,0.0959979,0.0936857,55.3103,19.498,421.888
0.0488228,0.038943,0.0676803,56.3793,18.8031,421.888
0.0491595,0.0385022,0.12713,54.098,19.6385,421.889
0.0537526,0.0972172,0.139641,42.0611,15.3502,421.889
0.0535727,0.0184269,0.160102,45.7916,18.9332,421.889
0.0544407,0.0228822,0.156019,44.0671,18.4129,421.889
0.0524046,0.0867987,0.0604912,50.0161,17.0745,421.89
0.0532558,0.101067,0.120799,47.9926,19.9199,421.89
0.0525287,0.105701,0.113369,48.9651,18.0504,421.89
0.054489,0.0791161,0.117573,45.5531,18.3896,421.89
0.0546877,0.0143648,0.161786,43.3827,17.2296,421.892
0.0523683,0.0247887,0.101584,47.9806,17.0515,421.892
0.0519468,0.0240186,0.1269,48.4426,18.5387,421.894
0.0527759,0.0869595,0.0921759,49.6517,19.8877,421.894
0.0541132,0.112,0.122749,42.9476,15.6978,421.894
0.0543444,0.00770327,0.100651,44.0272,16.2584,421.895
0.0536376,0.0141942,0.0749123,47.361,17.6283,421.895
0.0534807,0.0603382,0.0801543,49.8448,19.3796,421.896
0.053117,0.111173,0.137038,47.8144,19.3416,421.896
0.0531999,0.0056585,0.126988,46.7118,18.5462,421.897
0.0516365,0.00490424,0.123604,49.5952,18.8003,421.897
0.0502208,0.0113985,0.105667,50.9549,17.0532,421.898
0.0530942,0.0541634,0.160326,46.3301,18.1129,421.899
0.0524402,0.00821288,0.071083,51.4071,19.742,421.9
0.0526982,0.134774,0.166099,47.1185,19.0832,421.901
0.0537784,0.0829886,0.146104,43.3312,16.9687,421.901
0.055252,0.0239823,0.109493,43.0345,17.1764,421.901
0.0501214,0.00238127,0.065453,51.4143,15.7752,421.902
0.052197,0.10722,0.0878119,50.4065,19.3001,421.903
0.0501543,0.0122121,0.136932,50.1761,18.5067,421.903
0.0492689,0.00857389,0.0816886,55.7673,19.4361,421.904
0.0542715,0.0140759,0.129191,42.842,15.151,421.904
0.0561125,0.0077718,0.130206,41.9299,17.1244,421.904
0.0533308,0.0578678,0.0743312,47.9479,17.911,421.905
0.0536374,0.0154902,0.12051,46.3761,18.6552,421.905
0.0520423,0.0631266,0.079179,48.7741,16.1488,421.907
0.054483,0.0454699,0.122277,43.6112,16.8216,421.908
0.0545637,0.0158471,0.137438,44.524,18.6979,421.908
0.0540452,0.0602204,0.0631046,46.3135,16.0845,421.908
0.0539391,0.00523159,0.0614003,47.9593,17.7244,421.909
0.051225,0.0242796,0.0997251,51.2645,19.4285,421.909
0.0488033,0.148937,0.128225,54.6933,19.1966,421.909
0.049124,0.0931313,0.0956596,55.1869,19.3401,421.909
0.0502946,0.0124065,0.111928,51.1647,18.697,421.911
0.0526238,0.0486496,0.139297,46.0639,17.629,421.911
0.052189,0.0451592,0.0952906,50.4221,19.2892,421.912
0.0545306,0.00722049,0.121973,44.8283,17.291,421.913
0.0541429,0.00550706,0.14189,43.9181,17.5813,421.913
0.0489725,0.0393526,0.0900902,55.8927,19.4745,421.914
0.0538187,0.155068,0.0851306,47.3943,18.1103,421.914
0.0525373,0.113179,0.163606,46.3018,18.8942,421.914
0.0529976,0.00782901,0.0781199,47.4265,16.5981,421.916
0.0542541,0.0233356,0.150319,43.5183,17.723,421.916
0.0539606,0.0404852,0.126798,44.7736,17.8453,421.916
0.0530278,0.030233,0.118711,45.5023,16.3658,421.918
0.0482138,0.145133,0.0572314,59.2234,19.9152,421.918
0.0529822,0.0718536,0.13393,47.3724,19.2039,421.918
0.0542489,0.0602089,0.118756,46.3008,19.3512,421.918
0.0521872,0.0158284,0.0852972,50.5413,19.4478,421.919
0.0539919,0.0312544,0.0672435,45.5797,15.9025,421.92
0.0552349,0.0286287,0.110331,43.2608,17.0456,421.92
0.0520212,0.0632515,0.135738,48.1784,18.0213,421.921
0.0555559,0.0310577,0.107734,39.0137,13.3595,421.921
0.0525187,0.0496317,0.102864,47.8677,17.8054,421.922
0.0537374,0.0906905,0.0861894,44.6177,15.3286,421.922
0.0507498,0.014498,0.123871,49.1357,17.8089,421.922
0.0540943,0.016645,0.0721405,46.1755,17.855,421.923
0.0495424,0.0114676,0.0684755,53.7085,16.6555,421.923
0.0521476,0.0366608,0.123503,49.1734,19.5337,421.923
0.0535309,0.0798711,0.124481,44.4022,16.6247,421.925
0.0542622,0.00773538,0.153593,43.4031,17.9464,421.925
0.0498915,0.0631484,0.135964,51.3903,18.4022,421.925
0.0540377,0.00878259,0.126218,42.6788,15.9508,421.926
0.0534317,0.0292878,0.0644192,50.0411,19.7813,421.926
0.0496095,0.0196612,0.114718,51.9434,17.1605,421.927
0.0509952,0.0336796,0.14129,46.4705,15.7709,421.929
0.0508237,0.0374004,0.0618124,49.0705,14.2655,421.929
0.0530289,0.0929902,0.0679794,47.0043,16.9117,421.929
0.0500428,0.0970485,0.153678,51.6598,19.7224,421.931
0.0527461,0.0143105,0.078222,48.1034,17.092,421.931
0.0485995,0.0168826,0.0731309,57.968,19.483,421.932
0.0514855,0.0321088,0.0748317,46.5405,13.7472,421.932
0.0520729,0.038219,0.0780473,51.1358,19.2538,421.932
0.0535366,0.00527271,0.138321,46.3064,18.1293,421.933
0.0541975,0.0259999,0.162567,44.7641,18.4898,421.933
0.0533616,0.0797914,0.145136,46.0068,18.2668,421.933
0.0536385,0.114568,0.155552,44.9455,17.2485,421.933
0.0512571,0.0172286,0.0970673,51.4069,19.6971,421.935
0.0535524,0.0589665,0.0874201,45.4405,16.3239,421.935
0.053902,0.0365948,0.164667,45.0213,19.8925,421.937
0.0530502,0.00237058,0.0853378,47.2622,17.7372,421.938
0.051518,0.0272721,0.0800691,50.8752,17.1989,421.938
0.0488448,0.0856695,0.0827293,55.5289,18.0646,421.938
0.0486529,0.147736,0.0880087,56.6723,19.0257,421.938
0.0502438,0.0531133,0.135572,50.596,18.1131,421.939
0.0516503,0.0535272,0.0599453,53.7717,19.7325,421.939
0.0493295,0.0437801,0.0906802,53.1499,17.9023,421.939
0.0543606,0.00484265,0.117651,44.9523,17.0333,421.94
0.0530319,0.0945561,0.157666,47.0391,19.338,421.94
0.0536587,0.0789316,0.0938784,44.3332,15.5202,421.941
0.0537428,0.0983214,0.0733656,47.8228,17.1938,421.941
0.0556529,0.0347485,0.124021,42.8899,17.3006,421.941
0.0533084,0.044223,0.158022,44.4637,17.6254,421.942
0.0523385,0.0297909,0.0675917,50.4673,17.8074,421.944
0.0535503,0.0832014,0.114448,47.2906,19.2645,421.944
0.0499659,0.133633,0.162505,50.8891,18.2163,421.944
0.0532668,0.126006,0.14354,47.8933,19.7079,421.945
0.0536462,0.04805,0.136542,45.5219,18.0224,421.945
0.0490394,0.0688183,0.0552192,56.8387,17.9006,421.946
0.0529581,0.0151815,0.0669585,50.9033,18.6966,421.946
0.0522346,0.00253762,0.121358,48.1871,18.0345,421.946
0.0545132,0.164791,0.143965,43.6482,17.1817,421.946
0.0534741,0.00276292,0.0624772,49.3602,18.272,421.946
0.0517143,0.0837078,0.096792,50.3465,19.995,421.946
0.0546025,0.0125034,0.068487,46.6373,17.9216,421.947
0.0535536,0.00992026,0.164488,46.8463,19.992,421.947
0.0492135,0.00442591,0.0861152,55.1429,19.305,421.948
0.0496218,0.0745766,0.149515,52.8481,19.0147,421.948
0.0509845,0.0504733,0.136588,46.6885,15.4614,421.95
0.0495677,0.0117018,0.0732556,54.204,18.961,421.95
0.0505899,0.00221885,0.153744,49.3553,18.3247,421.95
0.0535351,0.0902251,0.120804,44.8344,16.0943,421.951
0.0524305,0.161598,0.13545,46.1822,17.5812,421.951
0.0525588,0.00226731,0.132159,48.697,19.6502,421.951
0.0550046,0.106291,0.152241,42.5914,17.1175,421.951
0.0538202,0.015445,0.10167,46.9313,18.0527,421.952
0.0541435,0.166026,0.129676,45.1213,18.9625,421.954
0.0527688,0.0663761,0.0618868,51.7776,19.7494,421.954
0.049515,0.103005,0.162468,52.399,19.0084,421.955
0.0495762,0.0796249,0.164096,51.5746,18.4447,421.956
0.0517851,0.0435683,0.0632348,52.2603,19.3796,421.957
0.0490946,0.0567339,0.0681957,55.4288,18.5066,421.957
0.0541195,0.102272,0.124255,42.034,15.1212,421.958
0.0528278,0.0137057,0.146487,48.2759,19.9822,421.958
0.0513159,0.142988,0.0800778,51.817,18.1229,421.959
0.0532153,0.111862,0.105295,47.7471,18.0686,421.959
0.0552949,0.00693334,0.166175,42.1892,18.1845,421.96
0.0531954,0.119693,0.124401,46.8686,18.3517,421.96
0.0500855,0.000932333,0.116946,52.7005,19.9689,421.96
