beta,permeability,xi,init_days,delay,value
0.0572634,0.00819323,0.165988,16.5754,8.69539,25.2181
0.0573407,0.00223024,0.166444,16.0438,8.10366,25.2213
0.0571715,0.00428778,0.166102,16.3977,8.34173,25.2241
0.0572556,0.0106089,0.165881,16.0114,8.17155,25.2481
0.0572919,0.00230406,0.161568,16.8732,8.57662,25.2525
0.0573227,0.00316557,0.162863,16.2065,8.61606,25.258
0.0573113,0.00325797,0.161539,16.4075,8.1319,25.2772
0.0573046,0.00794433,0.164465,16.7197,8.14329,25.2942
0.0573629,0.00440753,0.166214,16.0268,8.96103,25.3042
0.0573549,0.00226801,0.161657,16.6887,8.92097,25.3094
0.0572489,0.0136577,0.165466,16.2163,8.99012,25.3125
0.0564279,0.00384041,0.165209,17.711,8.54668,25.3126
0.0571542,0.00475004,0.164584,16.2727,8.59823,25.3136
0.0572008,0.0121754,0.165001,16.7983,8.44159,25.3231
0.0564841,0.00329664,0.164859,17.9609,8.70699,25.3252
0.0572315,0.00499364,0.161517,16.2156,8.1614,25.3263
0.0565171,0.00323925,0.15994,17.9696,8.06657,25.3275
0.0565316,0.0051048,0.159147,17.9692,8.89406,25.3293
0.0572549,0.0138581,0.165111,16.5285,8.97178,25.3314
0.0565752,0.0045864,0.162059,17.4886,8.80001,25.3367
0.0572,0.0104695,0.163834,16.1044,8.71546,25.3391
0.056438,0.0109344,0.1659,17.3847,8.591,25.3393
0.0564646,0.00978191,0.164035,17.1104,8.79759,25.3415
0.0565988,0.00290483,0.158787,17.5724,8.21868,25.3417
0.0565061,0.0108351,0.162701,17.3596,8.79604,25.3441
0.0564989,0.00989644,0.160566,17.9763,8.78263,25.3455
0.0563634,0.00427651,0.1662,17.1607,8.82887,25.3479
0.0565301,0.00763438,0.157444,17.6731,8.60788,25.3627
0.0563919,0.00303169,0.16353,17.8212,8.98476,25.3652
0.057195,0.0146047,0.164803,16.7185,8.87955,25.3675
0.0565171,0.0120434,0.160035,17.1312,8.76961,25.3689
0.0579944,0.00931005,0.166502,15.2954,8.79892,25.3693
0.0565002,0.0111922,0.1589,17.2711,8.48582,25.3825
0.0566049,0.00466225,0.159822,17.0249,8.11492,25.3873
0.0572088,0.0106261,0.162389,16.88,8.12367,25.3882
0.0563872,0.0214287,0.166166,17.6693,8.14634,25.3904
0.0564501,0.0100155,0.161239,17.3424,8.12254,25.3934
0.0565733,0.00458442,0.155189,17.0532,8.82921,25.3937
0.0564507,0.0208765,0.163941,17.934,8.4639,25.3975
0.0563766,0.0163003,0.165527,17.0686,8.55313,25.3992
0.0565292,0.0139238,0.164974,17.7546,8.87625,25.4007
0.0570929,0.00625359,0.166343,16.5344,8.15462,25.401
0.0564604,0.00440249,0.159594,17.7381,8.53636,25.4011
0.0572418,0.00892547,0.160885,16.6157,8.45897,25.4013
0.0571099,0.00371926,0.165043,16.4418,8.34796,25.4029
0.056558,0.0072028,0.156055,17.507,8.08735,25.4058
0.0566098,0.00517328,0.166435,17.9718,8.29151,25.4068
0.0572564,0.0101891,0.161396,16.4727,8.88497,25.411
0.0565416,0.00318059,0.154263,17.1915,8.65746,25.4124
0.0574118,0.00414619,0.164602,16.888,8.39955,25.4135
0.0563759,0.00577904,0.163354,17.9436,8.36769,25.4163
0.0564451,0.0134074,0.160659,17.21,8.65956,25.4193
0.0564982,0.0181485,0.166444,17.1429,8.78633,25.4194
0.0565826,0.00985088,0.165471,17.1653,8.55148,25.4197
0.0573053,0.0146275,0.164233,16.234,8.2972,25.4223
0.0574262,0.0029189,0.16428,16.0044,8.86468,25.423
0.0571333,0.0189171,0.166011,16.1063,8.95935,25.4242
0.0564745,0.0206739,0.164084,17.2885,8.92906,25.4251
0.054615,0.00257087,0.163953,20.4231,9.02006,25.427
0.0581446,0.002914,0.163997,15.7118,8.146,25.4301
0.0564131,0.00343746,0.160614,17.7103,8.05016,25.4308
0.0579458,0.0116218,0.166293,15.1911,8.10866,25.4322
0.0546246,0.00536243,0.165323,20.4514,9.1129,25.4362
0.054662,0.00174944,0.163908,20.1931,9.27785,25.4441
0.0573601,0.0118678,0.165899,16.2033,8.84681,25.4519
0.055258,0.00222303,0.164793,19.5785,9.62394,25.4546
0.0566077,0.00523661,0.155546,17.7431,8.21105,25.4554
0.0565711,0.0101733,0.157516,17.7576,8.91885,25.4582
0.0566553,0.00279867,0.162574,17.9267,8.92424,25.4586
0.057416,0.00442518,0.163091,16.7371,8.82595,25.4586
0.0564439,0.0149605,0.158907,17.8902,8.00718,25.46
0.0580137,0.0110354,0.165571,15.6693,8.14085,25.4606
0.0556406,0.00227383,0.16539,18.7477,8.70677,25.461
0.0566005,0.0061344,0.155401,17.8358,8.28107,25.461
0.0572182,0.0141887,0.16172,16.7977,8.30944,25.4635
0.0578862,0.00576634,0.166323,15.8446,8.03726,25.4639
0.0564294,0.0188251,0.160578,17.3422,8.93984,25.4647
0.0566402,0.00418297,0.158715,17.2421,8.04261,25.4652
0.0565825,0.00904762,0.15662,17.7262,8.07075,25.4694
0.0573029,0.0101209,0.16006,16.1673,8.61916,25.4712
0.0566377,0.0042101,0.157141,17.8767,8.49568,25.4712
0.0564153,0.0154713,0.160061,17.5603,8.99125,25.477
0.0556884,0.00322381,0.164091,18.1709,8.71029,25.4775
0.0545489,0.00740578,0.164703,20.8675,9.25778,25.4782
0.056659,0.00306603,0.165919,17.0546,8.55967,25.4787
0.0546185,0.00898642,0.165635,20.5016,9.9563,25.4792
0.0556683,0.0023369,0.161011,18.6843,8.65752,25.4805
0.0564575,0.0261795,0.164587,17.4253,8.39229,25.4826
0.0571383,0.0196693,0.164743,16.4735,8.78053,25.4841
0.05717,0.00890119,0.160532,16.6346,8.73105,25.4842
0.0556799,0.00543438,0.16328,18.3813,8.4398,25.4843
0.0564773,0.00916805,0.155784,17.4085,8.15126,25.4855
0.055675,0.00637096,0.163755,18.0061,8.53618,25.4871
0.0570965,0.0185953,0.165868,16.3123,8.2543,25.4883
0.0557023,0.00194033,0.160145,18.7455,8.65701,25.4893
0.0556736,0.00369378,0.160392,18.8476,8.79171,25.4896
0.0553365,0.00406164,0.166059,19.2551,9.02904,25.4939
0.0572237,0.00810216,0.158399,16.854,8.95604,25.4959
0.0563486,0.0272413,0.165074,17.4289,8.73942,25.4983
0.0564464,0.0205944,0.159804,17.4537,8.72235,25.4996
0.0574645,0.00168741,0.163037,16.1032,8.45791,25.4998
0.0564886,0.0203558,0.159681,17.0049,8.55363,25.4999
0.0563829,0.0223813,0.162135,17.1891,8.58152,25.5002
0.0563426,0.014706,0.163976,17.1596,8.82593,25.5009
0.0579288,0.00991999,0.165182,15.3038,8.26686,25.502
0.0566067,0.00984485,0.159265,17.6147,8.97109,25.5047
0.0563704,0.0189245,0.162455,17.7885,8.68274,25.5062
0.0556555,0.00751209,0.162923,18.8081,8.36945,25.5062
0.0565432,0.0188504,0.166048,17.4349,8.54571,25.5063
0.055626,0.00776492,0.165617,18.7918,8.91457,25.5063
0.055643,0.0099105,0.166007,18.7891,8.38869,25.507
0.0556936,0.00363349,0.159239,18.8697,8.30713,25.508
0.0572191,0.0242815,0.165239,16.4697,8.45061,25.5081
0.0586997,0.00266961,0.160847,14.4064,7.59464,25.5105
0.0546427,0.00225625,0.161123,20.7109,9.74853,25.5132
0.0565213,0.0190195,0.159469,17.2822,8.66892,25.5135
0.0557008,0.00618125,0.161902,18.7664,8.58856,25.5143
0.0557093,0.00537597,0.161359,18.942,8.81178,25.5158
0.055713,0.00287892,0.158191,18.4011,8.59723,25.5192
0.0564041,0.0324692,0.16569,17.9423,8.84055,25.5192
0.0579163,0.015326,0.166438,15.5135,8.42607,25.5207
0.0563806,0.0186846,0.161329,17.3861,8.78573,25.5237
0.0545103,0.00556417,0.165991,20.6337,9.60122,25.5256
0.0579537,0.011581,0.164288,15.5391,8.7768,25.5259
0.0578978,0.00547331,0.164677,15.8023,8.72803,25.5264
0.056417,0.0283905,0.163019,17.3271,8.41312,25.5267
0.0564849,0.0247157,0.161768,17.1514,8.58056,25.5272
0.05728,0.0222473,0.164624,16.4613,8.66588,25.5306
0.0580306,0.00172398,0.159803,15.3156,8.45123,25.5311
0.0564095,0.0128106,0.159062,17.4471,8.21914,25.5324
0.0571298,0.028361,0.166228,16.7917,8.81998,25.5337
0.0564706,0.0285528,0.166176,17.4679,8.89742,25.5342
0.0563967,0.0190856,0.159984,17.445,8.23814,25.5345
0.0563712,0.0167617,0.161588,17.5383,8.55815,25.5349
0.0565917,0.0136551,0.16128,17.8411,8.47359,25.5366
0.0555956,0.00288439,0.166289,18.322,8.51367,25.5374
0.0553523,0.00515092,0.165684,19.6364,9.31292,25.5394
0.0547184,0.00249824,0.162722,20.4841,9.17131,25.5398
0.0578605,0.00844419,0.166311,15.1603,8.41802,25.5412
0.0566561,0.00317896,0.153612,17.9501,8.79998,25.5423
0.0563389,0.0357575,0.166417,17.3335,8.37791,25.5427
0.0564208,0.0172024,0.158206,17.4604,8.22483,25.5443
0.0586385,0.00509706,0.164859,14.9495,7.03363,25.5468
0.0574186,0.0100923,0.165475,16.1233,8.46704,25.5472
0.0566202,0.0109347,0.160232,17.7735,8.71957,25.5487
0.0581595,0.00508723,0.163363,15.9041,8.86995,25.551
0.0566115,0.00803901,0.15353,17.1137,8.57042,25.5516
0.0564502,0.0249251,0.16014,17.5376,8.32585,25.5532
0.0556573,0.0150628,0.165539,18.8455,8.18921,25.5548
0.0545126,0.0133168,0.164897,20.2212,9.2382,25.5591
0.0564135,0.00969566,0.157935,17.9625,8.04527,25.5638
0.0572836,0.00881044,0.157279,16.208,8.06236,25.564
0.0581275,0.00660259,0.163019,15.7366,8.78651,25.5654
0.0563828,0.0355749,0.165483,17.7616,8.71278,25.5655
0.0574766,0.00437014,0.165793,16.4707,8.63583,25.5673
0.0556284,0.00870231,0.162056,18.5959,8.22112,25.5675
0.0557748,0.00353016,0.159225,18.8178,8.75016,25.5677
0.0587487,0.00505916,0.156265,14.8822,7.67629,25.5678
0.05461,0.0039073,0.15961,20.8161,9.05813,25.5704
0.0556022,0.015013,0.165992,18.504,8.10629,25.5709
0.0566589,0.00298211,0.152294,17.9045,8.92031,25.5711
0.0571453,0.0134568,0.160774,16.7808,8.91738,25.5711
0.0557575,0.00816505,0.157395,18.0537,8.00248,25.5712
0.0556162,0.0194554,0.166322,18.0447,8.75028,25.572
0.0558509,0.0068069,0.150993,18.3789,8.12684,25.5721
0.0565325,0.0229297,0.164838,17.9619,8.1593,25.5721
0.0564581,0.0197545,0.157056,17.4837,8.57993,25.5725
0.0564702,0.0206742,0.157341,17.3734,8.15472,25.5739
0.056465,0.0206137,0.157235,17.3712,8.13382,25.5753
0.0565232,0.0179257,0.156882,17.6236,8.51635,25.5757
0.0572424,0.0146621,0.159365,16.126,8.35318,25.5765
0.0557838,0.00537004,0.157686,18.6879,8.79365,25.5773
0.0565909,0.0165212,0.165229,17.098,8.93174,25.5778
0.055787,0.00849061,0.155549,18.526,8.75902,25.5793
0.0545217,0.0191731,0.165489,20.6342,9.70944,25.5802
0.0579911,0.0151296,0.164747,15.6502,8.61963,25.5809
0.0572369,0.012196,0.158018,16.656,8.73644,25.5824
0.0570719,0.0221656,0.16531,16.7005,8.14842,25.5853
0.0556001,0.012977,0.164857,18.0157,8.39966,25.5861
0.0586478,0.00161215,0.156069,14.2153,7.13984,25.5865
0.0551807,0.00330142,0.164151,19.81,9.25078,25.5875
0.0586304,0.00805919,0.16625,14.1161,7.00165,25.5903
0.0587012,0.00717239,0.158928,14.7584,7.58981,25.5904
0.0554084,0.00187387,0.163395,19.4448,9.89051,25.5911
0.0545494,0.0200994,0.165547,20.9827,9.72448,25.592
0.0565078,0.00985092,0.152185,17.9191,8.17066,25.5925
0.0562994,0.0266638,0.165135,17.3426,8.76022,25.5934
0.0563921,0.0370382,0.16494,17.0915,8.32874,25.5974
0.0553517,0.0072175,0.165113,19.2319,9.76622,25.5977
0.0585854,0.00351542,0.166474,14.6503,7.95084,25.5984
0.0563707,0.0284248,0.161428,17.7252,8.895,25.6009
0.0557558,0.0108711,0.160066,18.7257,8.10691,25.6018
0.0564905,0.0227825,0.158244,17.0783,8.1197,25.6023
0.0566532,0.00995943,0.165294,17.5215,8.17944,25.6042
0.0552485,0.00987557,0.1646,19.3445,9.12933,25.6043
0.0557515,0.00997337,0.16192,18.569,8.62374,25.6051
0.056408,0.0167412,0.157495,17.7184,8.03672,25.6052
0.0567133,0.00178788,0.164944,17.2947,8.87,25.6068
0.0570786,0.00333396,0.162253,16.6233,8.32756,25.6069
0.055905,0.00512297,0.154209,18.0843,8.82679,25.6075
0.0587419,0.00672734,0.159769,14.2573,7.78605,25.6077
0.0557264,0.0122542,0.164071,18.6566,8.31754,25.6089
0.0563393,0.0118053,0.161392,17.5452,8.44625,25.6092
0.0588033,0.00274632,0.15248,14.0687,7.30546,25.6096
0.0556263,0.0215623,0.162707,18.542,8.60659,25.61
0.0557773,0.00769727,0.161559,18.9614,8.5583,25.6108
0.055594,0.0255646,0.166565,18.499,8.87604,25.6113
0.0566456,0.0048238,0.151363,17.5021,8.04864,25.6115
0.0570916,0.00954028,0.161133,16.1216,8.91206,25.612
0.0563398,0.0402413,0.166313,17.5604,8.94215,25.612
0.0557994,0.0164798,0.152946,18.5475,8.65824,25.612
0.0558063,0.0160329,0.155795,18.3777,8.20523,25.6121
0.0581433,0.00791,0.16339,15.2057,8.95729,25.613
0.0564226,0.0352487,0.163732,17.4835,8.00677,25.6134
0.0564464,0.034597,0.164536,17.742,8.05413,25.614
0.057411,0.0121305,0.163484,16.3911,8.68267,25.6154
0.0564099,0.0358329,0.163731,17.7957,8.28181,25.6161
0.0546942,0.00369188,0.160268,20.7253,9.36622,25.6163
0.0556704,0.0218935,0.161916,18.7156,8.87062,25.6187
0.0571467,0.0176927,0.160933,16.3186,8.8107,25.6193
0.056548,0.006309,0.150427,17.8846,8.40485,25.6194
0.0564018,0.0179243,0.15755,17.8629,8.46751,25.6208
0.0558651,0.00788901,0.157244,18.0971,8.90175,25.6221
0.0564815,0.00951861,0.152259,17.1755,8.29719,25.6222
0.0563442,0.0191566,0.161216,17.2013,8.09713,25.6229
0.055844,0.00285455,0.148281,18.919,8.38376,25.623
0.057286,0.00599524,0.154581,16.9098,8.04502,25.6246
0.0546695,0.00877272,0.162221,20.3095,9.18767,25.6253
0.0574208,0.00274799,0.15497,16.7677,8.40893,25.6259
0.0558966,0.00686413,0.156577,18.472,8.4767,25.6263
0.0557691,0.0101161,0.162863,18.9232,8.61021,25.6268
0.0545343,0.00471135,0.161126,20.9713,9.05878,25.6282
0.0565782,0.020072,0.161855,17.7409,8.82061,25.6283
0.0559173,0.00503654,0.152344,18.8373,8.72912,25.629
0.0558174,0.0127419,0.158075,18.4899,8.17652,25.6295
0.0545253,0.00933597,0.161845,20.6004,9.54369,25.6296
0.0545672,0.0102712,0.160781,20.0478,9.60161,25.6299
0.0566841,0.0068778,0.159448,17.3062,8.84158,25.6302
0.0557859,0.0153873,0.152452,18.5141,8.33513,25.631
0.0587384,0.0058779,0.154023,14.6361,7.12465,25.6311
0.0565124,0.0161913,0.15436,17.7653,8.37707,25.6316
0.0558092,0.014611,0.158422,18.3169,8.94656,25.6339
0.0540347,0.00287285,0.165139,21.5425,9.49078,25.6341
0.0564494,0.0319011,0.161688,17.0373,8.90436,25.6345
0.0580198,0.0116247,0.161595,15.9152,8.15075,25.6348
0.0587671,0.00351361,0.161698,14.1891,7.58899,25.6378
0.0557125,0.0238804,0.161501,18.4661,8.27833,25.638
0.0557081,0.0189243,0.157065,18.1518,8.07545,25.6384
0.0539642,0.00685353,0.166336,21.4338,9.62634,25.6389
0.0564722,0.0298309,0.16075,17.2151,8.00202,25.64
0.0544908,0.0207467,0.165442,20.6329,9.6771,25.6402
0.0564062,0.00216171,0.155932,17.4372,8.75007,25.6403
0.0556254,0.00213951,0.158899,18.1171,8.24843,25.6407
0.057888,0.00703856,0.16316,15.9822,8.77432,25.6409
0.0566357,0.0115114,0.156573,17.6034,8.18994,25.6437
0.0546184,0.0164431,0.164464,20.6949,9.03822,25.6437
0.0562869,0.0115562,0.164771,17.257,8.00646,25.6443
0.05785,0.0034697,0.163862,15.7894,8.10131,25.6457
0.0564796,0.0218242,0.156334,17.9661,8.75995,25.6458
0.0564736,0.0190771,0.154922,17.0487,8.47069,25.6466
0.0579137,0.00175356,0.160881,15.6743,8.13704,25.6467
0.0557948,0.0186346,0.15963,18.1856,8.25712,25.6469
0.0562698,0.0323335,0.166234,17.2569,8.33484,25.6479
0.0565601,0.0121192,0.152532,17.9369,8.22837,25.6479
0.0571686,0.00427665,0.156095,16.4749,8.02698,25.6499
0.0566418,0.00957778,0.15454,17.6027,8.79546,25.6502
0.0557022,0.0317547,0.159513,18.7229,8.68966,25.6511
0.0565673,0.0114531,0.152214,17.3458,8.76565,25.6511
0.0557553,0.0129412,0.153001,18.171,8.01831,25.6516
0.0562656,0.0151178,0.166492,17.9363,8.63809,25.6518
0.0579756,0.0197619,0.165698,15.3672,8.49682,25.6521
0.0564359,0.0048136,0.15428,17.9597,8.21458,25.6521
0.054465,0.00658628,0.165562,20.7585,9.96354,25.6528
0.0586144,0.0117583,0.161549,14.5833,7.1969,25.6529
0.0555624,0.00661101,0.164217,18.3435,8.65123,25.6532
0.0566068,0.0101702,0.152234,17.0815,8.51459,25.6536
0.0557283,0.0275816,0.161311,18.691,8.36458,25.654
0.0556517,0.0317291,0.163275,18.1755,8.86505,25.6545
0.0566153,0.0170033,0.161563,17.2707,8.39109,25.6554
0.0558708,0.013501,0.154456,18.5997,8.88387,25.656
0.0563614,0.0339636,0.162198,17.3691,8.85408,25.6561
0.0539796,0.00788135,0.163459,21.3207,9.79036,25.6586
0.0573063,0.0113332,0.1564,16.1685,8.13825,25.6593
0.0555967,0.019465,0.162917,18.5529,8.86341,25.6594
0.0557009,0.0286081,0.163215,18.7316,8.93338,25.6599
0.0585987,0.0082618,0.160891,14.1783,7.74339,25.66
0.058239,0.00454488,0.165468,15.9316,8.15922,25.6602
0.0545302,0.0203183,0.163702,20.1517,9.99424,25.661
0.0557305,0.0304834,0.161158,18.4432,8.2772,25.6611
0.0558907,0.00987761,0.158583,18.3036,8.86323,25.6616
0.0555905,0.0280211,0.16412,18.3568,8.55258,25.6618
0.0539001,0.0126698,0.165493,21.2503,9.60703,25.6634
0.0579684,0.00395993,0.147761,15.2895,7.6653,25.665
0.0556497,0.0362772,0.165253,18.5502,8.56206,25.6651
0.0539733,0.0102718,0.163231,21.2247,9.80969,25.6658
0.0551511,0.0142747,0.165723,19.1751,9.51523,25.6668
0.0586857,0.00159899,0.166115,14.2742,8.68147,25.6677
0.0566088,0.0142161,0.154856,17.8928,8.96721,25.6681
0.0539363,0.0128601,0.163332,21.7458,9.7576,25.6692
0.05575,0.0280764,0.155684,18.0958,8.85871,25.6694
0.0557046,0.0299979,0.16374,18.8335,8.04198,25.6695
0.0564544,0.0278752,0.158449,17.9561,8.55379,25.6696
0.0556187,0.0366041,0.164471,18.7614,8.49806,25.6702
0.0538782,0.021597,0.166057,21.2206,9.46595,25.6706
0.0558074,0.00795313,0.163247,18.4726,8.21437,25.6707
0.0547719,0.00463315,0.165455,20.3958,9.47062,25.6707
0.0564198,0.0396525,0.164494,17.6794,8.07973,25.6721
0.0558611,0.0137456,0.159843,18.3132,8.76943,25.6722
0.0539256,0.0163328,0.16477,21.946,9.46525,25.6725
0.0558321,0.00853278,0.147392,18.0057,8.82326,25.6734
0.0556882,0.0336699,0.164345,18.16,8.58677,25.6736
0.0545876,0.00796296,0.15894,20.0633,9.36491,25.6737
0.0574667,0.00341452,0.156174,16.875,8.88926,25.674
0.0586232,0.0147754,0.164557,14.0627,7.58274,25.6744
0.054012,0.00454586,0.1618,21.4007,9.59619,25.6746
0.0556715,0.0281939,0.158274,18.6429,8.48248,25.6748
0.0587971,0.00505351,0.152377,14.675,7.64405,25.6755
0.054679,0.0113073,0.162508,20.0825,9.09226,25.6772
0.0570073,0.0120182,0.166361,16.5988,8.05749,25.6777
0.0556406,0.0393209,0.163967,18.9913,8.79237,25.6781
0.0580075,0.00220464,0.151677,15.9937,7.41654,25.6782
0.056504,0.00722855,0.149939,17.8869,8.39069,25.6789
0.0586241,0.0145207,0.166278,14.7221,7.82755,25.679
0.0539446,0.0191913,0.165927,21.3062,9.87249,25.6791
0.057079,0.0130311,0.160898,16.9459,8.04555,25.6809
0.0594495,0.00586922,0.165623,13.7,7.57829,25.681
0.0572076,0.0328139,0.165751,16.2475,8.53572,25.6821
0.0553022,0.0164772,0.166493,19.0548,9.70881,25.6822
0.0555732,0.0197578,0.164237,18.8801,8.27881,25.6824
0.0551365,0.0113914,0.165213,19.6208,9.15401,25.6831
0.05402,0.00940208,0.16462,21.1463,9.76665,25.6843
0.0544554,0.0134556,0.16493,20.5931,9.37592,25.6851
0.0565984,0.0149884,0.153964,17.925,8.81724,25.6854
0.0557307,0.0283018,0.164872,18.3407,8.08615,25.6855
0.0558017,0.0245225,0.157518,18.2021,8.98752,25.6857
0.0585538,0.0082039,0.166542,14.0592,7.85357,25.6859
0.0555711,0.0305971,0.165391,18.5098,8.5434,25.6861
0.0565942,0.0105291,0.151293,17.9489,8.45843,25.6868
0.0581009,0.00459254,0.158212,15.4537,8.4542,25.6873
0.0558974,0.0126716,0.155193,18.344,8.96292,25.6882
0.0545064,0.00689254,0.161057,20.6554,9.9168,25.6882
0.0581576,0.00669243,0.161423,15.0208,8.89052,25.6884
0.0586718,0.0128877,0.165812,14.0085,7.95349,25.6886
0.0556108,0.00615043,0.159215,18.7166,8.34713,25.6892
0.0580835,0.0119695,0.162752,15.9171,8.28769,25.6898
0.0578214,0.0109897,0.165444,15.3798,8.46945,25.6899
0.0555713,0.00870022,0.162307,18.8125,8.56429,25.6903
0.0540459,0.00205452,0.161292,21.4045,9.50692,25.6905
0.0558149,0.00211163,0.166376,18.3602,8.9759,25.6905
0.0565226,0.0299892,0.162698,17.8811,8.41585,25.691
0.0570443,0.0276343,0.165346,16.5332,8.94206,25.6911
0.0571987,0.0171073,0.158071,16.2265,8.02448,25.6914
0.0579126,0.00891748,0.155398,15.5659,7.25456,25.6919
0.0552859,0.0160442,0.165629,19.1144,9.31881,25.6921
0.0557491,0.0299744,0.156002,18.1975,8.86231,25.6922
0.0556491,0.0403609,0.163418,18.4704,8.45271,25.6928
0.0544339,0.0109775,0.166475,20.0748,9.49182,25.6931
0.0571723,0.0301825,0.163057,16.0838,8.34001,25.6934
0.0539256,0.017296,0.16187,21.3183,9.60139,25.6944
0.0586294,0.0128256,0.160018,14.4828,7.43622,25.6944
0.0557105,0.026408,0.154958,18.1278,8.44545,25.6946
0.0558698,0.0037814,0.162045,18.1294,8.55886,25.6948
0.0538504,0.0162805,0.166562,21.0177,9.31214,25.6953
0.055663,0.0403671,0.163819,18.0045,8.8179,25.6954
0.0559476,0.00268186,0.145504,18.2083,8.06346,25.6954
0.0574499,0.0059995,0.156372,16.1682,8.01443,25.696
0.0538619,0.0017447,0.16468,21.3196,9.51426,25.696
0.0572398,0.0182914,0.157978,16.1442,8.58463,25.6961
0.0565314,0.00416049,0.148299,17.9794,8.40587,25.6961
0.0550292,0.00179534,0.158262,19.7498,8.74462,25.6962
0.0574039,0.0158425,0.16421,16.2614,8.25443,25.697
0.0539599,0.0196487,0.166448,21.2034,9.8747,25.6978
0.0562567,0.0285033,0.166266,17.996,8.65011,25.698
0.0545473,0.00741227,0.158877,20.3177,9.1195,25.6982
0.0563029,0.0414835,0.165428,17.3604,8.7183,25.6983
0.0544676,0.0245019,0.165603,20.248,9.29041,25.6984
0.0565485,0.023698,0.157045,17.7034,8.68605,25.6984
0.0566472,0.0150167,0.163774,17.3168,8.69403,25.6988
0.0562567,0.0157811,0.166007,17.3626,8.68393,25.6988
0.0572185,0.00368949,0.15345,16.6558,8.60303,25.6993
0.0544904,0.0188682,0.163377,20.8775,9.44023,25.6993
0.0557318,0.0330534,0.157727,18.6557,8.97492,25.7013
0.0579834,0.00672924,0.148851,15.8778,7.2804,25.7014
0.0555841,0.0263879,0.163056,18.7472,8.91735,25.7025
0.0563363,0.0125294,0.159256,17.7677,8.39273,25.7048
0.055887,0.0104565,0.161262,18.098,8.21011,25.7059
0.0562391,0.00202648,0.165417,17.8141,8.86629,25.7062
0.0594117,0.00625439,0.165662,13.4591,7.27479,25.7065
0.0579602,0.0184956,0.163925,15.2783,8.02501,25.7069
0.0539838,0.0166524,0.164858,21.543,9.92457,25.7076
0.0573017,0.00883066,0.15402,16.8245,8.96442,25.7077
0.0595403,0.00256034,0.161446,13.3237,7.23916,25.7082
0.0571275,0.0260479,0.161817,16.7692,8.41874,25.7082
0.0557622,0.0249895,0.164916,18.7182,8.82368,25.7086
0.0556049,0.0439721,0.164285,18.461,8.41704,25.7089
0.0579454,0.0090604,0.153877,15.034,7.05549,25.7095
0.0594436,0.00379436,0.161777,13.5094,7.01735,25.7109
0.0563619,0.0319729,0.160439,17.2931,8.6192,25.7111
0.0555448,0.00663179,0.16399,18.0199,8.59501,25.7121
0.0565146,0.00418561,0.148274,17.753,8.83133,25.7122
0.0555888,0.0131265,0.161163,18.0447,8.85121,25.7131
0.0573814,0.019335,0.165853,16.9146,8.08446,25.7132
0.0563182,0.0363834,0.163044,17.4466,8.97662,25.7135
0.0538353,0.00172396,0.164691,21.462,9.44476,25.7137
0.0552141,0.0203139,0.166457,19.8464,9.55748,25.7138
0.0581208,0.00916467,0.161499,15.7453,8.92871,25.7138
0.0558451,0.0168994,0.162597,18.1932,8.94953,25.7139
0.0578499,0.00803686,0.163018,15.9933,8.09748,25.7143
0.0552573,0.0200222,0.166319,19.733,9.73867,25.7152
0.0593619,0.00255416,0.165084,13.246,7.9782,25.7155
0.0538974,0.0175022,0.161784,21.4959,9.55562,25.7157
0.0556983,0.00978355,0.153703,18.1786,8.10409,25.7157
0.0557052,0.00261985,0.152204,18.2365,8.13411,25.716
0.0557932,0.0175832,0.164699,18.5277,8.79032,25.7162
0.0556227,0.0367206,0.16071,18.387,8.17963,25.7165
0.0579329,0.0096489,0.151139,15.111,7.11466,25.7177
0.0558076,0.0258919,0.161654,18.8581,8.77907,25.7179
0.0550447,0.00325947,0.155074,19.475,8.45171,25.7188
0.055863,0.0178405,0.15406,18.8693,8.15986,25.7189
0.0545132,0.0110771,0.160109,20.984,9.2099,25.7196
0.0559481,0.00382188,0.159701,18.912,8.20124,25.7196
0.0556802,0.00962822,0.154449,18.5932,8.55241,25.7199
0.0563445,0.0233573,0.15897,17.6399,8.4331,25.72
0.0586138,0.0174483,0.165204,14.2264,7.69843,25.7202
0.0594716,0.00353364,0.16133,13.249,7.05354,25.7207
0.054545,0.00535492,0.158275,20.0426,9.48735,25.7211
0.0563541,0.0409626,0.162925,17.2506,8.03002,25.7212
0.0564061,0.00855912,0.154558,17.5888,8.45558,25.7218
0.0566346,0.0126887,0.153651,17.6048,8.53148,25.7239
0.0544444,0.0205586,0.164701,20.2828,9.97392,25.7241
0.0558912,0.0136641,0.149904,18.7638,8.045,25.7243
0.057269,0.0211671,0.159048,16.0182,8.04962,25.7244
0.053906,0.0249716,0.163376,21.2878,9.47721,25.7245
0.0586326,0.0162449,0.162759,14.247,7.66891,25.7248
0.058573,0.00272061,0.158215,14.9865,7.60874,25.7248
0.0538827,0.00428188,0.161167,21.877,9.33511,25.7255
0.0572993,0.00477951,0.15201,16.3918,8.29075,25.7256
0.0545166,0.0103065,0.159742,20.9954,9.02173,25.7258
0.0538297,0.0154012,0.165948,21.9276,9.4581,25.7263
0.0559372,0.0068736,0.147187,18.1658,8.41027,25.7269
0.0538553,0.0195545,0.162588,21.8858,9.30215,25.7269
0.054455,0.0200416,0.163912,20.2427,9.60133,25.7276
0.0557715,0.0302484,0.157889,18.0173,8.50997,25.7279
0.0586319,0.013246,0.158613,14.4961,7.6445,25.7282
0.0558193,0.00425819,0.165764,18.5693,9.30217,25.7283
0.0557282,0.0252767,0.152414,18.7378,8.496,25.7288
0.0539426,0.0214051,0.163475,21.2268,9.87816,25.7289
0.0549575,0.0130685,0.161495,19.2856,8.17295,25.7293
0.0538022,0.0323986,0.166258,21.6693,9.00227,25.7295
0.0574389,0.00622814,0.154865,16.5252,8.12429,25.7298
0.0554399,0.00636319,0.162026,19.9664,9.45413,25.7299
0.0578874,0.0115379,0.153108,15.051,7.21651,25.7302
0.0564395,0.0225695,0.154969,17.7196,8.35445,25.7303
0.0570375,0.0240315,0.163594,16.2069,8.09085,25.7308
0.0540323,0.0142175,0.165315,21.3678,9.26129,25.7308
0.0574577,0.00925996,0.159285,16.0832,8.04214,25.7308
0.0579331,0.00890401,0.1491,15.3036,7.84842,25.7308
0.0571441,0.00203905,0.155273,16.1122,8.044,25.7311
0.0578514,0.0035903,0.159229,15.993,7.49979,25.7312
0.054684,0.0173324,0.16452,20.4735,9.20279,25.7312
0.0562673,0.0181894,0.164436,17.2261,8.31551,25.7314
0.0578653,0.00779098,0.157679,15.1232,7.82433,25.7315
0.0574286,0.0156549,0.165699,16.0796,8.71093,25.7318
0.0557422,0.032191,0.166015,18.3071,8.72452,25.732
0.0588282,0.0023793,0.149145,14.6362,7.63458,25.732
0.0546609,0.0214595,0.166419,20.4879,9.88494,25.733
0.0570444,0.031069,0.165439,16.752,8.6327,25.7335
0.0564619,0.0388711,0.163035,17.028,8.08071,25.7338
0.0578696,0.00797342,0.154229,15.6292,7.37633,25.7341
0.0585755,0.0159401,0.162945,14.4086,7.03112,25.7345
0.0586126,0.00202698,0.153612,14.1206,7.82489,25.7349
0.0563375,0.0369815,0.16216,17.2657,8.37667,25.735
0.0549495,0.0140375,0.161928,19.5984,8.14708,25.735
0.0562567,0.0196256,0.165232,17.1784,8.6603,25.7363
0.0573574,0.0177808,0.159148,16.8473,8.84851,25.7377
0.0538652,0.0119106,0.161658,21.2976,9.0296,25.7382
0.057863,0.0229139,0.166392,15.3865,8.6233,25.7388
0.0572233,0.0301188,0.163135,16.6705,8.29982,25.7392
0.0564001,0.0394583,0.161836,17.5713,8.1346,25.7393
0.0573763,0.00544717,0.153308,16.844,8.81619,25.7397
0.0573364,0.0211795,0.160921,16.355,8.90013,25.7418
0.0556478,0.0445404,0.163037,18.039,8.48064,25.7423
0.0539421,0.00856423,0.157519,21.2306,9.08326,25.7423
0.0578907,0.00474462,0.159425,15.0064,7.71163,25.7428
0.0540326,0.00435813,0.157477,21.99,9.42861,25.7428
0.0573142,0.026637,0.166052,16.9829,8.14566,25.7428
0.0587351,0.0114867,0.15961,14.8128,7.29495,25.743
0.0595032,0.00348541,0.160992,13.7387,7.09631,25.7436
0.0595005,0.00347904,0.160945,13.152,7.96458,25.7436
0.055558,0.00678628,0.161647,18.8567,8.11235,25.7437
0.057365,0.0172142,0.158893,16.0485,8.48972,25.7451
0.0559043,0.0141043,0.159435,18.4371,8.08633,25.7452
0.0565254,0.0315916,0.161725,17.2912,8.72972,25.7452
0.0579204,0.00609338,0.159885,15.3491,8.26474,25.746
0.0538206,0.00485207,0.164504,21.7947,9.95885,25.7463
0.0550107,0.00784559,0.154308,19.9022,8.91363,25.7464
0.0546634,0.0192298,0.164497,20.4565,9.51516,25.7471
0.0538306,0.00693123,0.163982,21.2142,9.19941,25.7474
0.0546626,0.0212573,0.165662,20.8708,9.36615,25.7478
0.055551,0.00159117,0.161971,18.624,8.79507,25.748
0.0571879,0.0194277,0.157918,16.442,8.43306,25.7482
0.0553426,0.013355,0.163697,19.4704,9.46514,25.7484
0.0575101,0.00418057,0.157373,16.1441,8.74459,25.7487
0.0549551,0.00429865,0.158898,19.7385,8.14622,25.7487
0.0573457,0.010841,0.155069,16.6967,8.85906,25.7489
0.0573628,0.0219109,0.165347,16.4246,8.84898,25.7491
0.057841,0.0215338,0.166121,15.7131,8.88905,25.7491
0.0578933,0.00763171,0.149473,15.1857,7.71442,25.7499
0.0551966,0.0148921,0.163577,19.7551,9.38264,25.7499
0.0564307,0.0404595,0.162557,17.2938,8.43302,25.7504
0.0586649,0.00588403,0.152087,14.2387,7.21463,25.751
0.0573799,0.0131311,0.156397,16.6106,8.53471,25.7515
0.0579508,0.0033456,0.145056,15.1957,7.67713,25.7516
0.0565392,0.0125478,0.150275,17.1302,8.66928,25.7519
0.0578838,0.0108801,0.159194,15.1994,7.64376,25.752
0.0563625,0.0335928,0.16001,17.4273,8.07803,25.7521
0.0546411,0.0236654,0.166291,20.7505,9.00685,25.7525
0.0562791,0.0442854,0.16582,17.9954,8.02673,25.7529
0.0562579,0.0282247,0.164666,17.8371,8.86527,25.7531
0.0562888,0.0282165,0.16171,17.05,8.17439,25.7532
0.0544798,0.0222259,0.163108,20.6711,9.87742,25.7533
0.0540188,0.01258,0.160556,21.3369,9.01084,25.7538
0.0558746,0.0168264,0.149638,18.7509,8.591,25.7541
0.0579577,0.00762876,0.146583,15.0436,7.74593,25.7548
0.0547392,0.0139725,0.165268,20.5216,9.43077,25.7551
0.054073,0.00507617,0.159125,21.0153,9.5433,25.7554
0.0574587,0.0066955,0.155184,16.2816,8.56805,25.7557
0.0537856,0.007457,0.166506,21.8461,9.80923,25.756
0.057166,0.0348015,0.164418,16.9268,8.30712,25.7564
0.0540408,0.00625776,0.15807,21.3359,9.31843,25.7564
0.0579091,0.00621007,0.147873,15.6846,7.45868,25.7571
0.0582296,0.00271264,0.159857,15.0404,8.35904,25.7571
0.054671,0.0184599,0.163909,20.971,9.48336,25.758
0.0585379,0.014327,0.166507,14.5585,7.01503,25.758
0.0557784,0.00302952,0.147587,18.2144,8.37411,25.7583
0.0558098,0.00888694,0.166292,18.7048,9.03104,25.7589
0.055918,0.00189956,0.162768,18.8352,8.75926,25.7594
0.0549564,0.00901745,0.156377,19.8539,8.06225,25.7597
0.0558087,0.0261645,0.165301,18.6851,8.68461,25.7601
0.0558594,0.0183429,0.164559,18.4714,8.74921,25.7603
0.0538273,0.0179275,0.163847,21.6933,9.74172,25.761
0.0549804,0.0137363,0.161611,19.3168,8.9983,25.7613
0.0558213,0.0255391,0.157039,18.6982,8.99478,25.7613
0.0564314,0.0341252,0.158854,17.4319,8.1873,25.7615
0.0559149,0.0142938,0.155116,18.5917,8.12685,25.7626
0.0588134,0.00430285,0.158739,14.9628,7.98648,25.7626
0.0539923,0.0152696,0.159115,21.8712,9.02589,25.764
0.0555565,0.0181781,0.162795,18.7246,8.7762,25.7643
0.0572074,0.0125224,0.155077,16.1323,8.64087,25.7643
0.0554003,0.0108184,0.163062,19.9738,9.61266,25.7647
0.0544196,0.00670838,0.165017,20.5023,9.47169,25.7647
0.0574354,0.00318062,0.152553,16.1317,8.09592,25.7647
0.0564856,0.0256491,0.155355,17.535,8.75857,25.7648
0.0550153,0.0099211,0.159188,19.8756,8.57034,25.7648
0.055313,0.0167677,0.164487,19.9061,9.03557,25.7649
0.0557617,0.0343576,0.162927,18.6908,8.21283,25.7654
0.0578541,0.0131371,0.153508,15.6056,7.34422,25.7654
0.0549831,0.0128112,0.162168,19.6527,8.51592,25.7658
0.0540723,0.0101278,0.163877,21.8912,9.98962,25.7674
0.0578924,0.00390786,0.148393,15.2432,7.59996,25.7676
0.0558843,0.0031135,0.163397,18.2758,9.28788,25.7676
0.0563109,0.00508958,0.159387,17.408,8.30395,25.7679
0.0556337,0.0144387,0.156156,18.0622,8.47569,25.7683
0.0580459,0.00193015,0.155659,15.4461,8.30996,25.7683
0.057845,0.00452035,0.153162,15.126,7.9601,25.7689
0.0571358,0.0352319,0.163981,16.2764,8.15558,25.7691
0.0549744,0.0162177,0.15999,19.423,8.40453,25.7696
0.054651,0.0237833,0.166051,20.1609,9.73051,25.7698
0.0573603,0.0172412,0.157998,16.8531,8.59089,25.7701
0.0585264,0.0114006,0.165338,14.2476,7.81321,25.7703
0.056711,0.00186984,0.148496,17.9531,8.45889,25.7707
0.0570291,0.014173,0.162164,16.4083,8.45749,25.7708
0.0556196,0.0316112,0.159021,18.3186,8.42296,25.7721
0.0561475,0.00414539,0.164461,18.5119,9.94374,25.7734
0.0559192,0.0112722,0.16223,18.6351,8.15375,25.7738
0.0539885,0.0187906,0.162294,21.8756,9.78018,25.775
0.0558252,0.0258939,0.162221,18.4856,8.88262,25.775
0.0579986,0.00738735,0.145687,15.0289,7.40753,25.7752
0.055868,0.0142306,0.164787,18.0958,8.21133,25.7754
0.0557268,0.0357629,0.156328,18.6753,8.51316,25.7754
0.0540453,0.00777049,0.157432,21.4067,9.0646,25.7756
0.0578614,0.00520966,0.151084,15.7899,7.28048,25.7757
0.05398,0.0125937,0.157749,21.9578,9.7887,25.7762
0.0554362,0.00972388,0.162638,19.5373,9.49485,25.7763
0.0572394,0.0216313,0.157459,16.4743,8.14755,25.7768
0.0556369,0.0448131,0.16022,18.5974,8.09317,25.7771
0.0549034,0.0105863,0.163995,19.4738,8.48809,25.7773
0.0538914,0.0117305,0.15841,21.1048,9.51235,25.7778
0.0549192,0.00592105,0.162984,19.179,8.78155,25.778
0.0569758,0.0214006,0.166464,16.5063,8.14897,25.7781
0.0562538,0.0260424,0.164424,17.8582,8.33101,25.7784
0.0571235,0.0256886,0.160285,16.8454,8.04559,25.7785
0.0553125,0.00206296,0.158437,19.2792,9.91274,25.7786
0.0552314,0.0227042,0.166036,19.1814,9.89185,25.7786
0.0557844,0.0016085,0.165455,18.8435,9.47216,25.7787
0.0556973,0.0419584,0.160054,18.324,8.12944,25.7789
0.0579984,0.00331019,0.156767,15.9498,8.78191,25.7791
0.0579754,0.00596867,0.157919,15.708,8.1681,25.7791
0.0546272,0.00189548,0.154506,20.4388,9.55599,25.7792
0.0570844,0.0153036,0.159015,16.3895,8.48243,25.7796
0.0579007,0.00334432,0.146848,15.8763,7.7172,25.7798
0.0588391,0.00319326,0.155905,14.9419,7.74552,25.7802
0.0557195,0.039685,0.16545,18.564,8.28026,25.7802
0.0564653,0.00475504,0.149539,17.5231,8.46326,25.7807
0.057301,0.0169157,0.15643,16.6164,8.27105,25.7809
0.0556102,0.0244611,0.158508,18.3928,8.0229,25.7815
0.0564649,0.028173,0.155932,17.1779,8.18302,25.7817
0.055025,0.00807619,0.160371,19.9952,8.00371,25.7817
0.0579345,0.00604708,0.145486,15.2559,7.54748,25.7819
0.0550688,0.00545683,0.150915,19.2926,8.19428,25.7822
0.058184,0.00646783,0.160261,15.5511,8.37294,25.7822
0.0579585,0.0103584,0.15517,15.952,7.42318,25.7824
0.0543842,0.00159379,0.165939,20.8507,9.62878,25.7824
0.0544274,0.0263163,0.164893,20.9114,9.71221,25.7828
0.0556268,0.0498763,0.164906,18.9003,8.01229,25.7833
0.0549216,0.00326143,0.163507,19.7193,8.48144,25.7833
0.0544178,0.0220724,0.164584,20.8677,9.36115,25.7839
0.0575283,0.00703086,0.16604,16.5262,8.29218,25.784
0.0559582,0.00959331,0.155721,18.3417,8.15692,25.7846
0.0538049,0.012384,0.164667,21.9672,9.39446,25.7846
0.0548836,0.0174225,0.165527,19.8541,8.64871,25.7859
0.057413,0.0176412,0.163523,16.1558,8.633,25.7862
0.0557054,0.037971,0.156455,18.5802,8.09885,25.7868
0.0587912,0.00295953,0.164946,14.0675,7.66509,25.7868
0.0559668,0.00861444,0.15628,18.3112,8.09926,25.7875
0.0549054,0.0209109,0.162999,19.4007,8.47845,25.788
0.0547306,0.0157201,0.163069,20.982,9.10576,25.7882
0.0567338,0.00573748,0.155285,17.4858,8.1974,25.7883
0.057821,0.00611828,0.157865,15.4687,7.26192,25.7884
0.0559413,0.0102535,0.150398,18.3939,8.4591,25.7891
0.0566783,0.00249059,0.147322,17.6095,8.51351,25.7892
0.0540305,0.0133516,0.159854,21.8534,9.4237,25.7894
0.0550026,0.0128,0.160772,19.9558,8.36697,25.7896
0.0555689,0.0158999,0.160802,18.8724,8.37088,25.7896
0.0558544,0.0107765,0.166139,18.3374,8.42895,25.7899
0.0540237,0.0132122,0.158776,21.8729,9.89837,25.7902
0.0549377,0.0044057,0.164843,19.0425,8.75531,25.7903
0.0585633,0.013044,0.15963,14.6029,7.89134,25.7903
0.0581029,0.00641769,0.157401,15.6599,8.31279,25.7903
0.0578108,0.0147605,0.160258,15.2007,7.877,25.7905
0.0559285,0.0133533,0.158899,18.7384,8.90884,25.7906
0.0578569,0.00559998,0.162443,15.9654,7.34537,25.7907
0.0538382,0.0360046,0.164926,21.5348,9.88691,25.7913
0.0555499,0.0284336,0.163579,18.2757,8.60438,25.7913
0.0595149,0.00292875,0.158687,13.3053,7.11617,25.7913
0.0537725,0.00285467,0.166318,21.6461,9.18428,25.7916
0.0540122,0.00406743,0.154996,21.3795,9.97699,25.7916
0.0586562,0.00734954,0.151729,14.8322,7.15323,25.792
0.0586156,0.0114974,0.155254,14.5515,7.80772,25.7927
0.0572476,0.0252688,0.159441,16.3806,8.30711,25.7933
0.0570775,0.0350378,0.163926,16.2086,8.80022,25.7938
0.0537832,0.0281487,0.165877,21.9492,9.72939,25.7939
0.0558942,0.018106,0.157861,18.6728,8.78558,25.7942
0.0570984,0.0306102,0.162051,16.1117,8.51078,25.7942
0.0548342,0.00240159,0.165736,20.4636,9.56828,25.7949
0.0587395,0.00605659,0.164742,14.8526,8.84672,25.7951
0.0550082,0.0126965,0.154,19.0197,8.11375,25.7953
0.0545656,0.00163048,0.155167,20.149,9.70594,25.7954
0.055051,0.00781141,0.150895,19.9385,8.04056,25.7961
0.0563434,0.00361041,0.156226,17.2403,8.37635,25.7961
0.0539661,0.010911,0.156341,21.2606,9.93342,25.7962
0.0579809,0.00495598,0.15728,15.3469,7.0018,25.7963
0.056098,0.00160037,0.161939,18.6532,9.13045,25.7974
0.0552501,0.0027016,0.158327,19.6632,9.39323,25.7995
0.0586054,0.0110944,0.155181,14.939,7.13447,25.7997
0.0579358,0.0141371,0.150219,15.3872,7.16782,25.8002
0.0578422,0.0239542,0.166066,15.8234,8.22787,25.8002
0.0555155,0.00961089,0.166483,19.408,9.63666,25.8007
0.0564993,0.0100004,0.148819,17.5896,8.63124,25.8008
0.0556155,0.0336217,0.15856,18.4998,8.17515,25.801
0.0544158,0.0128706,0.164056,20.0435,9.7815,25.8012
0.0565219,0.00320035,0.146295,17.2694,8.63774,25.8013
0.0596317,0.00177838,0.160386,13.9708,7.00214,25.8016
0.0548863,0.00926342,0.166065,19.2062,8.44859,25.8017
0.0544579,0.0265007,0.163536,20.8767,9.75906,25.8018
0.0574968,0.00833099,0.159137,16.3835,8.07728,25.8019
0.058712,0.00832787,0.165834,14.093,8.92277,25.8023
0.0558198,0.00269753,0.144289,18.3581,8.30683,25.8027
0.0579615,0.00880502,0.145314,15.699,7.95868,25.8027
0.0566743,0.00408936,0.147709,17.2245,8.42421,25.8029
0.0539211,0.0293961,0.164117,21.0835,9.46329,25.8036
0.0563234,0.0258747,0.158413,17.0726,8.46541,25.804
0.0566128,0.00449071,0.146627,17.2716,8.46095,25.8044
0.0549967,0.00845353,0.16572,19.4175,8.8684,25.8045
0.0571659,0.0374099,0.164842,16.7138,8.87619,25.8054
0.0555245,0.0317029,0.165625,18.6093,8.47036,25.8056
0.0571033,0.0363991,0.163975,16.0208,8.10497,25.8057
0.0556842,0.0364156,0.15517,18.2002,8.94155,25.8059
0.0562979,0.0397461,0.162638,17.6848,8.53389,25.8059
0.059627,0.00185359,0.16202,13.6455,7.00282,25.8061
0.0580426,0.00581791,0.144544,15.559,7.31605,25.8062
0.0544105,0.0259003,0.164892,20.9908,9.61958,25.8063
0.0557765,0.0237188,0.149528,18.1532,8.71718,25.8072
0.0550347,0.00334638,0.164183,19.9098,8.56586,25.8076
0.0555617,0.0343231,0.162061,18.7409,8.35357,25.8089
0.0578782,0.0152719,0.162151,15.1731,8.79274,25.8092
0.0586611,0.0127062,0.154366,14.8222,7.38628,25.8092
0.0555767,0.00208877,0.162787,19.1593,9.43796,25.8094
0.0551484,0.0138157,0.162317,19.2777,9.83029,25.8095
0.0586459,0.0051658,0.165312,14.8209,8.69654,25.8096
0.0586215,0.00493615,0.166178,14.5112,8.92148,25.8098
0.0595913,0.00445533,0.1604,13.8302,7.78612,25.8102
0.05785,0.0142685,0.162796,15.2947,8.77098,25.8108
0.0547502,0.0153572,0.162836,20.82,9.58406,25.811
0.056393,0.0256422,0.155583,17.9904,8.13916,25.8111
0.0558902,0.0129597,0.146297,18.6217,8.00182,25.8115
0.0555317,0.040657,0.164936,18.2961,8.86543,25.8117
0.0572285,0.00876653,0.152907,16.4673,8.67672,25.8118
0.0587068,0.0102042,0.151686,14.1142,7.17486,25.8129
0.0549059,0.00827005,0.162279,19.8212,8.73059,25.813
0.0549309,0.00284822,0.165739,19.6229,8.31976,25.8131
0.0573674,0.012014,0.154557,16.0074,8.82913,25.814
0.0549584,0.0208076,0.157699,19.7433,8.94067,25.8141
0.0573772,0.014531,0.155884,16.2354,8.3165,25.8141
0.054411,0.0156627,0.163851,20.1897,9.17303,25.8143
0.0551182,0.00198028,0.154549,19.4193,8.62784,25.8151
0.0558752,0.0200413,0.151224,18.4261,8.30764,25.8158
0.0550787,0.00927838,0.153819,19.8803,8.94651,25.817
0.0586771,0.016035,0.158501,14.4262,7.31557,25.817
0.0550887,0.00862144,0.152913,19.4067,8.93323,25.8171
0.0578998,0.0162944,0.152538,15.659,7.39846,25.8182
0.0589678,0.00199826,0.165763,14.7779,8.0756,25.8182
0.0550201,0.00534358,0.165444,19.5411,8.9748,25.8185
0.0574918,0.00491179,0.15342,16.0026,8.00618,25.8188
0.0570703,0.0269755,0.161538,16.2351,8.04024,25.8188
0.0557682,0.00839494,0.166068,18.3344,9.75945,25.8197
0.0555897,0.0290595,0.159101,18.9025,8.58035,25.8201
0.0565897,0.0196928,0.153215,17.5317,8.99537,25.8202
0.0549436,0.00715092,0.155061,19.6742,8.08534,25.8202
0.0586513,0.0179772,0.164042,14.0481,7.0751,25.8208
0.0557901,0.0330251,0.160632,18.2413,8.4853,25.8208
0.0578916,0.0100523,0.160266,15.6003,8.48196,25.8213
0.0555855,0.0518234,0.162899,18.6973,8.53258,25.8214
0.0540742,0.0123363,0.163952,21.4517,9.65036,25.8214
0.0566113,0.0212168,0.156109,17.466,8.94962,25.822
0.0563855,0.0332775,0.157645,17.8558,8.03296,25.8227
0.0564917,0.0245447,0.153551,17.085,8.29302,25.8228
0.0579213,0.0161217,0.155977,15.4223,7.07756,25.8231
0.0552512,0.0213225,0.164529,19.5918,9.52131,25.8233
0.0585839,0.0215693,0.166059,14.8174,7.93299,25.8233
0.0564998,0.0394007,0.163907,17.2618,8.62939,25.8233
0.0573168,0.0115395,0.153306,16.4191,8.08485,25.8233
0.0586548,0.00567507,0.165129,14.6554,8.09932,25.8235
0.0539466,0.0193968,0.15762,21.8765,9.27947,25.8239
0.0586343,0.0191069,0.164085,14.6479,7.70686,25.8251
0.0578592,0.0134769,0.162591,15.0643,7.54547,25.8256
0.055108,0.0127399,0.162908,19.6852,9.72525,25.8257
0.055555,0.00665845,0.165592,19.1941,9.55317,25.826
0.056544,0.0345998,0.165581,17.837,8.19448,25.8268
0.0559012,0.00460401,0.142225,18.1266,8.4974,25.8269
0.0558744,0.0199542,0.165493,18.517,8.14443,25.827
0.0559205,0.0125162,0.164303,18.0911,8.45757,25.8272
0.0539368,0.0201606,0.157563,21.6649,9.23347,25.8273
0.0580138,0.00384519,0.154894,15.1554,7.22228,25.8275
0.0558306,0.019663,0.148069,18.4198,8.5096,25.8276
0.0578614,0.0186919,0.15842,15.2621,7.0687,25.8282
0.0569841,0.0181616,0.16442,16.5312,8.4005,25.8283
0.0593193,0.00418292,0.165143,13.2556,7.80717,25.8284
0.0564891,0.0404736,0.163285,17.9131,8.78681,25.8284
0.0551733,0.00861539,0.145328,19.9156,8.27934,25.8286
0.0586987,0.00519774,0.164028,14.6505,8.17598,25.8288
0.055976,0.00839478,0.158604,18.3783,8.97552,25.8288
0.0578527,0.00708862,0.149206,15.7154,7.37959,25.8288
0.054453,0.0279303,0.163271,20.905,9.91647,25.829
0.0562678,0.035611,0.162301,17.0141,8.25644,25.8298
0.058794,0.00596147,0.162188,14.8318,7.17225,25.8304
0.0578203,0.0166518,0.162962,15.9826,7.94957,25.8304
0.056312,0.00948362,0.157994,17.3884,8.68513,25.8306
0.0555309,0.00301292,0.16151,18.3392,8.36872,25.8307
0.0577858,0.00260461,0.161028,15.4066,7.10768,25.8309
0.0537762,0.03076,0.164704,21.0556,9.94081,25.831
0.0551923,0.00573352,0.143152,19.3319,8.54691,25.8311
0.054009,0.0103781,0.155139,21.9692,9.61773,25.8313
0.0549534,0.0217882,0.164388,19.2701,8.69476,25.8314
0.0567495,0.00652372,0.158545,17.0135,8.55771,25.8317
0.0556755,0.0208608,0.152963,18.8468,8.86467,25.833
0.0587001,0.0141541,0.155405,14.6313,7.75508,25.833
0.0578516,0.00239109,0.148824,15.1493,7.13799,25.8334
0.0544157,0.0303515,0.164872,20.5845,9.57302,25.8339
0.0556332,0.0382031,0.15681,18.0509,8.69371,25.8343
0.0537703,0.0416238,0.166527,21.3397,9.43076,25.8353
0.0558321,0.026705,0.166294,18.2991,8.13864,25.8355
0.0540647,0.00371927,0.153574,21.265,9.19157,25.8357
0.0556978,0.00640203,0.15031,18.4551,8.61979,25.8358
0.0578083,0.00854766,0.154996,15.616,7.1272,25.8359
0.0557251,0.0424996,0.16451,18.933,8.52669,25.8362
0.0546689,0.0172531,0.160618,20.3491,9.47548,25.8364
0.0571297,0.00181809,0.15385,16.0162,8.69575,25.8365
0.0551738,0.0047687,0.14894,19.1849,8.49488,25.8367
0.0578671,0.0193455,0.155948,15.2953,7.10438,25.8367
0.0585783,0.019695,0.160299,14.5085,7.67679,25.8368
0.0562404,0.0239167,0.164008,17.4715,8.43873,25.8368
0.05496,0.0248302,0.16078,19.577,8.63124,25.8371
0.0573208,0.0189724,0.156708,16.2525,8.93547,25.8374
0.0552381,0.00231977,0.141826,19.4526,8.46282,25.8375
0.0567085,0.00750671,0.151095,17.9718,8.38823,25.8375
0.0563981,0.0156152,0.152429,17.5296,8.10893,25.8383
0.0544209,0.0274841,0.163774,20.7677,9.41412,25.8386
0.0558095,0.0303853,0.166501,18.9078,8.99173,25.8392
0.0558192,0.0176976,0.146444,18.6257,8.90521,25.8394
0.0539218,0.0261593,0.160038,21.6726,9.44023,25.8396
0.0555572,0.0413424,0.16169,18.4026,8.35159,25.8397
0.0552279,0.00392536,0.143827,19.5331,8.4259,25.8398
0.0577926,0.0192972,0.158971,15.7065,7.16726,25.8401
0.0569643,0.00809663,0.165588,16.5795,8.00443,25.8404
0.0566214,0.0186202,0.153229,17.9761,8.08473,25.8409
0.0558165,0.0286289,0.152609,18.5895,8.6428,25.8409
0.0578517,0.0155259,0.151289,15.8839,7.23269,25.8411
0.0579381,0.017161,0.151412,15.8216,7.34155,25.8412
0.0537665,0.0153951,0.165169,21.8034,9.18072,25.8416
0.0549658,0.0126052,0.152558,19.1425,8.07101,25.8417
0.0551019,0.0152179,0.163276,19.5223,9.45949,25.842
0.0577839,0.0173692,0.161465,15.9094,7.43682,25.8428
0.0578884,0.0141429,0.16095,15.8572,7.20742,25.8433
0.0564254,0.0113194,0.150555,17.6379,8.61071,25.8437
0.0585415,0.00783735,0.157822,14.8655,7.2359,25.8442
0.0565634,0.011012,0.147768,17.1743,8.90607,25.8442
0.0579695,0.00465484,0.159685,15.8184,7.16789,25.8445
0.0540814,0.00653808,0.155346,21.3136,9.53593,25.8446
0.0551186,0.00401231,0.160362,19.7336,9.96014,25.8446
0.0559069,0.0188598,0.154852,18.9886,8.91639,25.8446
0.0549722,0.0213823,0.162837,19.1761,8.62785,25.8446
0.0577841,0.0118125,0.164686,15.5456,8.83628,25.8448
0.058759,0.00384311,0.145551,14.3221,7.17275,25.8451
0.0556256,0.0530245,0.163044,18.0461,8.9547,25.8454
0.056224,0.0336817,0.165071,17.8919,8.18119,25.8455
0.0586793,0.0171502,0.163619,14.7581,7.63802,25.8473
0.0570469,0.0360661,0.164041,16.1661,8.45934,25.8474
0.0551736,0.00704932,0.159193,19.2793,9.62376,25.8476
0.0539216,0.0302528,0.162478,21.8002,9.98239,25.848
0.0547487,0.017959,0.163426,20.0985,9.79767,25.8489
0.0551887,0.010388,0.14467,19.5926,8.58555,25.849
0.057108,0.0231211,0.15879,16.1164,8.74851,25.8495
0.0540292,0.00411248,0.15293,21.6809,9.2914,25.8496
0.0537589,0.0316337,0.16544,21.2754,9.77241,25.8499
0.0544538,0.0233357,0.161445,20.5184,9.36838,25.85
0.0551066,0.0134392,0.15092,19.739,8.12939,25.85
0.0573836,0.015471,0.15586,16.2948,8.99308,25.85
0.0574782,0.0113535,0.158821,16.0736,8.349,25.8502
0.0580287,0.0020445,0.139785,15.1073,7.92743,25.8504
0.0574744,0.0125936,0.160159,16.1743,8.13064,25.851
0.0561254,0.0102694,0.165397,18.928,9.3713,25.8512
0.0562414,0.00575604,0.161977,17.7835,8.64608,25.8518
0.0550895,0.00847852,0.156449,19.071,8.41428,25.8519
0.0551284,0.0123727,0.14701,19.1808,8.66619,25.8521
0.0540244,0.00407788,0.152804,21.4802,9.44478,25.8521
0.0557515,0.015027,0.147677,18.8253,8.4399,25.8524
0.0570851,0.0119156,0.156892,16.6053,8.11104,25.8534
0.0578992,0.0134053,0.160902,15.0905,7.11341,25.8538
0.0565804,0.0195855,0.1521,17.3029,8.31972,25.854
0.0548263,0.00544833,0.156673,20.879,9.59288,25.8542
0.0578197,0.0190698,0.162706,15.4286,7.56735,25.8546
0.0587843,0.00650099,0.1483,14.0197,7.99784,25.8547
0.0559015,0.0199888,0.158881,18.1032,8.03801,25.8556
0.0549432,0.0233762,0.166387,19.0051,8.03165,25.8558
0.0552009,0.0031822,0.149854,19.0223,8.11439,25.8558
0.0561959,0.00286781,0.166386,17.7959,8.1208,25.8561
0.0563752,0.0516518,0.164849,17.0128,8.99673,25.8564
0.0549839,0.0206458,0.154275,19.1519,8.34919,25.8565
0.0543611,0.0103603,0.165702,20.164,9.82012,25.8567
0.0578274,0.0142919,0.164676,15.2994,7.34595,25.8567
0.0540645,0.0134755,0.160046,21.4994,9.2399,25.8572
0.0566395,0.0193307,0.155599,17.7455,8.51915,25.8576
0.0559135,0.0184938,0.154735,18.9989,8.05496,25.8579
0.055689,0.0415447,0.156099,18.8293,8.91261,25.8581
0.0577939,0.0200016,0.156066,15.6194,7.29236,25.8589
0.0551896,0.00887803,0.148957,19.0322,8.32445,25.8597
0.0578069,0.00657322,0.165025,15.7663,7.79455,25.8601
0.057793,0.0206631,0.157452,15.8043,7.23429,25.8604
0.0577769,0.00456077,0.159887,15.7691,7.05727,25.8607
0.0554158,0.00846516,0.159648,19.9422,9.65685,25.8607
0.0558949,0.0175668,0.148261,18.7496,8.13747,25.8609
0.0544791,0.00177411,0.158265,20.8239,9.15267,25.8611
0.0562913,0.0103563,0.158825,17.9181,8.40188,25.8612
0.0563754,0.0436186,0.160543,17.23,8.01187,25.8612
0.0543546,0.0269184,0.166501,20.4218,9.5824,25.8615
0.055353,0.0134642,0.161077,19.7671,9.17754,25.8617
0.0567395,0.00925037,0.159331,17.1348,8.41308,25.8618
0.0557289,0.0424699,0.159939,18.4305,8.92762,25.8622
0.0551275,0.0117889,0.144986,19.652,8.46099,25.8622
0.055205,0.0194001,0.163179,19.7636,9.53535,25.8623
0.0555442,0.00183614,0.157227,19.8736,9.80971,25.8625
0.0547919,0.00802216,0.157281,20.1203,9.40079,25.8625
0.0562607,0.00226809,0.160004,17.1263,8.34539,25.8625
0.052938,0.00382268,0.166438,23.8664,10.4417,25.8627
0.0577648,0.00479515,0.162975,15.868,7.40608,25.8631
0.0563725,0.0444895,0.160826,17.5328,8.01125,25.8637
0.0587789,0.00188431,0.144006,14.5028,7.25418,25.8642
0.0558126,0.0156614,0.165883,18.9607,9.52471,25.8655
0.0556734,0.0386708,0.154801,18.6149,8.41924,25.8658
0.053861,0.0370595,0.163102,21.9216,9.44883,25.866
0.058049,0.00495763,0.150993,15.949,7.75786,25.8667
0.0550347,0.0216896,0.154276,19.8642,8.29114,25.8667
0.0557778,0.0365627,0.159891,18.0587,8.49048,25.8668
0.055073,0.019946,0.152191,19.9471,8.29027,25.8668
0.0562432,0.0401818,0.163551,17.4975,8.00369,25.867
0.0550763,0.0157892,0.1547,19.5976,8.63654,25.8672
0.0551289,0.0199639,0.147595,19.1751,8.30131,25.8676
0.0566336,0.0164854,0.151573,17.4075,8.46448,25.868
0.057912,0.0106248,0.145253,15.8408,7.06718,25.8681
0.0555294,0.0569885,0.165369,18.0104,8.69276,25.8684
0.0577915,0.0112608,0.163561,15.1879,8.2555,25.8686
0.055584,0.00333854,0.163042,19.5574,9.37353,25.8691
0.0562433,0.00509762,0.161312,17.055,8.01298,25.8693
0.054407,0.00227557,0.162401,20.3024,9.40758,25.8695
0.0551901,0.0128958,0.144653,19.7305,8.60622,25.8695
0.0538824,0.0251009,0.157901,21.2,9.99981,25.8695
0.0539744,0.024919,0.161864,21.5101,9.98849,25.8695
0.0549805,0.0249573,0.161159,19.2359,8.79483,25.8697
0.0552691,0.0100314,0.159683,19.9679,9.57517,25.8697
0.0586933,0.00822941,0.148667,14.2162,7.13707,25.8698
0.0552376,0.00370019,0.140577,19.5318,8.43018,25.8699
0.0569858,0.026833,0.164284,16.767,8.29616,25.8705
0.0565585,0.0237562,0.153324,17.7175,8.03011,25.8705
0.0578592,0.00322068,0.158311,15.7911,8.76436,25.8708
0.055059,0.00246174,0.165288,19.1176,8.47069,25.8716
0.0572466,0.0208139,0.155301,16.7118,8.58077,25.8716
0.0544603,0.0239564,0.160825,20.0266,9.40001,25.8716
0.0572495,0.022524,0.156046,16.3108,8.04339,25.8718
0.0545992,0.0201967,0.159519,20.4506,9.20491,25.8718
0.0562601,0.00589122,0.160301,17.6476,8.87832,25.8719
0.0541275,0.00521782,0.156856,21.3393,9.03801,25.8719
0.055517,0.0341762,0.164345,18.1546,8.49835,25.8721
0.0550522,0.0192505,0.151373,19.3242,8.31529,25.8722
0.0550234,0.0207319,0.158505,19.2433,8.01975,25.8724
0.0547501,0.0192836,0.164033,20.667,9.0886,25.8724
0.0537404,0.0287632,0.166255,21.3771,9.27562,25.8727
0.0556932,0.0204934,0.150947,18.639,8.59938,25.8728
0.0555843,0.0225805,0.157703,18.8801,8.05895,25.874
0.0557263,0.0196565,0.148851,18.4224,8.75046,25.8743
0.0549662,0.0257063,0.16294,19.1537,8.1544,25.8743
0.0551648,0.0168098,0.146829,19.7119,8.42392,25.8746
0.0540395,0.0112408,0.154892,21.9196,9.73537,25.8747
0.056019,0.0116988,0.165051,18.1142,9.78873,25.8749
0.0556561,0.0309181,0.15351,18.4767,8.45005,25.875
0.0571618,0.0213619,0.15661,16.9946,8.50591,25.8752
0.0548678,0.0340375,0.165603,19.4817,8.83197,25.8753
0.0555328,0.0109233,0.16575,19.8384,9.10169,25.8755
0.0550821,0.00932445,0.145746,19.5654,8.98555,25.8757
0.0586197,0.00924333,0.151159,14.7407,7.27468,25.8757
0.0565473,0.036825,0.166513,17.5498,8.12086,25.8759
0.05809,0.00258517,0.146715,15.9377,7.61565,25.8759
0.0555808,0.0528002,0.16198,18.6354,8.5462,25.8762
0.0571434,0.0418795,0.165824,16.0433,8.36807,25.8767
0.0543942,0.0190593,0.163142,20.3993,9.66049,25.8769
0.0562304,0.0267772,0.163776,17.8243,8.57048,25.8775
0.0588513,0.00273602,0.161773,14.6711,8.11877,25.8776
0.0549172,0.00707176,0.156473,19.7982,8.4732,25.8777
0.0550632,0.0130077,0.147117,19.236,8.73485,25.8778
0.057249,0.00444971,0.143593,16.1212,7.58982,25.8779
0.0557496,0.0404748,0.159103,18.7383,8.43032,25.8779
0.0558793,0.0242535,0.158105,18.43,8.9549,25.878
0.0555754,0.0063237,0.165779,19.1621,9.12677,25.8785
0.0580466,0.00650389,0.155409,15.1408,8.59311,25.8786
0.0580852,0.0129814,0.159673,15.6822,8.81171,25.8789
0.0538062,0.0286106,0.16091,21.8498,9.01623,25.8789
0.0538076,0.0459609,0.165668,21.5434,9.96698,25.8793
0.0563906,0.0438689,0.15998,17.26,8.97618,25.8794
0.0557853,0.0355367,0.155723,18.3228,8.48007,25.8795
0.0548472,0.0295569,0.166216,19.9409,8.94105,25.8802
0.0539661,0.0127201,0.153824,21.0527,9.33596,25.8804
0.0548797,0.0356828,0.16439,19.2523,8.18758,25.8807
0.0570766,0.0298116,0.160785,16.0026,8.2478,25.8808
0.0558073,0.0326574,0.154552,18.5754,8.46528,25.8809
0.0562608,0.0105937,0.160531,17.4491,8.36809,25.8811
0.0550151,0.0236739,0.15812,19.9822,8.81693,25.8816
0.0551423,0.00844949,0.142383,19.8388,8.74032,25.882
0.0577733,0.0168588,0.158624,15.8702,7.30159,25.8832
0.0551403,0.0118512,0.152822,19.0937,8.83408,25.8837
0.0565522,0.0270692,0.15463,17.5251,8.60075,25.8838
0.0535939,0.00207466,0.164503,22.4858,10.5217,25.8843
0.0558724,0.00218341,0.160596,18.8082,9.81814,25.8844
0.0562769,0.0555918,0.165938,17.184,8.87241,25.8845
0.0564052,0.0484027,0.162346,17.401,8.46947,25.8851
0.0564628,0.0456029,0.164089,17.4492,8.43241,25.8853
0.0552652,0.00326421,0.143077,19.5869,8.68079,25.8856
0.0552567,0.00250974,0.156794,19.5377,9.9474,25.8857
0.0586457,0.00831129,0.165128,14.2092,8.7457,25.8862
0.0551951,0.0130985,0.148821,19.146,8.6732,25.8874
0.0550302,0.0178126,0.160294,19.8415,8.72794,25.8875
0.0585583,0.0228328,0.162796,14.8484,7.84183,25.8876
0.054576,0.0152275,0.15718,20.8659,9.57144,25.8878
0.0564506,0.0461697,0.162731,17.9914,8.96588,25.888
0.0562927,0.0317316,0.158912,17.5658,8.11741,25.8883
0.0581692,0.0081723,0.158948,15.904,8.3537,25.8884
0.0557571,0.0320224,0.151528,18.169,8.79764,25.8886
0.0555511,0.011126,0.158448,18.9746,8.38588,25.8888
0.0574398,0.00989655,0.152998,16.5186,8.96899,25.8891
0.0538751,0.03381,0.160777,21.3227,9.06544,25.8891
0.053933,0.0107921,0.154036,21.5972,9.44205,25.8893
0.0561753,0.00463021,0.162163,18.9392,9.10966,25.8894
0.0537813,0.0181653,0.16275,21.6142,9.00678,25.8897
0.0593446,0.00715009,0.161699,13.1758,7.66619,25.8898
0.0586707,0.0175274,0.157396,14.2592,7.62922,25.8898
0.0550814,0.0204292,0.148163,19.4356,8.46552,25.8901
0.0549901,0.0295116,0.15791,19.2952,8.1251,25.8904
0.0587985,0.00700047,0.161993,14.6717,7.34208,25.8905
0.0544025,0.00713674,0.162315,20.7288,9.21234,25.8906
0.0549933,0.0274474,0.159186,19.2095,8.71517,25.8908
0.0549006,0.0353391,0.161317,19.6729,8.58299,25.8909
