beta,permeability,xi,init_days,delay,value
0.0295359,0.00154485,0.165697,71.4962,5.9968,121.22
0.0293201,0.00836209,0.150469,73.1134,5.92139,121.246
0.0292311,0.00494916,0.152723,74.9128,6.31035,121.259
0.0292194,0.0133361,0.137337,74.8481,5.7316,121.35
0.0294277,0.00400259,0.152454,72.1033,5.90891,121.354
0.0292014,0.0363582,0.165911,74.5464,6.84601,121.371
0.0294252,0.0129475,0.161508,72.7278,5.41961,121.371
0.029417,0.0129652,0.15725,72.38,5.92941,121.408
0.0294312,0.0110453,0.150645,72.4908,5.91819,121.41
0.0292194,0.00377377,0.159707,74.8659,6.8875,121.416
0.0291357,0.00378923,0.127874,75.9872,5.06856,121.42
0.0292382,0.00515089,0.129238,74.9988,5.21901,121.423
0.0293157,0.0180779,0.146569,73.8623,5.28742,121.432
0.0290993,0.0318934,0.161791,75.7622,6.62132,121.457
0.0291028,0.0289822,0.156545,75.5553,6.13413,121.474
0.0290963,0.0344878,0.163311,75.9513,6.7051,121.482
0.0291317,0.00685591,0.161697,75.9446,7.78301,121.483
0.0294158,0.00222277,0.161353,72.9517,5.12852,121.499
0.0293061,0.0244455,0.149587,73.0605,5.15322,121.504
0.0293152,0.0276488,0.145685,73.2908,5.74341,121.506
0.0291316,0.00548645,0.161828,75.1567,7.29602,121.52
0.0294129,0.0255305,0.156427,72.7601,5.79205,121.522
0.0294044,0.023661,0.160944,72.8284,5.41269,121.529
0.0292031,0.0259455,0.142254,74.8359,5.129,121.537
0.0294356,0.00242269,0.161835,72.9388,5.96336,121.539
0.0292339,0.016258,0.146191,74.5574,6.2774,121.544
0.0293094,0.0100352,0.152541,73.3021,5.21933,121.561
0.0290344,0.00793405,0.122101,76.7315,5.2427,121.575
0.0290353,0.00919137,0.151952,76.3089,7.63411,121.578
0.0293172,0.0145089,0.157191,73.7066,5.45995,121.58
0.0295407,0.00798455,0.159392,71.3154,5.77316,121.58
0.0294087,0.0213027,0.155855,72.6732,5.44543,121.582
0.0291111,0.0356594,0.13207,75.61,5.42302,121.586
0.0292913,0.0352324,0.155486,73.8586,5.95556,121.6
0.0291895,0.0479186,0.148885,74.8028,5.28868,121.603
0.0290783,0.0681805,0.166271,75.9259,6.83326,121.604
0.0290358,0.00890717,0.158949,76.3797,7.86581,121.605
0.0292218,0.00133579,0.143909,74.3068,5.8556,121.614
0.0293211,0.00398589,0.159569,73.7873,5.13857,121.614
0.0293228,0.0243573,0.148408,73.7087,5.09474,121.616
0.0291266,0.0109484,0.124733,75.0739,5.5112,121.626
0.029098,0.045605,0.165293,75.1294,6.81434,121.627
0.0291102,0.0245553,0.130885,75.2069,5.33587,121.628
0.029343,0.0100443,0.139176,73.3522,5.26623,121.631
0.029205,0.0367442,0.14573,74.3081,5.16355,121.633
0.0292153,0.0341448,0.137956,74.0518,5.63765,121.649
0.029199,0.0378594,0.1612,74.8069,6.28153,121.651
0.0293508,0.00523298,0.151691,73.0605,6.36872,121.653
0.0291097,0.0317521,0.128567,75.4749,5.24804,121.665
0.0290134,0.0370186,0.139775,76.9642,6.901,121.667
0.0290153,0.0313623,0.125426,76.8849,5.75758,121.668
0.0293318,0.0216699,0.165834,73.6153,6.83178,121.673
0.029051,0.00284011,0.145406,76.6168,7.49596,121.681
0.0292484,0.00470384,0.164354,74.0536,7.21819,121.687
0.0290764,0.0519259,0.165846,75.1936,6.43883,121.693
0.0290448,0.00113618,0.156965,76.956,7.3773,121.696
0.0293435,0.00213413,0.148673,73.6567,6.43998,121.701
0.0290268,0.00860997,0.15816,76.5078,7.555,121.701
0.0291158,0.0276172,0.141824,75.7461,6.73431,121.707
0.0291052,0.0156613,0.155237,75.8123,6.21364,121.708
0.0290111,0.0432325,0.142711,76.287,6.11562,121.709
0.0291321,0.023503,0.124335,75.4945,5.51161,121.709
0.0290388,0.0028197,0.141419,76.1542,6.6247,121.709
0.0289778,0.0656386,0.157675,76.4834,6.48932,121.71
0.0292245,0.0277264,0.157549,74.1232,6.33418,121.71
0.029449,0.00856343,0.146704,72.0699,5.63239,121.71
0.0294254,0.00366063,0.136292,72.1774,4.69432,121.712
0.0297344,0.00179053,0.152801,69.5449,4.1046,121.718
0.0290266,0.0212753,0.142274,76.3103,6.46156,121.721
0.0291352,0.00482149,0.156231,75.713,7.47205,121.724
0.0289442,0.00888043,0.14159,77.9378,7.58132,121.727
0.0291294,0.0262505,0.140887,75.133,6.89935,121.727
0.0289594,0.0797361,0.164526,76.9463,6.84808,121.729
0.0292187,0.0282654,0.141365,74.3315,5.46094,121.73
0.0291935,0.0296724,0.153258,74.4638,5.46365,121.73
0.0294,0.0414769,0.16472,72.2695,5.57619,121.742
0.0289724,0.0778164,0.154808,76.6761,6.96164,121.747
0.0293214,0.010114,0.130119,73.2052,4.16118,121.747
0.0291051,0.0206683,0.136581,75.3694,5.84499,121.752
0.0290019,0.0469807,0.126795,76.0753,5.28379,121.752
0.0289315,0.0146309,0.151001,77.737,7.91431,121.754
0.0293317,0.00695325,0.153387,73.5591,5.56785,121.764
0.0289501,0.00162508,0.140913,77.3514,7.82978,121.765
0.0293109,0.00440906,0.164828,73.9464,5.33188,121.767
0.0289226,0.0298471,0.147421,77.8495,7.61843,121.768
0.0296225,0.00751768,0.147588,70.9608,4.41463,121.769
0.0295462,0.0123025,0.15817,71.1548,5.50373,121.773
0.0294529,0.00163737,0.151782,72.3418,5.97807,121.776
0.0294183,0.0320116,0.160769,72.1489,5.09231,121.784
0.028935,0.0170899,0.124857,77.777,6.88959,121.784
0.0291457,0.00440013,0.130709,75.9631,6.34769,121.788
0.0290145,0.0238438,0.127123,76.2582,5.62383,121.792
0.0294114,0.0151327,0.151185,72.5105,5.902,121.792
0.0291145,0.00404384,0.132929,75.1678,5.38845,121.792
0.0294298,0.0189327,0.146805,72.5146,5.20001,121.792
0.0293075,0.0366299,0.163048,73.0461,6.95706,121.794
0.0297166,0.0104979,0.159368,69.5333,4.02199,121.797
0.0296252,0.00701302,0.159128,70.4383,4.97887,121.799
0.0290238,0.0139931,0.154168,76.1948,7.74014,121.8
0.0294442,0.0116803,0.164958,72.9494,6.22541,121.802
0.0290129,0.0353981,0.127398,76.4191,5.07779,121.809
0.0289263,0.0365403,0.128987,77.2051,6.92343,121.812
0.0291157,0.0111166,0.129477,75.9646,5.62336,121.813
0.0289009,0.0469968,0.162495,77.5083,7.9881,121.818
0.0290243,0.0103027,0.124884,76.5375,5.9375,121.819
0.0289901,0.0589676,0.128225,76.9945,5.52561,121.822
0.0291024,0.0328591,0.140596,75.1532,5.66437,121.823
0.0290075,0.0208936,0.145611,76.8367,6.23075,121.824
0.0293255,0.016072,0.129153,73.29,4.54849,121.826
0.0289304,0.026149,0.147585,77.8765,7.26633,121.827
0.0290095,0.0484268,0.125851,76.6746,5.85245,121.832
0.0293305,0.00426771,0.157246,73.4752,5.03107,121.834
0.0289838,0.0450538,0.154213,76.629,6.39872,121.836
0.0290194,0.0409984,0.120229,76.1101,5.48209,121.836
0.0290204,0.0150202,0.121691,76.3867,5.96578,121.837
0.0290874,0.0414777,0.143012,75.189,5.42684,121.838
0.0289353,0.00685824,0.147663,77.4182,7.51802,121.839
0.0292107,0.0310843,0.147306,74.1375,5.04267,121.841
0.0289068,0.0397972,0.135771,77.6911,6.14831,121.843
0.0290912,0.0353059,0.141389,75.8318,5.73539,121.843
0.0294437,0.00762452,0.156524,72.9391,5.4539,121.847
0.0293363,0.0139656,0.121696,73.7537,4.48448,121.849
0.0296345,0.00301224,0.161287,70.8709,4.47942,121.853
0.0290221,0.0328386,0.117375,76.1064,5.99788,121.856
0.0289156,0.0272838,0.158,77.5716,7.31979,121.857
0.0290076,0.0456805,0.121347,76.3417,5.99164,121.862
0.0295366,0.0105608,0.136086,71.6534,4.04026,121.863
0.0289396,0.0110153,0.122279,77.5471,6.03577,121.871
0.029167,0.0708649,0.159675,74.7976,5.94276,121.872
0.0290894,0.0358869,0.141482,75.3126,5.85857,121.872
0.0293224,0.0243837,0.154492,73.2405,6.04421,121.873
0.0290085,0.0276084,0.12877,76.6273,5.68256,121.877
0.0293177,0.0354558,0.149909,73.7512,5.77662,121.883
0.0295487,0.0149701,0.16239,71.1606,5.57781,121.883
0.0293176,0.0290822,0.137205,73.3448,5.42561,121.884
0.0290959,0.0585858,0.1349,75.9911,5.33088,121.885
0.029429,0.0174036,0.139895,72.9024,5.60012,121.889
0.0293044,0.0307901,0.141644,73.9004,5.58,121.889
0.0294031,0.0423305,0.155976,72.0118,5.61309,121.891
0.0292229,0.0348966,0.133852,74.3481,5.10118,121.893
0.0290194,0.0267465,0.131886,76.9445,6.50337,121.895
0.0290859,0.0409135,0.140184,75.6758,5.27906,121.896
0.0288451,0.0142268,0.13275,78.2387,7.80072,121.896
0.028911,0.0317438,0.142127,77.9491,6.17725,121.897
0.0290676,0.0682855,0.162907,75.93,6.41741,121.897
0.0296018,0.0253379,0.153357,70.4038,4.17993,121.902
0.0292837,0.0609743,0.156223,73.0225,5.28407,121.903
0.0290649,0.0836893,0.164137,75.143,6.65401,121.904
0.0296097,0.0179562,0.146906,70.871,4.95699,121.905
0.0296148,0.00698313,0.153002,70.8851,4.72698,121.907
0.0292006,0.0117295,0.151817,74.7179,5.92698,121.911
0.0289234,0.0173231,0.1502,77.6098,7.86433,121.912
0.0300402,0.0141516,0.165836,66.8292,3.31346,121.912
0.0294984,0.0347262,0.163893,71.6988,5.76404,121.914
0.0288942,0.0490716,0.148614,77.8087,6.88219,121.916
0.0294508,0.00828526,0.140591,72.0506,5.79885,121.918
0.0291763,0.0470679,0.151642,74.9297,5.28463,121.92
0.0298548,0.00135448,0.16435,68.9041,4.7195,121.92
0.0289473,0.0163128,0.137106,77.2115,7.77841,121.922
0.0295102,0.0238152,0.142443,71.2305,4.11113,121.922
0.0294446,0.0183694,0.148984,72.3439,5.61615,121.923
0.0288641,0.0927992,0.148598,77.1665,6.08999,121.923
0.0292495,0.0125368,0.128095,74.8187,5.04614,121.924
0.029617,0.00754618,0.14628,70.012,4.3287,121.927
0.0290175,0.0426408,0.155385,76.1503,7.4373,121.928
0.0291078,0.0148213,0.132106,75.0314,5.30287,121.929
0.0288831,0.0788311,0.141535,77.5979,6.00721,121.931
0.0289688,0.070882,0.137433,76.6847,5.47584,121.932
0.0293567,0.00718567,0.155958,73.3959,6.05542,121.932
0.0290469,0.0169259,0.109826,76.7517,5.37729,121.932
0.0294163,0.0219654,0.143569,72.5459,5.41955,121.932
0.0294206,0.0334832,0.152309,72.6428,5.85257,121.933
0.0290327,0.0213783,0.146797,76.5973,7.98176,121.933
0.0291234,0.0296157,0.152578,75.7136,6.19189,121.934
0.0293075,0.00586053,0.147332,73.2233,5.99201,121.937
0.0293294,0.0206302,0.124456,73.2242,4.14556,121.937
0.029544,0.00304953,0.142703,71.2315,5.22058,121.937
0.0292729,0.0573508,0.154273,73.0254,5.52743,121.938
0.0297246,0.0219216,0.156898,69.3895,4.58809,121.941
0.0289983,0.0522189,0.138101,76.4887,6.22817,121.941
0.0289777,0.0787722,0.131607,76.6688,5.9364,121.942
0.0295086,0.00937874,0.153665,71.7242,4.47433,121.942
0.0293253,0.0239913,0.120274,73.741,4.62237,121.945
0.0294361,0.0114811,0.121309,72.563,4.18621,121.945
0.0292247,0.0298014,0.13905,74.2713,5.35495,121.946
0.0289738,0.0757472,0.132545,76.4399,5.26655,121.948
0.0288616,0.0895819,0.154299,77.1758,6.31554,121.95
0.0294941,0.0429416,0.16609,71.4675,5.75893,121.951
0.0291941,0.0572637,0.160114,74.8241,6.65225,121.952
0.0289208,0.0173914,0.132767,77.1039,6.16855,121.952
0.029348,0.00983912,0.129493,73.0313,5.71697,121.952
0.0289948,0.0414701,0.132521,76.8436,5.69614,121.953
0.0292562,0.00392273,0.129061,74.451,5.82554,121.954
0.0296364,0.0150218,0.158515,70.3693,5.89777,121.955
0.0292356,0.0136317,0.110885,74.2723,4.81448,121.956
0.0288331,0.0247464,0.139854,78.9154,7.82126,121.957
0.0292972,0.0126262,0.153456,73.9412,5.98975,121.957
0.0292059,0.0294923,0.124437,74.2817,4.5364,121.958
0.0295053,0.0170367,0.153698,71.582,4.36472,121.959
0.0291525,0.00881079,0.10533,75.129,4.97931,121.967
0.0289689,0.0873403,0.134313,76.4698,5.59137,121.968
0.0291708,0.0630487,0.146326,74.2003,5.24584,121.969
0.0293263,0.00539207,0.134066,73.0121,4.03482,121.969
0.0294111,0.0326157,0.146159,72.8462,5.10475,121.971
0.0289916,0.0595564,0.124891,76.0469,5.80555,121.971
0.0293887,0.0367804,0.157171,72.9631,5.81716,121.971
0.0291578,0.0718292,0.155065,74.4672,5.03982,121.972
0.0289235,0.0328501,0.15483,77.3518,7.5,121.973
0.0288999,0.0579277,0.151688,77.8808,7.35124,121.973
0.029601,0.0232663,0.158512,70.6597,4.00288,121.976
0.0294324,0.00959317,0.121369,72.1139,4.41027,121.976
0.0291554,0.00170871,0.148037,75.9746,7.0467,121.977
0.0289914,0.0354871,0.160157,76.0988,6.36462,121.977
0.0292832,0.0314622,0.158732,73.5469,5.40312,121.979
0.0291205,0.00886135,0.163369,75.1218,7.80169,121.98
0.0290402,0.024835,0.113278,76.4758,5.81544,121.983
0.0292055,0.00162458,0.149678,74.1338,5.64345,121.983
0.0295289,0.0169831,0.14033,71.6455,4.20948,121.984
0.0294671,0.00310087,0.159672,72.385,6.83959,121.992
0.0293341,0.0117071,0.14883,73.5598,6.70693,121.993
0.0291374,0.0193675,0.105687,75.05,4.65568,121.994
0.0298386,0.00145324,0.13667,68.7,3.19365,121.996
0.0291602,0.00248595,0.151139,75.3963,7.96855,121.997
0.0290813,0.0660467,0.144514,75.392,5.54329,122.006
0.029307,0.0427754,0.141722,73.4408,5.28884,122.007
0.0299237,0.00938557,0.152282,67.6124,3.44296,122.007
0.0298327,0.010447,0.157005,68.6774,4.91769,122.008
0.0293076,0.0297576,0.13693,73.1722,5.25437,122.009
0.0290085,0.0220514,0.158016,76.299,6.09848,122.01
0.0290349,0.0200777,0.160922,76.3502,7.59533,122.01
0.0289979,0.0402007,0.162992,76.6824,7.74854,122.011
0.0289901,0.0290883,0.151749,76.706,6.27259,122.011
0.0293918,0.0517993,0.155722,72.4439,5.71926,122.012
0.0300554,0.00377542,0.153386,66.7858,3.37893,122.014
0.0290001,0.0255545,0.129893,76.0102,5.36651,122.016
0.0296566,0.0124438,0.166163,70.5553,5.58727,122.017
0.0294972,0.0312671,0.146418,71.4532,4.86324,122.018
0.0293462,0.0162085,0.132033,73.8031,5.56562,122.019
0.0288048,0.0581731,0.126431,78.6315,6.75043,122.019
0.0295321,0.0188557,0.131649,71.281,4.01226,122.023
0.0291365,0.0232154,0.126753,75.1043,5.77112,122.024
0.029258,0.0736404,0.162521,73.2717,5.03374,122.025
0.0289137,0.054935,0.115726,77.6878,5.28157,122.026
0.0300168,0.0224347,0.164327,66.1235,3.5991,122.027
0.0288723,0.0678365,0.151262,77.481,6.14458,122.027
0.0294969,0.0286043,0.149293,71.2387,4.72019,122.028
0.0290176,0.0464624,0.116526,76.6485,5.0941,122.03
0.0289004,0.0639735,0.138952,77.6625,6.24267,122.031
0.0288874,0.0720683,0.122222,77.7172,5.47451,122.033
0.0294122,0.0428223,0.163893,72.6755,5.22823,122.033
0.0297424,0.00641492,0.161622,69.2309,4.0052,122.035
0.0289688,0.0554791,0.159199,76.0731,6.15024,122.039
0.029465,0.00599931,0.158277,72.3472,6.94774,122.042
0.029634,0.0160457,0.1471,70.6117,4.11371,122.043
0.0289207,0.0260333,0.126059,77.4287,6.48805,122.043
0.0295393,0.0267123,0.159323,71.9141,5.66833,122.043
0.0298182,0.021626,0.144338,68.6098,3.5812,122.046
0.0290112,0.0511049,0.125612,76.3169,5.49095,122.047
0.0292359,0.022618,0.122358,74.0779,5.83808,122.048
0.0296223,0.025504,0.14634,70.2521,4.63995,122.05
0.0290906,0.0480245,0.147759,75.1559,6.92742,122.05
0.0298077,0.0251089,0.147205,68.87,3.45342,122.053
0.0289062,0.0284063,0.135181,77.3395,6.24905,122.053
0.0288471,0.00510519,0.132134,78.8889,7.0067,122.053
0.0290511,0.0829436,0.149804,75.9332,5.68085,122.055
0.029038,0.00828271,0.102753,76.1395,4.73311,122.056
0.0289585,0.0105697,0.107802,77.7153,5.21166,122.057
0.029191,0.0178564,0.152031,74.8901,5.061,122.057
0.0288299,0.0192881,0.140445,78.333,7.44958,122.062
0.0296309,0.00667444,0.122987,70.4867,3.56867,122.063
0.0288025,0.0582229,0.11541,78.8436,5.0916,122.064
0.0291124,0.00437555,0.147179,75.8149,6.86726,122.064
0.0292129,0.00193544,0.154861,74.4122,5.18047,122.065
0.0287716,0.0914554,0.140254,78.618,6.71009,122.066
0.0300473,0.0116237,0.164642,66.2418,3.59394,122.067
0.0299413,0.00566109,0.1443,67.4855,3.38642,122.067
0.0287637,0.0954543,0.162904,78.0998,7.14847,122.069
0.029209,0.039928,0.117646,74.9836,4.61298,122.069
0.0288027,0.0619184,0.125413,78.6066,6.65887,122.07
0.0289145,0.037993,0.121738,77.7913,5.94617,122.07
0.0291141,0.0036875,0.139925,75.5874,5.50356,122.073
0.0288173,0.0382323,0.164753,78.5722,8.54617,122.073
0.0292512,0.0140442,0.124933,74.758,5.26053,122.073
0.0291067,0.0116586,0.141343,75.3311,5.71534,122.075
0.0295869,0.0336702,0.157938,70.0832,4.9798,122.076
0.0293107,0.0470286,0.151505,73.3467,5.14719,122.077
0.0295241,0.0268651,0.150125,71.9602,5.4301,122.077
0.0292998,0.0503435,0.143867,73.6127,5.21301,122.078
0.0293646,0.0619735,0.164207,72.8302,5.15476,122.08
0.0288339,0.0187068,0.109652,78.5842,5.82208,122.081
0.0290713,0.0660405,0.157003,75.469,6.86505,122.083
0.0288274,0.047247,0.119698,78.3575,6.00868,122.084
0.0291444,0.00799213,0.149002,75.5401,6.6557,122.084
0.0291287,0.0253498,0.117057,75.257,5.54532,122.084
0.02909,0.068721,0.132247,75.0681,5.24264,122.085
0.0290456,0.0856283,0.154758,75.8477,5.8499,122.085
0.0290594,0.0753139,0.143523,75.2958,5.74755,122.089
0.0289055,0.0522072,0.164331,77.1259,7.31437,122.09
0.0298138,0.0189764,0.162318,68.4799,4.49115,122.09
0.0294961,0.034821,0.157081,71.0852,4.17583,122.091
0.0290683,0.0555694,0.147704,75.9202,5.70594,122.091
0.0288184,0.0373586,0.123812,78.5996,6.39772,122.091
0.0294318,0.0279293,0.158411,72.8452,5.38639,122.092
0.0292925,0.0516205,0.143015,73.2985,5.2243,122.093
0.0291131,0.0310846,0.160916,75.9783,7.95545,122.093
0.0288492,0.0236475,0.103277,78.7783,5.71459,122.093
0.0289267,0.0389911,0.141353,77.847,7.40632,122.094
0.0292411,0.0233729,0.124633,74.8391,5.29832,122.094
0.0292227,0.0338499,0.117318,74.997,4.23582,122.097
0.0287207,0.0519388,0.118493,79.2763,6.01553,122.097
0.0301317,0.0209166,0.166258,65.8121,3.09888,122.098
0.0290203,0.0466595,0.131532,76.4278,6.34629,122.098
0.029307,0.0123601,0.133174,73.1823,4.83142,122.099
0.0290182,0.00851313,0.12871,76.7625,5.29066,122.099
0.0288257,0.0419886,0.11792,78.3104,6.74775,122.102
0.0297262,0.0119804,0.145624,69.2697,4.71912,122.102
0.0288311,0.0337434,0.124309,78.9918,6.26986,122.102
0.0289188,0.00914801,0.159085,77.2834,7.44757,122.103
0.0294986,0.0345453,0.155861,71.972,5.93476,122.106
0.0289818,0.0398244,0.163406,76.8685,6.81851,122.108
0.0293938,0.00834012,0.164016,72.9319,5.67562,122.109
0.0290485,0.0197865,0.124254,76.3504,6.06593,122.11
0.029428,0.0270231,0.16205,72.8224,5.60811,122.11
0.0294975,0.0288551,0.138262,71.8314,4.62157,122.111
0.0290793,0.0770089,0.134665,75.5752,5.89721,122.112
0.0290938,0.00505483,0.159444,75.2235,6.8218,122.113
0.0291923,0.0219608,0.164096,74.596,6.26414,122.114
0.0288284,0.13006,0.165106,77.1795,6.06468,122.115
0.0292441,0.0199799,0.165503,74.4304,7.11082,122.115
0.0293291,0.0276981,0.12223,73.5925,4.04053,122.116
0.0289035,0.0495079,0.124454,77.1637,5.58931,122.117
0.0290733,0.0652635,0.150974,75.3443,5.98957,122.117
0.0290476,0.00254342,0.0993812,76.7672,4.0692,122.118
0.029815,0.0307606,0.145376,68.1596,3.1041,122.119
0.0291116,0.00421261,0.141057,75.749,5.67743,122.122
0.0293661,0.00286677,0.143592,73.5771,6.47384,122.122
0.0295538,0.0177529,0.161732,71.687,5.04122,122.122
0.0289637,0.00782126,0.0944104,77.3969,4.82577,122.123
0.0291082,0.00811534,0.14188,75.7049,5.4275,122.125
0.0292049,0.0453743,0.130068,74.4348,5.5008,122.125
0.0303936,0.0033119,0.165602,63.0267,3.81483,122.125
0.0291254,0.03959,0.165812,75.5341,7.2524,122.126
0.0293997,0.00481979,0.158202,72.0617,5.10022,122.126
0.0294218,0.0316899,0.144358,72.1311,5.9338,122.127
0.0292995,0.0169584,0.139959,73.5707,4.33639,122.129
0.0291867,0.0208443,0.15483,74.1355,5.1383,122.13
0.0289159,0.0387738,0.141854,77.6392,6.45956,122.13
0.0289693,0.0735061,0.141235,76.0566,5.70091,122.131
0.0290513,0.0916862,0.145747,75.722,5.47181,122.131
0.0294287,0.0160806,0.140364,72.9383,4.4086,122.132
0.0288599,0.0914097,0.130003,77.6245,5.42357,122.133
0.0287073,0.0657187,0.138139,79.5259,7.09862,122.134
0.0288158,0.0390382,0.140429,78.2387,7.30217,122.134
0.0289077,0.0601266,0.114046,77.3784,5.03278,122.135
0.0291155,0.0359062,0.109872,75.8448,4.64546,122.135
0.0294252,0.0289889,0.141911,72.4435,5.26558,122.136
0.029082,0.0765983,0.154456,75.7124,6.25244,122.136
0.0296944,0.0478058,0.158131,69.2199,4.07722,122.139
0.0289205,0.0040646,0.159124,77.0248,7.51792,122.14
0.0296135,0.0192407,0.126254,70.8883,3.86827,122.141
0.0289102,0.0362012,0.147007,77.1605,7.6622,122.141
0.0293199,0.00193099,0.13788,73.5086,4.14854,122.141
0.029324,0.0406325,0.145711,73.8587,5.54208,122.142
0.0304843,0.0175229,0.162271,62.9359,2.79472,122.142
0.0291443,0.00529017,0.128361,75.3852,6.4167,122.143
0.0286997,0.0732927,0.140523,79.5703,7.64659,122.145
0.030055,0.00483274,0.16515,66.7362,3.75925,122.145
0.0289959,0.0159954,0.14787,76.8446,6.99299,122.146
0.0296307,0.0246643,0.162043,70.689,5.1777,122.146
0.0290339,0.0308479,0.13548,76.4137,6.35136,122.146
0.029011,0.0565641,0.135608,76.2494,6.31075,122.147
0.0293885,0.0490241,0.143907,72.3258,4.27896,122.147
0.029676,0.0103224,0.162623,70.7124,5.37439,122.147
0.0303868,0.00204653,0.144908,63.6897,2.21286,122.147
0.0294332,0.0352125,0.149545,72.3312,5.62622,122.148
0.0293136,0.0340876,0.154582,73.0446,6.37577,122.15
0.0288322,0.020852,0.129651,78.8822,6.61794,122.15
0.0297047,0.0414297,0.163123,69.1622,4.66072,122.153
0.0288819,0.0767434,0.151582,77.6894,6.27157,122.155
0.0300285,0.0257346,0.160656,66.1522,3.79453,122.156
0.0295011,0.022363,0.163113,71.5575,4.67069,122.156
0.0290455,0.0934956,0.148907,75.5954,5.50679,122.157
0.02939,0.0432916,0.148504,72.6171,5.03309,122.157
0.0292504,0.0776863,0.159543,73.2495,5.53181,122.157
0.0302604,0.0066604,0.158776,64.3263,2.28265,122.159
0.0288372,0.00913283,0.159761,78.9235,8.99307,122.16
0.0289402,0.00512798,0.117792,77.5353,5.91522,122.16
0.0289109,0.0148266,0.161727,77.7479,7.61983,122.16
0.0299322,0.0153259,0.164758,67.7855,4.8351,122.161
0.0286915,0.0812438,0.142149,79.3325,7.37367,122.161
0.0294947,0.0488032,0.14202,71.8612,4.36231,122.161
0.0291048,0.0352048,0.113807,75.7237,4.739,122.163
0.0292092,0.0286926,0.128055,74.2698,5.93484,122.164
0.0293855,0.0474323,0.143522,72.1493,4.49799,122.165
0.0291838,0.044766,0.159698,74.4601,6.35181,122.166
0.029574,0.046749,0.158897,70.9749,4.785,122.166
0.0290448,0.0960223,0.150803,75.6172,5.00604,122.166
0.0296464,0.0105199,0.13358,70.9488,4.56559,122.167
0.0290219,0.0296431,0.113704,76.8487,5.06647,122.167
0.0288453,0.00843446,0.142597,78.3215,7.62071,122.169
0.0291969,0.0624659,0.159224,74.9546,6.73343,122.169
0.0288473,0.010342,0.157194,78.9597,8.31506,122.17
0.0290996,0.041374,0.114834,75.7682,4.75719,122.172
0.0291986,0.0558461,0.133842,74.251,5.54179,122.172
0.0295677,0.0594352,0.160091,70.8687,4.01664,122.173
0.0287672,0.0952361,0.155696,78.202,7.56348,122.174
0.0288096,0.0519888,0.133891,78.5166,6.0228,122.175
0.0294074,0.00605187,0.15047,72.3435,4.16711,122.175
0.0289437,0.00546177,0.118466,77.3284,6.65495,122.177
0.0302405,0.0216058,0.147773,64.3688,2.74784,122.177
0.029103,0.0262746,0.144202,75.3929,6.83337,122.177
0.0292888,0.0307966,0.143771,73.5307,4.25149,122.177
0.0289865,0.0792168,0.147389,76.658,6.3636,122.177
0.0287456,0.118648,0.149664,78.0773,6.11376,122.177
0.0289403,0.00613798,0.136998,77.0668,7.11898,122.178
0.0292762,0.0364093,0.156851,73.4895,5.58937,122.178
0.029483,0.0550773,0.162543,71.9844,5.97962,122.179
0.0297926,0.0315964,0.152438,68.4832,3.1213,122.179
0.0290624,0.00992268,0.1079,76.034,5.32716,122.179
0.0288692,0.0822325,0.141928,77.0711,6.08993,122.179
0.0293752,0.044964,0.161031,72.6407,5.03501,122.181
0.0291851,0.0474444,0.126534,74.4139,4.67771,122.181
0.0300109,0.0339353,0.162932,66.717,3.53814,122.182
0.0296814,0.0348492,0.165315,69.3421,4.17679,122.182
0.0291197,0.00538592,0.14282,75.7158,5.96956,122.183
0.0289827,0.0795865,0.165667,76.7903,7.04504,122.184
0.0289538,0.00713688,0.14342,77.8937,7.89649,122.185
0.0295546,0.00664975,0.138224,71.1792,4.54756,122.187
0.0291669,0.0452957,0.161496,74.9951,5.81602,122.187
0.029083,0.0751604,0.149944,75.8907,6.90106,122.188
0.0292574,0.00701782,0.158468,74.6716,7.9365,122.189
0.0287906,0.0663558,0.147623,78.8417,7.78121,122.189
0.0296234,0.00936939,0.128218,70.1908,3.92496,122.189
0.0297126,0.029351,0.135891,69.3433,3.07753,122.19
0.0288309,0.0261077,0.129755,78.502,6.18923,122.19
0.0294579,0.00158498,0.129133,72.6555,4.91493,122.191
0.0291745,0.0575344,0.161584,74.0669,6.77666,122.191
0.0295547,0.0105034,0.130652,71.72,4.86611,122.192
0.029049,0.0202848,0.101066,76.0868,4.7669,122.193
0.0295751,0.0626125,0.15977,70.4028,4.6954,122.193
0.0287712,0.101074,0.136235,78.0307,6.52846,122.194
0.0288225,0.0347667,0.136497,78.5849,7.29939,122.194
0.0290531,0.0158227,0.101209,76.6998,4.19986,122.194
0.0299606,0.00211157,0.154632,67.6437,4.39535,122.195
0.029153,0.00773948,0.160919,75.0884,7.65536,122.195
0.0294239,0.00279931,0.139264,72.3636,5.93375,122.195
0.0293669,0.0620304,0.158764,72.6577,5.69467,122.195
0.0290045,0.0554833,0.108672,76.4171,4.23818,122.196
0.0291859,0.0493164,0.162611,74.7231,5.83629,122.197
0.0294753,0.0493666,0.146004,71.202,4.98567,122.198
0.0291,0.0138432,0.144164,75.9527,5.07174,122.198
0.0288602,0.0088545,0.0980775,78.826,5.69547,122.199
0.0288269,0.0187412,0.147642,78.5152,7.98658,122.2
0.0288415,0.0374569,0.11503,78.2365,6.48997,122.201
0.0296205,0.0264963,0.158015,70.3819,5.39285,122.202
0.0292539,0.0885302,0.158137,73.1322,5.23824,122.202
0.0288297,0.0103844,0.123957,78.918,6.88596,122.203
0.0290215,0.0226882,0.129147,76.0584,6.62966,122.203
0.0293882,0.0509452,0.13377,72.4672,4.06037,122.204
0.0303792,0.0100434,0.148889,63.7406,2.28406,122.204
0.029437,0.0231468,0.129789,72.3901,4.18175,122.204
0.0290944,0.0387458,0.121753,75.904,4.5648,122.205
0.0292152,0.0269324,0.111889,74.4072,4.5649,122.205
0.0289995,0.0690415,0.137554,76.1291,6.26187,122.206
0.0289028,0.0242273,0.148229,77.4755,6.69016,122.206
0.0301332,0.0141102,0.162134,65.475,3.17364,122.207
0.0294176,0.0332148,0.134742,72.56,4.41529,122.207
0.0295152,0.0333329,0.142354,71.6405,4.22228,122.208
0.0303326,0.030768,0.164243,63.0985,2.99912,122.208
0.0288822,0.0873882,0.122364,77.7219,5.16872,122.209
0.0288527,0.103135,0.134734,77.3197,5.23132,122.21
0.0295569,0.0667649,0.165347,70.5899,4.57567,122.21
0.0295213,0.01906,0.117224,71.1091,3.53991,122.211
0.0290173,0.0461405,0.125158,76.1448,5.16715,122.212
0.0291242,0.00817352,0.135926,75.7914,6.86314,122.213
0.0291923,0.0707284,0.164312,74.6908,6.47181,122.215
0.0302766,0.00755488,0.16572,64.263,3.58847,122.215
0.0290122,0.0543802,0.141832,76.957,6.90606,122.215
0.0296269,0.0231028,0.121812,70.0812,3.88931,122.216
0.0293755,0.0498469,0.144135,72.2108,4.51824,122.216
0.0294518,0.00865482,0.154555,72.0934,6.31517,122.216
0.0289086,0.0355459,0.125165,77.1297,5.31413,122.217
0.0292722,0.0366895,0.159904,73.1028,5.08694,122.217
0.0292816,0.0726363,0.156557,73.7491,5.71712,122.218
0.0290523,0.0911687,0.142733,75.4088,5.37769,122.218
0.0293143,0.0490581,0.163898,73.8395,6.17682,122.218
0.0290031,0.0633159,0.157195,76.8824,7.91715,122.219
0.0295897,0.054966,0.147636,70.8912,4.71436,122.219
0.0288974,0.0121852,0.143711,77.8054,6.20579,122.22
0.0290831,0.0331141,0.139071,75.376,5.35726,122.22
0.0287674,0.096176,0.147245,78.8204,6.47465,122.22
0.0293568,0.012572,0.11374,73.5218,4.69321,122.223
0.0295104,0.0309934,0.155807,71.9811,4.97538,122.224
0.029308,0.0444218,0.124022,73.3976,4.54543,122.224
0.0298119,0.0210832,0.160224,68.222,4.07095,122.224
0.0288323,0.110792,0.161674,77.1363,6.41117,122.224
0.0290767,0.0840218,0.139606,75.1063,5.73881,122.224
0.0292132,0.034676,0.125627,74.2251,4.78637,122.225
0.028987,0.073685,0.133013,76.0492,5.33727,122.226
0.0298934,0.0358802,0.158347,67.1537,3.3552,122.226
0.0294668,0.0555245,0.154342,71.8962,4.99032,122.227
0.0287065,0.064393,0.160046,79.0733,8.43632,122.227
0.0289785,0.0510071,0.132273,76.0066,5.06299,122.229
0.0293126,0.0442243,0.138656,73.977,5.39436,122.23
0.0291768,0.029636,0.159115,74.9723,5.50559,122.23
0.0297321,0.0218404,0.160194,69.7034,4.24595,122.23
0.0293808,0.0474562,0.15249,72.9322,4.28108,122.23
0.0288051,0.0573737,0.16424,78.7481,8.37823,122.232
0.0288694,0.0808417,0.132991,77.5962,5.07731,122.233
0.0289398,0.116992,0.161395,76.6916,6.68636,122.233
0.0288224,0.0470717,0.1129,78.3197,5.70622,122.233
0.0289066,0.0129346,0.163614,77.0843,7.79508,122.235
0.0298071,0.0268171,0.151862,68.9405,3.12186,122.235
0.0292799,0.0464439,0.134628,73.6981,4.83255,122.236
0.0288708,0.0906797,0.12361,77.8024,5.66977,122.238
0.028778,0.0685718,0.138692,78.0435,6.01052,122.238
0.0303374,0.0406255,0.165814,63.2649,2.08254,122.238
0.0293948,0.0235066,0.152318,72.4192,5.3708,122.238
0.0288042,0.0387324,0.146095,78.3649,7.54195,122.239
0.0288035,0.0429649,0.159025,78.9525,7.72318,122.239
0.0291015,0.0475616,0.164403,75.2178,7.27093,122.241
0.0289222,0.0151928,0.144761,77.6537,6.30702,122.241
0.0303522,0.0267019,0.156216,63.62,2.38637,122.241
0.0287909,0.0524452,0.154396,78.2558,7.05205,122.243
0.0288773,0.0608147,0.128725,77.4512,5.12553,122.243
0.0296054,0.00328726,0.159777,70.3138,4.89966,122.244
0.0288436,0.105764,0.152627,77.8525,6.94588,122.245
0.0290518,0.020236,0.112136,76.9353,5.64465,122.245
0.0295484,0.00702263,0.112101,71.7157,3.22089,122.246
0.0289955,0.0703623,0.159645,76.7809,7.38623,122.247
0.0298088,0.043248,0.165929,68.3816,4.73001,122.248
0.0292502,0.00353896,0.0968161,74.5124,3.70666,122.249
0.029084,0.0646954,0.145905,75.6619,6.41374,122.249
0.0296434,0.0213806,0.164205,70.9422,5.64201,122.249
0.0299078,0.0275975,0.149022,67.1828,3.38525,122.249
0.0289425,0.0223388,0.134732,77.6645,7.91554,122.25
0.0290037,0.064716,0.12565,76.0551,5.09181,122.251
0.0289307,0.0229142,0.0995683,77.5125,4.05699,122.251
0.0294618,0.0106615,0.154585,72.7169,6.68624,122.251
0.0290307,0.109813,0.159996,75.6961,5.94259,122.252
0.0292232,0.043009,0.13717,74.8933,5.8288,122.252
0.0299124,0.0324139,0.151175,67.3047,3.67674,122.253
0.0288078,0.0710849,0.110546,78.9857,5.80019,122.254
0.0293126,0.00659978,0.137851,73.2647,5.75968,122.254
0.0288433,0.0172139,0.142234,78.0469,7.38199,122.254
0.0292487,0.0940735,0.163285,73.6084,5.66469,122.255
0.0290627,0.00749904,0.125786,76.7334,6.04329,122.256
0.0288265,0.0312973,0.131716,78.9248,6.30125,122.257
0.0290599,0.0775331,0.15896,75.0593,6.39896,122.257
0.0298319,0.0220983,0.137105,68.0869,3.67098,122.259
0.0288062,0.0415405,0.160478,78.9497,7.23613,122.26
0.0302532,0.00667198,0.142069,64.4617,2.54983,122.261
0.0286935,0.0763248,0.165822,79.2242,8.00842,122.261
0.028829,0.0358656,0.145505,78.3881,7.60491,122.262
0.0296331,0.0159722,0.133117,70.4947,4.69324,122.262
0.0287709,0.0901593,0.120602,78.7861,5.39398,122.263
0.0286765,0.101049,0.150214,79.1292,7.59383,122.263
0.0286692,0.108578,0.151713,79.9887,7.0444,122.263
0.0291269,0.0254924,0.157933,75.195,6.65446,122.264
0.0287227,0.150515,0.154612,78.3466,6.31564,122.265
0.0287314,0.0493213,0.11637,79.1009,6.37632,122.266
0.0290949,0.0697181,0.135806,75.2899,5.03526,122.266
0.0287169,0.0630413,0.116436,79.1236,6.07501,122.267
0.0288463,0.0169262,0.140631,78.9539,7.08109,122.268
0.0294117,0.00863559,0.127971,72.6837,4.42151,122.269
0.0294702,0.00274109,0.121742,72.8054,4.39946,122.269
0.029415,0.00870032,0.141857,72.1067,5.07792,122.269
0.0291808,0.0523279,0.137747,74.4496,5.29851,122.269
0.0288483,0.0843997,0.160078,77.2513,6.18997,122.269
0.0299374,0.00773303,0.162892,67.9769,3.78485,122.27
0.0301606,0.0131269,0.15807,65.2511,3.36041,122.271
0.0288232,0.0250814,0.159078,78.6898,7.34781,122.271
0.0294168,0.0358673,0.135386,72.2798,4.45192,122.271
0.0292,0.0480216,0.116165,74.7506,4.77711,122.272
0.028741,0.0324187,0.116139,79.8976,6.76141,122.273
0.0290983,0.0683954,0.149321,75.8419,6.54183,122.273
0.0301301,0.00711149,0.156664,65.979,2.12023,122.274
0.0296033,0.0362429,0.126808,70.9083,3.83942,122.275
0.0294973,0.0511977,0.138686,71.2327,4.37429,122.275
0.0290176,0.0403704,0.148511,76.0857,7.53352,122.275
0.029115,0.0525918,0.124472,75.699,5.79262,122.275
0.0288108,0.0692263,0.122286,78.2888,6.16903,122.276
0.0289946,0.0309274,0.142941,76.3149,6.99061,122.277
0.0288446,0.113888,0.150228,77.7941,6.41079,122.277
0.028835,0.0171057,0.1547,78.2057,8.04996,122.278
0.0290397,0.0995322,0.161031,75.5299,5.67379,122.278
0.0302737,0.00294517,0.138073,64.4805,2.55491,122.279
0.0295736,0.0658503,0.152184,70.2,4.38524,122.279
0.0291901,0.00952137,0.146344,74.3549,5.86088,122.28
0.0292221,0.0410735,0.127082,74.6715,5.94725,122.281
0.0289454,0.104518,0.147278,76.8039,5.24218,122.281
0.029822,0.00863331,0.156701,68.3245,4.85002,122.284
0.0289176,0.0445631,0.122821,77.8252,6.34058,122.284
0.0289585,0.00352421,0.161258,77.6263,8.33865,122.284
0.0296166,0.00603922,0.126086,70.8952,3.1908,122.285
0.0288036,0.0724901,0.12977,78.6146,6.51733,122.285
0.0292641,0.0827087,0.153492,73.8411,5.98088,122.286
0.0292365,0.0961729,0.165927,73.211,5.37892,122.286
0.0286676,0.100775,0.158008,79.3979,7.66626,122.287
0.0295341,0.00159492,0.123422,71.1067,3.68039,122.289
0.0301556,0.00404064,0.146807,65.5205,3.73855,122.289
0.0297199,0.0154089,0.140252,69.7713,3.01162,122.29
0.0289603,0.0530315,0.163029,76.8202,6.75236,122.29
0.0299262,0.025388,0.15845,67.836,3.37695,122.291
0.0297405,0.0190035,0.157843,69.2646,4.34502,122.291
0.0286897,0.0855939,0.164639,79.6761,8.1202,122.291
0.0288619,0.0968318,0.133651,77.9113,5.52934,122.292
0.0297226,0.0197205,0.127823,69.3136,3.31413,122.293
0.0295333,0.0271166,0.136014,71.386,4.91741,122.293
0.0291225,0.00565425,0.111445,75.0839,4.82262,122.293
0.0300428,0.00553759,0.134294,66.8611,2.20046,122.294
0.0286809,0.0828946,0.132779,79.5083,6.86688,122.295
0.0288386,0.00870174,0.153814,78.3054,7.59925,122.296
0.0291999,0.00290026,0.159947,74.8487,6.41895,122.297
0.0286809,0.0930627,0.15209,79.0337,7.54963,122.297
0.0288638,0.0788492,0.130048,77.2395,5.57718,122.298
0.0288386,0.00985573,0.130762,78.8624,6.47583,122.299
0.02906,0.0617668,0.165782,75.3471,6.04834,122.299
0.0288464,0.0926291,0.16578,77.8492,6.47298,122.299
0.0298185,0.00146452,0.141687,68.2987,3.55785,122.299
0.0291964,0.0571458,0.117189,74.3566,4.12698,122.3
0.0290985,0.0603918,0.1635,75.0115,6.28322,122.3
0.0294924,0.0198277,0.14685,71.9819,4.13126,122.3
0.0295076,0.0291779,0.120017,71.9688,3.8284,122.301
0.0287032,0.0727412,0.108269,79.9881,5.43604,122.302
0.0295963,0.013603,0.150039,70.1891,4.77508,122.302
0.0294891,0.0288009,0.141793,71.5241,4.26832,122.302
0.029548,0.0260466,0.152458,71.328,5.74137,122.304
0.0293543,0.0711427,0.163679,72.2476,5.88907,122.304
0.0287583,0.00555868,0.128734,79.8596,7.79644,122.305
0.0287651,0.104718,0.121607,78.0693,5.42106,122.305
0.0293006,0.0149594,0.142498,73.4492,5.14857,122.305
0.0286865,0.0792689,0.133982,79.2099,6.40398,122.305
0.0291268,0.0339495,0.113197,75.8257,4.02428,122.305
0.0292083,0.0318141,0.154079,74.4963,5.85118,122.305
0.0291299,0.102365,0.164574,74.9998,5.79998,122.306
0.0290599,0.0120184,0.126006,76.3178,6.71442,122.306
0.0291023,0.066125,0.144783,75.4199,6.5064,122.307
0.0288989,0.0589562,0.105581,77.3595,4.03865,122.308
0.0288299,0.0517875,0.106508,78.0277,5.15351,122.308
0.0288324,0.00750336,0.119907,78.8066,6.81604,122.308
0.0291823,0.0652272,0.134554,74.3871,5.31933,122.309
0.029432,0.00692541,0.118,72.1019,3.06965,122.309
0.0287632,0.0867028,0.150068,78.642,6.58015,122.311
0.0289991,0.0394956,0.165717,76.2618,6.68189,122.311
0.0293748,0.06416,0.136038,72.1456,4.09959,122.311
0.0286737,0.0918114,0.152527,79.2964,7.27839,122.312
0.0293689,0.0669142,0.142678,72.8356,4.68562,122.312
0.0291529,0.015288,0.12221,75.4739,5.15943,122.312
0.0304497,0.0296493,0.163807,62.3726,2.06061,122.313
0.0287709,0.0101163,0.108533,79.1918,6.36886,122.313
0.0290267,0.0416265,0.110923,76.4319,5.21777,122.313
0.0289731,0.0905741,0.127135,76.3042,5.18507,122.314
0.0292304,0.032692,0.122269,74.1302,5.90869,122.314
0.0290749,0.042238,0.140466,75.6254,5.66967,122.315
0.0289567,0.0114912,0.123741,77.448,6.79942,122.316
0.0293823,0.0579598,0.149822,72.833,5.67474,122.317
0.029001,0.0643965,0.109311,76.7765,4.25422,122.318
0.0294465,0.00968777,0.153158,72.4871,6.87796,122.318
0.028908,0.00571161,0.146593,77.0536,6.92694,122.318
0.0290899,0.00177442,0.15868,75.9809,6.77899,122.318
0.0292991,0.0496709,0.135773,73.1073,5.69524,122.319
0.0290434,0.0256469,0.122496,76.0467,6.83105,122.319
0.0288056,0.0390426,0.126698,78.5435,6.80941,122.319
0.0294898,0.0533058,0.136847,71.126,4.1485,122.319
0.0287517,0.0314663,0.0990662,79.2501,5.39102,122.321
0.0292248,0.0119193,0.15155,74.3839,5.63565,122.321
0.0295939,0.0124267,0.15474,70.7445,4.62838,122.321
0.0288997,0.0582665,0.148005,77.3098,6.29442,122.321
0.029641,0.019501,0.152059,70.9414,4.83246,122.321
0.0299587,0.00727428,0.140782,67.9225,3.09872,122.321
0.0291109,0.00709938,0.146478,75.0609,5.33528,122.321
0.029052,0.0944903,0.139759,75.8704,5.54726,122.322
0.0287603,0.00354415,0.142837,79.7623,8.79972,122.322
0.0288409,0.0324324,0.0941057,78.7448,4.57115,122.322
0.0291549,0.012554,0.126211,75.3661,6.498,122.323
0.0295266,0.0253549,0.115081,71.0602,3.2372,122.324
0.0298313,0.0242608,0.151981,68.1817,4.77052,122.324
0.0287936,0.040386,0.153349,78.8245,7.2706,122.325
0.0292355,0.0359544,0.12931,74.6155,5.57749,122.325
0.0288735,0.0602245,0.144033,77.6134,6.13043,122.325
0.0291284,0.00189803,0.108648,75.8914,4.47377,122.326
0.0294062,0.0463849,0.143393,72.8649,5.76279,122.326
0.0297435,0.00265465,0.135515,69.1247,4.40521,122.327
0.0290324,0.0944755,0.160654,75.9425,5.40067,122.327
0.0291996,0.00253467,0.159496,74.2125,6.66169,122.327
0.0292262,0.0323482,0.140865,74.8244,6.93091,122.329
0.0287355,0.0322326,0.135938,79.426,7.91466,122.329
0.0294687,0.0578852,0.160221,71.7774,4.54789,122.33
0.0288584,0.10345,0.14278,77.8413,6.79295,122.33
0.0303531,0.0035707,0.158927,63.664,2.52132,122.33
0.0296092,0.00323296,0.165733,70.4445,5.12355,122.331
0.0300127,0.0224385,0.144943,66.1589,2.90089,122.333
0.0294726,0.0070626,0.134176,72.2654,5.08841,122.333
0.0287211,0.0376108,0.122655,79.012,6.16434,122.334
0.0288334,0.121747,0.140372,77.3912,5.04952,122.335
0.0289552,0.0784418,0.138717,76.3956,5.81421,122.336
0.029487,0.0427057,0.157349,71.5487,5.56418,122.336
0.0293799,0.0369808,0.156677,72.0728,5.64678,122.337
0.0300142,0.0355717,0.155901,66.3884,3.84969,122.338
0.0288349,0.00601744,0.14858,78.0336,7.00977,122.338
0.0291168,0.0188144,0.120536,75.062,5.38305,122.339
0.0286752,0.097679,0.155915,79.8235,7.39192,122.34
0.0291731,0.0568294,0.130171,74.6352,4.85665,122.34
0.029599,0.0479229,0.155761,70.7684,4.15803,122.341
0.0296871,0.0237649,0.160972,69.6386,4.6355,122.341
0.0291597,0.0943027,0.152388,74.8778,5.90369,122.341
0.0292127,0.048532,0.12731,74.5471,5.00741,122.341
0.029143,0.0263719,0.153404,75.7374,7.70113,122.341
0.0286596,0.10722,0.152449,79.6619,7.59162,122.342
0.0294634,0.0664268,0.166118,71.7025,5.49486,122.343
0.030452,0.0307013,0.164902,62.6292,2.23327,122.343
0.0303721,0.0180422,0.142878,63.0537,2.81769,122.343
0.0288105,0.0603142,0.131931,78.3119,6.99332,122.343
0.0298125,0.00237803,0.144012,68.7061,3.44953,122.344
0.0288489,0.00591359,0.128612,78.7392,6.34458,122.344
0.0299114,0.0417352,0.155345,67.3116,3.47597,122.344
0.0296139,0.00313854,0.162232,70.0832,5.97702,122.345
0.0296294,0.024486,0.159509,70.1185,4.04614,122.345
0.0295706,0.0419422,0.163887,70.4138,4.21518,122.346
0.0294662,0.0164427,0.157946,72.9918,6.51244,122.347
0.0289648,0.100437,0.161524,76.6638,6.47658,122.347
0.0299079,0.0226942,0.148801,67.3816,3.12969,122.347
0.0298409,0.00648932,0.144563,68.5415,4.86674,122.347
0.0286404,0.0454089,0.108773,80.8294,6.01748,122.347
0.0302855,0.00658613,0.151908,64.4322,3.0968,122.348
0.0293069,0.0486766,0.1233,73.1774,4.38078,122.348
0.0293913,0.00741558,0.158314,72.1858,5.48836,122.348
0.0295119,0.0160146,0.16332,71.7394,4.0933,122.349
0.0287517,0.00136796,0.125157,79.1676,7.33386,122.35
0.0294174,0.00584921,0.163909,72.1214,6.35109,122.35
0.0290894,0.0091763,0.157127,75.5891,6.84882,122.351
0.0289655,0.0768821,0.130359,76.0778,5.18278,122.351
0.0293918,0.0635769,0.158118,72.8111,5.36926,122.351
0.028864,0.105867,0.162759,77.0534,7.02943,122.351
0.0288214,0.127868,0.161336,77.8734,6.76745,122.352
0.029194,0.060719,0.150673,74.6976,5.43901,122.352
0.0301259,0.0374455,0.164131,65.493,3.8945,122.352
0.0288976,0.0630379,0.113689,77.2298,5.26482,122.352
0.0286475,0.120396,0.160119,79.4351,7.17616,122.353
0.0298927,0.0555138,0.160941,67.5822,3.60691,122.354
0.0292898,0.0257953,0.166149,73.9452,6.07237,122.354
0.0288215,0.00372983,0.13282,78.2748,6.94795,122.354
0.0303627,0.00999626,0.146327,63.9558,2.57195,122.354
0.0297596,0.0117828,0.153126,69.856,4.83052,122.355
0.0286906,0.0682796,0.132475,79.7038,6.27513,122.356
0.0291058,0.0634633,0.128135,75.4446,5.84143,122.356
0.0291722,0.0654957,0.133487,74.002,4.27553,122.357
0.0297484,0.0188055,0.151536,69.2332,4.58343,122.357
0.0295851,0.00456353,0.163199,71.3557,6.67966,122.359
0.0291424,0.10466,0.160464,74.2522,5.8245,122.359
0.0291955,0.0529603,0.149314,74.4995,6.38884,122.36
0.0297543,0.00131695,0.131849,69.6643,3.28524,122.36
0.0292675,0.0589559,0.141783,73.8952,4.09176,122.36
0.0286711,0.108895,0.154638,79.0434,7.46827,122.36
0.0287437,0.00854936,0.131244,79.7882,7.76476,122.361
0.0289355,0.00996168,0.100228,77.4008,4.0725,122.361
0.0288349,0.00466712,0.149281,78.8894,7.31757,122.361
0.0290461,0.00589797,0.107512,76.1775,4.99724,122.362
0.0289397,0.0141139,0.10517,77.1186,5.00459,122.362
0.029301,0.0151397,0.161041,73.6235,6.65327,122.363
0.0294703,0.00867447,0.140406,72.3501,5.1333,122.363
0.0293892,0.0224105,0.144843,72.5399,4.75844,122.363
0.0298048,0.0174116,0.157695,68.989,3.49279,122.363
0.0305003,0.00761376,0.164309,62.8009,2.91914,122.365
0.0287552,0.0235209,0.0961065,79.5661,5.20432,122.366
0.0286641,0.101461,0.158056,79.9507,7.79863,122.366
0.0292222,0.0473698,0.13674,74.4085,5.62349,122.369
0.0290869,0.0480529,0.129325,75.6198,5.98437,122.369
0.030359,0.0179145,0.144511,63.8978,2.83157,122.369
0.0290039,0.0118095,0.125016,76.4586,5.52612,122.369
0.0297677,0.0499347,0.15954,68.5434,3.09645,122.37
0.0297484,0.0152574,0.160096,69.3121,4.06609,122.37
0.0289317,0.00629202,0.163292,77.6004,8.808,122.37
0.0290649,0.0926342,0.151886,75.3056,6.92215,122.37
0.0288188,0.0209344,0.160936,78.1672,7.244,122.37
0.0288527,0.00385119,0.126762,78.8408,7.87474,122.37
0.029281,0.0685122,0.125448,73.6309,4.3828,122.371
0.0286733,0.0889889,0.13287,79.9952,6.17494,122.371
0.0300921,0.0464852,0.152989,65.1813,2.76995,122.371
0.0301418,0.0174443,0.142062,65.3948,2.25611,122.372
0.0289707,0.0134713,0.0904089,77.0494,4.87066,122.374
0.0287864,0.0814273,0.144703,78.9462,7.54643,122.374
0.0286848,0.0943066,0.15005,79.9856,7.53749,122.374
0.0290583,0.0611723,0.157602,75.8865,5.37403,122.374
0.0294619,0.0787032,0.150063,71.1945,4.03773,122.375
0.0288162,0.0403293,0.159411,78.3504,7.76246,122.376
0.0287983,0.0662359,0.140656,78.0749,7.96348,122.376
0.0288203,0.0189298,0.138553,78.6359,7.88684,122.376
0.0290018,0.0646186,0.148102,76.8583,6.65196,122.376
0.0300466,0.0128064,0.142623,66.2724,3.48868,122.376
0.02882,0.0518718,0.0971188,78.1097,4.05151,122.377
0.0287547,0.0295649,0.10096,79.1978,5.22099,122.377
0.0295604,0.0130961,0.133537,71.1034,4.7012,122.377
0.0287089,0.157014,0.162016,78.0015,6.5088,122.377
0.0294747,0.00470542,0.13935,72.353,5.665,122.378
0.0289332,0.111328,0.152253,76.5763,5.76501,122.378
0.0298132,0.00533645,0.142034,68.8296,3.01563,122.378
0.0290073,0.0420264,0.158225,76.3473,6.30462,122.378
0.0296925,0.0102411,0.15974,69.1156,4.24701,122.379
0.0301551,0.020382,0.151199,65.5178,3.65705,122.381
0.0290198,0.00888842,0.133514,76.1576,5.55113,122.382
0.0287335,0.122215,0.149653,78.2232,6.57709,122.383
0.0288821,0.0789641,0.117874,77.0903,5.00863,122.383
0.0288966,0.0615967,0.149411,77.7633,6.6459,122.383
0.0302556,0.0186135,0.135552,64.9239,2.16765,122.384
0.028825,0.0121623,0.161186,78.6768,7.76656,122.384
0.0298332,0.0265275,0.155704,68.5131,4.78454,122.384
0.0289368,0.0201085,0.103339,77.9249,4.79135,122.384
0.0297633,0.0560437,0.157046,68.2137,3.27762,122.384
0.0291765,0.0382265,0.143655,74.7101,5.31986,122.384
0.0292053,0.0538474,0.114897,74.4742,4.49696,122.385
0.0291295,0.0142349,0.138398,75.2215,5.62428,122.385
0.0299704,0.00174302,0.139759,67.5672,3.66057,122.385
0.0301114,0.0368235,0.153231,65.3957,2.57535,122.385
0.0288116,0.0676535,0.119125,78.9578,6.98592,122.385
0.0287705,0.0766876,0.149999,78.0524,6.87549,122.386
0.0296397,0.00722324,0.148401,70.7577,5.32966,122.386
0.0301995,0.0582595,0.16157,64.3338,2.29745,122.386
0.0293007,0.0388602,0.140306,73.9721,4.23696,122.386
0.0287008,0.0802119,0.143599,79.6108,7.16545,122.387
0.0294118,0.00225078,0.127297,72.7509,4.12291,122.387
0.0294843,0.0493089,0.136332,71.8368,4.78766,122.388
0.0296403,0.0252281,0.143421,70.0608,4.20709,122.388
0.0301549,0.010742,0.127362,65.1266,2.13834,122.388
0.0287621,0.00287155,0.139547,79.7228,8.45109,122.389
0.0297135,0.00362547,0.140308,69.8853,3.54128,122.389
0.028677,0.0903612,0.138575,79.9484,6.81231,122.389
0.0286918,0.0740559,0.140229,79.2927,7.67429,122.39
0.0294993,0.0439714,0.151805,71.5599,5.16133,122.39
0.0293546,0.0210234,0.126494,73.4252,5.78043,122.391
0.0286961,0.0612889,0.12587,79.1944,6.13805,122.392
0.0293569,0.0211904,0.147893,73.6512,6.72539,122.392
0.0299204,0.0231529,0.160852,67.9235,4.92058,122.392
0.0294406,0.0814074,0.155794,71.5678,4.45971,122.392
0.0298954,0.023632,0.157829,67.8595,3.27722,122.393
0.0286455,0.139978,0.159456,79.4304,7.545,122.393
0.0301047,0.0338305,0.148494,65.4111,2.11784,122.394
0.0290079,0.0330992,0.115728,76.2368,4.22479,122.395
0.0296179,0.00446326,0.138142,70.7,4.80039,122.395
0.0287508,0.122944,0.139562,78.4541,6.3785,122.396
0.0301424,0.00408932,0.154161,65.301,3.12815,122.396
0.0285941,0.0856613,0.122818,80.4134,6.78288,122.396
0.0286101,0.0788216,0.12982,80.8329,7.73592,122.396
0.0301383,0.0170928,0.165277,66.8745,4.65195,122.396
0.028945,0.0161104,0.133459,77.4116,6.2287,122.397
0.030276,0.011476,0.132491,64.5569,2.41639,122.397
0.0304951,0.00880435,0.146866,62.8904,2.07338,122.397
0.0296813,0.00963883,0.165526,69.195,4.40369,122.398
0.029583,0.0404883,0.134812,70.9429,3.85514,122.399
0.0290698,0.0710993,0.122645,75.3603,4.32388,122.399
0.0296806,0.00261463,0.147268,70.4815,5.21099,122.399
0.0302464,0.022452,0.137764,64.1117,2.93108,122.401
0.028678,0.0905439,0.127614,79.5001,6.56193,122.401
0.0289308,0.122067,0.162358,76.4146,6.75723,122.401
0.028851,0.0116798,0.0960464,78.9112,4.00291,122.401
0.0286926,0.0736422,0.11297,79.7141,5.31136,122.401
0.0289165,0.021891,0.125748,77.2348,6.97833,122.402
0.0295271,0.0124765,0.110931,71.5968,3.21793,122.402
0.0302339,0.0279159,0.166294,64.1783,3.17362,122.402
0.0286771,0.084698,0.162689,79.0332,7.47908,122.402
0.0290326,0.0427523,0.114381,76.6338,5.89573,122.402
0.030005,0.0348149,0.143457,66.1054,2.42167,122.402
0.0297107,0.0267867,0.143014,69.856,3.51066,122.402
0.0293048,0.003316,0.132513,73.9001,4.88857,122.402
0.0298177,0.0357693,0.155253,68.2878,4.2003,122.403
0.0288715,0.0533463,0.157795,77.8283,6.68352,122.403
0.0291726,0.00349104,0.112365,75.6969,5.90693,122.403
0.0296388,0.0138151,0.124774,70.1178,3.01174,122.403
0.0292315,0.00524139,0.137997,74.4786,6.96929,122.403
0.0303478,0.0351208,0.166246,63.2098,2.34721,122.404
0.0289119,0.0503453,0.106142,77.4797,4.81395,122.406
0.0300821,0.0558871,0.163473,65.2449,2.74816,122.406
0.0288785,0.0129178,0.0853522,78.0291,4.60658,122.406
0.0296768,0.0444736,0.147795,69.8826,3.78493,122.406
0.0290846,0.0605756,0.125874,75.3877,5.08432,122.407
0.0300308,0.0221156,0.141371,66.324,3.63051,122.407
0.0291796,0.0544437,0.122063,74.3645,4.85979,122.407
0.0290859,0.0815305,0.136373,75.7103,5.43186,122.408
0.0296884,0.051846,0.143327,69.5446,3.53492,122.408
0.0297985,0.0308055,0.141147,68.4967,3.98085,122.408
0.0293676,0.0493309,0.14809,72.996,4.44828,122.409
0.0292334,0.0402873,0.143433,74.8685,6.53795,122.409
0.0290851,0.0714669,0.144021,75.8047,5.72546,122.409
0.0295661,0.074778,0.16317,70.6864,4.95517,122.41
0.0286148,0.0745014,0.113277,80.5037,6.68199,122.41
0.0293666,0.0127431,0.122502,73.4033,5.78844,122.41
0.0296088,0.0463455,0.165478,70.474,5.64836,122.41
0.0292281,0.107101,0.164793,73.1449,5.18207,122.41
0.028999,0.0458752,0.164949,76.7985,6.59876,122.411
0.0291547,0.0201342,0.111126,75.5852,5.06076,122.411
0.0291583,0.00477496,0.0938102,75.7973,3.92706,122.411
0.0289057,0.0718557,0.131807,77.6639,6.78642,122.411
0.0294208,0.00646523,0.113389,72.3276,3.88766,122.412
0.0291091,0.0263806,0.11099,75.1504,4.9637,122.412
0.0298603,0.0712207,0.160142,67.7982,3.61973,122.412
0.0293021,0.0540335,0.119539,73.2026,4.78176,122.412
0.0297705,0.00818896,0.158911,69.1042,4.91411,122.413
0.0294829,0.0311678,0.141526,71.7336,4.68537,122.414
0.029192,0.0262356,0.129723,74.9746,4.58265,122.414
0.0290411,0.0117072,0.146341,76.9734,6.60679,122.415
0.0289062,0.0711446,0.114674,77.0653,5.94071,122.415
0.0296403,0.0162462,0.116251,70.055,3.5064,122.415
0.029852,0.0119023,0.132543,68.4236,3.10335,122.416
0.0300197,0.0178877,0.152225,66.0521,3.78838,122.416
0.0291492,0.0236932,0.121238,75.8284,5.23162,122.416
0.0300846,0.0550038,0.158813,65.7962,2.33557,122.416
0.0288017,0.0142497,0.134971,78.5721,6.52234,122.416
0.0297099,0.00603624,0.13393,69.5064,3.6472,122.417
0.0292642,0.0686937,0.129627,73.3801,4.20527,122.417
0.029733,0.0231355,0.140616,69.8499,4.90504,122.417
0.0301646,0.0137573,0.159611,65.9742,3.57218,122.417
0.0299253,0.0353634,0.165104,67.1333,4.29859,122.417
0.0289938,0.0501635,0.110947,76.19,4.02538,122.418
0.0297282,0.0340836,0.153501,69.573,4.04997,122.418
0.029014,0.00119132,0.135339,76.1609,6.76143,122.418
0.0293793,0.0368907,0.138306,72.467,4.92815,122.418
0.0287155,0.140155,0.165106,78.7788,6.45554,122.419
0.0297157,0.0252625,0.142112,69.4537,4.57635,122.42
0.0295695,0.0398244,0.156135,70.9333,4.168,122.42
0.0288112,0.0635059,0.161446,78.5832,8.07129,122.421
0.0290486,0.109579,0.147308,75.5566,5.45232,122.421
0.0287998,0.0288916,0.161028,78.7788,7.81349,122.422
0.0287331,0.0199271,0.12971,79.579,7.37513,122.422
0.0286843,0.0736695,0.13572,79.7231,6.14845,122.422
0.0290969,0.0277856,0.121415,75.8158,4.84336,122.422
0.0291653,0.0397304,0.155656,74.8506,5.83355,122.423
0.0294684,0.00733961,0.128939,72.435,5.22257,122.423
0.0286333,0.0535321,0.107743,80.3883,6.20349,122.423
0.0297851,0.0375716,0.147962,68.9033,3.71776,122.424
0.0296663,0.00379081,0.147148,70.0129,5.77241,122.424
0.0298624,0.0679427,0.159754,67.3222,3.81884,122.424
0.0293162,0.0367433,0.105718,73.3305,3.1425,122.425
0.0289215,0.0576689,0.112738,77.5345,5.35885,122.426
0.0286952,0.061676,0.151588,79.4698,7.68383,122.427
0.0289457,0.0147953,0.133989,77.8823,6.7498,122.427
0.0301377,0.0121225,0.165901,66.3078,4.39686,122.428
0.0298626,0.00638324,0.131877,68.0953,3.39777,122.428
0.0301474,0.0150484,0.160009,66.5417,4.78889,122.428
0.0288617,0.109703,0.152976,77.6114,6.76013,122.428
0.0300859,0.0429743,0.159584,65.9327,2.71972,122.428
0.0292772,0.0750101,0.143068,73.3604,5.70327,122.429
0.0289447,0.110361,0.135271,76.8332,5.05691,122.429
0.0301584,0.00698759,0.154906,66.3401,4.32306,122.43
0.0287272,0.0305583,0.157353,79.6256,8.72521,122.43
0.0290434,0.0945035,0.163428,75.8248,5.34909,122.431
0.0291934,0.0175327,0.155877,74.1275,6.05247,122.431
0.0289777,0.0815897,0.123253,76.4596,5.03741,122.431
0.0290915,0.069299,0.116988,75.4517,4.76799,122.432
0.0291748,0.0305492,0.147512,74.3088,5.81451,122.432
0.0287655,0.113737,0.152744,78.452,7.37725,122.432
0.0292581,0.0932634,0.162177,73.0389,5.63905,122.432
0.0287496,0.11189,0.160986,78.5001,7.25694,122.433
0.0291107,0.0459171,0.162816,75.7377,6.28885,122.433
0.0293086,0.0379438,0.116504,73.4791,4.95075,122.433
0.0288109,0.00620112,0.151034,78.1457,7.0699,122.433
0.0295061,0.0298916,0.123952,71.5458,3.47155,122.433
0.0287768,0.0542431,0.142515,78.7118,6.43869,122.434
0.0290641,0.00573333,0.114438,76.3486,5.18967,122.435
0.0294105,0.0113712,0.141541,72.9258,5.94686,122.435
0.0289517,0.0168497,0.0915165,77.5825,4.16896,122.435
0.0291755,0.0841588,0.163901,74.9964,6.89595,122.435
0.0287422,0.0178599,0.125813,79.0631,7.8332,122.435
0.029195,0.0682256,0.153747,74.6748,6.08943,122.436
0.0288179,0.0240309,0.121396,78.7449,6.57572,122.436
0.028736,0.0303415,0.123135,79.0306,6.37276,122.437
0.0290252,0.0285711,0.111285,76.676,4.57123,122.437
0.0301112,0.0395953,0.151692,65.5217,2.41618,122.437
0.0292911,0.0153457,0.146178,73.6332,5.11364,122.438
0.0293328,0.0204274,0.14438,73.6612,6.20918,122.438
0.0291582,0.0202516,0.0999448,75.1869,4.74679,122.438
0.0295217,0.0174398,0.142889,71.8878,5.87519,122.438
0.0289656,0.00580531,0.128845,77.0811,7.02683,122.439
0.0290594,0.0147252,0.127054,76.2701,6.03507,122.439
0.0288717,0.00745297,0.0942268,78.5389,5.36388,122.439
0.0287333,0.0296273,0.124719,79.5218,6.52851,122.439
0.0287376,0.0477429,0.0982026,79.4789,5.30993,122.44
0.029666,0.0743238,0.163602,69.744,4.32802,122.44
0.0291918,0.0644121,0.126004,74.3616,4.57667,122.44
0.0293596,0.0588844,0.15736,72.6516,4.00811,122.441
0.0289411,0.0413702,0.0937817,77.7175,4.10406,122.441
0.0290017,0.0131381,0.135686,76.673,5.43053,122.442
0.0287411,0.0220612,0.15465,79.3406,8.96362,122.442
0.0286898,0.0897788,0.149386,79.5202,7.09112,122.443
0.0292816,0.0784767,0.152411,73.8765,5.00409,122.443
0.0292935,0.074534,0.153438,73.1706,5.66382,122.443
0.0287171,0.057518,0.13,79.4407,7.25627,122.444
0.0290542,0.00635775,0.160921,76.7019,8.50105,122.444
0.0286107,0.065902,0.13032,80.9329,7.55555,122.444
0.0303446,0.0331559,0.148729,63.6014,2.57032,122.444
0.0297926,0.012922,0.151513,68.6247,3.68877,122.444
0.0291596,0.00717005,0.106984,75.718,4.26688,122.445
0.0291269,0.0470443,0.122439,75.1216,5.16093,122.446
0.0292294,0.038201,0.115934,74.4413,4.39314,122.446
0.0295532,0.0340219,0.154362,71.0544,5.36544,122.446
0.0287327,0.0169338,0.15402,79.0354,8.61144,122.446
0.030455,0.0167674,0.164247,62.1153,2.66892,122.447
0.0298075,0.0144974,0.160891,68.9854,3.28594,122.447
0.0289935,0.0115601,0.135502,76.6687,5.80704,122.448
0.029039,0.0200478,0.139748,76.8011,7.50413,122.448
