beta,permeability,xi,init_days,delay,value
0.046433,0.00728869,0.123339,29.9198,19.5266,120.764
0.0471404,0.0147517,0.142491,27.806,19.8859,121.133
0.0479597,0.00602903,0.165503,25.5456,19.0603,121.445
0.0492963,0.0350392,0.0916254,22.2772,15.9455,121.601
0.0502601,0.00817701,0.104092,20.4113,15.9201,121.652
0.0492677,0.0118367,0.11617,22.7894,16.8315,121.653
0.0457964,0.00183496,0.09687,31.1486,19.417,121.73
0.0494219,0.0698827,0.13913,21.8886,16.2798,121.779
0.0483591,0.0146713,0.150841,24.5607,18.8993,121.878
0.0454634,0.00802724,0.0874992,32.1556,19.222,121.898
0.0486241,0.0493714,0.140576,23.8269,17.824,121.907
0.0510925,0.00539653,0.134556,18.3753,15.4168,121.948
0.0497417,0.0126262,0.117838,21.121,16.8804,122.017
0.0495963,0.02109,0.163457,21.3941,17.8829,122.021
0.0497656,0.0837211,0.161669,20.2303,16.4033,122.06
0.0450874,0.0239772,0.0829957,33.5054,19.2958,122.08
0.0479404,0.0143723,0.164549,25.7483,19.018,122.082
0.0483532,0.0517949,0.0960688,24.1966,16.2609,122.127
0.047476,0.0397032,0.128229,26.7124,18.5237,122.145
0.0467404,0.0119111,0.130673,28.6257,19.9869,122.149
0.0495658,0.0379306,0.133629,21.2061,16.8602,122.169
0.0473982,0.0436729,0.166004,26.3204,19.1901,122.171
0.0491242,0.0529096,0.117407,22.6391,16.7528,122.175
0.0491269,0.0262957,0.152687,22.769,17.8748,122.175
0.0467539,0.0129357,0.139456,28.5329,19.0286,122.176
0.0472145,0.0247744,0.10652,27.061,18.9943,122.271
0.0495157,0.0408593,0.138548,21.0751,16.0318,122.288
0.0489517,0.0733115,0.134509,22.3183,16.7486,122.322
0.0488938,0.00439707,0.118954,23.5302,17.8891,122.366
0.0482435,0.0537318,0.124767,24.0452,17.046,122.419
0.0471396,0.0435194,0.109438,27.1412,18.4996,122.446
0.0469161,0.0662916,0.16459,27.863,19.7319,122.498
0.0484413,0.00187908,0.141739,24.4272,18.1407,122.544
0.0496495,0.00428661,0.160099,21.3479,17.3855,122.707
0.0483593,0.109627,0.160257,23.0659,17.4646,122.745
0.0475082,0.0266052,0.127543,26.9518,18.2569,122.773
0.048074,0.0277443,0.0851843,25.2826,16.4631,122.858
0.0463516,0.0348813,0.11881,29.04,19.7839,122.885
0.0466011,0.0681677,0.131414,28.5367,19.276,122.885
0.0470777,0.0294815,0.149914,27.6739,19.4823,122.93
0.0488126,0.111039,0.13664,22.9055,16.6519,122.965
0.0473867,0.0550531,0.156093,26.7145,19.3157,122.971
0.0485248,0.0672733,0.152123,23.8033,17.3015,122.981
0.0495622,0.0341449,0.136804,21.2231,16.328,123.049
0.0470795,0.0649099,0.0945699,27.452,17.4013,123.05
0.0481042,0.0521548,0.0706203,25.632,15.8848,123.063
0.0477318,0.0842572,0.118435,25.4159,17.617,123.081
0.0465713,0.0722154,0.135756,28.0113,19.5837,123.109
0.0478571,0.0341757,0.148447,25.6925,18.6729,123.139
0.0466524,0.0437446,0.135413,28.5349,19.9173,123.181
0.0450162,0.0372622,0.0859536,33.3724,19.0994,123.204
0.048488,0.0994312,0.11952,23.3695,16.1794,123.217
0.0488313,0.00130497,0.128333,23.7551,17.8945,123.222
0.0466631,0.0496184,0.136617,28.7525,19.1788,123.254
0.0475309,0.0549667,0.0986564,26.744,17.1215,123.256
0.047459,0.0506084,0.123435,26.2429,18.6177,123.275
0.0482997,0.0243085,0.148703,24.3404,18.2829,123.289
0.0471814,0.0263199,0.112358,27.5735,18.5362,123.301
0.0473728,0.00182352,0.0851422,27.5606,17.1782,123.316
0.0500575,0.0235565,0.141649,20.0051,16.9657,123.319
0.0473803,0.00713082,0.0844508,27.6897,17.3902,123.322
0.0474973,0.0171688,0.156991,26.2161,19.6305,123.35
0.0482328,0.028582,0.163532,24.6924,18.2861,123.353
0.0485,0.00393925,0.11139,24.3083,17.4603,123.377
0.0483418,0.0232779,0.146444,24.0201,18.7049,123.386
0.0444754,0.0152615,0.0724627,35.7205,19.3223,123.426
0.0470815,0.0474584,0.113539,27.6773,18.8001,123.434
0.0467629,0.0179562,0.132625,28.5476,19.3461,123.444
0.0481771,0.00857876,0.0807517,25.4083,16.9217,123.452
0.0467884,0.00899201,0.124863,28.3119,19.7286,123.456
0.0476001,0.0875426,0.161881,25.7774,18.2246,123.458
0.0490831,0.0333458,0.160652,22.4352,17.3797,123.461
0.0450947,0.0155927,0.083133,33.9745,19.3789,123.474
0.0484537,0.0892874,0.154009,23.2659,17.8972,123.478
0.0476099,0.0358729,0.0937379,26.2161,17.6293,123.486
0.0495796,0.0323724,0.130799,21.5548,16.3248,123.496
0.04822,0.0591206,0.126882,24.3218,17.4532,123.497
0.0470575,0.0605537,0.113548,27.352,18.5681,123.518
0.0477274,0.00108426,0.091636,26.4253,17.5038,123.525
0.0462227,0.00288012,0.0921635,30.1698,19.4188,123.53
0.047717,0.0772668,0.14531,25.6299,18.3345,123.558
0.0495261,0.0493875,0.131231,21.063,16.1792,123.565
0.0462945,0.0306297,0.126479,29.1785,19.2559,123.567
0.0463615,0.0297011,0.118907,29.2102,19.527,123.57
0.0478496,0.0517967,0.114986,25.5077,17.3102,123.573
0.0473167,0.0111359,0.0868599,27.0665,17.1001,123.576
0.0466938,0.00814921,0.14714,28.8805,19.0369,123.608
0.0463527,0.0293025,0.123894,29.733,19.2447,123.632
0.0480085,0.0292587,0.101434,25.1863,17.9259,123.639
0.0483857,0.00113674,0.15644,24.6108,18.2262,123.67
0.0472115,0.113082,0.117949,26.8878,17.4126,123.695
0.0479261,0.06891,0.0884109,25.7167,16.1409,123.718
0.0454813,0.0828328,0.108845,31.9945,19.1446,123.742
0.0484198,0.0385488,0.094962,24.0756,16.6796,123.746
0.0466596,0.162157,0.114318,27.6352,17.1725,123.749
0.0493465,0.0725681,0.153899,21.5533,16.9433,123.751
0.0459909,0.0279316,0.107758,30.8415,19.2884,123.755
0.0490803,0.0300745,0.158165,22.7912,17.8573,123.755
0.0462499,0.0625296,0.125373,29.7067,19.5868,123.756
0.0464205,0.0103129,0.12592,29.0342,19.3603,123.761
0.046345,0.0303128,0.124459,29.0534,19.3447,123.769
0.0488604,0.0529027,0.0830175,23.1345,15.5906,123.775
0.0495384,0.0325267,0.163921,21.1275,17.3085,123.79
0.0482165,0.0705189,0.105666,24.1349,16.4772,123.818
0.046951,0.00240725,0.0950645,28.1926,18.2708,123.856
0.0479304,0.128359,0.119639,24.2574,16.9301,123.865
0.0490658,0.0587711,0.125071,22.5526,16.6796,123.871
0.0487446,0.0200419,0.156156,23.6123,18.7153,123.885
0.0476299,0.0163059,0.0995478,26.6429,17.8966,123.893
0.0460422,0.113867,0.138333,29.0462,19.4416,123.895
0.0494085,0.0610687,0.148989,21.0034,16.5931,123.895
0.0477381,0.0577966,0.149544,25.3359,18.2135,123.908
0.0465688,0.0569293,0.146541,28.6813,19.2534,123.924
0.0480388,0.0119664,0.120773,25.3764,18.373,123.931
0.048212,0.0445682,0.159209,24.8537,18.125,123.94
0.0483741,0.0152129,0.119043,24.7594,17.699,123.949
0.0484202,0.00715061,0.121853,24.0469,17.7512,123.953
0.0472623,0.0913194,0.134094,26.7527,18.2551,123.966
0.0462835,0.0539402,0.116928,29.9544,19.2614,123.972
0.0465909,0.0476864,0.152942,28.8776,19.2535,123.99
0.0479366,0.0282947,0.157434,25.0372,19.5983,123.991
0.0460022,0.132874,0.136844,29.2774,19.0452,124.027
0.0483509,0.0174564,0.146973,24.9257,18.1486,124.04
0.0465944,0.0284645,0.0722108,29.9657,17.1363,124.043
0.0462437,0.0540967,0.128915,29.4533,19.0548,124.045
0.0478863,0.130498,0.148844,24.7372,17.5908,124.045
0.0475409,0.0343128,0.115658,26.7201,18.5957,124.049
0.047259,0.00998863,0.121974,27.1403,19.0514,124.053
0.0470664,0.00750376,0.0729825,28.5962,17.3437,124.067
0.0470396,0.141129,0.153166,26.3261,18.1909,124.072
0.0492025,0.00790289,0.153565,22.7458,17.4416,124.078
0.0467462,0.0159065,0.125009,28.9307,19.552,124.105
0.0508112,0.0466979,0.157911,18.5054,15.4187,124.105
0.0484707,0.101638,0.121885,23.0332,16.3606,124.11
0.0492867,0.0836825,0.15886,21.6448,16.3908,124.132
0.0489584,0.0921845,0.10709,22.7695,15.3478,124.143
0.046699,0.00261303,0.146717,28.0582,19.535,124.146
0.0467792,0.0127061,0.137512,28.2563,19.1634,124.17
0.0470454,0.0711647,0.112985,27.1299,18.6597,124.176
0.0462765,0.044372,0.126913,29.9446,19.3802,124.176
0.0476625,0.0808943,0.15692,25.2592,18.523,124.187
0.0474044,0.044915,0.140649,26.533,18.7597,124.188
0.0461724,0.101739,0.104981,29.4558,18.749,124.194
0.047331,0.0729621,0.136746,26.9836,18.5783,124.196
0.0468092,0.0309613,0.116688,28.0058,19.6505,124.197
0.0473181,0.0836864,0.129604,26.3143,18.8885,124.2
0.0478877,0.0329924,0.131866,25.3976,18.5531,124.202
0.0463463,0.00924344,0.130535,29.1063,19.5681,124.219
0.0477556,0.150507,0.165421,24.3838,17.4545,124.223
0.0492454,0.0129419,0.134057,22.6957,17.7716,124.233
0.0467787,0.12136,0.133065,27.2206,18.4903,124.246
0.0491063,0.0462887,0.145849,22.9675,17.7824,124.251
0.0463103,0.140338,0.155947,28.818,19.7769,124.252
0.0460865,0.0697705,0.0726106,30.4749,17.6103,124.253
0.0472841,0.0838566,0.164758,26.3379,19.5471,124.287
0.0493337,0.0958623,0.118985,21.5019,15.8368,124.295
0.0468305,0.20372,0.137751,26.8152,17.96,124.297
0.0477284,0.165117,0.158619,24.8179,17.8362,124.309
0.047086,0.0358938,0.122909,27.6255,18.6631,124.318
0.0503933,0.0546581,0.133848,19.9899,15.6491,124.32
0.0464125,0.044167,0.0919609,29.4831,18.1409,124.325
0.0457119,0.10182,0.126803,30.0756,19.3038,124.33
0.0479676,0.0226447,0.133728,25.8827,18.0292,124.335
0.0477128,0.0330212,0.0760076,26.7744,16.1646,124.369
0.0472826,0.0736475,0.143444,26.7224,18.8981,124.375
0.0453548,0.0385215,0.0855024,32.9861,19.6396,124.391
0.0469545,0.0605743,0.147083,27.1142,19.0992,124.417
0.0475481,0.0086859,0.127768,26.2985,18.4335,124.423
0.0457816,0.0201085,0.0902383,31.1945,19.828,124.432
0.0482182,0.147091,0.138995,23.9491,16.5818,124.437
0.0471338,0.0189022,0.061866,28.1026,16.5824,124.446
0.0457519,0.182737,0.159761,29.8484,19.6205,124.447
0.0458151,0.00327972,0.0523223,32.0208,17.3903,124.462
0.0470373,0.0383328,0.159702,27.1043,19.812,124.474
0.0460604,0.0343006,0.0882781,30.1422,18.3493,124.484
0.0467667,0.0366827,0.101573,28.2401,18.1587,124.487
0.0455356,0.00518612,0.0793829,32.2838,19.2582,124.511
0.0486592,0.0543985,0.112436,23.2069,16.2321,124.52
0.045379,0.0275115,0.0846931,32.877,19.3849,124.523
0.0452984,0.0441538,0.0946656,32.3952,19.2448,124.548
0.0464204,0.113808,0.120899,28.1803,18.6291,124.549
0.0462761,0.0486746,0.128783,29.8103,19.9865,124.563
0.0472448,0.0451579,0.0868275,27.8424,17.2841,124.571
0.0469839,0.0371387,0.16124,27.5402,19.0523,124.577
0.0484185,0.00644683,0.165955,24.0225,19.1182,124.608
0.0488074,0.0284672,0.121116,23.3178,17.0754,124.617
0.0470434,0.0251119,0.14706,27.7651,19.8262,124.623
0.0475027,0.00635382,0.157232,26.4503,19.4755,124.631
0.0494086,0.0783496,0.137937,21.269,16.9669,124.631
0.0453827,0.100229,0.118803,31.1216,19.59,124.634
0.0461966,0.0886679,0.103424,29.8555,18.5048,124.636
0.0483069,0.129334,0.157424,23.5148,17.8028,124.652
0.0461789,0.0595303,0.0683917,30.9958,17.9823,124.654
0.0462514,0.150013,0.135061,28.7726,18.7765,124.656
0.0492037,0.0231666,0.116961,22.6824,16.7939,124.668
0.0468224,0.204246,0.139757,26.0562,17.3416,124.673
0.0514059,0.0250714,0.161929,17.2375,15.6228,124.679
0.046079,0.0585328,0.082956,30.5204,18.7241,124.683
0.0455565,0.0538134,0.108746,31.4462,19.211,124.698
0.0498617,0.0733969,0.127076,20.2441,15.0534,124.7
0.0466588,0.0171182,0.150779,28.9288,19.906,124.7
0.0462378,0.104935,0.0840112,29.4266,17.3281,124.712
0.0478912,0.0402355,0.135944,25.0741,18.2146,124.713
0.0488007,0.0142086,0.150145,23.5151,18.7218,124.717
0.048576,0.0527259,0.145743,23.0766,17.6878,124.718
0.0467542,0.0389262,0.101205,28.4583,18.5531,124.721
0.0469148,0.00613884,0.109306,28.3232,19.9612,124.726
0.0466545,0.0513278,0.114854,28.7899,18.638,124.736
0.0464323,0.130102,0.0991642,28.9167,17.4249,124.738
0.0470212,0.0830904,0.0943479,27.9451,17.1377,124.746
0.0473504,0.0555429,0.161044,26.2612,19.5172,124.77
0.0474181,0.0367343,0.138198,26.5189,18.6305,124.777
0.0483423,0.00890013,0.0652264,25.5502,15.5159,124.779
0.0470025,0.0466482,0.0652819,28.0653,16.776,124.795
0.0453553,0.106357,0.120759,31.1028,19.6649,124.808
0.0464822,0.108772,0.138466,28.9418,19.8402,124.81
0.0452184,0.0178506,0.072264,33.6237,19.3547,124.825
0.0455869,0.150813,0.129971,30.5087,19.5255,124.831
0.0450638,0.0292578,0.0782677,33.0011,19.0089,124.834
0.047518,0.0429222,0.121735,26.5494,18.5848,124.863
0.0473381,0.0754821,0.111618,26.8549,17.7869,124.873
0.0455193,0.0644869,0.106191,31.4183,19.6994,124.906
0.0459225,0.0591327,0.115997,30.9528,19.4734,124.913
0.0482364,0.0137371,0.0773418,25.1596,16.0383,124.925
0.0453139,0.0596542,0.0883396,32.8962,19.395,124.936
0.0476925,0.0755852,0.156747,25.7685,18.0886,124.937
0.0452553,0.04888,0.101063,32.1261,19.3539,124.955
0.0467618,0.0247958,0.0576394,29.007,16.4946,124.96
0.0453679,0.0424411,0.0864937,32.6619,19.5224,124.979
0.045669,0.0385239,0.104764,31.8103,19.6592,124.979
0.0505542,0.011144,0.132533,19.4456,15.1813,124.994
0.0481502,0.049703,0.0681639,25.0252,15.0958,125.021
0.0465622,0.10221,0.0946241,28.1114,17.8643,125.022
0.0458881,0.169667,0.120134,29.0233,18.9966,125.025
0.0468304,0.101655,0.154114,27.6909,19.4791,125.025
0.0473992,0.0495511,0.153417,26.8469,19.273,125.029
0.0455233,0.155312,0.142098,30.9495,19.5966,125.032
0.0493859,0.00444424,0.106888,22.8191,16.8986,125.042
0.047021,0.059065,0.115248,27.4749,18.6954,125.07
0.0457434,0.0290737,0.0965855,31.5495,19.1238,125.075
0.0500636,0.044105,0.113065,20.5031,15.7672,125.076
0.0460528,0.0369128,0.088743,30.6973,18.7294,125.077
0.0470589,0.0556234,0.138025,27.6789,19.6446,125.085
0.0456596,0.136695,0.104256,30.9464,18.5123,125.089
0.0463077,0.0546902,0.10096,29.2136,18.0894,125.089
0.0470932,0.0501776,0.109446,27.462,18.6895,125.1
0.0452704,0.0558163,0.0896322,32.784,19.5948,125.112
0.045203,0.0650734,0.0999601,32.2476,19.6936,125.118
0.0462394,0.0831956,0.10388,29.7128,18.519,125.123
0.0478026,0.0476804,0.0634077,26.5989,15.0861,125.149
0.0479509,0.037097,0.127945,25.432,18.6028,125.16
0.0484485,0.0140336,0.116776,24.1488,17.0834,125.168
0.04687,0.0933801,0.130221,27.7449,18.9856,125.173
0.04885,0.0375152,0.0993029,23.9498,16.3008,125.173
0.0496991,0.00917157,0.129672,21.996,16.3828,125.179
0.0496885,0.0358449,0.102388,21.1663,15.2859,125.181
0.0475104,0.0534969,0.0975384,26.2735,17.0342,125.184
0.0459763,0.041849,0.115943,30.4705,19.7999,125.187
0.0460999,0.0907657,0.142397,29.0751,19.6547,125.194
0.0473739,0.072071,0.133312,26.0916,18.8704,125.196
0.0466179,0.150218,0.148659,27.1264,18.5456,125.197
0.0452654,0.219395,0.160704,30.6476,19.4978,125.207
0.0515326,0.0123152,0.124273,17.9386,14.2771,125.219
0.0458048,0.0629651,0.0654934,31.5296,17.7944,125.234
0.0456181,0.129463,0.131847,30.6032,19.8077,125.238
0.045656,0.138739,0.123517,30.7947,19.6276,125.245
0.0482718,0.126539,0.165511,23.75,17.9787,125.247
0.0471543,0.100158,0.154491,26.0231,18.6338,125.249
0.048097,0.0714869,0.141363,24.68,17.7556,125.251
0.0474136,0.0991937,0.087019,26.9641,16.2793,125.253
0.045716,0.199224,0.133279,29.8211,18.3186,125.257
0.0447807,0.00698475,0.0752441,34.441,19.4963,125.26
0.0471779,0.150304,0.0951367,26.0169,16.8391,125.286
0.0464312,0.122284,0.118351,28.2759,18.2256,125.287
0.0484127,0.0213384,0.136423,24.2479,18.3946,125.304
0.045368,0.142819,0.0926524,31.3453,18.3113,125.306
0.0462124,0.112168,0.0838797,29.0327,17.0616,125.311
0.045787,0.0293004,0.0897007,31.1466,19.8764,125.314
0.049622,0.0167555,0.131467,21.9806,16.7268,125.317
0.0493216,0.00627977,0.126989,22.0646,17.8473,125.32
0.049762,0.00185849,0.144665,21.9119,17.9923,125.321
0.0463209,0.131428,0.164755,28.5161,19.242,125.331
0.0463502,0.132189,0.130011,28.0858,18.9368,125.345
0.046488,0.0110712,0.115364,29.247,19.3641,125.346
0.0490875,0.136278,0.163868,21.6593,16.5594,125.348
0.047531,0.00325288,0.0677204,27.905,16.1653,125.352
0.0459654,0.13589,0.136974,29.0015,19.7041,125.355
0.0474787,0.136621,0.137418,25.8954,17.1597,125.356
0.0469418,0.167634,0.164921,26.5999,18.8887,125.369
0.0473579,0.0639147,0.141148,26.4716,18.3376,125.37
0.0461091,0.0157754,0.0866292,30.9259,18.6591,125.373
0.0462419,0.0780228,0.120752,29.2564,19.9076,125.384
0.0448232,0.0884105,0.0918602,33.7007,19.6886,125.384
0.0464579,0.0532079,0.0792895,29.5558,17.618,125.4
0.0461477,0.177949,0.166108,28.4846,19.5834,125.4
0.0462615,0.0877157,0.0963025,29.924,18.1107,125.416
0.0480939,0.0967092,0.108488,24.4716,16.8587,125.425
0.0487116,0.131417,0.14262,22.7761,16.0061,125.43
0.0461432,0.0647927,0.138277,29.1415,19.4083,125.445
0.0473533,0.0521284,0.139403,26.2934,18.9134,125.464
0.0466928,0.0547,0.110391,28.6138,18.3521,125.473
0.0451394,0.0355888,0.0754479,33.8759,19.359,125.482
0.0453034,0.0727314,0.0770012,32.8888,18.1615,125.494
0.0509478,0.0182598,0.151699,18.6191,15.8779,125.498
0.0456983,0.0999255,0.131818,30.3862,19.3011,125.503
0.0469142,0.0739096,0.133963,27.0188,18.4173,125.514
0.0493844,0.0647215,0.146024,21.1265,16.285,125.519
0.0466313,0.160812,0.139524,27.5708,18.6959,125.534
0.0496565,0.00971279,0.164745,21.618,17.2112,125.534
0.0463513,0.0361913,0.127564,29.89,19.7576,125.536
0.0470914,0.027281,0.134371,27.9345,19.7354,125.537
0.0456252,0.122675,0.132358,30.3694,19.0235,125.537
0.0471072,0.13087,0.150339,26.8534,18.8128,125.55
0.0479488,0.0367813,0.111755,25.4917,17.1278,125.554
0.0468857,0.184438,0.16561,26.4755,18.2711,125.557
0.0444549,0.0216694,0.0707809,35.3671,19.2297,125.558
0.0491605,0.0245427,0.153186,22.0326,17.0085,125.561
0.0470686,0.0306911,0.136849,27.9418,19.2123,125.571
0.0486873,0.0861105,0.0882007,23.5635,15.6376,125.575
0.0468603,0.00982696,0.0959702,28.1579,18.8726,125.581
0.045957,0.0232413,0.113376,30.0985,19.8827,125.585
0.0487741,0.0093079,0.142352,23.8296,17.2849,125.589
0.0498605,0.0706626,0.150856,20.3051,16.0221,125.591
0.0447606,0.101598,0.0953872,33.3961,19.8384,125.625
0.0468274,0.0306747,0.114364,28.0375,19.0621,125.632
0.0481782,0.11522,0.0844616,24.9027,15.4004,125.633
0.0492679,0.101217,0.147477,21.7327,16.8208,125.64
0.0480378,0.0489154,0.0850508,25.9474,16.9856,125.641
0.0490483,0.0304642,0.16495,22.1108,17.953,125.648
0.0448992,0.0152118,0.0673453,34.5095,19.9902,125.649
0.0451539,0.0780699,0.0958144,32.5531,19.5,125.65
0.0457951,0.0542353,0.0735953,31.7461,18.2387,125.667
0.0459565,0.12087,0.151214,29.4194,19.4069,125.676
0.046812,0.00509172,0.116342,28.7178,19.8034,125.677
0.0479979,0.0110267,0.108095,25.7572,17.6986,125.683
0.0474644,0.0148798,0.069581,27.9725,16.6116,125.685
0.0453852,0.100769,0.113062,31.1239,19.4889,125.694
0.0467261,0.0840195,0.0839644,28.7962,17.1129,125.697
0.0451119,0.118649,0.0847719,32.6528,18.105,125.704
0.0488545,0.021043,0.118561,23.6455,17.7307,125.724
0.0446049,0.067092,0.0835877,34.2567,19.222,125.728
0.0474604,0.150745,0.131265,25.1244,17.2304,125.733
0.0479138,0.0324762,0.163479,25.3288,19.2045,125.736
0.0473533,0.0676184,0.156051,26.4429,19.7672,125.743
0.0464958,0.187261,0.154282,27.5913,18.7635,125.743
0.0482675,0.0260433,0.150519,24.3815,18.4705,125.745
0.0466299,0.0828363,0.103857,28.3609,18.2184,125.746
0.0447628,0.0878422,0.0954828,33.7779,19.6053,125.76
0.0447329,0.0343118,0.0760913,34.7029,19.3407,125.767
0.0492084,0.0286629,0.133042,22.9812,17.8237,125.783
0.0453968,0.109385,0.112697,31.3387,19.5485,125.784
0.045769,0.049434,0.0774751,31.2291,18.8549,125.786
0.0487222,0.0299694,0.16606,23.0025,18.8912,125.788
0.0477341,0.094955,0.114238,25.3377,17.9436,125.788
0.0461967,0.0526467,0.13722,29.2441,19.3698,125.795
0.0468798,0.0728892,0.0682731,28.0576,16.4222,125.799
0.0499156,0.00137467,0.0917228,21.0608,15.3565,125.803
0.0479503,0.12464,0.119267,24.4148,16.7495,125.809
0.045639,0.231535,0.132732,29.6169,18.3817,125.813
0.046634,0.0370477,0.0691208,29.7498,17.2998,125.813
0.0473667,0.0049306,0.0819696,27.8089,17.3925,125.814
0.0459148,0.0439611,0.118144,30.492,19.7519,125.815
0.0474498,0.0289346,0.132646,26.15,18.2247,125.825
0.0493712,0.0905943,0.11556,21.6243,15.3898,125.836
0.0496776,0.0173685,0.146922,21.6095,17.613,125.842
0.0458327,0.0708497,0.114816,30.4024,19.1508,125.85
0.0459385,0.14573,0.144536,29.7449,19.746,125.852
0.0490048,0.0700523,0.150304,22.1531,17.3595,125.857
0.0473372,0.180148,0.118279,25.5555,16.3385,125.858
0.0466613,0.0586476,0.104955,28.4574,18.1449,125.871
0.0483153,0.0490107,0.113834,24.6845,17.2582,125.873
0.0444704,0.0146445,0.0697989,35.1395,19.5474,125.875
0.0498539,0.0574673,0.158445,20.5622,16.7981,125.891
0.0472402,0.0159014,0.0928813,27.7981,17.6854,125.891
0.0479511,0.00888311,0.13232,25.2773,18.3708,125.9
0.044748,0.189442,0.12154,32.3892,19.5951,125.901
0.0500771,0.0226548,0.117311,20.8016,15.8112,125.91
0.0492587,0.00366377,0.14836,22.6376,17.7917,125.911
0.0493238,0.00706984,0.126823,22.7999,17.3301,125.912
0.0456285,0.147502,0.107242,30.8339,18.5588,125.912
0.0484155,0.0122808,0.166348,24.5944,19.8023,125.922
0.0505734,0.00922954,0.127142,19.557,15.5001,125.923
0.0488179,0.1058,0.16485,22.2978,17.2764,125.924
0.046374,0.0487154,0.112692,29.6637,19.1751,125.925
0.0505354,0.013057,0.135597,19.6133,15.0798,125.931
0.0458519,0.0874686,0.113535,30.2323,19.7736,125.932
0.0496838,0.00725243,0.133085,21.5605,16.8628,125.937
0.0466886,0.0546286,0.111505,28.905,18.0631,125.94
0.0464783,0.0210116,0.0887486,29.1768,18.1022,125.94
0.0467934,0.0872441,0.0695009,28.7771,16.2344,125.952
0.0470754,0.0110179,0.146608,27.3286,19.2153,125.953
0.0474098,0.0769491,0.107157,26.6648,17.5642,125.958
0.0474628,0.00499466,0.165525,26.7621,19.0286,125.964
0.0459077,0.0435003,0.0615024,31.8451,17.2859,125.969
0.0459548,0.116343,0.154361,29.0423,19.7559,125.985
0.0451098,0.103937,0.101436,32.6189,19.7229,125.995
0.0455869,0.156261,0.125786,30.3136,19.6329,126.004
0.0445112,0.0649058,0.0568482,35.7234,18.6175,126.007
0.0464476,0.0928089,0.143479,28.2358,19.1082,126.012
0.0479126,0.0100554,0.161076,25.1912,19.0124,126.012
0.0467354,0.0305127,0.138538,28.943,19.7726,126.016
0.0496239,0.0407249,0.104405,21.4112,15.4226,126.022
0.0454755,0.0134213,0.0723669,32.463,18.5289,126.047
0.0477205,0.076462,0.151747,25.9819,18.5795,126.05
0.0467343,0.130309,0.161968,27.2762,19.6785,126.057
0.047492,0.0395904,0.129839,26.5554,18.0248,126.062
0.0452757,0.0643174,0.088506,32.4271,19.0169,126.063
0.04893,0.0956091,0.108821,22.2576,15.4165,126.064
0.0464799,0.191573,0.155588,27.5906,18.2877,126.068
0.0466635,0.0227786,0.135542,28.223,19.4814,126.08
0.0450801,0.0326504,0.0795137,33.0661,19.9894,126.092
0.0447537,0.045581,0.0725434,34.8408,19.9508,126.094
0.0449506,0.0948923,0.0719118,33.5263,18.5373,126.098
0.0453424,0.012635,0.0993039,32.2713,19.7613,126.1
0.04757,0.0493697,0.0935929,26.5386,17.3903,126.102
0.0472177,0.126261,0.0967373,26.5358,16.9335,126.102
0.046006,0.110118,0.142551,29.5388,19.9551,126.111
0.0456264,0.142219,0.122785,30.804,19.7437,126.113
0.0460885,0.11774,0.112534,29.7284,18.465,126.126
0.0464681,0.114821,0.0989672,28.7576,17.8071,126.141
0.0457828,0.0848734,0.118819,30.491,19.0531,126.161
0.0458169,0.00479931,0.0517392,32.978,17.3852,126.179
0.048078,0.0360907,0.0821076,25.509,16.8782,126.183
0.0460533,0.0875224,0.146009,29.5664,19.1206,126.196
0.0467987,0.0237128,0.131859,28.7337,19.4943,126.197
0.0470892,0.0309921,0.154601,27.3007,19.6799,126.201
0.0451108,0.174064,0.134187,31.1146,19.7409,126.205
0.0463535,0.178692,0.0844107,28.2194,16.3789,126.211
0.0496856,0.0262214,0.106362,21.3483,15.0293,126.217
0.0483027,0.0447367,0.103701,24.5785,16.2573,126.22
0.0454267,0.106096,0.109224,31.6037,19.0068,126.22
0.047464,0.0319415,0.147749,26.7274,19.0514,126.225
0.044886,0.0154491,0.0707451,34.4192,19.8691,126.227
0.0451667,0.091953,0.0930843,32.8243,19.8916,126.227
0.0452445,0.230932,0.154797,30.7322,19.1762,126.229
0.0474898,0.031369,0.162334,26.7659,19.9938,126.235
0.0446681,0.0363443,0.0810229,34.7153,19.5053,126.237
0.0452789,0.00220268,0.0646199,33.7893,18.3968,126.247
0.0471187,0.0063182,0.163029,27.2489,19.5344,126.254
0.0465207,0.00298083,0.0524346,30.1045,16.4419,126.264
0.044918,0.150227,0.107913,32.4424,19.3949,126.275
0.0449169,0.224505,0.144314,31.3759,19.6707,126.279
0.0507351,0.0636582,0.163789,18.8537,15.9849,126.281
0.0467442,0.0655951,0.084384,28.7724,17.6627,126.289
0.050618,0.00832499,0.121303,19.0552,15.8518,126.299
0.0467927,0.0716142,0.0831994,28.1883,17.0508,126.313
0.0502432,0.00953076,0.10765,20.5609,15.5108,126.321
0.0479152,0.111084,0.155546,24.7117,17.8108,126.334
0.0476012,0.0222144,0.134201,26.4521,19.0313,126.348
0.0464242,0.0324045,0.113297,29.983,19.3216,126.364
0.0468657,0.0145385,0.12364,28.6102,19.3703,126.366
0.0509084,0.0250573,0.151447,18.4367,15.255,126.366
0.0471041,0.023699,0.157156,27.3525,19.3929,126.368
0.0462585,0.0792914,0.097169,29.198,18.8552,126.374
0.0454168,0.1733,0.152506,30.1607,19.3684,126.375
0.0452361,0.0548209,0.0552229,33.2734,17.7808,126.386
0.0465468,0.0703108,0.119804,28.2285,18.2013,126.39
0.0456529,0.108502,0.131583,30.0073,19.0276,126.398
0.0452272,0.234368,0.163206,30.3953,19.9491,126.398
0.0462256,0.0997349,0.0975516,29.4963,18.1918,126.408
0.0473786,0.0363275,0.0684061,27.7666,16.0625,126.412
0.0500789,0.0369635,0.11584,20.2228,15.9032,126.417
0.0458398,0.123109,0.078421,30.5029,17.4363,126.42
0.0463455,0.133843,0.146025,28.6332,19.5869,126.438
0.0466432,0.0229288,0.142191,28.2856,19.4533,126.449
0.0463969,0.05927,0.0795066,29.8881,17.4535,126.449
0.0452642,0.121696,0.125065,31.6205,19.6531,126.455
0.0515335,0.00156262,0.152136,17.9277,15.0259,126.457
0.0479849,0.00766243,0.114655,25.5947,17.2978,126.463
0.046254,0.104107,0.0817076,29.4904,17.8858,126.473
0.0451861,0.0727282,0.0973926,32.0629,19.4716,126.474
0.0460745,0.0819032,0.142624,29.2191,19.8698,126.481
0.0458829,0.119803,0.0774003,30.6123,17.9474,126.488
0.046788,0.0557075,0.0980453,28.2512,18.7895,126.492
0.0467723,0.162689,0.0881033,27.0452,16.6363,126.496
0.0444454,0.0140679,0.0712128,35.7614,19.4652,126.499
0.0487759,0.00553947,0.142929,23.6436,17.9281,126.5
0.0485157,0.0305744,0.0774568,24.0065,15.6836,126.504
0.0485799,0.0907419,0.10932,23.9435,16.5287,126.51
0.0463312,0.167198,0.101708,28.7485,17.6154,126.519
0.0483362,0.0108518,0.131429,24.0722,17.7303,126.528
0.0476149,0.0038147,0.154852,26.6853,19.4901,126.531
0.0458663,0.157518,0.156701,29.5232,19.7488,126.532
0.0459724,0.146193,0.135301,29.5729,19.9884,126.538
0.0448227,0.116739,0.0755597,33.6829,18.305,126.543
0.0462488,0.0635055,0.103836,29.0021,18.8834,126.545
0.0478423,0.0517433,0.164512,25.7432,19.6738,126.551
0.044924,0.14105,0.109864,32.9627,19.4698,126.563
0.0447237,0.00841525,0.0525485,35.9293,18.7426,126.565
0.0476596,0.0895059,0.156868,25.5391,18.2821,126.585
0.0456156,0.0591658,0.0868787,31.6684,18.6821,126.591
0.0468677,0.0113325,0.121498,28.5012,19.3652,126.592
0.0458079,0.0219763,0.0911545,31.4958,19.6669,126.597
0.0471163,0.0130771,0.0643091,28.1975,16.4233,126.6
0.0463119,0.0684808,0.111693,29.9874,19.7844,126.602
0.0476561,0.0815924,0.130353,25.0544,17.4953,126.604
0.0496682,0.00762712,0.135586,21.9456,16.9439,126.605
0.0497954,0.0874435,0.127281,20.1613,15.6054,126.62
0.044298,0.0150101,0.0588585,36.4192,19.4799,126.623
0.0446192,0.157999,0.0976019,33.8036,19.2424,126.623
0.0463424,0.0409516,0.127031,29.4913,19.8113,126.639
0.0464867,0.0897994,0.137319,28.7744,19.3717,126.652
0.0464931,0.0746948,0.164721,28.9742,19.7825,126.657
0.0475939,0.119439,0.127082,25.7373,17.2892,126.66
0.0473972,0.109156,0.085318,26.4907,16.1269,126.668
0.0442081,0.0749647,0.0527481,36.4639,18.3694,126.675
0.0444578,0.0996079,0.0836094,34.4813,19.01,126.676
0.047251,0.0639471,0.0718395,27.9074,16.8137,126.677
0.0467081,0.0558034,0.108924,28.9459,18.2125,126.679
0.046125,0.112024,0.103155,29.139,18.3131,126.689
0.0469593,0.0833545,0.124078,27.7644,18.1871,126.7
0.0454998,0.12148,0.0845216,31.2888,18.9732,126.701
0.0493409,0.0855931,0.148517,21.9972,16.5659,126.702
0.0467122,0.143661,0.134906,27.6747,18.4647,126.706
0.0462252,0.0296251,0.141554,29.0804,19.3365,126.706
0.0462576,0.0197601,0.139293,29.6816,19.7568,126.706
0.0496162,0.0544214,0.103605,21.7586,15.4789,126.709
0.0483433,0.119405,0.153134,23.0153,17.7585,126.718
0.0447162,0.284077,0.161304,31.6175,19.3957,126.72
0.0477421,0.049136,0.163007,25.737,18.6676,126.72
0.0474873,0.0141204,0.131262,26.0142,18.1268,126.726
0.0455287,0.00156305,0.0874954,32.6555,19.087,126.728
0.0483282,0.117335,0.136167,23.5035,16.9994,126.735
0.0474149,0.0281041,0.157937,26.6715,19.6578,126.741
0.0469972,0.170458,0.123313,26.9716,17.8592,126.746
0.049707,0.098828,0.162918,20.5317,16.2343,126.748
0.047142,0.0774856,0.0787773,27.8183,16.448,126.751
0.0463691,0.1603,0.0995486,28.3202,17.4759,126.752
0.047632,0.104498,0.147819,25.4624,18.7037,126.756
0.0476376,0.0893885,0.0658028,26.7538,15.4384,126.759
0.0469176,0.0425181,0.0762669,28.0313,17.8364,126.767
0.0500725,0.104265,0.158807,19.89,15.9631,126.768
0.0469607,0.00807048,0.0887023,28.8897,18.6478,126.77
0.048118,0.0658799,0.134082,24.5085,17.1065,126.775
0.04771,0.0853513,0.116573,25.786,17.6616,126.777
0.0460538,0.109595,0.144318,29.4151,19.3581,126.779
0.0465579,0.159969,0.1507,27.6867,18.7694,126.792
0.0440713,0.0582367,0.0684815,36.3589,19.936,126.81
0.0466279,0.0119449,0.0712118,29.0616,17.6683,126.813
0.0473067,0.0610497,0.0701014,27.3657,16.5167,126.815
0.0450645,0.193888,0.135809,31.2107,19.7561,126.82
0.0475057,0.143153,0.127781,25.5471,17.9979,126.821
0.0480612,0.0931738,0.163056,24.4083,18.2309,126.822
0.05076,0.0600151,0.155671,18.8995,15.7052,126.831
0.0470583,0.0272883,0.122082,27.9294,18.9381,126.837
0.0440781,0.21501,0.102105,34.1197,19.2058,126.838
0.047968,0.202511,0.154397,23.8886,16.6933,126.856
0.0466645,0.14809,0.143695,27.3816,18.8175,126.877
0.0479856,0.0258392,0.0584591,26.0653,15.4984,126.888
0.044716,0.284233,0.161566,31.4683,19.9092,126.908
0.045162,0.153636,0.130158,31.7065,19.6138,126.908
0.0446148,0.172729,0.0835465,33.502,18.4866,126.925
0.0487869,0.0190289,0.148229,23.2112,18.0411,126.927
0.0468444,0.101774,0.1504,27.9499,19.7512,126.934
0.04468,0.118781,0.0988125,33.708,19.4303,126.941
0.0476448,0.0838908,0.1655,25.8062,18.3507,126.943
0.0455871,0.186562,0.086958,30.3957,17.8121,126.946
0.0464376,0.0761566,0.15476,28.7069,19.0468,126.953
0.0478179,0.0801281,0.110373,25.8514,17.7693,126.956
0.0463826,0.133884,0.102624,28.7485,17.3641,126.958
0.0453334,0.217804,0.145921,30.8935,19.3322,126.964
0.0447481,0.0879437,0.095663,33.4812,19.4413,126.978
0.0493388,0.1028,0.115123,21.2464,15.2897,126.982
0.0482618,0.0455965,0.156041,24.762,18.0824,126.982
0.0453806,0.0262441,0.0511042,33.2261,17.938,126.987
0.0458919,0.253252,0.157057,28.5574,18.5015,126.992
0.044694,0.203655,0.128547,32.7128,19.8888,126.996
0.0461545,0.14885,0.0738541,29.8549,16.2108,127.008
0.0475004,0.117123,0.137496,25.2687,17.0847,127.027
0.0449254,0.123451,0.115439,32.6543,19.2212,127.031
0.0463767,0.144593,0.118769,28.155,18.2758,127.046
0.0455766,0.161704,0.127668,30.1883,19.4837,127.052
0.0486003,0.0125124,0.0836039,24.5156,16.0227,127.053
0.0465812,0.187382,0.117331,27.5394,17.4672,127.068
0.0469577,0.074845,0.139729,27.6544,19.827,127.075
0.0499376,0.0556348,0.120963,20.188,15.5872,127.075
0.0448648,0.0431834,0.0614346,34.4989,18.7082,127.092
0.044905,0.177913,0.088868,32.5476,18.2804,127.095
0.0489123,0.10105,0.126529,22.0579,16.3106,127.096
0.0452553,0.0391714,0.061128,33.3101,18.89,127.1
0.0485964,0.0903294,0.108465,23.774,16.4034,127.1
0.0458929,0.0664676,0.0958319,30.8004,18.6664,127.102
0.0467858,0.101262,0.135985,27.0656,18.4903,127.107
0.0493977,0.010488,0.100225,22.1391,16.7288,127.107
0.0451734,0.085827,0.0547133,33.6377,17.4349,127.108
0.0501393,0.0454952,0.0918827,20.7579,14.7781,127.11
0.0455063,0.135742,0.0729967,31.0133,17.0251,127.118
0.0471019,0.0540583,0.0995617,27.3722,17.8015,127.125
0.0472346,0.0253246,0.0517669,28.8024,15.2274,127.13
0.0452546,0.232349,0.156928,30.5778,19.1858,127.132
0.0454449,0.186868,0.136562,30.2734,19.9892,127.132
0.0481858,0.0692021,0.0585633,25.4075,14.1085,127.132
0.0463451,0.0457035,0.128479,29.1485,19.6486,127.14
0.0492599,0.108647,0.144513,21.3064,16.089,127.142
0.0445589,0.0540209,0.0854197,34.1742,19.4668,127.152
0.0477733,0.0686347,0.145601,25.4995,18.4064,127.154
0.0476099,0.108975,0.153493,25.5016,18.7303,127.164
0.0461098,0.219283,0.11179,28.6622,17.2745,127.172
0.0449641,0.121579,0.114747,32.0512,19.025,127.173
0.0452086,0.00678307,0.0663555,33.7953,18.6444,127.173
0.0483478,0.0492536,0.113447,24.9903,17.3782,127.174
0.0462948,0.141426,0.135609,28.5634,18.6095,127.175
0.0451654,0.258269,0.161332,30.748,19.5052,127.184
0.0501391,0.00891091,0.119406,20.7846,15.1453,127.185
0.049594,0.0446975,0.109856,21.8584,15.797,127.186
0.0442874,0.010226,0.0622424,36.2585,19.7216,127.186
0.0472698,0.00860694,0.110331,27.9272,18.0315,127.187
0.048158,0.0575086,0.0672487,25.4256,15.8044,127.188
0.0483514,0.119399,0.126724,23.1213,16.3929,127.193
0.0463323,0.0514868,0.122078,29.1478,19.0925,127.199
0.0464016,0.212565,0.161744,27.1753,18.9037,127.2
0.0458651,0.114268,0.0807347,30.4361,17.5189,127.209
0.0453233,0.109718,0.117008,31.9214,19.4422,127.209
0.0462999,0.251749,0.133786,27.3467,17.2512,127.209
0.0443433,0.113356,0.0933965,34.5587,19.6475,127.218
0.0484073,0.014107,0.164038,24.4371,19.948,127.219
0.0478853,0.00960874,0.158759,25.7448,18.4188,127.224
0.0488403,0.0969306,0.143434,22.0003,16.9911,127.235
0.0470541,0.0558714,0.101947,27.734,17.9947,127.25
0.0457832,0.085043,0.0644864,31.9218,17.1215,127.256
0.0440346,0.12455,0.0847071,35.3037,19.5043,127.261
0.0474577,0.0744598,0.103407,26.567,17.869,127.269
0.0468109,0.0234853,0.113467,28.907,19.5553,127.272
0.0460336,0.0635286,0.0878131,30.0691,18.383,127.275
0.0475063,0.129132,0.164364,25.5786,18.8885,127.278
0.0475988,0.00580673,0.160616,26.6399,19.5911,127.28
0.0446602,0.164063,0.0822892,33.5322,18.3821,127.282
0.0470128,0.142147,0.155993,26.2201,18.1667,127.287
0.0469481,0.0668406,0.121571,27.4459,18.5209,127.288
0.0505478,0.0142861,0.162023,19.4635,16.3812,127.29
0.0447189,0.0463792,0.0792998,34.6785,19.0047,127.293
0.0469735,0.168372,0.133165,26.8605,17.9165,127.298
0.0479135,0.0585225,0.107989,25.6744,17.4617,127.311
0.0474625,0.0185914,0.133021,26.3404,18.4201,127.318
0.0454297,0.281953,0.150766,29.3179,18.0964,127.321
0.0450595,0.117016,0.104962,32.6926,19.128,127.326
0.046045,0.100469,0.134442,29.9487,19.1384,127.327
0.0495346,0.0622672,0.110325,21.8214,15.3651,127.339
0.0456827,0.00296114,0.0648544,32.3886,18.5735,127.342
0.0484482,0.08761,0.160254,23.4698,17.6193,127.345
0.044178,0.0980732,0.0799256,35.2384,19.6414,127.353
0.0464929,0.0118857,0.0974446,29.6594,18.6334,127.365
0.0443704,0.204937,0.116558,33.3606,19.0911,127.366
0.0455872,0.0252872,0.110371,31.6246,19.4664,127.367
0.0455378,0.153836,0.142855,30.5557,19.8259,127.368
0.0442039,0.112381,0.0762436,35.1087,19.8857,127.37
0.0490128,0.0544168,0.129649,22.7015,16.8871,127.376
0.0481438,0.0614581,0.0669911,25.9643,15.5229,127.381
0.0436596,0.082901,0.0646519,37.9411,19.5196,127.387
0.0501986,0.00162793,0.154347,20.3873,17.0151,127.391
0.0477148,0.0731079,0.157831,25.8279,18.5007,127.396
0.0476279,0.0956617,0.132361,25.1894,17.9714,127.399
0.0485296,0.0328502,0.0849293,24.3761,16.8315,127.4
0.0505437,0.00900256,0.130597,19.126,15.0721,127.403
0.0446628,0.162385,0.0799414,33.9523,18.0431,127.405
0.0464011,0.020262,0.0966245,29.3806,18.3655,127.412
0.0450312,0.152459,0.0839899,32.5962,18.3885,127.417
0.04751,0.142693,0.110865,25.7187,16.5626,127.418
0.0463936,0.0316499,0.093362,29.0748,18.5287,127.419
0.0492461,0.11153,0.146631,21.7533,16.8353,127.421
0.0473799,0.0618957,0.110009,26.9144,17.894,127.422
0.0457365,0.198708,0.152862,29.805,19.4944,127.423
0.0503319,0.0563979,0.139088,19.9059,15.6909,127.426
0.0464507,0.0890904,0.142644,28.6715,19.6645,127.429
0.0461487,0.0592654,0.144805,29.1914,19.9782,127.43
0.0447729,0.0253444,0.0732676,34.9908,19.0388,127.435
0.0467053,0.14897,0.133483,27.0655,18.8859,127.442
0.0479887,0.106854,0.164222,24.4588,18.7238,127.451
0.0489199,0.0119814,0.114826,23.5212,17.797,127.462
0.0444301,0.132292,0.0828851,34.0699,19.8948,127.465
0.0466913,0.140667,0.142833,27.285,18.8734,127.47
0.0462058,0.0781709,0.058666,30.2466,16.5165,127.471
0.0459887,0.134624,0.113081,29.2024,18.8909,127.474
0.0464595,0.0295495,0.102496,29.0664,19.0301,127.492
0.0443608,0.110392,0.0929746,34.3013,19.1765,127.509
0.044715,0.291068,0.157352,31.5803,19.0539,127.52
0.0443434,0.0459471,0.0725263,35.9254,19.5432,127.521
0.0460015,0.0981769,0.146397,29.1168,19.8673,127.524
0.0475452,0.0386203,0.121252,26.148,18.2591,127.527
0.0445247,0.254556,0.135449,32.2285,19.5974,127.527
0.0459563,0.0171943,0.0630731,31.0458,17.4558,127.528
0.0453152,0.0598889,0.0757108,32.9385,18.1078,127.534
0.0468542,0.105571,0.155575,27.0017,19.2023,127.548
0.0445805,0.0513526,0.054302,35.0434,18.9376,127.565
0.0450802,0.142497,0.0816717,32.1,18.9752,127.57
0.0437317,0.220633,0.0976086,35.8254,19.7653,127.575
0.0478852,0.00724372,0.154961,25.605,18.3766,127.578
0.0469403,0.00808732,0.105877,28.3216,19.0157,127.582
0.0452771,0.259342,0.100876,30.9889,17.2012,127.583
0.0456944,0.102061,0.123913,30.2394,19.6506,127.586
0.0451785,0.0774124,0.0560682,33.0714,17.645,127.588
0.0461137,0.0384413,0.0964477,30.6257,19.6607,127.59
0.0453684,0.04643,0.089801,32.7821,19.7965,127.592
0.0464528,0.0973778,0.139152,28.1017,19.1786,127.593
0.0451413,0.103771,0.0931018,32.6984,19.095,127.598
0.0455592,0.0287488,0.115373,31.2578,19.472,127.599
0.0462773,0.144914,0.136956,28.8605,18.0933,127.601
0.048345,0.0111676,0.123363,24.8269,17.6908,127.605
0.0497258,0.0248561,0.115208,21.4618,16.0894,127.607
0.0465429,0.172968,0.146127,27.7811,18.5357,127.61
0.0457868,0.18849,0.153532,29.0854,19.4323,127.61
0.0474213,0.0574016,0.147228,26.4193,19.9344,127.616
0.0447675,0.135607,0.0761603,33.1128,18.9072,127.622
0.0447847,0.203653,0.0963108,32.224,18.168,127.623
0.0455589,0.166802,0.12592,30.0926,19.5862,127.624
0.0461154,0.0909492,0.113555,29.8639,18.6119,127.627
0.0495172,0.00833068,0.0728274,22.9419,14.6617,127.628
0.0473917,0.0102418,0.0844027,27.0593,17.0379,127.629
0.04571,0.145683,0.0993174,30.0255,18.214,127.632
0.0446149,0.179232,0.0833098,33.2146,18.9377,127.633
0.0458832,0.0959717,0.089389,30.7663,18.933,127.634
0.0465864,0.0865292,0.0929903,28.5428,17.3679,127.642
0.0472701,0.0308889,0.10043,27.9408,18.2766,127.643
0.0473291,0.194467,0.113931,25.985,16.4532,127.649
0.0466228,0.17709,0.116122,27.9595,17.6587,127.65
0.0485713,0.0439334,0.0717953,24.553,15.6403,127.657
0.0480975,0.0247901,0.0871919,25.8048,16.0638,127.676
0.0482684,0.0384562,0.161298,24.8145,18.1337,127.68
0.0477367,0.00169115,0.141354,26.0446,19.6766,127.697
0.0454213,0.0838216,0.0627223,32.6881,17.2423,127.704
0.0454191,0.0944397,0.106164,31.9365,19.3442,127.704
0.0457591,0.227748,0.100434,29.477,17.092,127.716
0.0471505,0.0489015,0.0895209,27.8552,17.3594,127.72
0.0441016,0.27876,0.131844,33.6705,19.9055,127.722
0.0478837,0.0196053,0.135905,25.7808,18.3824,127.729
0.0484253,0.0471344,0.0931051,24.9846,16.1747,127.73
0.0450244,0.0930464,0.108192,32.2278,19.9819,127.731
0.046034,0.0154289,0.10242,30.9372,19.2985,127.731
0.0459319,0.122058,0.149362,29.5518,19.287,127.736
0.0465677,0.0785454,0.142941,28.9295,19.9242,127.74
0.0505963,0.0247145,0.102116,19.3863,14.7478,127.743
0.0477964,0.158684,0.151451,24.765,17.088,127.749
0.0468143,0.196973,0.143247,26.2625,17.8126,127.754
0.0502323,0.0273287,0.0898478,20.9437,14.6188,127.756
0.0460347,0.212553,0.151329,28.9462,18.7949,127.759
0.0461523,0.0956813,0.103644,29.2018,18.4697,127.76
0.0482697,0.074753,0.10023,24.9672,16.7331,127.771
0.0439457,0.146368,0.0881209,35.1699,19.9387,127.773
0.044683,0.301819,0.15838,31.1292,19.6216,127.775
0.0437018,0.096776,0.0624041,37.9393,19.0236,127.78
0.0444085,0.188257,0.116594,33.7933,19.8752,127.783
0.0462558,0.0736635,0.106602,29.2391,18.8952,127.787
0.046376,0.00321421,0.0725109,30.6601,18.4326,127.792
0.0456451,0.129187,0.107837,30.8726,18.697,127.796
0.0465711,0.0609948,0.119895,28.5641,18.5114,127.798
0.0456015,0.124735,0.130252,30.2255,19.5656,127.8
0.0464198,0.101709,0.124682,28.6474,18.6727,127.803
0.0463898,0.107516,0.128472,28.9227,18.9251,127.817
0.0449526,0.219698,0.137861,31.8571,19.5743,127.818
0.0497088,0.107195,0.132871,20.4896,15.109,127.821
0.0459541,0.248372,0.124432,28.7475,17.6646,127.829
0.0468415,0.0882482,0.129662,27.7106,18.7934,127.833
0.048739,0.0269465,0.110895,23.4785,16.2818,127.834
0.0491607,0.0116151,0.147741,22.7147,17.5153,127.839
0.0439932,0.225347,0.109861,34.3459,19.5431,127.843
0.0446761,0.298679,0.161189,31.4323,19.9331,127.856
0.0445298,0.193048,0.087175,33.812,18.2682,127.86
0.0474344,0.0730618,0.0891943,26.4851,16.6966,127.863
0.0495785,0.0468813,0.129612,21.5252,16.3314,127.867
0.0492883,0.0637434,0.0762244,22.0153,14.7611,127.868
0.0487254,0.118747,0.143614,22.304,16.7928,127.874
0.045863,0.157893,0.0655084,30.7989,16.6268,127.877
0.0458229,0.0677044,0.0626256,31.6757,17.857,127.877
0.0446394,0.174947,0.0821763,33.9401,18.7572,127.883
0.051471,0.0147465,0.164657,17.9666,15.0982,127.884
0.0467744,0.0174823,0.140205,28.2948,19.5831,127.886
0.0483111,0.0416302,0.104758,24.6572,16.6447,127.894
0.0465244,0.197018,0.122753,27.9888,17.1728,127.895
0.0484147,0.00818339,0.131986,24.1562,18.9173,127.904
0.0467062,0.225036,0.153798,26.5556,17.2872,127.917
0.0492333,0.0679333,0.0791436,22.1247,14.5154,127.921
0.0514277,0.030807,0.130663,17.6181,14.9098,127.924
0.0454609,0.168588,0.137969,30.5711,19.0501,127.931
0.0475947,0.0171099,0.156577,26.5329,19.429,127.933
0.0436178,0.110805,0.0667724,37.8738,19.9723,127.939
0.0455382,0.0543505,0.103365,31.4723,19.8977,127.944
0.0453091,0.1121,0.126836,31.191,19.8421,127.949
0.0440214,0.230009,0.104682,34.3999,19.8638,127.958
0.0450207,0.208182,0.11383,31.7058,18.0185,127.959
0.0459064,0.135963,0.065847,30.32,16.7301,127.962
0.0484333,0.00696765,0.146528,24.1612,18.6971,127.965
0.0447924,0.0993503,0.0883364,33.5534,19.514,127.968
0.047439,0.0201322,0.135487,26.4726,18.2664,127.975
0.0493997,0.0554557,0.149591,21.1299,16.2027,127.976
0.0472038,0.0971514,0.156532,26.4327,18.1403,127.979
0.0504166,0.0337464,0.138242,19.4867,15.2385,127.98
0.0462642,0.0664028,0.107742,29.7257,18.3662,127.986
0.0490335,0.0431306,0.152882,22.6601,17.3304,127.99
0.0455247,0.0555436,0.0605856,32.9142,17.7637,128.006
0.0438178,0.274932,0.118571,34.0587,19.6048,128.006
0.0490821,0.0774901,0.0976102,22.9028,15.4413,128.01
0.0490275,0.0481787,0.128581,22.1171,16.2722,128.016
0.0440738,0.28878,0.130787,33.0294,19.3639,128.017
0.0471605,0.0624984,0.0512509,28.9502,15.0237,128.021
0.0497939,0.0809639,0.162334,20.1704,16.0511,128.021
0.0458649,0.166809,0.151765,29.3993,19.6162,128.033
0.0513656,0.0425468,0.132347,17.4933,14.5434,128.039
0.0487089,0.0432371,0.107774,23.1266,16.1442,128.04
0.0448499,0.143232,0.120194,32.843,19.5431,128.044
0.045829,0.263529,0.163046,28.0952,18.0058,128.053
0.0460487,0.105717,0.149313,29.6037,19.9664,128.058
0.0491778,0.104695,0.160765,21.0926,16.5635,128.06
0.0452653,0.118387,0.0657172,32.8556,17.744,128.063
0.0496199,0.121588,0.139603,20.5293,15.077,128.065
0.0495778,0.0382438,0.109114,21.6173,15.3171,128.08
0.0448114,0.0495862,0.0605833,34.6796,18.525,128.083
0.0494324,0.0713207,0.114137,21.3615,15.8873,128.089
0.0481724,0.161199,0.136929,23.0596,16.0549,128.102
0.0449935,0.21809,0.138214,31.8968,19.6096,128.105
0.0468776,0.0211537,0.106485,28.848,19.1041,128.115
0.047603,0.0161688,0.159366,26.4669,19.0174,128.133
0.0481823,0.157231,0.164883,23.8086,17.2426,128.134
0.0475135,0.119719,0.157541,25.4741,18.158,128.139
0.0455029,0.14285,0.144894,30.3497,19.4762,128.15
0.0464926,0.0323679,0.0793209,29.7296,17.0227,128.157
0.044761,0.211551,0.0976484,32.0755,18.5382,128.161
0.0505172,0.00222705,0.163694,19.0624,16.4634,128.164
0.0461648,0.282675,0.143079,27.6915,17.8598,128.165
0.0481932,0.0675914,0.154319,24.7727,18.4179,128.165
0.0457703,0.191901,0.15784,29.8058,19.8242,128.166
0.0448455,0.271936,0.118145,31.6861,18.2472,128.171
0.0490501,0.0315116,0.0743458,23.3561,15.0898,128.171
0.0497152,0.0140889,0.102104,21.9587,15.6788,128.172
0.0496238,0.0598915,0.0886154,21.3946,14.4173,128.177
0.0480271,0.135896,0.0929304,24.3789,15.4675,128.18
0.0447611,0.0892305,0.0992141,33.5731,19.0225,128.18
0.0476561,0.112914,0.114971,25.8352,17.3727,128.183
0.0485269,0.0496262,0.0752924,24.5511,15.31,128.183
0.0435137,0.218211,0.0838324,36.2717,19.4619,128.185
0.044381,0.118229,0.0866843,34.6808,19.213,128.188
0.0445132,0.191322,0.100878,33.9784,19.7751,128.192
0.0446133,0.143045,0.0975615,33.3617,19.7203,128.192
0.0452918,0.0560282,0.0868074,32.5021,19.69,128.192
0.046377,0.0527325,0.0529141,30.3776,16.9754,128.2
0.0475536,0.208571,0.143123,24.4055,16.5354,128.201
0.0442136,0.0833192,0.0805507,35.273,19.2157,128.203
0.0463992,0.0241976,0.0552487,30.9568,16.9396,128.21
0.049425,0.00550991,0.0860684,22.2836,15.055,128.217
0.0479559,0.0535109,0.10145,25.4565,17.6913,128.219
0.0500211,0.0182463,0.160041,20.4694,16.1757,128.22
0.0476068,0.0132527,0.158773,26.9841,19.7998,128.224
0.0441815,0.206268,0.0809642,34.2105,18.3695,128.225
0.0460612,0.108078,0.111277,29.4716,18.2042,128.225
0.0458381,0.0639178,0.113082,30.9235,19.2185,128.225
0.0476657,0.0120078,0.150519,26.9908,19.5569,128.232
0.049754,0.00470968,0.147875,21.4152,17.7472,128.239
0.0471287,0.214456,0.16587,25.043,17.8009,128.243
0.0465599,0.0187805,0.0897815,29.2526,18.9917,128.245
0.0495184,0.0752658,0.105302,21.1806,15.0002,128.246
0.0448894,0.247889,0.140561,31.5697,19.3093,128.247
0.0480849,0.0131956,0.0854704,25.333,16.5677,128.248
0.0453549,0.12735,0.0932869,31.3307,18.3106,128.249
0.0447183,0.285762,0.163941,31.1103,19.6127,128.257
0.0501934,0.00276888,0.162696,20.9668,17.4797,128.26
0.0456695,0.0618323,0.0996461,31.3912,19.5982,128.262
0.046266,0.0710763,0.132689,29.8037,19.5659,128.263
0.0451483,0.17621,0.105232,31.7126,18.1993,128.263
0.0443011,0.238144,0.114719,33.8676,19.8996,128.265
0.0478243,0.0590656,0.12982,25.7586,18.5389,128.267
0.0461367,0.177912,0.147129,28.88,18.9002,128.277
0.0456433,0.220845,0.161365,29.4024,19.4141,128.281
0.0447528,0.192704,0.115332,32.0798,19.5064,128.285
0.0478063,0.147586,0.149213,24.4486,17.8745,128.302
0.0448958,0.177275,0.0938891,32.6385,18.8776,128.302
0.0459291,0.252862,0.124249,28.9089,17.777,128.304
0.0437169,0.131718,0.0793789,36.5084,19.8506,128.311
0.047963,0.0119758,0.11792,25.2919,17.5617,128.319
0.0466955,0.0242239,0.111846,28.2429,18.4991,128.323
0.0486581,0.0531092,0.160084,23.3472,18.5201,128.325
0.0478351,0.064112,0.130513,25.0647,18.0905,128.328
0.0458216,0.0793716,0.100321,30.229,18.1181,128.331
0.0439102,0.168961,0.090734,35.599,19.8945,128.34
0.0451106,0.185761,0.109497,31.5343,18.6369,128.345
0.0472769,0.0271518,0.0973666,27.3388,18.1216,128.361
0.0439303,0.246149,0.112347,34.7947,19.508,128.364
0.0478121,0.0574326,0.112696,25.3109,17.6416,128.367
0.045226,0.0121355,0.0767257,33.0758,19.9671,128.369
0.0501419,0.0171751,0.116937,20.0859,15.4014,128.369
0.0462455,0.111988,0.0855616,29.0709,17.2042,128.37
0.0449018,0.141878,0.0619248,33.5701,17.0045,128.371
0.0470771,0.0028354,0.149398,27.7196,19.3211,128.374
0.0448693,0.0439484,0.0935469,33.9689,19.9868,128.375
0.0485456,0.074121,0.148934,23.0921,17.0263,128.376
0.0455033,0.261527,0.149767,29.8818,18.9474,128.377
0.0450763,0.18107,0.141414,31.939,19.4932,128.384
0.0463772,0.0806377,0.0767228,29.2599,17.9303,128.392
0.0452791,0.203766,0.165941,30.9159,19.6059,128.397
0.046004,0.031694,0.0914937,30.5815,18.6954,128.401
0.0470029,0.156726,0.161454,26.8578,18.0418,128.407
0.0441806,0.0888043,0.079806,35.525,19.7012,128.417
0.0468515,0.100724,0.146499,27.7526,19.5782,128.426
0.0457597,0.0796452,0.120475,30.7394,19.2682,128.426
0.0469351,0.00748541,0.111143,28.7658,19.7334,128.431
0.0474097,0.0350835,0.0668389,27.4481,16.9918,128.432
0.0474,0.13909,0.147154,25.8891,17.4399,128.434
0.0455159,0.189164,0.108607,30.4729,18.2764,128.434
0.0506644,0.00192181,0.146986,19.018,16.1759,128.44
0.0475682,0.0432643,0.0851546,26.2706,16.3165,128.44
0.0478517,0.0404915,0.0628997,26.5919,15.3031,128.443
0.0474148,0.0632958,0.133005,26.0303,18.8543,128.444
0.0459685,0.254502,0.118979,28.8741,17.3546,128.444
0.0498297,0.0680375,0.154758,20.8956,16.3483,128.445
0.046613,0.0704473,0.139026,28.5371,19.4082,128.446
0.0480364,0.0852589,0.163995,24.1903,18.2115,128.456
0.0477955,0.0310299,0.0752461,26.2835,16.0463,128.457
0.0443875,0.0971023,0.0928079,34.1586,19.5428,128.458
0.04593,0.138725,0.123816,29.5297,18.9432,128.458
0.0480242,0.0229741,0.124683,25.268,18.9948,128.477
0.0464214,0.024703,0.125005,29.2023,19.5679,128.489
0.0458825,0.0749238,0.124288,30.6373,19.7022,128.491
0.0469567,0.00398048,0.109499,28.7325,19.7626,128.491
0.0470939,0.0554114,0.0930493,27.5205,17.7767,128.495
0.0479814,0.0251095,0.147882,25.5631,19.4693,128.497
0.0454196,0.0142954,0.0947237,32.9038,19.1845,128.5
0.0446441,0.0173818,0.0558953,35.6161,18.1728,128.501
0.045591,0.0265435,0.104411,31.1264,19.8999,128.508
0.0456171,0.0647995,0.106261,31.896,19.0113,128.511
0.0486477,0.15521,0.120587,22.849,15.4843,128.517
0.0485619,0.0833625,0.133342,23.7283,17.6887,128.521
0.0485078,0.0405081,0.0783232,24.6997,15.9283,128.525
0.0442147,0.172537,0.0936105,34.3724,19.4286,128.527
0.0488288,0.0330567,0.114596,23.579,17.2569,128.528
0.0447735,0.0826276,0.0613258,34.9274,18.1762,128.529
0.0485637,0.0567191,0.141673,23.758,17.4576,128.529
0.0451332,0.1969,0.100492,31.1695,18.1506,128.529
0.0449984,0.119782,0.059743,33.5263,17.789,128.532
0.0439726,0.0578928,0.0720645,36.7552,19.049,128.533
0.0432398,0.0796441,0.0525773,39.1344,19.3272,128.534
0.0478001,0.0484866,0.118686,25.7617,17.3387,128.541
0.0493283,0.0108541,0.131026,22.5257,17.1941,128.548
0.0464009,0.0441737,0.116166,29.4854,19.4677,128.555
0.0495803,0.0229637,0.0667354,22.6397,14.1666,128.563
0.0464346,0.038515,0.118486,29.3059,19.4313,128.563
0.0445456,0.244401,0.130129,32.9057,19.0519,128.568
0.0460029,0.218732,0.155767,28.4705,18.3039,128.568
0.0483465,0.0641399,0.084057,24.4294,15.1453,128.575
0.0468895,0.0181429,0.113177,28.3898,19.3514,128.579
0.0435104,0.0463267,0.0576499,38.1687,19.0009,128.58
0.0446271,0.0740379,0.0818573,34.37,19.6683,128.58
0.0447709,0.18193,0.125204,32.4614,19.0915,128.602
0.0491611,0.0349946,0.163144,22.2582,18.2847,128.613
0.0494901,0.0884049,0.0906388,21.1145,14.7251,128.621
0.0454405,0.0762204,0.124285,31.686,19.3855,128.625
0.0476098,0.0360334,0.0996279,26.3167,17.0082,128.634
0.0436178,0.252158,0.102876,35.0024,19.1491,128.64
0.0438678,0.268531,0.116039,34.0737,19.3282,128.641
0.0484851,0.00288349,0.156772,24.0893,19.0081,128.647
0.0484156,0.191469,0.164592,22.449,16.811,128.648
0.0449332,0.210566,0.147561,31.2777,19.3641,128.657
0.0472499,0.021339,0.0521254,28.0089,15.7894,128.661
0.0464578,0.0147518,0.103239,29.9386,19.7263,128.662
0.0458042,0.1004,0.0558632,31.817,16.7942,128.67
0.0486146,0.10051,0.0921244,23.2252,15.943,128.671
0.0459487,0.160946,0.117929,29.4848,18.3016,128.673
0.0435716,0.0433824,0.0554235,38.1935,19.2087,128.674
0.0443515,0.107842,0.0611536,35.3407,18.7372,128.677
0.0450764,0.125757,0.0950807,32.9152,19.7433,128.683
0.0440944,0.0570024,0.0636064,36.3627,19.244,128.69
0.0446,0.09567,0.0772495,34.9632,19.0283,128.702
0.0497121,0.0335166,0.102379,21.4098,15.153,128.705
0.047034,0.0246472,0.0722636,28.9887,17.5716,128.708
0.0449909,0.145455,0.104028,32.2254,19.3501,128.714
0.0444833,0.145284,0.0703417,34.0432,18.087,128.715
0.0448687,0.186706,0.0899168,32.7456,18.8186,128.72
0.0460708,0.129611,0.127226,29.8716,19.0095,128.721
0.046211,0.173274,0.162312,28.1531,19.3742,128.726
0.0481774,0.00793347,0.0853502,25.2433,16.6976,128.732
0.0489317,0.0706833,0.140755,22.0862,16.7115,128.74
0.0481829,0.0954662,0.0885565,24.2116,15.9496,128.744
0.0487936,0.0425843,0.115452,23.2335,17.2422,128.745
0.0444258,0.0235837,0.0761552,35.2871,19.7149,128.746
0.0498227,0.0771284,0.151823,20.6098,16.882,128.749
0.0478656,0.11755,0.153358,24.7471,17.9671,128.75
0.0480201,0.0222914,0.116461,25.0598,18.6275,128.758
0.0485179,0.0358962,0.0856308,24.5849,16.4436,128.759
0.0450603,0.228722,0.0898985,31.9686,17.6081,128.764
0.0449122,0.0836194,0.0819263,33.9895,19.6579,128.765
0.0474675,0.0145279,0.130581,26.6811,18.7605,128.773
0.0441909,0.17709,0.0998011,34.3105,19.433,128.775
0.0462578,0.162631,0.158388,28.1973,19.429,128.775
0.0442861,0.139038,0.0914629,34.3267,19.6477,128.785
0.049884,0.0229333,0.0774266,21.3829,14.8963,128.785
0.0477666,0.0371418,0.150495,25.0853,18.202,128.785
0.0456773,0.0489021,0.0546911,32.795,17.3925,128.792
0.0465653,0.0236572,0.102991,29.8063,19.3351,128.793
0.0473659,0.0770284,0.122224,26.5597,18.4916,128.794
0.0489485,0.0929519,0.104849,22.7649,15.5903,128.797
0.0498396,0.0865727,0.123658,20.1721,15.2005,128.806
0.0445966,0.0754237,0.0844064,34.0789,19.4778,128.809
0.0449158,0.330356,0.151817,30.3259,18.6041,128.811
0.0439705,0.0236863,0.0552287,37.8789,19.186,128.812
0.0468196,0.0269445,0.0949687,28.6434,18.7814,128.812
0.0465272,0.199638,0.117105,27.9503,17.6061,128.813
0.0458256,0.0458718,0.125389,30.9517,19.6477,128.816
0.0490589,0.152144,0.13167,21.4553,15.8586,128.821
0.0466328,0.159655,0.145711,27.6935,18.4858,128.823
0.0460448,0.106896,0.116414,29.6721,18.4583,128.826
0.0465348,0.219309,0.0974766,27.0996,16.91,128.827
0.0446233,0.318099,0.1632,31.3547,19.0147,128.83
0.0439806,0.0713529,0.073293,36.6319,19.7704,128.838
