beta,permeability,xi,init_days,delay,value
0.109259,0.0196916,0.152944,10.9861,6.38896,184.314
0.106785,0.0313952,0.140818,11.094,6.42235,193.657
0.102133,0.0443713,0.159937,13.8685,7.9053,196.921
0.104633,0.00405245,0.128089,12.2364,7.14207,197.04
0.102696,0.0116696,0.128106,13.129,6.03629,197.137
0.105099,0.00763525,0.133941,12.9017,6.65557,197.232
0.0837361,0.0398622,0.0994558,24.6906,7.84372,197.573
0.0930894,0.00881738,0.0964319,18.4907,6.02927,198.133
0.0927944,0.0577753,0.134005,18.9559,7.84668,199.225
0.1001,0.0458316,0.126694,14.0163,6.18144,199.486
0.0941375,0.08915,0.160537,17.7889,7.6992,200.534
0.0957371,0.0383999,0.124913,16.1742,8.77074,200.824
0.0823629,0.0506854,0.0989195,25.2088,7.81572,200.862
0.0937776,0.0763088,0.150988,17.3283,8.53968,201.171
0.101865,0.0107152,0.124965,13.8984,8.51178,201.173
0.084042,0.00552799,0.0908833,24.8712,7.81676,201.451
0.0908113,0.0896865,0.15037,19.1881,7.84821,201.656
0.0997552,0.0552477,0.144268,14.0362,7.66398,202.406
0.10174,0.0345032,0.146737,13.7565,8.12994,202.629
0.0984051,0.00683325,0.103943,15.8101,6.66645,202.706
0.0847431,0.0848123,0.114149,23.1055,7.48542,203.397
0.104705,0.0220224,0.149449,12.9588,7.48737,203.756
0.102348,0.0448299,0.162703,13.2498,7.77235,203.874
0.0962356,0.0415034,0.111796,16.3089,6.59813,204.012
0.103913,0.0302584,0.151526,12.462,8.34824,204.06
0.0961162,0.0543828,0.128538,16.0261,6.49102,204.154
0.0807945,0.0925612,0.108707,26.6567,7.29371,204.197
0.09997,0.0306031,0.131912,14.1572,7.02214,204.472
0.101922,0.043,0.129904,13.8215,6.87248,204.762
0.0878558,0.0641203,0.108393,21.1254,6.93794,204.835
0.0847099,0.0875855,0.120304,23.8045,7.43219,205.752
0.0965987,0.00848584,0.108253,16.7763,6.21802,205.821
0.0889404,0.0594858,0.121901,20.0749,8.55147,206.025
0.101846,0.0565123,0.145923,13.2017,6.67328,206.157
0.108353,0.0592058,0.165275,10.1719,6.91906,206.289
0.101922,0.0559836,0.15307,13.1706,6.17869,206.901
0.0894748,0.0654118,0.133082,20.5961,7.69619,207.244
0.0816937,0.145088,0.135904,25.7259,7.38151,207.318
0.111908,0.00448902,0.160977,9.60083,6.99911,207.451
0.0956497,0.0766732,0.143336,16.183,7.35488,207.503
0.0937521,0.0862551,0.14086,17.1176,7.54558,208.512
0.0975289,0.0658924,0.162758,15.924,8.5774,208.585
0.0957282,0.0711689,0.16092,16.2862,8.08971,208.777
0.0886699,0.0547721,0.121279,20.2914,9.92062,208.865
0.0869846,0.0344486,0.0939219,22.0138,5.0773,209.048
0.108815,0.0265287,0.160542,10.1276,7.8276,209.999
0.109697,0.00517009,0.130499,10.3086,5.14121,210.145
0.0843534,0.140602,0.147895,23.5254,7.47954,210.166
0.0927001,0.0069079,0.110224,18.2133,8.54438,210.179
0.0912347,0.0944283,0.163284,18.6061,10.5898,210.188
0.105024,0.000699478,0.136324,12.9071,7.5926,210.317
0.108949,0.0347312,0.1438,10.899,6.3163,210.317
0.0999487,0.0456637,0.137593,14.9401,6.70314,210.397
0.0902794,0.125473,0.165219,19.8028,7.29857,210.597
0.0884208,0.0306986,0.101952,21.9012,6.834,210.646
0.0959219,0.0511486,0.146724,16.9641,8.7331,210.893
0.0998796,0.0538092,0.124084,14.3964,6.91378,211.04
0.104975,0.00887794,0.12214,12.7906,5.28264,211.072
0.102462,0.0106985,0.129308,13.0745,6.13701,211.227
0.0826297,0.119445,0.138784,24.4294,9.195,211.264
0.0837195,0.0532399,0.103189,24.2347,7.66133,211.293
0.0993162,0.0278165,0.139554,14.7595,9.88003,211.296
0.0872737,0.110167,0.149959,21.8854,8.94176,211.329
0.102975,0.00504691,0.142831,13.0176,7.42867,211.542
0.101552,0.0123573,0.13704,13.0132,9.99176,211.542
0.083404,0.0949646,0.115518,24.6096,7.64544,211.785
0.0743886,0.0473839,0.0935487,32.6898,8.51454,211.978
0.0841741,0.138383,0.150349,23.7295,8.11435,212.038
0.0918782,0.0715318,0.132432,18.1497,8.06592,212.17
0.079627,0.0242379,0.0987978,27.2819,9.16299,212.518
0.109705,0.00279604,0.16312,10.2148,7.80614,212.664
0.0867699,0.0473352,0.117549,22.1847,7.75402,212.712
0.107291,0.00406996,0.142383,11.3584,6.91683,212.722
0.0924288,0.0766188,0.134453,18.0147,7.97631,212.741
0.0914557,0.0895984,0.150637,18.392,9.01001,212.81
0.0844665,0.0723647,0.114645,23.7987,8.1472,212.837
0.0873705,0.117321,0.155127,21.2673,7.66722,212.858
0.094493,0.0439591,0.13639,17.9506,7.7735,212.896
0.109816,0.00212689,0.119226,10.992,5.7718,213.023
0.0926575,0.0531933,0.134136,18.3109,7.18806,213.187
0.0937512,0.081825,0.133133,17.302,7.18109,213.191
0.102683,0.0179199,0.110838,13.8942,5.52793,213.24
0.076688,0.198949,0.159755,29.656,8.8489,213.294
0.0876313,0.0921659,0.140503,21.6906,7.16487,213.754
0.0800915,0.132373,0.13726,26.857,9.80388,213.859
0.0865534,0.0299224,0.105384,22.1592,7.23223,213.907
0.0745162,0.180601,0.126672,31.9525,8.07289,214.03
0.100044,0.0263857,0.120879,14.2724,6.97241,214.077
0.0925882,0.0295914,0.104217,18.71,7.08705,214.148
0.0821413,0.120824,0.120937,25.1398,6.52679,214.455
0.0756226,0.137785,0.123493,30.6416,9.069,214.51
0.0877233,0.063496,0.120972,21.5466,7.46064,214.683
0.0901596,0.0224301,0.106107,20.4541,6.80364,214.855
0.0933848,0.0171255,0.119016,18.584,7.63608,214.916
0.076384,0.077362,0.0973511,30.3556,7.60543,215.046
0.0843929,0.10598,0.116616,23.8255,7.46129,215.048
0.0863653,0.0398664,0.113721,22.2348,8.45698,215.124
0.0989376,0.0437293,0.157093,14.1663,10.8684,215.159
0.0798391,0.0598878,0.100234,27.201,7.02692,215.162
0.0751971,0.0816385,0.101794,31.0259,8.27101,215.189
0.0899759,0.0953426,0.150775,19.5007,9.50724,215.334
0.0733235,0.0226526,0.0899223,33.3551,9.16043,215.447
0.101897,0.0407099,0.139498,13.1443,6.2668,215.48
0.117385,0.0096755,0.144966,7.34268,5.21561,215.487
0.10278,0.00367587,0.11071,13.4878,6.32042,216.086
0.0917701,0.0164161,0.104412,19.0813,6.36426,216.234
0.0983281,0.0533944,0.132984,15.3907,6.46485,216.284
0.0830359,0.0682838,0.11617,24.3059,9.00769,216.303
0.0855257,0.117277,0.142542,22.3781,8.92784,216.355
0.0878944,0.110136,0.155744,20.8185,10.974,216.406
0.0780868,0.157536,0.12357,28.417,7.07847,216.441
0.107129,0.0110553,0.113393,11.666,5.37827,216.443
0.110947,0.00079846,0.155288,9.92228,9.22645,216.608
0.0689973,0.0508721,0.0868639,38.9613,8.1812,216.663
0.101067,0.0195156,0.138883,13.6757,10.1603,216.876
0.102579,0.0321752,0.126021,13.1596,5.57138,216.894
0.0845258,0.094593,0.120913,23.3469,7.55895,217.009
0.105844,0.0345003,0.154283,11.1537,8.95529,217.031
0.108677,0.0157071,0.152619,10.9989,8.47643,217.052
0.0845537,0.0921688,0.109692,23.4299,7.7081,217.089
0.0797571,0.104776,0.10726,27.7599,6.01652,217.202
0.0853668,0.021893,0.0923933,23.328,6.15196,217.222
0.0823296,0.15167,0.151588,24.1871,9.08776,217.226
0.081622,0.0420398,0.0877809,26.5134,5.40348,217.241
0.106849,0.0123459,0.150966,11.1188,6.64037,217.292
0.0906957,0.0947257,0.141246,19.5969,7.03788,217.339
0.0954252,0.00382776,0.126279,17.9492,7.77294,217.377
0.106845,0.00922969,0.146885,11.3812,6.45287,217.413
0.0854095,0.103076,0.141125,22.4484,9.68307,217.754
0.0855866,0.0249107,0.10791,23.648,7.24841,217.769
0.0748407,0.157594,0.126005,31.7967,8.23568,217.806
0.0805428,0.154861,0.144229,26.8831,7.82895,217.901
0.0798291,0.0989009,0.118764,27.3679,7.73919,217.936
0.0799642,0.0286825,0.100584,27.4845,8.3442,217.978
0.093988,0.0699772,0.127431,17.7581,7.73785,217.999
0.0746772,0.0648404,0.0886293,32.2267,6.01421,218.118
0.086923,0.0518808,0.101349,22.5246,5.77918,218.149
0.0817199,0.115473,0.114491,25.5161,7.15972,218.168
0.0855688,0.118067,0.135534,22.1259,8.71289,218.291
0.0968494,0.0144199,0.135648,16.3999,7.03126,218.325
0.0741301,0.201992,0.158914,31.1596,10.0173,218.356
0.0935033,0.0966235,0.155387,17.3341,7.73715,218.422
0.0878739,0.0548594,0.108605,21.5327,7.239,218.428
0.0957622,0.0697726,0.129498,16.0084,6.95907,218.439
0.0991405,0.071006,0.163446,14.419,8.09884,218.522
0.0769811,0.0925801,0.113999,29.7817,9.79796,218.726
0.0838227,0.0188703,0.104035,24.0149,8.67192,218.745
0.0792709,0.0268706,0.0869297,28.8133,6.37624,218.758
0.0988877,0.00355781,0.140925,15.785,7.31623,218.786
0.0987218,0.00579903,0.119647,15.4962,6.55872,218.894
0.0709826,0.202641,0.121235,35.838,7.17534,218.992
0.0806824,0.107162,0.128997,26.685,8.78963,219.029
0.0908341,0.0197948,0.111872,19.3119,8.516,219.092
0.0977541,0.00192228,0.125648,15.1614,9.0314,219.199
0.0917785,0.0352859,0.133279,18.7289,10.1026,219.275
0.0983457,0.0228754,0.104241,15.8788,6.71149,219.279
0.0732152,0.18398,0.141562,32.7989,10.1862,219.347
0.0852342,0.0505109,0.109239,23.9771,7.85629,219.371
0.0736016,0.103482,0.113521,32.6778,10.1747,219.452
0.0922634,0.0813702,0.160771,18.4714,7.03008,219.529
0.0921685,0.0918873,0.161205,18.8256,8.15953,219.686
0.0949049,0.0116853,0.125448,17.2433,7.99404,219.785
0.0745439,0.140848,0.116038,31.4603,9.20526,219.831
0.0859781,0.124369,0.132051,22.9309,6.39986,219.87
0.105542,0.0307829,0.164568,11.2701,9.11011,219.901
0.0768013,0.185323,0.132926,29.1165,7.09372,219.911
0.0947039,0.0585455,0.158933,16.6377,11.0609,219.957
0.0720709,0.0349927,0.0808289,35.5698,6.56164,220.039
0.0877461,0.0253422,0.100034,21.5931,8.53089,220.089
0.0848131,0.0815008,0.13264,23.9966,8.33311,220.205
0.0847991,0.101084,0.111252,23.0788,6.76357,220.298
0.10358,0.0821769,0.157671,12.4494,6.79334,220.473
0.07318,0.112496,0.0956673,33.3778,7.70349,220.494
0.0871202,0.0676538,0.130109,21.9028,9.09142,220.506
0.105836,0.0311297,0.156123,11.4773,8.41092,220.512
0.0962581,0.0277906,0.137824,16.3766,8.25221,220.55
0.0904638,0.090356,0.151612,19.9079,7.00632,220.669
0.0937943,0.0997689,0.150562,17.8434,6.44584,220.74
0.0772955,0.046748,0.101162,29.4657,9.64142,220.759
0.0802895,0.133075,0.144117,26.8711,9.59627,220.788
0.0787159,0.0675676,0.0958525,28.1123,7.43803,220.797
0.0842272,0.0966064,0.1173,23.5152,8.71573,220.855
0.0689759,0.247521,0.142358,37.3196,8.64223,220.89
0.0879044,0.0867834,0.150635,20.8958,11.1782,220.899
0.093377,0.111732,0.16332,17.1455,7.56752,220.907
0.0748466,0.139165,0.11231,31.6767,8.90215,220.932
0.107263,0.0142878,0.133006,11.7787,5.20443,220.975
0.0695933,0.137466,0.0975954,37.7563,7.43111,221.016
0.0895119,0.0367187,0.104242,20.8019,7.64161,221.119
0.0934214,0.0464017,0.14614,17.9344,10.0832,221.204
0.0839086,0.0463012,0.111788,24.2745,7.68337,221.607
0.0981456,0.0504719,0.163358,15.43,8.01949,221.627
0.0697823,0.105285,0.0952911,37.6342,7.16329,221.705
0.105916,0.0223836,0.14696,11.505,8.15757,221.825
0.100674,0.0258376,0.15173,13.0079,11.6446,221.827
0.072427,0.0764594,0.0988786,34.2738,8.40459,221.846
0.0961187,0.0278307,0.107778,16.758,7.291,221.935
0.092625,0.0457637,0.13189,18.9725,7.54238,222.026
0.0882821,0.0728238,0.133423,20.7014,10.8467,222.035
0.095177,0.0942108,0.159885,16.6242,8.28744,222.117
0.0771994,0.194192,0.163275,28.0553,10.8786,222.23
0.0839332,0.0650875,0.116373,24.1967,7.284,222.284
0.0954646,0.0716173,0.142253,16.9107,8.24716,222.32
0.0790363,0.0992711,0.11371,27.2659,9.69826,222.382
0.111266,0.00853895,0.153377,9.27272,7.92751,222.389
0.0725585,0.223714,0.152462,33.6104,8.26392,222.399
0.0969084,0.0144529,0.109108,16.582,5.80451,222.48
0.09143,0.00383305,0.0972636,19.2273,7.15501,222.559
0.0801684,0.0911607,0.125725,26.5811,10.2856,222.564
0.0743204,0.130609,0.103523,32.4223,6.79095,222.664
0.0902769,0.0190982,0.122246,19.1639,10.9925,222.668
0.105488,0.000505524,0.131999,12.4271,6.12229,222.698
0.0838884,0.124295,0.163785,23.8558,10.753,222.706
0.0704993,0.0771561,0.0894726,36.4024,8.27563,223.03
0.104943,0.0231051,0.131769,12.8539,6.51445,223.139
0.075343,0.0703474,0.100483,31.0857,8.23229,223.159
0.111918,0.00857978,0.143697,9.55031,5.46093,223.171
0.071906,0.21112,0.130219,34.8835,7.74066,223.258
0.0820425,0.127866,0.147919,24.0881,11.4491,223.287
0.0744501,0.0434929,0.0960413,32.7428,8.57727,223.289
0.110974,0.0090494,0.161923,9.09612,8.46931,223.29
0.114603,0.00220995,0.136487,8.17623,6.91366,223.385
0.0794219,0.0185848,0.0906256,28.898,6.28464,223.427
0.0945155,0.0590709,0.161025,17.1054,8.53516,223.443
0.0798658,0.0967745,0.132729,26.8002,11.8426,223.485
0.0791699,0.156061,0.122657,27.7785,7.0535,223.492
0.0698566,0.204475,0.122321,36.4062,8.23467,223.506
0.0705603,0.0355256,0.0913131,36.1611,9.14353,223.602
0.0658286,0.255503,0.12545,41.4725,8.91999,223.605
0.116799,0.00990518,0.156356,7.66729,6.34885,223.635
0.0991833,0.00906934,0.139102,15.4556,7.22299,223.64
0.0734463,0.231336,0.163572,32.7233,8.59888,223.662
0.0787406,0.0107199,0.0909002,28.7029,8.24003,223.663
0.0891684,0.101492,0.165382,20.9515,8.20675,223.669
0.0701831,0.0605154,0.0959351,36.4403,10.348,223.714
0.0927814,0.0138487,0.0967767,18.3529,7.85905,223.732
0.0732623,0.18311,0.141293,32.0629,10.7603,223.734
0.110886,0.0551933,0.164638,9.83769,6.53503,223.745
0.0948422,0.0211826,0.115367,17.0346,7.40594,223.786
0.0931299,0.0280012,0.134092,18.0813,7.69158,223.789
0.113915,0.00267221,0.139151,8.44426,7.32252,223.876
0.0731541,0.232029,0.16476,32.5725,9.81973,223.888
0.0743161,0.12426,0.112415,32.5066,7.97166,223.894
0.0711771,0.230354,0.153887,34.1849,10.6109,223.913
0.100792,0.0138304,0.113318,14.9449,6.68778,223.935
0.0684629,0.159442,0.106598,38.9122,8.83652,223.945
0.0826841,0.127809,0.126335,24.5284,8.56662,224.058
0.0953247,0.112698,0.161267,16.9247,7.38162,224.254
0.0980257,0.00558344,0.103431,15.8351,7.55142,224.261
0.0715893,0.172635,0.125028,34.6352,9.81555,224.287
0.0839106,0.146897,0.164781,23.9287,9.72111,224.29
0.0957443,0.0392781,0.143336,16.9398,9.40884,224.305
0.0686807,0.226086,0.143537,37.1735,10.7441,224.339
0.111227,0.016158,0.142799,9.55902,7.37142,224.363
0.0688166,0.176675,0.118684,37.3963,10.4834,224.472
0.0799841,0.145122,0.160629,26.4699,10.5091,224.475
0.097671,0.0549446,0.129416,15.5212,6.93935,224.515
0.0871869,0.00904523,0.0849615,22.6951,5.2342,224.536
0.114338,0.0133216,0.147912,8.35925,5.06506,224.561
0.100867,0.00964577,0.151084,14.0908,7.03379,224.576
0.094194,0.0791879,0.165362,17.4775,7.60888,224.632
0.10729,0.0173961,0.160623,11.4277,7.05248,224.67
0.0903316,0.0636676,0.134566,19.3181,9.56293,224.673
0.0785316,0.106734,0.103451,28.1151,6.01739,224.696
0.0780227,0.149917,0.128343,28.5842,8.77686,224.736
0.0938673,0.0409654,0.126172,17.5602,8.93401,224.793
0.0757908,0.1777,0.131636,30.3745,7.01124,224.882
0.0934379,0.0230228,0.108528,18.3077,6.11428,224.977
0.0889739,0.0833634,0.140569,20.3201,7.41472,224.99
0.0798499,0.0911068,0.13106,26.6654,11.5759,225.009
0.0983624,0.021039,0.144824,15.3726,7.20728,225.107
0.077601,0.0474415,0.0983745,29.2298,8.78489,225.116
0.0994105,0.0966827,0.157477,14.1598,6.86395,225.181
0.0825593,0.084847,0.126895,24.9215,10.6923,225.277
0.0811073,0.0848391,0.127393,25.9192,11.7367,225.28
0.0779538,0.148763,0.149412,28.6847,9.56027,225.364
0.11227,0.00551136,0.124255,9.3393,5.6387,225.38
0.0746355,0.187069,0.156731,31.9016,9.28441,225.387
0.0868277,0.0687061,0.126968,21.0884,10.5054,225.429
0.0684807,0.15083,0.103212,38.0686,8.07895,225.44
0.0941243,0.0582063,0.153314,17.0079,7.05536,225.479
0.0903976,0.017412,0.122918,19.1656,10.1791,225.497
0.101914,0.0306707,0.15921,13.7675,8.42426,225.512
0.08412,0.120289,0.142301,23.0895,8.90875,225.591
0.0699318,0.24313,0.14826,36.8861,8.87746,225.648
0.0921874,0.0868673,0.121144,18.2861,6.73771,225.665
0.0730827,0.00576948,0.0785504,34.7329,6.38681,225.886
0.0779852,0.185174,0.158373,28.2909,8.06288,225.959
0.093878,0.0585489,0.159614,17.7946,9.27174,226.05
0.102003,0.0484593,0.123234,13.0559,6.06273,226.149
0.106021,0.0166982,0.131676,11.4954,8.93787,226.312
0.0655102,0.250238,0.134381,41.0644,10.663,226.327
0.0743164,0.178998,0.149403,31.0427,10.1574,226.34
0.0660899,0.24021,0.117796,41.0996,7.84225,226.34
0.0904501,0.101761,0.128733,19.4326,6.24913,226.482
0.101995,0.0196261,0.114769,13.4902,7.33136,226.484
0.0847719,0.0786566,0.14526,22.3066,12.8665,226.62
0.0973232,0.0757449,0.165078,15.9873,7.44663,226.746
0.102204,0.057932,0.155161,13.4761,6.86155,226.776
0.0994315,0.00533796,0.116963,14.0834,9.53665,226.78
0.114887,0.00332381,0.146002,8.61806,5.6531,226.861
0.0788343,0.20004,0.16434,27.7148,7.79249,226.888
0.0795468,0.141328,0.153025,27.5773,8.93322,226.934
0.0845651,0.134218,0.13303,23.8519,6.78122,226.945
0.0791503,0.147942,0.155914,27.0407,9.43518,226.951
0.094208,0.0548734,0.139226,17.5157,8.89914,226.958
0.097139,0.0840244,0.160522,15.6052,7.7697,227.01
0.0802913,0.0982074,0.124849,26.6151,9.18541,227.013
0.106554,0.0305798,0.165755,11.6261,6.25526,227.022
0.0775749,0.106356,0.113153,29.9368,7.8968,227.03
0.0905921,0.0824074,0.154173,19.3438,7.3481,227.051
0.100598,0.00187513,0.127177,14.2777,6.72968,227.134
0.0985394,0.0156156,0.10553,15.7544,5.45655,227.17
0.0898144,0.0246328,0.0916865,20.7653,6.81393,227.182
0.0837458,0.131172,0.148044,23.5085,9.08524,227.188
0.100195,0.0481637,0.125136,14.6215,6.77749,227.237
0.0794564,0.0695429,0.112993,27.042,9.36476,227.364
0.0743367,0.232864,0.161667,31.137,8.50745,227.385
0.0842362,0.104482,0.133637,23.3353,8.79096,227.471
0.0864559,0.0565862,0.122761,22.864,7.04949,227.495
0.0791918,0.138613,0.150339,27.2961,9.83893,227.51
0.0658086,0.225211,0.123432,41.2307,9.51657,227.522
0.109628,0.0165162,0.164368,10.449,6.31607,227.612
0.0711457,0.168749,0.124244,35.651,8.11475,227.633
0.0825353,0.0184643,0.0964558,25.081,7.206,227.723
0.0983886,0.0332745,0.152081,15.94,8.65129,227.834
0.0945561,0.0264082,0.1326,17.4328,7.51621,227.868
0.0818901,0.114673,0.128047,25.6222,7.86208,227.91
0.088228,0.0297905,0.122358,21.5806,7.96637,227.927
0.0684956,0.116255,0.0980503,38.7903,9.3325,227.93
0.0754399,0.0923273,0.120608,30.4192,11.8933,227.972
0.103698,0.0222507,0.162681,12.1474,9.25834,227.995
0.0954866,0.10242,0.156202,16.2167,7.17229,228
0.0868479,0.162009,0.159739,21.1331,7.45057,228.065
0.0758542,0.163204,0.139202,30.4837,8.00385,228.08
0.0813908,0.177154,0.143007,25.9235,7.78418,228.14
0.0844068,0.0826018,0.123596,23.3336,8.43747,228.158
0.0821899,0.124115,0.124325,25.5163,6.65838,228.194
0.0686958,0.211621,0.13045,37.2518,10.2627,228.254
0.102629,0.0361366,0.130758,13.7641,5.01792,228.361
0.0812896,0.123354,0.148452,25.2059,10.7243,228.381
0.0833876,0.0761113,0.116082,24.5287,8.10401,228.42
0.0674423,0.233805,0.155056,38.1222,12.8037,228.499
0.0708354,0.132674,0.10559,35.368,9.52354,228.524
0.0835284,0.0193327,0.108289,24.2131,9.0843,228.544
0.078648,0.191903,0.156006,27.3289,8.05715,228.563
0.0994006,0.0466311,0.132664,14.3911,8.02312,228.603
0.0915879,0.00327053,0.117992,19.0721,7.879,228.671
0.0683197,0.145382,0.10096,38.7993,9.38248,228.672
0.064392,0.219072,0.112928,43.621,9.71025,228.674
0.0784507,0.128213,0.136269,28.6625,8.72607,228.696
0.0802863,0.0249263,0.106393,26.0281,11.2825,228.795
0.0980793,0.0692007,0.137825,15.8261,6.52451,228.805
0.0706733,0.176571,0.123462,35.2847,9.74093,228.834
0.0823324,0.103321,0.103988,25.8895,5.48968,228.834
0.0839433,0.11473,0.15449,23.972,10.6812,228.856
0.0629757,0.196879,0.110434,45.4352,10.4238,228.878
0.087253,0.0886512,0.123136,21.7418,7.6618,228.916
0.0796693,0.15148,0.153392,26.9881,10.493,228.917
0.0910556,0.0243333,0.119102,19.4531,7.10092,228.945
0.0678988,0.00639243,0.0782189,40.1384,7.27528,228.98
0.105305,0.0105637,0.143091,11.1944,10.3352,228.993
0.0802806,0.0983818,0.124799,26.0822,9.04553,229.02
0.0855568,0.0662519,0.113917,22.2355,9.0354,229.035
0.0867047,0.0909299,0.138017,21.6518,10.2636,229.049
0.0747663,0.155887,0.140124,31.888,9.28002,229.087
0.0956407,0.0897346,0.124947,16.8719,6.76087,229.102
0.0743331,0.19516,0.163818,31.8572,10.2786,229.107
0.0730931,0.119849,0.0989426,33.6968,7.59847,229.133
0.0848707,0.0915355,0.118816,23.0458,7.28129,229.175
0.0674714,0.232072,0.15526,38.5688,12.5545,229.213
0.0908059,0.0689174,0.138601,19.4416,8.46327,229.219
0.0880548,0.0487708,0.112653,21.8553,6.11854,229.257
0.0897989,0.0193991,0.123856,20.8956,7.78467,229.324
0.0957176,0.0996456,0.142534,16.556,6.5426,229.344
0.0782706,0.134305,0.153522,27.518,12.3002,229.363
0.0922854,0.0744183,0.123455,18.5121,7.78341,229.398
0.0686457,0.268023,0.151674,37.8826,9.29502,229.462
0.0686383,0.031076,0.0775289,39.5023,6.24268,229.541
0.0840561,0.0286952,0.11833,23.973,11.6673,229.575
0.106705,0.0492177,0.136448,11.4875,5.24789,229.599
0.0928303,0.040779,0.135552,18.5724,8.80596,229.621
0.0826314,0.0951658,0.11758,24.2668,9.97512,229.633
0.100696,0.0472874,0.153221,13.7185,10.8152,229.699
0.0780945,0.00467772,0.0922575,29.2734,7.79349,229.702
0.101581,0.0487842,0.161531,13.4472,7.26022,229.704
0.1021,0.0190472,0.135844,13.3742,8.68866,229.751
0.083383,0.113516,0.148536,23.6737,11.3033,229.787
0.0722096,0.211686,0.160101,33.7403,10.2657,229.791
0.0873503,0.129111,0.143965,21.6717,6.22873,229.819
0.0956568,0.062631,0.163584,16.7936,7.98127,229.863
0.0695062,0.136004,0.108782,37.8134,8.62861,229.893
0.0762823,0.012788,0.0890921,30.9545,9.38522,229.907
0.0865684,0.111637,0.13816,21.502,9.84808,229.915
0.0904534,0.0905842,0.124137,19.3374,6.55616,230.044
0.0831019,0.136858,0.132791,24.0521,6.29104,230.104
0.091066,0.0926267,0.155948,18.0623,10.6046,230.114
0.0669952,0.0561185,0.0789524,41.8406,6.51962,230.124
0.065303,0.259604,0.149704,41.1775,11.7204,230.14
0.100517,0.0152577,0.14491,14.2721,8.43,230.149
0.0797962,0.0862324,0.114278,27.8938,7.87769,230.227
0.0696188,0.0533979,0.0882758,37.2548,9.64055,230.303
0.0758323,0.193315,0.163109,30.6246,8.13949,230.341
0.0974176,0.102996,0.146678,15.2622,6.27774,230.351
0.0710255,0.166484,0.104719,35.5913,7.94242,230.363
0.0923006,0.0678925,0.12118,18.5099,6.69697,230.403
0.0844516,0.122015,0.121493,23.7684,6.42999,230.427
0.103672,0.0555037,0.142778,12.6152,7.07361,230.442
0.0824094,0.13023,0.148347,24.4259,10.1664,230.454
0.0674477,0.13574,0.10583,39.8386,10.6254,230.463
0.107316,0.0249445,0.157469,11.9191,6.455,230.474
0.0833592,0.105001,0.166111,23.2391,12.3454,230.481
0.0713263,0.144391,0.127708,34.0957,11.7834,230.484
0.077395,0.202239,0.159016,28.6186,9.06805,230.487
0.0818265,0.140235,0.129601,25.8203,6.50963,230.587
0.0911448,0.0389188,0.143794,18.8664,12.1996,230.587
0.0924093,0.0619116,0.121411,18.9474,6.34653,230.597
0.0912065,0.0377157,0.116316,19.1208,6.45418,230.638
0.0948387,0.0488135,0.121376,17.7216,6.8446,230.655
0.0606487,0.316964,0.14911,48.8468,11.5784,230.675
0.101775,0.0567719,0.123628,13.4709,6.96403,230.683
0.0932887,0.114125,0.161195,17.6575,7.25639,230.688
0.0855606,0.124893,0.141162,22.4032,7.79543,230.714
0.0929676,0.0216082,0.142501,17.6578,12.6332,230.788
0.0994595,0.0716839,0.143158,14.5011,7.18993,230.846
0.0902772,0.0863129,0.153122,19.3445,8.83671,230.936
0.0994318,0.0572304,0.156886,14.9846,7.41765,230.96
0.0652839,0.254521,0.117815,42.1374,7.54695,230.966
0.0915322,0.0230116,0.0967029,19.4538,6.56685,231.002
0.0826536,0.00688102,0.0965151,25.3922,8.0616,231.011
0.0926178,0.0562939,0.150017,18.1509,7.8738,231.022
0.0748847,0.172931,0.134932,31.3463,8.02708,231.088
0.0787578,0.116407,0.100916,28.0544,5.26193,231.097
0.0904473,0.0176922,0.110985,19.8686,9.77646,231.119
0.0896072,0.0180423,0.0951428,20.391,6.21367,231.196
0.0711154,0.21264,0.163649,34.1716,11.5078,231.234
0.0782293,0.164165,0.126472,28.1547,6.62732,231.238
0.103877,0.0797513,0.16238,12.4689,6.68256,231.251
0.0912076,0.0448572,0.145945,19.7135,8.02019,231.259
0.0725619,0.238028,0.144424,33.1598,7.84331,231.263
0.0655404,0.137648,0.0910721,42.8264,8.59943,231.286
0.0751387,0.171762,0.155559,30.8094,11.7442,231.316
0.117525,0.0140175,0.149107,7.13556,5.03495,231.325
0.101863,0.0500409,0.11997,13.3284,6.36988,231.331
0.102973,0.0226343,0.147859,12.5334,10.0009,231.372
0.0828413,0.168396,0.15006,24.0013,7.89054,231.381
0.111367,0.0041912,0.130908,9.1128,6.16259,231.413
0.0625964,0.269878,0.136793,45.0593,11.7788,231.48
0.0839094,0.0665697,0.136559,23.1334,11.7252,231.505
0.0658762,0.212017,0.123037,41.5771,9.48759,231.519
0.0699993,0.154076,0.111248,36.7683,9.62838,231.559
0.0837924,0.0314494,0.0869139,24.2554,6.58324,231.568
0.0909459,0.0597647,0.123667,19.4344,6.25007,231.575
0.106591,0.00139511,0.115346,11.3072,6.49208,231.599
0.0746758,0.19896,0.12718,31.9442,7.87455,231.699
0.0657404,0.103024,0.0879616,42.8547,8.52323,231.769
0.0704964,0.249915,0.150043,35.9163,8.76,231.777
0.119787,0.00845787,0.142632,6.65827,5.89392,231.781
0.0930565,0.0354521,0.140038,18.3372,8.19194,231.852
0.0950406,0.0393059,0.142616,17.0995,7.34978,231.855
0.0795193,0.132559,0.118999,27.1275,6.79452,231.917
0.0820585,0.00415048,0.093114,25.6213,9.54337,231.949
0.0725419,0.0982833,0.0923413,34.3409,6.64199,232.014
0.0737884,0.183932,0.133217,32.0421,8.31195,232.029
0.0819648,0.0847108,0.100607,25.1637,7.62019,232.029
0.0835783,0.0638131,0.115544,24.866,8.61624,232.099
0.0657686,0.248363,0.120913,41.143,8.16286,232.1
0.0723234,0.134216,0.104699,34.3296,7.5603,232.108
0.0903668,0.019451,0.1272,19.3238,10.5342,232.174
0.0743166,0.136759,0.121445,31.9946,10.9544,232.177
0.0930343,0.00796706,0.117027,18.2193,8.49389,232.24
0.113702,0.035468,0.1532,8.88909,6.87002,232.257
0.103977,0.00281771,0.150403,12.7433,9.69516,232.272
0.0868997,0.149926,0.145171,21.5135,7.00354,232.303
0.117094,0.00191149,0.142109,7.69885,5.69218,232.315
0.090697,0.0826695,0.108742,19.9529,6.08737,232.317
0.0630158,0.258318,0.128047,45.6643,9.30559,232.319
0.0902062,0.132312,0.15116,19.7283,6.33125,232.443
0.0999581,0.0263938,0.147833,14.722,7.22066,232.454
0.0825409,0.0423482,0.114926,25.2328,8.71396,232.525
0.0955551,0.0233546,0.114801,16.166,9.97208,232.548
0.0806038,0.0675571,0.103106,26.3995,8.1785,232.554
0.0757798,0.159717,0.144858,30.1108,9.88221,232.564
0.0931016,0.00474588,0.126641,18.5688,8.44844,232.57
0.108801,0.0358707,0.132411,10.4762,6.8775,232.622
0.0775608,0.024829,0.0996221,29.4691,9.55523,232.637
0.0672195,0.204891,0.129598,39.8363,10.9289,232.643
0.0955188,0.03655,0.158458,16.5408,10.5498,232.656
0.101643,0.0175275,0.118987,13.9146,8.29278,232.659
0.0796754,0.0695859,0.115248,27.222,8.92086,232.67
0.0868863,0.0297761,0.0915677,22.0913,5.54998,232.712
0.0713498,0.223264,0.135391,34.0672,9.62237,232.762
0.0954259,0.0456222,0.14881,16.3017,9.61046,232.799
0.0676396,0.252419,0.160241,38.7812,11.1536,232.803
0.0827793,0.0409012,0.112218,25.0799,7.66957,232.856
0.0787079,0.10503,0.138843,27.6266,11.6828,232.866
0.0830866,0.0711815,0.110972,24.8643,8.80934,232.877
0.0898265,0.0618753,0.11279,20.0118,5.68013,232.88
0.08821,0.107619,0.161772,20.9309,9.61963,232.887
0.0732237,0.174055,0.127374,32.4581,10.0951,232.898
0.074082,0.113294,0.105229,32.2055,8.12473,232.899
0.101093,0.0140579,0.161166,13.4708,11.2148,232.928
0.0994461,0.0587159,0.130795,14.4339,7.42314,232.944
0.0674374,0.246374,0.120231,39.9868,7.49522,232.951
0.0832736,0.0133468,0.0982317,24.6055,9.35808,233.051
0.114821,0.00418457,0.154165,8.53949,5.47405,233.071
0.0612537,0.21073,0.103066,48.435,9.14329,233.089
0.0831705,0.0881858,0.131678,24.6998,8.82884,233.146
0.0678736,0.0390049,0.0888447,39.8097,10.1661,233.156
0.0844241,0.106518,0.160168,23.5735,9.06528,233.172
0.0910201,0.0697529,0.15051,18.498,11.6327,233.194
0.0948719,0.0371348,0.149762,17.4316,8.22948,233.196
0.0716177,0.236585,0.148153,34.3877,8.4564,233.197
0.0841429,0.132776,0.137033,23.2796,8.50705,233.212
0.0710192,0.182526,0.148238,34.6395,12.6404,233.229
0.104112,0.00248268,0.111351,12.6635,7.97334,233.232
0.0943126,0.0305757,0.133898,17.874,7.69183,233.239
0.0973704,0.0870424,0.134653,15.9404,6.11714,233.302
0.101724,0.0423185,0.123603,13.1893,6.26795,233.309
0.0855916,0.0816154,0.114915,22.7508,8.79752,233.333
0.0942823,0.0811551,0.147318,17.2071,6.81967,233.336
0.0691022,0.208513,0.144273,36.6154,12.2622,233.371
0.0982509,0.0359121,0.163922,15.0808,8.38555,233.387
0.075201,0.090628,0.110633,31.7548,8.49897,233.401
0.0842224,0.00448785,0.109743,23.7815,11.4047,233.406
0.104273,0.0123163,0.135919,12.6017,6.55625,233.413
0.0993105,0.0804956,0.161745,14.9906,6.24045,233.417
0.0969371,0.0583237,0.138329,15.2793,9.83045,233.461
0.0883862,0.0854328,0.162534,20.7909,10.5114,233.51
0.0963913,0.0383259,0.106582,16.2574,5.06688,233.581
0.0971491,0.0819178,0.151693,15.8861,7.1372,233.586
0.0977544,0.0305039,0.122132,15.2225,7.13389,233.608
0.093075,0.0296552,0.134055,18.6438,8.15363,233.616
0.0675244,0.22045,0.112841,39.2167,7.10286,233.62
0.0771991,0.0892758,0.118448,29.4229,9.19216,233.651
0.0715738,0.205239,0.132588,34.0548,8.76016,233.68
0.103207,0.0313063,0.150912,12.981,9.40634,233.734
0.0753085,0.226204,0.151615,30.3327,8.99855,233.736
0.0802053,0.125398,0.127696,26.309,9.80818,233.752
0.0819188,0.00582464,0.105123,25.3136,10.3435,233.775
0.0904456,0.0613512,0.108845,19.2882,7.29664,233.792
0.0705787,0.108082,0.0889422,36.0477,7.81414,233.824
0.0605382,0.252079,0.109762,49.0847,9.92654,233.83
0.0712445,0.121425,0.12432,34.2078,12.0313,233.869
0.0702487,0.196181,0.147168,35.3326,11.5095,233.928
0.0971864,0.0171376,0.104379,16.5968,4.02534,233.955
0.0700139,0.0322662,0.0795294,37.4529,7.94192,234.009
0.0916037,0.0809129,0.159307,18.6196,9.47254,234.021
0.112582,0.00268026,0.139245,9.86458,5.04673,234.049
0.0817954,0.105201,0.16268,24.4004,13.3852,234.079
0.0720025,0.115291,0.114245,34.3265,9.65278,234.101
0.0779487,0.0246063,0.104981,28.2066,11.2096,234.153
0.102943,0.0133631,0.14573,12.0221,11.3825,234.182
0.0974187,0.0409185,0.15678,15.8814,9.19346,234.19
0.0693778,0.166668,0.104992,37.1047,7.9291,234.222
0.0837031,0.00979852,0.0867141,24.9686,7.07121,234.245
0.0706965,0.138579,0.110892,35.0757,10.6576,234.253
0.0715583,0.233262,0.153437,34.9181,8.55307,234.253
0.0923575,0.0247551,0.120375,18.3913,8.12095,234.349
0.0837545,0.177721,0.164561,23.8016,8.44192,234.391
0.095649,0.0812432,0.123521,16.6372,6.83096,234.393
0.0843912,0.112226,0.152695,23.6891,8.09901,234.427
0.0779611,0.00570927,0.0972286,29.8334,8.39637,234.471
0.0838417,0.0358994,0.0944273,24.5201,6.5464,234.475
0.104578,0.0106265,0.105476,12.6535,5.38483,234.476
0.086733,0.0736465,0.109655,22.9995,5.22219,234.477
0.10676,0.0475618,0.16368,11.9353,6.16302,234.481
0.0744586,0.0520342,0.0927685,32.6001,8.25821,234.509
0.0973844,0.0152609,0.124969,15.6815,9.22626,234.514
0.089804,0.158602,0.16582,19.4157,7.20161,234.548
0.0986725,0.0287812,0.156905,15.6345,8.88779,234.586
0.0872242,0.0219127,0.108546,22.3849,7.45325,234.588
0.0914156,0.0510996,0.151943,19.3265,8.86482,234.656
0.0709397,0.183531,0.127527,35.4241,8.02547,234.661
0.0832252,0.000743413,0.0866138,25.6207,5.61799,234.693
0.101182,0.0930113,0.151621,13.2081,6.33244,234.702
0.065139,0.145139,0.102155,42.0063,10.4905,234.716
0.0685199,0.157841,0.129392,37.6891,12.0001,234.774
0.106028,0.0325611,0.157144,11.9061,7.74146,234.782
0.0640824,0.0609454,0.0819795,45.0679,7.04826,234.79
0.0818875,0.0345297,0.113966,25.9365,10.6525,234.796
0.0853958,0.0927286,0.153559,22.6946,10.6163,234.832
0.0976804,0.0848769,0.132882,15.9276,6.95843,234.873
0.0686254,0.0556983,0.0810162,39.6518,6.70852,234.888
0.0920777,0.102877,0.121112,18.0213,6.70472,234.899
0.0851192,0.08215,0.150965,22.779,11.2265,234.911
0.0947444,0.0523279,0.137032,16.8108,10.7497,234.929
0.10443,0.0197008,0.150776,12.1812,8.65399,234.963
0.100164,0.0270374,0.162994,14.6829,8.66199,234.964
0.0945958,0.0289227,0.129995,17.3479,8.76502,234.965
0.119661,0.0117848,0.152225,6.80725,6.70178,234.968
0.0758154,0.18994,0.143076,30.0806,7.18304,234.97
0.100685,0.0332561,0.143974,14.7106,6.59036,235.003
0.094174,0.0700955,0.152797,17.5378,8.05859,235.026
0.0935624,0.0476391,0.140799,17.5586,9.18891,235.04
0.0593171,0.301453,0.123511,51.475,9.10311,235.072
0.0812638,0.0936825,0.0957536,26.0014,5.84282,235.074
0.0781857,0.0530228,0.114396,28.0005,10.6982,235.094
0.0708703,0.104558,0.0914721,36.7664,6.33583,235.131
0.0926837,0.0112095,0.123217,18.096,9.59079,235.131
0.0902074,0.0609721,0.118372,19.0466,8.22691,235.156
0.0757886,0.161045,0.138315,30.5633,8.87183,235.236
0.064072,0.168426,0.0938867,44.8151,8.60813,235.237
0.0973206,0.0865708,0.140816,15.709,6.90726,235.327
0.081747,0.126349,0.157853,24.1346,12.4147,235.374
0.0770991,0.0800772,0.104664,29.5723,9.2926,235.375
0.0757638,0.0388765,0.102838,30.7394,11.246,235.399
0.0874222,0.0807306,0.144148,21.2274,8.75967,235.406
0.087799,0.0840061,0.161877,21.1803,8.5266,235.436
0.10312,0.0182604,0.152828,12.0758,10.1148,235.439
0.0603734,0.203427,0.110602,49.6082,11.6903,235.456
0.0635649,0.0480069,0.0740742,46.2984,6.73969,235.483
0.0881917,0.079403,0.158197,21.8779,8.51422,235.495
0.0970165,0.00433393,0.0992851,16.8805,6.57083,235.555
0.0864197,0.0869017,0.123036,22.25,7.4286,235.629
0.0762164,0.134843,0.136965,30.6459,8.9477,235.633
0.079778,0.139901,0.150973,26.3971,10.812,235.657
0.0857894,0.00580999,0.0819242,23.7296,5.91392,235.697
0.0763941,0.0667241,0.116499,29.0853,12.7771,235.716
0.0874326,0.080908,0.108284,21.4021,6.60779,235.716
0.0599148,0.0344094,0.0744422,52.0928,7.0888,235.727
0.0779455,0.057222,0.0848159,29.071,5.50429,235.739
0.0826092,0.129713,0.133261,24.0123,8.87967,235.749
0.083531,0.117719,0.135507,23.4161,10.3764,235.784
0.0711588,0.26287,0.161479,34.8505,9.81042,235.82
0.0679725,0.172736,0.106868,39.8478,7.05525,235.874
0.0788663,0.0551686,0.111368,28.4316,8.22798,235.878
0.0874181,0.121789,0.124081,21.0297,6.10795,235.879
0.0815162,0.03123,0.0962557,26.7286,6.43938,235.895
0.0829795,0.124713,0.155245,24.433,8.23469,235.928
0.0774936,0.0902759,0.114471,29.9194,8.53458,235.929
0.0767977,0.157365,0.113425,29.8562,7.85444,235.933
0.0791718,0.15387,0.157286,27.9556,8.46579,235.988
0.105228,0.0213288,0.153706,12.8415,6.38743,236.006
0.0670718,0.0280274,0.0832044,41.7826,7.60562,236.01
0.108695,0.0585218,0.155541,10.8564,5.35676,236.015
0.0842677,0.152829,0.133116,23.3231,6.53747,236.043
0.10605,0.0438642,0.139803,11.842,7.54334,236.073
0.102296,0.0250564,0.164045,12.9595,12.2399,236.117
0.106551,0.0493768,0.149398,11.948,5.31982,236.118
0.104897,0.00980603,0.15448,12.7817,8.8383,236.134
0.100915,0.0408665,0.138336,13.6959,9.88732,236.15
0.0915434,0.0591051,0.160472,19.8596,8.82214,236.18
0.0731991,0.248717,0.157521,32.1767,8.4685,236.194
0.0632353,0.211934,0.127231,44.7999,12.7999,236.225
0.075163,0.0677216,0.103587,31.7961,9.20137,236.242
0.116173,0.014626,0.164593,7.37123,8.43924,236.273
0.0939763,0.0507102,0.142296,17.3226,9.36002,236.289
0.0987447,0.0369225,0.155898,14.3255,11.718,236.302
0.0832126,0.0731345,0.122871,24.4126,9.20794,236.326
0.0936657,0.082448,0.12632,17.9048,6.55384,236.333
0.084803,0.0910512,0.151575,22.4277,12.5222,236.462
0.08264,0.0570675,0.104304,25.8217,7.9844,236.526
0.0768408,0.0956501,0.112705,29.9999,9.33163,236.578
0.104406,0.0128163,0.107971,12.4978,5.73895,236.623
0.0806886,0.0648593,0.132034,25.8327,13.3568,236.645
0.0791097,0.0666786,0.0965443,28.6056,6.75971,236.673
0.0770471,0.121232,0.10784,29.9038,7.13516,236.712
0.0717227,0.229641,0.130235,34.7018,7.07923,236.731
0.0625318,0.235274,0.131825,45.7616,12.5023,236.733
0.0733442,0.0438876,0.096193,33.1091,9.83916,236.749
0.0805756,0.0780426,0.134578,25.9478,13.9552,236.779
0.0734867,0.217137,0.132764,32.9012,7.37689,236.797
0.0713027,0.204884,0.151707,34.6568,10.6826,236.8
0.0941707,0.0367643,0.118503,17.0667,8.08238,236.804
0.0678713,0.106853,0.102268,39.6553,9.71884,236.824
0.081415,0.114774,0.113505,25.8084,8.63301,236.848
0.0952433,0.0240611,0.116859,17.9981,6.62754,236.871
0.093788,0.0919894,0.135984,17.3564,7.86554,236.892
0.0789665,0.140932,0.131613,27.4945,9.93009,236.917
0.1067,0.00491122,0.105296,11.9749,5.60083,236.927
0.0714578,0.104393,0.110064,34.0195,11.2535,236.995
0.0699708,0.124897,0.0875527,37.8785,5.92276,237.001
0.0630537,0.275503,0.118723,45.7145,8.60332,237.003
0.0870528,0.0377013,0.10903,22.0216,7.93986,237.028
0.0893251,0.0405665,0.0943509,20.7299,6.98647,237.054
0.104871,0.00370413,0.0991479,12.5515,5.89279,237.059
0.103589,0.0565658,0.165322,12.1203,8.0312,237.091
0.114026,0.0063914,0.133099,8.19058,6.57648,237.13
0.0965102,0.0350302,0.136879,15.9023,11.3866,237.135
0.0618138,0.273569,0.147689,46.7355,12.1249,237.15
0.0672074,0.0815106,0.0883405,40.7461,8.20308,237.192
0.089359,0.0961292,0.143552,20.4926,7.63123,237.194
0.08626,0.120012,0.156029,22.8363,7.24013,237.214
0.0997276,0.0265862,0.147436,14.8296,8.87449,237.218
0.08022,0.168656,0.125034,26.8636,7.09826,237.225
0.0686314,0.244522,0.147968,37.9546,10.4703,237.245
0.0709501,0.135991,0.133776,34.0374,13.0094,237.298
0.078006,0.090044,0.126283,28.274,10.0811,237.329
0.106016,0.0113864,0.141596,11.3105,9.144,237.333
0.0891293,0.113885,0.156139,20.3492,7.05024,237.346
0.084657,0.090462,0.141302,22.0097,12.0429,237.369
0.0597006,0.309466,0.134767,50.506,10.2277,237.406
0.0850481,0.0808847,0.130187,22.1885,11.6169,237.476
0.0672579,0.136102,0.0917348,40.3351,7.73899,237.513
0.0649193,0.293907,0.157663,42.3928,9.28874,237.559
0.116903,0.00690945,0.131605,7.01975,6.10636,237.59
0.0943408,0.0835519,0.134912,17.8609,6.86333,237.598
0.0868727,0.0162998,0.103979,22.4021,6.52428,237.669
0.106692,0.0533732,0.151697,11.3924,6.56209,237.726
0.0801185,0.103134,0.119356,26.9148,9.1002,237.738
0.0853345,0.124871,0.147434,22.5364,8.10313,237.752
0.0897368,0.0130288,0.133418,19.6747,12.6151,237.757
0.0811907,0.0399028,0.099897,26.4556,8.04693,237.759
0.0746856,0.0166726,0.0870228,32.707,7.71827,237.764
0.0811025,0.0117677,0.105354,26.1839,9.66298,237.767
0.0828274,0.164822,0.140101,24.4121,7.61955,237.805
0.0628807,0.0379767,0.0777901,47.2181,7.6223,237.807
0.0819329,0.123525,0.161134,25.5696,9.8374,237.86
0.0643547,0.309174,0.148387,43.7396,8.29499,237.867
0.0865086,0.0315801,0.088631,22.075,6.18033,237.886
0.0611407,0.0676099,0.0796182,49.6509,9.76022,237.894
0.0722782,0.186198,0.146205,33.7468,10.0412,237.896
0.0851924,0.0736134,0.124389,22.2372,10.261,237.983
0.0709867,0.190226,0.122954,35.7925,8.59906,238.033
0.0756733,0.166629,0.153107,30.0844,9.44935,238.116
0.0974228,0.0647951,0.143328,15.4599,8.27357,238.13
0.0883631,0.0986586,0.161365,20.371,9.71155,238.17
0.0838461,0.162236,0.152183,23.9815,7.47803,238.174
0.0714491,0.145958,0.112152,34.8945,10.2332,238.175
0.0853095,0.120031,0.164191,22.9598,9.18571,238.188
0.0753887,0.0452013,0.103618,31.245,9.00312,238.263
0.0635105,0.050839,0.0839023,45.2441,10.3548,238.27
0.0842481,0.113657,0.127197,23.6592,7.79689,238.271
0.0781643,0.109787,0.149153,27.9062,13.6581,238.298
0.0740368,0.185305,0.166081,31.4479,11.2058,238.304
0.0846984,0.123384,0.135272,23.2931,7.84288,238.312
0.0830656,0.0960642,0.146079,24.5006,9.83162,238.344
0.0645464,0.314971,0.157559,42.1982,10.1418,238.36
0.079963,0.19043,0.160041,26.2096,7.59964,238.37
0.0638598,0.258594,0.124063,44.6373,8.60048,238.382
0.0992155,0.00741136,0.11701,14.6063,9.36204,238.387
0.0690642,0.0132338,0.0844992,38.5894,9.1896,238.387
0.0674752,0.179068,0.139929,38.2109,13.1649,238.408
0.0764403,0.209908,0.143979,29.2071,8.70751,238.428
0.0817837,0.0876237,0.142183,24.1722,13.2798,238.43
0.0923238,0.0504395,0.108815,18.1651,6.6742,238.471
0.0990191,0.00473923,0.119142,15.8615,7.06166,238.473
0.0663673,0.139425,0.0972765,41.9099,8.76663,238.477
0.082646,0.0646966,0.109297,24.7997,10.7483,238.504
0.0748991,0.115415,0.142204,30.8731,13.7903,238.505
0.0897277,0.0198978,0.1385,19.8907,12.2424,238.542
0.0879281,0.025461,0.115191,21.9287,7.06835,238.548
0.0641425,0.288663,0.156863,43.3293,10.0687,238.55
0.0852819,0.0412321,0.113335,22.0989,11.7111,238.607
0.0678377,0.0556267,0.0941075,39.3563,10.4583,238.612
0.0753059,0.234497,0.158389,30.0597,8.17404,238.622
0.108323,0.0460707,0.150773,10.3985,6.27564,238.64
0.0837366,0.0491769,0.116342,24.8197,7.97676,238.64
0.11977,0.00199983,0.151529,6.50604,5.38911,238.685
0.0727183,0.135702,0.12145,33.5866,9.39697,238.69
0.106476,0.0154804,0.111036,11.9023,5.15009,238.712
0.0990948,0.0224033,0.154592,14.7875,10.7357,238.733
0.0705085,0.112906,0.10801,36.7298,8.16012,238.742
0.0983005,0.0589587,0.134321,15.2744,5.25292,238.797
0.0678767,0.220081,0.128644,38.4092,10.7658,238.85
0.0784852,0.0904799,0.128707,27.3982,12.4456,238.856
0.0904867,0.0311176,0.101841,19.9593,8.52742,238.879
0.0737049,0.102157,0.100563,32.6752,9.44893,238.88
0.082897,0.134361,0.157875,24.9644,9.50414,238.916
0.07637,0.148073,0.12522,29.8554,10.3187,238.923
0.097988,0.00356894,0.162364,15.9228,7.45502,238.932
0.0724877,0.159812,0.160468,32.3773,14.01,238.936
0.0874947,0.0535038,0.12701,21.5162,8.85618,238.986
0.0889697,0.0744597,0.106091,20.0236,6.60027,238.988
0.0674804,0.110366,0.0967754,40.5692,7.97763,239.005
0.0978371,0.0630211,0.137109,15.9803,7.43553,239.019
0.10814,0.0467537,0.158322,10.5281,7.53779,239.126
0.0909959,0.0709911,0.143922,19.3784,8.29774,239.135
0.0912825,0.0429305,0.155549,18.3703,12.4932,239.151
0.0670422,0.050689,0.0800636,41.4,6.86934,239.177
0.0748065,0.14245,0.162787,30.3093,13.548,239.198
0.0817157,0.119332,0.156443,25.9048,9.72893,239.233
0.0744561,0.158769,0.133,31.2238,9.67557,239.241
0.0821387,0.11079,0.149181,24.7508,11.2109,239.249
0.0978783,0.0823626,0.127359,15.0415,5.77075,239.25
0.0863627,0.0624017,0.141417,22.692,8.44883,239.255
0.084506,0.0775188,0.140008,23.121,9.92767,239.279
0.076679,0.207433,0.157696,29.7919,8.40968,239.289
0.0769092,0.0994064,0.101764,29.9732,8.9731,239.334
0.0795733,0.113552,0.14195,27.5932,8.72991,239.339
0.0831185,0.118857,0.144035,24.3993,7.32377,239.364
0.0659897,0.18038,0.115447,41.1989,9.66908,239.42
0.0557684,0.143153,0.0843787,59.8457,9.66801,239.438
0.0719301,0.222363,0.145949,33.6211,10.2304,239.453
0.0779681,0.0833671,0.125351,28.3956,10.6944,239.457
0.104968,0.00854911,0.154228,12.046,8.28486,239.465
0.0858303,0.0548431,0.133367,22.1901,10.2461,239.496
0.0968608,0.0227731,0.15831,16.2639,8.93271,239.497
0.0884702,0.128481,0.129265,20.5647,7.143,239.509
0.107254,0.00433219,0.165166,10.7742,12.2135,239.518
0.0705102,0.25854,0.144709,35.5267,8.17273,239.521
0.0977528,0.0220497,0.105882,15.5053,7.28295,239.525
0.0665385,0.0571215,0.0910742,41.374,9.48799,239.528
0.095799,0.0451781,0.15258,16.9526,8.61319,239.569
0.0821921,0.0866647,0.139172,25.0859,8.69744,239.596
0.0766298,0.143175,0.114711,29.0909,8.77732,239.598
0.0734938,0.161929,0.132354,32.4914,9.90355,239.605
0.0635868,0.0299572,0.0782457,46.3304,7.17516,239.616
0.0900182,0.0911285,0.165214,19.5226,10.2737,239.645
0.0949447,0.067963,0.14917,16.7579,9.3292,239.657
0.0966343,0.0425367,0.105687,16.555,5.43525,239.662
0.0820128,0.0901607,0.132743,24.834,12.6959,239.67
0.0934665,0.0334515,0.122326,17.0033,10.2597,239.704
0.0994921,0.00614565,0.13303,14.6445,10.7599,239.714
0.0838219,0.0279688,0.11702,23.5157,12.9196,239.73
0.0587125,0.208357,0.10814,52.7622,11.8269,239.731
0.0632777,0.0182727,0.0751019,46.9878,8.55463,239.733
0.104619,0.00160085,0.159647,12.4543,9.47608,239.758
0.0721243,0.135156,0.118093,34.5688,8.47117,239.781
0.0806106,0.0985883,0.153327,25.5584,13.7394,239.803
0.0621699,0.299,0.162325,45.2965,13.83,239.832
0.0849909,0.0918908,0.159733,23.126,8.9828,239.837
0.085837,0.116846,0.158006,22.7937,7.23815,239.845
0.0915934,0.029656,0.129322,18.3634,11.7987,239.854
0.0772711,0.116677,0.131002,29.6409,8.91616,239.861
0.0672731,0.164886,0.0971446,40.9475,6.88829,239.925
0.0702702,0.177878,0.106407,36.9759,7.35021,239.929
0.109187,0.0307986,0.117809,10.5843,5.8174,239.944
0.0746648,0.143062,0.133303,31.0747,9.06067,239.948
0.0641867,0.102358,0.0946691,44.4646,9.61712,239.956
0.0987749,0.0141241,0.148465,14.3039,11.8578,239.961
0.074122,0.220134,0.144748,31.5065,9.08199,239.985
0.0801434,0.0567537,0.113844,27.2958,8.82311,239.989
0.101392,0.0444284,0.138914,13.8425,7.5606,239.995
0.0709165,0.208581,0.141295,34.7036,11.999,239.998
0.0625056,0.185238,0.101942,46.2214,9.65909,240.01
0.103597,0.0220234,0.139325,12.4105,8.31152,240.025
0.094351,0.0737656,0.145182,17.4351,6.32199,240.03
0.0599577,0.257183,0.11369,50.6511,9.89169,240.057
0.108563,0.0240897,0.149597,10.3996,6.36933,240.064
0.0990489,0.119147,0.164518,14.686,6.46807,240.069
0.0603923,0.295454,0.118185,49.8816,9.98116,240.073
0.0916158,0.0381013,0.153885,19.5009,8.73596,240.092
0.0797522,0.00105441,0.085567,27.1845,9.88262,240.117
0.0946836,0.0950277,0.163589,16.8052,9.18536,240.124
0.0594717,0.30704,0.121234,51.9008,8.17801,240.179
0.0876688,0.0112427,0.0925149,21.0962,8.67748,240.293
0.0744733,0.196322,0.150592,31.6363,8.40483,240.314
0.0735303,0.0910093,0.102961,32.4301,10.0991,240.324
0.0849113,0.103672,0.164738,22.331,11.782,240.324
0.0961867,0.0120769,0.136092,16.8829,8.74369,240.343
0.0877151,0.022098,0.128117,20.7624,13.0523,240.347
0.0646868,0.0861593,0.0889051,43.5248,10.8242,240.376
0.102678,0.0127786,0.146378,13.8473,8.59987,240.44
0.0778773,0.0937831,0.116535,28.5267,10.1042,240.44
0.076673,0.152662,0.15622,28.9461,13.2268,240.441
0.0775288,0.116133,0.130567,29.6108,8.26469,240.445
0.0902971,0.00579867,0.120937,19.8154,11.0027,240.452
0.0745225,0.168485,0.157455,30.4285,13.8047,240.454
0.071393,0.088804,0.0918741,35.0996,8.32322,240.454
0.083841,0.136514,0.144646,23.7899,8.31173,240.463
0.0759754,0.141158,0.153068,29.8725,12.4798,240.505
0.0883701,0.0557937,0.112875,21.8483,6.64558,240.514
0.0900662,0.150397,0.156237,19.3869,6.26462,240.516
0.0715709,0.145031,0.107454,34.7899,9.65205,240.518
0.0877507,0.032149,0.104601,21.917,7.688,240.519
0.0711187,0.0639774,0.0880497,36.5687,6.37978,240.521
0.098719,0.0106041,0.136186,15.0599,8.04994,240.526
0.0768751,0.155245,0.148047,28.7022,12.8181,240.532
0.0774602,0.0852137,0.109674,29.3111,7.28453,240.554
0.0560978,0.391022,0.137992,57.0869,9.05172,240.599
0.0792426,0.12979,0.118463,27.6204,8.95418,240.613
0.100647,0.0243029,0.130029,13.428,10.5268,240.644
0.0639679,0.216295,0.114534,44.0164,8.68687,240.647
0.0840943,0.057169,0.134347,23.8119,11.0337,240.66
0.0832692,0.00187744,0.0948924,25.1688,7.0679,240.667
0.072644,0.145109,0.131088,33.2684,10.7911,240.712
0.0563222,0.37519,0.145041,56.1966,11.7126,240.717
0.104295,0.0578132,0.142192,12.943,6.72651,240.728
0.0769541,0.188782,0.132214,29.8635,6.36138,240.741
0.0914954,0.0446441,0.108797,19.5211,6.95645,240.741
0.0902896,0.00506532,0.118731,19.5835,11.1362,240.749
0.094937,0.019363,0.150879,16.5392,12.8208,240.762
0.0682817,0.24586,0.131573,38.2223,7.49696,240.771
0.0864083,0.0637903,0.124798,21.7669,11.5217,240.772
0.0774461,0.132773,0.120033,28.3527,10.1486,240.779
0.0879118,0.121802,0.150135,20.7513,9.77811,240.783
0.0796772,0.0716783,0.120757,27.8053,9.28013,240.786
0.0716444,0.0537505,0.0808969,35.6614,7.37727,240.805
0.0857821,0.0516536,0.124464,22.9662,10.5519,240.811
0.100529,0.02989,0.143005,13.4729,11.5265,240.816
0.108871,0.0567631,0.142106,10.5353,5.04098,240.818
0.087871,0.126638,0.156573,20.2731,9.74942,240.821
0.0627204,0.334591,0.150203,45.6372,9.16781,240.827
0.108653,0.0127975,0.155952,10.3221,7.96745,240.837
0.0873806,0.0966765,0.121539,21.7589,6.67613,240.84
0.0747525,0.190387,0.161625,31.5575,9.14377,240.842
0.0739023,0.148552,0.138359,32.2072,9.14819,240.862
0.0826046,0.0636662,0.135958,24.7574,11.576,240.919
0.0648536,0.0486371,0.0761902,44.4872,6.60694,240.942
0.0896302,0.0513753,0.1508,20.6829,8.29868,240.954
0.105807,0.0450075,0.146541,11.74,7.90373,240.995
0.0720326,0.243986,0.156972,33.2699,9.16207,240.998
0.0727312,0.0745616,0.0962928,33.0752,10.0288,241.028
0.0809038,0.0397467,0.086214,26.7248,7.20415,241.035
0.0982113,0.0322209,0.163378,15.7068,9.0526,241.042
0.0888498,0.0762134,0.147722,20.7267,8.17591,241.048
0.0932751,0.00298856,0.121939,17.7654,11.401,241.071
0.112173,0.00676675,0.12658,9.90436,4.27577,241.101
0.0743452,0.0112015,0.0940185,32.3384,9.393,241.102
0.067473,0.244819,0.14193,38.6091,11.2409,241.157
0.0820586,0.0752195,0.154578,24.8705,13.8062,241.16
0.0738702,0.177033,0.111028,32.6417,6.02112,241.183
0.0868994,0.101502,0.136602,21.4347,8.64088,241.202
0.0869809,0.0757828,0.153903,21.0239,10.2663,241.208
0.0578054,0.352548,0.141181,53.3013,11.4801,241.23
0.0671352,0.244391,0.138708,39.3551,9.2875,241.238
0.1062,0.0743883,0.153528,11.8266,6.73444,241.257
0.0760381,0.096304,0.134655,29.3682,13.2734,241.268
0.0803788,0.086786,0.100736,26.5282,8.44778,241.286
0.0734314,0.0997924,0.115582,33.6299,8.08204,241.296
0.0830246,0.124807,0.151178,23.1557,12.1738,241.33
0.0847937,0.0968494,0.160066,23.086,9.94643,241.417
0.0595725,0.0883443,0.079445,52.9798,8.83792,241.428
0.102758,0.0428754,0.157488,13.5132,6.87592,241.467
0.0646497,0.279492,0.13398,42.2662,10.945,241.468
0.0893209,0.0315181,0.152353,19.9874,13.1258,241.494
0.0561799,0.235077,0.105732,57.3729,11.5467,241.5
0.0778254,0.0404841,0.100848,28.3416,11.2471,241.555
0.0855248,0.111518,0.151877,22.9765,8.97373,241.557
0.105803,0.0353049,0.143344,11.9749,7.8288,241.561
0.0630341,0.00799107,0.0786121,46.5196,10.8401,241.586
0.071164,0.06366,0.0940822,35.281,9.33176,241.587
0.0662577,0.204006,0.123435,41.1225,8.07543,241.594
0.103954,0.0228828,0.123631,12.7009,6.01121,241.606
0.0771501,0.0365546,0.0988102,29.747,10.2948,241.67
0.0597291,0.364388,0.155914,50.6088,9.66004,241.678
0.0822204,0.0709506,0.109127,25.864,8.6982,241.679
0.0857439,0.0913817,0.164231,21.253,13.1684,241.694
0.113251,0.0119364,0.160361,8.38227,8.38168,241.696
0.0790364,0.113999,0.133188,27.8771,9.76096,241.718
0.0632541,0.176484,0.106862,45.2625,9.05164,241.722
0.0976327,0.0703634,0.116461,15.9133,6.71426,241.748
0.0868343,0.0752863,0.154995,21.1984,11.5262,241.755
0.066493,0.282285,0.153737,40.8411,8.78284,241.76
0.0867805,0.148994,0.157853,21.0291,8.10203,241.765
0.0775137,0.12292,0.13631,28.1418,11.8261,241.776
0.0826133,0.101317,0.149464,24.4361,10.3005,241.778
0.0867186,0.0646556,0.147177,22.4883,8.43907,241.78
0.103206,0.0148802,0.15861,12.1991,10.6637,241.792
0.109043,0.050261,0.154194,10.7816,5.10327,241.837
0.0859642,0.0923237,0.125249,22.6077,8.37073,241.842
0.100058,0.0111465,0.156961,14.6296,9.34237,241.935
0.0624978,0.272022,0.154271,45.7279,12.1488,241.947
0.0753163,0.0847961,0.128563,30.3122,12.2194,241.972
0.0909715,0.0358449,0.0937798,19.3562,6.84126,241.972
0.0819491,0.108595,0.138059,25.396,7.3779,241.989
0.0709013,0.0407083,0.0944337,36.5791,8.84787,242.006
0.0809965,0.0842532,0.10704,26.712,6.71319,242.014
0.0745756,0.0940135,0.113967,31.5027,10.1047,242.039
0.0941843,0.0362525,0.161926,17.1904,7.73737,242.04
0.0579583,0.15948,0.0848623,55.2516,7.68701,242.046
0.0931417,0.0188076,0.139996,17.8963,12.4713,242.047
0.0664029,0.183928,0.128709,40.17,11.258,242.048
0.0631582,0.240771,0.142059,44.5177,12.524,242.059
0.102002,0.0067381,0.10305,13.8316,6.38624,242.065
0.073065,0.193729,0.152766,32.9467,11.48,242.074
0.0880717,0.0268411,0.10098,21.9783,6.53701,242.078
0.0731715,0.207773,0.147506,32.4473,9.75615,242.091
0.095207,0.044439,0.135865,16.1715,9.38755,242.114
0.11357,0.0100534,0.149686,8.38041,7.11986,242.119
0.0797452,0.107009,0.162194,26.4366,12.3466,242.149
0.0896994,0.0471837,0.16169,19.8608,12.7643,242.15
0.0953669,0.0135908,0.107287,16.616,9.46697,242.151
0.0627705,0.203398,0.0940005,46.5304,7.18423,242.153
0.0633794,0.0964946,0.0774745,46.653,6.94419,242.17
0.099364,0.00227229,0.104002,15.2615,4.26988,242.177
0.0608618,0.259555,0.132038,48.4969,11.4842,242.185
0.0666977,0.13161,0.109699,40.6984,10.0227,242.211
0.106047,0.00197269,0.159014,11.5706,9.26132,242.217
0.099702,0.0234062,0.108062,14.3037,6.3823,242.24
0.0711575,0.184029,0.147311,34.7243,11.5798,242.24
0.0903481,0.0736672,0.138137,19.1812,9.56431,242.242
0.102178,0.00334943,0.0974295,13.2697,5.8546,242.245
0.0599034,0.260025,0.137002,49.4151,13.4586,242.255
0.0805766,0.132682,0.15361,26.7354,9.40105,242.265
0.0718674,0.132961,0.120941,34.1615,9.82147,242.273
0.0737742,0.186041,0.152783,32.2908,9.58208,242.283
0.0890065,0.0182607,0.0880187,21.8097,4.67987,242.328
0.0886842,0.0161516,0.133509,20.5838,11.7962,242.344
0.0903368,0.0831693,0.113429,19.1157,6.63131,242.364
0.0987502,0.0307675,0.113209,15.2668,4.02498,242.381
0.0780102,0.0396068,0.108856,29.1797,8.84203,242.389
0.0854881,0.0523344,0.111105,23.3585,6.47779,242.419
0.0841804,0.173102,0.142466,23.1788,6.30822,242.448
0.0651029,0.270107,0.152899,41.8555,12.5128,242.451
0.0962173,0.0219343,0.143875,16.4027,8.8019,242.461
0.0835209,0.100315,0.155955,24.2985,8.0058,242.461
0.0968554,0.0922257,0.154265,15.0369,8.12253,242.467
0.0784127,0.0170662,0.0875511,28.2853,9.26702,242.504
0.0782493,0.0815207,0.112035,28.6,8.76825,242.522
0.0700865,0.225671,0.124795,36.1776,7.16397,242.522
0.0946397,0.0475717,0.135037,16.9886,11.8415,242.527
0.0998969,0.0233402,0.164966,13.6435,13.097,242.567
0.0860953,0.00179546,0.0916665,22.4567,9.94739,242.573
0.0848188,0.0519422,0.124706,22.2597,12.9386,242.592
0.0821694,0.0829604,0.105422,25.2975,6.31121,242.604
0.0872113,0.0164991,0.122496,22.0544,8.65849,242.63
0.0828838,0.150314,0.1345,24.992,6.29023,242.644
