beta,permeability,xi,init_days,delay,value
0.0385819,0.00766968,0.158596,28.3217,13.5641,39.0406
0.0372681,0.0211967,0.153198,32.7006,14.8113,39.1846
0.0385745,0.0167447,0.162033,28.8957,13.3179,39.2086
0.03859,0.0132817,0.156198,28.6158,13.0954,39.2419
0.0372603,0.0258101,0.161896,32.492,14.3012,39.2428
0.0375804,0.0278542,0.159261,31.5866,14.3474,39.2444
0.0372828,0.023483,0.151975,32.6425,14.6723,39.2545
0.0372747,0.0178046,0.163078,32.9772,14.9559,39.257
0.0382321,0.026939,0.150851,29.7141,13.9872,39.2708
0.0379707,0.00545602,0.155733,30.4743,14.707,39.2765
0.0389307,0.010759,0.163274,27.4915,13.8943,39.2795
0.0382599,0.00670242,0.147958,29.8485,13.4593,39.2828
0.0370152,0.0166623,0.160857,33.9524,15.4729,39.3288
0.0370371,0.0106822,0.150412,33.6588,15.1897,39.333
0.0382613,0.00988347,0.153465,29.841,13.7245,39.338
0.0382385,0.00479077,0.154791,29.5711,13.1837,39.3443
0.0382848,0.0121878,0.157341,29.8577,14.2714,39.3454
0.037561,0.0101067,0.162448,31.8969,14.9277,39.3587
0.036988,0.0299202,0.141221,33.8947,14.3033,39.3695
0.0369303,0.0473782,0.152146,33.9395,14.4311,39.3754
0.0373108,0.0151423,0.157501,32.2533,15.4807,39.385
0.0379811,0.00756878,0.156809,30.7297,14.0839,39.3892
0.0382486,0.0159685,0.146331,29.5271,13.9362,39.3895
0.0372887,0.0314279,0.162179,32.2685,15.9378,39.4029
0.0386062,0.00716704,0.147571,28.4595,13.4182,39.4056
0.0376211,0.022878,0.156452,31.9517,14.9045,39.4191
0.0382258,0.0249251,0.148485,29.1076,13.9314,39.4263
0.0372436,0.037792,0.165218,32.0046,14.9541,39.4299
0.0385664,0.0306031,0.159494,28.0191,13.8852,39.4329
0.0372939,0.00633697,0.16088,32.2198,15.3162,39.4391
0.0382289,0.024538,0.159697,29.8645,13.969,39.4432
0.0372846,0.0164913,0.16384,32.4479,14.0127,39.4506
0.0386055,0.0055957,0.14612,28.9602,13.4558,39.4527
0.0376261,0.0243861,0.15241,31.0901,14.0106,39.4537
0.0372532,0.0380145,0.163825,32.9528,14.133,39.4749
0.0369486,0.0514643,0.163926,33.3847,15.8411,39.4762
0.0366608,0.0509087,0.153334,34.9767,15.114,39.4783
0.038541,0.042685,0.161595,28.3794,13.5436,39.4807
0.0392406,0.00535788,0.165094,26.6077,13.1484,39.4822
0.0381736,0.0279852,0.158166,29.541,13.2177,39.4834
0.0372982,0.0276147,0.143223,32.3715,14.4759,39.4857
0.0366591,0.0421542,0.160972,34.1658,15.5588,39.4872
0.0385115,0.0291122,0.158333,28.1599,13.9521,39.4889
0.0370438,0.013848,0.149476,33.5557,15.1579,39.4917
0.036987,0.0384102,0.144138,33.3083,14.68,39.4939
0.0369494,0.0532282,0.14889,33.6357,14.995,39.5089
0.0370401,0.015755,0.150781,33.4697,15.0697,39.515
0.038171,0.0273821,0.159542,29.5813,13.9926,39.5162
0.0372493,0.0550377,0.152466,32.2292,14.3435,39.5201
0.0375804,0.0513986,0.161708,31.4593,14.709,39.5257
0.0385695,0.0145693,0.165227,28.5679,14.8501,39.5299
0.0379281,0.0386403,0.161913,30.5372,14.183,39.5359
0.0379489,0.0306719,0.153341,30.4744,14.0283,39.5374
0.0372088,0.0502374,0.158284,32.8903,14.357,39.5439
0.0381784,0.0214082,0.158697,29.5358,13.0826,39.5449
0.0389,0.020524,0.157003,27.6053,13.7526,39.5459
0.0379553,0.0292528,0.153755,30.3006,14.1483,39.5473
0.0385315,0.0274069,0.155536,28.7393,13.6207,39.5499
0.036984,0.0396408,0.153813,33.1315,15.5187,39.5525
0.0379106,0.0163211,0.144395,30.035,13.6511,39.5628
0.0388411,0.0159935,0.16007,27.6566,13.1129,39.564
0.0367682,0.0127338,0.135694,34.5815,15.1428,39.5651
0.0385181,0.00672662,0.154789,28.1135,13.7275,39.5697
0.0366745,0.041628,0.141391,34.5263,14.2679,39.5724
0.0363386,0.0745834,0.154523,35.878,15.3243,39.5754
0.0381555,0.0578625,0.15835,29.3753,13.6698,39.5822
0.0379204,0.0402705,0.154672,30.1455,14.8173,39.5864
0.0385193,0.0302168,0.155288,28.3034,13.2949,39.5915
0.0366721,0.0333714,0.163166,34.8794,15.8946,39.5923
0.0367504,0.0079993,0.15471,34.0473,15.4935,39.5933
0.0372046,0.0475036,0.156935,32.0687,14.6017,39.5969
0.037871,0.0176406,0.161963,30.163,14.6982,39.5989
0.0371727,0.0794728,0.164697,32.2844,14.2827,39.6016
0.0372821,0.0161304,0.142293,32.9428,14.2466,39.602
0.0382196,0.0177077,0.163927,29.14,14.9854,39.605
0.0389476,0.0143452,0.158935,27.0041,13.5106,39.6054
0.0383145,0.00768034,0.137178,29.8677,13.4676,39.6076
0.0378915,0.0224534,0.143209,30.2155,13.3725,39.6203
0.037281,0.00561468,0.151582,32.8626,14.6447,39.6355
0.0367231,0.032043,0.140731,34.3741,15.1311,39.6355
0.0381619,0.0104915,0.161408,29.2267,13.9294,39.6372
0.0363719,0.0587952,0.155962,35.4199,15.2715,39.6377
0.036941,0.0652052,0.164614,33.8273,15.5289,39.6385
0.0369956,0.0421551,0.156223,33.7347,15.04,39.6462
0.0376077,0.00942235,0.146123,31.4691,14.0923,39.6472
0.0366511,0.0466727,0.156311,34.5895,15.7428,39.6474
0.0373709,0.00786226,0.142276,32.1167,14.5048,39.6566
0.0376118,0.0301361,0.146469,31.4124,14.3891,39.661
0.0371923,0.0928746,0.163393,32.4348,14.5118,39.6618
0.0389062,0.00949661,0.152843,27.3852,13.1031,39.6666
0.0373296,0.0183214,0.136132,32.9027,14.7038,39.6666
0.0389098,0.0175761,0.15245,27.0909,13.1651,39.6684
0.037686,0.00553164,0.149791,31.9171,14.0259,39.6696
0.037527,0.0495372,0.159172,31.7153,14.3999,39.6701
0.0385727,0.0107644,0.161396,28.0505,14.8229,39.6712
0.0375287,0.0812428,0.160721,31.3871,14.0213,39.6715
0.0382518,0.0137827,0.139928,29.8743,13.9475,39.6725
0.0378843,0.0275365,0.148008,30.0153,13.1289,39.6777
0.0364527,0.0228697,0.136974,35.3889,15.1649,39.6782
0.037074,0.0139704,0.126755,33.8847,14.0373,39.6891
0.0384609,0.0531318,0.164234,28.771,13.7111,39.6938
0.0364008,0.0541274,0.128253,35.9966,14.8467,39.6955
0.0376182,0.0353903,0.146079,31.1194,14.1449,39.6961
0.0370064,0.0390691,0.154327,33.791,15.0107,39.6976
0.0366379,0.0739017,0.158268,34.4864,15.5399,39.6985
0.0382226,0.046669,0.150593,29.7196,13.7091,39.6986
0.037207,0.0819941,0.156807,32.1182,14.1365,39.6992
0.0384784,0.0613361,0.160928,28.1505,13.1567,39.6995
0.0382318,0.0286023,0.155856,29.3175,14.973,39.7002
0.0388742,0.0110776,0.140105,27.9856,12.9231,39.7007
0.0379335,0.0368518,0.135472,30.8508,13.4638,39.703
0.0388817,0.0292314,0.154774,27.5513,13.9358,39.7032
0.0382172,0.0163768,0.15957,29.066,14.6261,39.7038
0.0370053,0.0223834,0.14987,33.9852,14.9292,39.7089
0.0370398,0.00985986,0.145797,33.9238,14.8741,39.7091
0.0373432,0.019913,0.135076,32.2963,14.3813,39.7132
0.0379242,0.0153317,0.150539,30.6506,14.863,39.714
0.0370342,0.0341781,0.133085,33.443,14.3629,39.7218
0.0388965,0.0226477,0.152284,27.9457,13.1401,39.7223
0.0376358,0.00729308,0.133861,31.1643,13.3475,39.723
0.0378508,0.0179146,0.159855,30.9948,14.9939,39.7246
0.0382041,0.0400028,0.160865,29.3745,14.7512,39.7305
0.0385574,0.0232995,0.163802,28.9448,14.7008,39.7307
0.0372977,0.0418005,0.141568,32.1633,14.2621,39.7319
0.0384874,0.0536399,0.158247,28.5595,13.1567,39.7341
0.0364479,0.0362364,0.12179,35.5217,14.2494,39.7389
0.0378242,0.0245043,0.164663,30.8226,14.7106,39.74
0.0381637,0.0702468,0.157516,29.4927,13.7178,39.7406
0.0381955,0.0449811,0.163568,29.5887,14.6646,39.741
0.037935,0.0132643,0.147273,30.0922,13.2749,39.7418
0.0370031,0.00811417,0.140535,33.3841,14.7676,39.7426
0.0378881,0.0049159,0.140101,30.5249,13.4829,39.7485
0.0370294,0.0279815,0.159012,33.2723,15.0185,39.7508
0.0367183,0.0190345,0.132125,34.4942,14.1783,39.7513
0.036608,0.0905214,0.161847,34.0195,15.5113,39.7521
0.0381604,0.00619383,0.153047,29.5993,13.124,39.7526
0.038115,0.04715,0.156383,29.2428,13.875,39.7537
0.03718,0.0970923,0.159098,32.2874,14.2854,39.7538
0.03762,0.0216433,0.134318,31.3271,13.8114,39.7584
0.0380982,0.0503784,0.159769,29.9944,13.0059,39.7593
0.0366551,0.0651666,0.142086,34.6754,14.5834,39.7599
0.0370093,0.0303175,0.147013,33.4618,14.4455,39.7602
0.0388539,0.0339342,0.157153,27.8686,13.6623,39.7624
0.0385264,0.0358749,0.151015,28.9373,13.8971,39.7631
0.0366954,0.0272602,0.137635,34.6385,14.0986,39.7632
0.0378826,0.0151886,0.148412,30.0412,13.0792,39.7652
0.0364176,0.0521624,0.138687,35.3937,15.9568,39.7658
0.0378957,0.0405828,0.153808,30.0902,14.2885,39.769
0.036995,0.0466105,0.145054,33.4555,14.9685,39.771
0.0372397,0.0461712,0.147983,32.3788,14.5507,39.772
0.0381922,0.0222373,0.14329,29.4507,13.8629,39.7725
0.038208,0.0466021,0.145067,29.941,13.9497,39.7732
0.0385607,0.0114353,0.130689,28.5901,12.0118,39.7745
0.0368517,0.0996291,0.159903,33.3354,14.1844,39.7746
0.0375892,0.00820356,0.1439,31.899,14.8636,39.7758
0.0376119,0.0339357,0.131424,31.1632,13.6489,39.7767
0.0375809,0.0282438,0.148211,31.1581,14.6875,39.7776
0.0382886,0.0200567,0.15048,29.2193,14.9744,39.7791
0.0380865,0.0736824,0.16048,29.7284,13.9313,39.7791
0.0366802,0.0615102,0.150406,34.0355,15.2232,39.7811
0.0364505,0.0235172,0.147502,35.6911,15.4295,39.7821
0.0371566,0.0895729,0.162837,32.541,14.0882,39.7839
0.036673,0.0425033,0.13445,34.9458,14.62,39.7859
0.037496,0.0357118,0.162519,31.4976,14.4474,39.7875
0.0366266,0.0695066,0.140535,34.8384,14.8016,39.7894
0.0363049,0.0882909,0.155782,35.6917,15.6155,39.7906
0.0376508,0.0151902,0.158225,31.1376,15.9585,39.7915
0.0389604,0.0146296,0.154238,27.5742,13.6665,39.7937
0.0368393,0.0813615,0.161992,33.9569,14.8488,39.7954
0.0381421,0.0803166,0.158078,29.3039,13.0542,39.7955
0.0364562,0.0259927,0.141794,35.4481,15.0881,39.7955
0.0378382,0.0177037,0.147293,30.2502,13.5849,39.7957
0.0375896,0.0564048,0.131656,31.2157,13.8291,39.7967
0.0372971,0.0177242,0.165222,32.7945,14.5067,39.8022
0.0378642,0.0365674,0.141482,30.291,13.3224,39.8027
0.0381237,0.0485154,0.151355,29.1379,13.8591,39.8032
0.0379587,0.0332502,0.154083,30.5602,14.1282,39.8033
0.0388643,0.0273521,0.142969,27.0734,12.1972,39.8043
0.0381823,0.0431666,0.143139,29.687,13.6826,39.8045
0.037931,0.0404371,0.135826,30.1629,13.0402,39.8047
0.0359945,0.11948,0.160277,36.2839,15.7603,39.8062
0.0384141,0.0632056,0.164519,28.947,13.5792,39.8093
0.0364765,0.0156909,0.125093,35.1841,14.4153,39.8152
0.0360857,0.0804257,0.143053,36.2972,15.644,39.8165
0.0370061,0.0245113,0.145854,33.3944,15.8051,39.8169
0.0360021,0.116812,0.160232,36.4929,15.5993,39.8173
0.0363598,0.0699874,0.1446,35.1671,15.6868,39.8186
0.0379038,0.00692247,0.14818,30.086,14.3518,39.819
0.0369455,0.033211,0.1467,33.495,14.6294,39.8211
0.037972,0.0111308,0.141306,30.8755,14.7227,39.8221
0.0369572,0.0688206,0.143849,33.1789,14.1497,39.8226
0.0380985,0.0573583,0.155079,29.0352,13.4801,39.8229
0.0384588,0.0405862,0.155327,28.0735,13.1509,39.8247
0.0367003,0.0530592,0.148464,34.7398,15.9664,39.8256
0.0370429,0.0232619,0.14195,33.5471,15.3314,39.8267
0.0364739,0.0199589,0.14258,35.1339,15.1974,39.8289
0.0376437,0.0153081,0.133877,31.9241,13.9053,39.8292
0.0382202,0.0105397,0.139193,29.3335,13.9938,39.8301
0.0385152,0.0363249,0.149979,28.5423,13.7154,39.8341
0.0382382,0.047003,0.147092,29.6655,13.497,39.8351
0.0366098,0.0935935,0.16289,34.7066,15.3114,39.8361
0.0370028,0.0455177,0.148519,33.1316,15.9717,39.8385
0.0381464,0.0598706,0.151889,29.0964,13.0809,39.839
0.0376896,0.00962374,0.128416,31.0934,13.8379,39.8408
0.0368651,0.108557,0.156291,33.8049,14.0534,39.8414
0.0373619,0.0159589,0.157958,32.4315,15.8353,39.8415
0.0370438,0.0164842,0.141177,33.7788,15.7005,39.8427
0.0375801,0.0447168,0.148084,31.2698,14.5457,39.8435
0.0370332,0.0076524,0.141928,33.4415,15.1909,39.8449
0.0389386,0.00719989,0.143632,27.2043,13.5569,39.8457
0.0360681,0.0786961,0.153251,36.8165,15.4426,39.8468
0.0376147,0.0111699,0.137638,31.9287,13.0215,39.8477
0.0364964,0.0227735,0.115773,35.0489,14.8089,39.8491
0.0368305,0.136792,0.160239,33.5649,14.4363,39.8533
0.0388165,0.0165573,0.145712,27.573,12.7335,39.8548
0.0360444,0.0940761,0.159322,36.8052,15.0862,39.8586
0.0363583,0.0771166,0.159636,35.3167,15.0082,39.8599
0.0369915,0.0428929,0.149378,33.7958,14.9548,39.8603
0.0368305,0.107063,0.164752,33.3555,14.9948,39.8616
0.0391443,0.00885944,0.155565,26.7762,12.0372,39.8617
0.0363523,0.0778183,0.135894,35.4389,14.7454,39.8621
0.0373252,0.0265872,0.155396,32.3116,14.3349,39.8626
0.0371774,0.0626742,0.154645,32.6947,14.3248,39.8635
0.0376597,0.0184604,0.124202,31.622,13.8222,39.8678
0.0389592,0.00682036,0.128373,27.8653,12.135,39.8695
0.0381823,0.00570545,0.144567,29.5355,13.7929,39.8742
0.0372418,0.0330573,0.143621,32.7863,14.922,39.8744
0.0389112,0.0257839,0.152492,27.108,13.0387,39.8746
0.036142,0.0475248,0.135505,36.1087,15.3995,39.8751
0.0376534,0.0290804,0.164881,31.0656,15.5278,39.8756
0.0362785,0.101282,0.158632,35.9301,15.6819,39.8763
0.0377081,0.00832855,0.125587,31.5763,13.6769,39.8784
0.0378752,0.0142532,0.136642,30.4054,13.8793,39.8787
0.0369015,0.0834807,0.164239,33.7704,15.9314,39.8827
0.0389241,0.0167682,0.132622,27.3649,12.8331,39.8837
0.0364464,0.0201933,0.163826,35.1397,16.897,39.8841
0.0389232,0.0270802,0.156047,27.3549,13.1955,39.8854
0.0377472,0.0915428,0.154792,30.6492,13.8576,39.8862
0.0378137,0.0550536,0.155018,30.1524,13.2792,39.887
0.037608,0.00826713,0.140781,31.8168,13.9207,39.8874
0.0375757,0.016817,0.142504,31.2843,14.3664,39.8875
0.0378179,0.0484327,0.146948,30.2051,13.6381,39.8899
0.0373569,0.0241531,0.154595,32.8451,15.3386,39.8904
0.0359768,0.129621,0.160658,36.2204,15.2784,39.8919
0.0388068,0.0223021,0.154718,27.9027,12.0107,39.8952
0.0378987,0.0141416,0.135359,30.5908,13.4771,39.8954
0.0376436,0.0397513,0.125761,31.2332,13.12,39.8959
0.0377095,0.0951739,0.160549,30.2793,13.5634,39.8969
0.0368229,0.118142,0.16328,33.5183,14.2028,39.8996
0.0375711,0.0375684,0.13875,31.3017,13.9383,39.9002
0.0377696,0.0858977,0.15671,30.6903,13.3641,39.9022
0.0386049,0.0266642,0.159144,28.7104,14.6824,39.9024
0.0368087,0.0149986,0.118194,34.9075,14.3647,39.9025
0.0383132,0.0171002,0.150683,29.0067,14.1629,39.903
0.0368225,0.0889071,0.161548,33.6719,14.4926,39.9042
0.0375979,0.0350933,0.130516,31.3916,13.4817,39.9072
0.0375217,0.0792373,0.153488,31.6589,14.7784,39.9075
0.0373745,0.0183142,0.150203,32.5669,15.827,39.909
0.036934,0.0777404,0.152295,33.5904,14.5124,39.9093
0.0382708,0.0251901,0.153202,29.7586,13.0419,39.9119
0.038465,0.0237457,0.156658,28.3602,13.6419,39.9137
0.0380705,0.08087,0.15803,29.8532,13.7978,39.9158
0.038261,0.00476926,0.163184,29.3522,13.9242,39.916
0.0381421,0.0160648,0.165036,29.1989,14.7853,39.9176
0.038037,0.00673427,0.125078,30.1076,13.4961,39.9178
0.0381381,0.0837758,0.157816,29.4255,13.2408,39.919
0.0369598,0.0257017,0.157041,33.7814,15.6131,39.9197
0.0386117,0.0213714,0.139758,28.9599,13.6045,39.9199
0.03611,0.0615882,0.146854,36.8826,15.4454,39.9202
0.038253,0.0449885,0.161567,29.9254,14.4917,39.9209
0.0375335,0.0375167,0.151377,31.5354,14.6002,39.9215
0.0365139,0.015193,0.112989,35.7673,14.1315,39.9256
0.0386567,0.0162095,0.139216,28.0413,13.7072,39.9257
0.0378481,0.0288031,0.140317,30.165,13.8238,39.9265
0.0378876,0.0307191,0.134273,30.6666,13.4134,39.9269
0.0392928,0.00854714,0.159332,26.6008,13.418,39.9275
0.0378304,0.0671563,0.158764,30.9047,14.9788,39.9285
0.03793,0.0198546,0.130447,30.2848,13.6178,39.9288
0.0376932,0.101393,0.161755,30.7204,13.3204,39.9289
0.0375874,0.0592481,0.163725,31.6978,14.6919,39.9298
0.0381041,0.0336896,0.157517,29.6281,13.2545,39.9299
0.0392524,0.0162094,0.16066,26.6605,13.2646,39.9317
0.0369485,0.0581159,0.138775,33.493,14.7801,39.9319
0.0391816,0.0157897,0.164863,26.953,12.194,39.9319
0.0367701,0.0081509,0.135539,34.8072,14.4326,39.9327
0.0375707,0.0727546,0.153477,31.5968,14.5524,39.9343
0.0392887,0.00529457,0.149063,26.8217,13.3365,39.9349
0.0385206,0.0150907,0.133077,28.5413,12.7069,39.9371
0.0367545,0.0150466,0.16218,34.5556,16.9788,39.9373
0.0369045,0.0722932,0.145596,33.9563,14.6884,39.9407
0.0377871,0.0913895,0.153771,30.2387,13.9806,39.9419
0.0367541,0.0400954,0.123812,34.8859,14.6727,39.9419
0.0366651,0.0422727,0.136047,34.2035,14.2285,39.9427
0.0365629,0.0946007,0.149395,34.6503,14.9541,39.9434
0.0385077,0.021204,0.136105,28.2385,12.5417,39.9438
0.0385633,0.0403796,0.163018,28.9823,14.6317,39.9439
0.0360844,0.072997,0.164313,36.2308,16.9805,39.9442
0.0363319,0.0640608,0.161278,35.922,15.6428,39.9446
0.0379736,0.0271669,0.156348,30.9004,14.8729,39.9456
0.0367964,0.150278,0.164346,33.6843,14.0058,39.9465
0.0375296,0.0352676,0.137935,31.7368,13.2342,39.949
0.0375218,0.0573371,0.153087,31.951,14.5948,39.9496
0.0364321,0.0511029,0.14727,35.1805,15.4822,39.9503
0.038852,0.0358057,0.142787,27.7023,12.0807,39.951
0.0364503,0.0252511,0.162942,35.8494,16.701,39.9522
0.0378125,0.0570544,0.15756,30.9586,13.7909,39.9523
0.0388503,0.0352248,0.153515,27.6743,13.1588,39.9533
0.037529,0.0342184,0.139817,31.2777,13.5452,39.9537
0.0367293,0.0262028,0.164828,34.969,16.1749,39.9537
0.0371566,0.068354,0.156416,32.1052,14.0045,39.9549
0.0376783,0.0100596,0.131135,31.4031,13.5267,39.9559
0.0361692,0.0507679,0.116995,36.4138,14.0299,39.96
0.0356826,0.143982,0.157602,37.2866,15.5762,39.9602
0.0359389,0.139462,0.164005,36.7554,15.0637,39.9604
0.0362293,0.0260194,0.109805,36.5728,14.1454,39.9612
0.0367672,0.0194615,0.154295,34.2868,15.9527,39.962
0.0385657,0.0208707,0.139194,28.7435,13.4112,39.9639
0.0382641,0.0353305,0.153853,29.8796,14.0957,39.9647
0.0357628,0.111827,0.146297,37.2322,15.7381,39.9653
0.0364017,0.0348107,0.155763,35.5617,15.803,39.9673
0.0385401,0.0159902,0.128957,28.8232,12.417,39.9708
0.0382607,0.036316,0.151482,29.6046,13.9413,39.9708
0.0376432,0.0109355,0.123147,31.8264,13.4808,39.9722
0.0376763,0.0218031,0.132459,31.1676,14.0063,39.9722
0.0369628,0.0749233,0.155198,33.3937,15.6398,39.9722
0.0388207,0.0517254,0.161011,27.0594,13.2005,39.9724
0.0361134,0.0731323,0.134683,36.1461,15.8511,39.9734
0.037519,0.0418526,0.139754,31.683,13.0954,39.9734
0.037635,0.0101142,0.134834,31.6248,14.0342,39.9745
0.0386299,0.0222385,0.138302,28.9174,13.1493,39.9746
0.0373923,0.00499838,0.143577,32.7591,15.7442,39.9751
0.0378169,0.0798409,0.1556,30.1173,13.6501,39.9762
0.0378448,0.0337904,0.159496,30.8771,13.1292,39.9763
0.0365972,0.0931141,0.143334,34.737,14.5553,39.9769
0.0364121,0.0637233,0.124966,35.7902,14.2807,39.9771
0.0379803,0.0145019,0.124106,30.1682,13.12,39.9772
0.0370284,0.0368286,0.157605,33.0046,15.914,39.9777
0.03893,0.0114567,0.143082,27.8106,12.8224,39.98
0.0364351,0.0465095,0.132397,35.0234,15.8803,39.9804
0.0360912,0.0799974,0.149865,36.141,15.7317,39.9811
0.0385504,0.0404237,0.129864,28.4671,12.3138,39.9826
0.0364558,0.0444991,0.135734,35.0968,15.6519,39.9831
0.0375494,0.0299945,0.133124,31.3022,13.6711,39.9847
0.036087,0.0796546,0.161688,36.0159,16.7478,39.9847
0.0364975,0.0164009,0.113122,35.9273,14.2631,39.9886
0.0378289,0.0177542,0.157752,30.8734,14.3271,39.9887
0.0367291,0.0429336,0.152222,34.95,15.0083,39.9901
0.0391356,0.00679351,0.157082,26.6,12.547,39.9902
0.0361806,0.0279513,0.134299,36.1765,15.0515,39.9921
0.0368961,0.0873293,0.145209,33.5777,14.5247,39.9922
0.0372954,0.0195412,0.13338,32.8589,14.4041,39.9925
0.0373295,0.0363151,0.164766,32.5532,15.9731,39.9939
0.038906,0.0275972,0.144918,27.0644,13.9932,39.9944
0.0377691,0.0740533,0.164923,30.5978,14.7796,39.9945
0.0378504,0.026074,0.159452,30.8054,13.5264,39.9948
0.0382498,0.0513801,0.142963,29.8216,13.1063,39.9953
0.0392574,0.00759094,0.150216,26.1548,13.8896,39.9955
0.038278,0.0376943,0.139779,29.0185,13.7611,39.9958
0.0376397,0.0236094,0.124132,31.3864,13.9829,39.9961
0.0366264,0.0890825,0.153165,34.9964,15.674,40.0009
0.0388577,0.0418407,0.156006,27.9999,13.2535,40.0012
0.0371008,0.0171779,0.124444,33.5016,14.9312,40.0014
0.0377977,0.0717296,0.163033,30.7301,14.0688,40.0021
0.0377953,0.0984425,0.151501,30.7001,13.0586,40.0027
0.0376039,0.0144459,0.16133,31.7424,15.5374,40.0034
0.0375264,0.0502072,0.139814,31.9356,13.7669,40.004
0.0372878,0.0616901,0.156811,32.209,15.8727,40.0049
0.0363059,0.11114,0.163516,35.4697,15.6083,40.0062
0.0372096,0.0399912,0.148732,32.138,14.0642,40.0071
0.0386698,0.0066048,0.122046,28.9195,12.5058,40.0082
0.0374718,0.0607619,0.158811,31.1103,14.8021,40.0103
0.0364238,0.0500223,0.164532,35.4337,16.4069,40.0106
0.0371793,0.113895,0.160959,32.1187,14.266,40.012
0.0380479,0.00497635,0.122591,30.5882,13.2685,40.0186
0.0382654,0.0152308,0.130012,29.5567,13.9097,40.0195
0.038655,0.00843572,0.120765,28.6937,12.4073,40.0202
0.0389124,0.0238998,0.140846,27.9755,13.492,40.0209
0.0385366,0.0334898,0.142669,28.8741,13.7586,40.0226
0.0389345,0.0161827,0.127276,27.493,12.5995,40.0236
0.0378299,0.053555,0.154142,30.1064,14.2856,40.0241
0.0378032,0.0835426,0.163749,30.2203,14.8841,40.0247
0.0375813,0.0551481,0.142953,31.4537,14.1346,40.0248
0.0381977,0.0643981,0.142733,29.7354,13.3243,40.0258
0.0362159,0.0348523,0.111064,36.1509,14.1832,40.0265
0.0357717,0.0992292,0.148118,37.1354,15.8158,40.0306
0.036409,0.0303756,0.160685,35.4475,15.5963,40.0306
0.0382835,0.0167902,0.144445,29.6774,14.2297,40.0314
0.038605,0.0158393,0.134727,28.8918,13.8423,40.0317
0.0376903,0.0162537,0.117278,31.9213,13.4415,40.032
0.0357114,0.127649,0.150711,37.115,15.0363,40.032
0.0366786,0.0391466,0.130706,34.6965,14.8085,40.0322
0.0376067,0.0303731,0.126355,31.3859,13.9662,40.0325
0.0366656,0.0755682,0.131756,34.1642,14.798,40.0335
0.0376022,0.0440146,0.140462,31.3626,14.5674,40.0337
0.0377064,0.0136797,0.130014,31.4101,14.8265,40.0359
0.0385653,0.0271206,0.131899,28.6038,12.0983,40.0395
0.0361075,0.0539091,0.164046,36.7735,16.7566,40.042
0.0388069,0.0138776,0.154523,27.3044,12.7984,40.0423
0.0364624,0.0248647,0.154191,35.5236,15.7624,40.0428
0.0369407,0.0401147,0.138931,33.2314,14.1927,40.043
0.0361569,0.0433736,0.122332,36.1185,14.8712,40.0436
0.0370942,0.0954691,0.165205,32.9495,14.5335,40.0448
0.0366393,0.0656964,0.133312,34.2497,14.8851,40.0455
0.0362943,0.102758,0.154251,35.075,15.095,40.0456
0.0380532,0.106663,0.162374,29.2826,13.3716,40.0464
0.0383999,0.0612414,0.161089,28.0099,13.5967,40.0466
0.0382782,0.0379686,0.162055,29.612,14.6335,40.0473
0.037617,0.0562321,0.147482,31.7612,14.2876,40.0479
0.037946,0.00764629,0.151084,30.3327,13.4052,40.048
0.0380716,0.0969476,0.157875,29.7213,13.0563,40.048
0.0383389,0.0133655,0.13731,29.7457,13.1647,40.0496
0.0375422,0.0406634,0.134531,31.2007,13.2039,40.0499
0.0359647,0.14716,0.162813,36.3416,15.3409,40.0503
0.036919,0.106265,0.147218,33.2906,14.9564,40.0507
0.0389688,0.0145764,0.14387,27.3269,13.3661,40.0515
0.0382231,0.0133726,0.150572,29.4527,14.2879,40.0521
0.0374421,0.0878093,0.16302,31.8904,14.6672,40.0539
0.036846,0.0907414,0.152544,33.0151,14.7785,40.0539
0.0381464,0.0723571,0.163486,29.8305,14.7784,40.057
0.0386097,0.0284492,0.137182,28.7494,13.1508,40.0573
0.0368033,0.0150737,0.135547,34.1597,15.4911,40.0582
0.0382632,0.0414283,0.154854,29.752,14.9413,40.0585
0.0364781,0.00604605,0.154036,35.5958,16.4093,40.0601
0.0377792,0.0728287,0.162871,30.3033,13.338,40.0603
0.0385239,0.0121067,0.162537,28.5438,14.9046,40.0612
0.0360417,0.102042,0.143532,36.2438,15.9175,40.0632
0.0390922,0.0397278,0.164601,26.9981,12.7934,40.0646
0.0365045,0.0250158,0.124677,35.0003,15.4994,40.0647
0.0371185,0.00486972,0.129358,33.6177,14.3729,40.0666
0.0370621,0.0124448,0.11314,33.336,13.1103,40.0676
0.0386616,0.00868831,0.132084,28.0347,13.7149,40.0684
0.0375608,0.0245723,0.128524,31.5217,13.6064,40.0689
0.0374313,0.0748312,0.162095,31.6305,14.3336,40.07
0.0391277,0.0356105,0.161087,26.6185,12.2947,40.0706
0.0387491,0.0418321,0.154682,27.3082,12.9622,40.0714
0.037789,0.0792066,0.141514,30.9204,13.9748,40.0722
0.0379634,0.0212199,0.163617,30.5692,15.8475,40.0726
0.0378437,0.0225985,0.137776,30.4566,13.9165,40.0737
0.0382433,0.0275029,0.130043,29.9782,13.6053,40.0747
0.0387913,0.0275894,0.161166,27.3619,12.6056,40.0758
0.0365927,0.0923526,0.152436,34.5709,14.7012,40.0759
0.0360963,0.0814907,0.150314,36.7949,15.3019,40.0761
0.0362579,0.132187,0.161627,35.7755,15.3465,40.0762
0.0376054,0.0195522,0.160419,31.1064,15.1374,40.0772
0.0367007,0.0590322,0.153087,34.4002,15.7171,40.0783
0.0377809,0.0856155,0.159677,30.2754,14.5232,40.0784
0.0378494,0.0356063,0.136177,30.5956,13.6486,40.0801
0.0365244,0.0149401,0.131073,35.7841,15.8772,40.0804
0.035665,0.15195,0.156688,37.1317,15.9341,40.0804
0.0372582,0.0780572,0.157677,32.2194,14.0718,40.0824
0.0363558,0.0884568,0.136058,35.8249,14.9618,40.0826
0.038268,0.037168,0.149967,29.7063,14.2851,40.0847
0.0388635,0.00867488,0.148349,27.2855,13.7634,40.085
0.0392188,0.0124753,0.16319,26.2641,12.7709,40.0861
0.0376902,0.115959,0.161639,30.7848,13.5088,40.0881
0.0374753,0.0972452,0.143549,31.4987,13.2051,40.0896
0.0385168,0.0539513,0.143074,28.8682,13.3865,40.0905
0.0385835,0.0423191,0.147717,28.4278,13.0618,40.0908
0.0378718,0.0727811,0.147277,30.2933,13.2357,40.0912
0.0361308,0.0558488,0.149341,36.669,15.7018,40.0913
0.0370278,0.0413689,0.158812,33.5358,15.2196,40.0916
0.0367849,0.0106203,0.16322,34.0882,16.5486,40.0969
0.0358196,0.0755177,0.136093,37.9377,15.3111,40.0975
0.0377347,0.0621524,0.16249,30.7471,13.122,40.0983
0.0371053,0.0181583,0.121496,33.5669,14.8603,40.0994
0.0361074,0.0786817,0.13351,36.0755,15.1305,40.1
0.0374815,0.050195,0.140575,31.1887,13.5233,40.1002
0.0371122,0.0870986,0.160449,32.4716,14.884,40.1004
0.0376408,0.0391174,0.157289,31.9734,14.5437,40.1013
0.0392544,0.0231767,0.163126,26.0506,13.4135,40.1022
0.036536,0.115272,0.153686,34.2461,14.1822,40.1025
0.0361756,0.0549224,0.127141,36.067,15.9872,40.1034
0.0367148,0.0335892,0.136776,34.9559,15.0791,40.1038
0.0354307,0.151167,0.164306,38.9661,16.6877,40.104
0.0376884,0.115107,0.159077,30.4555,13.5596,40.1057
0.0373145,0.0463066,0.15305,32.5251,14.2528,40.1061
0.0375558,0.013588,0.133298,31.6306,13.9621,40.1067
0.0369947,0.0424787,0.129728,33.095,14.1479,40.1068
0.0365538,0.119688,0.154506,34.7562,14.5564,40.1073
0.0363767,0.0832985,0.127059,35.2341,14.2089,40.1079
0.0384908,0.0462059,0.134657,28.9063,12.8061,40.1082
0.0388623,0.0426595,0.154114,27.9035,13.8665,40.1089
0.0386563,0.00927322,0.149899,28.7897,14.9413,40.1092
0.0384635,0.0739696,0.158295,28.0411,13.6777,40.1096
0.0377581,0.0784712,0.164792,30.7903,13.9812,40.1097
0.0379677,0.00477594,0.137025,30.4164,14.9794,40.1104
0.0380893,0.0253687,0.161904,29.0744,13.7703,40.1132
0.0367212,0.0141666,0.162976,34.3039,16.4587,40.1138
0.0393005,0.0142654,0.162229,26.7243,13.919,40.1152
0.0372915,0.0284599,0.122718,32.3349,13.6183,40.1159
0.0388712,0.020885,0.134732,27.7453,12.1348,40.1162
0.0361956,0.016694,0.132571,36.7494,15.7569,40.1166
0.0373078,0.00455121,0.130148,32.047,13.5001,40.1174
0.0363232,0.105417,0.134718,35.0685,14.6743,40.1179
0.0375988,0.0201807,0.136546,31.1307,14.3105,40.1184
0.0375477,0.035341,0.129122,31.5165,13.9789,40.1189
0.0377336,0.111054,0.16059,30.1057,13.9882,40.1191
0.0378551,0.0708488,0.136753,30.1899,13.9248,40.1194
0.0367404,0.0411962,0.150723,34.3666,15.3104,40.1202
0.0381854,0.0656331,0.158819,29.1061,14.3354,40.1212
0.039207,0.0315217,0.162791,26.7346,13.6514,40.1223
0.0366536,0.0835145,0.156988,34.5494,15.7737,40.1224
0.0381293,0.0335994,0.163485,29.4709,14.927,40.1229
0.0362725,0.122364,0.157859,35.1297,15.1054,40.1248
0.0382467,0.00920848,0.12344,29.4273,12.862,40.1251
0.037325,0.0124519,0.11688,32.3525,13.1186,40.1259
0.0372939,0.0613218,0.152615,32.5901,14.4623,40.1261
0.0369079,0.105717,0.159305,33.8975,15.4745,40.1282
0.0387886,0.0366014,0.145551,27.8446,12.8678,40.1282
0.0373378,0.0119135,0.129827,32.24,13.6718,40.1287
0.0363302,0.083575,0.130454,35.645,14.0295,40.1301
0.0383326,0.0175853,0.145376,29.2774,14.2516,40.1314
0.0359071,0.0461858,0.1229,37.432,15.8599,40.1316
0.0375197,0.0815131,0.133961,31.838,13.9625,40.1317
0.0357848,0.102229,0.1354,37.8378,15.5238,40.1322
0.0370054,0.060174,0.140521,33.0011,14.5743,40.1325
0.0369635,0.0878793,0.137132,33.4091,14.0708,40.1328
0.0371757,0.11869,0.163667,32.0426,14.1511,40.134
0.0387768,0.0442985,0.163333,27.6246,13.569,40.1347
0.0374728,0.0928797,0.148448,31.8824,13.3711,40.1353
0.0381245,0.0923673,0.158131,29.5625,13.5734,40.1371
0.036095,0.0592445,0.156023,36.9612,15.8845,40.1379
0.0369043,0.0851584,0.161379,33.0921,14.077,40.1411
0.0360225,0.118248,0.162334,36.5838,15.6824,40.1421
0.0375653,0.0815695,0.153157,31.709,14.7073,40.1427
0.0378027,0.0320693,0.161384,30.4882,13.0341,40.1436
0.0373301,0.046862,0.156664,32.5128,15.7891,40.1436
0.0357172,0.134741,0.158489,37.3639,15.3586,40.1437
0.0359896,0.0238493,0.102633,37.8113,14.2692,40.1459
0.0373821,0.0155269,0.155403,32.8512,15.9384,40.1466
0.0360391,0.0904748,0.164249,36.0172,16.7306,40.1467
0.0364427,0.00897922,0.163849,35.3806,16.0929,40.1468
0.0382873,0.0151612,0.120884,29.2539,12.0747,40.1496
0.0361716,0.0551133,0.132479,36.6047,15.8783,40.1506
0.0369335,0.0998611,0.148044,33.1607,14.2269,40.1509
0.0372705,0.0505222,0.13667,32.2031,14.0835,40.1515
0.0384761,0.0531348,0.138491,28.2342,12.4013,40.1519
0.0372828,0.0148354,0.124267,32.6678,13.7123,40.1542
0.0364182,0.0394975,0.122512,35.5241,14.15,40.1547
0.0377216,0.0862242,0.152969,30.1833,13.1287,40.1549
0.0365998,0.101442,0.150223,34.4194,14.9694,40.1555
0.0379211,0.0531917,0.14772,30.6584,14.1176,40.1557
0.0388323,0.012609,0.16274,27.1679,12.3218,40.1562
0.0374945,0.0520923,0.135968,31.6597,13.6672,40.1584
0.0384773,0.0561406,0.138625,28.9355,12.8563,40.1588
0.0373091,0.0506192,0.126587,32.8876,13.628,40.1589
0.0375211,0.0635502,0.147297,31.6238,13.7431,40.1599
0.0361145,0.0467045,0.16201,36.9419,16.3155,40.1604
0.038274,0.0364935,0.148179,29.3046,14.9723,40.1608
0.0386287,0.0250223,0.132675,28.1042,13.9282,40.1619
0.0365581,0.141779,0.15072,34.237,14.8026,40.1626
0.0358794,0.0521998,0.133916,37.59,15.6736,40.1632
0.0386702,0.0117509,0.121687,28.4854,12.7409,40.1633
0.0374601,0.0704973,0.155294,31.3854,14.6605,40.1636
0.0360041,0.108484,0.148766,36.1306,15.7914,40.1638
0.0387918,0.0158471,0.148209,27.9525,12.8672,40.164
0.0364601,0.0130638,0.153921,35.6147,16.3988,40.1652
0.0355005,0.12128,0.134654,38.6871,15.8324,40.1653
0.0382532,0.0337473,0.130762,29.7906,13.3846,40.1656
0.0381481,0.0474228,0.141295,29.3943,13.4599,40.1658
0.0392419,0.0200491,0.142502,26.9748,12.2793,40.1661
0.0372731,0.0308854,0.130858,32.6999,13.9523,40.1663
0.0373165,0.0179499,0.117786,32.8058,13.6166,40.1665
0.037389,0.108651,0.151407,31.6643,13.4703,40.1674
0.0387769,0.0235579,0.162013,27.2317,12.4122,40.1677
0.0371434,0.133622,0.164601,32.847,14.6129,40.1688
0.0365934,0.122503,0.147062,34.1291,14.7178,40.1692
0.0370377,0.00637327,0.123049,33.2742,13.7308,40.1693
0.0365696,0.117935,0.14471,34.9015,14.407,40.1698
0.0359498,0.159301,0.165085,36.9829,15.5039,40.1703
0.0359574,0.0219573,0.117805,37.4935,15.7332,40.1716
0.0354713,0.127034,0.143171,38.0539,15.1318,40.1721
0.0365054,0.0297981,0.125861,35.6606,15.5392,40.1733
0.0374171,0.102379,0.149816,31.9905,13.2538,40.1734
0.0376949,0.109835,0.153286,30.9352,13.4299,40.1736
0.03827,0.0438631,0.148391,29.2829,13.5028,40.1739
0.0387324,0.0424661,0.154612,27.118,12.4318,40.174
0.0366241,0.083266,0.134878,34.9137,14.9237,40.1742
0.0385186,0.00447526,0.16322,28.0185,14.154,40.1751
0.0387697,0.0293166,0.148289,27.6299,12.2208,40.1756
0.0364557,0.0380779,0.157072,35.1729,16.1124,40.1761
0.0367392,0.0131732,0.142803,34.3494,14.866,40.1763
0.0359096,0.0376447,0.129227,37.8419,15.3118,40.1766
0.0392136,0.029247,0.148992,26.4824,12.6219,40.1779
0.0372498,0.033041,0.124653,32.0646,13.234,40.1787
0.039272,0.0200521,0.158567,26.2383,13.6525,40.1805
0.0379837,0.0107813,0.134916,30.717,14.273,40.1809
0.0369519,0.0849642,0.152586,33.6651,15.7561,40.1812
0.038286,0.00667007,0.123588,29.3647,12.7468,40.1813
0.038325,0.00898844,0.11851,29.7621,12.4415,40.1815
0.0383084,0.00812063,0.152661,29.6374,13.021,40.1823
0.0375291,0.0593274,0.150032,31.1266,13.9202,40.1823
0.038118,0.0957438,0.159883,29.1517,13.5911,40.1826
0.0365066,0.0262231,0.132753,35.7986,15.5667,40.1826
0.0373902,0.0172409,0.149231,32.5706,15.5227,40.1834
0.0375271,0.040422,0.145996,31.9942,13.2309,40.1835
0.0361364,0.0723669,0.137044,36.3191,15.664,40.1854
0.0359438,0.0427175,0.109059,37.2314,14.8763,40.1865
0.0386846,0.0102441,0.160477,28.3299,14.0824,40.1868
0.0370706,0.0238312,0.150269,33.3262,15.098,40.1872
0.0366191,0.0672272,0.157155,34.6547,14.1112,40.1876
0.0363677,0.0868561,0.12636,35.5083,14.4135,40.1884
0.0392549,0.00784125,0.159724,26.235,12.4211,40.1894
0.0372196,0.0956316,0.131257,32.1932,13.3734,40.1895
0.0368707,0.0974634,0.163473,33.4469,15.9731,40.1905
0.0382049,0.0231535,0.133938,29.4293,13.3654,40.1906
0.0392316,0.0137071,0.160547,26.3215,12.9619,40.1921
0.0388337,0.0124886,0.163085,27.539,12.9706,40.1926
0.0377349,0.105726,0.163635,30.289,13.0365,40.1932
0.0366317,0.0977036,0.161802,34.5511,15.4134,40.1939
0.0366173,0.110229,0.13896,34.9647,14.2024,40.1951
0.0371768,0.0490062,0.153031,32.1836,14.1619,40.1952
0.0358216,0.0887876,0.144347,37.9573,15.665,40.1956
0.0364367,0.0299065,0.161898,35.0729,15.8522,40.196
0.0373742,0.0111859,0.1119,32.7006,13.915,40.1962
0.0372846,0.0491793,0.134639,32.3587,14.4105,40.1969
0.0361399,0.0376356,0.146956,36.306,15.6781,40.1976
0.0382756,0.0126168,0.144089,29.7519,14.6958,40.1983
0.0387853,0.0181969,0.163336,27.7486,13.8337,40.1986
0.0364672,0.0337748,0.150312,35.6716,15.158,40.1998
0.0374276,0.107092,0.150655,31.8166,13.4778,40.2014
0.036974,0.0765263,0.157054,33.1569,15.0463,40.2017
0.0374699,0.088699,0.139198,31.8565,13.9806,40.2029
0.0367742,0.0294953,0.115585,34.4701,14.0866,40.2033
0.0388121,0.0289882,0.140745,27.95,12.4115,40.2048
0.0364353,0.032765,0.155783,35.8197,16.0356,40.2061
0.0367243,0.0586238,0.133712,34.9154,14.3772,40.2063
0.0384597,0.0729878,0.150303,28.1377,13.479,40.2064
0.0367737,0.0137588,0.106645,34.6328,13.4098,40.2078
0.0380212,0.0175259,0.130461,30.117,13.5943,40.2082
0.0371068,0.135345,0.161217,32.081,14.1247,40.2089
0.0374958,0.0727892,0.149304,31.274,14.3424,40.2099
0.0366009,0.0875001,0.154637,34.4333,14.9514,40.2102
0.0357571,0.117354,0.154297,37.1921,15.8222,40.211
0.0365376,0.0151757,0.119436,35.1994,14.4351,40.2111
0.03789,0.0327719,0.144034,30.1931,14.9136,40.2128
0.0373213,0.0515928,0.151177,32.6342,15.7466,40.2131
0.0368052,0.125928,0.156286,33.3583,14.5034,40.2131
0.0375694,0.0555465,0.145726,31.3365,13.0716,40.2134
0.0377613,0.10693,0.148538,30.4432,13.178,40.2136
0.0372883,0.0157066,0.119158,32.4437,13.529,40.2148
0.0385018,0.0165647,0.164841,28.9637,14.6552,40.2151
0.0371407,0.0740326,0.150906,32.1606,14.552,40.2155
0.0385142,0.0377703,0.13809,28.9492,12.8646,40.216
0.03715,0.0740306,0.149237,32.8359,14.4314,40.217
0.0375276,0.0743689,0.131003,31.8982,13.4038,40.217
0.0366386,0.101099,0.154108,34.0437,15.8772,40.218
0.0376054,0.0218519,0.122239,31.9472,13.0508,40.2182
0.0363245,0.0970835,0.145499,35.3154,15.6601,40.2188
0.0367274,0.0400092,0.140083,34.1828,14.1633,40.2197
0.03866,0.0198493,0.165057,28.8197,14.3506,40.2203
0.0361652,0.0497115,0.144323,36.3743,15.3487,40.2209
0.0361034,0.0498856,0.143433,36.0786,15.1212,40.2212
0.0383958,0.0904779,0.162561,28.9161,13.3706,40.2223
0.0373165,0.0111167,0.115196,32.9753,13.3572,40.2224
0.0382078,0.0408666,0.124882,29.866,12.8189,40.2227
0.0373433,0.0539796,0.120819,32.3881,13.9873,40.224
0.0365808,0.121366,0.14239,34.8277,14.8621,40.2245
0.0365173,0.157634,0.157814,34.3216,14.564,40.2252
0.0375196,0.0994988,0.157079,31.9976,14.0802,40.2254
0.035879,0.0471915,0.132834,37.162,15.6121,40.2257
0.0369725,0.0538973,0.130612,33.3691,14.5497,40.2271
0.0363747,0.0524424,0.137049,35.3001,14.1305,40.2272
0.0358886,0.0444652,0.133913,37.3899,15.5478,40.228
0.0389269,0.0143188,0.14598,27.2204,12.4354,40.229
0.0391628,0.03042,0.164231,26.4438,12.68,40.2291
0.0383029,0.0351889,0.151104,29.3794,14.8877,40.2296
0.0378841,0.0821246,0.159579,30.144,14.9352,40.2312
0.0365299,0.10503,0.163049,34.017,14.1659,40.2314
0.0357598,0.106404,0.139692,37.4651,15.3902,40.2314
0.0382665,0.0243978,0.122527,29.0726,12.3015,40.232
0.0372225,0.0728926,0.13088,32.1218,13.5655,40.2322
0.0378816,0.045474,0.128979,30.0568,13.8105,40.2323
0.0364023,0.0786909,0.138244,35.7164,15.5136,40.2325
0.0372514,0.0391098,0.132569,32.329,13.4423,40.2353
0.0373425,0.0388048,0.147926,32.0313,15.5292,40.2367
0.0364203,0.0173051,0.164757,35.8527,16.9708,40.2368
0.038419,0.0634016,0.156423,28.2516,13.6616,40.2379
0.0381154,0.0567673,0.144927,29.3238,13.0103,40.2383
0.0378431,0.0618808,0.149096,30.5797,14.7526,40.2384
0.036083,0.0739436,0.160918,36.6228,15.8737,40.2385
0.0365666,0.102404,0.158204,34.907,15.1028,40.2392
0.0376138,0.0100856,0.132776,31.0816,14.0599,40.2414
0.0379316,0.0295662,0.1397,30.0443,14.634,40.2414
0.0358346,0.0725076,0.155544,37.743,16.0511,40.2416
0.0364873,0.145087,0.159251,34.5477,14.9526,40.2418
0.0376841,0.0164096,0.150666,31.3824,15.3964,40.2422
0.0372598,0.0785318,0.130658,32.1886,13.551,40.2425
0.0385657,0.0138875,0.14287,28.7372,12.1915,40.2429
0.0367067,0.0599007,0.138379,34.7071,14.057,40.2443
0.0386117,0.037518,0.150061,28.2523,13.1031,40.2445
0.0390929,0.0226735,0.157408,26.0303,12.3753,40.2457
0.0379255,0.0608888,0.153857,30.4018,14.0068,40.2462
0.0359222,0.0474894,0.128257,37.0874,15.4173,40.2464
0.0370214,0.0544174,0.150841,33.5778,15.5246,40.247
0.0366704,0.0557703,0.147924,34.5292,14.4977,40.2476
0.0362668,0.131904,0.142219,35.4518,14.7031,40.2484
0.0378663,0.0779103,0.153366,30.0236,14.2377,40.2486
0.0370207,0.0574497,0.137332,33.3942,14.1849,40.2489
0.037318,0.0391892,0.118162,32.9684,13.9237,40.2491
0.0362293,0.0149606,0.118098,36.2696,15.8678,40.2494
0.0382821,0.0460282,0.151284,29.084,14.2638,40.2505
0.0391551,0.017997,0.161473,26.5044,13.7628,40.2521
0.0359375,0.0241379,0.11782,37.6982,15.5927,40.2523
0.038067,0.0475078,0.158172,29.137,13.3,40.2526
0.0386402,0.0307559,0.158004,28.7412,14.5121,40.2535
0.0367187,0.0616712,0.138406,34.0428,15.1332,40.2557
0.0377788,0.100538,0.161908,30.0023,14.6188,40.2558
0.0360815,0.0563742,0.163628,36.0396,16.9978,40.2564
0.0372664,0.0815047,0.138781,32.0691,14.2245,40.2601
0.037236,0.0397464,0.134497,32.4934,13.0816,40.2614
0.038171,0.0841913,0.1622,29.6544,14.7525,40.262
0.0367836,0.135147,0.158783,33.3324,14.0477,40.2621
0.0375904,0.0185456,0.134857,31.8012,14.9734,40.2625
0.0365169,0.126221,0.152159,34.9051,14.9484,40.2631
0.036562,0.085804,0.163176,34.1768,14.43,40.2632
0.0364771,0.0111472,0.116753,35.1201,14.7035,40.2636
0.037243,0.0687877,0.13257,32.3142,13.1032,40.2638
0.038835,0.0602284,0.164559,27.3618,13.6841,40.264
0.0366402,0.0841413,0.146094,34.6708,15.5648,40.2651
0.0389346,0.0302861,0.147335,27.3765,13.8871,40.2654
0.0374903,0.0763288,0.151431,31.2645,13.0308,40.2665
0.0367739,0.125056,0.161027,33.6005,14.2195,40.2677
0.0382591,0.00770226,0.125216,29.5414,12.1358,40.2677
0.037637,0.0482305,0.165054,31.6804,15.4485,40.2678
0.0358852,0.0457314,0.145124,37.1589,16.5475,40.2682
0.0372571,0.0089206,0.163612,32.1804,15.5284,40.2709
0.0371569,0.128948,0.157253,32.4246,14.6369,40.2714
0.0381177,0.0176105,0.152632,29.7717,13.4569,40.2715
0.0376688,0.0386117,0.132139,31.8101,14.4721,40.2728
0.0358014,0.109675,0.138444,37.2444,15.1687,40.2741
0.0381489,0.0337436,0.158731,29.289,14.8796,40.2742
0.0385362,0.020997,0.14329,28.7806,12.7136,40.2745
0.0370398,0.00684777,0.12535,33.3425,13.668,40.2754
0.0370822,0.111911,0.1623,32.5717,14.6,40.2756
0.0388762,0.0304028,0.131455,27.3958,12.5825,40.2757
0.0364713,0.179542,0.15975,34.4821,14.1007,40.2757
0.0365105,0.12152,0.151356,34.4733,14.4907,40.2758
0.0382137,0.0487735,0.132743,29.2018,13.5405,40.276
0.036128,0.0646393,0.11581,36.1241,14.358,40.2778
0.0367861,0.102395,0.156855,33.9873,14.9582,40.278
0.0377139,0.0108953,0.154915,31.3009,15.0715,40.2796
0.0373206,0.0518981,0.161617,32.7859,15.4943,40.281
0.0373011,0.0402099,0.163646,32.5861,14.0687,40.2813
0.0370725,0.0369439,0.129062,33.6849,14.2299,40.2814
0.0361737,0.0669004,0.114813,36.1595,14.158,40.2815
0.0369876,0.0669611,0.16293,33.1439,15.8715,40.2819
0.0366206,0.120813,0.137634,34.1763,14.5525,40.2822
0.0363879,0.0829651,0.148509,35.3793,15.9052,40.2826
0.0366303,0.108347,0.142771,34.3747,14.4386,40.283
0.0359646,0.158247,0.161478,36.9235,15.5854,40.283
0.0377395,0.109254,0.148676,30.0656,13.2905,40.283
0.0355622,0.0896844,0.131781,38.392,15.2214,40.2844
0.0378773,0.075688,0.152315,30.6831,14.4153,40.2845
0.0370442,0.0221293,0.121106,33.9336,13.6514,40.2853
0.0360857,0.0912021,0.128827,36.4217,14.9236,40.2854
0.0377852,0.0264633,0.156604,30.2895,13.0596,40.2873
0.0359042,0.048473,0.119415,37.2589,15.3116,40.2874
0.039287,0.0196534,0.158632,26.2193,13.1372,40.2878
0.037855,0.0836079,0.136088,30.0196,13.3799,40.2886
0.0366801,0.0550123,0.140214,34.5035,15.3256,40.2893
0.0371529,0.0955421,0.149844,32.0346,14.7486,40.2897
0.0378831,0.0550673,0.155303,30.4534,13.4522,40.2899
0.038141,0.0924396,0.16051,29.7558,13.6208,40.2908
0.0373776,0.0384524,0.129766,32.2083,14.5913,40.2917
0.0384744,0.024742,0.146276,28.8614,12.2448,40.2936
0.0377668,0.0994372,0.160601,30.346,14.7526,40.2941
0.0372476,0.0529513,0.138378,32.9513,13.065,40.2943
0.0361187,0.0866614,0.132716,36.5846,15.2708,40.2959
0.0381249,0.0629608,0.141845,29.2249,13.9717,40.2961
0.0377967,0.0708397,0.137696,30.2181,13.0668,40.2962
0.0360407,0.076636,0.15581,36.7798,15.6292,40.2967
0.0354252,0.16185,0.150021,38.5837,15.9212,40.2969
0.0387398,0.0534055,0.163408,27.5035,12.517,40.2969
0.0384655,0.0470623,0.143992,28.3718,12.4824,40.297
0.0364753,0.124115,0.158005,34.3719,14.8172,40.2977
0.0382235,0.00452938,0.126016,29.1526,12.429,40.2995
0.03804,0.0155559,0.123503,30.4936,13.3001,40.3
0.0391003,0.026414,0.1525,26.6517,12.4232,40.3005
0.0360106,0.131418,0.145884,36.8283,15.8695,40.3012
0.037606,0.0483307,0.121475,31.0462,13.4042,40.3019
0.0366504,0.050423,0.144075,34.535,15.2237,40.3034
0.0382925,0.0410957,0.159307,29.7291,14.5647,40.3045
0.0372098,0.0642376,0.140306,32.27,14.4654,40.3046
0.0366225,0.110519,0.15924,34.4892,15.7186,40.3054
0.0374895,0.0519103,0.150539,31.73,13.5212,40.3054
0.0366832,0.0796831,0.128073,34.4249,14.6561,40.3054
0.036615,0.056559,0.150496,34.4538,14.3782,40.3057
0.0372935,0.071277,0.145698,32.8788,14.9959,40.3057
0.038429,0.019766,0.160624,28.0407,13.4618,40.3057
0.0361853,0.0344097,0.14626,36.1313,16.6664,40.3072
0.0387437,0.0595991,0.15782,27.2787,12.8777,40.3077
0.036167,0.0617687,0.134707,36.9546,15.0248,40.3078
0.0365924,0.132001,0.157424,34.7264,15.1295,40.3081
0.0356256,0.0574838,0.119351,38.1035,15.2967,40.3086
0.0376531,0.0444349,0.117903,31.955,13.2885,40.3088
0.0364368,0.0323214,0.154202,35.8106,16.1222,40.3092
0.0374455,0.110035,0.150335,31.7735,13.6598,40.31
0.0365727,0.0114797,0.10827,35.3145,14.7607,40.3104
0.0388069,0.0431279,0.15651,27.6347,12.3156,40.311
0.0391062,0.0167058,0.154976,26.0578,12.7299,40.3118
0.0364629,0.022364,0.159737,35.088,15.6807,40.3131
0.0365657,0.145547,0.148117,34.5007,14.5851,40.3135
0.0375847,0.0550416,0.123356,31.1165,13.2917,40.3136
0.0379037,0.0581542,0.143436,30.3239,14.9636,40.3138
0.0372173,0.100236,0.131024,32.1985,13.2978,40.3141
0.0372503,0.0482514,0.136929,32.4075,13.2542,40.3152
0.0365859,0.118486,0.139117,34.2552,14.0443,40.3153
0.0374908,0.103292,0.144716,31.6518,13.6267,40.3156
0.0376931,0.120624,0.154614,30.5267,13.4432,40.316
0.0358667,0.051911,0.145604,37.9732,16.6524,40.3169
0.0371273,0.0746608,0.152499,32.9968,14.4749,40.3171
0.0388835,0.032502,0.130828,27.7623,12.9872,40.3183
0.0369943,0.0580256,0.117839,33.1707,13.9565,40.3201
0.0384829,0.0135239,0.148271,28.2806,13.4105,40.3212
0.0374134,0.123518,0.15014,31.4653,13.9886,40.3227
0.0371174,0.0245972,0.10851,33.5934,13.4043,40.3236
0.0379314,0.0519559,0.141231,30.4637,14.1931,40.324
0.037724,0.00747362,0.15033,31.5862,15.9635,40.325
0.0357164,0.128438,0.163818,37.5284,15.0751,40.3254
0.0359134,0.0518402,0.117527,37.2613,15.0176,40.3262
0.0372842,0.072175,0.130029,32.7261,14.7968,40.3268
0.036153,0.0480875,0.162038,36.0266,16.4998,40.3289
0.0364963,0.0119203,0.16495,35.9817,16.5001,40.3306
0.0351897,0.159481,0.136202,39.8973,15.298,40.3307
0.0368913,0.101842,0.14153,33.5664,14.892,40.3317
0.0373309,0.140271,0.153987,31.4358,13.3395,40.3338
0.0364468,0.184861,0.164902,34.8539,14.632,40.3361
0.0384727,0.0607284,0.146416,28.2511,13.9081,40.3362
0.0380789,0.0884241,0.149656,29.3427,13.8151,40.3363
0.0371445,0.00671485,0.104148,33.6076,13.4521,40.3366
0.0358109,0.072594,0.162388,37.7302,16.9373,40.337
0.0372891,0.0754902,0.136669,32.5258,14.3444,40.3371
0.0357114,0.125481,0.164735,37.3707,15.35,40.3374
0.0384248,0.0451571,0.14264,28.7354,12.5587,40.3378
0.0387086,0.0660384,0.155755,27.3444,12.7634,40.3392
0.0379388,0.0522201,0.141521,30.9034,14.4409,40.3403
0.0357105,0.124746,0.148853,37.7674,15.1648,40.3404
0.0357823,0.0885051,0.154889,37.7884,16.8577,40.3411
0.0376976,0.110161,0.150378,30.2395,13.7095,40.3427
0.0391848,0.0140734,0.156839,26.5381,13.4238,40.3427
0.0377378,0.0155853,0.117742,31.4465,13.9348,40.343
0.0363076,0.119268,0.13346,35.3157,14.4146,40.3431
0.0377911,0.11311,0.161068,30.681,14.8397,40.3431
0.0374977,0.0507674,0.152301,31.3298,13.7882,40.3434
0.0373941,0.0301975,0.109391,32.0839,13.3543,40.3447
0.0361374,0.0735797,0.127176,36.7934,15.7905,40.3451
0.0372675,0.0357653,0.138709,32.4665,13.2841,40.3453
0.0370852,0.0295134,0.129623,33.7336,14.9532,40.3459
0.0372888,0.0152457,0.117676,32.119,13.419,40.346
0.0384951,0.0394729,0.130422,28.4683,12.2779,40.3469
0.0371944,0.0476521,0.134615,32.1573,13.1372,40.3474
0.0362981,0.103486,0.147486,35.0719,15.2001,40.3475
0.0361988,0.00597148,0.14933,36.0098,16.3385,40.3483
0.0376814,0.0302056,0.128539,31.8396,13.2276,40.3491
0.0370038,0.018783,0.116491,33.5901,13.0838,40.3494
0.0354215,0.168723,0.14494,38.5719,15.5343,40.35
0.0379806,0.0104737,0.13393,30.0848,14.8212,40.3508
0.0378466,0.036159,0.132859,30.1344,13.688,40.3509
0.0366324,0.0927821,0.146915,34.9625,15.3232,40.3518
0.0372091,0.111259,0.149929,32.5586,14.6333,40.352
0.0389439,0.00965149,0.12284,27.9722,12.1932,40.3531
0.035961,0.028528,0.124416,37.4499,15.4292,40.354
0.037571,0.0793821,0.145963,31.7511,14.2837,40.3546
0.035812,0.0918799,0.128171,37.8513,15.6575,40.3556
0.0389111,0.0313414,0.132525,27.9039,12.8992,40.3556
0.0386213,0.0272017,0.158939,28.2537,13.9605,40.3558
0.0359177,0.0529823,0.116848,37.7478,15.8967,40.3558
0.0362551,0.0974243,0.165162,35.4551,15.7041,40.3578
0.0373735,0.124636,0.163835,31.9837,14.4073,40.358
0.0375106,0.104762,0.138924,31.5936,13.9814,40.3581
0.0384655,0.0763885,0.151508,28.1031,13.6347,40.3595
0.0383095,0.0392586,0.132635,29.1185,13.561,40.3605
0.037942,0.0538192,0.12807,30.8655,13.7772,40.3608
0.0374638,0.0880528,0.156982,31.8901,13.8675,40.3609
0.0351779,0.155844,0.139856,39.6464,15.5813,40.364
0.0368468,0.00598927,0.107776,34.9458,14.4881,40.3648
0.0362034,0.0434617,0.119865,36.5968,15.8431,40.3651
0.037356,0.0504432,0.130308,32.5331,14.8614,40.3658
0.037203,0.0550725,0.137229,32.8749,13.1328,40.3671
0.0367129,0.0366617,0.11241,34.2156,13.0887,40.3679
0.0361075,0.0430865,0.159374,36.3528,16.6906,40.3684
0.0372741,0.0731353,0.119095,32.7373,13.9682,40.3685
0.0361561,0.0727051,0.129376,36.8857,15.8976,40.3686
0.0378909,0.0206548,0.163169,30.9082,13.0012,40.3686
0.038522,0.0494839,0.138173,28.7307,13.1988,40.3687
0.0371884,0.0751972,0.141051,32.686,14.8075,40.3688
0.0367111,0.0211419,0.147388,34.1157,14.999,40.3689
0.0370785,0.0282585,0.14445,33.7268,15.5807,40.3694
0.0375362,0.015135,0.137928,31.3996,13.4207,40.3696
0.0366594,0.0993544,0.138024,34.4535,14.5264,40.3703
0.0372569,0.0611083,0.121318,32.0542,13.1048,40.3707
0.0369846,0.027424,0.126423,33.6079,13.5587,40.3708
0.0373314,0.0052762,0.123297,32.4007,14.947,40.372
0.0382022,0.0333487,0.131516,29.7357,12.2434,40.3722
0.0374631,0.0465243,0.148655,31.2314,13.6372,40.3726
0.036723,0.0192997,0.147277,34.7529,14.7457,40.3726
0.0365084,0.00659555,0.146653,35.5545,16.6458,40.3728
0.0355517,0.0883922,0.145352,38.6123,16.5648,40.3736
0.0384569,0.0740082,0.137543,28.3598,12.9497,40.3748
0.0364992,0.044514,0.117998,35.0299,14.7035,40.3758
0.0364113,0.0761232,0.147044,35.2679,15.4988,40.3758
0.0390016,0.0160977,0.160227,27.1291,14.4397,40.3762
0.0378007,0.108152,0.158148,30.1696,14.6527,40.377
0.037009,0.0706942,0.117176,33.2999,13.6942,40.3772
0.0368726,0.128133,0.14178,33.9455,14.0719,40.3776
0.0385567,0.0336048,0.141812,28.2123,12.5881,40.3779
0.0358107,0.0743262,0.147416,37.1361,15.1517,40.3781
0.0372539,0.0617512,0.136341,32.9166,13.9923,40.3782
0.0373554,0.034495,0.145193,32.0888,15.552,40.3801
0.0359986,0.0284673,0.104831,37.881,14.6961,40.3802
0.036941,0.10155,0.133673,33.1237,14.048,40.3813
0.0373137,0.0592622,0.150623,32.4666,14.4471,40.3814
0.0357381,0.128089,0.159651,37.4364,16.8795,40.3822
0.0364533,0.162653,0.161663,34.194,14.0675,40.3823
0.0366386,0.103171,0.160135,34.9408,15.3925,40.3831
0.0385777,0.0411824,0.124688,28.1871,12.7559,40.3838
0.0379726,0.0132269,0.117149,30.1627,13.8423,40.3844
0.0392186,0.0371096,0.160189,26.1824,13.0797,40.3844
0.0371886,0.0490711,0.135301,32.0452,13.3123,40.3847
0.037451,0.00705875,0.113842,32.4405,13.4339,40.3852
0.0370277,0.0111699,0.164739,33.7901,16.0526,40.3854
0.0380761,0.102113,0.14777,29.5606,13.4861,40.3854
0.0388618,0.0354125,0.132425,27.8303,12.3493,40.3861
0.0355342,0.110963,0.149666,38.6731,16.071,40.3867
0.0373757,0.114251,0.158853,31.2805,13.2718,40.3876
0.0374956,0.0440315,0.132939,31.527,13.2874,40.3881
0.0374521,0.0752652,0.152808,31.2839,13.0288,40.3896
0.0384074,0.0829976,0.155644,28.4468,13.8831,40.3898
0.0383201,0.0326785,0.144113,29.6364,14.308,40.3903
0.036044,0.114496,0.165127,36.9422,16.5084,40.3903
0.0383052,0.0361766,0.126519,29.4692,13.3932,40.3905
0.0362225,0.0248654,0.143121,36.0348,16.2913,40.3907
0.0359121,0.17034,0.164118,36.8932,15.4077,40.3909
0.0385699,0.023903,0.142858,28.4552,12.1837,40.3922
0.0375461,0.0884574,0.145717,31.1901,14.0804,40.3926
0.0381978,0.0321864,0.131513,29.4177,12.6657,40.3929
0.0378028,0.0802186,0.135269,30.0752,13.6341,40.3936
0.0376755,0.034822,0.127301,31.4881,14.9511,40.3947
0.0374521,0.0773423,0.153599,31.2848,13.1709,40.3956
0.0368546,0.115112,0.164096,33.693,15.5558,40.3961
0.0362472,0.117969,0.152501,35.7954,14.9879,40.3968
0.0378913,0.0474016,0.114767,30.4542,12.4543,40.3973
0.0378614,0.0836871,0.151129,30.8762,13.9378,40.3974
0.0354528,0.152579,0.161408,38.4892,16.8356,40.3977
0.0369869,0.0747267,0.12774,33.533,14.2495,40.3977
0.0384868,0.0219858,0.150221,28.1295,12.1865,40.3979
0.0367236,0.0205086,0.159097,34.5853,16.4651,40.398
0.0369001,0.0786375,0.156065,33.6763,15.5212,40.3982
0.0358914,0.0546158,0.116407,37.9714,14.9067,40.3982
0.0369169,0.0871221,0.15459,33.8935,15.0457,40.3998
0.0365788,0.0921812,0.161878,34.7066,14.7006,40.4007
0.0366971,0.0468895,0.119946,34.0382,14.9847,40.401
0.0369569,0.0998602,0.136349,33.369,14.3144,40.4014
0.0357582,0.0206812,0.0980393,38.643,14.3605,40.4016
0.0388345,0.014039,0.134145,27.9303,12.768,40.4019
0.0386142,0.0251024,0.130937,28.797,12.7563,40.4022
0.0381323,0.0875285,0.138921,29.3012,13.4576,40.4029
0.0384911,0.0778062,0.161775,28.1579,13.0129,40.403
0.0378168,0.0156803,0.145594,30.7924,13.3575,40.4039
0.0365159,0.0136994,0.103366,35.9202,13.7444,40.4058
0.0385512,0.0562761,0.143596,28.1836,13.0815,40.4066
0.0378978,0.079066,0.151376,30.6489,14.6984,40.407
0.0380752,0.106619,0.149606,29.5307,13.3282,40.408
0.0366284,0.0562316,0.15878,34.1429,14.7654,40.4082
0.0363341,0.11394,0.161756,35.291,15.9075,40.4084
0.0377299,0.00692259,0.152799,31.2288,15.3506,40.4085
0.0381304,0.0880167,0.138985,29.7009,13.2294,40.4088
0.0372154,0.0431194,0.138385,32.5877,13.3112,40.4088
0.0363862,0.0877309,0.152998,35.5155,15.6169,40.4098
0.0364468,0.176891,0.164608,34.8009,14.4615,40.4105
0.035678,0.0302612,0.113798,38.3948,15.4337,40.4108
0.0362743,0.150915,0.160398,35.4493,15.4299,40.4108
0.0378975,0.0792614,0.138647,30.1613,13.2709,40.4112
0.0358794,0.0654787,0.139396,37.507,15.4986,40.4126
0.0352102,0.148096,0.136774,39.4484,15.377,40.4129
0.0362614,0.128296,0.139572,35.113,14.5214,40.4132
0.0369785,0.0575644,0.124077,33.8171,13.2803,40.4133
0.0376021,0.0635209,0.158543,31.2038,14.8574,40.4151
0.0382396,0.0318259,0.128516,29.6894,12.8987,40.4161
0.0369764,0.0402681,0.125059,33.5251,13.0263,40.4166
0.0371919,0.116364,0.163954,32.195,14.0826,40.4167
0.0357996,0.00475455,0.0926131,38.3113,14.0483,40.4172
0.0383011,0.0305829,0.119519,29.4725,12.7852,40.4177
0.0386978,0.00996856,0.144701,28.8837,14.7345,40.4181
0.0359763,0.159434,0.157978,36.0139,15.1915,40.4188
0.0368155,0.128591,0.150544,33.8336,14.6353,40.4192
0.0383738,0.0550762,0.163902,28.0642,13.5405,40.4193
0.0369631,0.0665575,0.147916,33.5622,15.0612,40.4207
0.0386687,0.0184791,0.120858,28.0038,12.0812,40.421
0.0351859,0.147136,0.1602,39.4193,16.9342,40.4227
0.0354256,0.168433,0.164697,38.8135,16.9487,40.4229
0.0356083,0.18488,0.164032,37.8464,15.6975,40.4233
0.0370375,0.062198,0.113528,33.5255,13.7982,40.4252
0.0385749,0.0238304,0.142429,28.6872,12.6651,40.4253
0.03596,0.121775,0.157182,36.7205,15.1352,40.4255
0.0379121,0.0247,0.139775,30.3914,14.3084,40.4256
0.0366068,0.0936995,0.148917,34.2728,15.8693,40.4256
0.0371634,0.108609,0.141847,32.3222,13.7221,40.4259
0.0370108,0.0427006,0.124127,33.8257,13.623,40.4281
