beta,permeability,xi,init_days,delay,value
0.0727748,0.00313101,0.152116,48.5674,10.6653,231.731
0.0713703,0.0563401,0.165609,50.8898,10.9806,231.792
0.0733104,0.00434617,0.157425,47.9258,10.1385,232.986
0.0708679,0.0347117,0.157071,51.3991,10.5834,233.941
0.0719779,0.0368082,0.164755,49.5324,10.6508,235.362
0.0731722,0.0352965,0.165734,47.9751,10.621,236.201
0.0709258,0.00590468,0.151044,51.6598,10.2125,236.733
0.073771,0.0396005,0.161662,46.3385,10.6828,237.074
0.070933,0.0174844,0.152589,51.7159,10.2706,237.137
0.0720046,0.0533439,0.162867,49.2605,10.6561,237.359
0.070352,0.0287839,0.143959,52.6463,10.4231,237.815
0.0709238,0.0207271,0.123795,51.0089,9.37147,237.949
0.0708229,0.0635029,0.158904,51.7891,10.1282,238.3
0.0737079,0.048113,0.155987,46.2742,10.4338,238.549
0.0724727,0.0493575,0.149509,48.2359,10.8355,238.676
0.0726107,0.0208604,0.162542,48.0637,10.7797,238.831
0.0718688,0.0636096,0.157145,49.0293,10.5414,239.17
0.0691268,0.0364337,0.123887,54.5659,10.1199,239.93
0.075306,0.00871279,0.156834,44.0903,9.89417,240.289
0.0706869,0.056277,0.136204,51.5674,10.3139,240.451
0.0721066,0.00338078,0.144451,49.6272,10.4955,240.674
0.0692842,0.019928,0.141976,54.902,10.7592,240.908
0.0703504,0.0314111,0.143399,52.9907,10.6556,240.91
0.0696173,0.0853126,0.153953,53.3859,10.7722,241.125
0.0719719,0.059015,0.143402,49.2421,9.59878,241.26
0.06967,0.0269793,0.117685,53.2743,10.4412,241.381
0.0703125,0.046391,0.128479,52.5168,9.08913,241.491
0.0691465,0.0674606,0.147201,54.7328,10.1202,241.498
0.0727144,0.020959,0.154574,48.9111,10.151,241.692
0.0702584,0.0155553,0.12869,52.0851,10.2727,242.386
0.0758559,0.0164047,0.152075,43.6744,9.04306,242.395
0.0686917,0.0611947,0.141296,55.8318,10.7602,242.461
0.0700843,0.094262,0.162597,52.8075,10.5424,242.598
0.0707704,0.0491519,0.14271,51.7648,10.8175,242.854
0.0700931,0.0733145,0.137213,52.0101,10.3393,243.155
0.069184,0.0118104,0.114119,54.3642,10.8006,243.494
0.0687922,0.0130516,0.110414,55.8193,9.09425,243.496
0.0765603,0.0116285,0.155702,42.3199,9.36403,243.583
0.0690874,0.0860679,0.1531,54.0713,10.0576,243.806
0.0697358,0.0065762,0.122066,53.5573,10.6684,243.92
0.0727564,0.00781359,0.149416,48.082,10.1475,244.07
0.0707211,0.0131374,0.138452,51.5462,11.0997,244.166
0.0696242,0.0519929,0.126427,53.1283,10.1068,244.236
0.0681312,0.0174192,0.10718,56.3211,10.3075,244.37
0.0732458,0.0303228,0.149352,47.0537,9.37203,244.729
0.0674502,0.0975831,0.12678,57.1938,10.3698,244.75
0.0696322,0.0899437,0.138868,53.084,9.52925,244.841
0.0721034,0.0278513,0.141128,49.6034,9.47637,244.856
0.0725376,0.0359138,0.165174,48.3533,10.7528,244.897
0.0685805,0.0801041,0.146038,55.4382,10.4779,244.924
0.0711874,0.0493063,0.14628,50.5647,11.2477,245.043
0.0700968,0.0531793,0.15361,52.5862,11.2415,245.047
0.0670089,0.0912888,0.129024,58.1576,10.1058,245.214
0.072116,0.00430947,0.140987,49.6313,10.8481,245.232
0.0701889,0.0479334,0.149137,52.7433,10.062,245.312
0.0721076,0.00677854,0.141241,49.1682,10.4569,245.313
0.066678,0.0622207,0.107217,59.6496,9.91338,245.377
0.0720076,0.00331821,0.162755,49.6446,10.807,245.426
0.0706242,0.0819777,0.143881,51.8326,10.7079,245.512
0.0713734,0.0490717,0.12744,50.0515,9.07951,245.551
0.0728132,0.00657523,0.14019,48.7736,9.83391,245.584
0.0683021,0.0730798,0.14426,55.0332,12.2953,245.754
0.0675439,0.105831,0.125924,57.9157,9.81662,245.832
0.0703773,0.0377956,0.147691,52.5131,10.4898,245.858
0.0701874,0.0404083,0.157841,52.1896,11.0621,245.883
0.0665632,0.0659674,0.113724,59.1955,10.6689,245.955
0.0685333,0.053574,0.117762,55.1099,10.3352,245.993
0.0731997,0.0405301,0.136627,47.9131,9.58185,246.009
0.0745871,0.0122921,0.138067,45.925,9.40511,246.096
0.0673893,0.1503,0.15827,57.6716,10.6467,246.129
0.0673358,0.151647,0.149194,57.9085,10.4343,246.179
0.068248,0.0231707,0.107958,56.1262,9.46294,246.186
0.072467,0.0288594,0.158099,48.6978,11.0119,246.193
0.0720087,0.0582819,0.165378,49.7686,10.7709,246.201
0.0715531,0.00810347,0.140314,50.4866,10.2677,246.213
0.0680327,0.0612976,0.11857,56.519,10.9656,246.265
0.0707122,0.0627341,0.158269,51.9361,10.2506,246.286
0.0745898,0.00574107,0.13327,45.9376,9.95028,246.362
0.0684366,0.0759887,0.144204,55.0616,11.361,246.424
0.068572,0.0726963,0.137139,55.9104,10.7414,246.455
0.0765271,0.029572,0.164734,42.9888,9.31,246.482
0.0711353,0.0366704,0.165285,50.1493,12.0029,246.485
0.0688744,0.0878874,0.139443,54.5666,11.4057,246.628
0.0693194,0.0150291,0.109611,54.9633,9.50416,246.913
0.0702766,0.03467,0.163187,52.2371,11.9799,246.964
0.0687238,0.0239246,0.135177,55.0668,10.5986,247.049
0.0703014,0.0126745,0.136249,52.8238,10.2839,247.068
0.0677177,0.0502101,0.133877,57.8919,10.7507,247.096
0.0750514,0.0207241,0.154925,44.6307,10.0288,247.121
0.0687425,0.0173971,0.110513,55.7322,9.12,247.156
0.0715237,0.0464207,0.158164,49.149,13.6805,247.16
0.0701874,0.0271638,0.1245,52.9863,10.7498,247.166
0.0708104,0.0296874,0.165146,51.6645,10.0601,247.21
0.0708413,0.0123891,0.163903,51.6063,11.0728,247.257
0.0714783,0.0215155,0.136038,50.9165,9.49891,247.492
0.0677657,0.13832,0.15977,56.3279,11.8916,247.509
0.0707916,0.00741809,0.122299,51.076,10.1356,247.583
0.0696496,0.0865275,0.15391,53.7678,10.2186,247.61
0.0664346,0.135773,0.13639,59.3182,10.1812,247.623
0.0689406,0.0738167,0.150667,54.6712,11.3344,247.635
0.068875,0.0998698,0.15474,54.9685,11.4698,247.685
0.0743971,0.0175564,0.143899,45.4515,10.1733,247.694
0.0689357,0.0749976,0.15171,54.9952,11.3098,247.836
0.0717616,0.0813538,0.154363,49.5222,10.9552,247.845
0.0694595,0.0845474,0.157461,53.5531,11.2822,247.94
0.0737289,0.0260986,0.148207,46.145,10.4449,247.959
0.0690257,0.034703,0.133441,54.0671,11.0361,248
0.0695538,0.0737971,0.130705,53.8061,10.4121,248.063
0.0705329,0.0351463,0.142569,51.2411,12.7897,248.09
0.0702806,0.0198023,0.150477,52.1075,10.381,248.103
0.0670312,0.0960624,0.134212,58.6789,10.1771,248.133
0.0695919,0.058852,0.159603,53.0942,11.3461,248.204
0.0700612,0.0576837,0.144044,52.6327,11.1235,248.222
0.0694271,0.00649225,0.103898,54.9999,8.03276,248.295
0.0711064,0.0322687,0.15767,50.8984,12.8768,248.307
0.0682524,0.0180195,0.110645,56.2636,9.33945,248.339
0.0696796,0.0511059,0.160406,53.498,11.6515,248.358
0.0695044,0.0871785,0.141212,53.129,10.1623,248.385
0.069231,0.0432202,0.13466,54.451,10.4634,248.434
0.0698633,0.029961,0.130803,53.2238,9.06655,248.438
0.0700992,0.0791704,0.153344,52.5199,10.5949,248.441
0.0703493,0.00586851,0.14901,52.6521,10.9512,248.494
0.0724139,0.0493392,0.165179,48.3676,11.8155,248.556
0.072542,0.0175883,0.150896,48.7788,10.5436,248.565
0.0675242,0.0714265,0.118805,57.0316,10.8563,248.577
0.0650636,0.133061,0.125621,62.0938,10.9038,248.638
0.0678555,0.0171859,0.0963952,57.8446,8.86775,248.666
0.0710634,0.0165841,0.155698,50.4681,13.1907,248.667
0.0758796,0.00363009,0.15854,43.8239,10.4079,248.719
0.0691468,0.0133234,0.11262,54.8307,10.4072,248.739
0.0713577,0.0149889,0.14705,50.9414,11.705,248.78
0.0717466,0.0442332,0.140426,49.1995,11.4667,248.786
0.0714552,0.0231699,0.134672,50.6523,9.33548,248.811
0.0719796,0.0403267,0.148494,49.5436,10.2626,248.837
0.0702346,0.076472,0.16238,52.1818,10.5864,248.84
0.0692826,0.0596317,0.156768,53.1786,13.3831,248.854
0.0704542,0.073905,0.162621,51.7135,12.2842,248.93
0.0685224,0.0936293,0.161163,55.879,10.0345,248.986
0.06981,0.00709256,0.149834,52.6475,14.2747,249.019
0.0674013,0.0966306,0.147524,57.7721,11.0007,249.09
0.0714328,0.0197066,0.165482,50.8829,10.1688,249.09
0.0718315,0.00974779,0.127401,49.9038,11.8202,249.132
0.0709348,0.00307075,0.154362,51.8814,11.1802,249.208
0.0687082,0.00670442,0.117447,55.4905,10.4316,249.216
0.0680247,0.10301,0.147343,56.9499,10.6129,249.225
0.0746321,0.0220976,0.160586,45.8064,9.97989,249.268
0.0727622,0.0290264,0.160702,47.2902,13.7071,249.273
0.0714973,0.00873589,0.158802,49.1368,14.8354,249.276
0.071838,0.00468055,0.134647,49.2907,11.9078,249.336
0.0711918,0.0235237,0.157475,50.574,12.3678,249.381
0.073034,0.052443,0.154922,47.4219,10.5566,249.439
0.0706292,0.0341781,0.141125,51.9481,11.6606,249.445
0.0713065,0.03827,0.143808,50.9275,10.1121,249.454
0.0701308,0.0999501,0.143115,52.0638,9.01554,249.545
0.0710399,0.049908,0.145157,50.2672,12.1754,249.547
0.0705834,0.0183195,0.148856,51.5063,12.0266,249.592
0.0696237,0.0111274,0.127225,53.1211,11.9738,249.643
0.0714948,0.00645404,0.151805,49.7251,14.1976,249.687
0.0670386,0.0585407,0.112889,58.6114,10.8259,249.721
0.0684967,0.038886,0.130229,55.4113,11.2741,249.758
0.0660827,0.121345,0.140191,60.6792,10.6968,249.772
0.0698521,0.0316439,0.138374,52.8771,13.4429,249.778
0.0681014,0.0302745,0.118057,56.1182,10.5105,249.82
0.0664623,0.132718,0.140608,59.2793,10.6439,249.834
0.0678667,0.110765,0.158147,56.8902,11.5954,249.878
0.0684354,0.0878938,0.158816,55.9794,11.119,249.939
0.0698995,0.0155489,0.121704,53.9326,9.01574,250.004
0.0717688,0.0799108,0.162308,49.6909,10.0263,250.019
0.0675667,0.101279,0.145069,57.1486,10.7622,250.046
0.0665994,0.0515693,0.113041,59.7661,10.4367,250.082
0.0681618,0.050325,0.134415,56.2924,10.7331,250.112
0.074347,0.0382841,0.165221,45.6172,10.6368,250.117
0.0703341,0.0191199,0.157014,52.6121,11.4655,250.129
0.0692575,0.0201847,0.132879,54.1278,10.7911,250.13
0.0698447,0.00424565,0.131974,53.035,10.4886,250.142
0.0648254,0.211292,0.160221,62.2002,11.8999,250.145
0.0719804,0.00314612,0.145937,49.012,10.9884,250.15
0.0704033,0.0310448,0.133856,52.5177,9.50283,250.15
0.0681947,0.072117,0.144505,55.7308,13.2333,250.178
0.0690542,0.0275607,0.129855,54.1337,11.0622,250.199
0.0663802,0.149009,0.139236,59.137,10.4312,250.226
0.0677104,0.16108,0.164058,56.427,11.6567,250.252
0.0718597,0.0482676,0.161603,49.6063,10.5336,250.268
0.0655244,0.139327,0.135817,61.5344,10.7562,250.302
0.069612,0.0245592,0.1404,53.4463,11.1166,250.324
0.0657913,0.0518761,0.103027,61.041,9.79729,250.342
0.0682222,0.100643,0.143721,55.274,12.3295,250.353
0.0726161,0.00426067,0.159353,48.6008,11.0248,250.368
0.0704559,0.0640126,0.157149,51.7574,12.4546,250.459
0.0672964,0.117651,0.135552,57.572,11.6026,250.468
0.0751421,0.0221364,0.160778,44.9999,10.2575,250.501
0.0738173,0.0514262,0.164137,46.0962,9.98632,250.555
0.0658656,0.17556,0.1427,60.3018,10.1597,250.609
0.0691883,0.0512792,0.153686,53.8365,14.3172,250.626
0.0723014,0.0117477,0.139568,48.6173,12.2693,250.653
0.065947,0.129413,0.123399,60.4987,10.746,250.684
0.0660111,0.127771,0.162926,60.0534,11.5542,250.707
0.0706433,0.0383223,0.157877,51.5694,11.6297,250.731
0.0663892,0.125527,0.151121,59.7273,11.0629,250.737
0.0722097,0.0526239,0.157095,48.662,12.4619,250.765
0.0677585,0.101347,0.159456,56.6405,12.078,250.77
0.071545,0.0341086,0.14959,49.4921,13.3845,250.794
0.0709206,0.0151577,0.13248,51.7239,10.5467,250.878
0.0711318,0.0406792,0.161146,50.001,12.6875,250.927
0.0699701,0.0812811,0.15547,52.0032,11.535,250.934
0.0713172,0.026487,0.165996,50.5665,10.8613,250.942
0.0703245,0.0130056,0.15354,52.4633,10.1271,250.96
0.0681112,0.0598139,0.126785,56.7233,10.0326,250.965
0.0713414,0.0403621,0.165644,50.0487,11.4922,251.021
0.0685485,0.0639488,0.156927,55.5886,11.9453,251.032
0.0732055,0.0573582,0.152983,47.5333,9.17092,251.063
0.06946,0.0216158,0.124555,53.5232,12.3204,251.1
0.0666141,0.0384705,0.106781,59.6478,10.5735,251.194
0.0699442,0.0349713,0.136313,52.6173,12.5038,251.26
0.0677441,0.037893,0.115342,57.1397,9.00266,251.261
0.071072,0.0835397,0.154275,50.6852,11.602,251.276
0.0645717,0.16985,0.134301,63.9789,10.3996,251.316
0.0758126,0.0258839,0.159356,43.7583,9.86308,251.378
0.0700388,0.0639181,0.165422,52.5849,11.3269,251.391
0.0676881,0.00607231,0.110972,57.9419,10.3025,251.449
0.0694606,0.0359336,0.14778,53.2656,12.1454,251.486
0.0690017,0.122141,0.138849,54.8165,9.25971,251.492
0.0707134,0.0533747,0.131177,51.0126,10.0282,251.545
0.0698622,0.0437379,0.151773,52.7478,13.7519,251.568
0.0693728,0.0736253,0.165294,53.7853,12.4796,251.597
0.0690316,0.0762891,0.156513,54.3339,10.6483,251.615
0.0690765,0.0842797,0.126515,54.0676,9.75046,251.644
0.0686223,0.0279425,0.125294,55.5982,10.0339,251.67
0.0704761,0.0972712,0.154083,51.1441,11.9833,251.741
0.0709447,0.00348511,0.163647,50.4115,14.9534,251.745
0.0724073,0.0639177,0.145359,48.1831,10.3734,251.753
0.0678005,0.0849165,0.148386,56.9072,12.9551,251.784
0.073798,0.00623202,0.15775,46.9846,10.5023,251.812
0.0680694,0.0707679,0.1519,56.1273,10.2391,251.824
0.0670962,0.0846718,0.133754,58.2464,10.6533,251.83
0.0705234,0.00327891,0.154544,51.0233,13.2969,251.864
0.0693989,0.0134995,0.131622,54.2423,10.888,251.889
0.0664253,0.085913,0.130031,59.5905,11.2258,251.896
0.0732949,0.00645247,0.12115,47.6867,9.65481,251.9
0.0654418,0.133651,0.137185,61.393,11.6129,251.905
0.066453,0.0827242,0.131617,59.772,11.1589,251.91
0.0687646,0.0468285,0.133129,55.3054,10.6736,251.923
0.069967,0.0103726,0.124176,53.9854,9.74673,252.017
0.0729294,0.0159954,0.144575,47.1087,12.4958,252.056
0.0687988,0.0916957,0.161182,54.0992,12.0515,252.061
0.0680037,0.0432878,0.132489,56.9147,11.9178,252.095
0.0706173,0.0727305,0.142595,51.3049,10.6094,252.099
0.0698853,0.0339822,0.144596,52.6768,13.4468,252.164
0.0678549,0.101374,0.15639,56.9596,11.3629,252.206
0.0720268,0.0156818,0.134067,49.3708,10.6832,252.271
0.0678263,0.0327056,0.100054,57.8315,8.70684,252.363
0.0690424,0.0790838,0.131954,54.5155,10.4949,252.364
0.0676785,0.0152245,0.117588,57.6973,10.3566,252.368
0.0654578,0.173537,0.145622,61.2872,10.4061,252.379
0.0721209,0.0448983,0.160894,48.7239,13.1915,252.395
0.0699037,0.0189504,0.150599,52.5287,13.3973,252.433
0.0707552,0.0616197,0.126608,51.3035,9.45747,252.437
0.0695154,0.0788334,0.15385,53.3914,11.4296,252.441
0.0669879,0.122751,0.15724,58.0445,10.8043,252.472
0.0712137,0.068315,0.152535,50.9112,10.5689,252.488
0.0663121,0.145111,0.143422,59.5782,11.1382,252.503
0.0693351,0.0349116,0.134365,54.8765,10.4909,252.525
0.0681927,0.07689,0.149283,55.8911,13.7923,252.564
0.0711667,0.0243148,0.146634,50.7193,12.7014,252.585
0.0746729,0.0042329,0.159471,45.7078,10.9981,252.632
0.0691901,0.0396349,0.125368,54.9113,10.5679,252.633
0.0675889,0.0676389,0.163877,57.2239,11.9987,252.638
0.070774,0.0177054,0.160258,51.667,11.2504,252.682
0.0690418,0.0341949,0.140618,54.0401,11.8989,252.705
0.0684173,0.0981645,0.153497,55.1829,11.8102,252.732
0.0738006,0.00452195,0.129329,46.751,10.5413,252.735
0.0676833,0.060235,0.13096,57.0267,10.5897,252.735
0.0685302,0.0491072,0.141344,55.6735,11.9192,252.761
0.0685378,0.0958323,0.126968,55.8258,9.50052,252.809
0.0687398,0.0141474,0.123859,55.7015,10.5753,252.821
0.0673683,0.0893843,0.14144,57.0039,11.8364,252.83
0.070808,0.0149902,0.161394,50.5134,15.6882,252.88
0.0713959,0.0111031,0.147372,50.2961,11.9562,252.881
0.0718294,0.0053135,0.132508,49.6294,11.0622,252.943
0.0716719,0.0360841,0.163299,49.3516,12.2544,253
0.0653392,0.0486146,0.096251,62.0515,9.58772,253.075
0.0688305,0.0708451,0.157628,54.771,12.7862,253.084
0.0640598,0.167488,0.136763,64.2343,11.7016,253.113
0.0731542,0.0205337,0.133933,47.6362,10.5097,253.148
0.0673746,0.0352288,0.122375,57.9692,12.3052,253.166
0.0665141,0.135189,0.150685,59.1355,10.8568,253.172
0.0653888,0.196133,0.14537,61.2546,10.8894,253.175
0.0671192,0.108466,0.147665,57.9061,13.7394,253.189
0.0685605,0.0276516,0.132766,55.8897,11.0755,253.223
0.0674532,0.0755222,0.13958,57.2476,11.168,253.231
0.0661391,0.0638767,0.11549,60.586,10.6041,253.263
0.0694244,0.0661275,0.162991,53.6111,12.6369,253.275
0.0691316,0.0299782,0.129868,54.3108,10.1422,253.294
0.0732326,0.0471458,0.14457,47.5189,9.034,253.311
0.0764994,0.0379597,0.159164,42.1474,9.38326,253.344
0.0701716,0.0984116,0.143232,52.0713,9.40619,253.35
0.0679637,0.137774,0.13824,56.6394,9.10077,253.35
0.0757519,0.0101418,0.163339,43.8069,10.0881,253.355
0.0744541,0.0352437,0.155463,45.8868,9.30911,253.36
0.0711808,0.0277883,0.130008,50.5138,11.5168,253.379
0.0694118,0.0466948,0.133666,53.6967,12.1038,253.382
0.0712653,0.0848635,0.138662,50.004,9.46222,253.387
0.0680928,0.0794404,0.135499,56.7666,10.0486,253.393
0.0710389,0.0705123,0.163358,50.944,12.9467,253.429
0.0715674,0.00748067,0.162734,49.6426,14.6679,253.473
0.0688899,0.127062,0.159982,54.2912,10.7679,253.496
0.0711206,0.102904,0.152809,50.5505,10.8137,253.5
0.0730228,0.0525159,0.155933,47.8892,10.3931,253.513
0.0682957,0.0327412,0.133306,56.9813,10.6269,253.518
0.0749341,0.018424,0.162978,44.6726,11.8632,253.525
0.0746744,0.0136552,0.137821,45.738,8.77384,253.55
0.071533,0.0323027,0.153519,50.7263,10.5968,253.55
0.0666178,0.172068,0.164879,58.5367,12.894,253.551
0.0673514,0.0296792,0.098963,58.6908,8.76444,253.587
0.070152,0.0383097,0.139037,52.8573,11.3209,253.602
0.0653745,0.142654,0.133868,61.282,11.7724,253.612
0.0696032,0.0352219,0.14992,53.8408,11.4505,253.634
0.0686372,0.0622536,0.152432,55.5645,10.0276,253.643
0.074515,0.00827035,0.145087,45.8261,10.4421,253.653
0.0705187,0.0701956,0.143083,51.7686,11.764,253.66
0.0708022,0.0452071,0.161587,51.3278,11.4024,253.672
0.0675039,0.0351793,0.120034,57.869,11.283,253.672
0.067026,0.0905685,0.123,58.807,10.1585,253.693
0.06727,0.141014,0.148559,57.6067,11.8556,253.696
0.0642703,0.147427,0.117445,64.5758,9.72992,253.732
0.0686047,0.0365982,0.133001,55.0609,10.9028,253.739
0.0709931,0.0349186,0.121751,51.5763,8.0919,253.78
0.0731042,0.0694323,0.147373,47.4101,9.32302,253.8
0.0693293,0.0039002,0.120648,54.8515,9.08776,253.844
0.0678141,0.0662861,0.143064,56.4007,12.324,253.851
0.073796,0.00550108,0.129212,46.8991,10.5396,253.853
0.0722667,0.0103357,0.158974,48.9501,13.6902,253.855
0.0677665,0.00305418,0.1018,57.0582,9.36204,253.862
0.068773,0.0350673,0.12886,54.4421,13.214,253.889
0.0702903,0.0324314,0.160671,51.4115,14.0458,253.94
0.0653309,0.134202,0.142655,61.7034,12.9826,253.966
0.0707363,0.0204286,0.132506,51.5652,11.5053,253.973
0.0733217,0.00558375,0.147096,47.6025,9.65335,253.974
0.0690631,0.0725526,0.160831,54.9131,10.742,253.985
0.0679404,0.097811,0.144996,56.1623,10.2993,254.049
0.0672727,0.100885,0.158225,57.3355,12.2284,254.055
0.0673105,0.074847,0.140822,57.1045,12.8144,254.061
0.0718034,0.0177672,0.154723,49.9615,12.0181,254.075
0.0668141,0.111146,0.133549,58.1301,11.5974,254.076
0.0624987,0.181471,0.117479,68.1466,10.9947,254.086
0.0696497,0.0165245,0.115454,53.9168,10.0145,254.114
0.0731254,0.00310787,0.140364,47.4709,11.6198,254.116
0.0676803,0.0219286,0.118449,57.5847,10.9774,254.117
0.0653618,0.158895,0.147636,61.3919,11.7826,254.13
0.0702982,0.00826852,0.147689,52.1582,11.318,254.169
0.0687723,0.0262647,0.108405,55.2157,9.06566,254.174
0.0670028,0.10982,0.157393,57.9774,14.0486,254.176
0.072155,0.0214931,0.136004,49.9272,9.78436,254.185
0.0675826,0.0682827,0.16443,57.0815,11.559,254.217
0.0641466,0.172909,0.161091,64.8143,11.1418,254.258
0.0666683,0.096384,0.148282,58.375,13.1977,254.27
0.0662185,0.0199344,0.101262,60.96,10.7376,254.284
0.0667793,0.104621,0.146477,58.8975,12.5631,254.289
0.0672082,0.00392701,0.10343,58.4201,10.0635,254.313
0.0678508,0.140805,0.157486,56.7338,10.9329,254.346
0.0710162,0.0586659,0.158795,50.7892,12.5062,254.347
0.0646821,0.14709,0.137207,63.157,10.712,254.361
0.0706686,0.0687612,0.163069,51.5028,11.2973,254.361
0.0684007,0.022731,0.128104,55.6838,12.8891,254.364
0.0662044,0.195109,0.162043,59.8326,11.7123,254.377
0.0683114,0.0426381,0.108264,56.0245,8.62459,254.399
0.0693415,0.0611871,0.1389,53.3164,12.9312,254.424
0.0680201,0.0603515,0.134864,56.5725,11.8786,254.44
0.0639707,0.219495,0.154526,64.5136,11.5229,254.446
0.0662563,0.0506368,0.107467,60.4802,9.76606,254.447
0.0694489,0.014342,0.124214,53.5748,12.0999,254.45
0.0723408,0.0320373,0.14299,48.4508,11.7831,254.498
0.0637274,0.187636,0.139592,65.8,10.8083,254.503
0.0629293,0.159211,0.112534,67.0701,10.6981,254.513
0.0651956,0.0733905,0.111477,62.6942,10.4925,254.548
0.0686364,0.095847,0.153977,54.4674,13.6174,254.617
0.0674578,0.142029,0.157242,57.5572,10.7902,254.638
0.0640367,0.186116,0.14812,64.3342,11.2628,254.651
0.0671074,0.0757427,0.11666,58.7612,9.3635,254.681
0.0686454,0.0438137,0.109002,55.5025,9.39066,254.685
0.0696717,0.036104,0.151577,53.3849,10.1001,254.687
0.0693387,0.0342528,0.133455,53.1328,13.4515,254.694
0.0690403,0.0727249,0.155625,54.8441,11.61,254.697
0.0641861,0.164362,0.157771,64.1576,11.7015,254.715
0.0702506,0.0410504,0.114578,52.2024,9.38575,254.754
0.068802,0.0934767,0.155,54.7778,12.2655,254.779
0.0718731,0.0386966,0.149833,49.5991,10.776,254.796
0.0691175,0.0290253,0.138081,54.4178,11.8076,254.821
0.0678599,0.0501381,0.133968,56.5113,12.6774,254.827
0.0681129,0.113853,0.165029,55.9403,13.1099,254.834
0.0663471,0.137757,0.160056,59.8471,11.8556,254.844
0.0658672,0.149126,0.144133,60.3903,11.138,254.859
0.0668177,0.0741165,0.134903,58.0581,12.6854,254.905
0.0709633,0.0119594,0.155421,50.0851,14.176,254.91
0.066223,0.0268395,0.108134,60.8798,10.0399,254.918
0.0728302,0.0370016,0.156427,47.1695,12.6254,254.926
0.065005,0.116882,0.1198,62.94,11.3473,254.972
0.0675398,0.100597,0.162564,57.0038,11.7204,254.979
0.0666255,0.117342,0.146091,58.1209,13.032,254.988
0.0685261,0.0816169,0.128911,55.2783,10.1555,254.998
0.0701835,0.0688479,0.141917,52.9055,10.3143,255.001
0.0724702,0.0737559,0.164389,48.5981,10.6855,255.037
0.072933,0.0495504,0.149665,47.1569,11.9834,255.051
0.0728124,0.049711,0.160755,47.8745,12.9875,255.053
0.0683714,0.0582643,0.149326,55.3591,12.9196,255.062
0.0665976,0.0713699,0.115334,59.8241,10.9382,255.071
0.0658299,0.0431768,0.105965,61.3192,9.86285,255.075
0.0720514,0.01411,0.157695,49.91,11.5273,255.076
0.0694926,0.0284073,0.138485,53.5094,12.3626,255.081
0.0643645,0.102225,0.105485,64.8585,9.06184,255.092
0.0743569,0.0275151,0.158913,45.844,10.6944,255.101
0.0665768,0.0894621,0.149799,58.3861,14.1399,255.12
0.0695038,0.0345831,0.121209,53.5586,11.719,255.153
0.0718272,0.00345489,0.127459,49.5769,11.5948,255.225
0.0684536,0.0917044,0.145118,55.8828,10.638,255.234
0.0670073,0.0274493,0.106724,58.6338,11.521,255.244
0.0677144,0.0633073,0.144736,56.0544,13.5566,255.249
0.0654944,0.0985424,0.128681,61.8947,11.8032,255.249
0.0693177,0.0238176,0.127486,54.2293,10.6299,255.249
0.0701683,0.0609778,0.133198,52.2194,10.8018,255.276
0.0685703,0.0399933,0.134739,55.7915,11.1005,255.328
0.0719961,0.0448833,0.128573,49.5626,9.42148,255.334
0.0666006,0.0395872,0.105538,59.1886,10.6933,255.338
0.065394,0.14829,0.137434,61.1636,11.9192,255.368
0.0688419,0.0220461,0.131636,54.2053,13.8355,255.37
0.0693246,0.0724834,0.15332,53.4181,12.463,255.37
0.0654576,0.103871,0.124835,61.1082,11.7808,255.388
0.0659392,0.133124,0.120506,60.6058,10.5082,255.445
0.0641392,0.169221,0.123447,64.4376,10.1434,255.451
0.0677294,0.141893,0.145929,56.8526,11.1299,255.458
0.0686131,0.0386936,0.148634,55.7901,11.2799,255.486
0.0675543,0.0393682,0.110286,57.5508,10.7489,255.503
0.0690343,0.0438142,0.149045,54.6854,11.5112,255.504
0.064856,0.181273,0.139886,62.7612,11.5422,255.511
0.0681159,0.0627112,0.146601,55.8854,14.3041,255.533
0.0684876,0.0684564,0.15784,54.4102,15.2192,255.535
0.071264,0.00506865,0.143244,50.1475,12.6443,255.537
0.073024,0.0716319,0.157281,47.9775,10.878,255.537
0.0697261,0.00577791,0.131212,53.9078,10.9282,255.553
0.0705958,0.0820166,0.149111,51.1864,10.1106,255.57
0.0652056,0.127693,0.116491,62.5226,9.50013,255.576
0.074498,0.00682565,0.1415,45.9458,10.1152,255.579
0.0662241,0.149776,0.163711,59.1754,12.23,255.58
0.0732392,0.0244335,0.148633,47.9454,10.0732,255.593
0.0742818,0.00929193,0.146774,45.5229,11.2832,255.594
0.0721598,0.0412782,0.164128,48.4242,13.0068,255.596
0.0744105,0.019098,0.139086,45.4545,10.5619,255.597
0.0690064,0.0745926,0.152793,54.7767,10.3191,255.606
0.071826,0.105187,0.156571,49.4656,9.53068,255.642
0.0641644,0.102802,0.113813,64.6721,11.1567,255.679
0.0695273,0.0328144,0.134887,53.7684,11.6407,255.698
0.0717763,0.00349247,0.164482,49.9036,12.0055,255.724
0.0668723,0.138698,0.163117,58.6946,11.6758,255.748
0.0731709,0.0214817,0.164242,47.3709,11.2413,255.774
0.0662287,0.119011,0.136034,59.5798,12.0509,255.786
0.064706,0.122933,0.125729,63.6318,10.9815,255.79
0.0666374,0.125072,0.165424,58.7961,13.6174,255.795
0.0744613,0.0215112,0.134284,45.6077,9.65583,255.835
0.0666128,0.0471998,0.117657,59.4177,10.9653,255.843
0.0674297,0.134866,0.14524,57.4012,10.8279,255.873
0.0724954,0.0267094,0.153341,48.7156,10.3744,255.882
0.0737085,0.0317064,0.164217,46.7387,11.9343,255.897
0.0692341,0.0247456,0.151408,54.4989,11.9788,255.909
0.0720962,0.0268778,0.16522,49.2645,10.6699,255.933
0.0707307,0.0900681,0.152727,51.6836,9.38018,255.957
0.070288,0.03344,0.165659,51.0295,14.2224,255.958
0.0663672,0.174206,0.149558,59.8088,10.2658,256.046
0.0690107,0.077699,0.152208,54.3846,11.9652,256.052
0.0732025,0.0677873,0.164181,47.4486,9.52353,256.07
0.0675611,0.0231858,0.124055,57.3951,11.2704,256.088
0.068472,0.0851804,0.153872,55.6773,10.4276,256.089
0.0642977,0.153325,0.144105,63.6565,13.9282,256.099
0.0658153,0.0757819,0.0991341,61.2929,8.09806,256.103
0.0661013,0.0838635,0.127456,60.4642,10.5906,256.122
0.0686515,0.037643,0.14195,55.6991,10.0065,256.123
0.0646486,0.149662,0.162384,63.7885,11.1648,256.123
0.0749926,0.0442868,0.157512,44.4057,10.389,256.158
0.0695396,0.122238,0.149758,53.7028,9.12291,256.168
0.0686516,0.0421824,0.112456,55.055,9.58957,256.186
0.0694501,0.127779,0.152938,53.5289,10.5334,256.187
0.0712124,0.0273427,0.127263,50.9393,11.0386,256.215
0.0642615,0.10731,0.113532,64.4531,10.3043,256.249
0.0665033,0.132566,0.142219,59.3718,10.4786,256.301
0.0709381,0.0460004,0.143053,51.5991,9.86838,256.347
0.0724465,0.0136234,0.164667,48.786,12.0727,256.365
0.0670768,0.135393,0.159157,57.0315,13.5926,256.368
0.0730758,0.0398127,0.164475,47.4587,10.074,256.377
0.0659299,0.168822,0.155613,60.0519,10.8916,256.391
0.0688362,0.0367641,0.155877,54.5943,13.6577,256.394
0.0750426,0.0530872,0.156542,44.8394,9.67348,256.401
0.0666896,0.0581759,0.128223,59.1697,10.507,256.423
0.0722333,0.00814231,0.116837,49.2458,8.16439,256.427
0.0706209,0.128392,0.164009,51.642,9.81457,256.442
0.0718874,0.09805,0.163844,49.9618,9.98184,256.451
0.0729249,0.0138234,0.165625,47.8915,12.7444,256.464
0.0654879,0.154882,0.162368,61.8219,11.0653,256.49
0.0684503,0.133514,0.137022,55.3873,9.49827,256.493
0.066494,0.109937,0.151721,59.4734,11.2435,256.503
0.0649598,0.177174,0.135846,62.8359,10.2181,256.541
0.0683034,0.0311091,0.112141,56.3035,9.70457,256.56
0.0702114,0.0231761,0.145948,52.1967,10.9306,256.605
0.0708446,0.0734176,0.147135,51.7212,9.71694,256.621
0.0659906,0.0631583,0.10827,60.2619,11.3171,256.645
0.0651709,0.138352,0.137488,62.8129,10.7008,256.653
0.0692651,0.0369442,0.11352,54.6155,9.64804,256.665
0.0699061,0.0113764,0.128139,52.8543,13.9837,256.673
0.070421,0.109299,0.162814,51.5224,11.6255,256.677
0.072659,0.012439,0.149041,48.4047,9.13195,256.683
0.0647825,0.188393,0.163077,62.4576,12.5168,256.686
0.0725371,0.0627864,0.138697,48.3532,9.7973,256.694
0.064684,0.105787,0.117398,63.4926,10.8303,256.697
0.0711562,0.0979981,0.1506,50.9337,10.1418,256.739
0.0669346,0.105214,0.143427,58.1933,11.1077,256.748
0.0739647,0.0370634,0.139685,46.7172,8.66761,256.769
0.0688624,0.0734401,0.147017,54.5663,12.8483,256.81
0.067147,0.146041,0.164537,57.5692,12.778,256.82
0.0654958,0.110524,0.136378,61.6645,11.8716,256.828
0.0714939,0.0524647,0.130757,50.1463,8.19636,256.851
0.0662218,0.028096,0.111594,60.7538,10.636,256.87
0.0631823,0.183153,0.122522,66.7086,11.0355,256.871
0.0668597,0.0613562,0.135773,58.8693,12.9802,256.919
0.0665855,0.114182,0.148514,59.7233,10.7716,256.943
0.0698249,0.0438575,0.137612,52.9522,13.4031,256.945
0.0664083,0.0480658,0.118113,59.2785,12.633,256.955
0.068235,0.0887054,0.142673,55.9234,12.9464,256.964
0.0635847,0.20659,0.147572,65.2276,11.6377,256.987
0.0702048,0.0086572,0.109558,52.9151,10.3911,256.99
0.0732542,0.0253097,0.153489,47.4151,9.98721,257
0.0686297,0.040398,0.138829,55.7622,11.5265,257.025
0.0722272,0.0291523,0.16402,48.4189,13.6894,257.039
0.0656044,0.0753913,0.102778,61.2576,10.1569,257.041
0.0655372,0.0777521,0.11623,61.506,11.4307,257.042
0.0762974,0.0124533,0.164213,42.6518,11.9072,257.043
0.0716214,0.010263,0.122502,50.7727,8.28808,257.046
0.069379,0.0899645,0.163317,53.7945,12.0022,257.074
0.0724795,0.0313117,0.161678,48.1861,10.8275,257.097
0.069285,0.0392014,0.14703,53.4655,13.1647,257.115
0.066022,0.127565,0.164529,59.0379,14.9491,257.123
0.0676313,0.141464,0.152783,56.952,12.9029,257.143
0.0759342,0.00845562,0.14158,43.3881,9.85664,257.153
0.068207,0.104719,0.152275,55.0971,12.8691,257.155
0.0741372,0.0214056,0.158207,45.0809,12.6007,257.185
0.0655517,0.132147,0.126074,61.2789,10.279,257.207
0.0685569,0.10747,0.161851,55.4563,10.3671,257.24
0.0732148,0.0136377,0.124607,47.3654,9.35145,257.244
0.0676734,0.0318808,0.128442,57.3518,10.7051,257.245
0.070902,0.0506636,0.13615,51.7125,9.97252,257.286
0.0751895,0.0170074,0.164181,44.353,9.35902,257.318
0.0620674,0.207525,0.117826,69.4359,10.5175,257.323
0.0658828,0.149367,0.161394,60.3652,11.5444,257.34
0.0708808,0.011437,0.146652,50.0767,14.0242,257.345
0.067906,0.129628,0.141238,56.9648,10.9376,257.348
0.0666285,0.102429,0.13992,58.3201,13.0626,257.363
0.0647772,0.071592,0.108475,63.3956,10.7826,257.364
0.0709233,0.0159486,0.135987,51.1245,9.33127,257.374
0.0663074,0.0724564,0.105433,60.4978,8.25378,257.378
0.0658241,0.200423,0.162873,60.0985,10.9946,257.414
0.0676264,0.0658415,0.150551,57.1575,11.3895,257.429
0.068184,0.00821103,0.120518,56.8474,10.1126,257.437
0.067623,0.0595479,0.156527,56.1948,14.4908,257.437
0.0705556,0.00558818,0.114683,52.2262,8.03607,257.449
0.0666094,0.114136,0.124553,59.6973,9.05397,257.459
0.0637546,0.101231,0.111121,65.8628,11.3562,257.473
0.0712584,0.010804,0.152731,50.7237,11.6621,257.486
0.0678287,0.132334,0.138474,56.4413,10.3371,257.491
0.0648929,0.157175,0.130222,62.7706,11.7654,257.511
0.0661532,0.0837198,0.129707,60.0292,10.5542,257.518
0.0718031,0.086191,0.156239,49.7703,10.0142,257.522
0.0744554,0.00622429,0.160847,45.2568,11.2029,257.531
0.0694246,0.0178297,0.120784,53.164,12.5956,257.538
0.0663807,0.178953,0.15532,59.8811,10.8935,257.539
0.0647609,0.139969,0.146936,62.7892,13.78,257.542
0.0685839,0.0144958,0.132737,55.0091,11.1991,257.544
0.0757964,0.0141913,0.151768,43.752,10.5807,257.545
0.0688553,0.0851952,0.132833,54.3729,11.3746,257.568
0.0680663,0.0495196,0.133864,56.0941,11.1815,257.569
0.0652277,0.0692211,0.107382,62.0525,10.2772,257.573
0.0685781,0.0168153,0.133492,55.8008,11.1617,257.591
0.0701688,0.00534585,0.142383,52.1258,11.3718,257.595
0.0677809,0.0840293,0.154162,56.2977,12.3696,257.599
0.0723819,0.0314645,0.161236,48.2258,11.1313,257.629
0.0680644,0.0540263,0.145509,56.5,11.8146,257.645
0.0651038,0.164335,0.143691,62.5006,10.801,257.696
0.0679092,0.0967535,0.12279,56.9956,10.0905,257.7
0.0706662,0.0801101,0.142685,51.8165,10.1503,257.717
0.0670991,0.108028,0.144158,57.0352,13.6865,257.718
0.0706219,0.0471227,0.134761,51.6792,11.0667,257.724
0.0718883,0.0352752,0.152622,49.5708,11.1822,257.732
0.073687,0.0829704,0.161221,46.4525,9.46438,257.733
0.0660974,0.151443,0.163201,59.1987,13.4608,257.734
0.0700103,0.0949246,0.135565,52.6032,10.9237,257.742
0.0629052,0.198132,0.161722,67.1053,11.1732,257.744
0.0691281,0.0637529,0.16059,54.8356,10.2553,257.753
0.0700243,0.0559412,0.162659,52.0324,12.3102,257.777
0.0721944,0.0191335,0.140135,49.8666,9.80885,257.793
0.070996,0.0334476,0.13444,51.8866,9.37265,257.799
0.0705619,0.0100079,0.152793,51.1682,13.3669,257.829
0.0665782,0.0923933,0.153956,59.4443,11.5926,257.841
0.0717943,0.106609,0.156168,49.153,9.67081,257.867
0.0703836,0.0767099,0.150475,51.0567,12.5043,257.93
0.0653832,0.0905815,0.122546,61.1802,12.6697,257.935
0.0620599,0.220499,0.129079,69.5654,10.028,257.956
0.0663529,0.161632,0.165413,59.1198,11.5107,257.986
0.0639061,0.246452,0.161149,64.7095,11.583,257.993
0.0693857,0.0832179,0.162272,53.425,12.6285,257.998
0.0644149,0.256158,0.165025,63.7291,10.8562,258.007
0.0655976,0.0352949,0.107345,61.7796,11.6481,258.009
0.0671199,0.0685212,0.148333,58.1752,11.8958,258.022
0.069815,0.0243086,0.147237,53.2064,11.2685,258.041
0.0667592,0.0410609,0.124554,59.9622,10.2709,258.053
0.0752144,0.0218826,0.142194,44.5476,9.81052,258.057
0.0666796,0.0595071,0.126911,59.1495,10.9691,258.057
0.0682247,0.0606094,0.158589,55.791,13.7497,258.07
0.0712117,0.0596963,0.152798,50.2132,11.2399,258.08
0.0662019,0.0508798,0.120623,60.2231,10.4489,258.082
0.0688273,0.016488,0.124899,54.8191,13.8926,258.087
0.0617246,0.194492,0.119019,70.662,10.3994,258.095
0.0697087,0.0127623,0.152383,53.3805,11.3935,258.095
0.069886,0.073384,0.145638,52.9184,12.067,258.098
0.0687275,0.00680486,0.131685,54.2305,14.2623,258.122
0.0713247,0.0806251,0.156982,50.3589,9.71456,258.13
0.0678571,0.00637156,0.108969,57.2928,9.60823,258.133
0.0674044,0.00870862,0.0924102,58.2556,8.50717,258.152
0.0658913,0.018465,0.101678,61.295,9.64749,258.159
0.0649606,0.148196,0.132124,62.8464,11.0376,258.164
0.0642682,0.145123,0.115804,64.8681,9.5198,258.172
0.0666194,0.0719657,0.141134,58.6063,14.2414,258.174
0.0701753,0.0278415,0.131247,52.1375,11.5037,258.192
0.0612966,0.245851,0.160287,71.4356,11.8585,258.197
0.076502,0.0126665,0.150132,42.0444,9.24189,258.215
0.0665624,0.0842979,0.151512,59.4181,11.3658,258.235
0.0681273,0.018236,0.120721,56.8897,10.8577,258.259
0.0704938,0.0781652,0.142088,51.7433,11.5253,258.282
0.0758977,0.0334109,0.163088,43.724,9.73323,258.289
0.0703185,0.0682629,0.151459,51.2145,13.4039,258.29
0.0696509,0.0289604,0.132185,53.2703,11.0373,258.304
0.072771,0.061758,0.164294,47.4323,12.8949,258.35
0.0719628,0.0696034,0.143906,49.823,9.5395,258.373
0.0660016,0.139008,0.159727,60.9747,11.737,258.381
0.067105,0.0858821,0.164524,58.6403,11.7408,258.407
0.0667959,0.14525,0.145714,58.5035,11.9658,258.41
0.0731108,0.0207019,0.161802,47.9756,10.8862,258.415
0.0655832,0.115686,0.143823,60.0028,14.963,258.433
0.0654788,0.168949,0.140177,61.7171,10.2133,258.434
0.0675674,0.0293286,0.127026,57.881,11.617,258.437
0.068133,0.0438847,0.104452,56.9669,9.22122,258.453
0.0709638,0.0220194,0.137628,51.2551,10.9416,258.458
0.0674112,0.141553,0.164919,57.1156,10.1414,258.466
0.0635667,0.206798,0.148541,65.2032,11.5817,258.47
0.0669004,0.0800101,0.134671,58.0703,11.7611,258.47
0.0652399,0.159643,0.142252,61.5193,12.6005,258.481
0.0666802,0.0450194,0.114328,59.2316,10.9934,258.482
0.0684484,0.0796552,0.165781,54.0563,15.3855,258.485
0.0694179,0.0197974,0.122704,54.2415,9.54064,258.496
0.0661562,0.0999352,0.154381,60.4884,11.1031,258.499
0.0705247,0.0604409,0.139642,51.4109,11.25,258.506
0.0647759,0.130291,0.134509,62.1478,13.6324,258.538
0.0640675,0.178212,0.151246,64.0961,11.1577,258.571
0.069638,0.0945228,0.153298,53.2357,10.274,258.577
0.0696903,0.0240942,0.158712,52.3959,15.8598,258.593
0.0656521,0.0703421,0.119388,61.2309,10.5784,258.603
0.0741115,0.0242513,0.16241,45.9956,12.4254,258.615
0.0700324,0.0862177,0.147679,52.5356,10.0149,258.626
0.0651174,0.133526,0.154816,61.1336,14.9418,258.632
0.0666816,0.109566,0.165019,58.4871,13.8985,258.639
0.0637453,0.190762,0.141193,65.6655,10.4067,258.652
0.0730946,0.0258921,0.153238,47.3782,11.1443,258.678
0.069248,0.0125676,0.138318,54.5405,11.8907,258.693
0.0640966,0.149643,0.124533,64.0678,11.9561,258.697
0.0644869,0.194826,0.133966,63.8514,10.1393,258.713
0.0709794,0.0194417,0.161759,51.9485,11.8495,258.734
0.0685843,0.0265766,0.157082,54.6953,15.5537,258.744
0.0699666,0.0325668,0.148253,52.7763,12.922,258.753
0.06489,0.137651,0.135871,62.4567,12.0233,258.78
0.0672294,0.0372765,0.123088,58.7291,10.9137,258.785
0.0695766,0.0865609,0.126694,53.4632,9.07303,258.786
0.0671132,0.0732344,0.164565,58.9214,11.9992,258.801
0.0652138,0.118592,0.138196,62.0577,10.0777,258.809
0.0693649,0.0205956,0.128781,54.6571,9.20811,258.813
0.0641584,0.114779,0.120722,64.2433,11.9104,258.847
0.0676943,0.0706065,0.155714,56.4753,13.9971,258.865
0.065991,0.093567,0.140253,60.3587,11.8243,258.872
0.0690431,0.104389,0.1488,54.6512,10.1501,258.896
0.065645,0.132111,0.139052,61.766,10.3038,258.903
0.0624541,0.221872,0.13124,68.7759,10.6907,258.949
0.0657872,0.0721923,0.127838,60.9347,13.1017,258.953
0.0765455,0.0271202,0.150214,42.4813,9.50338,258.98
0.0646533,0.13634,0.132885,63.623,10.421,258.989
0.0644952,0.106026,0.128962,63.3714,12.2839,259.003
0.0665887,0.0969965,0.123185,59.8684,9.59254,259.007
0.064281,0.176307,0.156759,63.2264,13.7288,259.064
0.0630511,0.21677,0.147499,66.3493,12.343,259.085
0.0723631,0.0676022,0.159517,48.897,10.1271,259.085
0.0697906,0.00693311,0.148508,53.3595,10.5897,259.112
0.0734205,0.00467383,0.155612,46.1222,13.7012,259.117
0.0651611,0.11682,0.136088,62.0306,10.2819,259.14
0.0668466,0.103114,0.153269,58.7573,12.9527,259.158
0.0735847,0.0285454,0.147185,46.2474,11.4756,259.166
0.0717549,0.00374589,0.110996,50.1859,7.46032,259.174
0.0732716,0.0146596,0.155405,47.1776,9.62046,259.199
0.0661698,0.0922192,0.155457,60.2418,11.3866,259.211
0.0735814,0.0287272,0.144331,46.1338,11.7473,259.216
0.0670489,0.0742084,0.149729,58.9522,11.3104,259.255
0.0719123,0.0137521,0.159358,49.3748,10.228,259.261
0.0671323,0.0653426,0.152218,58.3039,11.8467,259.27
0.0666385,0.159508,0.154187,58.0572,12.8241,259.271
0.0686113,0.08576,0.138808,55.62,9.60659,259.273
0.0697792,0.0490732,0.164116,53.0639,11.2295,259.275
0.0692436,0.0661343,0.113841,54.0228,8.95548,259.294
0.0643229,0.0931193,0.113816,64.8317,10.8346,259.297
0.0655626,0.128862,0.14942,61.3454,11.5629,259.303
0.0686208,0.113152,0.160079,54.3186,13.7102,259.305
0.0657255,0.0538983,0.117601,61.0165,10.1124,259.306
0.0704132,0.0116246,0.133095,52.5499,9.50516,259.332
0.0692831,0.0586057,0.142551,53.0446,13.9176,259.344
0.0618643,0.242385,0.15481,69.6735,12.0786,259.357
0.068186,0.036825,0.148329,56.6719,11.2751,259.357
0.0701326,0.00877475,0.134257,52.4502,11.7276,259.36
0.063692,0.138018,0.114325,65.8247,11.3979,259.37
0.0694869,0.147349,0.16182,53.8527,9.135,259.379
0.0676465,0.144979,0.159059,56.5429,12.4353,259.38
0.0668226,0.11611,0.162523,58.0381,12.208,259.413
0.068426,0.0628643,0.164341,55.5843,12.8776,259.418
0.0677727,0.00929081,0.115785,57.7005,10.9813,259.419
0.0678482,0.00985985,0.127451,57.943,10.4405,259.459
0.069824,0.0268977,0.134494,52.2844,13.571,259.462
0.0654799,0.147997,0.153306,61.8541,11.8135,259.463
0.0650084,0.136135,0.163465,61.4351,15.1029,259.466
0.0720309,0.0283343,0.120174,49.3313,9.06583,259.471
0.0729231,0.0887943,0.161954,47.7594,10.5498,259.488
0.0718676,0.0684169,0.150581,49.0007,10.6911,259.49
0.0661932,0.052235,0.115561,60.339,10.7815,259.514
0.0684991,0.136095,0.152655,55.7061,9.15422,259.536
0.062939,0.186764,0.132173,67.3445,10.5044,259.544
0.0691954,0.0649908,0.139472,54.6484,9.09894,259.551
0.0652393,0.0909091,0.128298,62.6238,10.5979,259.559
0.0682226,0.0663153,0.165371,55.7675,13.8204,259.579
0.0652258,0.13134,0.1428,61.2691,13.269,259.584
0.0746509,0.0118031,0.128245,45.526,8.63603,259.584
0.0640162,0.248761,0.162732,64.3804,10.3794,259.591
0.0644464,0.146999,0.143835,63.949,12.3361,259.621
0.064678,0.145281,0.148873,63.5915,11.6024,259.622
0.0710391,0.0397289,0.135772,50.5403,12.2975,259.623
0.0763128,0.0113213,0.159898,42.9857,11.6749,259.637
0.0657187,0.155844,0.160549,60.4783,12.9948,259.637
0.0652929,0.091888,0.129439,61.6886,13.4966,259.651
0.0737968,0.0409489,0.158455,46.3328,9.37397,259.651
0.0704727,0.0462159,0.133659,51.9535,12.1547,259.656
0.0729333,0.0470708,0.145909,47.5813,11.6286,259.666
0.064172,0.123887,0.123548,64.5707,11.024,259.695
0.0645884,0.10102,0.108572,63.3059,11.7978,259.727
0.064216,0.160065,0.132002,64.986,10.0884,259.734
0.067606,0.0767798,0.154691,56.1187,14.1307,259.744
0.068902,0.0757487,0.159102,54.5534,11.3503,259.758
0.0671637,0.0872253,0.123121,58.4275,9.96972,259.761
0.0654065,0.184947,0.16478,61.5744,11.4727,259.771
0.068901,0.0220243,0.12756,54.2569,12.1767,259.776
0.0661995,0.0880515,0.13651,60.4783,10.0167,259.779
0.0661478,0.160167,0.145642,59.4207,12.4327,259.78
0.0667373,0.0792913,0.103609,59.2083,8.15074,259.78
0.0691581,0.0747308,0.165416,54.3652,11.8394,259.787
0.0675947,0.0172358,0.117435,57.9227,11.2836,259.792
0.0636595,0.193415,0.165004,65.3949,11.1533,259.798
0.0727561,0.00715333,0.163864,47.6555,14.3335,259.817
0.0716759,0.0535441,0.14538,49.8469,11.8438,259.818
0.0697236,0.0368096,0.158717,53.686,10.4904,259.844
0.0731516,0.0723911,0.152819,47.6755,9.14223,259.848
0.0709367,0.0210849,0.154405,50.1509,14.0693,259.85
0.0642141,0.154508,0.157574,64.632,11.1169,259.853
0.0689698,0.0485528,0.164763,54.291,12.276,259.873
0.0612458,0.2086,0.124507,71.7785,11.8675,259.88
0.0693927,0.101859,0.146034,53.0835,11.2338,259.908
0.0635685,0.196429,0.130193,65.9571,11.2047,259.921
0.0659576,0.126233,0.117747,60.1662,10.1189,259.928
0.0705367,0.0535053,0.150549,51.4667,12.2774,259.93
0.0701548,0.0821523,0.124676,52.7573,9.71803,259.934
0.0730103,0.0438356,0.155305,47.8703,11.2746,259.948
0.0655895,0.108664,0.133427,61.6801,10.7948,259.956
0.0661806,0.0697209,0.120768,60.7123,10.3443,259.966
0.0667385,0.0541187,0.126772,58.4011,13.2261,259.974
0.0701062,0.0203158,0.140044,52.3952,12.8171,259.978
0.0701679,0.0232387,0.162053,52.9866,11.1033,259.978
0.0662022,0.0970073,0.150466,59.8566,13.1742,260.014
0.0672537,0.0659434,0.129995,58.7156,10.7298,260.072
0.0686528,0.0131813,0.13683,55.644,11.9796,260.085
0.0694112,0.0203354,0.149153,53.0489,13.0245,260.087
0.0608613,0.281748,0.165168,72.9395,11.5599,260.088
0.0715406,0.0174818,0.113178,50.6435,8.75287,260.104
0.0640246,0.0762731,0.104304,65.4812,9.66527,260.104
0.0615562,0.25329,0.144223,70.8298,11.2043,260.112
0.0637302,0.185055,0.130567,65.0226,10.0558,260.127
0.0680327,0.0853828,0.119165,56.5626,9.35728,260.131
0.0698218,0.0789254,0.143925,52.6174,12.1083,260.135
0.0644209,0.026485,0.0925995,64.6061,10.6446,260.146
0.0695559,0.0530902,0.12643,53.0664,10.6348,260.162
0.0691722,0.0622017,0.158703,54.1976,10.941,260.165
0.0628213,0.19763,0.145506,67.3888,11.9667,260.175
0.068869,0.120855,0.139648,54.9499,10.0139,260.21
0.0670018,0.104654,0.153908,58.208,10.1869,260.219
0.064311,0.128971,0.106472,64.1923,9.11127,260.22
0.0740085,0.023793,0.16195,46.5913,9.52817,260.223
0.0627208,0.121295,0.102197,68.2193,9.28833,260.229
0.0659036,0.128688,0.157932,59.4835,15.5048,260.237
0.06759,0.0293754,0.116293,57.9403,10.8081,260.238
0.0628832,0.216233,0.140164,67.9713,10.5669,260.245
0.0694397,0.0328621,0.154092,53.2552,12.3971,260.266
0.0682288,0.0430225,0.157327,56.2832,11.9075,260.27
0.0628739,0.187043,0.116263,67.1491,10.3445,260.277
0.0684053,0.00650171,0.114154,56.6716,9.49393,260.282
0.0707974,0.0484137,0.156481,50.9525,14.9706,260.293
0.0672841,0.0645182,0.118453,57.6099,12.9897,260.307
0.0674584,0.00435054,0.1202,57.1237,12.206,260.309
0.0652575,0.112807,0.134508,62.4646,10.6775,260.313
0.066194,0.0717997,0.125352,60.0075,10.3214,260.318
0.0680313,0.0571634,0.138829,56.893,10.9042,260.331
0.073778,0.0409268,0.150112,46.5592,9.3238,260.342
0.0645474,0.0286106,0.0945199,64.4713,9.97818,260.342
0.0684524,0.0489092,0.15739,55.1897,12.1205,260.353
0.0690954,0.0143349,0.138426,54.91,11.5259,260.357
0.0736472,0.0687163,0.157319,46.5581,10.4672,260.362
0.0687291,0.104348,0.144547,54.4012,12.693,260.373
0.0657071,0.0627587,0.109528,61.4113,10.0431,260.379
0.0698605,0.00385433,0.145496,52.3033,14.3887,260.394
0.0712458,0.0399647,0.132245,50.4699,10.0354,260.403
0.0705753,0.0455793,0.152259,51.1662,11.1948,260.407
0.0736042,0.0169184,0.137146,46.1219,11.1256,260.411
0.0712797,0.0101604,0.148444,50.4572,12.9868,260.436
0.0683177,0.145985,0.161395,55.0613,10.2309,260.442
0.0635523,0.232776,0.163908,65.8446,11.7776,260.45
0.070566,0.0144119,0.148707,51.4856,12.2575,260.451
0.0652453,0.113088,0.142615,61.0396,13.5404,260.457
0.0624549,0.222046,0.162505,67.8314,14.2818,260.459
0.0714023,0.0346908,0.165984,49.5876,14.7184,260.471
0.0680301,0.0408008,0.144442,55.4781,15.2422,260.482
0.0685584,0.0642003,0.156286,55.2186,10.0445,260.513
0.0696075,0.0420981,0.15356,52.7812,15.751,260.514
0.0643085,0.215892,0.160616,63.2376,12.7443,260.516
0.06994,0.130448,0.15199,52.3366,10.3118,260.524
0.0676953,0.0620668,0.158069,57.0398,11.0502,260.533
0.068076,0.0474422,0.154112,56.0617,11.7533,260.542
0.0714177,0.00724875,0.138414,50.9894,11.8365,260.544
0.0614791,0.29268,0.153252,70.0267,11.7815,260.55
0.0642074,0.089384,0.111769,64.754,11.6026,260.552
0.0652234,0.10392,0.152635,62.8001,11.8892,260.552
0.0623298,0.22207,0.128049,68.6528,11.2757,260.554
0.0651268,0.0605243,0.105068,62.1557,11.9426,260.57
0.0677279,0.0866693,0.153941,56.0162,13.2939,260.586
0.0666486,0.0726811,0.145682,59.5995,11.5202,260.607
0.0670284,0.065151,0.138407,58.4664,11.9088,260.623
0.0714827,0.028927,0.121164,50.1824,9.7589,260.624
0.0684219,0.0549604,0.151307,55.7125,12.28,260.625
0.0675709,0.0547706,0.140468,57.2162,11.3047,260.629
0.0673862,0.162305,0.158145,57.36,10.074,260.644
0.0705562,0.0509066,0.140513,51.0619,11.434,260.657
0.0669711,0.084728,0.12829,58.6058,11.414,260.675
0.0712649,0.018431,0.153543,50.6993,12.9834,260.701
0.0644208,0.192033,0.137283,63.1747,11.8614,260.733
0.0682207,0.00430068,0.134307,55.5204,14.6934,260.738
0.0655726,0.109115,0.157199,61.6355,11.3639,260.753
0.0653871,0.128666,0.120025,61.5339,11.8338,260.759
0.0635641,0.169163,0.147739,65.2996,12.1669,260.763
0.064966,0.0505746,0.118816,63.141,10.4453,260.781
0.0666184,0.0161286,0.114259,59.7715,11.3271,260.785
0.0616164,0.215355,0.127045,70.5443,11.3668,260.786
0.0698717,0.0186782,0.164494,53.7235,11.5637,260.795
0.0681013,0.152481,0.161412,55.2899,12.8176,260.803
0.069232,0.025085,0.121611,54.2411,9.70493,260.808
0.0613223,0.234469,0.158535,71.0523,11.3884,260.824
0.0711626,0.0776695,0.154021,50.097,10.1585,260.836
0.0620648,0.222778,0.135597,69.183,10.7908,260.846
0.0727647,0.029076,0.153558,47.4428,13.0437,260.862
0.0708383,0.0360866,0.145098,51.9736,9.96906,260.886
0.0671287,0.00640957,0.0936673,58.5287,10.1226,260.886
0.0724497,0.0707215,0.146103,48.1087,9.2661,260.895
0.070926,0.0337068,0.149616,50.3218,13.8148,260.906
0.0736827,0.0689311,0.153332,46.9728,9.29868,260.934
0.0669563,0.155597,0.165209,58.2914,10.9615,260.938
0.0625715,0.160668,0.118857,68.0989,10.0535,260.946
0.0662114,0.122826,0.133001,59.5141,12.3764,260.959
0.0699494,0.0319547,0.12428,52.943,12.012,260.961
0.0635652,0.166495,0.138084,65.2448,12.9739,260.967
0.0667777,0.135042,0.163713,58.3671,11.2192,260.971
0.0727639,0.0149121,0.157508,47.4877,13.9588,260.971
0.0687674,0.0118432,0.146478,55.4903,11.3725,260.976
0.0704377,0.048723,0.138998,51.8089,12.2078,260.979
0.0663045,0.0586456,0.109897,60.8507,9.3422,260.996
0.0699204,0.0288048,0.120647,53.1741,8.11298,261.007
0.0723848,0.0589598,0.138467,48.9966,10.0632,261.009
0.0648755,0.147612,0.14214,62.7302,12.3911,261.01
0.0694746,0.143482,0.155139,53.7468,9.5962,261.016
0.0707717,0.00344167,0.149305,51.2177,12.0637,261.026
0.0724807,0.0234822,0.152156,48.7202,10.5527,261.029
0.0650881,0.0950187,0.131682,62.7778,11.2107,261.03
0.0692093,0.0624745,0.142762,53.3501,13.9518,261.041
0.0676773,0.0451495,0.148278,57.6434,11.0328,261.045
0.0652684,0.119775,0.157837,61.6431,13.0447,261.049
0.0671736,0.11831,0.145897,57.2619,12.1537,261.052
0.0687834,0.0198052,0.125784,54.4211,13.2996,261.086
0.0667727,0.0962906,0.150127,58.0436,12.0755,261.088
0.0679026,0.098683,0.163496,55.1468,15.4036,261.111
0.0656876,0.210739,0.159367,60.367,11.1618,261.114
0.066241,0.189629,0.160386,59.2865,11.6523,261.118
0.0689817,0.0142162,0.100891,55.6598,7.36852,261.128
0.0682069,0.0179379,0.131148,56.3669,10.5292,261.138
0.0656384,0.160638,0.165208,60.5262,13.2014,261.14
0.0653843,0.117276,0.149598,61.7468,12.0636,261.15
0.0730008,0.0252967,0.165703,47.1093,11.3071,261.158
0.0644904,0.176471,0.138725,63.7578,11.5339,261.175
0.0655164,0.0282393,0.107898,61.2828,12.3732,261.202
0.0664253,0.12916,0.1514,59.6216,11.189,261.207
0.069802,0.0105397,0.135675,52.3621,14.1266,261.23
0.069823,0.0394564,0.135342,53.7084,10.3379,261.232
0.0639499,0.18074,0.144076,64.1685,12.6382,261.232
0.0617064,0.228267,0.132091,70.8553,10.9301,261.238
0.0708939,0.0760732,0.163933,50.4444,13.8507,261.24
0.0624092,0.224562,0.12448,68.8882,10.1824,261.264
0.06025,0.222605,0.113175,74.707,10.8874,261.267
0.0696534,0.0724707,0.118712,53.4632,9.91206,261.272
0.0695845,0.0381097,0.149083,52.8063,15.4693,261.273
0.0689067,0.0745473,0.156108,54.5396,12.7343,261.277
0.0664546,0.0904335,0.154203,58.3068,15.0156,261.293
0.0677589,0.0794499,0.126781,56.725,12.3735,261.294
0.0712364,0.00315701,0.161119,50.6669,13.7792,261.303
0.060165,0.288667,0.161031,74.5041,11.4016,261.32
0.0726764,0.0458201,0.127756,48.5464,8.69311,261.327
0.0680449,0.0911023,0.131365,56.1509,9.63381,261.334
0.0675068,0.0601211,0.120944,57.1248,10.1979,261.337
0.068775,0.118589,0.144838,54.0693,11.2296,261.341
0.0604722,0.244125,0.125534,73.9508,11.747,261.346
0.0681056,0.0251959,0.137585,56.3279,11.5756,261.373
0.0676852,0.0339786,0.142306,56.1718,14.3226,261.377
0.0654897,0.179643,0.129078,61.2436,9.5901,261.378
0.0757534,0.0309187,0.159987,43.9937,9.48455,261.381
0.0614217,0.267859,0.144475,70.3074,12.5824,261.398
0.0657749,0.0692313,0.124604,61.866,10.8473,261.4
0.0670301,0.0513036,0.148142,57.2158,15.7563,261.404
0.0628607,0.166243,0.131576,67.8553,11.5046,261.415
0.0694616,0.0840861,0.132275,53.7313,10.1967,261.417
0.0728815,0.0137102,0.149936,47.8238,12.9985,261.423
0.0702252,0.0237265,0.162918,52.9891,12.0881,261.426
0.0642596,0.130791,0.13003,64.0328,10.5747,261.435
0.0705534,0.00561753,0.137588,51.5682,13.984,261.455
0.0705167,0.0334453,0.157848,51.3851,13.9924,261.462
0.0708472,0.0201454,0.143397,51.7548,11.7054,261.47
0.0666117,0.062781,0.135248,58.4946,14.6142,261.489
0.0744434,0.0456186,0.139942,45.3136,9.11848,261.491
0.0686287,0.0936998,0.157643,54.2474,13.529,261.491
0.0675908,0.0856657,0.15501,56.7344,14.1789,261.491
0.0676971,0.0499082,0.128399,56.7803,13.861,261.494
0.0693549,0.0398447,0.119874,54.6721,8.56214,261.499
0.0734934,0.00847409,0.13541,47.7482,8.64842,261.502
0.0744705,0.0614966,0.165012,45.3253,9.13761,261.505
0.0706915,0.0197878,0.148648,51.4925,12.3366,261.507
0.0638704,0.223015,0.157653,64.3653,12.2647,261.535
0.0616252,0.192978,0.118972,70.7622,11.5002,261.562
0.0643713,0.0489163,0.0937317,64.1665,10.782,261.567
0.0661918,0.0853822,0.134206,59.6698,13.7128,261.569
0.0720124,0.0382039,0.145254,49.2941,10.7387,261.574
0.067153,0.0809783,0.144528,57.0657,13.0156,261.574
0.0675184,0.142334,0.160496,56.2415,13.266,261.58
0.0616405,0.24839,0.134735,70.3487,10.2701,261.583
0.0664274,0.135414,0.157773,59.9156,10.6467,261.586
0.0687179,0.0307713,0.161595,54.8261,14.115,261.596
0.0625729,0.1544,0.111297,68.8752,10.3011,261.602
0.0613342,0.20993,0.114902,71.2781,10.9021,261.613
0.0626008,0.179775,0.116312,68.8018,9.73208,261.635
0.0668647,0.0807539,0.140077,58.0713,12.829,261.646
0.0699138,0.0133897,0.161025,53.4321,11.4966,261.661
0.0686751,0.0325964,0.130161,54.7703,14.9064,261.672
0.0683093,0.0435986,0.142607,55.5199,13.4631,261.678
0.068361,0.0875277,0.16201,55.0662,11.6861,261.691
0.0611886,0.234048,0.125782,71.3113,11.3369,261.701
0.0738561,0.0474154,0.145654,46.7057,9.70613,261.702
0.0637814,0.153832,0.117913,65.6006,10.1867,261.709
0.070637,0.108517,0.162095,51.0913,10.5705,261.718
0.0676891,0.0424433,0.139837,57.02,11.2791,261.738
0.066113,0.076247,0.136264,59.6567,14.4129,261.752
0.0687624,0.125655,0.144945,54.044,11.6512,261.76
0.0605584,0.256299,0.128905,73.1253,10.3217,261.763
0.0667087,0.0642806,0.138029,58.2347,13.1231,261.767
0.064102,0.170509,0.1413,64.3803,11.723,261.779
0.0618735,0.226677,0.148364,69.5521,12.2098,261.781
0.0685299,0.0519569,0.157954,55.04,12.0045,261.782
0.0659189,0.157836,0.158924,60.6667,11.2452,261.796
0.0730217,0.0903227,0.163477,47.2804,9.96713,261.808
0.0683283,0.092198,0.147929,55.8436,11.3137,261.809
0.0654977,0.00512336,0.0964349,62.1991,9.57718,261.832
0.0680711,0.0704365,0.11927,56.6249,9.69817,261.838
0.0646945,0.135305,0.165089,62.7436,14.259,261.844
0.0690622,0.0419063,0.145915,53.4339,15.5216,261.846
0.0681796,0.034735,0.160601,56.959,11.9932,261.851
0.0707,0.0834859,0.149333,51.2608,10.0246,261.865
0.0733227,0.0406568,0.162541,47.0986,9.33437,261.868
0.0688838,0.0199385,0.15015,54.0205,13.5825,261.883
0.0689875,0.0401393,0.165752,53.8249,16.1874,261.893
0.0685921,0.10029,0.142492,55.2585,9.5659,261.914
0.0608083,0.250069,0.126501,72.7815,11.9683,261.918
0.0636878,0.0769477,0.0887867,66.8779,8.45403,261.919
0.0646098,0.145637,0.149643,63.3194,11.2973,261.933
0.0686467,0.0341052,0.160974,55.6973,11.0209,261.951
