beta,permeability,xi,init_days,delay,value
0.0467522,0.0270787,0.165338,27.7008,17.4669,32.1263
0.0471745,0.0106048,0.163793,26.1466,17.24,32.1516
0.0467389,0.00502131,0.164638,27.1038,17.0574,32.1629
0.0463337,0.016415,0.161555,28.013,17.1251,32.1635
0.0479113,0.00406956,0.165716,24.3447,16.7062,32.1727
0.0472022,0.00430821,0.160886,26.1584,17.8511,32.1864
0.0462976,0.0177419,0.16564,28.6909,17.5692,32.1884
0.0467293,0.0354166,0.165057,27.7229,17.1529,32.1973
0.0463702,0.00294219,0.159443,28.837,17.1675,32.2078
0.0475427,0.00270386,0.155615,25.1314,16.1068,32.2382
0.0472132,0.00260025,0.158352,26.4488,17.7561,32.2435
0.0474704,0.00619552,0.165714,25.6314,16.4113,32.2501
0.0467331,0.0251708,0.163702,27.736,17.5159,32.251
0.0463192,0.0241653,0.161018,28.7307,17.1573,32.2593
0.0467595,0.0279221,0.164784,27.1581,17.0329,32.2749
0.0474402,0.0230375,0.164031,25.2918,16.8531,32.277
0.0462508,0.0399092,0.164291,28.1737,17.2822,32.3017
0.0462732,0.0260379,0.164091,28.4013,17.1011,32.3082
0.0463385,0.0167011,0.157271,28.6175,17.388,32.3159
0.0462587,0.0319777,0.164918,28.0743,17.1931,32.3194
0.0466967,0.00374174,0.164918,27.0456,17.976,32.3274
0.0466918,0.0424073,0.16406,27.8276,17.3966,32.331
0.0463753,0.0138712,0.157377,28.1432,17.0817,32.343
0.0471369,0.00342663,0.159501,26.6513,16.0294,32.3441
0.0463803,0.00903844,0.161454,28.3279,17.494,32.3471
0.0467654,0.00530666,0.159567,27.467,17.5588,32.3528
0.0467441,0.0341891,0.15991,27.8837,17.7507,32.3569
0.0471019,0.0120775,0.161744,26.247,16.5433,32.3585
0.046693,0.0467077,0.162994,27.3423,17.7666,32.3627
0.047897,0.00765128,0.164328,24.9111,16.2065,32.3642
0.0463477,0.0340693,0.165099,28.6014,17.918,32.3651
0.0479005,0.00785085,0.163709,24.8688,16.2047,32.3716
0.0467837,0.0233714,0.159725,27.29,17.4198,32.3731
0.0474761,0.0230876,0.157435,25.1679,16.9846,32.3816
0.0463629,0.0278392,0.165915,28.4469,17.8354,32.3821
0.0471107,0.0167972,0.151973,26.9827,16.3371,32.4045
0.0463636,0.0311206,0.164627,28.3301,17.6249,32.4072
0.0471335,0.0116104,0.150393,26.4074,16.342,32.4164
0.0471565,0.0216258,0.161312,26.1508,17.0111,32.4178
0.0470768,0.0216717,0.16048,26.5393,16.2943,32.4247
0.0475338,0.0108981,0.154933,25.5407,16.6686,32.4253
0.0474861,0.00538207,0.159375,25.1611,16.4456,32.4316
0.0470684,0.0242627,0.160719,26.7657,16.7509,32.4335
0.0472296,0.00467204,0.162095,26.3422,17.6345,32.4408
0.0470376,0.0317967,0.16398,26.0252,16.2734,32.4464
0.0475471,0.00198013,0.165178,25.6267,16.1926,32.4468
0.0462601,0.0415674,0.161017,28.4058,17.4915,32.4541
0.0474294,0.0304814,0.16106,25.9947,16.605,32.4554
0.0463845,0.0300598,0.155472,28.8704,17.6831,32.4579
0.0471295,0.0140327,0.164416,26.2262,17.722,32.4619
0.0470893,0.0224112,0.156259,26.4278,16.0251,32.4635
0.0463796,0.0219298,0.157017,28.2157,17.1524,32.4656
0.0462328,0.0706292,0.165573,28.7676,17.7118,32.4663
0.0471259,0.0120958,0.165417,26.2073,17.7539,32.469
0.0464124,0.00804681,0.153636,28.9245,17.4678,32.4725
0.0463971,0.012688,0.151905,28.85,17.5993,32.4841
0.0474205,0.0335075,0.161701,25.5937,16.7192,32.4845
0.0463752,0.028187,0.154996,28.0282,17.7176,32.4871
0.0463168,0.03749,0.158636,28.2644,17.3254,32.4877
0.0462613,0.0539327,0.164166,28.4153,17.23,32.4891
0.0471447,0.0140292,0.147731,26.443,16.4072,32.4923
0.046821,0.00719263,0.151343,27.5209,17.9844,32.493
0.04723,0.0050395,0.165952,26.5504,17.7694,32.493
0.0468179,0.0145089,0.15977,27.8718,17.6911,32.4951
0.0463932,0.028376,0.153296,28.3184,17.8586,32.4976
0.0463581,0.0379359,0.163836,28.438,17.3513,32.5014
0.0463498,0.0266366,0.155001,28.6965,17.6702,32.5051
0.0474244,0.0222912,0.164383,25.9079,16.6661,32.5086
0.0464073,0.0240614,0.157636,28.6616,17.896,32.5158
0.0474066,0.0400228,0.162707,25.4215,16.4676,32.5168
0.0464355,0.00365253,0.156127,28.4778,17.0245,32.5197
0.0470215,0.0374376,0.157645,26.4037,16.3909,32.5206
0.0478849,0.00746379,0.163589,24.034,16.8446,32.5209
0.0471091,0.0220186,0.152162,26.3948,16.4754,32.523
0.0463797,0.0111233,0.149861,28.1297,17.2326,32.5264
0.0471697,0.0102714,0.142558,26.6485,16.6999,32.5317
0.0470548,0.0271567,0.155426,26.663,16.7857,32.533
0.0464448,0.0110091,0.152703,28.5307,17.8781,32.5333
0.047495,0.0238921,0.154977,25.705,16.576,32.5335
0.0459191,0.0310745,0.157956,29.1662,17.6188,32.5337
0.0471256,0.0138903,0.164155,26.8729,17.2603,32.5381
0.0463525,0.0323776,0.154744,28.6549,17.5053,32.5449
0.0470047,0.0423016,0.15841,26.619,16.1379,32.5463
0.0471495,0.0145533,0.147076,26.4435,16.023,32.547
0.0458942,0.0503295,0.162374,29.7199,17.3425,32.561
0.0463824,0.037446,0.154895,28.154,17.473,32.5637
0.0458734,0.0572078,0.159385,29.1294,17.6955,32.5676
0.0475492,0.0132288,0.165115,25.7233,17.9398,32.5707
0.0466539,0.0536266,0.163459,27.7224,17.9203,32.5708
0.0459151,0.0378546,0.165399,29.8818,17.795,32.5794
0.0469925,0.0483836,0.157777,26.5504,16.5934,32.5802
0.0478793,0.00588075,0.164124,24.4965,16.0767,32.5863
0.0464614,0.0093227,0.151187,28.2051,17.615,32.5897
0.0463414,0.0237116,0.151225,28.0518,17.0053,32.5911
0.0471535,0.00372118,0.144823,26.8455,16.1375,32.5936
0.0467101,0.0203035,0.159234,27.9885,17.7745,32.5961
0.0463858,0.0341517,0.158021,28.3578,17.0045,32.5988
0.0467393,0.0415419,0.15622,27.0029,17.2101,32.5992
0.0458279,0.0704816,0.165258,29.2369,17.2522,32.5995
0.0466204,0.00505081,0.165781,27.7496,16.0673,32.6033
0.0470559,0.0105708,0.16378,26.7608,16.0852,32.6035
0.047212,0.0140451,0.159329,26.6922,17.2661,32.6036
0.0471086,0.0186817,0.159641,26.788,16.0426,32.608
0.0462482,0.0366402,0.160604,28.6529,17.4483,32.6103
0.0474045,0.0299786,0.163891,25.2999,16.7725,32.6108
0.0458473,0.0682123,0.164056,29.361,17.2627,32.6108
0.0458781,0.0535337,0.156704,29.2016,17.8708,32.6128
0.0475235,0.0188291,0.1523,25.5016,16.0335,32.6183
0.0470478,0.0251102,0.156004,26.2489,16.6136,32.625
0.0470694,0.00491268,0.160258,26.6156,16.4635,32.6321
0.0470413,0.0423638,0.152147,26.3645,16.736,32.6327
0.046624,0.0032477,0.164706,27.0162,16.5126,32.6338
0.0457985,0.0688535,0.164546,29.8611,17.5403,32.6367
0.0474537,0.0255958,0.155379,25.532,16.2159,32.6384
0.0471052,0.0235151,0.163839,26.8722,17.6162,32.6402
0.0463063,0.0110675,0.159439,28.0232,17.3218,32.6412
0.0471221,0.00179853,0.149484,26.9734,16.594,32.6481
0.0472283,0.00908541,0.151662,26.7252,17.1272,32.6482
0.0463717,0.0191753,0.149246,28.0246,17.7535,32.6495
0.0466506,0.0312087,0.164909,27.7266,17.5559,32.6539
0.0471219,0.0054197,0.14821,26.8945,16.7062,32.6628
0.0463842,0.0195907,0.14908,28.3319,17.8687,32.6635
0.0464316,0.00912412,0.146669,28.4053,17.8612,32.6642
0.0472097,0.00347087,0.141338,26.3471,16.6881,32.6648
0.0466997,0.0516732,0.157119,27.2556,17.9704,32.6667
0.0458883,0.048198,0.154547,29.6193,17.8345,32.6668
0.0475203,0.0191652,0.15486,25.1272,16.4927,32.6686
0.0469772,0.0599659,0.158213,26.9012,16.7466,32.6697
0.0458346,0.0482709,0.165734,29.7128,17.9095,32.671
0.0466992,0.0547631,0.163106,27.5608,17.4117,32.6715
0.0467877,0.0300584,0.150415,27.1792,17.7085,32.6716
0.0459461,0.0204562,0.157933,29.9543,17.2264,32.6721
0.0475268,0.0187633,0.14807,25.7429,16.2443,32.6727
0.0475531,0.00890594,0.157006,25.9388,16.664,32.6742
0.0469818,0.0412626,0.163282,26.5397,16.4922,32.6753
0.0463845,0.0286544,0.149755,28.4218,17.5909,32.6773
0.0459485,0.024403,0.161773,29.9955,17.8546,32.6807
0.0472205,0.00350975,0.135828,26.4592,16.7841,32.682
0.0464502,0.0185183,0.146664,28.3509,17.523,32.6836
0.0459411,0.0424233,0.148791,29.7958,17.7556,32.6837
0.0464553,0.0223736,0.164487,28.0853,18.1483,32.6922
0.0463391,0.0186129,0.149836,28.4826,17.0815,32.6954
0.0470051,0.0259124,0.165058,26.0393,16.8897,32.6975
0.0470323,0.0480698,0.154836,26.4817,16.3028,32.6991
0.0458879,0.0464829,0.153386,29.72,17.5778,32.7025
0.0463557,0.028795,0.150998,28.2321,17.9255,32.7043
0.0462896,0.064845,0.154206,28.8997,17.68,32.7072
0.0467071,0.0264914,0.153844,27.3229,16.316,32.7085
0.0459508,0.0190657,0.156278,29.7246,17.0581,32.7093
0.0462235,0.0882312,0.161605,28.9929,17.2171,32.7094
0.0463648,0.0126147,0.147483,28.1302,17.7092,32.7102
0.0464497,0.00693233,0.159428,28.7504,17.7457,32.7117
0.0464145,0.0123317,0.145622,28.2078,17.1456,32.7124
0.0459087,0.0472544,0.165532,29.1417,17.7462,32.7147
0.0474765,0.0232872,0.151605,25.1361,16.1438,32.7149
0.0458594,0.0801717,0.160549,29.1027,17.7142,32.7154
0.0458746,0.0861655,0.15648,29.3826,17.5872,32.7159
0.04666,0.0293182,0.165815,27.7014,16.9364,32.7185
0.0463143,0.0197797,0.152584,28.5653,17.4994,32.7191
0.0475666,0.010384,0.145452,25.9764,16.8177,32.7193
0.0474329,0.0206577,0.160445,25.4684,16.9374,32.7238
0.0466619,0.00438999,0.162518,27.6346,16.3305,32.7242
0.0474605,0.0358357,0.154732,25.723,16.6309,32.7246
0.0459864,0.0289956,0.150976,29.3735,17.0798,32.7248
0.0475434,0.0227211,0.164165,25.9142,17.477,32.7279
0.0467155,0.00463452,0.156827,27.1034,17.2896,32.729
0.0471469,0.00800756,0.160675,26.425,16.5361,32.7331
0.0457985,0.11002,0.164992,29.3176,17.1536,32.7347
0.0463699,0.0409995,0.148062,28.0045,17.2832,32.7365
0.0466658,0.040649,0.151611,27.8649,16.0581,32.7377
0.0459154,0.0446073,0.165701,29.402,17.4501,32.7393
0.0459923,0.0204946,0.156393,29.4977,17.1758,32.7409
0.0467949,0.0301625,0.148862,27.6053,17.7648,32.7475
0.0475778,0.00695761,0.150859,25.0274,16.9762,32.7478
0.0474644,0.0322507,0.159532,25.3045,16.4579,32.7479
0.0458032,0.105932,0.160107,29.5082,17.0346,32.7495
0.0467202,0.0512907,0.163474,27.371,17.9097,32.7506
0.047006,0.0560713,0.158052,26.7447,16.4622,32.7513
0.0460045,0.0353746,0.163317,29.3483,18.5645,32.7533
0.0468393,0.0164972,0.150541,27.2022,17.6005,32.7557
0.0471486,0.0288135,0.155697,26.0801,17.4167,32.7576
0.0460077,0.00983488,0.15189,29.0189,17.378,32.7584
0.0464625,0.0185081,0.162432,28.9105,18.5284,32.7594
0.0463981,0.0372856,0.152345,28.464,17.6494,32.7618
0.0470797,0.0322974,0.160963,26.1473,16.2564,32.7639
0.0467706,0.0213959,0.137429,27.7039,16.0833,32.7659
0.0470069,0.0537492,0.161954,26.8676,16.4107,32.7661
0.0472223,0.00493959,0.138092,26.8524,16.6243,32.7725
0.0466832,0.0147942,0.161186,27.0454,16.0916,32.7726
0.0462118,0.0671268,0.162458,28.3706,17.8978,32.7728
0.0462916,0.0706569,0.16042,28.0293,17.2817,32.7732
0.0459198,0.0725271,0.151302,29.7033,17.8977,32.7734
0.0466671,0.0185239,0.163303,27.136,16.7312,32.7743
0.0466199,0.0532559,0.155651,27.4831,16.5572,32.7749
0.0470162,0.00761642,0.164064,26.1907,16.8032,32.7774
0.0459086,0.0678066,0.154575,29.2782,17.006,32.7778
0.0464166,0.032239,0.14422,28.6867,17.7607,32.7798
0.0468968,0.0793327,0.1654,26.8976,16.5294,32.7816
0.0463131,0.0644014,0.158635,28.0467,17.2622,32.7817
0.0463513,0.02498,0.146443,28.1703,17.5552,32.7846
0.0468376,0.00240198,0.145217,27.4244,17.1154,32.7864
0.0460227,0.0219006,0.165172,29.9563,18.4757,32.7919
0.0476249,0.00651089,0.165037,25.4996,17.601,32.793
0.0461754,0.0640355,0.164745,28.279,17.246,32.7978
0.0470195,0.0187943,0.161775,26.2824,16.2213,32.8038
0.0466392,0.0141472,0.165437,27.3509,16.1573,32.8057
0.0467533,0.00293643,0.15054,27.4155,17.1182,32.806
0.0463665,0.0379708,0.148079,28.1299,17.1336,32.8064
0.0468371,0.0163752,0.142287,27.5968,17.4525,32.8095
0.0469753,0.036941,0.164795,26.7236,16.4333,32.8102
0.0459358,0.0520834,0.161228,29.1682,17.0691,32.8103
0.0466732,0.0129594,0.161701,27.641,17.2914,32.8119
0.0457744,0.0822246,0.161145,29.9292,17.435,32.8131
0.0468247,0.0217818,0.1548,27.0082,17.1564,32.8134
0.0459436,0.0631415,0.149876,29.1109,17.5149,32.8151
0.047071,0.0206182,0.149954,26.1499,16.5852,32.8152
0.0466848,0.00877776,0.163281,27.5243,16.1437,32.8176
0.0459489,0.0594087,0.15449,29.5501,17.8359,32.8188
0.0454456,0.0859551,0.158558,30.3933,17.2028,32.8196
0.0454477,0.0839812,0.160328,30.7082,17.8224,32.8204
0.0464456,0.0201043,0.153613,28.1237,17.7552,32.8204
0.046664,0.0477734,0.147574,27.9526,16.9457,32.8208
0.0458956,0.0710614,0.153236,29.376,17.3216,32.8217
0.0460156,0.0280485,0.143311,29.5645,17.0667,32.8219
0.0460781,0.0165272,0.162796,29.4247,18.805,32.8225
0.0471657,0.0205315,0.143634,26.3393,16.8341,32.8229
0.0463768,0.0383092,0.162666,28.1142,17.3331,32.8247
0.0459496,0.0557596,0.164472,29.7185,18.0538,32.8249
0.0454332,0.0792442,0.165419,30.8511,17.1971,32.826
0.0462099,0.0472759,0.162388,28.1913,17.3426,32.8294
0.0462595,0.0692313,0.15558,28.8879,17.6304,32.831
0.046415,0.040665,0.16155,28.9199,18.6898,32.8343
0.0460595,0.0215884,0.161309,29.3349,18.4817,32.8343
0.0465754,0.0546254,0.163495,27.4226,16.6318,32.8375
0.0459604,0.0574465,0.165818,29.2691,18.3101,32.8386
0.0475048,0.0071447,0.150416,25.9414,16.8777,32.8416
0.0470528,0.0524328,0.162586,26.8324,17.2896,32.842
0.0466,0.0194603,0.161643,27.7974,16.1857,32.8424
0.0462408,0.0633644,0.158179,28.8553,17.4058,32.843
0.0468114,0.0153564,0.130895,27.4994,16.731,32.8431
0.0460404,0.00445414,0.145787,29.8631,17.6044,32.8441
0.0471369,0.0276681,0.139667,26.5732,16.7499,32.8445
0.0462284,0.092414,0.165732,28.388,17.7406,32.8457
0.0459207,0.0382307,0.147992,29.6277,17.5277,32.8471
0.0458515,0.0400695,0.164446,29.6449,17.089,32.8493
0.0470501,0.0150132,0.15494,26.3572,16.9758,32.8493
0.0459661,0.0459527,0.147318,29.4269,17.8585,32.8501
0.0458988,0.0308376,0.157662,29.8048,17.4465,32.8504
0.0466728,0.0509365,0.157177,27.9077,17.053,32.8521
0.0466495,0.0678014,0.158381,27.0784,17.1812,32.8536
0.0463884,0.0313213,0.164674,28.7061,17.9637,32.855
0.0465716,0.0663077,0.163477,27.5293,16.1929,32.8593
0.0474926,0.0226557,0.164124,25.1711,16.7581,32.8612
0.0457762,0.0994511,0.163098,29.4512,17.3242,32.8639
0.0466318,0.0221401,0.164081,27.3507,16.9277,32.8641
0.0460139,0.0398398,0.162684,29.3377,18.6371,32.8651
0.0458504,0.087063,0.155444,29.441,17.273,32.8652
0.045752,0.106978,0.165185,29.8983,17.4958,32.866
0.0466866,0.0482903,0.141925,27.4048,16.4405,32.8666
0.0471305,0.0111427,0.141763,26.3557,16.0294,32.8675
0.0459441,0.0531543,0.147837,29.7924,17.8386,32.8706
0.0465691,0.0658698,0.155409,27.2938,16.1008,32.8715
0.0460055,0.0138266,0.15809,29.1343,17.9073,32.872
0.0466442,0.0490245,0.146768,27.5896,16.5828,32.8734
0.0464782,0.0151778,0.146006,28.7045,17.234,32.8734
0.0467199,0.0213186,0.154124,27.9216,17.9431,32.8737
0.0472029,0.0157352,0.148771,26.3444,17.9958,32.8753
0.0475863,0.00930267,0.141901,25.6906,16.9815,32.8764
0.0475146,0.0200848,0.145559,25.9159,16.692,32.8773
0.0459468,0.0376533,0.164171,29.8343,17.4781,32.8796
0.0474785,0.0263971,0.149073,25.9462,16.9176,32.8799
0.0466172,0.00421812,0.160298,27.323,16.1014,32.8799
0.046027,0.0385337,0.164571,29.9229,18.6324,32.8801
0.0467755,0.0290169,0.147186,27.4035,17.5622,32.8816
0.0459638,0.0334679,0.16155,29.1312,17.7923,32.8817
0.0467049,0.0199538,0.162679,27.8653,16.3641,32.8835
0.046258,0.0407769,0.15486,28.0337,17.5289,32.8848
0.0460249,0.00634523,0.154295,29.9847,17.7569,32.8865
0.0466836,0.0448363,0.140601,27.5188,16.4158,32.8867
0.0466467,0.0368111,0.161745,27.2859,17.8988,32.8872
0.046696,0.00674951,0.152643,27.9501,16.8066,32.8894
0.0459541,0.0518833,0.147056,29.5471,17.1962,32.8913
0.0460113,0.0320819,0.145924,29.2648,17.366,32.8914
0.0466885,0.0237804,0.156205,27.2838,17.4143,32.8939
0.0458317,0.0574745,0.156883,29.2018,17.3001,32.897
0.0467416,0.0144134,0.14411,27.4497,16.1843,32.8974
0.0470311,0.0495108,0.145877,26.0665,16.9273,32.8993
0.0466258,0.0172312,0.152938,27.8756,16.7343,32.8993
0.0463951,0.033146,0.162766,28.3306,18.8213,32.8999
0.0466395,0.0385817,0.154799,27.4955,16.5598,32.8999
0.0464151,0.0395101,0.160213,28.2084,18.8856,32.9032
0.045777,0.0919776,0.160431,29.7276,17.698,32.9034
0.0463116,0.045516,0.150523,28.4388,17.8556,32.9063
0.0466142,0.0368263,0.161831,27.5548,16.4397,32.9071
0.0460467,0.0254601,0.157803,29.3253,18.5162,32.909
0.0474059,0.0467357,0.165023,25.6256,16.9642,32.9098
0.0464064,0.00413161,0.140955,28.2682,17.9889,32.9109
0.0464155,0.0118264,0.139708,28.4469,17.0767,32.9118
0.0454634,0.0719823,0.155833,30.2633,17.0865,32.9121
0.0459647,0.0368154,0.163996,29.4941,18.5776,32.9129
0.0480207,0.00151695,0.165891,24.9368,17.8104,32.9131
0.0468725,0.0143191,0.16001,27.0819,18.7079,32.9144
0.0468648,0.00894833,0.156286,27.2162,17.5262,32.9155
0.0463448,0.0558847,0.15877,28.5495,17.9885,32.9176
0.0459855,0.0450199,0.156426,29.5676,17.2049,32.9189
0.0462198,0.0651488,0.159453,28.1144,17.7343,32.9196
0.046591,0.0268463,0.163517,27.9995,16.0627,32.9206
0.0461697,0.104502,0.16143,28.9759,17.2328,32.9217
0.04666,0.0328545,0.152253,27.8247,16.2449,32.9223
0.0459186,0.0814279,0.1494,29.9047,17.6431,32.9251
0.046742,0.0037348,0.160163,27.4398,16.6338,32.9259
0.0462033,0.0283368,0.160258,28.3986,16.2959,32.9262
0.0472176,0.0165578,0.162779,26.578,17.0747,32.9266
0.045989,0.00484906,0.154667,29.9969,17.3977,32.9297
0.0460484,0.035617,0.162501,29.2537,18.6231,32.93
0.0466135,0.0557178,0.149097,27.4718,16.6245,32.9307
0.0460225,0.010569,0.157545,29.9697,17.0463,32.9314
0.0453661,0.138517,0.164648,30.6908,17.9655,32.9314
0.0474665,0.0308921,0.149627,25.5835,16.08,32.9319
0.0462879,0.0102157,0.150345,28.8145,16.5771,32.9331
0.0464836,0.0200498,0.155903,28.3481,18.3404,32.9337
0.0467583,0.0222671,0.135254,27.0935,16.0254,32.9353
0.0474899,0.031292,0.15243,25.0265,16.8633,32.936
0.0459168,0.0755154,0.147654,29.4478,17.7985,32.9361
0.0471982,0.0112415,0.132583,26.8148,16.9606,32.9369
0.0460433,0.0209803,0.137821,29.2678,17.2953,32.9377
0.046409,0.0407825,0.140372,28.383,17.5367,32.9382
0.046595,0.0700344,0.146773,27.2147,16.3841,32.9392
0.0471317,0.0240286,0.137111,26.2442,16.1633,32.9403
0.0465731,0.0703602,0.160232,27.3198,16.4525,32.9405
0.0466365,0.0555698,0.153287,27.8112,16.8444,32.9423
0.0470131,0.0621399,0.14797,26.1581,16.373,32.9423
0.0464617,0.014301,0.156745,28.3953,18.9633,32.9439
0.0454281,0.0957352,0.15804,30.0018,17.6858,32.9442
0.0467423,0.0497927,0.153565,27.321,17.5627,32.9448
0.0467178,0.00775198,0.147538,27.9821,16.2511,32.9458
0.0459427,0.0629797,0.146805,29.057,17.2012,32.9462
0.0475632,0.0145184,0.158605,25.7404,17.2124,32.9472
0.0462385,0.0181141,0.164659,28.4104,16.0728,32.9476
0.0467334,0.00633296,0.145957,27.9389,16.9978,32.9477
0.0463928,0.0268748,0.143811,28.7656,17.9229,32.9477
0.0465743,0.0703918,0.159964,27.5309,16.0118,32.948
0.0466827,0.0631928,0.154893,27.3447,17.5589,32.9497
0.0460151,0.0462753,0.142903,29.7693,17.4899,32.9499
0.0466707,0.0544766,0.141593,27.18,16.5995,32.95
0.0468666,0.00689029,0.139028,27.7563,17.6301,32.95
0.0462756,0.0537999,0.152967,28.7267,17.1418,32.9501
0.0467726,0.036589,0.164975,27.7798,17.2585,32.9506
0.0474159,0.0477065,0.157853,25.1029,16.8117,32.9515
0.0466406,0.0312833,0.15622,27.2959,16.2904,32.9518
0.04677,0.0203555,0.133825,27.1811,16.9542,32.9525
0.0465747,0.0414433,0.16585,27.8968,16.1927,32.9536
0.0464259,0.03012,0.153649,28.1112,17.8961,32.9548
0.0466323,0.0771655,0.15953,27.1318,17.3952,32.955
0.0470592,0.0379526,0.164785,26.8809,16.2994,32.9573
0.046302,0.00521409,0.154893,28.4597,16.93,32.9574
0.0459571,0.0339916,0.165667,29.2848,17.1614,32.9575
0.0464534,0.0152861,0.156543,28.4247,18.0378,32.9578
0.0464861,0.00538778,0.154361,28.6473,18.0737,32.9587
0.0459926,0.0569864,0.142795,29.1529,17.3363,32.9592
0.0454556,0.0652424,0.162134,30.4993,17.0224,32.961
0.0474984,0.00538244,0.150925,25.71,16.4451,32.9611
0.0458738,0.0875559,0.150521,29.2137,17.0259,32.9612
0.0459717,0.00715392,0.161982,29.4484,17.6783,32.9617
0.0465899,0.0143325,0.160394,27.0596,16.7248,32.9618
0.0471828,0.0203133,0.136584,26.4704,16.999,32.968
0.0460416,0.0302131,0.144712,29.7747,17.4532,32.97
0.0467002,0.0166603,0.147967,27.9465,16.5347,32.972
0.0470348,0.0683068,0.165119,26.8266,17.2493,32.9738
0.0465894,0.0414173,0.161374,27.6852,16.1504,32.9745
0.0455089,0.0634555,0.154737,30.4411,17.5721,32.9756
0.0460344,0.0298801,0.156318,29.1597,18.187,32.976
0.0463139,0.030725,0.147874,28.1522,17.896,32.9762
0.0462418,0.00845095,0.159226,28.0875,16.617,32.9767
0.0456151,0.0572288,0.165703,30.1961,18.7408,32.9814
0.0460045,0.0253052,0.160995,29.4851,18.5573,32.9821
0.0467468,0.0361842,0.132274,27.4091,16.4756,32.9852
0.0478673,0.0236169,0.165185,24.1683,16.7457,32.9854
0.0464061,0.0216211,0.158243,28.8548,18.7815,32.9856
0.0470378,0.0571406,0.146706,26.0718,16.2294,32.986
0.0467763,0.0415291,0.150305,27.7617,17.8816,32.9871
0.0472607,0.00317035,0.143,26.4169,17.5931,32.9876
0.0464535,0.025382,0.137281,28.8658,17.1225,32.9896
0.0466564,0.0303239,0.15036,27.1358,16.7206,32.9899
0.0467124,0.0416564,0.151615,27.6639,17.9389,32.9901
0.046642,0.00570954,0.151169,27.4258,16.3871,32.9908
0.0459549,0.0718815,0.162418,29.5251,18.7013,32.9923
0.0459683,0.0707673,0.161043,29.3985,18.2715,32.996
0.0460029,0.00804736,0.145117,29.3389,17.3347,32.9967
0.0467021,0.0484508,0.140113,27.0036,16.9346,32.9975
0.0463983,0.0512856,0.165448,28.2365,18.2363,32.9985
0.046655,0.072427,0.157712,27.9285,17.0475,32.9991
0.046525,0.00214909,0.134354,28.4511,17.8359,32.9993
0.0460304,0.0373329,0.156447,29.6704,18.8492,33.0001
0.0460708,0.0200021,0.141983,29.0957,17.8282,33.0003
0.0472521,0.0134828,0.150017,26.873,17.3893,33.001
0.0462412,0.027206,0.155631,28.3389,16.2188,33.0017
0.0457805,0.123646,0.162281,29.88,17.333,33.0019
0.0467689,0.00804586,0.135853,27.8333,16.7442,33.0022
0.0462829,0.019329,0.145718,28.8515,16.8392,33.0025
0.0461303,0.0026259,0.16275,29.852,18.072,33.0027
0.0456076,0.0609721,0.165791,30.2593,18.93,33.0037
0.0462911,0.0159531,0.145071,28.1403,16.684,33.004
0.0461493,0.0441878,0.164747,28.5961,16.0565,33.0044
0.0461617,0.0421341,0.163939,28.1968,16.2298,33.0049
0.045391,0.13493,0.15945,30.6325,17.24,33.0056
0.0453952,0.122006,0.162523,30.8523,17.2191,33.0088
0.0465376,0.00475966,0.153328,28.6708,18.2341,33.0099
0.046759,0.0107207,0.1476,27.3283,17.4226,33.0115
0.0463435,0.0169018,0.145837,28.1119,17.4365,33.0128
0.0468504,0.00470601,0.134152,27.4259,16.6648,33.0141
0.0467972,0.00297755,0.133165,27.9537,16.0716,33.0153
0.046375,0.0526693,0.161179,28.5214,18.1123,33.0164
0.0453369,0.107478,0.165709,30.2649,17.5975,33.0171
0.0471957,0.0282471,0.155343,26.3409,17.9177,33.0175
0.0468496,0.0221684,0.142684,27.3943,17.315,33.019
0.0460342,0.0269635,0.137002,29.8013,17.1663,33.0192
0.0465792,0.0132398,0.163104,27.0723,16.1042,33.0193
0.046175,0.0724294,0.161092,28.5151,16.2407,33.0193
0.0475896,0.0113869,0.138225,25.3393,16.8389,33.0194
0.0464183,0.0083522,0.138166,28.3319,17.0147,33.02
0.0460869,0.0142224,0.138361,29.506,17.0746,33.0214
0.0461549,0.109076,0.159976,28.6179,17.0407,33.0214
0.0465672,0.0339766,0.160895,27.9584,16.1254,33.0217
0.0458786,0.0837855,0.149658,29.0266,17.4623,33.0277
0.0459052,0.0676877,0.148055,29.3161,17.5158,33.0287
0.0456392,0.050402,0.16275,30.5973,18.7247,33.0292
0.0457947,0.0956333,0.157033,29.7852,17.4296,33.03
0.0460223,0.0468527,0.146199,29.7576,17.8096,33.0304
0.0469853,0.0644822,0.159776,26.1562,16.9333,33.0305
0.0462665,0.0170529,0.147372,28.3081,16.3159,33.031
0.0466396,0.0571107,0.153568,27.459,16.9771,33.0322
0.0467476,0.0167252,0.154718,27.0946,16.55,33.0348
0.0461188,0.0100509,0.154153,29.2265,18.2031,33.0354
0.0460404,0.0263314,0.152184,29.1242,17.2916,33.0388
0.0468231,0.00198172,0.129678,27.5219,16.5243,33.0389
0.046372,0.0440967,0.16212,28.5996,18.227,33.0406
0.0479267,0.0067149,0.151345,24.7041,16.9117,33.0408
0.0462617,0.00659591,0.164134,28.8957,16.0668,33.042
0.046305,0.0489813,0.149013,28.8125,17.6142,33.0427
0.0460955,0.0146133,0.138875,29.1533,17.5702,33.043
0.0469909,0.0291315,0.158889,26.5716,16.205,33.0438
0.0473446,0.0505857,0.162637,25.5447,16.2869,33.0449
0.046137,0.0873003,0.165688,28.8168,16.6829,33.0458
0.0459508,0.0725462,0.1424,29.2592,17.2806,33.0468
0.0467947,0.00421181,0.132443,27.2209,16.7706,33.0469
0.0461622,0.113392,0.163832,28.0867,17.1952,33.0474
0.0456561,0.0402986,0.161961,30.3752,18.4082,33.0486
0.0463494,0.0078705,0.136325,28.8716,16.085,33.0494
0.0464444,0.0299718,0.136368,28.5,17.7153,33.0498
0.0463093,0.0604669,0.147661,28.5812,17.2741,33.0498
0.0466289,0.0227535,0.165711,27.7802,17.3632,33.0505
0.0470956,0.0180164,0.143075,26.1856,16.0416,33.0512
0.045709,0.144869,0.164703,29.9413,17.3626,33.0533
0.0455561,0.0499893,0.147157,30.1846,17.2201,33.0537
0.0463046,0.0160405,0.146141,28.4116,16.9067,33.0539
0.0465353,0.0909348,0.151891,27.8434,16.6579,33.0539
0.04621,0.030432,0.153286,28.5215,16.1421,33.0541
0.0453792,0.141027,0.157089,30.2352,17.1137,33.0566
0.0466675,0.0251706,0.145095,27.6087,16.9987,33.0572
0.0453642,0.103913,0.159625,30.1186,17.0352,33.0573
0.0462417,0.02973,0.151558,28.3948,16.1637,33.0578
0.0462582,0.0866329,0.152214,28.3961,17.203,33.0579
0.0467999,0.0193437,0.143651,27.7761,17.571,33.0589
0.0473797,0.0267751,0.165492,25.888,16.5525,33.0596
0.0453998,0.122241,0.159445,30.6101,17.8364,33.0596
0.0464511,0.108034,0.161772,27.681,16.0275,33.061
0.0461679,0.0706607,0.162336,28.3869,17.8387,33.062
0.0453707,0.101192,0.159266,30.6664,17.2338,33.0621
0.0467565,0.0289919,0.142477,27.8491,16.9634,33.0652
0.0455415,0.0527844,0.147694,30.7128,17.0047,33.0657
0.0454453,0.107678,0.160634,30.9263,17.3792,33.0666
0.0465961,0.0734542,0.161408,27.8284,17.5786,33.0669
0.0474064,0.0303685,0.158085,25.7818,16.4795,33.067
0.0455235,0.0616049,0.145638,30.03,17.6271,33.0673
0.0453876,0.103343,0.154992,30.5136,17.6619,33.0686
0.0467093,0.0216982,0.151199,27.3894,17.4075,33.0701
0.0462893,0.0790685,0.151833,28.923,17.6856,33.0703
0.0454037,0.0817546,0.162337,30.2597,17.4992,33.0704
0.0459509,0.0815192,0.162125,29.7154,18.4564,33.0712
0.0460741,0.0372929,0.155777,29.6208,18.2376,33.0715
0.046789,0.0178613,0.142119,27.2754,16.9833,33.0726
0.045844,0.105782,0.1499,29.7365,17.5478,33.0727
0.0468072,0.012976,0.163587,27.1058,18.3731,33.0742
0.0459849,0.0416602,0.139603,29.9813,17.348,33.0756
0.046583,0.0744233,0.144303,27.6533,16.9447,33.0773
0.0468142,0.0116385,0.128229,27.3616,16.9299,33.0803
0.046224,0.0608737,0.156091,28.8655,17.7867,33.0806
0.046224,0.030282,0.163575,28.7954,16.4486,33.0816
0.0453925,0.110245,0.157218,30.2475,17.9381,33.0828
0.0455209,0.0759806,0.149457,30.776,17.8493,33.084
0.045953,0.0272176,0.144554,29.1304,17.285,33.0856
0.0462301,0.0557948,0.156752,28.6758,16.1451,33.0869
0.0460589,0.00174505,0.165308,29.4101,18.1709,33.0869
0.0467381,0.0139846,0.147565,27.1509,17.9508,33.0876
0.0461166,0.00924335,0.151931,29.9466,18.1239,33.0878
0.0467153,0.00318393,0.135768,27.5013,16.9094,33.089
0.046228,0.0211239,0.153092,28.9756,16.1779,33.0892
0.0462177,0.0113742,0.162636,28.7926,16.7444,33.0913
0.0458353,0.100774,0.150919,29.54,17.4232,33.0914
0.0466632,0.052083,0.155461,27.6,17.51,33.0917
0.0462257,0.0357326,0.14626,28.8795,16.6647,33.0919
0.0462249,0.0328138,0.147494,28.5788,16.5309,33.0936
0.0474601,0.0089023,0.147331,25.1747,15.3764,33.0938
0.046566,0.0203165,0.162115,27.4032,16.9973,33.0961
0.0468943,0.0765687,0.160334,26.5475,16.33,33.0969
0.0462277,0.0260915,0.165623,28.6507,17.7551,33.0969
0.0461227,0.0912606,0.161353,28.6196,16.7528,33.0987
0.0466092,0.0651011,0.142847,27.1454,16.3006,33.0994
0.0460104,0.0212638,0.159921,29.0576,17.3764,33.1004
0.0471618,0.00149849,0.153067,26.7817,17.8215,33.101
0.0455663,0.0636663,0.159799,30.7848,18.229,33.101
0.0473954,0.0443724,0.155307,25.239,16.6716,33.1012
0.0459343,0.0816366,0.14442,29.0088,17.3468,33.1035
0.0462349,0.0631789,0.149381,28.4554,16.631,33.1035
0.0464311,0.11621,0.165085,27.1684,16.4677,33.1038
0.0467725,0.0378224,0.165569,27.0703,18.0401,33.1048
0.0467158,0.0418203,0.149487,27.5016,17.0963,33.1063
0.0461163,0.00228658,0.153608,29.6711,18.3591,33.1065
0.0471752,0.0273287,0.147171,26.6819,17.9937,33.1067
0.0475814,0.0110755,0.1366,25.1401,16.7787,33.108
0.0462432,0.0578816,0.150599,28.3641,16.5337,33.1098
0.04589,0.0937975,0.145293,29.9472,17.062,33.11
0.0462779,0.0757212,0.148,28.9718,17.6853,33.11
0.0463639,0.0636731,0.162105,28.1468,18.6431,33.1101
0.0471495,0.0412219,0.154893,26.1524,17.0301,33.1108
0.045899,0.059899,0.163999,29.4579,18.3171,33.111
0.0454669,0.0945065,0.150811,30.9536,17.6092,33.1114
0.0478533,0.0249608,0.158197,24.5394,16.9784,33.1124
0.0470834,0.00931172,0.162563,26.4313,17.2642,33.1124
0.0460239,0.0337053,0.136471,29.967,17.1778,33.1134
0.0462711,0.026064,0.147011,28.4629,16.0753,33.1137
0.0474288,0.0070086,0.156019,25.2395,15.2611,33.1148
0.0457637,0.127459,0.156176,29.9686,17.4816,33.1148
0.0465907,0.0788493,0.143833,27.0856,16.6658,33.119
0.0474319,0.014417,0.150943,25.518,15.0126,33.1196
0.0467687,0.00240691,0.144543,27.3012,17.2681,33.1201
0.0463116,0.0572359,0.146997,28.0667,17.5187,33.1202
0.0463879,0.00232608,0.134273,28.2893,16.7783,33.1205
0.0455556,0.0812328,0.160762,30.2157,18.2271,33.1216
0.0459799,0.00156894,0.152485,29.376,17.2976,33.1225
0.0454822,0.0975476,0.158363,30.5139,17.7258,33.1226
0.0471292,0.0214349,0.154677,26.4018,17.5057,33.1237
0.0457666,0.106224,0.158483,29.3402,17.8646,33.1238
0.0463313,0.0496246,0.134618,28.9121,16.5762,33.1246
0.046274,0.0536995,0.150421,28.2046,16.602,33.1247
0.0470832,0.0304813,0.140975,26.3848,16.955,33.1255
0.0468389,0.0194278,0.159575,27.1865,17.7845,33.126
0.0465854,0.0442485,0.154924,27.3876,16.4199,33.1279
0.045887,0.0208603,0.163617,29.5744,17.1719,33.128
0.0463387,0.0469022,0.135866,28.9601,16.6061,33.1282
0.0464282,0.115202,0.162679,27.2351,16.3817,33.1284
0.0460687,0.0344367,0.154197,29.9844,18.4919,33.1285
0.0474736,0.0388551,0.14777,25.0869,16.1949,33.1289
0.0455154,0.0565105,0.149447,30.7083,17.5407,33.13
0.0455715,0.0487045,0.142414,30.8424,17.5448,33.1308
0.0462776,0.0236607,0.139179,28.2832,16.9597,33.131
0.0461176,0.00721362,0.130905,29.6651,17.1749,33.1315
0.04596,0.0287976,0.141959,29.3156,17.7514,33.1316
0.0467024,0.0604559,0.149227,27.3663,17.2286,33.1318
0.046503,0.0758514,0.161746,27.2734,16.3177,33.1325
0.0459657,0.0411671,0.138835,29.8911,17.6564,33.1328
0.0461373,0.0842832,0.165784,28.3948,17.1083,33.133
0.0465167,0.0158938,0.132708,28.0399,17.1788,33.1342
0.0462802,0.065781,0.136115,28.4449,16.6448,33.1344
0.0470943,0.00760939,0.160898,26.3282,17.5673,33.1345
0.0457443,0.100572,0.16069,29.0855,17.3461,33.1361
0.047961,0.00779801,0.152541,24.2188,16.4609,33.1362
0.045507,0.0846128,0.147443,30.4836,17.1762,33.1369
0.0465248,0.0966289,0.152407,27.6441,16.2462,33.1376
0.046717,0.0464815,0.131621,27.2698,16.4719,33.1379
0.0461069,0.0994277,0.1584,28.3415,16.0259,33.1392
0.0460924,0.0171366,0.133793,29.4586,17.986,33.1394
0.045834,0.0764627,0.149884,29.5105,17.8262,33.1404
0.0454565,0.112521,0.159505,30.9167,17.5355,33.141
0.0463308,0.0422155,0.14506,28.5387,17.204,33.1416
0.046805,0.0186052,0.142148,27.1526,17.5871,33.1421
0.0453706,0.138262,0.157265,30.1616,17.2196,33.1424
0.0462291,0.0375104,0.145456,28.1127,16.0197,33.1431
0.0453597,0.0991398,0.161476,30.1095,17.7044,33.1436
0.047433,0.00853402,0.159669,25.4504,16.5471,33.1438
0.0468949,0.0895643,0.156991,26.4029,16.6262,33.144
0.0460621,0.0101466,0.133686,29.0222,17.6331,33.1447
0.0468357,0.0187587,0.130171,27.6062,16.5982,33.1454
0.0473967,0.0118832,0.160573,25.7202,15.9419,33.1456
0.047132,0.0348598,0.134987,26.4751,16.1271,33.148
0.0458809,0.0744606,0.147302,29.0066,17.5443,33.1484
0.046064,0.0411212,0.136858,29.159,17.7038,33.1487
0.0455726,0.0751801,0.157942,30.5798,18.766,33.1491
0.0455651,0.0827685,0.162245,30.309,18.7657,33.1491
0.0453088,0.138398,0.165435,30.2616,17.552,33.1515
0.045721,0.144091,0.162958,29.704,17.2294,33.1524
0.0468576,0.00661589,0.138049,27.016,17.2462,33.1526
0.0478721,0.00325683,0.146655,24.5698,15.6454,33.1538
0.0468864,0.0920913,0.160002,26.5807,16.3431,33.1539
0.0454953,0.0813575,0.158694,30.1023,17.9932,33.1551
0.0454006,0.138862,0.151505,30.2903,17.0992,33.1553
0.0478361,0.00742829,0.157509,24.9934,15.1078,33.1554
0.045662,0.0487572,0.158806,30.7206,18.6277,33.1558
0.0459383,0.00310389,0.161915,29.5409,17.8516,33.156
0.0471197,0.0422533,0.151536,26.2142,17.1851,33.1566
0.0459391,0.0554027,0.158649,29.64,18.1473,33.1568
0.0459664,0.0501446,0.140279,29.6965,17.6251,33.1568
0.0474018,0.0161683,0.160017,25.7636,15.9864,33.1572
0.0460371,0.0120166,0.159316,29.6039,18.9184,33.1572
0.0459741,0.0580687,0.156087,29.1266,17.4255,33.1579
0.0460959,0.0981493,0.162456,28.9326,16.2337,33.1579
0.0461943,0.0435862,0.162284,28.4216,16.8044,33.1597
0.0460759,0.0192424,0.132118,29.5573,17.9043,33.1601
0.0460961,0.0229881,0.151585,29.4591,18.463,33.1605
0.0461496,0.0845903,0.156772,28.82,16.2203,33.1616
0.0463267,0.0198177,0.135557,28.467,16.1464,33.1616
0.0464672,0.0278194,0.152287,28.6673,18.5916,33.1627
0.0479864,0.0052224,0.164776,24.7823,17.0215,33.1634
0.046258,0.0305798,0.155731,28.1195,17.1126,33.1642
0.0467055,0.0335906,0.156813,27.1051,16.3794,33.165
0.0461061,0.0215922,0.151997,29.4677,18.6025,33.1654
0.04738,0.0146985,0.164333,25.9515,15.0877,33.1657
0.0463312,0.0752715,0.164857,28.3678,18.4259,33.166
0.0455753,0.0815934,0.161758,30.2166,18.9567,33.1661
0.0466586,0.0552813,0.154086,27.0155,16.8391,33.1666
0.047778,0.0134309,0.163489,24.5094,15.4367,33.1672
0.0475649,0.0128488,0.137279,25.0426,16.9586,33.1681
0.0458043,0.0994015,0.154032,29.9886,17.0822,33.1681
0.0463043,0.0477836,0.165484,28.2211,18.7779,33.1693
0.0470823,0.018949,0.161354,26.0501,17.8549,33.1698
0.0462092,0.0525302,0.161111,28.4106,16.2274,33.1706
0.0471682,0.02701,0.132559,26.8897,16.9773,33.171
0.0454236,0.111467,0.15413,30.7093,17.4314,33.1715
0.0462678,0.0301972,0.149223,28.198,16.4155,33.1723
0.0474313,0.00789568,0.159859,25.5588,15.0792,33.1727
0.0456022,0.0425952,0.145227,30.0991,17.0626,33.1734
0.0467911,0.0250764,0.138076,27.7713,16.7219,33.174
0.0476251,0.00156227,0.132146,25.5358,16.4173,33.1741
0.0458706,0.102244,0.148745,29.8685,17.6941,33.1745
0.0473746,0.0292916,0.154181,25.4567,15.0008,33.1747
0.0461679,0.115003,0.16172,28.4365,17.6069,33.1749
0.0454103,0.129655,0.151898,30.7301,17.4078,33.175
0.0462435,0.046313,0.156514,28.1486,16.453,33.1751
0.0454379,0.123672,0.157027,30.4927,17.0818,33.1753
0.0457705,0.0909821,0.155893,29.37,17.9326,33.176
0.0473581,0.0276199,0.162429,25.0314,15.1952,33.1761
0.0461669,0.0830877,0.16155,28.1814,17.2744,33.1762
0.0466461,0.034718,0.144405,27.658,16.5129,33.1764
0.0456357,0.0461947,0.135849,30.5169,17.2757,33.1764
0.0457776,0.111324,0.15602,29.4801,17.8325,33.1774
0.046186,0.0462304,0.164978,28.9525,16.6155,33.1786
0.0470426,0.0382862,0.164347,26.9925,17.2486,33.179
0.0458683,0.101429,0.155612,29.868,17.1125,33.18
0.0466828,0.0296448,0.15286,27.8202,17.4439,33.18
0.0454777,0.0561794,0.15864,30.239,17.9487,33.1806
0.0462367,0.0975385,0.160228,28.0456,17.9619,33.1812
0.046001,0.0388465,0.136204,29.4943,17.2663,33.1815
0.0461735,0.0573193,0.163618,28.1393,17.3201,33.1823
0.0474452,0.0401242,0.161944,25.1562,16.9852,33.183
0.0462365,0.061518,0.156968,28.5911,16.3562,33.1872
0.0467784,0.0172766,0.164696,27.3552,18.697,33.1873
0.0474215,0.0421098,0.150834,25.521,16.3022,33.1876
0.0461764,0.0884344,0.149894,28.2391,16.2757,33.1878
0.04601,0.0195721,0.137211,29.3798,17.1905,33.1881
0.0462994,0.0234245,0.151161,28.2201,16.7203,33.1881
0.0459656,0.08006,0.159407,29.4507,18.2638,33.1882
0.046268,0.042516,0.150573,28.424,16.2904,33.1883
0.0467363,0.0277997,0.133169,27.6391,16.573,33.1901
0.0465633,0.0549022,0.154997,27.1732,16.1307,33.1902
0.0455329,0.0750257,0.14003,30.7319,17.0539,33.1902
0.0465065,0.00392156,0.131312,28.7902,17.0756,33.1905
0.0471631,0.0153949,0.133005,26.7325,16.4214,33.1911
0.0462536,0.0493117,0.158662,28.0024,16.0371,33.1918
0.0462522,0.0502399,0.158788,28.3143,16.2042,33.1921
0.0450988,0.117428,0.163652,31.3067,18.8009,33.1924
0.0462893,0.0411445,0.147073,28.0872,16.3572,33.1926
0.0452076,0.079697,0.163116,31.9861,18.4713,33.1929
0.0461505,0.0539299,0.165943,28.3483,16.9551,33.1935
0.0464802,0.106273,0.15345,27.702,16.0428,33.1938
0.0462872,0.0826885,0.156604,28.9606,17.7347,33.1941
0.0470395,0.0407743,0.144441,26.8472,16.026,33.1942
0.0470629,0.0499821,0.139244,26.9648,16.6277,33.1943
0.0466078,0.078311,0.142654,27.4827,16.2666,33.1951
0.0465351,0.0384435,0.161436,27.1152,16.751,33.1957
0.0458293,0.115074,0.154825,29.9997,17.0364,33.196
0.0459081,0.0905849,0.16111,29.208,18.9542,33.197
0.0466671,0.0287778,0.141806,27.571,16.5464,33.1975
0.0460491,0.0439237,0.152582,29.3856,18.4101,33.1992
0.0465402,0.105053,0.163429,27.2664,17.9315,33.1993
0.0463754,0.0107605,0.126532,28.3242,16.8327,33.1995
0.0468726,0.0187533,0.155702,27.8882,18.036,33.2012
0.045433,0.102944,0.147988,30.6644,17.0931,33.2012
0.0451972,0.0860543,0.165389,31.0321,18.5676,33.2021
0.0461115,0.0893775,0.163043,28.1095,16.3699,33.2037
0.0459836,0.0724431,0.164655,29.0039,18.2814,33.2039
0.0461372,0.0169768,0.133327,29.0615,17.7088,33.2043
0.0456426,0.0414441,0.138561,30.8409,17.5307,33.2043
0.0456319,0.0482829,0.134503,30.6919,17.3232,33.2045
0.0463675,0.0388762,0.141435,28.7716,17.3755,33.2052
0.0458733,0.0821108,0.164229,29.6576,18.5793,33.2053
0.0455942,0.0615913,0.138222,30.681,17.8321,33.2054
0.0476465,0.00710662,0.15062,25.6425,17.572,33.2054
0.0453132,0.119396,0.162752,30.891,17.3249,33.2061
0.0461131,0.106136,0.153711,28.8987,16.8267,33.2063
0.0462891,0.0201715,0.155232,28.5504,16.3292,33.2069
0.0462648,0.0619108,0.150245,28.3246,17.6096,33.2091
0.0458558,0.0987984,0.164689,29.0886,17.9829,33.2098
0.0465192,0.00807187,0.149232,28.064,18.0322,33.21
0.0462366,0.060146,0.152808,28.9976,17.4687,33.2106
0.0455439,0.0780652,0.15018,30.6149,17.1728,33.2113
0.0461155,0.0986577,0.165187,28.773,16.0897,33.2114
0.0462351,0.0700754,0.153263,28.5572,17.7673,33.2114
0.046637,0.0833591,0.162229,27.1138,17.053,33.2117
0.0475647,0.00538495,0.158054,25.2307,17.0697,33.2118
0.0476337,0.00363329,0.148831,25.8285,17.5163,33.2123
0.0455654,0.0808491,0.157636,30.9301,18.1583,33.2125
0.0460191,0.0194531,0.1611,29.5221,17.4998,33.2131
0.0454787,0.0880285,0.164194,30.3385,17.4113,33.2144
0.0462122,0.0311041,0.165826,28.3161,17.488,33.2145
0.0463689,0.0161952,0.14037,28.7282,17.2762,33.2148
0.0463142,0.0263476,0.146946,28.2289,16.6271,33.2151
0.0455002,0.0902492,0.159612,30.156,18.2853,33.2154
0.0457963,0.125814,0.158761,29.9271,17.2263,33.2158
0.045879,0.0638512,0.165382,29.7651,18.1782,33.2159
0.0455611,0.0691484,0.146704,30.7828,17.1865,33.2162
0.0456671,0.0480338,0.16441,30.6666,18.0038,33.2165
0.0467287,0.0249686,0.133992,27.1401,16.7744,33.2195
0.04593,0.0857452,0.140618,29.2595,17.5831,33.2198
0.0473016,0.0728982,0.163672,25.8481,16.9166,33.2205
0.0462346,0.0396952,0.150706,28.5307,16.4295,33.2207
0.046403,0.00433461,0.134552,28.4775,16.8844,33.2217
0.0462485,0.0368866,0.147522,28.5396,16.6802,33.2221
0.0459926,0.0717082,0.160781,29.5794,18.3436,33.2227
0.0464524,0.0904057,0.165692,27.5713,16.2216,33.2233
0.0463434,0.0342398,0.137756,28.0154,16.8437,33.2234
0.0455195,0.0808259,0.157424,30.6796,17.9492,33.2235
0.0464276,0.0394236,0.147908,28.1982,17.7132,33.2249
0.04649,0.0130116,0.131664,28.1939,17.6131,33.2252
0.0463823,0.0415981,0.126005,28.1792,16.3683,33.2264
0.0467805,0.0278153,0.16407,27.5372,18.2027,33.2275
0.0462252,0.0927733,0.149894,28.3512,17.3633,33.2276
0.0463655,0.03888,0.141259,28.5401,17.1028,33.2284
0.0464676,0.0227957,0.151198,28.339,17.9783,33.2286
0.0453763,0.107886,0.153306,30.3035,17.1817,33.2292
0.0458408,0.0842862,0.149269,29.3671,17.0918,33.2295
0.0456226,0.0357454,0.139691,30.9689,17.9467,33.2297
0.0459016,0.0192073,0.159197,29.911,17.7624,33.23
0.0476024,0.00463841,0.133402,25.3182,16.5266,33.2301
0.0466003,0.0785349,0.138927,27.2471,16.9524,33.2306
0.0467738,0.00555791,0.165473,27.226,18.5829,33.2308
0.0459468,0.0257259,0.145154,29.233,17.24,33.2309
0.0462288,0.0414781,0.143611,28.2952,16.6996,33.231
0.0456319,0.0342431,0.144839,30.4837,17.7625,33.2315
0.0463404,0.023558,0.165682,28.22,18.9826,33.2318
0.0456158,0.0330615,0.147078,30.9605,17.6025,33.2329
0.046539,0.0970603,0.148891,27.9918,16.9281,33.233
0.0454635,0.107444,0.163077,30.7268,17.6274,33.2338
0.0475927,0.00972759,0.152557,25.6074,17.0404,33.2339
0.04563,0.0387118,0.135287,30.1906,17.7652,33.234
0.046746,0.0192969,0.146032,27.9862,17.5805,33.2341
0.0453285,0.13331,0.15993,30.7102,17.3093,33.2341
0.0459929,0.0487347,0.13754,29.6059,17.1982,33.2344
0.0467954,0.00620546,0.151269,27.1188,16.1368,33.2354
0.047847,0.0307803,0.164933,24.6711,16.2431,33.2357
0.0472448,0.00939358,0.127614,26.0489,16.1818,33.2363
0.0455927,0.0646007,0.138553,30.0135,17.3073,33.2366
0.0455769,0.068131,0.138492,30.8601,17.8817,33.237
0.0464798,0.0196793,0.150553,28.0257,18.0229,33.2373
0.0460228,0.0216673,0.160572,29.5713,17.5949,33.2375
0.0463766,0.0115269,0.139064,28.0514,16.6276,33.2385
0.0462603,0.0497838,0.158417,28.7085,16.6247,33.2387
0.0460315,0.0104903,0.136913,29.5286,17.6356,33.2389
0.046648,0.0796399,0.164668,27.0192,17.4786,33.239
0.0460839,0.0324596,0.149732,29.4696,18.1996,33.2398
0.0454192,0.134801,0.153892,30.5098,17.8708,33.24
0.0473976,0.0388102,0.154909,25.1869,16.8551,33.2404
0.0466443,0.0808986,0.164475,27.8143,17.9189,33.2404
0.0462261,0.0535378,0.152381,28.4023,16.2522,33.2409
0.0464289,0.0448252,0.134752,28.6676,17.7346,33.241
0.0454486,0.117959,0.147677,30.7633,17.7651,33.242
0.0455148,0.0990796,0.160077,30.1658,18.7146,33.2422
0.0460879,0.0969521,0.162843,28.3719,16.2134,33.2449
0.0465383,0.00632987,0.138077,28.1985,17.4235,33.2454
0.0461785,0.00609075,0.149686,29.2134,18.8493,33.2464
0.0462727,0.0728352,0.136325,28.8106,16.6436,33.2485
0.0475718,0.00208522,0.163995,25.9546,16.0008,33.2486
0.0463147,0.0104389,0.152263,28.7813,17.5565,33.2486
0.0454858,0.0888184,0.16495,30.5072,17.0362,33.2491
0.0464933,0.024155,0.16179,28.692,18.0696,33.2498
0.0461741,0.00159651,0.156185,29.1212,18.4641,33.2502
0.0460967,0.0359812,0.149649,29.3582,18.9093,33.2506
0.046342,0.0690672,0.148522,28.135,17.4719,33.2514
0.0463537,0.0136323,0.144327,28.2093,16.063,33.2515
0.045978,0.0400305,0.155072,29.7683,18.7533,33.2515
0.0475265,0.00627516,0.134302,25.7955,15.6151,33.2515
0.0456022,0.0501172,0.157711,30.5408,18.4638,33.2517
0.0474414,0.0435012,0.147529,25.9043,16.1864,33.2534
0.0472242,0.0220153,0.155852,26.0582,17.5276,33.2536
0.0474345,0.0122884,0.157378,25.3855,15.501,33.254
0.0466014,0.074924,0.157856,27.7487,17.0997,33.254
0.0469165,0.00553236,0.131074,27.4031,17.7339,33.254
0.0464931,0.00244781,0.125945,28.7621,16.8159,33.2541
0.0463623,0.0650413,0.159491,28.1203,18.0178,33.2544
0.0460254,0.128032,0.165306,28.6355,16.2324,33.2548
0.046093,0.108949,0.161715,28.0508,16.8678,33.2552
0.045159,0.102568,0.164885,31.7818,18.9552,33.2554
0.0451238,0.114603,0.165839,31.5344,18.0453,33.2556
0.045397,0.0795099,0.163707,30.5018,17.1775,33.2558
0.0454951,0.0747549,0.165682,30.6616,18.8608,33.2577
0.0465831,0.0978814,0.157894,27.8886,17.7884,33.2579
0.046447,0.0102158,0.132855,28.7809,17.2697,33.2584
0.0459069,0.0775554,0.164939,29.2157,17.3921,33.2584
0.0461491,0.00188766,0.126849,29.0388,17.8371,33.2585
0.0469903,0.00255958,0.161729,26.7107,16.4872,33.26
0.0468268,0.0076622,0.1416,27.7229,16.9001,33.2601
0.0461824,0.108504,0.154305,28.1877,17.3661,33.2607
0.0462143,0.105652,0.157043,28.0915,17.1471,33.2612
0.046262,0.0780843,0.147868,28.3184,17.9908,33.2617
0.0461932,0.0173567,0.162413,28.2356,16.3249,33.2618
0.04641,0.0139308,0.133746,28.3485,16.6646,33.262
0.0472417,0.00896354,0.140531,26.1443,17.7674,33.2622
0.0466663,0.0160373,0.139436,27.6896,16.5644,33.2625
0.0475379,0.0276239,0.141342,25.0046,16.1688,33.2631
0.0454234,0.0928205,0.148595,30.3953,17.4224,33.2641
0.0469491,0.0403897,0.160716,26.7222,16.2,33.2643
0.0454869,0.0936277,0.159634,30.9945,18.4883,33.265
0.0466285,0.0549833,0.157812,27.5146,17.3703,33.2652
0.0462495,0.0398347,0.147193,28.8133,16.3329,33.2658
0.0455169,0.0820796,0.16003,30.0905,17.1962,33.2662
0.0463285,0.0365941,0.142171,28.997,17.0171,33.2665
0.0463329,0.0316686,0.13841,28.0941,16.786,33.2666
0.045858,0.0377634,0.158384,29.7013,17.9431,33.2668
0.0462471,0.0359334,0.160512,28.6145,16.2085,33.2671
0.0468186,0.0300398,0.127727,27.6439,16.4274,33.2675
0.0461951,0.0518427,0.150501,28.2456,16.2796,33.2678
0.0466998,0.0447865,0.151992,27.571,16.4764,33.2681
0.0459827,0.0735488,0.165586,29.6912,18.819,33.2681
0.0471909,0.0206433,0.141807,26.5967,16.5766,33.2681
0.0464597,0.0361752,0.149973,28.3483,18.7972,33.2682
0.0455366,0.0784466,0.157001,30.195,17.0312,33.2689
0.0450269,0.108256,0.155982,31.3826,17.0199,33.2689
0.0463988,0.122019,0.163644,27.4205,16.8346,33.2703
0.0461267,0.0244001,0.156873,29.439,18.4107,33.2711
0.046445,0.00792905,0.126102,28.8648,16.7061,33.2713
0.0461845,0.0697445,0.153507,28.0452,16.708,33.2715
0.0466791,0.0450735,0.15191,27.9813,17.9326,33.2721
0.0466151,0.0695814,0.156729,27.2793,17.2439,33.2726
0.0451681,0.0988056,0.163316,31.6034,18.7729,33.2735
0.0461934,0.0838766,0.142566,28.613,16.7765,33.2736
0.0455264,0.0829977,0.141014,30.3694,17.032,33.2745
0.045442,0.129897,0.164874,30.4221,18.686,33.2746
0.0466382,0.0643167,0.153516,27.4549,16.8793,33.2748
0.0454467,0.0810511,0.148332,30.8548,17.3149,33.2756
0.0473812,0.0282114,0.150521,25.501,15.8036,33.2771
0.045662,0.0333854,0.142564,30.6391,17.1228,33.2776
0.0450429,0.101964,0.160364,31.2043,17.2762,33.2779
0.0465346,0.0981716,0.150393,27.4496,16.2407,33.2781
0.045878,0.0967663,0.143456,29.71,17.593,33.2782
0.0460917,0.114471,0.154218,28.831,16.924,33.279
0.0469776,0.0727841,0.165591,26.1893,17.175,33.2794
0.0461759,0.0680991,0.155964,28.7784,16.7677,33.2802
0.0462215,0.050417,0.155065,28.4449,17.5351,33.2804
0.0461397,0.104689,0.144303,28.7289,16.5444,33.2805
0.0462067,0.0513006,0.153392,28.293,16.5338,33.2806
0.0464576,0.0398909,0.153578,28.6762,18.2888,33.2807
0.0471203,0.050603,0.159125,26.8407,17.7253,33.281
0.0461794,0.0563895,0.155954,28.762,16.1655,33.2814
0.0462205,0.0869494,0.138494,28.1322,16.8866,33.2828
0.0462991,0.0344957,0.135733,28.0017,16.1437,33.2829
0.0468215,0.0350017,0.14804,27.7054,17.3722,33.2831
0.0465236,0.0179183,0.153205,28.9554,18.3697,33.2831
0.0462262,0.0827397,0.1422,28.682,16.2302,33.2835
0.0474818,0.0324531,0.159355,25.1574,16.6277,33.2835
0.0460753,0.106404,0.158485,28.2893,16.3117,33.2842
0.0462029,0.0489405,0.146451,28.1884,16.5651,33.2866
0.0466274,0.0770141,0.137707,27.2541,16.7027,33.2867
0.047442,0.047036,0.146861,25.5272,16.7205,33.2875
0.0454571,0.106159,0.147038,30.3474,17.6396,33.2876
0.0455727,0.0629899,0.13627,30.8185,17.6336,33.288
0.0456958,0.0233077,0.162197,30.5733,18.9299,33.2882
0.0449334,0.176631,0.161828,31.8886,17.1131,33.2882
0.0460882,0.0335823,0.139946,29.6995,17.235,33.2883
0.0460002,0.0615381,0.145216,29.1089,17.5731,33.2888
0.0467388,0.0113939,0.132345,27.9542,16.5236,33.2899
0.0452268,0.0794841,0.159687,31.4591,18.1746,33.2901
0.0459924,0.0560587,0.153805,29.7447,17.0781,33.2908
0.0464602,0.0317387,0.150483,28.5616,18.8209,33.2919
0.0456721,0.0565419,0.157063,30.3185,18.3029,33.292
0.047209,0.0237376,0.143466,26.6509,17.4507,33.2928
0.0449165,0.153227,0.163488,31.9582,17.1492,33.2929
0.0467722,0.0122125,0.129353,27.3881,16.4325,33.2931
0.0465405,0.0267089,0.163498,27.3547,16.2818,33.2938
0.0460507,0.124211,0.155101,28.4704,16.7913,33.2945
0.0465397,0.00562563,0.114015,28.0379,16.4652,33.2945
0.0459498,0.0189412,0.147031,29.281,17.8001,33.2946
0.0465421,0.0935767,0.154303,27.7951,16.8669,33.2948
0.0456729,0.0374194,0.135275,30.6753,17.7285,33.295
0.0455464,0.0437372,0.147188,30.8499,17.9411,33.2956
0.0450163,0.12821,0.155729,31.644,17.5399,33.2968
0.047017,0.0131374,0.152824,26.5779,16.0914,33.2971
0.0451758,0.0870033,0.161563,31.4084,18.5461,33.2976
0.0468431,0.00933016,0.137191,27.9733,16.9422,33.2976
0.0461587,0.0878278,0.163108,28.3711,16.9576,33.2977
0.0455656,0.0906754,0.156054,30.1899,18.9492,33.301
0.0467954,0.0390537,0.139855,27.5039,17.2479,33.3014
0.0462702,0.0552271,0.13996,28.6486,16.202,33.3015
0.0455185,0.0453656,0.164213,30.6646,17.5195,33.303
0.0474305,0.0439672,0.148215,25.5824,16.4917,33.3034
0.0455951,0.0584592,0.149037,30.5541,17.7175,33.3036
0.0458066,0.0512453,0.153077,29.8464,16.6634,33.3043
0.0463915,0.0138207,0.139883,28.1755,16.2861,33.3045
0.0460996,0.0911739,0.160945,28.9795,16.308,33.3046
0.0466255,0.0656204,0.137423,27.5404,16.0344,33.3052
0.0471153,0.044439,0.134084,26.5911,16.2656,33.3056
0.0463658,0.0240049,0.146386,28.1479,16.9162,33.3057
0.0456991,0.021272,0.161007,30.7434,18.0114,33.3062
0.0467077,0.0339142,0.148848,27.9673,17.0069,33.3068
0.0478518,0.0117057,0.144957,24.7064,15.439,33.3072
0.0450328,0.10886,0.165773,31.0932,17.0032,33.3072
0.0460799,0.0197888,0.149561,29.239,17.185,33.3084
0.0472242,0.0125636,0.140018,26.2307,16.691,33.3089
0.0464747,0.00343852,0.121989,28.0707,16.8277,33.3094
0.045854,0.105048,0.16496,29.3574,18.5052,33.3108
0.0461622,0.0843061,0.164966,28.9863,16.6171,33.3115
0.0463482,0.0250616,0.133327,28.1642,16.9091,33.3115
0.0451096,0.120967,0.162419,31.6835,18.5039,33.3121
0.0465459,0.00268495,0.118024,28.9627,16.5287,33.3123
0.0456118,0.0459438,0.14933,30.865,17.771,33.3125
0.0451612,0.0947522,0.159567,31.5699,18.6449,33.3127
0.045963,0.00743541,0.149687,29.5633,17.1843,33.3131
0.0456097,0.030806,0.14748,30.3364,17.2734,33.3131
0.0475209,0.0132715,0.141839,25.4483,16.3508,33.3134
0.0453159,0.168324,0.158089,30.2602,17.6264,33.3136
0.0464577,0.0870778,0.164539,27.2864,16.1523,33.3137
0.0461035,0.0814354,0.164597,28.4955,16.8679,33.3137
0.0450867,0.0964713,0.151244,31.0661,17.6529,33.3143
0.046733,0.0250122,0.157708,27.35,16.5669,33.3154
0.0460155,0.0261878,0.163435,29.9067,17.4922,33.316
0.0463256,0.0422881,0.142611,28.1564,17.1978,33.316
0.0452166,0.0690306,0.162096,31.7581,18.5096,33.3161
0.0453076,0.153457,0.159832,30.146,17.6998,33.3161
0.0461636,0.1009,0.142168,28.0751,16.272,33.3163
0.0454529,0.0659401,0.156145,30.2722,17.9945,33.3166
0.0455435,0.086862,0.154828,30.1329,18.7784,33.3173
0.0477401,0.0247207,0.165118,24.7045,15.348,33.3177
0.0463908,0.0068709,0.142684,28.8568,16.6405,33.3182
0.0471729,0.02958,0.13016,26.5072,16.9655,33.3189
0.0470247,0.0105584,0.151341,26.4288,16.181,33.3193
0.0478233,0.0113813,0.150989,24.7661,15.4486,33.3194
0.045501,0.0994647,0.157704,30.3416,17.2036,33.3195
0.0460544,0.0238914,0.154134,29.8658,17.2454,33.3195
0.0460107,0.0518125,0.151187,29.315,18.5169,33.3211
0.0474639,0.0473866,0.164458,25.5284,17.6322,33.3212
0.0458129,0.0907411,0.150769,29.8197,17.6918,33.3214
0.0453749,0.108716,0.152226,30.8791,17.606,33.3217
0.0450029,0.128179,0.15256,31.6903,17.8055,33.3219
0.0460453,0.127676,0.154993,28.5945,16.1953,33.3238
0.0466213,0.0885793,0.163845,27.1424,17.3624,33.3255
0.0450264,0.107228,0.155502,31.1288,17.5282,33.3258
0.0466863,0.0169064,0.136021,27.4364,16.882,33.3282
0.0466462,0.0224986,0.140974,27.6587,16.0406,33.3288
0.0457051,0.0243255,0.134115,30.4076,17.1454,33.3297
0.0463335,0.0740338,0.145555,28.9364,17.0261,33.3304
0.0461358,0.0172058,0.128274,29.5798,17.1966,33.3313
0.0466991,0.0579085,0.131308,27.5868,16.3365,33.3332
0.0468503,0.0148262,0.133224,27.9874,16.6522,33.3335
0.0455822,0.0762844,0.151272,30.7314,18.0067,33.3337
0.0467519,0.0529007,0.164309,27.4674,18.1868,33.3348
0.0456252,0.0682039,0.136156,30.0828,17.5188,33.3353
0.0463928,0.0177393,0.13608,28.2203,17.918,33.336
0.0459831,0.0261224,0.137119,29.2805,17.4628,33.336
0.0462289,0.0881665,0.149166,28.2021,17.545,33.3361
0.0464568,0.00168512,0.133329,28.1832,16.7862,33.3368
0.0456645,0.0336482,0.155676,30.0435,18.6407,33.3368
0.0455376,0.0457318,0.165583,30.1523,17.0243,33.3371
0.0449943,0.134364,0.150948,31.5783,17.2145,33.3381
0.046542,0.0980592,0.148723,27.7694,16.2341,33.3383
0.0451675,0.107582,0.162459,31.1383,18.4408,33.3392
0.0471504,0.0446539,0.150183,26.694,17.92,33.3392
0.046621,0.0892759,0.162828,27.146,17.1736,33.3399
0.0455215,0.100911,0.149104,30.3356,17.3284,33.3399
0.0457136,0.0371536,0.155043,30.7716,18.3357,33.34
0.0461446,0.124552,0.160079,28.747,17.5117,33.3403
0.0460929,0.0258055,0.130027,29.9069,17.8348,33.3407
0.0457352,0.0654704,0.162404,29.3087,16.7168,33.3409
0.0458728,0.0265314,0.14691,29.7018,16.3517,33.341
0.046632,0.0423983,0.142331,27.9123,16.1628,33.341
0.0464608,0.00331723,0.135182,28.2914,16.9393,33.341
0.0465465,0.0998789,0.160243,27.9798,17.2471,33.342
0.0455039,0.114357,0.141603,30.4262,17.6039,33.3421
0.0459837,0.0782995,0.157411,29.296,18.1201,33.3434
0.0462968,0.0405906,0.136278,28.5815,16.5608,33.3434
0.0455177,0.0709817,0.163974,30.2482,17.446,33.3439
0.0462806,0.0526019,0.136188,28.8004,16.8687,33.3443
0.045093,0.0970738,0.14647,31.2296,17.292,33.3449
0.0474749,0.0413031,0.146806,25.0544,16.29,33.345
0.0456526,0.035828,0.131849,30.2382,17.5267,33.3452
0.0457078,0.0271523,0.136491,30.4979,17.8305,33.3464
0.0449655,0.14103,0.153452,31.1941,17.0996,33.3472
0.0467269,0.0241981,0.132394,27.6831,16.6364,33.3483
0.0471187,0.00584268,0.155414,26.4968,17.0992,33.3484
0.0464425,0.0404276,0.131392,28.143,17.0017,33.3485
0.0457023,0.0225744,0.154934,30.51,18.8242,33.3486
0.0451636,0.101257,0.155296,31.6582,18.5495,33.3487
