beta,permeability,xi,init_days,delay,value
0.0519614,0.000329882,0.158634,12.9628,16.7825,42.4235
0.0518991,0.0115101,0.164397,12.7655,16.8951,42.4377
0.0519452,0.00766474,0.162983,12.4768,16.5557,42.5444
0.0519208,0.0180046,0.157677,12.071,16.9239,42.5862
0.0518615,0.0365686,0.160588,12.18,16.8623,42.6352
0.0527018,0.0057216,0.161156,11.4181,16.8292,42.6658
0.0513186,0.00172813,0.152524,13.4154,16.4329,42.7042
0.051846,0.0212142,0.162201,12.1483,16.1055,42.7446
0.0518103,0.0265156,0.165896,12.1507,16.5699,42.7447
0.0518581,0.0267207,0.159747,12.5621,16.7746,42.7496
0.0512665,0.011566,0.157767,13.0251,16.7754,42.7534
0.0512139,0.0155439,0.163155,13.756,16.2598,42.754
0.0519223,0.020425,0.153216,12.1223,16.7797,42.7672
0.0512356,0.0274878,0.152151,13.2775,16.7959,42.8242
0.051255,0.0249335,0.151514,13.7587,16.6121,42.8375
0.0517897,0.0349919,0.165805,12.2893,16.1623,42.8495
0.0513074,0.0145562,0.150753,13.0899,16.9902,42.8496
0.0525912,0.00572182,0.153144,11.5235,15.1944,42.8503
0.0526314,0.00154776,0.152628,11.1694,15.8255,42.8591
0.0526064,0.0133847,0.15802,11.6247,16.9244,42.8652
0.0533164,0.00195476,0.16571,10.1538,15.3602,42.8738
0.0511884,0.043444,0.157794,13.0523,16.4417,42.8744
0.0526326,0.0105575,0.147702,11.2662,15.5351,42.9002
0.052621,0.00150172,0.155934,11.1411,15.046,42.9113
0.0511342,0.0248843,0.164832,13.0618,16.0489,42.9145
0.0533618,0.00913437,0.165701,10.3435,16.5547,42.9156
0.0512693,0.0222804,0.146813,13.7983,16.5506,42.9163
0.0506791,0.000245441,0.164969,14.1131,17.2354,42.9218
0.0512279,0.000544976,0.166133,13.4299,16.3426,42.9239
0.0526081,0.00975321,0.153797,11.0396,15.4813,42.9243
0.0517548,0.0540941,0.165815,12.5549,16.8192,42.9272
0.0532467,0.0156523,0.166174,10.1434,15.7978,42.9275
0.0511899,0.047294,0.157512,13.5161,16.4975,42.9295
0.0525807,0.0118482,0.149646,11.1005,15.9833,42.9309
0.0511858,0.0138607,0.157909,13.7596,16.7669,42.9336
0.0526947,0.0130684,0.162634,11.476,16.6726,42.9347
0.0511654,0.054586,0.158963,13.6284,16.3554,42.9489
0.0525812,0.0177577,0.151217,11.1632,15.6602,42.9527
0.0512027,0.037397,0.151376,13.4144,16.9941,42.9556
0.0511565,0.0531023,0.154999,13.8291,16.492,42.9646
0.05204,0.0124551,0.149833,12.9724,16.4258,42.9649
0.0526913,0.0152482,0.161486,11.3551,16.9976,42.9651
0.0526121,0.0279422,0.16262,11.1956,16.8625,42.9667
0.0532285,0.00796362,0.162245,10.8428,15.2297,42.9836
0.0532866,0.00534837,0.155203,10.1317,15.4408,42.99
0.0511506,0.0560869,0.154698,13.2537,16.8324,42.9918
0.0532476,0.01963,0.164529,10.987,15.8381,42.9952
0.0520887,0.00400186,0.144935,12.1888,16.8483,42.998
0.0526193,0.00675808,0.15647,11.7776,16.2728,43.0027
0.0512736,0.0230768,0.157131,13.4384,16.9223,43.0061
0.0534044,0.0027331,0.149195,10.5982,15.7426,43.0064
0.051306,0.00576308,0.161151,13.8947,16.0969,43.0064
0.0512981,0.0103782,0.159591,13.3086,16.7786,43.0086
0.050618,0.0168065,0.15053,14.904,16.5388,43.0128
0.0512161,0.0104626,0.153256,13.0149,16.6721,43.025
0.0506882,0.00635864,0.164694,14.7938,17.7853,43.0318
0.050644,0.0079708,0.14663,14.9778,16.1072,43.0356
0.0532583,0.02034,0.163107,10.8341,15.2728,43.0373
0.0526411,0.0173391,0.155377,11.9307,16.9749,43.0392
0.0512421,0.0228966,0.16482,13.0453,16.1675,43.0449
0.0513052,0.00347008,0.164559,13.6004,17.5187,43.0454
0.0519647,0.0281597,0.154419,12.9614,16.053,43.0459
0.0505534,0.0307489,0.158558,14.3291,16.7017,43.0577
0.0525245,0.0184426,0.164147,11.5362,16.1502,43.074
0.0505479,0.0409548,0.152763,14.576,16.9909,43.0751
0.0532704,0.0199348,0.158833,10.8745,15.6771,43.0764
0.0533596,0.0104888,0.150931,10.9203,15.8708,43.0798
0.0525584,0.00754087,0.151793,11.4248,15.0135,43.0799
0.0506861,0.0155043,0.138522,14.4316,16.09,43.0848
0.0511209,0.0585014,0.155624,13.8059,16.307,43.0853
0.0511492,0.0343701,0.15608,13.2037,16.2438,43.0854
0.0505523,0.0269,0.152301,14.033,16.4491,43.0856
0.0532986,0.00517354,0.152217,10.5807,15.1004,43.0888
0.0506473,0.0034509,0.14514,14.6071,16.416,43.0913
0.0540405,0.0158854,0.164312,9.34766,15.4351,43.0916
0.0524958,0.0295238,0.15755,11.3182,15.4964,43.0964
0.0512176,0.047502,0.156843,13.7085,16.8007,43.0966
0.0525413,0.018559,0.150242,11.5096,15.8169,43.1001
0.0526684,0.0204841,0.157128,11.3237,16.9076,43.1029
0.0520125,0.00548718,0.143085,12.238,16.3785,43.111
0.0505356,0.0301187,0.157451,14.7406,16.5459,43.1132
0.052604,0.0346229,0.164242,11.0528,16.9814,43.1175
0.0524545,0.0349122,0.164918,11.6143,15.0957,43.1231
0.0526061,0.00806762,0.161395,11.815,15.4778,43.1307
0.0532322,0.0195411,0.159085,10.1876,15.8137,43.1357
0.0504591,0.0471664,0.161139,14.5663,16.3291,43.1369
0.0513272,0.00585431,0.160404,13.6438,16.0506,43.1456
0.0517571,0.0520125,0.162032,12.2299,16.6404,43.1526
0.0505204,0.0535552,0.153244,14.0026,16.2559,43.1531
0.0512563,0.0427437,0.147584,13.8041,16.3986,43.1562
0.0519086,0.0149991,0.142999,12.8958,15.5545,43.1599
0.0503924,0.0750143,0.161861,14.6665,16.7427,43.1605
0.0540915,0.00943051,0.165804,9.41475,15.7997,43.1605
0.0525884,0.037691,0.162719,11.0311,16.01,43.1616
0.0506751,0.0143207,0.165689,14.3708,17.0919,43.1616
0.0499839,0.0331935,0.16237,15.3124,17.6043,43.1638
0.0526019,0.0143846,0.143082,11.511,15.3558,43.164
0.0518081,0.0469235,0.156875,12.1706,16.3694,43.1686
0.0499914,0.0295336,0.164232,15.0813,17.637,43.1779
0.0504159,0.0591414,0.160196,14.9296,16.8781,43.1797
0.0505601,0.0295669,0.164137,14.0046,17.4419,43.1808
0.0505095,0.0330802,0.153488,14.2958,16.155,43.1809
0.0503849,0.0888597,0.161941,14.5561,16.4674,43.1826
0.0503629,0.0966068,0.161852,14.5823,16.3224,43.1833
0.051934,0.00183622,0.146003,12.3558,15.9737,43.185
0.0531795,0.00978479,0.164008,10.2681,15.2705,43.1904
0.0506539,0.00582576,0.14037,14.637,16.9742,43.1919
0.0512373,0.033745,0.162534,13.3331,16.9492,43.1957
0.0505033,0.0628367,0.151301,14.76,16.5797,43.1964
0.0504401,0.0702955,0.155039,14.1619,16.5923,43.1972
0.0505551,0.0199165,0.15451,14.2192,16.6641,43.1985
0.0503916,0.0912225,0.16074,14.9948,16.751,43.1986
0.0517767,0.0619366,0.161895,12.7163,16.0388,43.1995
0.0532599,0.0232423,0.1566,10.4961,15.1146,43.2005
0.0540545,0.0110205,0.159279,9.71451,15.8575,43.2007
0.0519976,0.00565396,0.143341,12.577,16.5431,43.2026
0.0506119,0.00884272,0.145923,14.9355,16.8902,43.2041
0.0524631,0.0202571,0.163264,11.1199,15.5901,43.2133
0.0525749,0.00708349,0.146307,11.4946,15.6821,43.2147
0.0517848,0.0651702,0.164262,12.6918,16.0621,43.215
0.0533419,0.0194496,0.152443,10.0671,15.1992,43.2205
0.0505393,0.0498985,0.146086,14.1177,16.7981,43.221
0.0534874,0.000561632,0.161031,10.6725,16.1552,43.2222
0.0499245,0.0482757,0.162192,15.062,17.4833,43.2292
0.0504943,0.032968,0.163409,14.8209,16.5723,43.23
0.0498848,0.0501754,0.164829,15.2423,17.3544,43.2303
0.054056,0.000968887,0.155126,9.19764,15.4986,43.232
0.0524822,0.0435298,0.166187,11.9301,16.1327,43.237
0.0518528,0.000888251,0.16068,12.6412,16.7431,43.2385
0.0504946,0.0685766,0.151447,14.5523,16.4015,43.2417
0.0518883,0.0263163,0.148033,12.1077,15.9226,43.2452
0.0510797,0.0790347,0.164977,13.9303,16.164,43.2453
0.0500487,0.0174845,0.1605,15.5866,17.1614,43.2454
0.0500698,0.0130777,0.152767,15.4648,17.7482,43.2455
0.0520827,0.00589878,0.129383,12.8997,15.3673,43.2467
0.0540733,0.00500705,0.154682,9.60674,15.4724,43.2488
0.0505071,0.0558027,0.158353,14.8649,16.7446,43.2498
0.0510119,0.0771736,0.164254,13.4579,16.413,43.2502
0.0524391,0.0399127,0.162096,11.6811,15.9542,43.2536
0.0514258,0.00651666,0.133824,13.6136,16.9441,43.2552
0.0526176,0.0242786,0.155303,11.1589,16.2831,43.2571
0.0533506,0.0195684,0.15136,10.1113,15.6404,43.259
0.051347,0.00871915,0.161824,13.246,17.7672,43.2649
0.0518091,0.0415003,0.147746,12.2655,15.7142,43.2698
0.0541861,0.00446369,0.154086,9.69641,15.7927,43.2711
0.0501073,0.00987821,0.129646,15.8965,16.3796,43.2737
0.0539754,0.0151182,0.162878,9.20243,15.5689,43.2746
0.0500337,0.0226496,0.141443,15.4566,16.218,43.2838
0.0505271,0.0370613,0.16503,14.6132,17.9678,43.2875
0.0534264,0.0145055,0.164495,10.3371,16.9316,43.2876
0.0506406,0.0149206,0.155606,14.1646,17.4577,43.2881
0.0518487,0.0225689,0.154464,12.5047,16.8285,43.2895
0.0504971,0.0297974,0.164768,14.441,16.6705,43.2916
0.0533076,0.0202395,0.160348,10.6646,15.1467,43.2925
0.0531597,0.0183424,0.162476,10.2378,15.7299,43.2946
0.0506765,0.00254468,0.154283,14.8518,17.5337,43.2964
0.052604,0.0253723,0.149266,11.283,15.4184,43.2977
0.0520125,0.0121376,0.164235,12.5857,16.8427,43.2982
0.0520239,0.00042846,0.141106,12.1534,15.5973,43.2987
0.0533096,0.0206882,0.151433,10.9739,15.3234,43.2993
0.0512658,0.0453382,0.146073,13.5486,16.7549,43.3021
0.0511942,0.0229608,0.149866,13.9515,16.0111,43.3063
0.0518636,0.0412896,0.151314,12.6024,16.6963,43.308
0.0524552,0.0386671,0.157836,11.6888,15.9124,43.3105
0.0499343,0.044571,0.141328,15.9062,16.4485,43.3128
0.0539756,0.0202753,0.163208,9.60589,15.946,43.3139
0.0517672,0.043505,0.154069,12.0142,15.8474,43.3198
0.0519812,0.00893447,0.165964,12.6335,17.88,43.3207
0.0505422,0.0270493,0.16584,14.1113,16.4346,43.3209
0.0505032,0.0281541,0.155137,14.8635,16.1657,43.3263
0.051882,0.0249808,0.140793,12.4898,15.0412,43.3266
0.0506816,0.0122286,0.154119,14.0071,17.8357,43.3278
0.0511388,0.0221748,0.158251,13.6421,16.3447,43.3295
0.0505826,0.034779,0.141272,14.7124,16.4879,43.3295
0.0506496,0.0371439,0.142776,14.8097,16.2851,43.3315
0.0513856,0.0216636,0.139406,13.834,16.9793,43.332
0.0518067,0.0144587,0.161115,12.2838,16.9516,43.3335
0.0525772,0.000561227,0.158283,11.3558,16.8859,43.3369
0.0499407,0.0284103,0.163858,15.6014,17.7712,43.3381
0.0534047,0.0139907,0.144095,10.4234,15.1366,43.3397
0.0541426,0.0123175,0.158139,9.55389,15.265,43.3421
0.0505957,0.0291655,0.158781,14.1571,16.3019,43.3469
0.0534458,0.0137068,0.164708,10.1929,16.2237,43.3477
0.0531904,0.0225505,0.159307,10.6845,15.5031,43.3482
0.0532232,0.0189169,0.15559,10.0337,15.7528,43.3488
0.0520398,0.00297527,0.127269,12.2272,15.7309,43.3488
0.0513725,0.00163893,0.129861,13.0782,15.4085,43.349
0.0519324,0.0243794,0.145632,12.7383,16.5393,43.351
0.0541573,0.00898208,0.158317,9.07129,15.5227,43.3528
0.0534351,0.0108477,0.144061,10.8308,15.5011,43.3531
0.0519207,0.027732,0.146263,12.1526,16.3858,43.3534
0.0539371,0.00310787,0.163836,9.24281,15.8822,43.3546
0.0505893,0.0469487,0.140259,14.3405,16.0543,43.3566
0.0492802,0.0661206,0.161011,16.8004,17.8153,43.3574
0.0514386,0.00972041,0.133809,13.5729,16.6344,43.3577
0.0506447,0.0284878,0.136001,14.004,16.685,43.3595
0.0514328,0.00419852,0.131155,13.9831,16.7102,43.3605
0.0503691,0.0685113,0.162535,14.7523,16.2338,43.3609
0.0513036,0.0297347,0.154088,13.06,16.3356,43.3655
0.050411,0.0556301,0.158858,14.5785,16.5391,43.3665
0.0517775,0.0343758,0.160312,12.3971,15.0064,43.3668
0.0500676,0.0038086,0.158388,15.4365,17.5327,43.367
0.0519661,0.0049544,0.133943,12.4007,15.596,43.37
0.0527767,0.00234341,0.137325,11.7134,15.4626,43.3706
0.0519987,0.0268275,0.155805,12.3135,16.5465,43.3717
0.050654,0.0128058,0.157725,14.3364,16.7762,43.3728
0.0506409,0.00668324,0.16096,14.3404,16.3386,43.3729
0.051407,0.0167303,0.14128,13.2298,16.5011,43.3732
0.0520047,0.00704962,0.164134,12.9898,17.3023,43.3744
0.0532387,0.00610246,0.151384,10.0859,15.5073,43.3765
0.0518886,0.00258273,0.147357,12.4502,15.9048,43.3769
0.0512027,0.0432188,0.145057,13.5395,16.897,43.3772
0.0519116,0.0314615,0.143248,12.881,15.7885,43.3786
0.0525621,0.00664768,0.145884,11.4266,15.2313,43.3816
0.0518054,0.0460616,0.147012,12.3528,15.0566,43.3822
0.0527531,0.00879921,0.13503,11.7397,15.7409,43.3823
0.0518129,0.0485725,0.148086,12.1659,15.6165,43.3861
0.0548823,0.0145835,0.166061,8.99974,15.2838,43.3864
0.0541647,0.00341175,0.161398,9.49674,15.4119,43.3872
0.0501362,0.00252391,0.150102,15.8603,17.1347,43.3919
0.0498815,0.0503852,0.150685,15.9857,16.3604,43.3921
0.0513705,0.00968447,0.125112,13.8713,15.1878,43.3931
0.0542049,0.00163502,0.163495,9.23279,16.6804,43.3938
0.0511057,0.0659213,0.151925,13.2965,16.509,43.3951
0.0507704,0.00044181,0.141787,14.1343,16.8073,43.3953
0.0500947,0.00851368,0.159706,15.9713,17.6535,43.3957
0.0505592,0.0357254,0.163302,14.6897,16.4321,43.3957
0.0503874,0.0542405,0.166129,14.0659,16.3512,43.396
0.0512591,0.0490199,0.145049,13.1161,16.1326,43.3979
0.0526628,0.0199468,0.138341,11.3812,15.5796,43.3983
0.0541349,0.0168781,0.154083,9.36524,15.1308,43.3983
0.0519442,0.0265755,0.133142,12.4466,15.3349,43.4024
0.0527685,0.00934171,0.157493,11.4545,16.2247,43.4026
0.0532785,0.00664882,0.16387,10.274,16.8345,43.4028
0.0499927,0.0363032,0.15447,15.3278,17.2674,43.4065
0.0513691,0.0168907,0.124643,13.7579,15.3364,43.408
0.0526,0.0442421,0.162117,11.6994,16.608,43.4081
0.0532346,0.035289,0.165724,10.054,15.1781,43.4099
0.0512601,0.00236719,0.163131,13.9578,17.4618,43.4116
0.0533518,0.0162388,0.145421,10.6887,15.8388,43.4129
0.0533756,0.0116951,0.156908,10.1814,15.9253,43.4151
0.0534155,0.01511,0.142061,10.0314,15.1412,43.4153
0.0519271,0.0446393,0.157167,12.1736,16.1319,43.4164
0.0548487,0.0138588,0.161632,8.42897,15.6536,43.4176
0.0512675,0.0331812,0.139972,13.5044,16.8674,43.4177
0.0493963,0.0393177,0.150942,16.7043,17.8102,43.4186
0.0507519,0.000193552,0.162883,14.6713,17.135,43.4187
0.050569,0.0497873,0.165312,14.4921,17.9956,43.4189
0.0518824,0.000673611,0.155947,12.3835,15.1537,43.4203
0.0504254,0.0646159,0.154239,14.1164,16.6792,43.4224
0.0506025,0.0462539,0.149302,14.278,16.0533,43.4234
0.0506483,0.0124861,0.136699,14.496,16.684,43.4247
0.0498028,0.0685524,0.152422,15.2909,16.4046,43.4247
0.0533514,0.0156619,0.145113,10.6368,15.6295,43.4253
0.0497856,0.0838173,0.154759,15.963,16.0031,43.4277
0.0500974,0.0198902,0.128307,15.3858,16.8464,43.4279
0.0524296,0.0239255,0.162613,11.4094,15.9298,43.428
0.0498396,0.0698995,0.146767,15.0094,16.5733,43.4292
0.0499673,0.0325249,0.138678,15.1246,16.3686,43.4302
0.0521089,0.00373939,0.15067,12.4193,16.1437,43.4303
0.0511303,0.0742595,0.156853,13.2127,16.2844,43.4305
0.0505226,0.0588884,0.158724,14.9281,16.1965,43.4319
0.0506675,0.0209808,0.13359,14.063,16.4572,43.4351
0.0505151,0.0593246,0.160374,14.7702,16.0163,43.4401
0.0519286,0.00414666,0.15536,12.2585,15.2361,43.4401
0.0505923,0.00996753,0.163286,14.6802,17.344,43.4402
0.0525012,0.0219324,0.161786,11.3126,16.2482,43.4421
0.0525829,0.00476795,0.142522,11.142,15.1471,43.4443
0.0539829,0.0244138,0.160243,9.07844,15.4102,43.4447
0.0526689,0.0237015,0.142159,11.8603,15.3549,43.4505
0.0513446,0.0106878,0.157702,13.516,17.5481,43.4518
0.0514553,0.00207687,0.118528,13.2871,15.243,43.4543
0.0506525,0.000203168,0.159384,14.7051,16.4536,43.4556
0.0532762,0.0400158,0.155877,10.9249,15.7531,43.4559
0.051725,0.0730862,0.162947,12.9016,16.9283,43.4564
0.053334,0.025064,0.147744,10.5017,15.4227,43.4584
0.0499059,0.0457853,0.142718,15.0652,16.7966,43.4618
0.0512883,0.0252356,0.138472,13.3346,16.5741,43.4621
0.0506255,0.0197783,0.161293,14.9529,16.1665,43.4643
0.0498051,0.0676945,0.150952,15.0472,16.27,43.4646
0.0505383,0.0529008,0.142664,14.5943,16.3852,43.4655
0.0513788,0.0219658,0.124337,13.2726,15.6709,43.4661
0.0534478,0.000784101,0.152954,10.9294,16.9066,43.4664
0.0500171,0.0105262,0.158319,15.21,17.4101,43.4687
0.0512652,0.03732,0.16614,13.6763,17.7552,43.4692
0.0539128,0.0282361,0.165173,9.36203,15.7323,43.4698
0.0512337,0.0220119,0.137811,13.7002,15.908,43.4698
0.0548107,0.0203727,0.164296,8.3274,15.7119,43.4713
0.0519512,0.00977937,0.165557,12.215,17.5725,43.4722
0.0497425,0.100653,0.156982,15.6457,16.3781,43.4725
0.0512598,0.0335477,0.163032,13.1281,17.4806,43.4727
0.0517939,0.0285796,0.151486,12.31,15.0944,43.4747
0.0532557,0.0423418,0.159658,10.7452,15.5747,43.4771
0.0539067,0.0173284,0.166058,9.37075,15.7122,43.4786
0.0517502,0.0783071,0.16402,12.755,16.456,43.4791
0.0492468,0.0786236,0.160349,16.7466,17.5343,43.4823
0.0525231,0.00642967,0.150985,11.2352,15.2405,43.4832
0.052014,0.013455,0.139658,12.5758,15.545,43.4838
0.0506517,0.0317916,0.133692,14.1544,16.3809,43.4865
0.0506715,0.00749684,0.150006,14.7776,17.0846,43.4865
0.0524968,0.0131209,0.152771,11.7769,15.2311,43.4867
0.0517978,0.0226487,0.154365,12.2057,15.0787,43.488
0.0492016,0.0905364,0.165462,16.5978,17.5817,43.4889
0.0525469,0.0337565,0.157396,11.4638,16.9642,43.4889
0.0525858,0.0337008,0.143542,11.4413,15.1287,43.4918
0.0511884,0.0640252,0.147836,13.5303,16.6876,43.4921
0.0518031,0.0170372,0.156235,12.3495,15.6276,43.493
0.0503874,0.0617905,0.159094,14.0721,16.0988,43.494
0.0507237,0.0120017,0.151824,14.9659,17.7257,43.4942
0.0507479,0.00335301,0.161908,14.1371,17.7315,43.4947
0.0533766,0.0254532,0.144252,10.9573,15.5288,43.4975
0.050632,0.0353413,0.150739,14.1244,16.7259,43.4981
0.0534567,0.0142085,0.160579,10.5821,16.6113,43.4989
0.0512509,0.0148093,0.138874,13.9476,15.1389,43.4991
0.0549495,0.0079405,0.157083,8.75,15.4385,43.4993
0.0518698,0.0449313,0.140734,12.3609,15.2017,43.4997
0.0511154,0.0160533,0.164443,13.8861,16.1133,43.4999
0.0517202,0.0509149,0.154683,12.1484,15.2148,43.4999
0.0501051,0.0212123,0.127384,15.3086,16.0194,43.5001
0.0499841,0.0471608,0.13447,15.7718,16.2709,43.5014
0.0523742,0.0483269,0.164398,11.5313,15.1394,43.5016
0.0491866,0.0915993,0.165358,16.6248,17.5218,43.5023
0.0513811,0.0244105,0.123974,13.5621,15.8233,43.5041
0.0548277,0.0139637,0.160401,8.66702,15.137,43.5055
0.0533045,0.0319919,0.164956,10.633,16.7055,43.5066
0.0533311,0.0329859,0.148227,10.7468,15.0142,43.5072
0.05128,0.0452347,0.151552,13.3795,16.2599,43.5079
0.0526319,0.0419501,0.163692,11.2405,16.3429,43.5089
0.0514375,0.0130421,0.119026,13.0345,15.3144,43.5097
0.0519082,0.0216662,0.135217,12.0221,15.1512,43.5107
0.0519037,0.0181844,0.147576,12.6723,16.862,43.5124
0.0500567,0.0217314,0.147211,15.9628,17.0141,43.5124
0.0512302,0.0217281,0.137625,13.012,15.9019,43.5128
0.0498075,0.0628403,0.154514,15.0063,16.1917,43.5142
0.0496697,0.124076,0.160916,15.7331,16.0699,43.5147
0.0520714,0.0144203,0.130235,12.1466,15.7477,43.5184
0.0500005,0.023099,0.135701,15.8719,16.5467,43.5189
0.0512728,0.0189614,0.132073,13.696,15.1069,43.5193
0.0513389,0.0102939,0.12619,13.2721,15.7569,43.5194
0.0510785,0.0502805,0.156887,13.7148,16.2744,43.5204
0.0497203,0.0881112,0.159604,15.0551,16.7484,43.5228
0.0535366,0.000887081,0.161584,10.084,16.8511,43.5232
0.0506151,0.0368734,0.158012,14.3723,17.8919,43.5235
0.0517983,0.0439746,0.143595,12.2775,15.8062,43.5237
0.0498715,0.0499787,0.157053,15.1917,16.089,43.5238
0.051703,0.0473917,0.160789,12.1982,15.9736,43.5243
0.0503375,0.100336,0.158177,14.1979,16.4477,43.5248
0.0500064,0.0430337,0.140748,15.2145,16.0131,43.526
0.0525287,0.0325254,0.163832,11.8585,15.7503,43.5263
0.049448,0.0300055,0.149503,16.3816,17.7593,43.5264
0.0519868,0.0238756,0.140669,12.9498,16.4642,43.5267
0.0548085,0.0179748,0.162124,8.48763,15.1423,43.5313
0.0520665,0.020286,0.144277,12.0387,16.5013,43.533
0.0513354,0.00681673,0.135494,13.8615,16.0606,43.5331
0.0497706,0.0774143,0.163722,15.5556,16.29,43.5332
0.0501743,0.00467957,0.131251,15.3539,16.4882,43.5339
0.0526786,0.00937531,0.132955,11.7984,15.6247,43.5352
0.0506488,0.0467381,0.138479,14.7453,16.5848,43.537
0.0493748,0.0452206,0.157966,16.9405,17.6616,43.5383
0.0513009,0.0329423,0.155934,13.1945,16.9377,43.5387
0.0510941,0.0848143,0.16148,13.5325,16.2526,43.5395
0.0541761,0.010438,0.16381,9.25677,16.5099,43.5399
0.0517075,0.0641934,0.159102,12.5203,15.168,43.5411
0.0513077,0.0110758,0.129152,13.1013,15.5741,43.5412
0.0499803,0.0213862,0.141479,15.0294,16.8466,43.5432
0.0533012,0.0236367,0.162884,10.7377,16.1313,43.5434
0.0532689,0.002638,0.162728,10.3681,16.2587,43.5462
0.0499449,0.0464752,0.136703,15.662,16.3266,43.5476
0.0493465,0.0565409,0.15182,16.6593,17.372,43.5479
0.0500317,0.0117473,0.141087,15.2406,16.2074,43.5495
0.0501064,0.00492861,0.142182,15.6893,16.11,43.5517
0.0499839,0.0368281,0.148555,15.9482,16.4693,43.5528
0.0507534,0.00626484,0.120425,14.1826,15.174,43.5532
0.0507329,0.00852546,0.122697,14.3536,15.7384,43.5537
0.0533176,0.0379054,0.148811,10.1714,15.5884,43.5554
0.0513295,0.0156715,0.134051,13.0124,15.8415,43.5566
0.0526289,0.0224616,0.151763,11.2088,15.579,43.5575
0.052513,0.0385812,0.162157,11.0295,15.7025,43.559
0.051843,0.0462074,0.140053,12.1597,15.2191,43.5613
0.0520202,0.0143745,0.139194,12.7016,15.538,43.5625
0.0499549,0.0531194,0.165865,15.643,17.4681,43.5632
0.0526328,0.0242422,0.14989,11.6945,15.2025,43.5642
0.0521039,0.0107054,0.127806,12.7467,15.579,43.5656
0.0503809,0.102777,0.15467,14.696,16.0711,43.5668
0.0498856,0.0743713,0.163943,15.9846,17.3942,43.5677
0.0518233,0.00763717,0.161183,12.1101,15.1717,43.5683
0.0524497,0.0546894,0.165507,11.7286,16.8614,43.5685
0.0524383,0.0531881,0.165831,11.6046,15.8026,43.5689
0.049334,0.0613715,0.136458,16.3669,16.6054,43.5698
0.0527019,0.00132759,0.143288,11.5477,16.0599,43.5706
0.0498171,0.0603667,0.160784,15.686,16.1733,43.5709
0.0500101,0.0323899,0.148758,15.3822,17.9794,43.5733
0.053487,0.0102929,0.1404,10.05,15.2706,43.5734
0.0505196,0.0184334,0.164166,14.0771,16.7479,43.5734
0.0524724,0.00777429,0.158938,11.6033,15.7259,43.5746
0.0517641,0.0204357,0.163265,12.7033,16.9385,43.5757
0.0534331,0.00751232,0.138028,10.3636,15.0471,43.5766
0.05179,0.0224887,0.164842,12.5674,15.9546,43.5779
0.0505015,0.0812538,0.149028,14.4948,16.7524,43.5799
0.0518099,0.0403316,0.160961,12.4434,15.5234,43.58
0.0517491,0.0581003,0.158713,12.4227,15.1563,43.5807
0.0492771,0.0688753,0.140911,16.4508,16.6646,43.5823
0.0511425,0.0697734,0.147705,13.0939,16.4425,43.5824
0.054797,0.0171115,0.160635,8.03115,15.099,43.584
0.0533405,0.0322515,0.161606,10.4936,16.2266,43.5854
0.0518644,0.00903581,0.152,12.0228,16.5943,43.5854
0.0511771,0.0701236,0.155342,13.1308,16.1556,43.5862
0.0517967,0.0756526,0.164448,12.6826,16.9264,43.5872
0.0513181,0.0317562,0.154086,13.4215,16.0796,43.5879
0.0520264,0.00172403,0.145652,12.7807,15.6435,43.5902
0.0499013,0.0406275,0.155962,15.0002,16.9726,43.5903
0.0533058,0.0109216,0.159776,10.556,16.7104,43.5906
0.049393,0.0389014,0.132754,16.4866,16.1881,43.5922
0.0534865,0.00831063,0.143195,10.1445,15.9361,43.5927
0.0512489,0.0558903,0.142915,13.2821,16.1904,43.5951
0.0520885,0.000840848,0.133387,12.9288,16.9306,43.596
0.0499056,0.0661777,0.148875,15.643,16.6766,43.5983
0.051807,0.00967419,0.159169,12.3709,15.6572,43.5985
0.0499218,0.0614445,0.137601,15.9011,16.932,43.5988
0.0511924,0.0276091,0.147905,13.9954,15.6245,43.6002
0.0520017,0.0289165,0.133091,12.3635,15.6311,43.6003
0.0507153,0.0178917,0.156183,14.8205,17.4867,43.6004
0.0500309,0.0313907,0.163092,15.6761,17.5278,43.6017
0.053312,0.0411699,0.14854,10.5747,15.2889,43.6023
0.0513985,0.00795632,0.130462,13.7194,16.1717,43.6023
0.0541616,0.00616455,0.162775,9.20348,16.4201,43.6051
0.0518517,0.000855114,0.160649,12.1456,15.8888,43.6052
0.0512112,0.0292089,0.145923,13.0755,15.3892,43.6057
0.0511104,0.061015,0.142178,13.3303,15.8752,43.6065
0.0506318,0.0408218,0.159779,14.9441,17.5134,43.607
0.0493512,0.0440905,0.151271,16.1109,17.5662,43.6089
0.0496725,0.122853,0.165822,15.2797,16.5205,43.6098
0.0519625,0.00102718,0.132257,12.8626,15.8212,43.6114
0.0497434,0.114295,0.150783,15.2871,16.5661,43.6135
0.0498494,0.0529565,0.160699,15.9727,16.9266,43.614
0.0505729,0.0676296,0.138774,14.2919,16.7731,43.6142
0.0517439,0.0607042,0.158123,12.4506,15.7483,43.6153
0.0513791,0.0280333,0.143992,13.0768,16.8987,43.6165
0.0516592,0.0555952,0.163807,12.9492,15.6048,43.6172
0.0511798,0.0521247,0.142205,13.7875,15.2996,43.6184
0.0512727,0.0148319,0.14356,13.7028,15.5971,43.6193
0.0527741,0.00454665,0.128163,11.7583,15.5335,43.62
0.0524602,0.0176144,0.165725,11.0892,16.9349,43.6217
0.0511908,0.0396899,0.144586,13.1042,15.3957,43.6226
0.0502108,0.00579121,0.124809,15.3234,16.9342,43.6234
0.0505755,0.0267441,0.14033,14.0249,16.2619,43.6246
0.0531605,0.0544451,0.161371,10.8006,15.8816,43.6248
0.0524383,0.058623,0.16257,11.3105,15.2468,43.6258
0.0506993,0.0218092,0.15226,14.7247,17.608,43.6268
0.0491927,0.0835119,0.160416,16.3399,17.6762,43.6274
0.0500346,0.0254371,0.145042,15.7548,17.7859,43.6276
0.0518221,0.00692824,0.162954,12.4087,15.6494,43.6284
0.0540976,0.0111516,0.148243,9.92864,15.9721,43.6284
0.0525723,0.0371168,0.142008,11.1988,15.8483,43.6289
0.0492122,0.0681885,0.164807,16.2064,17.4995,43.6295
0.0500622,0.0235988,0.145525,15.5546,17.3462,43.631
0.0526694,0.0197109,0.147773,11.5615,16.0099,43.6346
0.0506891,0.0140668,0.127035,14.052,15.6801,43.6346
0.0508196,0.010861,0.128333,14.9826,16.2978,43.6371
0.0550137,0.000675115,0.156885,8.67375,15.0085,43.6374
0.0557026,0.00078645,0.162486,7.83656,15.9288,43.6385
0.0533347,0.0303558,0.145089,10.5995,15.882,43.6415
0.0519188,0.0528891,0.152736,12.3165,16.1848,43.6415
0.0513627,0.0357998,0.135998,13.0472,16.955,43.6426
0.0542188,0.0100902,0.147454,9.79387,15.5664,43.6438
0.0517646,0.0819116,0.161839,12.0455,16.9249,43.6451
0.0534203,0.0245804,0.159877,10.5151,16.2218,43.6453
0.0548902,0.01475,0.155975,8.92032,15.6251,43.6454
0.0520783,0.0178485,0.124724,12.0812,15.8673,43.6465
0.0493606,0.0385215,0.164444,16.4199,17.4435,43.6479
0.0525633,0.00705867,0.155097,11.7694,16.5966,43.6492
0.0523856,0.0571706,0.159048,11.5877,15.2857,43.6504
0.0547127,0.00840585,0.165778,8.5494,15.8651,43.6534
0.0524807,0.00491459,0.15719,11.5509,15.7789,43.6535
0.0516895,0.0555198,0.162933,12.3568,16.0698,43.654
0.0505614,0.0525799,0.158685,14.5182,16.565,43.6543
0.0500176,0.0192679,0.151193,15.265,16.6411,43.6545
0.049523,0.0137485,0.129165,16.8028,16.6976,43.6545
0.0520473,0.0238582,0.139532,12.4144,16.0109,43.655
0.0525076,0.0241265,0.158183,11.8962,16.1194,43.656
0.0532542,0.0396796,0.165069,10.6298,15.9928,43.6566
0.0498437,0.0831598,0.142578,15.2003,16.325,43.6569
0.0541583,0.0128478,0.144277,9.70238,15.9747,43.6574
0.0534205,0.0239182,0.144658,10.8874,15.921,43.6578
0.049946,0.0630391,0.135443,15.4389,16.1356,43.6588
0.0511881,0.0271375,0.13991,13.1181,15.9489,43.6591
0.0492808,0.0658392,0.145439,16.1466,16.9183,43.6594
0.0500629,0.0025557,0.140885,15.8955,16.2875,43.6596
0.0531092,0.0392712,0.162423,10.0083,15.5516,43.6602
0.0526085,0.0513359,0.162456,11.3222,16.0244,43.6604
0.0493972,0.0442153,0.12896,16.2604,16.3365,43.6619
0.0517922,0.0535677,0.142685,12.1403,15.5863,43.6652
0.0523865,0.063999,0.16025,11.4104,15.2462,43.6667
0.0548875,0.0231029,0.160884,8.26982,15.9721,43.6668
0.0494007,0.0453583,0.128162,16.5771,16.9864,43.6671
0.0500569,0.0117202,0.145503,15.6944,17.1052,43.6672
0.0499207,0.067407,0.165751,15.9007,17.6034,43.6677
0.0506561,0.0339868,0.164973,14.1002,17.9067,43.6677
0.0519089,0.0178754,0.133583,12.0161,15.7319,43.668
0.0498512,0.045521,0.157137,15.1736,16.5707,43.6681
0.0520978,0.000507677,0.159632,12.1757,17.3569,43.6698
0.0523878,0.042635,0.155216,11.1778,15.5168,43.672
0.0549295,0.0035185,0.150987,8.85898,15.0759,43.672
0.0506966,0.00888259,0.128048,14.6864,15.6598,43.6724
0.051127,0.0614385,0.138642,13.9947,15.7206,43.6725
0.0498173,0.10183,0.148978,15.3409,16.7386,43.6728
0.0532402,0.0514742,0.152798,10.6982,15.9235,43.6734
0.0512362,0.0444982,0.139191,13.8241,16.4527,43.6735
0.0517183,0.0351334,0.161176,12.2448,15.7153,43.6737
0.0511047,0.0684698,0.144859,13.052,15.4712,43.6776
0.0521156,0.00781925,0.120965,12.9118,15.5093,43.6778
0.0511358,0.0345771,0.147651,13.2694,15.3223,43.6794
0.0525847,0.045152,0.147163,11.5149,15.1725,43.6797
0.0499055,0.058969,0.153882,15.6496,16.3928,43.6821
0.0503537,0.110829,0.164829,14.0177,16.5353,43.6824
0.0541942,0.00302148,0.161798,9.79343,15.589,43.6824
0.0499478,0.0322032,0.153144,15.5831,17.7989,43.6826
0.0507114,0.0401618,0.130929,14.3621,16.2323,43.6835
0.0492212,0.0664661,0.161906,16.8016,17.0951,43.6839
0.0498282,0.0574233,0.164499,15.1383,16.4678,43.685
0.0511589,0.0761286,0.151867,13.8663,16.1844,43.6863
0.0495181,0.0210905,0.129072,16.7852,16.3669,43.6863
0.0497703,0.0646577,0.161618,15.0644,16.7582,43.6864
0.0507852,0.00301109,0.14709,14.596,17.4199,43.6865
0.0527668,0.0162964,0.15834,11.6501,16.7693,43.6872
0.0492073,0.0890513,0.146684,16.4859,16.2944,43.6888
0.0505889,0.0663651,0.145536,14.5399,16.3792,43.6901
0.0500772,0.0145057,0.146033,15.6226,16.1537,43.6926
0.0519602,0.0327893,0.139132,12.5759,15.7594,43.6938
0.0531717,0.0402996,0.154629,10.7962,15.0978,43.6943
0.0519415,0.0346509,0.142614,12.8217,16.0769,43.6948
0.0499029,0.0740496,0.161543,15.0854,17.2575,43.6951
0.0511249,0.0375254,0.151048,13.36,15.8678,43.6958
0.0493206,0.0567764,0.135248,16.2581,16.5643,43.696
0.0520595,0.0229297,0.150443,12.9899,16.0412,43.6966
0.0505911,0.0019527,0.149703,14.37,16.7444,43.6976
0.0510673,0.0600216,0.153802,13.825,16.5336,43.698
0.0508005,0.0142438,0.114734,14.7399,15.586,43.6995
0.050654,0.0191715,0.130003,14.7245,15.4864,43.7005
0.052029,0.00725475,0.157097,12.4752,17.195,43.7006
0.0506305,0.0507544,0.132108,14.6467,16.9409,43.701
0.0519313,0.0133012,0.13178,12.6044,15.1892,43.7027
0.0520435,0.0284048,0.142778,12.4465,16.7652,43.7028
0.0533968,0.00970188,0.159729,10.8477,15.1252,43.704
0.0512764,0.0219634,0.156542,13.2162,17.0048,43.7051
0.0530868,0.0532909,0.163823,10.6432,15.1459,43.7066
0.0498422,0.0564206,0.165052,15.6399,16.4995,43.7066
0.0541231,0.026541,0.15426,9.8469,15.9369,43.7085
0.0500499,0.00400517,0.151136,15.0116,17.6793,43.7087
0.0500212,0.0174892,0.147757,15.9797,17.845,43.7093
0.0509423,0.0853862,0.165441,13.763,16.0493,43.7108
0.050599,0.0528225,0.151329,14.8154,16.0494,43.7117
0.0542429,0.00547915,0.165798,9.29696,16.272,43.7118
0.0547156,0.0152562,0.163448,8.89619,15.8273,43.713
0.0513307,0.0381932,0.133734,13.4863,16.1087,43.7151
0.0513244,0.0229626,0.159943,13.4313,16.5095,43.7155
0.0517604,0.0672376,0.150984,12.0011,15.6664,43.7155
0.0501075,0.0199398,0.144981,15.7324,17.2803,43.7165
0.052065,0.022,0.128958,12.5361,15.7143,43.7165
0.0519353,0.0321695,0.164203,12.2965,17.5879,43.7166
0.0524154,0.0624774,0.155977,11.8371,15.8051,43.7168
0.0533106,0.0427997,0.162563,10.8411,16.6261,43.7169
0.0494995,0.0304467,0.128333,16.0454,16.5153,43.7175
0.051291,0.0508395,0.144593,13.9668,16.8613,43.7176
0.0525195,0.0193975,0.142615,11.7527,15.3653,43.7185
0.0510761,0.0503354,0.154147,13.0126,15.6879,43.7193
0.0527204,0.0106285,0.146099,11.0462,15.9668,43.7197
0.049882,0.0855762,0.141667,15.6962,16.7717,43.7199
0.0526289,0.0398261,0.13854,11.7018,15.907,43.7208
0.0520726,0.0242523,0.146453,12.4941,16.2322,43.7209
0.0511106,0.0838547,0.164384,13.5308,16.5012,43.721
0.0518323,0.0559552,0.150796,12.6768,16.4848,43.7211
0.0497797,0.0914616,0.164617,15.9482,17.0772,43.7214
0.0542587,0.00557191,0.145068,9.23543,15.853,43.7216
0.0511892,0.0463768,0.133236,13.3833,15.5298,43.7224
0.0512296,0.043147,0.140658,13.5953,15.2158,43.7229
0.0513781,0.0337765,0.139148,13.8614,16.0984,43.7235
0.0499961,0.03771,0.14905,15.218,16.7113,43.7235
0.0524755,0.0382282,0.160109,11.8607,16.6974,43.7238
0.0503211,0.119472,0.160247,14.2004,16.6457,43.7258
0.0539221,0.0420152,0.161293,9.98061,15.9847,43.7265
0.0533564,0.0206325,0.157265,10.9735,16.2984,43.7266
0.0495368,0.0236156,0.122342,16.5861,16.2865,43.7271
0.0507286,0.0362751,0.134797,14.6192,16.331,43.7282
0.0496778,0.127917,0.163847,15.0802,16.8843,43.7283
0.0526956,0.00566542,0.164886,11.4706,17.1839,43.7289
0.0512576,0.00542231,0.148512,13.1455,15.3245,43.7292
0.0498385,0.0975213,0.144421,15.085,16.9258,43.7302
0.0505565,0.0626967,0.161231,14.8583,17.8822,43.7304
0.0515329,0.00233235,0.126551,13.5403,16.6926,43.7304
0.050728,0.0219946,0.118666,14.887,15.8419,43.7318
0.053879,0.0464193,0.164741,9.17845,15.7365,43.7324
0.0491799,0.110637,0.166079,16.199,17.9604,43.7335
0.049641,0.00247239,0.118783,16.3635,16.1414,43.7339
0.0493112,0.0750932,0.13718,16.652,16.3783,43.7339
0.0512087,0.0572659,0.133722,13.0901,15.127,43.7351
0.0492133,0.0901108,0.141942,16.5525,16.8768,43.7351
0.0505974,0.0434464,0.128911,14.6169,15.2109,43.7362
0.0505712,0.0566277,0.155412,14.2495,16.5381,43.7363
0.0499594,0.0564486,0.153829,15.9443,17.4297,43.7368
0.0516258,0.0785822,0.164361,12.0763,15.9516,43.7375
0.0498668,0.0930702,0.145847,15.996,16.4731,43.7394
0.0512425,0.0499689,0.162067,13.598,17.2659,43.74
0.0517211,0.0648336,0.162573,12.9452,15.7425,43.7414
0.0514129,0.0105734,0.128293,13.3096,16.1317,43.7416
0.0520578,0.0158009,0.134344,12.1833,15.258,43.7421
0.0518756,0.0310552,0.146304,12.1808,16.7954,43.7426
0.0491898,0.072031,0.164359,16.3809,17.0053,43.7432
0.0510415,0.0778101,0.148048,13.1411,15.3241,43.7434
0.051819,0.0514688,0.139044,12.9545,15.9445,43.7437
0.0533108,0.00147839,0.156325,10.4589,16.5562,43.7451
0.0497091,0.108816,0.153311,15.5374,16.1687,43.7473
0.0506696,0.0431993,0.129488,14.6573,16.536,43.7473
0.0517431,0.070344,0.150748,12.5502,15.1371,43.748
0.0506689,0.0217152,0.123724,14.3683,15.0833,43.7483
0.0540277,0.0424747,0.162765,9.69045,15.6516,43.7497
0.049903,0.0440925,0.16272,15.9618,16.582,43.7498
0.0519073,0.0374127,0.146135,12.5943,15.6983,43.7509
0.0495183,0.00792522,0.146169,16.9868,17.5886,43.7515
0.0507025,0.020402,0.12564,14.466,15.7385,43.7524
0.0499131,0.0647578,0.151452,15.4323,16.1808,43.7525
0.0527735,0.0177534,0.129744,11.4784,15.9714,43.7529
0.0498302,0.0933422,0.14208,15.3205,16.7622,43.7532
0.0492007,0.0802133,0.150533,16.9087,16.2423,43.7548
0.0492346,0.0905306,0.140204,16.4148,16.9911,43.7552
0.0499822,0.0279628,0.1482,15.8966,17.3432,43.7579
0.0513894,0.0307622,0.13199,13.7595,16.0778,43.7583
0.0512825,0.00901485,0.146766,13.1257,15.6584,43.7594
0.0512114,0.0544732,0.136938,13.4204,15.0278,43.7607
0.0525612,0.0249977,0.152239,11.8329,16.6488,43.761
0.0513122,0.0479222,0.14248,13.9783,16.8505,43.7613
0.050432,0.0748535,0.147933,14.6773,16.6145,43.7632
0.0524166,0.0691813,0.16242,11.2311,15.3143,43.7633
0.0493041,0.0574387,0.149624,16.9457,17.4442,43.7634
0.0550404,0.000376977,0.148905,8.23995,15.5444,43.7635
0.0494558,0.0296282,0.138868,16.6639,17.2694,43.7639
0.0511605,0.0490423,0.149308,13.3894,15.805,43.7651
0.051204,0.0130755,0.14119,13.2931,15.1253,43.7657
0.0513193,0.0257161,0.154491,13.743,17.4842,43.767
0.0557208,0.0210918,0.164959,7.99041,15.6674,43.7677
0.053311,0.0265988,0.165524,10.9938,15.5376,43.7679
0.0512688,0.0416747,0.135611,13.1155,15.9803,43.7681
0.0506199,0.0425701,0.126208,14.7422,15.1769,43.7689
0.0525012,0.00150568,0.162626,11.312,16.6211,43.769
0.0524449,0.0513317,0.148936,11.4815,15.9145,43.7696
0.0502572,0.131358,0.165513,14.8884,16.7941,43.77
0.0539588,0.0289801,0.155686,9.88746,15.9854,43.7702
0.052408,0.0707853,0.158955,11.3957,15.7229,43.7709
0.0504821,0.0828969,0.141405,14.1413,16.3754,43.7719
0.0516812,0.0779979,0.159167,12.8224,15.2966,43.7724
0.0512557,0.0485457,0.127205,13.5438,15.6737,43.7726
0.0524999,0.0503872,0.145675,11.1198,15.3611,43.7732
0.0505602,0.0542514,0.131298,14.8786,15.4269,43.7735
0.054194,0.0133785,0.16309,9.2462,16.1323,43.7743
0.0494182,0.034217,0.162892,16.7202,17.7811,43.7746
0.0511271,0.0852418,0.154886,13.8349,16.9461,43.7746
0.054956,0.0096087,0.165749,8.24942,15.4988,43.7755
0.0505678,0.0594942,0.158189,14.2273,17.748,43.7756
0.0525432,0.054798,0.150405,11.6621,15.1437,43.7758
0.0494456,0.0273854,0.15765,16.9198,17.4944,43.7763
0.0511595,0.0565978,0.145507,13.3504,15.2128,43.7768
0.0494437,0.0179388,0.154688,16.7926,17.0972,43.7769
0.051198,0.0139383,0.141871,13.848,15.522,43.7775
0.0548987,0.0232407,0.156714,8.04651,15.1021,43.7779
0.0540238,0.0290974,0.1521,9.65246,15.3258,43.778
0.0519623,0.0313325,0.164472,12.2502,17.9477,43.7784
0.0499987,0.0595315,0.13232,15.5097,16.8546,43.7787
0.0498146,0.0969931,0.155105,15.877,16.8095,43.7815
0.0506154,0.0234522,0.132942,14.1683,15.0434,43.7815
0.052099,0.0137966,0.133544,12.671,16.015,43.7817
0.0527235,0.0258223,0.147147,11.4999,16.1115,43.7831
0.051985,0.0374985,0.158078,12.3281,16.7464,43.7835
0.0509947,0.0815699,0.152333,13.528,15.2995,43.7848
0.0531206,0.0632965,0.161688,10.4205,15.2548,43.7853
0.0499152,0.0738009,0.159434,15.4515,17.4548,43.7871
0.0506877,0.00881518,0.123706,14.1725,15.385,43.7874
0.0497538,0.0984257,0.148929,15.6078,16.3626,43.7877
0.0488203,0.0548686,0.127413,17.8866,16.5865,43.7885
0.0498743,0.0388654,0.149745,15.5127,16.1493,43.7907
0.0548868,0.0237216,0.155866,8.7469,15.1871,43.7908
0.0513064,0.0463285,0.13593,13.0327,16.1867,43.7911
0.0521798,0.00560897,0.119708,12.2454,15.42,43.7911
0.0490924,0.121185,0.153245,16.1878,16.7696,43.7914
0.049878,0.0811943,0.150423,15.414,16.7487,43.7927
0.0531135,0.0385815,0.158615,10.8215,15.0847,43.793
0.053148,0.0535966,0.156704,10.9196,15.8663,43.7943
0.0517288,0.0479557,0.147696,12.9278,15.5862,43.7951
0.0527601,0.0171019,0.143415,11.8194,16.049,43.7964
0.0533196,0.0443795,0.149169,10.1352,15.3295,43.7976
0.0500245,0.0150128,0.152627,15.7376,16.628,43.7982
0.0504655,0.0298491,0.156412,14.2436,16.7057,43.7986
0.0519229,0.023633,0.154512,12.0637,15.3115,43.8
0.0526376,0.018746,0.132876,11.3511,15.9128,43.8002
0.049118,0.0987216,0.165219,16.2536,17.0823,43.8012
0.0506785,0.00500318,0.13174,14.091,15.9948,43.8021
0.0520315,0.0181164,0.123372,12.9782,15.6098,43.8025
0.0518179,0.030621,0.151147,12.1989,16.7142,43.8037
0.0506069,0.0625296,0.146538,14.4583,16.6896,43.8044
0.0519348,0.024636,0.151736,12.2091,15.6161,43.8048
0.050325,0.0961159,0.157064,14.6317,16.5737,43.8055
0.0508006,0.00103704,0.151315,14.0147,17.166,43.8057
0.0510549,0.0983674,0.157252,13.5634,16.8024,43.8059
0.0506912,0.0492993,0.134762,14.7756,16.4985,43.8059
0.0496738,0.121357,0.154935,15.1511,16.4567,43.8068
0.0513196,0.0334762,0.12198,13.4154,15.9942,43.8077
0.0506901,0.0231484,0.127098,14.5374,15.7414,43.8082
0.0528038,0.0148402,0.129114,11.6862,15.2887,43.809
0.051117,0.0485189,0.141277,13.6607,15.9529,43.8091
0.0519109,0.0493737,0.16624,12.9375,16.1726,43.8105
0.0510612,0.0724121,0.150811,13.6742,16.8141,43.8114
0.0512087,0.0390171,0.147389,13.8835,15.674,43.8143
0.0492825,0.0716258,0.150005,16.8949,17.3729,43.8152
0.051101,0.0857773,0.150476,13.0041,16.4463,43.8162
0.0517302,0.0550125,0.156653,12.0651,16.0143,43.8165
0.0506673,0.0420151,0.120855,14.6414,15.3489,43.817
0.0505387,0.00921274,0.160949,14.1825,16.4217,43.8176
0.0524995,0.0470724,0.164066,11.5842,15.9485,43.8194
0.0500359,0.00814899,0.147677,15.5388,16.6143,43.8194
0.0486023,0.105749,0.157703,17.9893,17.8485,43.8196
0.0500801,0.00307142,0.147636,15.6222,16.6152,43.82
0.0518255,0.0774752,0.164488,12.6344,16.4412,43.8206
0.0514157,0.00650739,0.1505,13.234,17.7516,43.8208
0.0493245,0.0709851,0.139817,16.4772,16.4875,43.8209
0.0535163,0.00630466,0.130704,10.5095,15.2554,43.8218
0.0519333,0.0453308,0.164338,12.5561,16.6106,43.8222
0.0493436,0.0344615,0.159258,16.9558,17.5412,43.8236
0.0514306,0.00442019,0.116551,13.8284,15.8408,43.8236
0.0507459,0.0138612,0.124206,14.3376,15.3184,43.8238
0.0485581,0.100606,0.164098,17.0876,17.7502,43.8239
0.0548256,0.0100597,0.153696,8.728,15.2667,43.8245
0.0512162,0.0160127,0.152771,13.2627,15.5633,43.8251
0.0518323,0.0375223,0.16275,12.2811,15.9414,43.8263
0.049809,0.0842341,0.160472,15.057,17.6494,43.8278
0.0511759,0.0411735,0.14338,13.2487,16.8936,43.8297
0.0546941,0.00223403,0.165851,8.45656,15.1314,43.8312
0.051773,0.0652768,0.152555,12.2147,15.408,43.8324
0.0500296,0.0310955,0.148221,15.4371,16.5693,43.8351
0.0496118,0.0123366,0.118054,16.0983,16.5163,43.8361
0.0513683,0.0338752,0.145537,13.202,16.4227,43.8366
0.0556355,0.00730684,0.163026,7.54249,15.8407,43.8377
0.0534101,0.00164235,0.164921,10.1175,15.5853,43.8381
0.0527288,0.0116601,0.127881,11.8896,15.4952,43.839
0.050641,0.0424205,0.152469,14.8334,17.6069,43.839
0.049431,0.0268435,0.142724,16.5821,17.0499,43.8391
0.052443,0.0348886,0.146379,11.8222,15.1459,43.8394
0.0523893,0.0754263,0.15944,11.5752,15.0148,43.8401
0.0532016,0.0641755,0.159967,10.9582,15.204,43.8401
0.053082,0.0657192,0.163324,10.0687,15.4772,43.8407
0.0542819,0.00371028,0.137787,9.61916,15.3459,43.8408
0.0517977,0.0840375,0.166263,12.8303,16.3112,43.8409
0.0512488,0.0384594,0.142341,13.5114,15.0015,43.8412
0.0491605,0.115225,0.162972,16.6297,17.8217,43.8417
0.0494163,0.0473431,0.135853,16.4208,16.3246,43.8426
0.0491111,0.127579,0.149409,16.8029,16.9331,43.8427
0.0503837,0.111026,0.160967,14.098,16.6897,43.8435
0.0493044,0.0507193,0.151999,16.2595,17.4822,43.844
0.048887,0.0396926,0.121598,17.6009,16.4855,43.8452
0.0525973,0.0402156,0.138357,11.8956,15.025,43.8453
0.0507274,0.0286187,0.125577,14.0633,16.9338,43.8456
0.0512996,0.0353256,0.135924,13.4738,15.9709,43.8467
0.0556899,0.0250258,0.163857,7.81415,15.6716,43.8477
0.0511407,0.0698889,0.140502,13.1105,15.2943,43.848
0.0510626,0.0532301,0.148819,13.4758,15.6709,43.8483
0.0488554,0.0414014,0.14106,17.9487,17.3443,43.8484
0.051257,0.0090009,0.151122,13.4024,15.9942,43.8491
0.0514519,0.01225,0.14376,13.2549,16.9608,43.8493
0.0510584,0.0822161,0.145996,13.8108,15.6509,43.8505
0.0499833,0.0154103,0.15368,15.9258,17.2039,43.8513
0.050524,0.0661027,0.13155,14.5325,15.4734,43.8525
0.0506854,0.0111348,0.161195,14.7306,16.6738,43.8528
0.0550169,0.00113618,0.14496,8.42806,15.7544,43.8533
0.050547,0.040796,0.13909,14.0145,15.7426,43.8541
0.0513052,0.0391486,0.155826,13.7212,16.2236,43.8554
0.0491586,0.121599,0.165754,16.9371,17.3398,43.8559
0.0499457,0.0686731,0.132337,15.5306,16.5796,43.8575
0.0498237,0.10328,0.140483,15.4851,16.8482,43.8582
0.0505766,0.0642857,0.12589,14.2823,15.9997,43.8584
0.054177,0.0170573,0.141988,9.26276,15.6607,43.8586
0.0517911,0.0681137,0.148081,12.5733,15.7688,43.859
0.0487791,0.0604056,0.141132,17.4534,17.7363,43.8603
0.0504989,0.0893398,0.150767,14.0695,16.9301,43.8623
0.049341,0.0341817,0.154678,16.3782,17.0965,43.8628
0.0548938,0.0155885,0.152413,8.83752,15.5685,43.8633
0.0494112,0.0214318,0.158884,16.7813,17.4165,43.8634
0.0509872,0.0828763,0.151223,13.0418,15.1205,43.8636
0.0510497,0.0528927,0.158957,13.5226,15.7421,43.8639
0.0512443,0.010833,0.152178,13.5357,15.6843,43.8647
0.0491092,0.0975989,0.154365,16.9499,16.1306,43.8652
0.0541476,0.0156511,0.163826,9.35195,15.7224,43.8653
0.0498246,0.050852,0.150057,15.5218,16.7687,43.8655
0.0487562,0.0680905,0.133606,17.5217,16.9869,43.8657
0.0512677,0.0126012,0.148966,13.3262,15.866,43.8658
0.0525781,0.0420949,0.153177,11.9033,15.9585,43.8667
0.0520641,0.0302763,0.146197,12.9844,16.1671,43.8667
0.0506528,0.0502112,0.145353,14.0416,16.5756,43.8668
0.0517907,0.0592307,0.139981,12.2984,15.1255,43.8672
0.0494268,0.0294644,0.141347,16.921,17.2259,43.8673
0.0565721,0.0114756,0.166117,6.30492,15.8253,43.8701
0.0506509,0.0601018,0.132748,14.3106,16.1278,43.8705
0.0534723,0.0210563,0.136647,10.2112,15.114,43.8722
0.0497404,0.0985952,0.166249,15.1484,17.0845,43.8726
0.0540603,0.028995,0.148318,9.43965,15.1798,43.8727
0.0487861,0.0542878,0.142376,17.0814,17.4401,43.8727
0.0509327,0.082294,0.163162,13.042,15.9249,43.8729
0.0548679,0.0125125,0.151974,8.41843,15.0058,43.8729
0.0510903,0.0412832,0.157292,13.3829,15.2678,43.8736
0.0520073,0.0380825,0.129353,12.9989,15.4631,43.8745
0.0519557,0.00598583,0.161032,12.7071,17.9004,43.8748
0.0499148,0.0477809,0.163353,15.8749,16.7664,43.8751
0.0548394,0.0196928,0.155116,8.23204,15.9643,43.8758
0.0504359,0.0817415,0.139108,14.6712,15.3967,43.8767
0.0531762,0.0180674,0.150344,10.1689,15.137,43.8776
0.0492155,0.0708751,0.143731,16.6755,16.0056,43.8782
0.0492735,0.0907403,0.15824,16.4684,17.7793,43.8804
0.0487411,0.0769409,0.147757,17.871,17.0246,43.8814
0.0515222,0.00830892,0.125007,13.3624,16.5407,43.8815
0.049453,0.0476665,0.12515,16.3992,16.7278,43.8817
0.0506255,0.0478648,0.128398,14.5703,15.4143,43.883
0.0507643,0.0236051,0.12326,14.827,16.3554,43.8831
0.0495668,0.00665635,0.143252,16.4106,17.6712,43.8833
0.049025,0.130239,0.16153,16.309,16.7275,43.8834
0.0492301,0.0994958,0.143883,16.3389,16.9021,43.8844
0.049365,0.0622328,0.128348,16.6559,16.3198,43.8844
0.0532324,0.0129683,0.161316,10.8154,16.197,43.8854
0.0500346,0.0562151,0.128347,15.081,16.9759,43.8856
0.0510368,0.0530423,0.154635,13.3426,15.6686,43.8857
0.0519258,0.0323334,0.149246,12.1014,15.3454,43.8858
0.0540103,0.0482176,0.165385,9.86286,15.0539,43.886
0.0509192,0.0937264,0.163735,13.6665,15.5143,43.8867
0.050422,0.0774312,0.147145,14.8017,16.9556,43.8867
0.0515392,0.00358333,0.13289,13.074,16.8931,43.8879
0.0500795,0.0300048,0.152741,15.8559,17.8582,43.8889
0.0520175,0.0226516,0.159611,12.9644,17.4361,43.8896
0.0539059,0.00159708,0.158931,9.73582,15.664,43.8897
0.0504983,0.0528165,0.140788,14.835,15.2673,43.8902
0.0500281,0.0413164,0.145382,15.1058,17.0974,43.8902
0.0512226,0.0549739,0.160184,13.0555,17.0774,43.8903
0.0523432,0.0761355,0.159733,11.4205,15.7723,43.8903
0.0513202,0.0126102,0.151276,13.9456,17.7392,43.8905
0.0538482,0.0367198,0.164068,9.52025,15.7512,43.8905
0.0494175,0.0321771,0.141039,16.8094,16.1144,43.891
0.0524884,0.0723024,0.149532,11.9179,15.8485,43.8911
0.0530906,0.0763112,0.163215,10.8134,15.9608,43.892
0.0501189,0.00278695,0.123412,15.5918,16.6962,43.892
0.0511637,0.017781,0.149314,13.5972,16.2367,43.8924
0.0499978,0.0251887,0.145406,15.516,17.3083,43.8924
0.051078,0.0610152,0.141968,13.4335,15.7589,43.8932
0.0535176,0.0134141,0.131108,10.7916,15.1772,43.8936
0.050711,0.00935128,0.132105,14.1186,15.7068,43.8939
0.0512092,0.0401424,0.129614,13.2346,15.5018,43.8945
0.0500562,0.00215641,0.147531,15.1848,17.501,43.8949
0.0495152,0.0129895,0.135085,16.6718,17.705,43.8957
0.0549001,0.00176585,0.148175,8.70848,14.7068,43.8964
0.0528363,0.0108375,0.124312,11.6593,15.3545,43.897
0.0523722,0.0862016,0.162166,11.2756,15.9313,43.8972
0.0487047,0.0776656,0.161869,17.8165,17.6185,43.8973
0.0548006,0.00188773,0.158236,8.57094,14.583,43.8983
0.0524214,0.025936,0.165298,11.2444,16.0461,43.8988
0.0548124,0.000197902,0.154097,8.53464,14.1886,43.8989
0.0527785,0.011173,0.164189,11.504,16.2483,43.8996
0.0501901,0.0178212,0.11716,15.2262,16.6371,43.9001
0.0485626,0.119023,0.159931,17.1475,17.4244,43.9007
0.052471,0.0137779,0.148885,11.0314,15.0931,43.9007
0.0507361,0.0166061,0.164082,14.125,17.723,43.9008
0.0487046,0.0842742,0.132582,17.041,16.8047,43.9019
0.0497411,0.118231,0.160373,15.8523,16.2265,43.9019
0.0492707,0.0612222,0.15049,16.6711,16.0865,43.9019
0.0524958,0.063391,0.14667,11.9485,15.3144,43.902
0.0504779,0.0332937,0.150336,14.0681,16.5795,43.9025
0.0548577,0.0354205,0.160057,8.75547,15.6759,43.9027
0.0497143,0.12433,0.161481,15.2375,16.4281,43.903
0.0502734,0.121465,0.159778,14.2901,16.5476,43.903
0.0510889,0.0573405,0.141145,13.8305,15.2335,43.9032
0.0519992,0.0438209,0.146186,12.8154,16.8854,43.9035
0.0535572,0.00174333,0.145498,10.4273,16.6777,43.9039
0.0524112,0.028289,0.165995,11.6984,16.357,43.9042
0.051932,0.0345036,0.146443,12.0223,15.9487,43.9047
0.0565974,0.00453395,0.164059,6.71619,15.2204,43.9056
0.050604,0.0598137,0.163043,14.9444,17.1963,43.9063
0.0505297,0.0697868,0.129214,14.8138,15.9845,43.9065
0.0506175,0.0549962,0.165506,14.9735,17.8243,43.9069
0.0518845,0.0295782,0.144005,12.6603,16.1755,43.9078
0.049879,0.0962438,0.143424,15.8865,16.8836,43.908
0.0504809,0.0552213,0.141049,14.5333,15.9963,43.9133
0.0499129,0.0275059,0.148687,15.2111,16.7559,43.9145
0.051926,0.0260683,0.140571,12.9071,16.0789,43.9148
0.0494227,0.025198,0.143961,16.2713,17.7566,43.9148
0.0512237,0.0466123,0.126852,13.8949,15.1392,43.9156
0.0528142,0.0027859,0.162979,11.8929,16.0817,43.916
0.0518016,0.0547248,0.157376,12.3867,15.4071,43.9178
0.0505673,0.0292532,0.153926,14.7854,17.7583,43.9186
0.0514058,0.00574628,0.146485,13.9981,17.5281,43.9191
0.05062,0.0555788,0.15949,14.243,17.106,43.9195
0.0573754,0.00372133,0.159907,5.56205,14.9704,43.9198
0.0509073,0.108223,0.165801,13.1673,16.5944,43.9211
0.0556678,0.00904744,0.160829,7.29782,15.3071,43.9216
0.0491948,0.0823921,0.142876,16.4594,16.5939,43.9232
0.0489364,0.027964,0.118447,17.3012,16.708,43.9255
0.0532126,0.0433842,0.165372,10.8352,16.8254,43.9264
0.0496657,0.134199,0.153953,15.6639,16.0375,43.9265
0.0490754,0.118565,0.161907,16.0688,16.3208,43.9266
0.0509774,0.0924778,0.157266,13.9539,16.8391,43.9268
0.0509764,0.071658,0.156642,13.1291,15.4199,43.9273
0.0526626,0.015926,0.12962,11.4685,15.3442,43.9274
0.0519927,0.04714,0.150235,12.2407,16.7721,43.9284
0.0534028,0.0209523,0.155641,10.0568,15.8005,43.9284
0.0507909,0.00302384,0.124913,14.6295,15.5979,43.9288
0.0520547,0.026675,0.153478,12.4045,16.3839,43.9291
0.0505261,0.0210747,0.147658,14.7692,16.4518,43.9293
0.0519923,0.0298587,0.125601,12.8509,15.2386,43.9296
0.0490151,0.128125,0.162802,16.3642,16.0112,43.9299
0.0497329,0.124825,0.149053,15.6401,16.3862,43.931
0.0512122,0.0518393,0.127281,13.7436,15.8506,43.9318
0.0511823,0.0781866,0.145522,13.7431,16.8804,43.9321
0.0512583,0.0579024,0.13762,13.8177,16.279,43.9333
0.0490847,0.107047,0.163298,16.3151,16.5408,43.9335
0.0498683,0.0370907,0.151011,15.0166,16.6234,43.9341
0.051108,0.037898,0.149823,13.1326,16.9995,43.9341
0.053168,0.0627014,0.153935,10.8481,15.5365,43.9342
0.0517163,0.0330853,0.161607,12.7584,16.4428,43.9342
0.0495662,0.0200167,0.114833,16.0474,16.4508,43.9359
0.0512427,0.0122269,0.153834,13.7997,15.0827,43.9362
0.0516332,0.0908708,0.164886,12.8918,16.5707,43.9364
0.0538922,0.0132073,0.159102,9.74569,15.6917,43.937
0.0494081,0.0298574,0.143454,16.2756,17.7094,43.9375
0.0522086,0.00471748,0.119418,12.7773,15.7926,43.9376
0.0515973,0.0888635,0.162415,12.5392,15.5296,43.9383
0.0493913,0.0277041,0.147798,16.6534,17.4929,43.9388
0.0524815,0.0647201,0.146955,11.879,15.4627,43.9392
0.0513952,0.0218655,0.127298,13.9195,16.4444,43.9393
0.0511826,0.0361023,0.153387,13.5506,15.7151,43.9393
0.0491782,0.0766868,0.147704,16.7697,16.2063,43.94
0.0514277,0.00103637,0.144938,13.0811,17.34,43.9417
0.0526365,0.0355322,0.134611,11.978,15.1954,43.9419
0.0509582,0.072119,0.162427,13.0293,15.8703,43.9428
0.0487863,0.0561206,0.131822,17.0978,16.0218,43.9428
0.0499521,0.0558621,0.147317,15.8525,17.6928,43.9431
0.0504259,0.0981753,0.165837,14.9711,17.4605,43.9446
0.0549903,0.0156818,0.156681,8.39845,15.3818,43.9448
0.0518983,0.0509304,0.144857,12.6804,16.5066,43.9452
0.0497807,0.101155,0.162616,15.6523,16.7684,43.9458
0.0527297,0.00351028,0.160772,11.5539,17.0966,43.9475
0.0533688,0.03551,0.151862,10.219,15.2255,43.948
0.0513176,0.024575,0.15063,13.4101,17.5426,43.9482
0.0503517,0.118664,0.154707,14.5299,16.9093,43.9483
0.0499916,0.0542781,0.162026,15.9294,17.4197,43.9489
0.0524173,0.00915666,0.163739,11.2614,15.2632,43.9491
0.0509373,0.0836314,0.157128,13.4445,15.7191,43.9491
0.0494176,0.023386,0.133933,16.6245,16.2719,43.9494
0.0525714,0.0501239,0.139593,11.0816,15.9251,43.9498
0.0501568,0.0048592,0.157145,15.7959,17.3929,43.9499
0.0520541,0.0125733,0.165954,12.6738,16.2189,43.9516
0.0549432,0.00313778,0.146099,8.97735,15.0617,43.9518
0.0485861,0.11695,0.157823,17.7585,17.6559,43.9528
0.0494328,0.0208246,0.134944,16.4605,16.8326,43.9539
0.0515623,0.0764355,0.165188,12.004,15.682,43.9539
0.0506708,0.00764318,0.145745,14.5097,17.1088,43.954
0.0534697,0.019835,0.144519,10.9531,15.9942,43.9558
0.0532188,0.050221,0.165955,10.6606,16.413,43.9559
0.0539524,0.0356327,0.153567,9.52329,15.3835,43.9559
0.0540459,0.0263061,0.147075,9.74263,15.0303,43.9565
0.0532601,0.045034,0.146109,10.8743,15.1053,43.9586
0.0499438,0.0535561,0.154663,15.5407,16.7563,43.959
0.0533748,0.0395549,0.145274,10.8034,15.0283,43.959
0.0484995,0.115364,0.165859,17.9643,17.1256,43.9596
0.0540837,0.0142896,0.143312,9.91329,15.7136,43.9601
0.0565593,0.00586584,0.165347,6.9993,15.0648,43.9606
0.0488154,0.0590542,0.130249,17.2021,16.9645,43.9634
0.048769,0.0732794,0.146725,17.6286,17.5399,43.9636
0.051756,0.039216,0.154914,12.4525,16.7467,43.9639
0.0540456,0.0137615,0.164673,9.85413,16.6817,43.9639
0.0526564,0.0355995,0.133485,11.1812,15.5081,43.964
0.0498069,0.10877,0.140658,15.0199,16.3636,43.9641
0.054854,0.0405853,0.16227,8.1915,15.5976,43.9643
0.0505721,0.0310988,0.152831,14.2112,17.9396,43.9645
0.0525098,0.0526629,0.160861,11.5116,15.6771,43.9658
0.0499093,0.0913255,0.137202,15.3459,16.54,43.966
0.0526134,0.0414061,0.149233,11.4204,15.5485,43.9661
0.0486242,0.103837,0.137664,17.2458,16.3909,43.9671
0.0519037,0.0374062,0.162187,12.3603,17.7495,43.9672
0.0541798,0.0212017,0.164327,9.51202,16.7985,43.9677
0.0498106,0.0601267,0.161989,15.1114,17.4785,43.9683
0.0487376,0.0784096,0.144254,17.8868,17.6413,43.9683
0.0512787,0.0248738,0.153357,13.9035,17.7141,43.9687
0.0494152,0.0468312,0.15489,16.639,17.7255,43.9692
0.0507135,0.00844406,0.126244,14.9353,16.0462,43.9695
0.0496693,0.136679,0.163068,15.541,16.1738,43.9698
0.0510564,0.0398248,0.155164,13.9714,15.7032,43.97
0.048624,0.102299,0.1507,17.3444,17.2874,43.9701
0.0523683,0.0793249,0.156593,11.1966,15.695,43.9706
0.0500398,0.0583604,0.12676,15.6693,16.0188,43.9707
0.0511454,0.0562845,0.132282,13.4733,15.6628,43.9709
0.0523616,0.0250146,0.165849,11.6921,15.8686,43.9716
0.0547506,0.00796075,0.160441,8.78346,14.0561,43.972
0.0491,0.132902,0.163252,16.2439,17.3481,43.9733
0.0512153,0.0551126,0.137532,13.9152,16.2596,43.9734
0.0487249,0.074607,0.137946,17.5397,16.9756,43.9737
0.0555939,0.000558003,0.157961,7.74219,14.254,43.9737
0.0510053,0.115616,0.161877,13.9723,16.4479,43.9738
0.0510835,0.0946101,0.15088,13.8767,16.8415,43.974
