beta,permeability,xi,init_days,delay,value
0.0945629,0.307072,0.161711,19.0943,14.4673,208.437
0.100539,0.289071,0.164726,16.4042,13.4366,208.798
0.0983255,0.276405,0.163412,17.8049,14.9079,209.305
0.0991956,0.232639,0.125627,17.2312,13.5923,209.477
0.0948723,0.271467,0.148393,19.6542,14.6491,209.912
0.109786,0.253089,0.164041,12.5192,12.0285,210.446
0.10665,0.28107,0.159364,13.0228,12.4056,211.006
0.103967,0.295922,0.157941,14.5825,12.9299,211.36
0.107066,0.271402,0.158345,13.8493,12.9073,211.729
0.107472,0.25726,0.145652,13.7036,12.8981,211.887
0.107078,0.269913,0.158856,13.0251,12.5623,211.917
0.108107,0.226014,0.141624,13.1073,12.558,211.93
0.0985004,0.288156,0.145072,17.7628,13.6329,212.13
0.109455,0.261448,0.162051,12.9505,12.6159,212.154
0.121329,0.216334,0.15163,8.78896,11.1832,212.216
0.100599,0.277827,0.16454,16.6936,13.0321,212.314
0.108813,0.269572,0.131199,12.6216,11.2457,212.322
0.107148,0.263265,0.158998,13.9779,12.6661,212.411
0.102877,0.255702,0.15472,15.0043,13.9789,212.45
0.110184,0.237993,0.158308,12.1995,12.4072,212.5
0.100421,0.281326,0.146953,16.7076,13.8173,212.501
0.107315,0.256249,0.157999,13.2919,12.1483,212.541
0.0982174,0.28997,0.154582,17.0835,13.1541,212.558
0.107628,0.258173,0.155908,13.5144,12.7133,212.683
0.108341,0.215803,0.138091,13.394,12.3006,212.851
0.10623,0.288245,0.157734,13.5324,12.8439,212.892
0.101738,0.301771,0.148198,15.0796,12.1803,212.934
0.106543,0.279517,0.153008,13.6605,12.9792,212.935
0.103466,0.235034,0.14989,15.1998,13.4338,212.962
0.0962586,0.0197846,0.0754351,20.9126,13.6245,213.026
0.100683,0.257649,0.142752,16.4909,13.0534,213.073
0.0967942,0.271324,0.164985,18.1965,14.7024,213.073
0.124437,0.213317,0.157687,7.75983,11.4486,213.148
0.107668,0.25817,0.154836,13.5605,12.4421,213.236
0.102442,0.280369,0.159366,15.417,13.543,213.319
0.109971,0.238925,0.151422,12.2124,12.6352,213.367
0.103537,0.228211,0.146229,15.4373,13.8057,213.392
0.104535,0.275875,0.163814,14.2656,13.3887,213.423
0.105342,0.24408,0.157551,14.6053,13.7435,213.428
0.098404,0.147344,0.0974141,18.7188,13.9852,213.455
0.100804,0.260743,0.153297,16.5599,13.7717,213.501
0.105925,0.222926,0.131254,14.0843,12.6427,213.602
0.107111,0.27261,0.155584,13.5589,12.3809,213.633
0.0994601,0.233283,0.139234,17.3544,13.3185,213.743
0.10837,0.288594,0.161484,12.156,12.8677,213.782
0.104455,0.267912,0.1321,14.3019,12.8566,213.973
0.0997414,0.304618,0.165846,16.9325,13.0371,213.979
0.102824,0.252487,0.145806,15.0488,13.7214,213.986
0.100655,0.256736,0.157897,16.3986,14.4607,214.006
0.0945641,0.298507,0.162265,19.2749,14.6523,214.036
0.0928848,0.31193,0.157735,20.8877,14.6194,214.056
0.108158,0.22301,0.13405,13.7173,12.3161,214.189
0.100863,0.25699,0.148252,16.0297,13.6826,214.212
0.10725,0.273646,0.164291,13.2206,12.0132,214.22
0.115254,0.228528,0.161604,10.2953,12.3606,214.226
0.105327,0.246362,0.158869,14.7067,13.7737,214.228
0.102934,0.266796,0.165822,15.5632,13.0226,214.284
0.0979666,0.305176,0.136807,17.24,12.39,214.286
0.111868,0.245656,0.12624,11.9016,11.945,214.292
0.109318,0.260763,0.132076,12.2917,11.2582,214.296
0.105759,0.0772045,0.0800176,15.5283,12.1847,214.328
0.117563,0.245205,0.155512,9.24687,11.906,214.337
0.10947,0.257491,0.153059,12.8855,12.8022,214.351
0.100219,0.291965,0.139745,16.123,12.4457,214.367
0.103515,0.213527,0.129773,15.9628,13.6839,214.401
0.108149,0.223059,0.142254,13.5875,12.6327,214.441
0.0963349,0.312092,0.163599,18.6901,13.2555,214.444
0.120863,0.229877,0.160303,8.04937,11.855,214.45
0.107171,0.260178,0.149304,13.7522,12.1135,214.451
0.124141,0.199692,0.110911,7.95563,10.8497,214.503
0.100788,0.265891,0.154994,16.3241,13.7575,214.55
0.115422,0.226069,0.157249,10.9208,12.552,214.587
0.108402,0.207073,0.131994,13.7429,12.4772,214.61
0.0974554,0.217982,0.133913,18.8668,14.9042,214.67
0.10968,0.258955,0.151542,12.4914,12.7536,214.737
0.10971,0.244577,0.145741,12.3932,12.4134,214.763
0.124053,0.215606,0.163414,7.51978,11.2008,214.766
0.112889,0.220346,0.14492,11.1941,12.4231,214.777
0.0981752,0.0129629,0.0761441,19.7895,13.8103,214.868
0.111494,0.269487,0.166277,11.6055,12.1228,214.986
0.098418,0.28472,0.16174,17.3867,13.383,215.009
0.0898734,0.302076,0.158447,22.8905,14.861,215.03
0.103537,0.216079,0.117883,15.1718,12.1607,215.047
0.106978,0.277232,0.157126,13.372,12.0277,215.047
0.102365,0.271286,0.152154,15.3937,13.6454,215.086
0.110899,0.278412,0.162777,11.959,12.6244,215.106
0.102483,0.155697,0.0947905,16.4414,12.096,215.121
0.0983274,0.273506,0.162236,17.757,14.4689,215.209
0.111155,0.189848,0.127492,12.1897,12.0758,215.249
0.100589,0.150354,0.0921035,17.3227,12.9012,215.293
0.116673,0.0197442,0.059143,11.7534,10.7386,215.296
0.102059,0.289562,0.157097,15.7222,13.2972,215.297
0.100726,0.272877,0.158824,16.6583,13.6117,215.319
0.107197,0.257821,0.147247,13.1196,12.9544,215.358
0.0987275,0.275476,0.140632,17.6276,13.0199,215.358
0.0945974,0.0166838,0.0751224,21.7017,13.1737,215.374
0.0989448,0.106176,0.0906694,18.8074,13.7928,215.415
0.114161,0.250451,0.130271,10.4022,11.2295,215.512
0.120959,0.232793,0.15873,8.13836,11.0809,215.516
0.104598,0.271147,0.149635,14.0596,12.4177,215.58
0.101815,0.181388,0.110888,16.2071,13.1872,215.588
0.109082,0.00703559,0.0612442,14.014,11.87,215.62
0.0969522,0.277369,0.157824,18.3817,13.6336,215.633
0.10519,0.255639,0.138794,14.6742,12.3785,215.653
0.0964092,0.306229,0.158636,18.5099,13.2874,215.655
0.101932,0.016778,0.0759164,17.6827,13.1349,215.663
0.121121,0.220492,0.144435,8.35348,11.9816,215.696
0.102406,0.00775632,0.0717936,17.3959,12.7488,215.718
0.093467,0.275999,0.164128,20.1482,14.4504,215.719
0.100596,0.260306,0.15695,16.3441,14.7847,215.755
0.104097,0.284459,0.161194,14.662,13.7348,215.763
0.112951,0.227959,0.160727,11.5168,12.3217,215.816
0.104295,0.276601,0.146622,14.1226,12.4303,215.828
0.0915799,0.292156,0.158758,21.2708,14.4945,215.844
0.113979,0.252778,0.131533,10.1512,11.0476,215.899
0.100337,0.278465,0.12859,16.1773,12.1588,215.901
0.101248,0.251467,0.151679,16.9197,13.9949,215.905
0.113882,0.268332,0.154817,10.7661,11.8474,215.914
0.121376,0.209906,0.15076,8.74207,11.7775,215.938
0.118423,0.210362,0.135016,9.85338,11.9997,215.982
0.0916767,0.283022,0.153228,21.7168,14.0095,215.992
0.107569,0.248907,0.13927,13.7182,12.3787,215.992
0.10576,0.215957,0.140927,14.2333,13.3167,216.008
0.111839,0.259448,0.160127,11.6988,12.4686,216.013
0.110321,0.219093,0.137673,12.9779,12.5368,216.014
0.0955075,0.223442,0.130891,19.8011,14.32,216.017
0.0975669,0.313792,0.15641,17.2868,13.9506,216.127
0.109563,0.256426,0.146801,12.6177,12.5909,216.156
0.102164,0.283645,0.156154,15.235,13.6944,216.172
0.0911004,0.035779,0.0751323,23.1301,13.2005,216.284
0.100834,0.252112,0.160581,16.7303,14.0889,216.366
0.102382,0.277913,0.14938,15.2632,13.2357,216.422
0.105296,0.253469,0.162809,14.8638,13.2236,216.45
0.0911473,0.327653,0.161798,21.1276,14.6398,216.48
0.120455,0.241072,0.1659,8.38347,11.7442,216.521
0.0944973,0.319507,0.161112,19.0801,13.6237,216.521
0.117639,0.237675,0.145248,9.62724,11.7555,216.526
0.0957415,0.323019,0.151301,18.7127,13.1717,216.537
0.0870031,0.299184,0.140941,24.9365,14.8806,216.539
0.0982185,0.299717,0.151721,17.6922,13.7476,216.548
0.0955036,0.0928305,0.0861752,20.8271,13.0692,216.57
0.110097,0.241225,0.148077,12.2853,12.2029,216.594
0.101417,0.227291,0.139327,16.9889,13.797,216.601
0.114663,0.234043,0.126402,10.6211,11.5075,216.606
0.100352,0.282699,0.16567,16.0293,14.2586,216.65
0.110572,0.209971,0.133918,12.028,12.0985,216.662
0.0983306,0.292953,0.159277,17.4172,13.0201,216.698
0.112754,0.244264,0.162251,11.9767,12.7091,216.748
0.10711,0.271227,0.149992,13.8948,12.9731,216.851
0.102902,0.272429,0.165749,15.1425,13.7324,216.888
0.100476,0.279183,0.156464,16.7481,13.7931,216.893
0.104014,0.189613,0.108633,15.3543,12.8084,216.897
0.0998732,0.175825,0.105925,17.5743,13.4478,216.964
0.106368,0.195936,0.11884,14.0589,12.3554,216.999
0.102557,0.277715,0.164838,15.5116,13.9338,217
0.112371,0.233933,0.148693,11.4272,12.5081,217.058
0.0973655,0.326143,0.166113,17.5081,13.7955,217.104
0.106656,0.267586,0.135922,13.692,12.7621,217.114
0.10098,0.114625,0.0871054,17.9087,12.4806,217.118
0.0971242,0.24955,0.140694,18.9438,14.6676,217.149
0.134918,0.200249,0.15166,4.22339,10.2574,217.158
0.103693,0.0739132,0.0787083,16.2592,12.063,217.188
0.102439,0.268815,0.160918,15.095,13.7894,217.198
0.0930252,0.316532,0.149925,20.9031,13.6234,217.213
0.12497,0.187546,0.13605,7.6648,11.742,217.223
0.124287,0.213764,0.1647,7.80304,11.4782,217.228
0.100902,0.124396,0.088829,17.6487,12.1517,217.236
0.102775,0.270743,0.158888,15.6947,13.7418,217.241
0.106863,0.267483,0.158879,13.6163,12.868,217.252
0.0930105,0.303306,0.165834,20.336,14.9945,217.26
0.118563,0.209835,0.140845,9.69394,11.1338,217.269
0.10715,0.244994,0.134615,13.4048,12.8795,217.269
0.0971206,0.254361,0.162018,18.6886,14.7531,217.314
0.11835,0.210239,0.137755,9.96825,11.3012,217.315
0.0928514,0.0145784,0.0737626,22.4897,13.7878,217.316
0.102027,0.297381,0.157757,15.2982,12.7657,217.33
0.120692,0.225893,0.147138,8.94065,11.4506,217.356
0.098394,0.273212,0.145447,17.4506,13.848,217.37
0.108975,0.270042,0.13977,12.4225,11.2611,217.375
0.104452,0.288244,0.165314,14.7081,12.9606,217.438
0.108274,0.194914,0.114937,13.7688,12.1848,217.458
0.0959459,0.318104,0.164865,18.1397,13.9355,217.483
0.112871,0.23492,0.163766,11.0256,12.2153,217.502
0.103648,0.210641,0.131553,15.4486,13.3892,217.503
0.0982798,0.275285,0.162601,17.6896,14.9287,217.512
0.0887816,0.259158,0.131584,23.1662,14.5383,217.514
0.0926486,0.188858,0.114481,21.2328,14.8381,217.522
0.119691,0.247627,0.152008,8.63182,11.6196,217.545
0.103842,0.308944,0.161458,14.9156,12.8167,217.553
0.120811,0.22869,0.163539,8.16827,11.7947,217.554
0.119908,0.0027208,0.0602599,10.3835,10.2197,217.569
0.10635,0.0482709,0.0817913,15.7678,12.5164,217.606
0.105245,0.256326,0.129924,14.8648,12.9896,217.617
0.114537,0.245002,0.160159,10.2116,12.257,217.625
0.115901,0.217905,0.135868,10.3732,11.2552,217.629
0.10469,0.281294,0.150517,14.375,12.919,217.674
0.105373,0.23456,0.146676,14.0183,13.126,217.675
0.100269,0.284737,0.138724,16.889,12.8693,217.678
0.101115,0.231203,0.153146,16.2745,14.5369,217.698
0.0897649,0.309334,0.159322,22.5399,14.1551,217.707
0.0907377,0.340827,0.152037,21.058,13.8293,217.724
0.0930345,0.313753,0.148259,20.9024,13.8078,217.728
0.101702,0.301066,0.144274,15.6552,12.0749,217.739
0.096586,0.295482,0.147108,18.4036,13.9589,217.748
0.0976666,0.0655944,0.0819964,19.7414,13.0184,217.761
0.088597,0.277848,0.141335,23.204,14.9638,217.765
0.112025,0.249679,0.15279,11.854,12.5881,217.773
0.105148,0.25372,0.135422,14.866,12.2779,217.798
0.109086,0.269049,0.132238,12.6066,11.2903,217.815
0.105115,0.268673,0.14233,14.0974,12.2553,217.819
0.0911635,0.310451,0.165019,21.6546,14.4837,217.825
0.120679,0.233847,0.163522,8.41736,11.2889,217.841
0.089989,0.29459,0.157325,22.5836,14.2425,217.842
0.101797,0.0556084,0.0751375,17.2908,12.5585,217.851
0.111029,0.194854,0.125257,12.2213,12.5845,217.884
0.11854,0.204651,0.148585,9.4361,12.8355,217.884
0.0901465,0.271517,0.141105,22.98,14.7221,217.914
0.0949216,0.281627,0.151308,19.344,14.0149,217.915
0.114911,0.237059,0.132549,10.0707,11.1984,217.954
0.103252,0.243492,0.127434,15.6392,12.9651,217.961
0.0944887,0.317576,0.159129,19.0742,13.753,217.966
0.095491,0.248431,0.127679,19.7661,13.5001,217.976
0.0969231,0.251295,0.141857,18.9596,14.5378,217.981
0.102617,0.269974,0.140319,15.0651,12.5334,217.986
0.0926992,0.319957,0.146435,20.74,13.1586,218.004
0.0946425,0.315686,0.157149,19.326,13.9125,218.008
0.100526,0.275275,0.129881,16.106,12.7509,218.008
0.106167,0.281516,0.150831,13.958,12.3572,218.027
0.100552,0.280158,0.131368,16.4182,12.9889,218.032
0.103119,0.128212,0.0955726,16.8936,12.7987,218.04
0.0988895,0.271295,0.154428,17.6464,13.9459,218.062
0.0897436,0.290555,0.166217,22.4567,15.4903,218.073
0.117442,0.22553,0.123711,9.88601,11.6766,218.094
0.0900914,0.274111,0.162905,22.7303,15.2672,218.108
0.0901221,0.276283,0.165033,22.62,15.6686,218.109
0.101474,0.211892,0.109228,16.5059,12.3583,218.123
0.112842,0.231839,0.127417,11.8029,11.0473,218.157
0.0988829,0.272389,0.153403,17.5769,13.7235,218.181
0.11569,0.218533,0.154782,10.1354,12.015,218.201
0.11835,0.23003,0.150979,9.96805,11.455,218.204
0.101842,0.181402,0.0983308,16.5858,12.8432,218.226
0.1048,0.269692,0.152346,14.648,13.9329,218.227
0.118223,0.218815,0.159684,9.57252,12.8039,218.229
0.110019,0.221805,0.106655,12.38,11.7728,218.232
0.102008,0.18546,0.103411,16.5205,12.4418,218.24
0.115458,0.229913,0.135762,10.6184,11.5821,218.258
0.100678,0.275173,0.150848,16.2054,13.3537,218.259
0.097137,0.255818,0.156702,18.7607,14.0952,218.271
0.104128,0.0348639,0.0758851,16.2363,12.9133,218.275
0.101327,0.0634612,0.0824121,17.32,13.3361,218.29
0.0992298,0.228264,0.149233,17.0479,14.29,218.291
0.0989046,0.249394,0.14568,17.7215,14.6329,218.299
0.100744,0.244627,0.131502,16.4524,13.7316,218.303
0.103447,0.215851,0.125096,15.0122,13.9081,218.304
0.102315,0.0175268,0.0697979,17.8121,12.8262,218.32
0.0953444,0.233105,0.133172,19.1697,14.6594,218.324
0.115551,0.224928,0.144545,10.3528,11.7082,218.325
0.109353,0.256025,0.122883,12.1095,11.7088,218.326
0.105773,0.214647,0.119553,14.098,12.7421,218.344
0.100869,0.267946,0.135768,16.9112,13.4135,218.373
0.0901435,0.27204,0.161194,22.8558,15.841,218.387
0.135114,0.190426,0.149195,4.0063,10.9107,218.387
0.114028,0.255926,0.133818,10.7551,11.216,218.408
0.105904,0.0798599,0.0874092,15.0627,12.3554,218.419
0.124279,0.215014,0.146608,7.61822,11.6672,218.483
0.0997437,0.031965,0.0773492,18.4104,13.9905,218.528
0.110734,0.227287,0.158829,12.7909,12.7401,218.537
0.100159,0.00962337,0.0677593,18.6204,12.8956,218.542
0.102689,0.272187,0.139474,15.8512,12.6927,218.553
0.0916167,0.282054,0.144842,21.8957,14.3746,218.556
0.106083,0.289695,0.158881,13.7511,12.4471,218.56
0.097938,0.0488971,0.0775529,19.8081,13.8666,218.579
0.0982945,0.0213837,0.0703913,19.3606,12.5895,218.582
0.118494,0.214183,0.139737,9.94918,11.9573,218.584
0.113561,0.179161,0.107024,11.3863,11.909,218.585
0.105007,0.257663,0.135922,14.2268,12.2202,218.601
0.118584,0.211257,0.161105,9.68924,12.0818,218.603
0.0974988,0.0721353,0.0809155,19.1365,13.8125,218.606
0.0918143,0.270177,0.151227,21.7855,14.53,218.619
0.101979,0.282136,0.133422,15.2423,12.0166,218.625
0.112788,0.231266,0.12576,11.5518,11.5371,218.633
0.104854,0.250229,0.107484,14.5991,11.3263,218.647
0.105009,0.280682,0.15878,14.4293,12.775,218.663
0.0949799,0.292412,0.155812,19.0979,14.4313,218.686
0.116035,0.199832,0.139459,10.8967,12.3797,218.686
0.0924114,0.0748276,0.0823933,22.641,13.3352,218.696
0.102357,0.0123882,0.0691375,17.8409,12.2426,218.712
0.096586,0.269106,0.161019,18.8276,14.5991,218.726
0.11572,0.221954,0.131413,10.0948,11.657,218.76
0.103646,0.311392,0.16079,14.6497,12.8152,218.769
0.131511,0.200999,0.144713,5.62713,10.2299,218.786
0.0969111,0.272473,0.142574,18.4713,13.7922,218.797
0.0932544,0.286624,0.156443,20.2965,14.6389,218.797
0.0930873,0.307837,0.151428,20.0285,14.594,218.802
0.11027,0.223384,0.160885,12.8924,13.2748,218.803
0.124558,0.216872,0.157529,7.22019,11.4109,218.805
0.107465,0.237641,0.155098,13.3269,13.2449,218.807
0.101461,0.319125,0.165179,15.3665,12.4704,218.819
0.114586,0.250043,0.160422,10.9916,12.7851,218.827
0.0900864,0.287019,0.154206,22.5225,14.3409,218.849
0.105234,0.225446,0.137544,14.7356,13.2114,218.858
0.118118,0.221941,0.13696,9.31593,11.116,218.883
0.092834,0.311929,0.156383,20.9756,14.1081,218.883
0.109881,0.236382,0.16243,12.2878,13.6069,218.885
0.107423,0.256462,0.13652,13.3488,12.8167,218.894
0.0975018,0.0627222,0.0807367,19.1958,13.9626,218.912
0.107973,0.227032,0.161686,13.4901,13.6925,218.935
0.105335,0.231187,0.12833,14.2608,12.2613,218.94
0.0936212,0.258955,0.144955,20.4653,14.288,218.947
0.117142,0.243496,0.135561,9.04399,11.0684,218.948
0.102069,0.176729,0.11365,16.9755,13.9732,218.956
0.118288,0.212674,0.139859,9.51526,11.0206,218.962
0.104926,0.241427,0.127118,14.7629,12.0448,218.963
0.0968073,0.281417,0.165918,18.5085,14.1748,218.987
0.105592,0.257918,0.140146,14.0084,12.4513,218.992
0.117371,0.231932,0.136877,9.02239,11.2759,218.992
0.097088,0.120669,0.0894533,19.5941,13.1734,219.006
0.105854,0.0725735,0.0802022,15.2361,12.7082,219.011
0.0886209,0.273781,0.138042,23.3878,14.5049,219.017
0.143216,0.184531,0.15825,2.62969,10.1613,219.023
0.110485,0.198838,0.105294,12.0471,11.8013,219.035
0.103277,0.245033,0.129539,15.5532,12.2809,219.054
0.120936,0.233784,0.152778,8.78999,11.116,219.08
0.0925837,0.323967,0.159919,20.4461,13.974,219.101
0.0984004,0.275532,0.127035,17.0344,12.117,219.102
0.114393,0.00586728,0.0709158,12.1526,11.4772,219.116
0.0978688,0.0492979,0.0728469,19.7296,12.9607,219.13
0.117374,0.241195,0.148298,9.71685,11.1457,219.136
0.101008,0.265803,0.134237,16.8323,13.1779,219.138
0.118616,0.211424,0.162203,9.89427,12.9749,219.148
0.101804,0.289141,0.136269,15.1803,12.8732,219.151
0.1128,0.228893,0.123202,11.4629,11.5778,219.153
0.104126,0.198558,0.114714,15.5293,12.2032,219.153
0.127995,0.205421,0.144241,6.79184,10.0053,219.156
0.104812,0.244437,0.127453,14.4442,12.1344,219.174
0.120224,0.228753,0.133184,8.07569,11.7466,219.186
0.103002,0.251497,0.118663,15.897,12.3175,219.192
0.11421,0.244366,0.131742,10.044,11.1034,219.217
0.110691,0.214882,0.134384,12.0772,12.6582,219.225
0.0994242,0.0682939,0.0826185,18.8008,13.6602,219.225
0.101554,0.305732,0.147976,15.4254,12.5079,219.227
0.0880045,0.338685,0.164036,23.8636,14.5445,219.234
0.0986594,0.279404,0.160234,17.3967,14.5635,219.238
0.109618,0.247464,0.120435,12.3661,11.3659,219.245
0.114147,0.265389,0.157516,10.5852,11.1864,219.247
0.111054,0.2743,0.143976,11.3649,11.4208,219.285
0.107464,0.231542,0.104212,13.7719,11.9796,219.289
0.0940506,0.203381,0.119849,20.3582,14.1586,219.295
0.106094,0.0581478,0.0774161,15.653,12.5669,219.298
0.103961,0.177071,0.114366,15.9442,13.872,219.303
0.111439,0.152022,0.0917889,12.6626,11.2172,219.307
0.0987163,0.287034,0.148921,17.6547,13.4795,219.31
0.102477,0.281403,0.15173,15.9673,12.3508,219.324
0.118203,0.21958,0.163141,9.5074,12.4935,219.334
0.104846,0.249137,0.155111,14.3062,13.7074,219.342
0.0931108,0.312811,0.163846,20.7541,14.4756,219.344
0.106573,0.276139,0.131406,13.0661,11.7306,219.344
0.102249,0.283434,0.150605,15.5218,13.3634,219.344
0.0903283,0.265792,0.142137,22.4384,14.7337,219.344
0.0945587,0.313541,0.158379,19.4492,14.7894,219.348
0.102178,0.299592,0.156466,15.294,12.1027,219.351
0.104203,0.197181,0.117753,15.3862,12.5053,219.351
0.0911695,0.328281,0.162584,21.055,14.1015,219.362
0.0992604,0.253794,0.157638,17.1201,13.7739,219.374
0.135815,0.178104,0.130087,4.41501,10.3061,219.378
0.135349,0.18813,0.142069,4.99892,10.0184,219.383
0.103861,0.0668344,0.0792591,16.9861,12.9161,219.387
0.111932,0.0161385,0.0743008,13.4585,11.7058,219.387
0.09941,0.234514,0.132713,17.7351,13.6289,219.4
0.115055,0.236846,0.14838,10.5938,11.0365,219.41
0.131488,0.196101,0.147538,5.81208,10.4904,219.41
0.0987009,0.252715,0.130309,17.509,13.9367,219.41
0.0969188,0.258559,0.159253,18.137,14.0079,219.416
0.111562,0.253915,0.135282,11.9129,11.1956,219.431
0.111466,0.0134365,0.0762538,13.9714,12.0593,219.456
0.101633,0.311052,0.149511,15.008,12.0208,219.463
0.127771,0.198404,0.146769,6.27677,11.9527,219.495
0.104072,0.202183,0.115041,15.2642,12.1258,219.509
0.117368,0.23387,0.134541,9.47607,11.8793,219.51
0.103128,0.23627,0.120544,15.9575,12.6201,219.51
0.104257,0.287344,0.162759,14.0807,13.4082,219.511
0.102305,0.277837,0.128936,15.0698,12.6209,219.516
0.10286,0.24816,0.131552,15.5766,12.7993,219.532
0.102257,0.283168,0.149766,15.7675,13.553,219.534
0.108842,0.0393754,0.0719967,14.2304,11.6029,219.538
0.104502,0.265007,0.119621,14.2149,11.0609,219.548
0.102106,0.172891,0.101408,16.1612,12.578,219.55
0.108438,0.17517,0.0948059,13.9578,11.543,219.57
0.0988442,0.253917,0.120441,17.7691,12.6809,219.571
0.106218,0.215029,0.133301,14.4996,12.0172,219.59
0.0990568,0.248965,0.163174,17.3142,14.424,219.607
0.100678,0.131529,0.0978999,17.2281,13.5321,219.613
0.0961675,0.303328,0.157167,18.6685,13.0482,219.615
0.101208,0.0973485,0.0825943,17.8634,12.2725,219.623
0.121667,0.198918,0.134461,8.86068,11.9327,219.627
0.11389,0.264983,0.152576,10.7581,11.7963,219.64
0.110084,0.235519,0.16503,12.6126,13.5719,219.643
0.117377,0.241068,0.145536,9.91041,11.511,219.648
0.0981199,0.293199,0.125806,17.0633,12.0049,219.675
0.117987,0.219146,0.140943,9.43026,11.5856,219.676
0.100892,0.263369,0.11824,16.0036,12.8536,219.692
0.103602,0.223244,0.14049,15.9208,13.182,219.704
0.118148,0.236632,0.150199,9.18399,11.7793,219.704
0.113305,0.207676,0.146502,11.0269,12.3416,219.705
0.0968384,0.133193,0.0914218,19.5143,13.8684,219.718
0.116067,0.192763,0.137319,10.5656,12.1233,219.76
0.113374,0.201493,0.133256,11.7596,12.8787,219.77
0.0918239,0.26447,0.164769,21.2442,15.859,219.77
0.104336,0.171703,0.0992842,15.681,12.1401,219.772
0.104727,0.27121,0.134945,14.2413,12.4067,219.775
0.106212,0.0472976,0.0645043,15.8589,11.5445,219.779
0.0959192,0.194653,0.120895,19.0299,14.1737,219.784
0.096837,0.275419,0.13765,18.785,13.5405,219.785
0.118473,0.21178,0.157928,9.35111,12.6961,219.788
0.117082,0.0135571,0.073574,11.8754,11.4562,219.797
0.115507,0.235586,0.16524,10.5265,12.2781,219.799
0.0948093,0.299514,0.14574,19.064,13.346,219.807
0.107439,0.242149,0.152744,13.3471,13.0339,219.808
0.104101,0.0523631,0.0775388,16.6696,12.2576,219.809
0.112671,0.104604,0.084728,12.6813,11.0925,219.818
0.0896048,0.320095,0.162277,22.4217,14.2877,219.821
0.0992684,0.229419,0.11216,17.7761,12.6065,219.825
0.120991,0.224578,0.164424,8.32657,12.7231,219.828
0.118045,0.200497,0.0970786,9.2991,10.9339,219.833
0.104849,0.254769,0.124648,14.1592,12.0901,219.834
0.109819,0.10408,0.0791397,13.6385,11.6675,219.839
0.117277,0.0122293,0.0747461,11.0912,11.0999,219.847
0.0980971,0.0419572,0.0773085,19.9356,13.0279,219.868
0.0959984,0.305049,0.14458,18.518,13.1044,219.871
0.101946,0.279465,0.125775,15.9537,12.2982,219.876
0.100032,0.187,0.108971,17.5807,13.8798,219.915
0.0957259,0.236247,0.131135,19.9722,13.7332,219.926
0.0993018,0.0796652,0.0755707,18.0263,12.6214,219.931
0.111511,0.0320511,0.0733174,13.1653,11.4841,219.933
0.106545,0.161849,0.0971814,14.6528,12.4599,219.957
0.101037,0.246606,0.165873,16.3903,14.5174,219.96
0.101315,0.208767,0.104647,16.5662,12.6713,219.978
0.100406,0.269174,0.159681,16.5993,14.3014,219.978
0.10313,0.265164,0.140035,15.2244,12.2736,219.98
0.102486,0.154872,0.0992018,16.6282,12.1074,219.992
0.108413,0.0540713,0.0817648,14.7771,12.0597,220.014
0.107938,0.0840639,0.0768049,14.1115,11.3616,220.018
0.101846,0.287938,0.134128,15.8385,12.0659,220.064
0.0920676,0.248654,0.140544,21.8573,14.9934,220.078
0.0963577,0.30023,0.147497,18.8661,13.5203,220.085
0.10013,0.285604,0.14669,16.9886,13.3436,220.094
0.0919899,0.256497,0.144629,21.0353,14.092,220.096
0.110463,0.185585,0.0986223,12.492,11.4962,220.103
0.102859,0.264149,0.13817,15.2436,13.2469,220.107
0.0932119,0.286138,0.14415,20.6073,13.9501,220.108
0.100725,0.24747,0.119578,16.5121,12.586,220.112
0.106542,0.269526,0.149781,13.6392,12.4017,220.124
0.0997734,0.0511102,0.0726907,18.2996,12.7176,220.132
0.107703,0.243139,0.133357,13.9076,12.8102,220.156
0.100627,0.267922,0.164857,16.8035,13.7152,220.157
0.105283,0.238158,0.152537,14.9398,13.6123,220.176
0.103226,0.0980742,0.0827066,16.2791,12.4253,220.181
0.092612,0.315265,0.16578,20.0638,14.679,220.186
0.115756,0.214347,0.119577,10.7137,11.8071,220.198
0.11464,0.26129,0.163966,10.3255,11.0433,220.201
0.11246,0.237931,0.146978,11.719,12.0628,220.215
0.115395,0.211638,0.139529,10.2412,12.1489,220.223
0.0869408,0.294458,0.163553,24.9398,15.162,220.227
0.0999447,0.0224083,0.0732896,18.5957,13.8666,220.251
0.11598,0.221942,0.132482,10.9283,11.508,220.257
0.115214,0.245063,0.150586,10.0013,11.8678,220.262
0.13919,0.186345,0.144532,3.60912,10.5303,220.276
0.114745,0.226584,0.124181,10.463,11.5272,220.28
0.0973927,0.213032,0.131365,18.2637,14.505,220.286
0.135321,0.190312,0.14787,4.84801,10.7842,220.297
0.100811,0.125591,0.0840768,17.1363,12.7822,220.302
0.0923072,0.340988,0.155663,20.8101,13.1745,220.308
0.113336,0.0669091,0.0810617,12.0941,11.7321,220.312
0.107964,0.0694975,0.0813933,14.6058,12.0694,220.319
0.10728,0.232137,0.110105,13.7716,11.5941,220.329
0.114264,0.252462,0.146145,10.636,11.9637,220.344
0.121345,0.212527,0.132454,8.77606,11.7575,220.344
0.134879,0.2033,0.154518,4.49336,10.1286,220.366
0.0932423,0.285756,0.15044,20.2142,14.8601,220.379
0.0910861,0.0490677,0.0761726,23.9289,13.4356,220.387
0.103896,0.0367205,0.059157,16.2689,11.5366,220.393
0.0933627,0.285064,0.143062,20.7865,13.8524,220.395
0.0964982,0.292683,0.148864,18.1269,13.2173,220.403
0.102976,0.276268,0.145926,15.4465,12.9235,220.409
0.10572,0.0971202,0.0893406,15.5325,12.3756,220.432
0.102569,0.255187,0.121285,15.7475,12.3998,220.438
0.106874,0.15003,0.0991409,14.1803,12.3658,220.44
0.0920003,0.273733,0.162065,21.2263,14.9517,220.443
0.110032,0.213196,0.123094,12.0615,12.8954,220.443
0.127704,0.21673,0.154836,6.39482,10.7818,220.447
0.104695,0.270337,0.147877,14.745,13.9101,220.452
0.0957613,0.247131,0.140775,19.457,13.9338,220.457
0.111519,0.250707,0.137708,11.8963,12.6775,220.458
0.098122,0.193338,0.117114,18.1705,13.6079,220.458
0.11121,0.2659,0.159076,11.5602,12.5951,220.465
0.112072,0.240108,0.118283,11.2998,11.0854,220.467
0.0983621,0.0224596,0.0707202,19.4981,12.1304,220.469
0.0908374,0.338725,0.160254,21.2725,13.0898,220.469
0.0932898,0.292595,0.164369,20.7799,14.5344,220.472
0.0958343,0.209003,0.110125,19.0518,13.6614,220.489
0.0990723,0.243147,0.144887,17.1278,14.5602,220.495
0.10558,0.0939602,0.0861071,15.3925,12.9946,220.499
0.112878,0.207175,0.114288,11.87,11.5033,220.501
0.10893,0.0228056,0.0672514,14.0941,11.5754,220.513
0.115283,0.232183,0.151704,10.0903,11.9045,220.517
0.09196,0.239144,0.125345,21.1943,14.1719,220.518
0.108273,0.0418708,0.0613582,14.1131,11.3464,220.519
0.118658,0.203526,0.119349,9.00922,11.6658,220.534
0.127384,0.207764,0.162385,6.20526,11.7437,220.536
0.101295,0.239415,0.12872,16.9052,12.0379,220.536
0.0867932,0.312924,0.147925,24.9036,14.3139,220.55
0.0934274,0.274729,0.13072,20.3468,13.0635,220.557
0.0966613,0.280254,0.152905,18.9948,14.4453,220.561
0.108833,0.0114192,0.0591259,14.8278,11.7671,220.563
0.114725,0.22273,0.121905,10.1602,11.3218,220.573
0.0914161,0.315798,0.138291,21.4004,13.3742,220.598
0.0986428,0.256356,0.137252,17.4255,13.4223,220.6
0.0997451,0.0437869,0.0704709,18.9361,12.4576,220.611
0.105041,0.138073,0.101956,15.6139,12.6396,220.612
0.107548,0.111158,0.0932771,14.9177,12.1666,220.623
0.103455,0.0722899,0.0649824,16.7758,11.3202,220.629
0.102717,0.0198788,0.0636873,17.6146,12.7776,220.632
0.12135,0.204985,0.156057,8.5568,12.2918,220.641
0.127622,0.212991,0.161001,6.28874,11.6235,220.642
0.104203,0.0483415,0.0782704,16.1017,12.8027,220.656
0.121314,0.20247,0.150345,8.58032,12.3909,220.669
0.112326,0.222213,0.118926,11.1779,11.3675,220.67
0.118185,0.23857,0.161606,9.62383,11.6066,220.672
0.102674,0.246207,0.121235,15.7286,12.8679,220.673
0.0946337,0.317,0.152286,19.695,13.4284,220.679
0.111551,0.00787747,0.0680256,13.9272,11.1382,220.682
0.104766,0.260016,0.146339,14.3406,13.2444,220.691
0.112679,0.235908,0.133218,11.5089,11.176,220.692
0.107003,0.248938,0.159731,13.1853,13.015,220.693
0.1094,0.118899,0.0818829,13.5506,11.717,220.694
0.117866,0.206006,0.1019,9.84228,10.2913,220.702
0.12819,0.196866,0.140503,6.37281,10.6648,220.703
0.0921704,0.228299,0.129046,21.9275,14.1656,220.714
0.116997,0.0189919,0.0758707,11.0753,11.7687,220.721
0.105957,0.0605651,0.0669427,15.0807,11.697,220.731
0.115729,0.192935,0.0934553,10.6374,10.2268,220.74
0.112457,0.219751,0.111852,11.4096,11.206,220.763
0.118626,0.21487,0.14549,9.10503,11.3794,220.77
0.109965,0.214202,0.104129,12.6645,11.4534,220.771
0.106148,0.2832,0.162771,13.9319,13.0105,220.776
0.101418,0.252289,0.166086,16.6443,13.1196,220.777
0.108738,0.28206,0.14072,12.9771,11.3453,220.782
0.107033,0.244306,0.112562,13.0144,11.5954,220.782
0.100948,0.276495,0.15018,16.1283,13.9648,220.797
0.100388,0.0193898,0.068686,18.0583,12.4855,220.802
0.107441,0.230694,0.145416,13.4023,13.4961,220.81
0.104205,0.175745,0.117172,15.2068,13.14,220.811
0.110325,0.213452,0.132307,12.0207,12.0566,220.811
0.109132,0.161196,0.109216,13.4988,12.5613,220.812
0.0995162,0.315876,0.16025,16.987,13.1153,220.813
0.11294,0.20554,0.131932,11.3873,12.4102,220.818
0.117955,0.222229,0.145562,9.46554,11.5538,220.821
0.119927,0.151558,0.108313,9.51389,11.8805,220.827
0.100593,0.25025,0.134503,16.8461,13.0106,220.828
0.0969078,0.260011,0.131336,18.7122,13.733,220.828
0.112655,0.223372,0.124227,11.8846,11.349,220.829
0.0987692,0.276494,0.121077,17.5407,12.4765,220.848
0.105426,0.212583,0.114678,14.3408,12.9487,220.849
0.100028,0.284423,0.131609,16.1953,12.3246,220.853
0.10081,0.271119,0.143909,16.1818,13.371,220.858
0.109781,0.116771,0.0953723,13.4205,12.1063,220.858
0.104438,0.188198,0.112617,15.5956,12.9729,220.871
0.0989364,0.125379,0.0907255,18.4908,13.828,220.872
0.113208,0.0529456,0.0717061,12.0253,11.6375,220.873
0.101103,0.256731,0.128992,16.1032,13.3507,220.896
0.112821,0.0989936,0.0861518,12.0232,11.0071,220.954
0.10784,0.259782,0.160372,13.9714,12.8763,220.955
0.104393,0.264434,0.137715,14.3093,12.352,220.956
0.113331,0.066969,0.0784441,12.2645,11.8857,220.964
0.0932076,0.303184,0.137311,20.7578,13.0304,220.968
0.107535,0.239363,0.163346,13.4083,13.4987,220.971
0.0927726,0.0214067,0.0741124,22.6774,13.0187,220.972
0.128136,0.20269,0.137984,6.45038,10.9104,220.989
0.101598,0.224813,0.118949,16.4327,12.571,221.013
0.120089,0.245467,0.156882,8.28278,11.057,221.016
0.10224,0.274603,0.164976,15.5787,13.2959,221.019
0.116846,0.256439,0.148965,9.10317,11.3857,221.028
0.11289,0.0982903,0.0874687,12.3764,11.7999,221.037
0.121913,0.17692,0.118123,8.24292,11.0923,221.04
0.11384,0.267679,0.144808,10.8379,11.7514,221.051
0.0978703,0.183811,0.105237,18.5721,13.3911,221.051
0.109614,0.232559,0.132325,12.2788,12.4914,221.052
0.118493,0.0807968,0.0832448,10.1987,11.112,221.066
0.114757,0.257016,0.157982,10.7236,11.3478,221.071
0.0997176,0.203359,0.112183,17.8653,13.2801,221.077
0.11182,0.261174,0.147651,11.2836,11.5078,221.083
0.11633,0.0641318,0.0816993,11.3443,11.4292,221.108
0.101417,0.317254,0.154695,15.9125,12.4517,221.11
0.102812,0.258275,0.136596,15.6946,13.3906,221.115
0.0930187,0.306802,0.162919,20.4306,14.3184,221.118
0.118582,0.211141,0.125414,9.33854,11.8427,221.119
0.120958,0.214448,0.147879,8.49028,11.9364,221.12
0.0943535,0.321733,0.153044,19.9556,13.2971,221.131
0.103575,0.212051,0.111637,15.0355,12.9407,221.139
0.112472,0.223465,0.111982,11.4361,11.7471,221.139
0.10497,0.239846,0.163252,14.7208,14.0138,221.14
0.101298,0.22934,0.116092,16.3018,12.8529,221.14
0.0879742,0.327307,0.159595,23.5984,14.7978,221.143
0.109707,0.227205,0.127279,12.0167,12.5782,221.151
0.101799,0.284112,0.128967,15.4733,12.1017,221.154
0.103643,0.199155,0.0952601,15.6586,11.3492,221.162
0.106936,0.011545,0.0740727,15.5454,12.1725,221.165
0.11809,0.214706,0.129669,9.29942,11.0239,221.178
0.0914022,0.172978,0.100102,22.6361,13.9665,221.181
0.105675,0.226558,0.120386,14.0009,12.7101,221.183
0.101938,0.0224257,0.0706132,17.4786,12.9122,221.193
0.101985,0.292259,0.133862,15.3718,12.2315,221.198
0.116509,0.266077,0.159665,9.23198,11.2999,221.206
0.124078,0.225823,0.156039,7.02348,11.1149,221.207
0.0988476,0.105065,0.0885741,18.6715,13.4677,221.225
0.112825,0.238044,0.137858,11.8832,11.3416,221.228
0.0893998,0.216684,0.105355,23.9619,13.3022,221.248
0.0906766,0.344199,0.157138,21.3272,13.6556,221.264
0.0928528,0.309658,0.146395,20.0225,13.8435,221.279
0.103095,0.143684,0.0814943,16.2963,12.7271,221.283
0.105829,0.205365,0.112186,14.1132,12.9399,221.291
0.106174,0.169232,0.112458,14.6965,13.6332,221.306
0.0963694,0.0314552,0.0756563,20.8021,13.1911,221.313
0.104338,0.291141,0.16622,14.7964,13.2974,221.334
0.109612,0.237079,0.139276,12.2869,12.3736,221.348
0.107586,0.234023,0.111449,13.7436,11.4198,221.352
0.11719,0.132264,0.0955468,10.905,11.5952,221.357
0.115533,0.217464,0.122595,10.0377,11.3165,221.358
0.11536,0.21422,0.124106,10.8147,11.2486,221.388
0.106434,0.0371797,0.0763806,15.2605,12.504,221.42
0.102189,0.29866,0.165349,15.4567,13.5008,221.422
0.10644,0.156485,0.108546,14.0976,13.2622,221.423
0.113371,0.172497,0.0978438,11.2372,11.6876,221.425
0.101118,0.262629,0.124138,16.4344,12.4482,221.426
0.118534,0.220705,0.145698,9.478,11.2917,221.429
0.1075,0.235729,0.148079,13.2202,13.3535,221.43
0.100479,0.25516,0.120409,16.4788,12.7131,221.437
0.121479,0.220314,0.141461,8.68299,11.1471,221.441
0.120875,0.231469,0.14759,8.68325,11.4199,221.46
0.127804,0.205654,0.15792,6.20386,11.5544,221.461
0.115197,0.218162,0.144968,10.6668,12.0269,221.478
0.102208,0.269664,0.138683,15.8603,12.7515,221.48
0.107337,0.233265,0.164773,13.1549,14.8808,221.484
0.11321,0.179875,0.102589,11.3893,11.3903,221.485
0.113633,0.0464847,0.0734764,12.474,11.2903,221.487
0.100425,0.291456,0.145921,16.3692,12.8331,221.494
0.100629,0.00385352,0.0618552,18.5558,12.4798,221.494
0.102495,0.27604,0.149799,15.6391,12.2964,221.498
0.0906615,0.34047,0.150603,21.0045,13.3619,221.498
0.115598,0.221125,0.120508,10.9768,11.2172,221.5
0.0869003,0.295654,0.162665,24.4071,15.9108,221.502
0.11524,0.208531,0.117517,10.7496,11.3825,221.507
0.0884117,0.312155,0.163541,23.6096,14.3559,221.512
0.0924671,0.205564,0.117758,21.0096,14.6197,221.518
0.0984792,0.0186288,0.0683617,19.3631,12.9608,221.52
0.104407,0.263886,0.108837,14.9309,11.3489,221.523
0.107105,0.152082,0.109443,14.682,12.3773,221.546
0.10257,0.0165955,0.0768924,17.309,12.2963,221.564
0.103484,0.247047,0.164117,15.4056,13.3113,221.566
0.104274,0.271982,0.126199,14.6046,12.8941,221.568
0.115608,0.214637,0.116669,10.2621,11.647,221.578
0.113475,0.180373,0.11949,11.8159,12.3095,221.584
0.104026,0.217858,0.127808,15.4432,12.5985,221.593
0.109723,0.232349,0.151364,12.3552,13.5046,221.601
0.0874075,0.25179,0.124427,24.2657,14.7406,221.605
0.0965279,0.27734,0.143145,18.2573,13.6696,221.605
0.104608,0.279314,0.142171,14.7635,12.3507,221.613
0.107326,0.248458,0.13643,13.4405,12.9987,221.614
0.116176,0.0542424,0.0771498,11.1921,11.7844,221.621
0.107017,0.245728,0.106368,13.2252,11.7858,221.625
0.121595,0.188453,0.124173,8.16045,11.3297,221.627
0.101378,0.246008,0.116209,16.429,12.9418,221.629
0.109474,0.127523,0.0967763,13.125,12.682,221.633
0.116395,0.266741,0.153526,9.28868,11.7214,221.634
0.118287,0.230777,0.162697,9.23879,11.8267,221.649
0.112525,0.232115,0.129314,11.0827,11.7348,221.65
0.113439,0.290707,0.164053,10.0366,11.645,221.653
0.0993124,0.328048,0.165213,16.2007,12.4607,221.654
0.100891,0.27118,0.142218,16.2004,13.4516,221.655
0.117501,0.129976,0.098178,10.9962,11.5445,221.659
0.096634,0.277481,0.121174,18.5466,12.7511,221.663
0.114129,0.255553,0.148401,10.9571,11.7578,221.671
0.131906,0.180926,0.133193,5.43441,10.7258,221.675
0.0901692,0.273989,0.137039,22.9048,14.9989,221.68
0.108676,0.00620586,0.0765072,14.9373,13.8426,221.681
0.0954295,0.2583,0.161128,19.8378,14.7024,221.692
0.108826,0.0215916,0.0735792,14.0215,12.1981,221.705
0.120354,0.226574,0.143795,8.46372,11.1512,221.713
0.100399,0.00780216,0.074033,18.3417,13.5337,221.727
0.119951,0.151271,0.112789,9.38053,11.5667,221.734
0.111618,0.136409,0.08818,12.5505,11.9991,221.735
0.121163,0.217836,0.161766,8.1267,11.9629,221.74
0.0989657,0.269665,0.132717,17.1862,13.9019,221.757
0.107043,0.235941,0.101894,13.1216,11.7941,221.759
0.105594,0.0955129,0.0844091,15.1881,12.7136,221.765
0.106458,0.265966,0.131917,13.3829,12.3448,221.765
0.0977184,0.207204,0.101934,18.3695,12.3314,221.766
0.113637,0.192716,0.116841,11.5181,11.4737,221.773
0.0998658,0.309428,0.160741,16.7827,13.6662,221.773
0.108385,0.199211,0.116374,13.1679,12.8338,221.782
0.106112,0.283078,0.155268,13.4352,12.9663,221.786
0.11937,0.167911,0.112012,9.94141,11.7465,221.789
0.111879,0.251162,0.16456,11.2178,13.6878,221.804
0.0925647,0.198684,0.115087,21.9052,14.8611,221.811
0.097332,0.103939,0.0852483,19.9359,13.5311,221.812
0.115499,0.194618,0.112354,10.507,11.3383,221.819
0.101699,0.29185,0.154387,15.6091,13.8553,221.83
0.0957223,0.209073,0.110907,19.1317,13.7925,221.84
0.111627,0.248208,0.165091,11.2542,13.7652,221.845
0.102268,0.300618,0.163752,15.731,12.0655,221.846
0.0981661,0.297025,0.161548,17.4683,14.5011,221.849
0.0974349,0.226359,0.137443,18.3354,14.9067,221.866
0.0986889,0.275755,0.16175,17.5039,14.972,221.867
0.0931991,0.155572,0.0988292,21.6411,13.3624,221.869
0.103158,0.241204,0.122166,15.3745,12.7621,221.872
0.115927,0.204563,0.11508,10.295,11.0573,221.876
0.102559,0.270084,0.124328,15.5177,12.9358,221.915
0.10669,0.153946,0.0872121,14.4112,11.3308,221.915
0.110832,0.199057,0.132493,12.1994,12.4283,221.918
0.0930393,0.306211,0.152594,20.7114,13.1204,221.925
0.102583,0.0170886,0.0649042,17.3848,12.7345,221.926
0.119689,0.160283,0.108906,9.89186,11.521,221.932
0.119694,0.154922,0.108815,9.69221,11.1351,221.947
0.114448,0.242779,0.165329,10.7045,13.3921,221.956
0.100922,0.273272,0.14453,16.1545,13.2873,221.975
0.114551,0.254582,0.159153,10.0849,11.2162,221.985
0.108369,0.225847,0.146129,13.5758,12.6085,221.986
0.112702,0.21949,0.111293,11.3246,11.7821,221.993
0.10163,0.231409,0.147165,16.8973,13.2102,221.997
0.115604,0.0648455,0.0755431,11.1778,11.4315,221.999
0.103924,0.177079,0.100935,15.6595,12.7511,222.007
0.094639,0.291781,0.117841,19.3057,12.9127,222.009
0.0895781,0.325771,0.154878,22.848,14.8172,222.011
0.0977204,0.224119,0.127211,18.1007,13.2215,222.014
0.10936,0.248155,0.163805,12.6915,13.1616,222.014
0.113866,0.144125,0.0901968,11.6331,11.7627,222.017
0.106526,0.0237027,0.0673382,15.1887,11.1084,222.021
0.116405,0.267364,0.153638,9.40024,11.0645,222.024
0.116402,0.255309,0.142973,9.69781,11.6775,222.026
0.111646,0.13701,0.0949336,12.4878,12.8775,222.029
0.101818,0.189045,0.119365,16.7039,13.2222,222.031
0.0984243,0.15999,0.0907225,18.9176,12.3617,222.036
0.113848,0.0492382,0.0761308,12.2477,11.4396,222.036
0.103085,0.231528,0.114058,15.2755,12.9637,222.047
0.106067,0.188518,0.0979204,14.2812,11.7542,222.047
0.104953,0.235529,0.0978725,14.4597,11.4329,222.049
0.100007,0.30491,0.142287,16.1949,12.5292,222.059
0.100694,0.11523,0.0935713,17.3975,13.7738,222.064
0.0995593,0.238409,0.140348,17.0525,13.4072,222.087
0.12457,0.21534,0.16015,7.5891,11.7168,222.089
0.103179,0.0982566,0.0801989,16.2476,12.9725,222.089
0.0855705,0.306631,0.141971,25.9929,14.8952,222.095
0.120245,0.227299,0.137017,8.97562,11.9803,222.102
0.102949,0.256763,0.132863,15.6274,13.1121,222.104
0.116799,0.259157,0.15285,9.27247,11.3127,222.108
0.0999285,0.192577,0.101408,17.7638,12.0473,222.109
0.120235,0.0063471,0.0734842,10.8332,11.6494,222.11
0.0997108,0.219076,0.136399,17.8864,13.8169,222.114
0.0928328,0.286215,0.163718,20.9677,15.1959,222.118
0.125196,0.176998,0.128659,7.69514,11.3708,222.121
0.110507,0.204623,0.112368,12.2213,11.2942,222.123
0.120842,0.088484,0.0711825,9.6674,10.3711,222.124
0.0952558,0.254816,0.154042,19.3535,14.7083,222.129
0.0960811,0.299271,0.164405,18.7256,14.13,222.131
0.119661,0.250055,0.148983,8.12549,11.4736,222.133
0.0890839,0.349489,0.144901,22.8326,13.6686,222.136
0.101397,0.231873,0.133138,16.2515,13.3552,222.137
0.0944087,0.0412923,0.076392,21.9005,13.7821,222.139
0.101649,0.213951,0.118349,16.2505,12.1408,222.144
0.101312,0.0711342,0.0751587,17.7467,12.4738,222.145
0.0991323,0.0864034,0.0882781,18.3369,13.7638,222.153
0.0951692,0.276998,0.14506,19.7912,14.5832,222.158
0.118494,0.0763425,0.0837011,10.8244,11.5688,222.16
0.102172,0.29909,0.151371,15.6819,12.1709,222.169
0.0981794,0.170993,0.0924694,18.2606,12.5616,222.172
0.0975692,0.0798996,0.0777343,19.0706,12.3527,222.18
0.101376,0.228129,0.108121,16.7822,12.0438,222.181
0.112617,0.20096,0.105062,11.862,11.5891,222.187
0.0918025,0.264453,0.13537,21.982,14.8809,222.201
0.0990442,0.280206,0.156511,17.7809,13.8165,222.213
0.121745,0.171673,0.094044,8.63854,10.167,222.222
0.138938,0.179587,0.158372,3.85885,11.759,222.226
0.135788,0.176496,0.127252,4.44153,10.0679,222.23
0.10067,0.264479,0.162054,16.5935,14.9104,222.234
0.0950373,0.284745,0.155257,19.9242,14.3072,222.234
0.0950664,0.271995,0.143761,19.7265,13.749,222.236
0.110101,0.260275,0.158309,12.0761,12.723,222.242
0.13202,0.176309,0.116356,5.63753,10.2191,222.248
0.0982128,0.181659,0.111148,18.2838,13.148,222.25
0.115165,0.104122,0.0843302,11.5166,11.4307,222.25
0.10003,0.309829,0.156937,16.4624,12.1713,222.258
0.0959111,0.199555,0.106217,19.2668,13.4205,222.259
0.120053,0.23024,0.130691,8.2142,11.7842,222.259
0.125591,0.181372,0.140345,7.74652,11.6234,222.26
0.107084,0.251555,0.125616,13.0782,12.8125,222.269
0.102733,0.168688,0.0865094,16.3744,12.7198,222.273
0.108262,0.0669029,0.0848434,14.2926,12.7826,222.275
0.107515,0.228917,0.123201,13.4392,12.5374,222.28
0.105385,0.230449,0.136347,14.1395,13.1772,222.283
0.103528,0.244178,0.16281,15.0043,13.8311,222.297
0.131529,0.196152,0.1358,5.84083,10.2856,222.298
0.11169,0.0265038,0.0755509,13.3515,11.958,222.303
0.104025,0.276181,0.133403,14.9793,12.3618,222.311
0.105368,0.251697,0.155518,14.2295,12.8456,222.327
0.0864521,0.341616,0.165018,24.231,14.6054,222.329
0.106058,0.0414188,0.0634884,15.748,11.0131,222.333
0.108073,0.243032,0.161469,13.673,12.0181,222.334
0.124648,0.184959,0.108018,7.30114,10.1632,222.339
0.101905,0.181129,0.116469,16.5162,13.3372,222.339
0.0933453,0.279807,0.166128,20.5441,14.8886,222.343
0.0957463,0.0640707,0.0767957,20.6163,13.58,222.344
0.103251,0.244887,0.145284,15.9218,13.453,222.353
0.1094,0.272086,0.156009,12.0085,12.7903,222.357
0.117782,0.229103,0.132169,9.68116,11.9193,222.357
0.0901304,0.261909,0.154347,22.8176,15.9925,222.363
0.106739,0.276783,0.135738,13.3018,11.8498,222.372
0.0875096,0.258886,0.1347,24.3991,14.1513,222.379
0.0967324,0.275452,0.136818,18.5791,13.1653,222.383
0.0883753,0.304592,0.159971,23.4604,14.9102,222.384
0.12863,0.18848,0.124239,6.24824,10.4613,222.387
0.123871,0.218123,0.163058,7.89068,11.4734,222.39
0.0902955,0.269054,0.165049,22.8492,15.2058,222.393
0.102408,0.194736,0.0906715,16.8725,12.1362,222.401
0.0962279,0.29482,0.119903,18.7986,12.753,222.405
0.109893,0.223388,0.125559,12.9829,12.3356,222.408
0.125239,0.192864,0.150467,7.17498,11.2604,222.409
0.100075,0.0402682,0.0699407,18.2436,12.2274,222.411
0.134672,0.196456,0.140428,4.69405,10.6384,222.416
0.119955,0.240819,0.151817,8.46145,11.9824,222.432
0.113598,0.190213,0.125882,11.3871,12.4532,222.444
0.100805,0.257871,0.117711,16.8186,12.7929,222.454
0.0922987,0.0684138,0.0795636,22.8651,13.9162,222.458
0.114659,0.23858,0.163641,10.7988,12.6444,222.461
0.114622,0.0143553,0.072186,12.1858,11.8193,222.461
0.0958115,0.0796404,0.086342,20.6968,13.5245,222.476
0.0911736,0.0187949,0.0728195,23.2744,13.9079,222.48
0.105601,0.0883738,0.0756009,15.9368,11.6698,222.488
0.100404,0.25811,0.134266,16.1854,13.0008,222.488
0.116457,0.252774,0.155858,9.78927,12.5118,222.489
0.101956,0.0718065,0.0714902,17.1999,12.4048,222.497
0.0931555,0.303574,0.15586,20.5787,14.924,222.502
0.0945557,0.0120479,0.0807702,21.5174,14.7582,222.503
0.109904,0.0964161,0.0844755,13.875,12.0658,222.511
0.119513,0.0263168,0.0630787,10.6709,10.5478,222.525
0.101346,0.23917,0.126159,16.7062,13.8912,222.531
0.0983775,0.27379,0.130777,17.623,12.1532,222.541
0.118156,0.223767,0.15887,9.29439,11.4574,222.546
0.110064,0.212017,0.134742,12.211,13.535,222.55
0.0929796,0.0206054,0.0727742,22.6963,13.0833,222.559
0.124459,0.221499,0.149873,7.80097,10.9938,222.569
0.130928,0.183686,0.109542,5.93486,10.9378,222.573
0.110238,0.0807344,0.0774225,13.9111,11.7573,222.586
0.0868573,0.326418,0.160798,24.3164,14.8267,222.6
0.088739,0.268183,0.134263,23.3334,14.6224,222.609
0.103101,0.254757,0.138983,15.7679,13.1948,222.611
0.101133,0.24068,0.120291,16.2545,12.3344,222.613
0.0912839,0.280169,0.154949,21.1685,15.1919,222.618
0.126422,0.135053,0.110331,7.0322,11.7846,222.618
0.114171,0.0232531,0.0691025,12.9651,11.3313,222.618
0.101661,0.298843,0.145304,15.985,12.1286,222.625
0.114243,0.24104,0.165236,10.4604,13.9376,222.631
0.0962061,0.298053,0.127864,18.8694,12.4248,222.637
0.112856,0.212756,0.140249,11.3512,12.1091,222.643
0.099827,0.0462004,0.0710976,18.075,12.9104,222.644
0.0914067,0.318669,0.157025,21.9919,14.3228,222.645
0.0955885,0.264812,0.151575,19.0176,13.5927,222.646
0.107619,0.232519,0.103756,13.2909,11.5228,222.648
0.108325,0.28174,0.149284,12.3224,12.5049,222.665
0.0910037,0.038218,0.0742622,23.7459,13.8117,222.67
0.127721,0.209923,0.151686,6.7915,10.4591,222.68
0.0919903,0.244721,0.129717,21.5119,14.3585,222.686
0.0985523,0.151961,0.0923044,18.0958,12.4441,222.697
0.0969401,0.278088,0.137118,18.0797,13.6565,222.698
0.11328,0.204032,0.11578,11.491,11.5334,222.699
0.0932727,0.286681,0.149222,20.6992,14.9683,222.733
0.114095,0.253217,0.160704,10.3025,12.7331,222.733
0.1133,0.217747,0.133135,11.7525,11.7274,222.738
0.10039,0.159616,0.0908478,17.627,12.7911,222.746
0.131241,0.211092,0.153502,5.6481,10.8164,222.76
0.109802,0.0904416,0.0757707,13.2829,11.9265,222.763
0.101123,0.243258,0.122418,16.9873,12.5597,222.765
0.114323,0.246583,0.153501,10.6641,12.4993,222.768
0.10828,0.284738,0.155252,12.6932,12.3647,222.771
0.112462,0.0875402,0.0780318,12.5809,11.9773,222.775
0.0996729,0.22298,0.132558,17.267,13.8803,222.776
0.0973573,0.22971,0.126932,18.5185,13.6648,222.777
0.0890589,0.236645,0.126269,23.9025,14.0357,222.778
0.100781,0.262281,0.129964,16.3648,12.5905,222.778
0.115372,0.224814,0.147229,10.8103,12.1967,222.778
0.0920651,0.23389,0.123488,21.609,14.9745,222.779
0.105191,0.231808,0.15633,14.2277,14.0631,222.787
0.0897157,0.298333,0.150022,22.7662,14.6802,222.793
0.102994,0.226018,0.116911,15.2209,12.8065,222.795
0.115897,0.185108,0.10877,10.5413,11.8386,222.799
0.102467,0.00561581,0.0734379,17.2782,12.5755,222.812
0.107775,0.224783,0.119228,13.6442,12.0642,222.818
0.116634,0.263641,0.147134,9.08469,11.4691,222.821
0.101976,0.301496,0.165289,15.8392,12.5511,222.821
0.118431,0.198679,0.126407,9.01671,11.0333,222.829
0.105178,0.225598,0.155047,14.3459,14.2907,222.829
0.101481,0.317297,0.153818,15.4084,12.7626,222.83
0.102757,0.116144,0.0831484,16.1359,12.7562,222.834
0.0970364,0.105855,0.0841898,19.3379,13.3522,222.837
0.127305,0.205577,0.144023,6.38132,11.3357,222.842
0.117973,0.112182,0.0968315,10.3171,11.5845,222.844
0.0911815,0.179501,0.0990028,22.6864,13.8623,222.849
0.109661,0.129896,0.0879325,13.0482,11.5762,222.849
0.135652,0.178192,0.128359,4.67477,10.0072,222.872
0.0979272,0.29204,0.121703,17.0678,12.4642,222.878
0.109475,0.236174,0.133848,12.652,12.3915,222.881
0.119667,0.0238999,0.0742555,10.3603,11.3334,222.885
0.100144,0.181611,0.097093,17.3801,12.8568,222.886
0.10672,0.162122,0.0996662,14.8244,12.5577,222.887
0.105399,0.101059,0.0777359,15.3831,11.8915,222.894
0.0976414,0.0748531,0.0866818,19.0943,13.9289,222.897
0.0950144,0.29977,0.160458,19.7902,14.4836,222.901
0.109464,0.234545,0.111787,12.2757,11.748,222.904
0.096421,0.298141,0.153801,18.7327,14.92,222.905
0.0923226,0.0842595,0.0814965,22.685,13.0209,222.906
0.131193,0.201601,0.144757,5.04405,10.4186,222.907
0.109985,0.218349,0.137285,12.6527,13.6841,222.909
0.109174,0.0300353,0.0668604,14.9816,11.2016,222.917
0.0962689,0.00970137,0.0753522,20.4051,13.0605,222.917
0.110614,0.0700017,0.0754407,13.0603,11.7466,222.923
0.128144,0.204254,0.165119,6.62641,11.0899,222.938
0.0999429,0.0152628,0.0669371,18.241,12.7053,222.938
0.112163,0.120975,0.0889183,12.0952,11.1311,222.943
0.0855948,0.313249,0.149518,25.5226,14.5321,222.949
0.0947958,0.170353,0.10451,20.015,13.6934,222.952
0.119819,0.246218,0.14372,8.90202,11.9098,222.956
0.110833,0.179039,0.0966761,12.5862,11.3621,222.966
0.118302,0.196475,0.0956099,9.43302,10.9385,222.967
0.1184,0.207954,0.152924,9.81831,12.0445,222.971
0.129636,0.0101231,0.0711084,7.96038,10.8424,222.981
0.125808,0.156994,0.116202,7.57465,11.2373,222.984
0.10217,0.0176685,0.0730522,17.0215,12.9489,222.988
0.118431,0.0833564,0.0829999,10.6962,11.2391,222.992
0.103913,0.220039,0.112264,15.3333,12.6835,222.995
0.0922284,0.330498,0.161986,20.538,14.7341,222.998
0.127892,0.201329,0.13542,6.20239,10.4745,223.001
0.109049,0.254927,0.149692,12.2356,12.6436,223.001
0.11711,0.134789,0.0968129,10.9347,11.0676,223.001
0.113482,0.208998,0.149718,11.6298,12.3752,223.005
0.124356,0.206858,0.133235,7.98553,11.012,223.008
0.104255,0.164788,0.111838,15.9006,13.3812,223.009
0.113321,0.0819527,0.0874909,12.9077,11.8798,223.01
0.122793,0.0197968,0.0781485,9.29389,11.1056,223.012
0.103259,0.24453,0.130182,15.2803,13.6255,223.012
0.106838,0.0317566,0.062373,15.787,11.8083,223.015
0.106133,0.286672,0.166136,13.8457,12.3653,223.017
0.113035,0.225128,0.163579,11.5598,12.0223,223.026
0.111543,0.246355,0.13996,11.7352,12.9327,223.045
0.114026,0.246077,0.125506,10.3379,11.7676,223.047
0.104167,0.0267735,0.0698403,16.5769,12.1139,223.048
0.0969419,0.249197,0.13666,18.2776,14.9176,223.06
0.130612,0.220021,0.162633,5.68572,10.2723,223.065
0.0989779,0.242959,0.137485,17.2858,13.3313,223.07
0.113536,0.199377,0.136396,11.4194,12.5693,223.071
0.122636,0.244613,0.1542,7.13002,11.3014,223.075
0.118339,0.0737348,0.0665373,10.7715,10.4465,223.084
0.100505,0.253727,0.158789,16.4383,14.2296,223.086
0.0927774,0.00956913,0.077813,22.6372,14.2787,223.086
0.090683,0.335674,0.148575,21.2513,13.2376,223.087
0.0863954,0.222353,0.116457,25.5934,14.9427,223.087
0.101969,0.170889,0.103388,16.0853,13.9014,223.092
0.111373,0.252205,0.135816,11.0135,12.3654,223.092
0.13123,0.195472,0.139657,5.80163,10.0939,223.096
0.116201,0.035594,0.0716102,11.3846,11.4309,223.101
0.105052,0.239965,0.137045,14.4973,13.8809,223.113
0.120106,0.238121,0.165454,8.56611,12.1616,223.115
0.112791,0.196609,0.117972,11.9955,12.5554,223.124
0.11443,0.00522111,0.05996,12.0831,10.7116,223.128
0.0993463,0.20643,0.113871,17.3964,13.9052,223.128
0.0953675,0.265227,0.160735,19.991,14.8676,223.133
0.112725,0.198061,0.0877812,11.156,10.8348,223.135
0.100936,0.25904,0.137159,16.9283,12.5078,223.136
0.0943513,0.189756,0.103399,20.8573,13.0025,223.138
0.103757,0.223644,0.105013,15.4331,12.5053,223.138
0.0982077,0.27675,0.158811,17.5984,14.6968,223.14
0.115825,0.197617,0.131166,10.1063,12.7109,223.144
0.119912,0.248039,0.156745,8.99666,11.909,223.144
0.105062,0.245483,0.164832,14.3773,14.5427,223.144
0.115992,0.19737,0.11633,10.9286,11.8952,223.161
0.116353,0.0191762,0.0734975,11.6545,12.409,223.164
0.10747,0.224045,0.142045,13.0168,13.0819,223.169
0.117937,0.248588,0.159732,9.04581,11.0676,223.181
0.109526,0.240619,0.131603,12.1006,12.6575,223.183
0.0973583,0.0873341,0.0814009,19.4593,13.9939,223.183
0.111541,0.163457,0.0973227,12.6788,11.0427,223.196
0.101596,0.200951,0.102079,16.457,12.1691,223.2
0.103756,0.202596,0.123143,15.0116,13.8836,223.203
0.112656,0.231147,0.129025,11.1626,11.6896,223.208
0.102337,0.0074934,0.0787658,17.8266,13.6793,223.21
0.0940194,0.342017,0.164902,19.0569,13.119,223.212
0.107497,0.225276,0.13376,13.593,13.545,223.215
0.10259,0.28529,0.161621,15.9595,12.5297,223.218
0.0955577,0.0856508,0.0865569,20.1525,13.411,223.219
0.112814,0.220744,0.10937,11.4647,11.0362,223.226
0.0864334,0.336352,0.163013,24.3143,14.9773,223.232
0.0889718,0.254351,0.127945,23.6683,14.0047,223.234
