beta,permeability,xi,init_days,delay,value
0.0565426,0.999208,0.0505658,0.0882059,19.9728,42.0587
0.0563991,0.99782,0.0500994,0.557989,19.1056,42.0684
0.0567313,0.997943,0.050494,0.589335,19.5001,42.1041
0.0568034,0.996729,0.0505893,0.00774415,19.095,42.1227
0.0564084,0.996049,0.0503561,0.422187,19.1924,42.1252
0.0568464,0.995319,0.0504665,0.126155,19.5496,42.1268
0.0568245,0.995518,0.0504699,0.318584,19.9244,42.1299
0.0560243,0.997566,0.0504547,0.892696,19.697,42.1318
0.0563681,0.997273,0.0505104,0.881449,19.5314,42.1353
0.0567272,0.994513,0.0501515,0.584903,19.2543,42.1354
0.0565195,0.994507,0.0506393,0.0163648,19.973,42.1383
0.0558084,0.998066,0.0504802,0.227305,18.9321,42.1416
0.0564324,0.996004,0.0508359,0.949769,19.8516,42.1474
0.0557602,0.999876,0.0509043,0.519914,19.8239,42.1479
0.0555395,0.998674,0.0501659,0.490646,18.5665,42.1528
0.0564221,0.994241,0.0503073,0.782297,19.1688,42.1543
0.0563388,0.997242,0.0505499,0.506992,19.2062,42.1555
0.0569201,0.996905,0.0503833,0.0929988,19.8752,42.1566
0.0566698,0.995291,0.0504643,0.358003,19.0934,42.1588
0.0555561,0.998779,0.0506226,0.359243,18.2475,42.1598
0.0556761,0.998351,0.0510641,0.79986,18.4992,42.1721
0.0568661,0.99763,0.0508239,0.459362,19.3349,42.1805
0.0558484,0.995669,0.0511582,0.734846,19.8717,42.1813
0.0564896,0.992398,0.0506223,0.617048,19.7273,42.1834
0.0559972,0.989669,0.0502121,0.558338,19.7249,42.187
0.0566907,0.995698,0.0507463,0.590087,19.5014,42.1912
0.0559164,0.991004,0.0505469,0.106442,19.6894,42.1916
0.0561287,0.993371,0.0501734,0.0672905,19.6078,42.2028
0.0558301,0.997957,0.0507322,0.522889,18.2732,42.203
0.0557632,0.997229,0.0508649,0.470581,18.3352,42.2057
0.0567368,0.999804,0.0516334,0.661616,19.972,42.2071
0.0557973,0.994461,0.0505553,0.867911,19.7383,42.2071
0.0557656,0.999228,0.0518376,0.773052,19.9317,42.2075
0.0560532,0.995578,0.0507007,0.964727,19.0575,42.2097
0.0554947,0.999508,0.0509469,0.900143,18.3969,42.2179
0.0557865,0.996966,0.0514683,0.584045,19.3828,42.2181
0.056152,0.992431,0.050127,0.0344102,19.6914,42.2192
0.0563489,0.995306,0.0508422,0.140726,19.945,42.2195
0.0557611,0.989075,0.0501174,0.278106,18.2321,42.222
0.0563793,0.993253,0.0505689,0.14558,19.7986,42.2252
0.0557761,0.994773,0.0506879,0.18485,18.0386,42.2252
0.0559541,0.998401,0.0514856,0.223235,19.6076,42.2256
0.0557584,0.999154,0.0520939,0.573725,19.0425,42.227
0.0558928,0.994637,0.0514496,0.931977,19.019,42.2287
0.0558809,0.993535,0.0502964,0.848033,18.4887,42.2313
0.0570061,0.998654,0.0503723,0.581291,19.3209,42.2364
0.0566856,0.98938,0.0501758,0.833137,19.5832,42.2372
0.0557527,0.996769,0.0513618,0.625766,19.1147,42.2379
0.0565033,0.989243,0.0504845,0.349477,19.1722,42.2386
0.0569787,0.996242,0.0505148,0.463408,19.5526,42.2398
0.0565128,0.995615,0.0514775,0.744142,19.5523,42.2515
0.0556548,0.99804,0.0508315,0.346772,19.6817,42.2591
0.0560793,0.998539,0.0514059,0.53626,19.5013,42.2599
0.0555791,0.994019,0.0507766,0.619499,18.5784,42.2606
0.0560802,0.991037,0.0505021,0.437481,19.9384,42.2638
0.0565089,0.992549,0.0512526,0.667687,19.6426,42.2649
0.0565417,0.988064,0.0506625,0.378649,19.418,42.2668
0.0554831,0.9983,0.0512279,0.316551,18.3981,42.2697
0.0558706,0.998387,0.0521824,0.240411,19.3374,42.2703
0.0569912,0.99088,0.0501259,0.931127,19.6554,42.273
0.0561391,0.997171,0.051276,0.224288,19.7146,42.2757
0.055672,0.995527,0.0501089,0.0127517,19.8418,42.278
0.0560341,0.98875,0.0506152,0.0447753,19.6912,42.2866
0.0567026,0.990074,0.0506051,0.0755186,19.1943,42.2905
0.0554628,0.994712,0.0501019,0.18069,18.492,42.2922
0.0556642,0.998518,0.0517843,0.0497759,18.7561,42.2925
0.0560814,0.989365,0.050546,0.830771,19.1022,42.2954
0.0562999,0.994236,0.0512096,0.0291946,19.2281,42.2988
0.0559878,0.999584,0.0520705,0.185113,19.7446,42.3001
0.0559984,0.994262,0.0514195,0.580844,19.3044,42.3008
0.0555032,0.992925,0.0502665,0.239802,18.2993,42.307
0.0557698,0.988585,0.0501682,0.896413,19.3539,42.3079
0.0559918,0.9993,0.050324,0.676819,18.5375,42.3102
0.0559328,0.993131,0.051665,0.256947,19.5252,42.3104
0.0553638,0.9996,0.0506431,0.921679,18.1383,42.312
0.0556165,0.990404,0.0507192,0.443304,18.7419,42.3126
0.0557495,0.993489,0.0511319,0.138163,18.8247,42.3138
0.0555853,0.996031,0.0519615,0.874148,18.6953,42.3188
0.0567758,0.992588,0.0512483,0.751441,19.7161,42.3219
0.0565307,0.996942,0.0520529,0.82135,19.1739,42.3222
0.0566433,0.995294,0.0516732,0.701998,19.263,42.3235
0.0563116,0.993149,0.0512782,0.13166,19.5607,42.3235
0.0563002,0.988545,0.050318,0.266821,19.306,42.3243
0.0564642,0.997197,0.0523084,0.668724,19.129,42.3265
0.0555448,0.990253,0.0501711,0.52261,18.6189,42.3265
0.0565181,0.995956,0.05205,0.414348,19.8508,42.3353
0.0568122,0.990306,0.0509994,0.655479,19.7775,42.3368
0.0559115,0.999322,0.0526104,0.239816,19.3295,42.3405
0.0559213,0.98772,0.0502362,0.777264,18.015,42.344
0.0564608,0.989307,0.0512569,0.00281916,19.3375,42.3456
0.0559279,0.99856,0.0525018,0.940205,19.3137,42.3458
0.0563862,0.986861,0.0504632,0.605082,19.7547,42.3515
0.0561735,0.997044,0.0520138,0.526979,19.3352,42.3554
0.0558628,0.992589,0.0522999,0.06916,19.4437,42.3554
0.0558845,0.988475,0.0505137,0.611333,18.231,42.3597
0.0568724,0.987792,0.0508026,0.487724,19.8126,42.3613
0.056134,0.984154,0.0502817,0.342345,19.1607,42.3619
0.0557362,0.988294,0.0501908,0.800384,19.1328,42.3629
0.056286,0.994643,0.0519642,0.255884,19.4596,42.3636
0.0567579,0.994507,0.0518427,0.937764,19.8993,42.3658
0.0556888,0.991937,0.0515513,0.0079115,19.4133,42.3691
0.055924,0.992295,0.0505632,0.129103,18.3545,42.3693
0.0564216,0.984652,0.0503224,0.00208395,19.6127,42.3709
0.0567356,0.996702,0.0522391,0.587093,19.9934,42.3722
0.0558266,0.989653,0.0520853,0.428218,19.0565,42.3729
0.055289,0.999415,0.0503472,0.350466,18.2985,42.3735
0.0563913,0.987925,0.0510032,0.708641,19.7803,42.3752
0.0565048,0.985942,0.0510013,0.630225,19.8316,42.3774
0.055503,0.988968,0.0501595,0.715881,18.6707,42.3782
0.0562271,0.986625,0.0504909,0.906348,19.0997,42.3788
0.0559332,0.984979,0.0514686,0.914914,19.6113,42.3837
0.05579,0.98997,0.0521048,0.929214,19.7757,42.384
0.0563905,0.999906,0.0532683,0.204366,19.0289,42.3843
0.0556746,0.996764,0.0531601,0.99935,19.0487,42.3848
0.0566892,0.991806,0.0515796,0.792723,19.3859,42.386
0.0556945,0.99899,0.0522709,0.714674,18.0101,42.3862
0.0555524,0.995573,0.0523092,0.236772,18.1409,42.3869
0.0559656,0.979291,0.0505808,0.553174,19.8918,42.3888
0.0567991,0.987112,0.0508626,0.186359,19.2768,42.3895
0.0561076,0.986825,0.0508707,0.844185,19.1558,42.3899
0.0555401,0.989841,0.0510291,0.3231,18.0092,42.3943
0.0555994,0.999232,0.0534909,0.72296,19.9656,42.3993
0.0549453,0.995383,0.0501462,0.34945,17.1898,42.3997
0.0555291,0.999045,0.050149,0.152829,19.8929,42.4001
0.0560791,0.981391,0.0505071,0.916549,19.0036,42.4003
0.0559386,0.999159,0.0529698,0.0639249,19.1734,42.4005
0.0568203,0.985985,0.0507986,0.297471,19.7594,42.4068
0.0566577,0.99126,0.0516612,0.736727,19.4722,42.4072
0.0560233,0.99944,0.0506565,0.184074,18.8431,42.4076
0.0564241,0.981734,0.0501127,0.242787,19.2186,42.4113
0.0563908,0.994406,0.0527011,0.68689,19.0981,42.4137
0.0560069,0.994156,0.0522405,0.803026,19.3764,42.4137
0.0570063,0.996438,0.050986,0.250085,19.3241,42.415
0.0556662,0.991207,0.0517821,0.866101,18.6946,42.4154
0.0567774,0.995704,0.0523414,0.708379,19.6476,42.4154
0.0552803,0.996893,0.0501291,0.750227,18.88,42.4156
0.0559027,0.989739,0.0522583,0.346624,19.7487,42.4171
0.0556355,0.990557,0.0518952,0.556384,18.8374,42.4216
0.0566506,0.984722,0.0509092,0.0574653,19.1518,42.423
0.0553931,0.99693,0.0521781,0.359538,18.766,42.424
0.0562666,0.983335,0.0503506,0.664289,19.1624,42.4241
0.055267,0.998675,0.0509247,0.649536,18.7785,42.4241
0.0559183,0.998075,0.0531027,0.724274,19.1631,42.4252
0.0560019,0.99272,0.0521847,0.207765,19.7728,42.4266
0.0562874,0.994864,0.0525626,0.993163,19.8014,42.428
0.0563246,0.993452,0.0523912,0.825629,19.3124,42.4302
0.0559401,0.993357,0.0525428,0.295053,19.9602,42.4331
0.056838,0.980892,0.0501916,0.183487,19.9576,42.4336
0.0556101,0.995888,0.0525352,0.0357432,18.7568,42.4355
0.05676,0.981265,0.0503188,0.629697,19.913,42.4356
0.0571132,0.993821,0.0501156,0.713536,19.825,42.4358
0.0560456,0.998945,0.0530669,0.234719,19.8156,42.4379
0.0555269,0.997952,0.0514683,0.958813,19.1611,42.442
0.0554026,0.992558,0.0512706,0.0300208,18.8443,42.4435
0.0567558,0.995752,0.0526322,0.820143,19.7055,42.4471
0.0567696,0.984892,0.0509282,0.316611,19.3058,42.4476
0.0561285,0.980406,0.0505477,0.0440969,19.2683,42.4503
0.0556916,0.98872,0.0520173,0.365101,19.4538,42.4504
0.0568779,0.990154,0.051526,0.115571,19.9322,42.4516
0.0556915,0.979759,0.0501906,0.958849,18.8859,42.4519
0.0562199,0.989226,0.0515562,0.673289,19.6535,42.4523
0.0558762,0.998736,0.0535556,0.973688,19.6035,42.4523
0.056697,0.986792,0.0512934,0.0402247,19.9796,42.4528
0.0558498,0.978667,0.0504202,0.138792,19.8967,42.4549
0.0556397,0.998592,0.0542676,0.203731,19.09,42.4552
0.055338,0.998676,0.0526621,0.0843507,18.2268,42.4561
0.0567138,0.991058,0.0519119,0.61376,19.2136,42.4569
0.05567,0.989778,0.0520543,0.792161,19.6099,42.457
0.0559205,0.981356,0.0515868,0.414693,19.5948,42.4609
0.055579,0.984988,0.0508567,0.658036,18.6106,42.4611
0.0560624,0.9985,0.050675,0.573195,18.5379,42.4611
0.054887,0.99148,0.0502174,0.859531,17.2663,42.4667
0.056344,0.992542,0.0525909,0.639432,19.098,42.4685
0.0554821,0.98532,0.0503,0.0557663,18.3881,42.469
0.0560943,0.999376,0.050663,0.928809,18.2787,42.469
0.0556491,0.994769,0.0524715,0.206332,18.1787,42.47
0.0556296,0.99471,0.0525499,0.805322,18.6154,42.4717
0.0558241,0.980025,0.0508814,0.573316,19.5939,42.473
0.0560354,0.991539,0.0523104,0.888425,19.9009,42.4737
0.05642,0.987817,0.0519218,0.644122,19.7583,42.4744
0.0561365,0.993931,0.0525646,0.624169,19.2387,42.4758
0.0560858,0.987222,0.051648,0.505395,19.5917,42.4763
0.0554622,0.999526,0.0506314,0.937769,19.2493,42.4791
0.0562422,0.9823,0.0506898,0.876954,19.3324,42.4794
0.0557654,0.982318,0.0510558,0.0288974,19.312,42.4796
0.0547276,0.994972,0.0501731,0.712882,17.0647,42.4799
0.0561983,0.988266,0.051646,0.720971,19.6299,42.4804
0.0556991,0.979353,0.0504494,0.196628,18.6293,42.4806
0.0560602,0.991573,0.0502571,0.417094,18.8936,42.4824
0.0571331,0.997982,0.0503274,0.489849,19.1483,42.4832
0.0555003,0.998588,0.052218,0.26125,19.6884,42.4832
0.0558672,0.979662,0.0513335,0.337126,19.3665,42.4868
0.056235,0.985919,0.0513239,0.608731,19.1977,42.4877
0.0558246,0.997045,0.0520314,0.993199,18.1227,42.4889
0.054845,0.994705,0.0508893,0.911878,17.2684,42.4917
0.0567342,0.980815,0.0506894,0.380115,19.2574,42.4921
0.0552046,0.996371,0.0506526,0.237694,18.4314,42.493
0.0550039,0.998013,0.0506278,0.615232,17.6596,42.4934
0.0565498,0.994346,0.0528887,0.14951,19.2952,42.4948
0.0557418,0.978296,0.0506433,0.710183,18.4892,42.4957
0.0558329,0.981545,0.0517536,0.0798978,19.9194,42.4957
0.0547957,0.999367,0.0516046,0.230012,17.0179,42.4959
0.0558581,0.983281,0.052168,0.887671,19.1791,42.4963
0.0566192,0.996074,0.052977,0.800078,19.8595,42.4967
0.0555754,0.983999,0.0510015,0.9764,18.2681,42.4974
0.0559082,0.981623,0.0519849,0.417378,19.2015,42.4984
0.0566997,0.998596,0.0533868,0.335734,19.4181,42.4994
0.0554602,0.998836,0.0514421,0.469021,19.8004,42.4996
0.0545504,0.999116,0.0503807,0.439406,17.2389,42.5008
0.0546124,0.999585,0.0505777,1.94354,19.5698,42.5019
0.0554602,0.99437,0.0527712,0.440817,18.9651,42.5024
0.0557338,0.986653,0.0525705,0.0335064,19.2297,42.5035
0.0557013,0.991981,0.0536253,0.578291,19.3378,42.5054
0.0560181,0.989727,0.0504797,0.648967,18.8474,42.507
0.0558587,0.999927,0.0542262,0.982306,19.3025,42.5089
0.0567429,0.994066,0.0527543,0.410895,19.0501,42.5102
0.0561127,0.987459,0.051902,0.789361,19.3515,42.5124
0.0565339,0.977396,0.0505385,0.124646,19.0666,42.5125
0.0560597,0.98497,0.0517558,0.738885,19.5599,42.5128
0.0558021,0.992785,0.053782,0.810812,19.6041,42.5133
0.0555198,0.997303,0.0531917,0.0367315,19.6112,42.5135
0.0557284,0.999625,0.0529599,0.850407,18.645,42.5136
0.0568083,0.98263,0.0510061,0.565806,19.0797,42.5138
0.0565149,0.993316,0.0529592,0.129346,19.4879,42.514
0.0555475,0.998344,0.0547759,0.111056,19.3848,42.5142
0.0568092,0.979978,0.0506466,0.193233,19.402,42.5144
0.056265,0.99728,0.0537404,0.30713,19.4166,42.5155
0.0557918,0.997003,0.054262,0.717262,19.8949,42.5165
0.0559597,0.99187,0.0529468,0.243048,19.8836,42.517
0.0547376,0.99584,0.0502004,1.34968,19.2981,42.5176
0.054822,0.99046,0.0505019,0.642306,17.2273,42.5209
0.055572,0.993559,0.0527946,0.793988,19.1929,42.521
0.0564801,0.994967,0.0533237,0.6689,19.886,42.5221
0.0555159,0.983414,0.0507821,0.258705,18.1402,42.5224
0.0565697,0.997253,0.0533929,0.808721,19.6001,42.5248
0.0550779,0.997348,0.0506353,0.564034,18.8971,42.5249
0.056662,0.995204,0.0530064,0.00272138,19.6441,42.5252
0.0564346,0.977971,0.0505263,0.665047,19.9424,42.5254
0.0561781,0.98637,0.0517643,0.981438,19.3148,42.5263
0.0554752,0.986117,0.051293,0.648512,18.8803,42.5287
0.0553506,0.999595,0.0537359,0.996495,18.1924,42.5335
0.055535,0.981333,0.0505228,0.5577,18.5674,42.5336
0.0562593,0.992739,0.0530086,0.296358,19.5544,42.5338
0.0559755,0.986988,0.0524846,0.197851,19.8218,42.535
0.0558323,0.994809,0.0520792,0.672798,18.4332,42.5363
0.0541926,0.991483,0.05025,0.328397,16.3208,42.5372
0.056766,0.975763,0.0502915,0.370252,19.2904,42.5374
0.0561632,0.993344,0.0531134,0.48604,19.7537,42.5377
0.055017,0.996573,0.0505537,0.975287,18.3988,42.5383
0.0548025,0.991717,0.0508365,0.413462,17.4664,42.5385
0.0555241,0.994341,0.0531543,0.472328,18.6018,42.539
0.0553276,0.997098,0.0531969,0.278139,18.9581,42.5397
0.0554981,0.993071,0.0529296,0.879282,18.9957,42.5405
0.055877,0.987316,0.0530612,0.696743,19.1659,42.5407
0.0556669,0.998413,0.0552313,0.548445,19.9603,42.5421
0.0540276,0.998436,0.0512718,0.79009,16.6827,42.5424
0.0551488,0.998764,0.0502359,0.439818,17.7605,42.5428
0.0562477,0.98799,0.052266,0.80541,19.0518,42.5436
0.055599,0.978886,0.050541,0.253698,18.4376,42.5447
0.0568633,0.978834,0.0506375,0.535766,19.5168,42.5466
0.0555915,0.991125,0.0526715,0.920827,19.6947,42.5484
0.0562948,0.979651,0.0508461,0.658081,19.1825,42.5485
0.0555894,0.988791,0.0508425,0.954817,19.1496,42.5489
0.056548,0.996015,0.0534251,0.20084,19.7275,42.5489
0.0563043,0.987832,0.0523458,0.280314,19.6607,42.5509
0.0545135,0.998037,0.0508967,0.433343,17.6693,42.5513
0.0562756,0.999372,0.0546334,0.754037,19.325,42.5526
0.0559735,0.97478,0.0513778,0.180633,19.2928,42.5534
0.0554202,0.992782,0.0527767,0.420461,18.0172,42.5543
0.0568007,0.979228,0.0508303,0.224732,19.071,42.5548
0.0563418,0.982069,0.0514094,0.562772,19.6479,42.5553
0.0558667,0.994844,0.053971,0.654966,19.9417,42.5554
0.0547158,0.997374,0.0517813,0.791238,17.7941,42.556
0.0554756,0.998288,0.0534905,0.878715,19.4346,42.556
0.056003,0.972341,0.0510225,0.0302615,19.8312,42.557
0.0554833,0.998232,0.053968,0.249916,19.7373,42.5581
0.0549375,0.987796,0.0505569,0.102275,17.8418,42.5582
0.0563041,0.985389,0.0520181,0.976295,19.8732,42.5583
0.0563307,0.975711,0.0503132,0.612192,19.0659,42.5591
0.0562306,0.989929,0.0527446,0.132671,19.2177,42.5592
0.0570628,0.994856,0.0510217,0.579333,19.5147,42.5593
0.0570143,0.980269,0.0505685,0.0757305,19.5242,42.5593
0.0554395,0.996625,0.0503098,0.746454,19.0743,42.5598
0.0558344,0.974211,0.0503625,0.717685,19.1376,42.5603
0.0560068,0.986015,0.0524398,0.611416,19.7336,42.5604
0.0549382,0.996182,0.0512547,0.398626,17.8596,42.5619
0.0541069,0.996195,0.0511907,0.443813,16.5459,42.5634
0.0560893,0.993441,0.0533327,0.709355,19.3045,42.566
0.0561872,0.995432,0.0536835,0.37744,19.5681,42.5662
0.0549015,0.997789,0.0516016,0.134585,17.9629,42.5667
0.0559995,0.967735,0.0502628,0.468124,19.6138,42.567
0.0561272,0.966978,0.0501814,0.84862,19.042,42.5682
0.0567368,0.992418,0.0528608,0.289325,19.4099,42.5684
0.0551283,0.99496,0.0510337,0.390989,18.362,42.5689
0.0556072,0.989946,0.053612,0.0175027,19.6151,42.5693
0.0555909,0.987084,0.050221,0.924675,19.9109,42.5693
0.0556611,0.986683,0.0531742,0.55965,19.98,42.5712
0.0567473,0.989247,0.0523784,0.377371,19.5201,42.5717
0.0549809,0.994701,0.0506853,0.413504,18.6853,42.5722
0.056436,0.998485,0.054198,0.217434,19.8717,42.5723
0.0558643,0.991478,0.0518498,0.296079,18.9419,42.5725
0.0554911,0.995282,0.0524234,0.263525,19.3889,42.573
0.0561883,0.972187,0.0503632,0.0314816,19.4953,42.5737
0.056347,0.993894,0.0538923,0.919858,19.1732,42.5738
0.0555314,0.995026,0.0546525,0.0157323,19.4009,42.5752
0.0549273,0.997556,0.0512303,0.902181,18.7717,42.5758
0.054563,0.992368,0.0501997,0.0459924,17.1752,42.5763
0.0568989,0.987679,0.0518098,0.0469645,19.031,42.5765
0.0554874,0.984863,0.0516531,0.401655,18.0379,42.5769
0.0560777,0.984925,0.0501712,0.741108,18.7585,42.5776
0.0559138,0.992513,0.0516156,0.59933,18.0751,42.5781
0.05421,0.995094,0.0504729,0.654246,17.8723,42.5785
0.0562537,0.983531,0.0517676,0.817328,19.9665,42.5785
0.0557471,0.986191,0.0519105,0.265434,18.9675,42.5789
0.0546758,0.992448,0.0508803,0.598091,17.5062,42.5793
0.0562306,0.993281,0.0534568,0.136601,19.1218,42.5805
0.0553839,0.991398,0.0526523,0.662402,18.4761,42.5805
0.0554419,0.987367,0.0520414,0.371823,18.551,42.5806
0.0551904,0.992111,0.0509213,0.291283,18.2323,42.5812
0.0543304,0.999708,0.0513489,0.454976,17.4396,42.5842
0.0543963,0.998236,0.0511335,0.378678,17.8746,42.5854
0.0556798,0.989721,0.0525323,0.680348,18.2507,42.5863
0.0554281,0.996489,0.0512696,0.103718,19.5082,42.5876
0.0552978,0.986719,0.0504189,0.757045,18.6788,42.5879
0.0554208,0.981749,0.0504611,0.624736,18.4615,42.5882
0.0555727,0.990813,0.0530315,0.666923,18.7232,42.5898
0.0540379,0.994908,0.0512345,0.0544307,16.0356,42.5914
0.0554156,0.998573,0.0540703,0.296467,18.2566,42.5914
0.0541908,0.996509,0.0510379,0.376177,16.8502,42.5919
0.0558052,0.97586,0.0515358,0.359353,19.7492,42.5942
0.0570496,0.976814,0.0502912,0.837034,19.7768,42.5943
0.0561164,0.999445,0.051286,0.686749,18.0076,42.5957
0.054088,0.990893,0.05073,0.484552,16.7296,42.5959
0.0556054,0.987461,0.0525815,0.706645,18.5539,42.5962
0.055801,0.989745,0.0541248,0.162165,19.4232,42.5962
0.0559355,0.98929,0.0533778,0.64127,19.9952,42.5965
0.0563856,0.988638,0.0530776,0.956826,19.7385,42.5978
0.0557149,0.989984,0.054209,0.444287,19.7936,42.5985
0.0551572,0.99444,0.0517184,0.706139,18.8162,42.5987
0.0546954,0.987353,0.0501037,0.27636,17.3157,42.5993
0.0559692,0.975741,0.051972,0.365659,19.1342,42.5993
0.0559908,0.988155,0.0530516,0.998411,19.0988,42.5993
0.0542642,0.997149,0.0506502,0.775566,16.7502,42.5997
0.056705,0.98028,0.051421,0.15547,19.0766,42.6001
0.055639,0.996552,0.0553942,0.429171,19.6378,42.6009
0.0545538,0.997026,0.0510188,1.33913,19.4354,42.6009
0.0554794,0.992585,0.0508868,0.969417,19.406,42.6011
0.055897,0.988719,0.0516167,0.845366,18.857,42.6018
0.0551196,0.98926,0.0502092,0.0147993,18.428,42.602
0.0545679,0.995174,0.0513292,0.130631,17.3573,42.6023
0.0541349,0.997282,0.0509981,0.443211,17.3179,42.6028
0.055805,0.97415,0.0504166,0.954318,19.5911,42.6029
0.0547387,0.999212,0.0525099,0.406349,17.9002,42.6032
0.0565844,0.982747,0.0520792,0.243762,19.4463,42.6041
0.0552176,0.99718,0.0535143,0.876591,18.9477,42.6044
0.0551155,0.996085,0.0519588,0.976922,18.702,42.6045
0.0557973,0.987693,0.0540268,0.0654529,19.2602,42.6045
0.0550799,0.997849,0.0508162,0.447309,17.6172,42.6047
0.0570057,0.98949,0.0515041,0.509039,19.8885,42.6047
0.0541467,0.999779,0.0516062,0.505389,16.0009,42.605
0.0553782,0.998654,0.0515309,0.697408,19.9894,42.6054
0.0543703,0.997748,0.0501316,0.0788813,16.8487,42.6055
0.0559336,0.979586,0.0508568,0.649353,18.9403,42.6059
0.056773,0.975755,0.0507363,0.726062,19.4945,42.606
0.0561657,0.976857,0.0511827,0.106061,19.9596,42.6061
0.0552994,0.992008,0.0527079,0.413215,18.3247,42.6062
0.0553393,0.989433,0.0523054,0.212719,18.6839,42.6069
0.0550374,0.996753,0.0509642,0.0623419,17.9421,42.6072
0.0563646,0.989065,0.0531835,0.734527,19.767,42.6085
0.0545239,0.996403,0.0515408,0.181248,17.0666,42.6087
0.0559258,0.977327,0.0523127,0.962107,19.3594,42.6089
0.0543118,0.997555,0.0514106,0.981077,17.355,42.6103
0.0546968,0.995631,0.0509967,1.63431,19.8488,42.6105
0.0561063,0.993835,0.0508682,0.415755,18.476,42.6106
0.0555417,0.999593,0.0541583,0.162352,18.7582,42.611
0.0567309,0.988786,0.0525744,0.358428,19.4324,42.6114
0.0556983,0.99633,0.0554773,0.011236,19.4534,42.6125
0.0559407,0.986142,0.0531489,0.668354,19.7356,42.6133
0.05576,0.97656,0.0507088,0.0355957,19.1959,42.6139
0.0541297,0.99685,0.0511113,0.939523,17.0299,42.6149
0.0550176,0.999057,0.052299,0.143087,18.3031,42.6152
0.055687,0.9878,0.0524894,0.894458,18.7638,42.6155
0.0566827,0.9899,0.0527983,0.810602,19.5254,42.6159
0.0563023,0.977765,0.0511483,0.254101,19.0733,42.616
0.0549927,0.98971,0.0508255,0.503336,17.2538,42.617
0.0566043,0.977965,0.0515795,0.472606,19.3452,42.6171
0.0552291,0.998804,0.0540747,0.58761,18.1983,42.6172
0.0565711,0.982819,0.0522236,0.418558,19.4392,42.6175
0.0554118,0.980198,0.0503053,0.2149,18.1375,42.6176
0.0551055,0.995539,0.0519631,0.47646,18.6296,42.6177
0.0554332,0.997937,0.0535971,0.294463,19.6133,42.6187
0.0566283,0.990661,0.0530038,0.947944,19.0324,42.6195
0.0556517,0.995126,0.0553318,0.15009,19.2882,42.6195
0.0552839,0.998669,0.0502209,0.261883,17.7119,42.62
0.054188,0.993956,0.0511111,0.234374,16.5188,42.6205
0.0561769,0.971116,0.0506444,0.946126,19.3665,42.6213
0.0563908,0.981784,0.0519535,0.957567,19.1953,42.6216
0.0566547,0.994344,0.0535186,0.577204,19.7921,42.6218
0.0566207,0.970971,0.0504644,0.392237,19.9293,42.6219
0.0554675,0.995348,0.0538406,0.835141,18.2999,42.6227
0.0548197,0.996854,0.0501395,0.235786,18.6686,42.6229
0.0540533,0.992026,0.0511621,0.275278,16.8072,42.6235
0.0558802,0.969737,0.0502032,0.548221,18.7172,42.6236
0.0547614,0.987085,0.0509024,0.921743,17.6006,42.6241
0.0560773,0.992877,0.0509836,0.259342,18.6039,42.6242
0.0563433,0.979679,0.0516349,0.769783,19.5939,42.6243
0.0558004,0.991827,0.0525591,0.210373,18.3261,42.6244
0.0542619,0.998618,0.0509333,0.838821,16.5328,42.6254
0.0560986,0.971332,0.0510691,0.389671,19.8179,42.6265
0.0564069,0.974389,0.0507547,0.283182,19.0925,42.627
0.0548273,0.99215,0.0517195,0.160358,17.528,42.627
0.0562745,0.995582,0.0506705,0.126942,18.3255,42.6279
0.0559918,0.991099,0.0513069,0.425004,18.2172,42.6283
0.0559153,0.989251,0.0516525,0.515503,18.3957,42.6284
0.0550925,0.999893,0.0537701,0.613821,18.9843,42.6284
0.0545134,0.99962,0.0525469,0.614869,17.3514,42.6286
0.0557475,0.999503,0.0556567,0.578066,19.6206,42.6297
0.0558752,0.989755,0.0519568,0.644252,18.3211,42.6307
0.0550965,0.98704,0.050172,0.261616,18.313,42.631
0.0561218,0.99949,0.0548899,0.634637,19.9163,42.6312
0.0557687,0.98016,0.0515687,0.0794362,18.8145,42.6315
0.0553759,0.988301,0.0525706,0.940847,18.2965,42.6322
0.0540931,0.995446,0.0517612,0.851754,16.923,42.6323
0.0541244,0.998912,0.0519083,0.540296,16.4571,42.6336
0.0559317,0.97911,0.0509723,0.0592671,18.4179,42.6339
0.0547987,0.997913,0.0507766,0.682426,18.7466,42.6343
0.0560166,0.969684,0.0513175,0.975679,19.7754,42.6343
0.0551711,0.994036,0.0526464,0.294075,18.3175,42.6348
0.0548035,0.99729,0.0506106,0.334902,18.2859,42.6354
0.0558336,0.998118,0.0527553,0.657973,18.0787,42.6359
0.0569302,0.97993,0.0513796,0.53774,19.8175,42.637
0.0555576,0.993807,0.0537058,0.719287,18.5859,42.6384
0.0567361,0.977643,0.0512816,0.695606,19.5641,42.6387
0.0557425,0.987784,0.0524303,0.699768,18.7268,42.6399
0.0561519,0.994664,0.0541428,0.408713,19.8872,42.6399
0.0559307,0.973206,0.050404,0.525556,18.344,42.6399
0.0562841,0.971293,0.0504465,0.939621,19.7546,42.64
0.0545479,0.989151,0.0505962,0.831415,17.6469,42.6402
0.0568585,0.984533,0.0521109,0.569086,19.8451,42.6405
0.0552261,0.999068,0.0505025,1.34966,19.4224,42.6406
0.0542581,0.994316,0.050798,0.55485,16.6979,42.6409
0.0561204,0.985036,0.0526464,0.795504,19.8946,42.641
0.0567088,0.97294,0.0508104,0.584026,19.1572,42.641
0.0552105,0.996364,0.050349,0.526173,17.9109,42.6412
0.0563945,0.99951,0.0548842,0.594427,19.1674,42.6412
0.055578,0.987217,0.0522025,0.119624,19.8142,42.642
0.0555525,0.98036,0.0516228,0.395746,18.8085,42.6424
0.056044,0.967864,0.0511282,0.366348,19.8462,42.6432
0.0563229,0.972643,0.0505889,0.917992,19.5036,42.6436
0.0561097,0.983404,0.0502122,0.83786,18.8114,42.6436
0.0549911,0.994343,0.0501233,1.03756,19.752,42.6444
0.0544398,0.997323,0.052097,0.0253482,17.9361,42.645
0.0555562,0.999005,0.0562124,0.0747585,19.7425,42.6454
0.0554738,0.996036,0.0552341,0.0858619,19.4283,42.6455
0.0547877,0.995353,0.0510982,1.80705,19.7217,42.6455
0.0562229,0.993028,0.0539515,0.805428,19.52,42.6464
0.0561574,0.988678,0.0533095,0.501456,19.2534,42.6474
0.0567816,0.988312,0.052719,0.478467,19.6397,42.6474
0.0566953,0.969562,0.050572,0.359308,19.6907,42.6477
0.0550123,0.994742,0.0517935,0.89188,18.2387,42.6478
0.0543893,0.997374,0.0520879,0.36906,17.03,42.6482
0.0543556,0.997734,0.050513,0.126442,16.8916,42.6482
0.055928,0.976552,0.0525748,0.409465,19.7896,42.6483
0.0559468,0.987037,0.0534952,0.909658,19.9875,42.6492
0.0565067,0.977435,0.0516178,0.382693,19.1683,42.6493
0.0556148,0.994848,0.0555236,0.0780335,19.6017,42.6494
0.0548147,0.995902,0.0524892,0.333275,17.7906,42.6498
0.0550014,0.999471,0.0529787,0.981686,18.5666,42.6507
0.055653,0.985181,0.0538968,0.243091,19.6909,42.6507
0.0543153,0.991574,0.0511122,0.0120454,17.6552,42.6508
0.055894,0.987126,0.0537688,0.973658,19.1179,42.6513
0.0540753,0.994418,0.0518713,0.473647,16.3242,42.6513
0.0553218,0.997355,0.0501908,0.493003,17.6636,42.6518
0.0559775,0.980731,0.0508877,0.279875,18.3223,42.652
0.0541034,0.996242,0.0520104,0.69381,16.9883,42.6523
0.0565171,0.985696,0.0529879,0.716176,19.8256,42.6538
0.0544118,0.998506,0.0503486,0.365485,16.3701,42.6541
0.0558076,0.97884,0.0514293,0.961858,18.095,42.655
0.0570207,0.97384,0.0505306,0.747227,19.3784,42.6555
0.0556766,0.989601,0.0529287,0.398184,18.4689,42.656
0.0560437,0.978031,0.0521722,0.273442,19.0926,42.6567
0.0558854,0.974528,0.0521961,0.920385,19.7946,42.6567
0.0551337,0.994507,0.0506002,0.170004,17.9574,42.6574
0.056154,0.989474,0.0535008,0.0979678,19.023,42.658
0.056595,0.999052,0.0544654,0.160248,19.8167,42.658
0.0546537,0.988421,0.0503523,1.29412,19.3749,42.6586
0.056401,0.974703,0.0511301,0.361781,19.6911,42.6595
0.0562971,0.998612,0.0553528,0.872512,19.3593,42.6601
0.0550702,0.987083,0.0505691,0.412376,18.2591,42.6605
0.0554882,0.977318,0.0509253,0.747724,18.7569,42.661
0.0560473,0.99872,0.055023,0.0453673,19.197,42.6615
0.0545147,0.995336,0.0521152,0.731263,17.1593,42.6616
0.0570579,0.994717,0.0514614,0.54229,19.0826,42.6625
0.0558663,0.99817,0.0553039,0.970964,19.843,42.6627
0.0555689,0.989601,0.0547821,0.44189,19.4319,42.6628
0.0557171,0.99354,0.0532669,0.40277,18.1143,42.663
0.0544858,0.990798,0.0511932,0.0701353,17.6651,42.6638
0.0541367,0.996134,0.0518777,0.461654,16.4559,42.664
0.0554209,0.999448,0.0562962,0.904403,19.0446,42.6641
0.055541,0.985573,0.0506289,0.313957,19.3123,42.6651
0.0553695,0.996434,0.0520702,0.471188,19.4064,42.6653
0.0558204,0.997896,0.0529755,0.134317,18.71,42.6659
0.0544659,0.999526,0.0507208,1.66389,19.8508,42.6664
0.0549615,0.982796,0.0508139,0.963097,17.6373,42.667
0.0556067,0.989547,0.0547685,0.0387254,19.9831,42.6675
0.056291,0.990061,0.0536983,0.188197,19.3861,42.6683
0.0560353,0.981818,0.0526982,0.453477,19.4272,42.6683
0.0565917,0.971463,0.0508674,0.763315,19.6317,42.6689
0.0556575,0.992368,0.0533502,0.61421,18.1282,42.6693
0.0556541,0.986237,0.0542324,0.00561714,19.1268,42.67
0.0557329,0.99664,0.0557529,0.940942,19.1771,42.6701
0.0558272,0.981809,0.0535872,0.658355,19.2852,42.6701
0.0556555,0.97855,0.0517752,0.0147275,18.6826,42.6702
0.056402,0.995324,0.0509238,0.350335,18.0443,42.6702
0.0559573,0.979706,0.0510551,0.814048,18.5182,42.6702
0.055718,0.986787,0.0525872,0.811665,18.7997,42.6702
0.055235,0.988823,0.0524056,0.286939,18.886,42.6704
0.056354,0.999476,0.0552259,0.765742,19.4595,42.6709
0.0550204,0.997996,0.051491,0.198372,17.1606,42.6713
0.0563321,0.997432,0.0551263,0.214453,19.4397,42.6716
0.0561796,0.990371,0.0505961,0.930001,18.9259,42.6719
0.0555015,0.992737,0.0545752,0.683475,19.1812,42.6726
0.0540529,0.997366,0.0514595,0.886922,17.4768,42.6726
0.0556355,0.992049,0.0552579,0.184889,19.0122,42.6727
0.0540866,0.987017,0.0510444,0.379708,16.511,42.6739
0.0563302,0.979336,0.0519762,0.460301,19.6771,42.6752
0.0552839,0.994957,0.0540255,0.945693,18.3523,42.6753
0.0545863,0.987549,0.0509588,0.348126,17.6884,42.6756
0.0566749,0.970533,0.0509223,0.259036,19.5621,42.6761
0.0544394,0.992319,0.0516677,0.960806,17.8201,42.6783
0.0545226,0.997312,0.0529279,0.198381,17.9038,42.6793
0.0561516,0.978493,0.0520131,0.693318,19.0001,42.6803
0.0556934,0.989809,0.0530319,0.657163,18.5641,42.6803
0.0561231,0.980795,0.0501451,0.252336,18.1948,42.681
0.0549215,0.995429,0.0519366,0.529074,17.8839,42.6814
0.0547748,0.999153,0.051953,0.940035,18.0693,42.6816
0.0560124,0.996342,0.0518781,0.389384,18.7006,42.6826
0.0547238,0.99033,0.0519187,0.195669,17.7679,42.6827
0.0543164,0.992803,0.0517647,0.458172,17.4365,42.683
0.0566778,0.988219,0.0530104,0.0783285,19.6541,42.6845
0.0549766,0.987715,0.0510346,0.307115,18.711,42.6848
0.0566696,0.986729,0.0528224,0.535946,19.2117,42.6852
0.0558964,0.989325,0.0542622,0.498764,19.388,42.6854
0.0542657,0.994358,0.0521375,0.618948,17.2696,42.6856
0.0546564,0.996417,0.0528114,0.739742,17.6747,42.6858
0.0541452,0.989998,0.050584,0.917915,17.7621,42.6868
0.0562117,0.982394,0.0525871,0.343929,19.2326,42.687
0.054803,0.995156,0.0509967,0.71833,18.7365,42.6876
0.0539693,0.994698,0.0510037,0.415302,16.7848,42.6884
0.0556319,0.977294,0.0517101,0.685394,18.3474,42.6888
0.0569358,0.991172,0.0524492,0.0413851,19.9644,42.6889
0.0564601,0.997682,0.0547456,0.533343,19.3364,42.689
0.0549105,0.987456,0.0516025,0.7505,17.5904,42.6892
0.0561859,0.986615,0.0503336,0.0724113,18.6866,42.6907
0.0560091,0.968889,0.0517154,0.948915,19.1828,42.6908
0.0553845,0.999735,0.055614,0.719312,19.4048,42.691
0.0564072,0.990897,0.0542471,0.920271,19.122,42.6912
0.0545971,0.994032,0.0526303,0.868347,17.0262,42.6931
0.0554898,0.977883,0.0515144,0.979299,18.6327,42.6937
0.0550273,0.984086,0.0505449,0.0133656,18.5488,42.6938
0.0564379,0.992698,0.0507025,0.15703,18.6865,42.6939
0.0550035,0.986141,0.0508921,0.222267,18.8564,42.6944
0.0557999,0.990354,0.05282,0.437252,18.1686,42.6946
0.0553286,0.998321,0.0547361,0.501124,18.3983,42.6949
0.057002,0.984306,0.0515717,0.0857935,19.5638,42.6956
0.0553231,0.984848,0.0523245,0.154978,18.5091,42.6956
0.0567528,0.964862,0.0501797,0.0311363,19.9822,42.696
0.0551508,0.994255,0.0538142,0.173194,18.6103,42.6975
0.0563434,0.993219,0.0548288,0.884966,19.7268,42.6976
0.0545466,0.994385,0.0526563,0.560885,17.2876,42.6977
0.0550607,0.996264,0.0535037,0.773262,18.0053,42.6978
0.0545932,0.99474,0.0527815,0.29234,17.1061,42.6982
0.0556877,0.978391,0.0520568,0.0858397,19.5252,42.6984
0.0554533,0.984451,0.0526659,0.229707,18.1355,42.6985
0.0557714,0.980909,0.0536162,0.53906,19.9824,42.6986
0.0541236,0.995583,0.0528898,0.74186,17.6479,42.6988
0.0566658,0.991481,0.05357,0.236364,19.3856,42.699
0.0565035,0.999781,0.0510314,0.736436,18.0414,42.6994
0.0565586,0.995456,0.0542938,0.354424,19.3211,42.6997
0.0549284,0.99791,0.0511858,1.39395,19.3034,42.7005
0.0556124,0.980111,0.0506971,0.906653,19.2455,42.7005
0.0556238,0.979428,0.0506251,0.0486891,19.0644,42.7006
0.0558741,0.972044,0.0508231,0.815762,18.8258,42.7007
0.0553947,0.99232,0.0510101,0.330777,19.5196,42.7007
0.0541658,0.986272,0.0512125,0.312689,16.6603,42.7011
0.0568769,0.972963,0.0507891,0.678331,19.4453,42.7012
0.0542883,0.997694,0.0529546,0.851093,17.5552,42.7012
0.0556943,0.97543,0.0503213,0.927482,19.9673,42.7015
0.0543141,0.99317,0.0521213,0.0904117,17.6424,42.7015
0.0553341,0.988545,0.0532093,0.347767,18.3051,42.702
0.0545075,0.997603,0.0502766,0.622378,16.7732,42.7021
0.0549018,0.994105,0.0520909,0.359853,17.8298,42.7022
0.0551187,0.99167,0.0526142,0.353844,18.7273,42.7022
0.0555963,0.982669,0.0525701,0.669601,18.502,42.7033
0.0554899,0.974922,0.0509248,0.437313,18.2626,42.7033
0.0564718,0.976544,0.0518156,0.912552,19.2099,42.7036
0.0561942,0.967014,0.050764,0.152233,19.8493,42.7041
0.0550189,0.999141,0.0542364,0.116252,18.6661,42.7042
0.0542676,0.989669,0.0508971,0.327259,16.2115,42.7043
0.056492,0.97861,0.0523044,0.236068,19.2181,42.7048
0.0543467,0.979284,0.0501158,0.879028,17.9965,42.7053
0.0540509,0.987622,0.0504396,0.722593,16.6788,42.7054
0.0555124,0.989378,0.053334,0.771057,19.688,42.7055
0.0549669,0.986559,0.050783,0.675628,18.1575,42.7061
0.0560917,0.963337,0.0510114,0.33023,19.9546,42.7062
0.0540757,0.998033,0.0533704,0.315282,17.6489,42.7066
0.0565793,0.969762,0.0508264,0.0407294,19.5989,42.7072
0.0543594,0.99616,0.0508086,0.071684,16.9092,42.7075
0.0557101,0.976803,0.0518392,0.315773,18.9234,42.7077
0.0554877,0.982533,0.0524914,0.345754,18.8777,42.708
0.0549441,0.986405,0.050287,0.939884,18.4837,42.708
0.0549052,0.99878,0.0514207,1.84498,19.7191,42.7082
0.0550345,0.995137,0.050639,1.34687,19.3462,42.7084
0.0543545,0.999534,0.0533531,0.613439,17.5517,42.709
0.055464,0.993893,0.0552562,0.286861,19.9773,42.7104
0.0553523,0.994346,0.0513332,0.919981,19.509,42.7109
0.0547011,0.99383,0.0517037,1.92711,19.744,42.7116
0.0561613,0.970999,0.0513565,0.982301,19.3981,42.7117
0.0557084,0.976164,0.0517697,0.759639,18.6864,42.7127
0.0566755,0.977718,0.0519307,0.284178,19.1738,42.7132
0.0555139,0.995838,0.0563151,0.892644,19.9546,42.7136
0.056102,0.996893,0.0551182,0.757265,19.614,42.7138
0.0540861,0.992713,0.0519277,0.211958,17.9744,42.7148
0.0548726,0.99085,0.0510275,0.730347,18.2695,42.7148
0.0549023,0.99709,0.0531225,0.912176,18.2354,42.7148
0.0550703,0.980151,0.0503082,0.661957,17.7191,42.715
0.0565667,0.975835,0.0521436,0.476959,19.069,42.7152
0.0549394,0.985701,0.0501053,0.22001,18.1805,42.7155
0.0558088,0.994702,0.0555312,0.908705,19.4453,42.7158
0.0545388,0.983635,0.0507401,0.775136,17.1043,42.7161
0.0540468,0.987794,0.0516,0.798832,16.9892,42.7162
0.0540476,0.989335,0.0519796,0.0165682,16.971,42.7162
0.0549639,0.993084,0.0524169,0.166368,18.8961,42.7163
0.0544291,0.994541,0.0526148,0.492596,17.034,42.7163
0.0552442,0.982531,0.0511599,0.558095,18.5986,42.7168
0.054374,0.985434,0.0510571,0.685054,17.0416,42.7171
0.0541532,0.999846,0.053729,0.626475,17.8858,42.7172
0.0564155,0.988114,0.0541022,0.673017,19.1256,42.7173
0.0557387,0.974785,0.0523481,0.0646906,19.4086,42.7173
0.0553891,0.995048,0.0505938,1.5658,19.2434,42.7174
0.0562371,0.979633,0.0524064,0.219685,19.5356,42.7176
0.0566485,0.99152,0.0537132,0.370557,19.1622,42.7179
0.0542564,0.979915,0.0504668,0.618988,16.322,42.718
0.0545816,0.993631,0.0528386,0.855096,17.9315,42.7181
0.0551524,0.982526,0.0506554,0.0409342,18.7645,42.7182
0.055366,0.976819,0.0506469,0.280607,18.9465,42.7188
0.0540429,0.994395,0.0525796,0.958302,16.603,42.7195
0.0549549,0.990057,0.0516088,0.828898,17.7206,42.7197
0.0566776,0.988595,0.0532974,0.055389,19.0157,42.7202
0.0548556,0.997491,0.0526873,0.147345,17.9865,42.7204
0.0562135,0.984182,0.0531339,0.780925,19.2848,42.7208
0.055967,0.984066,0.0536481,0.0840173,19.5274,42.721
0.0565434,0.967696,0.0505314,0.987571,19.0009,42.7212
0.0543038,0.996281,0.0530587,0.102489,17.7686,42.7226
0.054412,0.991429,0.0502979,0.835641,16.7254,42.7228
0.0546878,0.99377,0.0517751,1.26359,19.9241,42.7228
0.0558725,0.992752,0.0550895,0.977263,19.5559,42.7232
0.0559669,0.983637,0.0536191,0.192045,19.7728,42.7233
0.054186,0.980185,0.0507556,0.0898578,16.7624,42.7245
0.055803,0.995291,0.0557036,0.598428,19.7261,42.7247
0.0541322,0.981394,0.0509347,0.143743,16.4383,42.7248
0.0556063,0.97954,0.052262,0.0135752,18.7631,42.7249
0.0551944,0.996382,0.054649,0.640528,18.4314,42.7253
0.0542321,0.981266,0.0507331,0.56087,16.7108,42.7254
0.0559181,0.975191,0.0530855,0.583572,19.1454,42.7254
0.0550896,0.982759,0.0507152,0.0425588,18.6414,42.7257
0.0556549,0.994689,0.0539522,0.217214,18.9196,42.7265
0.0566866,0.969414,0.0510778,0.555824,19.9704,42.7271
0.05556,0.985556,0.0531646,0.991297,19.1238,42.7275
0.0540199,0.993801,0.0526656,0.355936,16.1585,42.7277
0.0545061,0.99965,0.0538014,0.341427,17.9884,42.7284
0.0560275,0.980729,0.0509225,0.295473,18.1679,42.7286
0.0546868,0.979119,0.0503593,0.866136,17.7986,42.7287
0.0558541,0.97704,0.053325,0.3038,19.074,42.7292
0.055582,0.990383,0.0555162,0.687381,19.3175,42.7293
0.0541573,0.979979,0.0508469,0.0826491,16.2332,42.7294
0.0549038,0.981522,0.0511018,0.265475,17.9716,42.7294
0.0565604,0.979845,0.0526781,0.306144,19.5639,42.7295
0.0560206,0.969667,0.0520747,0.818163,19.3007,42.7299
0.0565729,0.979147,0.0525581,0.376771,19.0043,42.7301
0.0556331,0.993296,0.0561294,0.113583,19.409,42.7303
0.0549974,0.991407,0.0504472,1.24,19.2267,42.7304
0.0552043,0.998115,0.0510668,0.854661,17.4226,42.7304
0.0544787,0.997471,0.0535459,0.952646,17.0077,42.7307
0.0566231,0.981763,0.0526378,0.489923,19.8069,42.7307
0.0559044,0.964177,0.0502155,0.528817,18.8636,42.7313
0.0556923,0.975553,0.0511881,0.0267822,19.646,42.7318
0.0567809,0.964341,0.050232,0.0465134,19.5385,42.7318
0.0555283,0.98429,0.0529693,0.118629,18.3699,42.732
0.055874,0.968644,0.0507034,0.954435,18.4944,42.7322
0.0548666,0.987958,0.0502865,0.398159,18.5541,42.7324
0.0553804,0.990741,0.0505658,0.803606,19.6956,42.7324
0.0554763,0.9985,0.0505837,1.21149,19.4889,42.7326
0.0548451,0.990906,0.0510339,0.873197,18.7633,42.733
0.056405,0.969041,0.0507984,0.195447,19.3585,42.733
0.0555154,0.979937,0.0523186,0.659412,18.8037,42.7331
0.055882,0.964241,0.0507835,0.82384,19.7995,42.7331
0.0546405,0.994684,0.0519614,1.56534,19.0648,42.7333
0.055218,0.984236,0.051821,0.250695,18.8194,42.7334
0.0552903,0.994529,0.050486,0.793288,19.6947,42.7337
0.0558538,0.993195,0.0553095,0.522283,19.8167,42.7338
0.054276,0.981923,0.0509133,0.756323,17.9842,42.7339
0.0547123,0.996976,0.0514799,0.00443057,18.3612,42.7345
0.0548642,0.999163,0.051809,1.17726,19.682,42.7346
0.0545058,0.98202,0.0506783,0.227305,17.083,42.7347
0.0560287,0.981971,0.0510185,0.277996,18.3816,42.7348
0.054001,0.989711,0.0501898,0.526911,16.2014,42.7349
0.0557657,0.976797,0.0518534,0.279193,18.2139,42.7354
0.0542486,0.994838,0.0502184,1.33873,18.1651,42.7359
0.0542663,0.979609,0.0505711,0.634965,16.2543,42.736
0.0551996,0.982011,0.0510352,0.81734,18.9688,42.7362
0.0557018,0.995563,0.0540062,0.192135,18.773,42.7362
0.0561172,0.979273,0.05268,0.266547,19.1826,42.7372
0.0542066,0.997615,0.0535941,0.971952,17.1666,42.7373
0.05572,0.97237,0.0502799,0.23392,19.2322,42.7373
0.0550103,0.998096,0.0545467,0.119609,18.7622,42.7376
0.0553685,0.993903,0.0528686,0.562393,19.6521,42.7376
0.0556727,0.970788,0.0511135,0.502521,18.5063,42.738
0.0547311,0.979532,0.0507754,0.133561,17.418,42.7382
0.0540403,0.998419,0.0540014,0.944425,17.7352,42.7392
0.0561384,0.987656,0.0508784,0.915557,18.6247,42.7395
0.055686,0.999882,0.0543941,0.508725,18.621,42.7396
0.0565156,0.965363,0.0503281,0.153841,19.7576,42.74
0.0557722,0.979248,0.0537403,0.952619,19.7933,42.7408
0.0539639,0.99306,0.0521007,0.664571,16.6596,42.7409
0.0543099,0.991576,0.0525096,0.4986,17.7797,42.7415
0.0563282,0.965576,0.0504337,0.759502,19.192,42.7416
0.0567754,0.971958,0.0511574,0.270394,19.1253,42.7422
0.0540713,0.996409,0.0537714,0.481902,17.8718,42.7423
0.0547294,0.995078,0.0509591,0.566517,18.7427,42.7424
0.0553214,0.983231,0.0525661,0.0694621,18.9008,42.743
0.0552395,0.979647,0.0507896,0.161847,18.9782,42.7436
0.0540101,0.999846,0.0542562,0.37259,17.5507,42.7436
0.056015,0.960115,0.0507269,0.718336,19.1363,42.7437
0.055436,0.972244,0.0505267,0.375865,18.3887,42.7437
0.0558136,0.98149,0.0542804,0.362211,19.6466,42.7437
0.0553239,0.998387,0.050902,0.252517,17.634,42.7437
0.0546819,0.987781,0.0521653,0.891256,17.0243,42.744
0.0553913,0.996081,0.0548113,0.940791,19.3778,42.7441
0.0552953,0.998081,0.0513387,1.04079,19.0326,42.7444
0.054792,0.993643,0.0515409,0.642229,18.1365,42.7446
0.056249,0.990425,0.0543501,0.738832,19.5832,42.7447
0.0541815,0.997918,0.0538168,0.207493,17.4885,42.7452
0.0549397,0.99462,0.0511199,1.34008,19.2764,42.7454
0.0571479,0.982819,0.0506275,0.162326,19.9266,42.7455
0.0549337,0.984952,0.0504334,0.648157,18.131,42.7463
0.0546366,0.984141,0.0515105,0.666799,17.0485,42.7464
0.0545466,0.990419,0.050261,1.93997,19.4058,42.7467
0.0566201,0.969611,0.0512822,0.217038,19.1905,42.7469
0.0559175,0.985615,0.05425,0.129808,19.6719,42.747
0.0565475,0.966293,0.0505097,0.708967,19.6568,42.7472
0.0564134,0.999278,0.051659,0.056028,18.7596,42.7475
0.0540231,0.995684,0.0516388,0.84171,17.108,42.7476
0.0556312,0.982033,0.0543391,0.927631,19.4429,42.7477
0.0556948,0.994387,0.0501992,0.629732,17.5011,42.7482
0.0548761,0.991668,0.0524717,0.59503,18.7801,42.7483
0.0542207,0.99763,0.0519932,0.0678509,16.8892,42.7485
0.0562246,0.986322,0.0536484,0.167993,19.7022,42.7486
0.0557402,0.973621,0.0528502,0.0660569,19.3259,42.7498
0.054439,0.990545,0.0524072,0.198135,17.3667,42.7501
0.0546787,0.976997,0.0502613,0.411502,17.6981,42.7502
0.055541,0.984618,0.0525369,0.27983,19.9903,42.7506
0.0543674,0.983152,0.0502023,0.519091,16.8199,42.7512
0.0544575,0.993436,0.0529816,0.123984,17.1012,42.7515
0.0544334,0.998282,0.0509983,0.131546,16.111,42.7515
0.0569995,0.977104,0.0512923,0.868426,19.1132,42.7515
0.0545153,0.991571,0.0527701,0.815707,17.7871,42.7518
0.0565329,0.993806,0.050661,0.546933,18.6843,42.7522
0.0570282,0.99472,0.0520612,0.00687169,19.8477,42.7524
0.0561862,0.993821,0.051382,0.568095,18.4045,42.7529
0.0565798,0.964287,0.050262,0.520469,19.5774,42.7539
0.0558533,0.998531,0.0532681,0.490679,18.5274,42.754
0.0554889,0.983725,0.0503285,0.727346,19.3158,42.7541
0.0541775,0.984153,0.0511566,0.667371,17.5065,42.7543
0.0566898,0.964495,0.0505573,0.82668,19.4741,42.7549
0.0569265,0.973477,0.0511695,0.995212,19.0201,42.7555
0.0554597,0.973705,0.0511881,0.521569,18.6354,42.756
0.0543559,0.988002,0.0520991,0.554947,17.3897,42.7561
0.054899,0.988738,0.0507358,1.99392,19.693,42.7565
0.055385,0.98459,0.0531012,0.0236011,18.6538,42.7565
0.0559869,0.991562,0.052014,0.157599,18.8159,42.7566
0.0555633,0.991995,0.0560718,0.702267,19.8072,42.7568
0.055954,0.990306,0.0521119,0.305496,18.2652,42.7572
0.0560094,0.979173,0.053213,0.722532,19.3585,42.7573
0.0546863,0.981554,0.0513414,0.984592,17.6695,42.7573
0.0555189,0.997334,0.0504495,1.64465,19.5055,42.7581
0.0570296,0.968219,0.0504115,0.162788,19.2415,42.7581
0.0555285,0.981787,0.051094,0.683905,19.2605,42.7587
0.0550286,0.989565,0.0525029,0.977235,18.7866,42.7589
0.0548007,0.987873,0.0512219,1.27171,19.6603,42.7591
0.0548837,0.995032,0.0514633,1.54408,19.5491,42.7592
0.0551346,0.992507,0.0510097,0.466166,17.0264,42.7593
0.0546782,0.994241,0.0522289,1.89641,19.0917,42.7595
0.05568,0.97463,0.0510273,0.0558068,19.1399,42.7596
0.0557979,0.996184,0.0534872,0.193538,18.9071,42.7596
0.0547344,0.977268,0.0506498,0.144134,17.2579,42.7611
0.0541316,0.990859,0.0523,0.264225,16.6565,42.7612
0.0547569,0.999393,0.0539982,0.221117,18.3591,42.7614
0.0546738,0.99587,0.0534263,0.4312,17.9158,42.7617
0.0549508,0.994822,0.0512542,1.60866,19.3766,42.7617
0.054176,0.975932,0.0505461,0.813747,16.0381,42.762
0.054235,0.981882,0.0511868,0.377423,17.0559,42.7626
0.0554866,0.997093,0.0508513,0.37902,17.6522,42.7627
0.0542107,0.99412,0.0503213,1.29789,18.2284,42.7631
0.0546053,0.991592,0.0529209,0.117337,17.7198,42.7632
0.0551123,0.990382,0.0502605,1.573,19.2933,42.7635
0.0567477,0.999918,0.0502308,0.211282,18.6672,42.7636
0.0541168,0.999838,0.0503221,0.886391,15.6251,42.7636
0.056749,0.967808,0.0509046,0.150205,19.2531,42.7637
0.05514,0.993786,0.0511161,0.562985,17.7022,42.7639
0.0561334,0.983029,0.0534476,0.863083,19.1826,42.764
0.0549919,0.988172,0.0522056,0.559457,18.9605,42.764
0.0549653,0.985412,0.0517359,0.858662,18.8408,42.7642
0.0540083,0.998954,0.0501891,1.63591,18.2016,42.765
0.0556856,0.996321,0.0504759,0.0620161,17.8702,42.7651
0.0561259,0.986033,0.0509355,0.0506625,18.6127,42.7655
0.0552073,0.987409,0.0503165,0.0145091,17.2096,42.7656
0.0548317,0.974778,0.0505672,0.0302353,17.8376,42.7659
0.0554627,0.998356,0.0507933,1.69428,19.5789,42.7669
0.0542614,0.980207,0.0510518,0.0600754,17.6193,42.7672
0.0557228,0.997011,0.0540994,0.763369,18.4938,42.7672
0.0558108,0.968541,0.0511266,0.693264,18.3245,42.7677
0.0569727,0.994652,0.0525884,0.282438,19.4603,42.7682
0.0556403,0.993621,0.0541335,0.114174,18.8837,42.7683
0.0560617,0.996582,0.0521601,0.889218,18.9478,42.7683
0.0548428,0.982099,0.0504531,1.21779,19.0059,42.7686
0.0546933,0.996753,0.0519267,0.788176,18.6929,42.7688
0.0548792,0.986153,0.0505845,0.519888,18.0796,42.7689
0.0567289,0.974408,0.0517166,0.0927703,19.52,42.7689
0.0545667,0.976921,0.050362,0.748615,17.2377,42.7689
0.0550571,0.99432,0.0544942,0.133374,18.0175,42.769
0.0541345,0.999036,0.0544995,0.477564,17.628,42.7693
0.055789,0.972741,0.0515981,0.351105,18.6523,42.7696
0.0557741,0.982996,0.0526006,0.858449,18.5337,42.7704
0.0541111,0.980139,0.0508998,0.167535,16.3104,42.7708
0.055759,0.980697,0.0542896,0.105898,19.7654,42.7708
0.0544073,0.999596,0.0520436,1.94927,19.0095,42.771
0.0549635,0.992603,0.0532068,0.286442,18.5952,42.7713
0.055338,0.980389,0.0523719,0.0697184,18.829,42.7715
0.055618,0.988132,0.0555477,0.659801,19.9347,42.7719
0.0550646,0.994237,0.0508749,1.04172,19.5466,42.772
0.0555757,0.98358,0.0540716,0.546571,19.8647,42.7721
0.0565186,0.998776,0.0552325,0.960264,19.8585,42.7721
0.0553159,0.997881,0.05442,0.720389,19.6544,42.7722
0.0547912,0.999655,0.0535321,0.242923,17.723,42.7737
0.054949,0.999699,0.0552914,0.248654,18.2228,42.7738
0.0558234,0.997221,0.0563224,0.653836,19.8965,42.774
0.0558644,0.975464,0.0535069,0.628842,19.3341,42.7741
0.0544057,0.976913,0.050637,0.623661,17.3503,42.7747
0.0559755,0.98517,0.0541967,0.107612,19.8565,42.7751
0.056016,0.963773,0.0516126,0.396951,19.317,42.7751
0.0552329,0.997132,0.0517862,0.387125,19.4068,42.7752
0.0554212,0.978085,0.0522269,0.271746,18.0194,42.7758
0.0557394,0.972981,0.0531076,0.2796,19.7802,42.7758
0.0546204,0.997249,0.0505811,0.0128244,18.7371,42.7762
0.0548135,0.993757,0.0528035,0.0463646,18.2984,42.7764
0.0561912,0.984872,0.0536768,0.743862,19.228,42.7764
0.0546826,0.980732,0.0514554,0.318574,17.313,42.7764
0.0550574,0.993394,0.0515469,0.00170715,17.3266,42.7765
0.0553346,0.998693,0.0556762,0.0203679,19.2689,42.778
0.0547074,0.995539,0.0518772,0.761253,18.3203,42.7782
0.0541369,0.992354,0.0536485,0.118978,17.0793,42.7782
0.05665,0.976525,0.0522752,0.662866,19.9623,42.7782
0.0544316,0.993437,0.0533522,0.788988,17.9944,42.7785
0.0559227,0.963146,0.0502981,0.458169,18.8564,42.7785
0.055854,0.985164,0.0547739,0.650501,19.7058,42.7788
0.0547102,0.998805,0.0502732,1.68182,18.7749,42.7797
0.0556683,0.973635,0.0507058,0.340088,19.8019,42.7797
0.0541448,0.997522,0.0544101,0.307114,17.2799,42.7802
0.055674,0.977122,0.0523481,0.816557,18.6231,42.7802
0.0541806,0.987944,0.0529371,0.818257,17.82,42.7802
0.0563013,0.986288,0.0504162,0.339822,18.7168,42.7803
0.0548032,0.974354,0.0506244,0.388965,17.618,42.7804
0.0543769,0.978018,0.050951,0.676545,17.8609,42.7806
0.0556307,0.989955,0.0559932,0.447086,19.9066,42.7808
0.0566846,0.993108,0.0542909,0.537813,19.6255,42.7809
0.0557419,0.970186,0.0508803,0.835578,19.6971,42.7811
0.0566529,0.973004,0.0519244,0.649278,19.8549,42.7814
0.0549324,0.999882,0.05535,0.79402,18.0943,42.7815
0.0546331,0.999721,0.052505,0.991953,18.7262,42.7817
0.0564888,0.986978,0.0504072,0.194651,18.6562,42.7818
0.0541493,0.981938,0.0515375,0.903299,16.174,42.7819
0.0550261,0.98749,0.0503175,1.03185,19.352,42.782
0.0557978,0.985884,0.055195,0.858268,19.3754,42.782
0.0559511,0.976436,0.0534245,0.318622,19.9598,42.7822
0.0545472,0.99449,0.0504203,1.66823,18.2602,42.7823
0.0553381,0.998526,0.0559029,0.324223,19.4566,42.7836
0.0555711,0.997185,0.0574334,0.946405,19.3277,42.7837
0.0539363,0.999073,0.0534762,0.500569,17.2105,42.7841
0.0544041,0.994822,0.0536755,0.824187,17.0889,42.7848
0.055289,0.999397,0.0548789,0.969463,19.9626,42.7848
0.0562223,0.970775,0.0517028,0.269883,19.0263,42.7851
0.0561926,0.981805,0.0533227,0.408373,19.9039,42.7852
0.054033,0.991978,0.0523236,0.0771606,17.5772,42.7855
0.0548697,0.984916,0.0504131,0.522099,18.9542,42.7857
0.0540102,0.99794,0.0548635,0.852995,17.8358,42.7862
0.0540482,0.997329,0.0534403,0.830396,16.9091,42.7864
0.0543986,0.996805,0.0503255,1.15033,19.7888,42.7864
0.0541003,0.996449,0.0508267,1.23542,18.2751,42.7865
0.0546985,0.97587,0.0506244,0.672283,17.867,42.7866
0.0565089,0.978968,0.0531862,0.713716,19.0452,42.7866
0.0553032,0.988515,0.0501633,0.905617,17.2062,42.7867
0.055423,0.985684,0.0506169,0.895165,19.4346,42.7868
0.0542608,0.978285,0.0509384,0.776691,17.1236,42.7868
0.0565628,0.987459,0.0538092,0.442102,19.6647,42.787
0.0541238,0.978409,0.050955,0.38478,16.3043,42.7873
0.0570508,0.994511,0.0520148,0.162288,19.4858,42.7877
0.0549864,0.997201,0.0551608,0.997332,18.4653,42.7881
0.0541828,0.998616,0.0511901,1.06001,18.3745,42.7882
0.0549353,0.995526,0.051554,1.60641,19.1923,42.7882
0.0549901,0.993913,0.0540181,0.993879,18.5059,42.7882
0.0544497,0.979878,0.0511783,0.760887,17.8891,42.7883
0.0557845,0.998683,0.0567953,0.420592,19.8987,42.7885
0.0554416,0.99138,0.0504149,1.77012,19.2693,42.7886
0.0550826,0.98474,0.0520763,0.903919,18.9148,42.7888
0.055513,0.977197,0.0523371,0.739745,18.1173,42.7894
0.0558132,0.966183,0.0511481,0.207954,19.0541,42.7894
0.0558777,0.964283,0.051838,0.317469,19.7721,42.7896
0.0566035,0.964556,0.0506086,0.974698,19.3619,42.7897
0.0557886,0.998251,0.0567342,0.619712,19.4337,42.79
0.0570466,0.994352,0.0520517,0.456296,19.3784,42.7903
0.0562381,0.992179,0.0551004,0.384891,19.116,42.7908
0.054037,0.997602,0.0535791,0.264166,16.5142,42.7918
0.055574,0.984771,0.055184,0.745865,19.7828,42.7918
0.0553435,0.989544,0.0503398,1.07595,19.4026,42.792
0.054988,0.987051,0.0524103,0.32079,18.1882,42.7921
0.0554716,0.983603,0.0515091,0.175943,19.6475,42.7928
0.0547071,0.990623,0.052941,0.133715,17.7177,42.7929
0.0550339,0.997643,0.0505783,0.075411,19.1434,42.7929
0.0556469,0.98496,0.0552092,0.215608,19.9837,42.7929
0.0540081,0.998188,0.0538002,0.341445,16.2518,42.7932
0.054365,0.987941,0.0526714,0.628176,17.8544,42.7933
0.0540478,0.997832,0.0507897,1.93966,18.1356,42.7936
0.0539898,0.998007,0.0538275,0.193275,16.0081,42.7937
0.0552088,0.983743,0.0501865,0.631403,17.801,42.794
0.0555004,0.985587,0.0531383,0.960479,19.8844,42.7942
0.0543968,0.987084,0.0525077,0.756203,17.5739,42.7947
0.0555137,0.989143,0.0559476,0.506405,19.4934,42.7948
0.0559383,0.992026,0.0554336,0.236345,19.5745,42.7953
0.0551166,0.973716,0.0501637,0.772496,18.6778,42.7953
0.0559338,0.98056,0.0518398,0.801208,18.0859,42.7955
0.0561548,0.998478,0.0562563,0.591304,19.1347,42.7958
0.0564481,0.981472,0.0536221,0.378767,19.5974,42.7958
0.0546323,0.997664,0.0519304,0.614878,18.5455,42.7959
0.0548727,0.984014,0.0507524,1.7337,19.2342,42.7962
0.0565347,0.970975,0.0516938,0.361443,19.6911,42.7964
0.0568412,0.995406,0.0538222,0.10475,19.0279,42.7966
0.0553844,0.986584,0.0503996,0.885405,19.3952,42.7973
0.0541156,0.989817,0.0526141,0.557353,16.8039,42.7974
0.0553856,0.992314,0.0504344,0.745865,17.2258,42.7975
0.0544418,0.981812,0.0516796,0.0178878,17.3627,42.7976
0.0546416,0.98204,0.0501547,1.77077,19.8981,42.7977
0.0541285,0.990938,0.0525774,0.759583,16.1911,42.7979
0.054496,0.992623,0.0518605,1.95318,19.2264,42.7982
0.0554025,0.975699,0.0519312,0.807117,18.6752,42.7983
0.0544334,0.976623,0.0508564,0.32542,17.051,42.7984
0.0547998,0.997932,0.0524313,1.9962,19.8742,42.7985
0.0539673,0.991005,0.0528935,0.339066,16.9093,42.7985
0.0562867,0.983776,0.05364,0.347778,19.74,42.7988
0.0544673,0.993184,0.0502667,1.60864,18.6808,42.799
0.0557147,0.969518,0.0502258,0.504495,19.8509,42.799
0.0555844,0.987332,0.0539183,0.999896,18.9693,42.799
0.055407,0.987148,0.0518165,0.355164,19.3364,42.7991
0.0560445,0.959002,0.0510555,0.837753,19.6197,42.7991
0.0542501,0.978843,0.051337,0.948971,17.707,42.7996
0.0540642,0.997565,0.0505762,0.78358,15.5253,42.7998
0.0556741,0.986948,0.0535135,0.383846,18.0908,42.8001
0.0570433,0.9775,0.0513127,0.192006,19.0714,42.8004
0.0547978,0.997701,0.0545097,0.877964,18.1204,42.8004
0.055917,0.984996,0.0546214,0.485067,19.4536,42.8006
0.0550441,0.988952,0.0531848,0.531853,18.7507,42.8006
0.0555406,0.982812,0.0532314,0.121046,18.6584,42.8007
0.0555834,0.993583,0.0545286,0.983862,18.7776,42.8018
0.0558487,0.962587,0.0502567,0.706642,19.9904,42.8019
0.0546573,0.999409,0.0505967,1.00805,18.6485,42.8023
0.0542458,0.976334,0.0508692,0.0684069,16.3269,42.8024
0.0552434,0.997394,0.0535131,0.147807,19.2608,42.8025
0.0560998,0.975955,0.0528588,0.560652,19.8109,42.8029
0.0555286,0.987803,0.0558047,0.290574,19.5185,42.8031
0.0541659,0.998624,0.0501446,0.898929,15.0689,42.8034
0.0542944,0.987609,0.0528805,0.309852,17.6091,42.8034
0.0551585,0.998762,0.0557433,0.740112,18.5409,42.8037
0.0546796,0.991212,0.0521237,1.68644,19.8351,42.8041
0.0553937,0.971338,0.0510005,0.669074,18.5197,42.8046
0.0569406,0.992463,0.0529507,0.948273,19.9883,42.805
0.0552174,0.996588,0.0514227,1.30361,19.1206,42.8052
0.0569694,0.968006,0.0506737,0.343362,19.4526,42.8052
0.0542889,0.994479,0.0539139,0.328462,17.2745,42.8053
0.0540103,0.98617,0.0510521,0.599581,16.9724,42.8055
0.0544361,0.995182,0.0511376,1.46194,19.6198,42.8058
0.0557641,0.997641,0.0568892,0.138462,19.5371,42.8058
0.0547575,0.972981,0.050542,0.956542,17.4177,42.8063
0.0548627,0.985837,0.0510742,0.545794,18.7868,42.807
0.0556037,0.972877,0.0519064,0.00330943,18.1506,42.8075
0.0556735,0.987152,0.0558004,0.888359,19.8216,42.8077
0.0539612,0.998332,0.0549736,0.785685,17.5561,42.808
0.0545192,0.999888,0.0513674,0.975751,16.4809,42.808
0.0553101,0.997763,0.0551575,0.728949,19.0183,42.8081
0.0544339,0.992718,0.0536885,0.984271,17.0679,42.8081
0.0550988,0.980289,0.0514661,0.321381,18.8023,42.8082
