beta,permeability,xi,init_days,delay,value
0.0528591,0.997505,0.0504378,0.974849,19.4638,27.2839
0.0528026,0.999396,0.050515,0.871723,19.5881,27.284
0.0528151,0.997809,0.0502953,0.0698233,19.2992,27.2873
0.052892,0.994359,0.0502249,0.418022,19.7269,27.3037
0.0528838,0.992508,0.0502734,0.505994,19.3247,27.3332
0.0528337,0.997796,0.0510552,0.131015,19.7079,27.347
0.0528702,0.9913,0.0501187,0.723265,19.5298,27.3477
0.0528307,0.993739,0.0504075,0.720359,19.9996,27.3552
0.0529145,0.989577,0.0502372,0.245595,19.6078,27.3685
0.052816,0.997688,0.0512674,0.794767,19.3889,27.37
0.0528506,0.991586,0.0503703,0.0194804,19.3326,27.3725
0.05295,0.992029,0.0502375,0.948921,19.8407,27.3725
0.0528647,0.992871,0.0507165,0.410555,19.1197,27.375
0.052901,0.993804,0.0507106,0.866011,19.8578,27.3779
0.0528302,0.99691,0.0514142,0.444811,19.2636,27.3989
0.052977,0.997142,0.0502189,0.839718,19.1969,27.4173
0.052883,0.997182,0.051122,0.269975,19.3923,27.4192
0.0527686,0.995137,0.0509593,0.776036,19.3557,27.4343
0.0529832,0.985183,0.0501699,0.907679,19.1524,27.4385
0.0528599,0.990006,0.0510004,0.796882,19.7007,27.4423
0.0528172,0.991031,0.0502543,0.169945,19.5718,27.4441
0.0527685,0.996381,0.0518466,0.999887,19.6844,27.449
0.0527747,0.999461,0.0522061,0.558474,19.8793,27.4507
0.0528999,0.984479,0.0503443,0.169495,19.5867,27.4573
0.0528343,0.990299,0.0511225,0.901128,19.6174,27.4579
0.0529228,0.983239,0.0503301,0.409718,19.4935,27.4647
0.0528834,0.986783,0.0508182,0.755007,19.3285,27.4657
0.0528875,0.985931,0.0507892,0.173592,19.5449,27.4749
0.0530082,0.995643,0.0501349,0.280251,19.2571,27.4808
0.0527438,0.995323,0.0507853,0.682612,19.9483,27.4837
0.0527788,0.996293,0.0521768,0.772689,19.718,27.4841
0.0529291,0.985821,0.0507719,0.256176,19.7157,27.486
0.052881,0.997967,0.0514555,0.276803,19.7103,27.4898
0.052775,0.994656,0.052072,0.609725,19.912,27.492
0.0528869,0.985985,0.0509699,0.00636531,19.4906,27.493
0.0528196,0.99121,0.0516873,0.172874,19.5581,27.499
0.0527132,0.997141,0.0507799,0.519867,19.617,27.5003
0.0530178,0.991473,0.0501553,0.706199,19.7014,27.5003
0.0527413,0.996399,0.0523873,0.119914,19.104,27.5026
0.0528048,0.989553,0.0506231,0.380999,19.9558,27.5062
0.0528716,0.998815,0.0516237,0.254995,19.8452,27.5063
0.052743,0.994238,0.0519555,0.600792,19.499,27.5117
0.0528742,0.983911,0.0507817,0.83117,19.0094,27.5145
0.0526985,0.997526,0.0518409,0.419137,19.3367,27.5162
0.0528533,0.985254,0.0504391,0.505726,19.1115,27.5165
0.052913,0.985079,0.0510373,0.822743,19.0756,27.5221
0.0527103,0.996405,0.0505823,0.526298,19.2766,27.5247
0.0528531,0.98619,0.0512834,0.450786,19.1092,27.5254
0.0529981,0.998049,0.0503758,0.425674,19.3509,27.5254
0.0529335,0.980975,0.0506613,0.484024,19.055,27.5271
0.0527902,0.992634,0.0521506,0.459736,19.2266,27.5287
0.0528926,0.983847,0.0510821,0.204337,19.6583,27.5332
0.0528423,0.987014,0.0514907,0.915428,19.1829,27.5335
0.053015,0.998353,0.0502352,0.414287,19.0215,27.5365
0.0527712,0.990833,0.0515179,0.289457,19.606,27.5379
0.0528403,0.985284,0.0508697,0.576652,19.5573,27.5402
0.0528035,0.998319,0.0524696,0.297826,19.1447,27.5497
0.0527597,0.991402,0.0510863,0.8163,19.9982,27.5505
0.0529322,0.998431,0.0511957,0.230569,19.4204,27.5573
0.0529156,0.97862,0.0502994,0.261196,19.7278,27.558
0.0528917,0.980608,0.0501236,0.124179,19.2765,27.5587
0.0528746,0.981905,0.0501202,0.1737,19.4509,27.5612
0.0527564,0.993808,0.0526458,0.547019,19.6192,27.5636
0.0526713,0.997502,0.0521634,0.951969,19.5857,27.5734
0.0528319,0.985086,0.0515877,0.574569,19.5374,27.5758
0.05287,0.983667,0.0515782,0.430012,19.2628,27.5883
0.0528165,0.985382,0.0507884,0.459455,19.5044,27.5891
0.0526957,0.994915,0.0504042,0.376856,19.4627,27.5893
0.0530161,0.981871,0.0505189,0.177072,19.8468,27.5894
0.0529291,0.980973,0.0511351,0.231903,19.6046,27.5899
0.0529891,0.980559,0.0507638,0.89731,19.758,27.5932
0.0526676,0.996885,0.0506919,0.592975,19.5291,27.5955
0.0529817,0.996246,0.0508406,0.76495,19.1166,27.5989
0.0529585,0.980808,0.051005,0.251478,19.0252,27.5998
0.0527855,0.987118,0.0518722,0.479191,19.0719,27.6025
0.0528672,0.980797,0.0501641,0.905852,19.9224,27.6048
0.0528291,0.983751,0.0507943,0.505317,19.1269,27.6049
0.0526728,0.99611,0.0517246,0.809501,19.1896,27.6074
0.0530412,0.97948,0.050355,0.646954,19.7934,27.6086
0.0528088,0.984766,0.0515574,0.196342,19.3642,27.6167
0.0527311,0.990899,0.0519889,0.00590838,19.3054,27.6198
0.0529077,0.976536,0.0505526,0.020246,19.8478,27.6278
0.0529154,0.985966,0.0516699,0.32843,19.2748,27.6302
0.0527226,0.997885,0.0535458,0.356075,19.7744,27.6304
0.052826,0.983024,0.050142,0.353888,19.927,27.6315
0.0529932,0.976432,0.0507634,0.312593,19.5788,27.6334
0.0530767,0.976016,0.0501209,0.485996,19.6261,27.6349
0.0527014,0.99355,0.053324,0.333304,19.9669,27.6365
0.0529626,0.973521,0.0507953,0.758693,19.6123,27.6383
0.052718,0.992434,0.0532524,0.396311,19.259,27.6407
0.0527367,0.989463,0.0506805,0.289264,19.7612,27.6463
0.052663,0.99508,0.0510116,0.849403,19.8773,27.6499
0.052861,0.979427,0.0508237,0.650504,19.3487,27.65
0.0526516,0.996098,0.0521877,0.734254,19.2282,27.6505
0.0529151,0.975883,0.0512143,0.066709,19.1004,27.6511
0.0528737,0.97842,0.0505111,0.680183,19.6422,27.6511
0.0527057,0.991723,0.0511357,0.310343,19.2624,27.6516
0.0526079,0.999167,0.0504935,0.64417,19.9364,27.6517
0.0527533,0.987921,0.0513723,0.933557,19.5532,27.6527
0.0527906,0.990526,0.0528575,0.281276,19.8014,27.6532
0.0530229,0.97554,0.0506392,0.0304711,19.3482,27.6534
0.0527024,0.991911,0.0512301,0.881271,19.0351,27.6537
0.0527971,0.984407,0.0504756,0.158549,19.4203,27.6541
0.0528154,0.982913,0.0507489,0.778896,19.7458,27.655
0.0528086,0.983375,0.0506692,0.192,19.8872,27.6573
0.0527696,0.986406,0.0510067,0.823997,19.8919,27.6585
0.0527912,0.986626,0.052652,0.990973,19.6577,27.6585
0.0526466,0.995743,0.0504939,0.91058,19.5609,27.6592
0.0530582,0.969302,0.0501773,0.0636989,19.0036,27.6601
0.052689,0.992405,0.0527379,0.915325,19.1342,27.6669
0.0528656,0.978338,0.0510572,0.564558,19.6162,27.6673
0.052639,0.996129,0.0508918,0.899628,19.9071,27.6677
0.0530641,0.974044,0.0503699,0.700053,19.6411,27.6685
0.0528843,0.979307,0.051785,0.877965,19.7094,27.6697
0.0530796,0.97532,0.0502561,0.481192,19.4138,27.6742
0.0526591,0.994492,0.0519856,0.579857,19.1749,27.6759
0.0529409,0.998301,0.0515486,0.160816,19.487,27.6762
0.0526249,0.997118,0.0525458,0.541186,19.6088,27.679
0.0527236,0.989093,0.0528042,0.310685,19.4017,27.6792
0.0528979,0.987659,0.0520637,0.419361,19.4857,27.6794
0.0529854,0.997497,0.0510911,0.874274,19.4662,27.6801
0.0528317,0.980526,0.0512229,0.969205,19.6784,27.681
0.0529751,0.983317,0.0513082,0.283447,19.6226,27.6814
0.0529962,0.99127,0.0510547,0.90035,19.3188,27.6826
0.0527128,0.989618,0.0504363,0.369431,19.8592,27.6858
0.0527929,0.983474,0.0509838,0.749967,19.0699,27.686
0.0528434,0.97938,0.0509906,0.0287972,19.1606,27.6872
0.052713,0.989645,0.052713,0.639067,19.0171,27.6882
0.0528026,0.997698,0.0531081,0.244965,19.2686,27.6895
0.0527877,0.987547,0.0529471,0.262039,19.7794,27.6898
0.0530116,0.986831,0.0509758,0.953313,19.6254,27.6909
0.0527267,0.991763,0.0535691,0.388242,19.0484,27.6911
0.0528936,0.990723,0.052178,0.892603,19.055,27.6911
0.0529381,0.997396,0.0516475,0.821187,19.4351,27.6915
0.0527908,0.983344,0.0517409,0.775815,19.6283,27.6918
0.0526747,0.992729,0.0537095,0.8025,19.9842,27.6926
0.0526559,0.994029,0.0517107,0.00397977,19.6988,27.6929
0.0527393,0.987229,0.0502091,0.14514,19.0728,27.6932
0.0526708,0.99286,0.0518482,0.907736,19.4922,27.6935
0.0527667,0.989038,0.0531906,0.0534574,19.4626,27.695
0.0531011,0.977486,0.0501566,0.0225105,19.4007,27.6958
0.052738,0.987194,0.0505992,0.895666,19.814,27.699
0.0526371,0.995331,0.053061,0.866317,19.2532,27.6996
0.0529081,0.993866,0.052063,0.330744,19.8551,27.7011
0.0526991,0.990126,0.0513121,0.983403,19.328,27.7045
0.0528646,0.978179,0.0520393,0.751737,19.4586,27.7056
0.0528807,0.975708,0.0503321,0.767721,19.3221,27.7066
0.0530383,0.99448,0.050663,0.796906,19.222,27.7077
0.0529208,0.982746,0.0519283,0.9914,19.121,27.7087
0.0530156,0.998292,0.0508736,0.248858,19.3604,27.7094
0.0529775,0.985516,0.0514253,0.866752,19.87,27.7097
0.0525815,0.999307,0.0542857,0.555583,19.6619,27.7109
0.0528838,0.975142,0.0507786,0.814611,19.1748,27.7136
0.052802,0.99162,0.0531744,0.967428,19.9824,27.7142
0.052661,0.995354,0.0543562,0.597307,19.5003,27.7177
0.0530675,0.978702,0.0505842,0.858805,19.7607,27.7194
0.0527856,0.982671,0.0526445,0.138123,19.1596,27.7195
0.0527344,0.986741,0.0511507,0.306102,19.8098,27.7197
0.0530377,0.964119,0.0504131,0.0617704,19.0909,27.7226
0.052726,0.987729,0.0534201,0.0548648,19.8863,27.7227
0.0526677,0.991961,0.0522233,0.361808,19.2509,27.7231
0.0527696,0.997917,0.0536045,0.200713,19.2998,27.7254
0.0528087,0.98059,0.050298,0.474013,19.1563,27.7258
0.0526946,0.990596,0.0538702,0.099109,19.5763,27.7264
0.0527392,0.990085,0.0536146,0.0489075,19.6924,27.7277
0.0529713,0.967448,0.0507181,0.470605,19.4706,27.7288
0.0526098,0.99856,0.0549431,0.651566,19.7102,27.7294
0.0527232,0.993169,0.0538848,0.205089,19.7394,27.7307
0.0529834,0.968705,0.0510244,0.961362,19.6486,27.7321
0.0526984,0.991199,0.0539795,0.0845989,19.5852,27.7331
0.0527843,0.982196,0.0507921,0.572135,19.3045,27.7347
0.0529081,0.985687,0.052218,0.980738,19.3057,27.7388
0.0526565,0.992095,0.0516319,0.338513,19.6362,27.7389
0.0526437,0.993128,0.0521285,0.557687,19.9833,27.7408
0.052571,0.999152,0.0550771,0.457384,19.1882,27.7421
0.0526944,0.98886,0.0510745,0.0310679,19.1596,27.7429
0.0526429,0.993086,0.0521435,0.650391,19.9254,27.7436
0.0527722,0.982681,0.0528677,0.372165,19.3532,27.7444
0.0527958,0.981703,0.0528894,0.331406,19.1579,27.7447
0.0528967,0.976209,0.0519981,0.590112,19.9485,27.7449
0.0529374,0.969515,0.0512496,0.490147,19.2053,27.7454
0.0526783,0.990256,0.0523382,0.452708,19.4239,27.7454
0.0528197,0.997709,0.0531936,0.550213,19.7465,27.7462
0.0526298,0.993747,0.0513956,0.197489,19.9111,27.7462
0.0526701,0.990063,0.0501418,0.944758,19.798,27.7486
0.0526789,0.990076,0.052494,0.0337813,19.4215,27.749
0.0528939,0.977843,0.0521149,0.164354,19.4428,27.7507
0.0526361,0.993393,0.0534215,0.0895575,19.1908,27.7517
0.0529488,0.978108,0.0517634,0.894416,19.9397,27.7522
0.0525972,0.998209,0.0551536,0.529848,19.3792,27.7525
0.0526874,0.989836,0.0540329,0.407959,19.0172,27.7536
0.0526512,0.995026,0.0546303,0.62231,19.9028,27.7542
0.0527236,0.986229,0.052964,0.0863571,19.8914,27.7543
0.0527771,0.981936,0.0524913,0.0334243,19.3813,27.7545
0.0529091,0.982179,0.0522322,0.395635,19.6274,27.755
0.0527361,0.985837,0.0535322,0.516144,19.0608,27.7559
0.0531147,0.98707,0.0501193,0.389464,19.0755,27.7573
0.0527104,0.987309,0.0536912,0.892814,19.2441,27.7579
0.0528556,0.98041,0.0525384,0.596221,19.6005,27.7594
0.0525905,0.996399,0.0520954,0.0784823,19.3882,27.7608
0.0526412,0.99522,0.0547525,0.844798,19.4902,27.7608
0.0528362,0.983239,0.0528088,0.711704,19.1927,27.7615
0.0528812,0.973443,0.0510275,0.356455,19.1057,27.7618
0.0528989,0.975771,0.0520563,0.562899,19.345,27.7622
0.0530974,0.986062,0.0503283,0.15554,19.0594,27.7623
0.0530611,0.999121,0.0506014,0.533641,19.7661,27.763
0.0526256,0.993327,0.0513964,0.58358,19.6398,27.7636
0.0527312,0.984866,0.0502719,0.579727,19.2849,27.7642
0.0526705,0.990115,0.0531549,0.630245,19.4911,27.765
0.0528676,0.985852,0.0527472,0.662703,19.8248,27.7676
0.0526786,0.988481,0.050203,0.102927,19.1812,27.7692
0.0527691,0.997826,0.0538214,0.466119,19.7017,27.7711
0.0526592,0.990558,0.0516181,0.837523,19.0317,27.7712
0.0526555,0.991055,0.0532407,0.21269,19.2994,27.772
0.0528707,0.973829,0.0505052,0.911236,19.9647,27.7739
0.052822,0.977669,0.0507625,0.239001,19.7968,27.7739
0.0530503,0.962034,0.0505361,0.53836,19.1218,27.7751
0.0525828,0.996693,0.0545577,0.65512,19.3331,27.7766
0.0527198,0.991728,0.0541076,0.30139,19.9942,27.7775
0.0527952,0.984783,0.0532586,0.371712,19.7832,27.7783
0.0528277,0.998158,0.0532191,0.709105,19.079,27.7783
0.053038,0.994093,0.05094,0.660049,19.9342,27.7796
0.0529887,0.982298,0.0516062,0.887546,19.1717,27.7799
0.0530551,0.995858,0.0507585,0.476875,19.3155,27.7826
0.0527597,0.982111,0.0526964,0.0652221,19.7354,27.7864
0.0531308,0.974761,0.050203,0.380875,19.5302,27.7868
0.0530595,0.992545,0.0507572,0.664145,19.9922,27.7873
0.0527925,0.97947,0.0517127,0.955486,19.4013,27.7883
0.0530864,0.960049,0.0502853,0.221699,19.6461,27.7892
0.0527641,0.996348,0.0539534,0.291607,19.3253,27.7906
0.0529157,0.98936,0.0523915,0.726299,19.1362,27.7933
0.0527064,0.993999,0.054406,0.975039,19.9317,27.7942
0.0528421,0.983922,0.0529864,0.948315,19.5954,27.7955
0.0531112,0.995008,0.0502472,0.388807,19.2089,27.7979
0.0525651,0.997001,0.0529233,0.522608,19.1322,27.8007
0.0530354,0.977948,0.051233,0.546435,19.3681,27.8016
0.0528903,0.971928,0.0521835,0.496768,19.8994,27.8032
0.0528862,0.971407,0.0507545,0.731696,19.5189,27.8042
0.0529684,0.964863,0.0502558,0.578741,19.7905,27.805
0.0527154,0.984891,0.0534421,0.388302,19.5629,27.8055
0.0530558,0.995474,0.0508451,0.0400152,19.2441,27.8066
0.052617,0.992761,0.0541633,0.523389,19.5203,27.8078
0.0529753,0.965424,0.051357,0.471577,19.3862,27.8078
0.052952,0.96596,0.0508181,0.73495,19.7541,27.8084
0.0527617,0.981108,0.0524738,0.359226,19.2297,27.8089
0.0529602,0.977299,0.0519622,0.789914,19.4393,27.8089
0.0530521,0.99609,0.0508888,0.362125,19.8818,27.809
0.0527874,0.97902,0.0522674,0.110993,19.2312,27.8098
0.0528222,0.976187,0.052118,0.735397,19.831,27.8106
0.052814,0.976806,0.0522721,0.564516,19.9387,27.8113
0.0528377,0.974943,0.0511142,0.980877,19.5628,27.812
0.0526193,0.992147,0.0525083,0.956001,19.7995,27.814
0.0531186,0.963621,0.050348,0.15787,19.2566,27.8145
0.0527923,0.997229,0.0538002,0.647904,19.1228,27.8167
0.0531084,0.961627,0.0503421,0.396657,19.4435,27.8172
0.0526166,0.993266,0.0551681,0.463949,19.6584,27.8174
0.0530351,0.997216,0.0510913,0.527288,19.2914,27.8179
0.0530753,0.986014,0.0507688,0.88803,19.2625,27.8181
0.0530321,0.97301,0.0513062,0.113404,19.4673,27.8182
0.0527812,0.978852,0.0503317,0.981341,19.1919,27.8185
0.0525787,0.99685,0.0556455,0.88846,19.8473,27.82
0.0527449,0.992525,0.0542213,0.928926,19.5273,27.8215
0.0526311,0.995595,0.0552054,0.184082,19.742,27.824
0.0527408,0.982129,0.0526351,0.370819,19.2494,27.8258
0.0525873,0.995092,0.0555046,0.0232784,19.247,27.826
0.0531364,0.977257,0.0502543,0.123688,19.1184,27.8268
0.0531065,0.973278,0.0506301,0.482622,19.332,27.8269
0.0530471,0.979864,0.051186,0.548215,19.0069,27.8275
0.0527682,0.979764,0.0532318,0.629108,19.3714,27.8278
0.0527005,0.985209,0.0537773,0.00468068,19.0346,27.8284
0.0527128,0.98595,0.0541995,0.679807,19.8703,27.8288
0.0529739,0.996834,0.0517894,0.501988,19.7862,27.8291
0.0529073,0.968696,0.0506464,0.282733,19.6151,27.8305
0.0529222,0.983747,0.0524822,0.882888,19.2561,27.8312
0.0529297,0.966875,0.0505554,0.854944,19.9742,27.8317
0.0530208,0.966797,0.0512168,0.259519,19.6661,27.8324
0.0526179,0.991561,0.0527194,0.125714,19.1619,27.8326
0.053017,0.986682,0.0514477,0.0382832,19.2236,27.8335
0.0527981,0.985576,0.0535842,0.342512,19.3721,27.834
0.0530834,0.983513,0.0507701,0.0914913,19.8566,27.8343
0.0527664,0.979202,0.0502099,0.561384,19.9161,27.8347
0.0527135,0.992069,0.0544974,0.195773,19.5151,27.835
0.052615,0.991538,0.0522947,0.813377,19.7871,27.8352
0.0529482,0.986299,0.0522296,0.607872,19.8241,27.8361
0.0529853,0.983064,0.0518586,0.310064,19.0493,27.8362
0.0529464,0.965278,0.0509317,0.683368,19.5425,27.8374
0.0531316,0.966756,0.0504264,0.990247,19.2503,27.8381
0.0526737,0.986566,0.051394,0.481121,19.6353,27.8384
0.0526745,0.98696,0.05362,0.163631,19.9778,27.8384
0.052571,0.995192,0.0539102,0.739765,19.7476,27.84
0.0529969,0.962531,0.0512644,0.578735,19.2621,27.8404
0.0525395,0.997787,0.0550056,0.235397,19.3066,27.8405
0.0527221,0.998063,0.0546347,0.429815,19.2091,27.8414
0.052878,0.975644,0.0526235,0.811765,19.2481,27.8415
0.0530598,0.985883,0.0510261,0.308561,19.3164,27.8423
0.0528356,0.973805,0.0513945,0.605338,19.4881,27.8451
0.0525421,0.996433,0.0520884,0.227918,19.6812,27.8454
0.0528971,0.98597,0.0528083,0.0492573,19.236,27.8456
0.0526273,0.990441,0.0544042,0.390774,19.3613,27.8465
0.0525146,0.998381,0.052108,0.145591,19.6506,27.8471
0.052834,0.973848,0.0515053,0.642639,19.9321,27.8473
0.0525522,0.995361,0.0517472,0.656835,19.6533,27.8474
0.052702,0.991246,0.0546196,0.211877,19.0266,27.8487
0.0531561,0.969738,0.0502289,0.643757,19.9016,27.85
0.0527748,0.98785,0.0539475,0.562668,19.1931,27.8503
0.0525825,0.993297,0.0522968,0.808501,19.8731,27.8517
0.0525874,0.993416,0.0550622,0.421539,19.1903,27.8527
0.0525902,0.992153,0.0507638,0.958287,19.5736,27.8535
0.0530864,0.959768,0.0506026,0.435361,19.8339,27.8538
0.0525451,0.996299,0.0528396,0.321808,19.8743,27.8539
0.0530603,0.972866,0.0511974,0.22725,19.7089,27.8548
0.0529515,0.982915,0.0523004,0.816131,19.427,27.8549
0.0528314,0.990073,0.0535307,0.89275,19.3624,27.855
0.0529592,0.971968,0.0519846,0.279033,19.038,27.857
0.0529717,0.982773,0.0520971,0.895055,19.0353,27.8573
0.0526598,0.986193,0.0504108,0.239887,19.0025,27.8587
0.0528989,0.968129,0.0517719,0.659554,19.0348,27.8598
0.0531402,0.979888,0.0503093,0.811564,19.4884,27.8614
0.0526924,0.984621,0.0530534,0.0950397,19.0827,27.8615
0.0525793,0.993724,0.0545639,0.112025,19.8645,27.8623
0.0529193,0.966386,0.0508684,0.0249614,19.7845,27.8648
0.0527127,0.982614,0.0517053,0.42188,19.1425,27.8654
0.0526201,0.990767,0.0553198,0.283113,19.4713,27.8657
0.053121,0.95667,0.0503145,0.212417,19.8364,27.8666
0.0527075,0.983151,0.0524415,0.989554,19.9104,27.8667
0.0530444,0.963264,0.0510985,0.618997,19.8369,27.8679
0.0527349,0.990278,0.0544486,0.500632,19.8709,27.8681
0.0526344,0.998208,0.0555743,0.609445,19.3361,27.8698
0.0525473,0.995935,0.0542079,0.944302,19.6267,27.8699
0.0530018,0.959503,0.0509313,0.532516,19.3693,27.8708
0.0526421,0.98707,0.0506297,0.270583,19.7502,27.8709
0.0525085,0.999,0.0545386,0.936679,19.1413,27.8713
0.0525245,0.996822,0.0510441,0.711661,19.6212,27.8715
0.0528929,0.968118,0.0503368,0.471986,19.9383,27.872
0.0525613,0.994219,0.0526852,0.729288,19.5793,27.8726
0.0528803,0.979789,0.0529636,0.853251,19.3485,27.8729
0.0525886,0.995372,0.05581,0.0762388,19.1256,27.8733
0.0527209,0.985487,0.0543665,0.295926,19.7608,27.8736
0.0531257,0.958905,0.0504082,0.196252,19.1983,27.8736
0.0530625,0.954584,0.0503824,0.845163,19.4585,27.8738
0.0525242,0.997721,0.0549645,0.949864,19.7268,27.8741
0.0527551,0.979007,0.0518005,0.410327,19.4381,27.8744
0.0528221,0.97367,0.0512964,0.0368753,19.0997,27.875
0.0531082,0.979883,0.050701,0.360947,19.1979,27.8758
0.0528326,0.972704,0.0529194,0.669692,19.3844,27.8765
0.0527421,0.983715,0.0541494,0.0542198,19.4279,27.8767
0.053121,0.95947,0.050483,0.0133576,19.6988,27.8777
0.0526754,0.985194,0.0524249,0.639094,19.6624,27.8778
0.0527424,0.986607,0.0542841,0.973166,19.4369,27.879
0.0529783,0.973005,0.0520335,0.716916,19.853,27.8807
0.0526714,0.984933,0.0514295,0.323923,19.4463,27.8814
0.053012,0.985257,0.0517022,0.207121,19.2987,27.8819
0.0526998,0.998075,0.0550626,0.954353,19.5978,27.8823
0.0528556,0.970733,0.0513774,0.0653766,19.9734,27.8827
0.0530941,0.975148,0.0509448,0.126639,19.14,27.8839
0.0529954,0.985964,0.0518848,0.912658,19.3561,27.884
0.0525512,0.995045,0.0541295,0.85606,19.759,27.8843
0.0526093,0.990364,0.0535661,0.211848,19.0393,27.8843
0.0530337,0.961664,0.0511988,0.312698,19.7809,27.885
0.0526323,0.988521,0.0540843,0.418127,19.5194,27.8863
0.0528849,0.981708,0.0530939,0.543637,19.9057,27.8871
0.0531429,0.955778,0.0502428,0.352732,19.6267,27.8881
0.0526936,0.983463,0.0530646,0.301409,19.4375,27.8886
0.0529068,0.968407,0.0523858,0.0361173,19.9415,27.8889
0.053024,0.982176,0.0516404,0.893525,19.6673,27.8898
0.0531133,0.952194,0.0503262,0.426723,19.9006,27.8902
0.0525734,0.991757,0.0515143,0.164518,19.3223,27.8904
0.052972,0.972815,0.0521192,0.565647,19.4392,27.8904
0.0527282,0.987006,0.0544736,0.826447,19.7058,27.8908
0.0528763,0.97825,0.0530222,0.857338,19.4662,27.8916
0.0530286,0.997842,0.0514416,0.669628,19.8332,27.8916
0.0528041,0.974147,0.0506207,0.504217,19.6476,27.8923
0.053143,0.976627,0.0504333,0.992524,19.0919,27.8932
0.0527874,0.976358,0.0536114,0.535666,19.5875,27.8942
0.0528786,0.968422,0.0519044,0.821262,19.4262,27.8946
0.0531573,0.972884,0.0503369,0.121993,19.7454,27.8955
0.0530442,0.955198,0.0502425,0.740984,19.6266,27.8968
0.0525008,0.998776,0.0556568,0.455747,19.0381,27.897
0.0524892,0.99832,0.0519966,0.310132,19.9305,27.8972
0.0527485,0.978704,0.0534864,0.3747,19.9076,27.8975
0.0529931,0.992468,0.0518872,0.225283,19.82,27.8975
0.0528187,0.974509,0.0533261,0.435357,19.5244,27.8987
0.0525051,0.99833,0.0565669,0.179073,19.7527,27.8993
0.0526009,0.990161,0.0529349,0.570473,19.2667,27.9007
0.0531027,0.950396,0.0503364,0.240399,19.4559,27.901
0.0528807,0.972473,0.0527964,0.0748513,19.2423,27.9011
0.0527562,0.983934,0.0541913,0.154668,19.8004,27.9015
0.0531499,0.975524,0.0504054,0.926285,19.2158,27.9017
0.0529767,0.966775,0.0518852,0.588513,19.827,27.9018
0.0528201,0.972737,0.0527874,0.377131,19.1644,27.9031
0.052696,0.982602,0.0525964,0.503773,19.5761,27.9036
0.0526476,0.986516,0.0532305,0.91599,19.2593,27.9037
0.0528863,0.992697,0.0531072,0.338782,19.5617,27.904
0.0527604,0.978636,0.0539601,0.504485,19.9897,27.9042
0.0531075,0.949714,0.0502035,0.206953,19.9219,27.9066
0.0531216,0.988181,0.050598,0.800272,19.8782,27.9071
0.0525474,0.993329,0.0510502,0.539361,19.9126,27.9079
0.05289,0.968064,0.0525996,0.339381,19.0593,27.908
0.0528048,0.986007,0.0539824,0.280766,19.9866,27.9083
0.05314,0.953549,0.0502893,0.374403,19.5752,27.9104
0.0530265,0.956699,0.0512077,0.470422,19.5,27.911
0.0526767,0.983935,0.0547578,0.54278,19.4433,27.9111
0.0524865,0.999383,0.0556331,0.746855,19.4841,27.9111
0.0525906,0.998143,0.0561506,0.471107,19.2449,27.9126
0.0525022,0.997018,0.0504193,0.333522,19.3079,27.9127
0.0531788,0.969181,0.0502211,0.803505,19.8333,27.9132
0.0525199,0.995005,0.052076,0.976297,19.6451,27.9144
0.0529302,0.974554,0.0526155,0.859944,19.0514,27.9154
0.0528229,0.985078,0.0538575,0.0720614,19.6554,27.916
0.0527818,0.996492,0.0543322,0.499667,19.2622,27.9162
0.0529869,0.971718,0.0521162,0.736249,19.3184,27.917
0.0528702,0.968191,0.0522892,0.746349,19.1879,27.9173
0.0526424,0.985307,0.0501244,0.959531,19.0668,27.9174
0.0527247,0.979245,0.0512523,0.796979,19.2486,27.9197
0.0527941,0.974178,0.0524122,0.984021,19.2864,27.9204
0.0529508,0.963514,0.0520513,0.541593,19.3042,27.9213
0.0527837,0.996094,0.0543418,0.58727,19.3807,27.9227
0.0525255,0.994185,0.0519302,0.719731,19.1908,27.9227
0.0526989,0.980768,0.0508864,0.0274325,19.3094,27.9232
0.052743,0.977424,0.0507836,0.990375,19.4056,27.9243
0.0527872,0.976367,0.0537817,0.0713621,19.381,27.9254
0.0526709,0.983869,0.0549071,0.654325,19.902,27.9263
0.0527627,0.975385,0.0501169,0.368388,19.4755,27.9273
0.0529644,0.99234,0.0523194,0.159299,19.7918,27.9273
0.0530552,0.992215,0.0513429,0.650499,19.3324,27.9284
0.0527525,0.977038,0.0519695,0.449182,19.5032,27.929
0.0530024,0.983245,0.0520191,0.507366,19.551,27.9303
0.0525602,0.992596,0.0546293,0.655688,19.3483,27.9308
0.0530859,0.962484,0.0511234,0.938097,19.33,27.9312
0.0528378,0.996147,0.0537315,0.552413,19.2159,27.9314
0.0528525,0.997075,0.0535531,0.072182,19.2591,27.9328
0.0527643,0.987055,0.0544569,0.711026,19.4035,27.9329
0.0526468,0.985427,0.0533177,0.681614,19.8974,27.933
0.0531382,0.960235,0.0507014,0.419374,19.7197,27.9336
0.0526482,0.985166,0.0528731,0.72668,19.2747,27.9336
0.0530238,0.955285,0.0510121,0.312134,19.6211,27.9339
0.0528897,0.97016,0.0528339,0.688538,19.1861,27.9374
0.0525541,0.991655,0.0503613,0.617885,19.4687,27.9379
0.052709,0.97899,0.050448,0.151157,19.927,27.9389
0.0524679,0.998577,0.053148,0.658309,19.4233,27.939
0.0525372,0.993486,0.0532594,0.892317,19.9337,27.9403
0.0528051,0.972518,0.0528821,0.191791,19.5059,27.9405
0.0526345,0.986242,0.0541913,0.0223031,19.2471,27.9408
0.0526599,0.9842,0.0545709,0.887417,19.9215,27.941
0.0526475,0.983904,0.0511817,0.689184,19.224,27.9414
0.0529609,0.960023,0.0512349,0.245453,19.8738,27.942
0.0527374,0.97722,0.0510235,0.113853,19.5094,27.9421
0.0530878,0.979621,0.0511706,0.875109,19.7737,27.9423
0.0528403,0.96953,0.051308,0.635526,19.5441,27.9423
0.0527877,0.973537,0.0515143,0.846372,19.4064,27.9449
0.0528588,0.975585,0.0533221,0.946079,19.2602,27.945
0.0529125,0.963714,0.0511925,0.213394,19.1632,27.9461
0.0527898,0.973008,0.0507674,0.161927,19.3185,27.9462
0.0528773,0.985055,0.0534634,0.330023,19.4665,27.9469
0.0525647,0.990143,0.0518564,0.72695,19.9829,27.9476
0.0524592,0.998659,0.0520635,0.818025,19.7712,27.9481
0.0529147,0.969677,0.0526923,0.685238,19.4842,27.9486
0.0529639,0.986588,0.0524784,0.232034,19.3454,27.9491
0.0531418,0.972906,0.050698,0.196527,19.3381,27.9492
0.0530096,0.955873,0.0506244,0.120178,19.5801,27.9495
0.0524976,0.99663,0.0544351,0.983807,19.2043,27.9508
0.0525016,0.994845,0.0522825,0.266226,19.6426,27.9517
0.0530853,0.968145,0.051357,0.686906,19.9995,27.9517
0.0525577,0.990536,0.0510688,0.348566,19.1216,27.9523
0.0524785,0.99715,0.05308,0.807225,19.61,27.9528
0.0525183,0.995083,0.0549516,0.580442,19.2386,27.9533
0.0530929,0.984166,0.051108,0.911735,19.7462,27.9533
0.0531319,0.966216,0.0509241,0.242872,19.2167,27.9551
0.0526615,0.99488,0.055717,0.336982,19.4239,27.9553
0.0530893,0.949211,0.0501192,0.273564,19.6922,27.958
0.0526633,0.983219,0.054179,0.0925072,19.5829,27.9592
0.05266,0.983495,0.0544207,0.928076,19.5836,27.9593
0.0530156,0.955435,0.0514596,0.252278,19.7534,27.9606
0.0530292,0.96262,0.0516668,0.528066,19.2189,27.9614
0.0524645,0.997888,0.0532742,0.613565,19.0334,27.9629
0.0529175,0.982863,0.0531238,0.926147,19.6015,27.9635
0.0528365,0.999096,0.0538414,0.016109,19.2665,27.9646
0.0524683,0.998583,0.0552892,0.236241,19.3369,27.9662
0.0531597,0.987751,0.0504409,0.632443,19.9529,27.9674
0.0524618,0.998942,0.0550538,0.153365,19.2233,27.9677
0.0525468,0.990837,0.0507667,0.680023,19.9497,27.968
0.0530407,0.991016,0.051661,0.0285347,19.6474,27.9684
0.053091,0.979616,0.0512336,0.340788,19.577,27.9685
0.0531405,0.948379,0.0503957,0.818201,19.4959,27.969
0.052943,0.96037,0.0509311,0.0655096,19.0595,27.9692
0.0527687,0.974278,0.05272,0.830539,19.4854,27.9699
0.053005,0.97275,0.0522346,0.324313,19.4639,27.9703
0.0527753,0.973042,0.0507642,0.310066,19.2566,27.9705
0.0531679,0.972275,0.0505061,0.715672,19.8744,27.9709
0.0525869,0.987375,0.0507491,0.0133084,19.5323,27.9714
0.0525611,0.99657,0.0566559,0.761437,19.7686,27.9717
0.0528918,0.994476,0.0532882,0.331474,19.2838,27.972
0.0531996,0.951892,0.0501537,0.825102,19.4423,27.9735
0.0524772,0.996224,0.0529581,0.249686,19.8751,27.9738
0.0530259,0.953602,0.0508185,0.195308,19.161,27.974
0.0530083,0.993163,0.0520135,0.380629,19.7127,27.9741
0.0530563,0.990035,0.0515273,0.248823,19.9558,27.9747
0.0528082,0.97093,0.0531069,0.287412,19.6232,27.9751
0.0527008,0.983405,0.0550058,0.655257,19.7534,27.9754
0.0525637,0.989994,0.0532839,0.542958,19.6788,27.9766
0.0525235,0.99219,0.0514589,0.946351,19.2674,27.9773
0.052959,0.984182,0.0526776,0.0399461,19.0056,27.9776
0.0524891,0.995085,0.051113,0.147286,19.1061,27.9778
0.0527646,0.996206,0.0547949,0.91976,19.1779,27.9781
0.0531039,0.963343,0.0512731,0.892591,19.9762,27.9786
0.0524357,0.999319,0.0519066,0.178342,19.9809,27.9787
0.0531268,0.989543,0.0508106,0.253722,19.855,27.9788
0.053179,0.958324,0.0505445,0.0708673,19.4678,27.9789
0.0529244,0.976369,0.0530909,0.742042,19.476,27.9796
0.0530823,0.948909,0.0502013,0.896604,19.6862,27.9798
0.0526191,0.985998,0.054801,0.158407,19.6663,27.9803
0.0524901,0.99649,0.0562247,0.752358,19.5835,27.9806
0.0526735,0.980851,0.0520558,0.265463,19.3685,27.9824
0.0526475,0.982172,0.0513231,0.543956,19.2811,27.9833
0.0518604,0.998931,0.0501094,1.09069,19.2938,27.9844
0.0529724,0.975938,0.0526368,0.853477,19.3689,27.9848
0.0527091,0.981528,0.0549209,0.764424,19.0418,27.9855
0.0525248,0.991822,0.051028,0.633071,19.618,27.9856
0.0530751,0.96017,0.0513823,0.0494464,19.0171,27.9857
0.0531969,0.948884,0.0501161,0.718266,19.2898,27.9866
0.0524563,0.999072,0.0571733,0.938878,19.509,27.9868
0.0525253,0.993404,0.0561632,0.203422,19.39,27.987
0.0530138,0.971123,0.0522153,0.313868,19.1799,27.9871
0.0526418,0.982537,0.0514804,0.261446,19.4696,27.9873
0.0527474,0.975768,0.0543744,0.958832,19.2899,27.9883
0.0529964,0.955366,0.0512183,0.337672,19.8317,27.9886
0.0530877,0.963976,0.0514746,0.389296,19.3116,27.9887
0.0525859,0.986815,0.0518692,0.737146,19.374,27.9888
0.0530926,0.957951,0.0511894,0.727705,19.1559,27.9892
0.0525507,0.989416,0.0511568,0.403069,19.7169,27.991
0.0527293,0.991755,0.0552376,0.263528,19.9093,27.9915
0.0529274,0.973362,0.0530017,0.288908,19.4254,27.9916
0.0527016,0.978816,0.0534782,0.832543,19.2628,27.992
0.0528139,0.969662,0.051745,0.414274,19.4402,27.992
0.0524688,0.995834,0.052347,0.830111,19.6273,27.9931
0.0530599,0.989702,0.0515668,0.364321,19.2695,27.9942
0.0524603,0.998342,0.0561877,0.712373,19.8604,27.9942
0.0525542,0.995397,0.0567911,0.153456,19.3788,27.9942
0.0531476,0.998512,0.0505853,0.251801,19.6016,27.9944
0.052719,0.976238,0.0510133,0.858793,19.8592,27.9956
0.0531787,0.947001,0.0502138,0.534296,19.0303,27.9956
0.0527866,0.971704,0.0520223,0.862661,19.1559,27.9956
0.0531359,0.95452,0.0507949,0.00654115,19.8282,27.9962
0.0525653,0.996458,0.0567637,0.224088,19.1054,27.9964
0.0525117,0.994016,0.0554486,0.587115,19.7778,27.9965
0.0527887,0.971671,0.0532472,0.471529,19.4979,27.9967
0.0528886,0.963182,0.0501788,0.19876,19.0325,27.997
0.0526616,0.990186,0.0557309,0.475603,19.6467,27.9973
0.0528883,0.963455,0.0508822,0.352747,19.364,27.9978
0.052447,0.997517,0.0512014,0.252919,19.1257,27.9995
0.0527394,0.973988,0.0503119,0.639727,19.3726,27.9996
0.053098,0.994239,0.0511647,0.205089,19.4578,27.9998
0.0530262,0.952529,0.0509414,0.0874966,19.5962,28.0007
0.0531321,0.954878,0.0508604,0.754344,19.0365,28.0011
0.0528434,0.967036,0.0519723,0.1705,19.7415,28.0015
0.0526632,0.981379,0.0532983,0.0175834,19.068,28.0017
0.0531303,0.969636,0.0510605,0.913252,19.1212,28.0019
0.0527008,0.990231,0.0554736,0.475555,19.391,28.0022
0.0529777,0.956296,0.0516527,0.353928,19.0211,28.0023
0.0529296,0.960114,0.0513836,0.878438,19.3451,28.0031
0.0527087,0.977561,0.0526586,0.663158,19.1471,28.004
0.052966,0.967429,0.0525359,0.40581,19.0775,28.0042
0.0529914,0.963978,0.0522128,0.448333,19.1092,28.0043
0.0530781,0.96258,0.0515762,0.48324,19.8992,28.0052
0.0528657,0.965094,0.0517717,0.338764,19.5509,28.0055
0.0526271,0.983186,0.0519651,0.230843,19.7796,28.0059
0.053209,0.96116,0.0503457,0.0660581,19.5313,28.0061
0.0531317,0.954761,0.050886,0.420204,19.6619,28.0064
0.0526946,0.978867,0.0541789,0.141323,19.8854,28.0069
0.0527108,0.975632,0.0502733,0.913024,19.3623,28.007
0.0529633,0.969428,0.0526618,0.234859,19.5053,28.0073
0.0528178,0.968862,0.0524095,0.0423113,19.8566,28.0076
0.0528846,0.964311,0.052998,0.619534,19.8019,28.0078
0.0527329,0.982832,0.0549278,0.0527169,19.0504,28.0097
0.0530653,0.981499,0.0516494,0.493686,19.0873,28.0102
0.0530479,0.964178,0.0518732,0.510506,19.1327,28.0103
0.0524584,0.997612,0.0554428,0.650132,19.3489,28.0109
0.0524304,0.998205,0.0526598,0.879889,19.9347,28.011
0.0529562,0.957658,0.0516591,0.21775,19.8187,28.0119
0.052775,0.971706,0.0515073,0.392264,19.385,28.0122
0.0527151,0.981225,0.0550149,0.863901,19.7755,28.0128
0.052572,0.98682,0.0503729,0.0223811,19.8188,28.0131
0.0530032,0.980532,0.0523631,0.762859,19.7404,28.0132
0.0526594,0.979859,0.0512,0.405605,19.2617,28.0137
0.0526563,0.981071,0.0525696,0.514523,19.1848,28.0144
0.0524519,0.998301,0.0574012,0.73199,19.536,28.0171
0.052788,0.969588,0.0501503,0.202348,19.6351,28.0177
0.0525058,0.991793,0.0516299,0.0113057,19.0604,28.0193
0.0531897,0.954888,0.0505906,0.0925796,19.2822,28.0194
0.0527121,0.975482,0.0508002,0.0875013,19.2806,28.0196
0.0529155,0.96067,0.052479,0.676362,19.2308,28.0199
0.0530532,0.998067,0.0516931,0.532084,19.532,28.0205
0.0527672,0.97322,0.0543141,0.18492,19.4435,28.0217
0.052513,0.992339,0.0541706,0.828111,19.1192,28.0234
0.0526555,0.98131,0.0540509,0.915868,19.0711,28.0235
0.0525802,0.987376,0.0547162,0.0110199,19.1359,28.0237
0.0528124,0.968663,0.0526306,0.233378,19.2929,28.0243
0.0525007,0.994021,0.0569816,0.772108,19.5513,28.0246
0.0526261,0.996401,0.0564738,0.203895,19.3876,28.0248
0.0526576,0.983075,0.0556204,0.445333,19.8842,28.0256
0.0530545,0.951574,0.0514117,0.0330202,19.4175,28.0262
0.0526025,0.995707,0.0566213,0.70245,19.6396,28.0265
0.0529091,0.960611,0.0506847,0.304526,19.7354,28.0265
0.0530855,0.947055,0.0508467,0.536169,19.0498,28.0273
0.0526764,0.977654,0.0508169,0.707313,19.1343,28.0274
0.0529114,0.971878,0.053242,0.742299,19.6306,28.0275
0.0524746,0.996024,0.0572388,0.679652,19.5416,28.0284
0.0528427,0.969255,0.0536427,0.345846,19.7465,28.0284
0.0527094,0.979115,0.055065,0.923848,19.8,28.0286
0.0527938,0.981203,0.0545158,0.41311,19.5115,28.0288
0.0526171,0.984323,0.0554836,0.899419,19.5048,28.0294
0.0524982,0.991977,0.0526796,0.301141,19.9953,28.0297
0.0525294,0.989357,0.0516923,0.653236,19.8704,28.0298
0.0528849,0.963944,0.0531341,0.238495,19.8852,28.0299
0.0528189,0.991885,0.0544127,0.944358,19.6054,28.03
0.0528178,0.968008,0.0532174,0.604083,19.781,28.0309
0.0526253,0.98355,0.0548885,0.704741,19.0302,28.031
0.0531145,0.963333,0.0514007,0.515651,19.9757,28.0311
0.0529619,0.991356,0.0527661,0.189483,19.4655,28.0315
0.0530113,0.97538,0.0524179,0.266411,19.8745,28.0318
0.0527693,0.971871,0.0538902,0.307724,19.8333,28.0322
0.0529421,0.957986,0.0517131,0.704483,19.9367,28.0323
0.0531983,0.966658,0.050487,0.501298,19.2967,28.0349
0.0530908,0.975209,0.0515405,0.569921,19.896,28.0351
0.0524963,0.994445,0.0574055,0.111771,19.7264,28.036
0.0532205,0.970327,0.0502141,0.0250771,19.8039,28.0362
0.053077,0.969066,0.0517887,0.410526,19.5934,28.0362
0.0529921,0.976654,0.052636,0.484314,19.7991,28.0363
0.0526492,0.981321,0.0541738,0.333385,19.0829,28.0363
0.0529966,0.983147,0.052492,0.944802,19.0731,28.0366
0.0528391,0.965812,0.05151,0.727155,19.4985,28.0369
0.0527792,0.969709,0.0505838,0.456045,19.9004,28.0374
0.0528545,0.967413,0.0535369,0.377822,19.5078,28.0382
0.0524675,0.994072,0.0518973,0.268043,19.5875,28.0383
0.052888,0.974864,0.0536096,0.780412,19.3126,28.0391
0.0529203,0.959442,0.0522872,0.383149,19.2763,28.0395
0.0525085,0.992646,0.0557962,0.665186,19.281,28.04
0.0526725,0.978875,0.0528293,0.333003,19.5181,28.0408
0.0530205,0.979259,0.0522936,0.351103,19.134,28.0415
0.0530246,0.951034,0.0507385,0.642928,19.0542,28.0419
0.0529369,0.980472,0.0532378,0.489394,19.4924,28.0419
0.0524194,0.997565,0.0504864,0.565825,19.5878,28.0423
0.0528255,0.965987,0.0504772,0.282963,19.005,28.0441
0.0526494,0.984922,0.0558664,0.45264,19.1309,28.0443
0.0518698,0.995993,0.0502467,1.14854,19.1449,28.0444
0.0530446,0.972501,0.0521375,0.011901,19.4376,28.046
0.0530216,0.962852,0.052184,0.980121,19.2543,28.0465
0.0527664,0.971469,0.0531015,0.574426,19.1549,28.0469
0.0526277,0.982068,0.0529928,0.948833,19.9102,28.0473
0.0529455,0.965933,0.0528558,0.177163,19.2055,28.0483
0.0524268,0.996946,0.0517059,0.742993,19.7584,28.0483
0.0527253,0.97473,0.0536689,0.680341,19.5121,28.0489
0.0531401,0.984447,0.0509747,0.73842,19.9284,28.049
0.0529705,0.955066,0.0515323,0.583344,19.4609,28.0491
0.0525224,0.993431,0.0572935,0.688421,19.8307,28.0491
0.0530258,0.983668,0.052209,0.158447,19.121,28.0492
0.0525783,0.986733,0.0560379,0.231158,19.1789,28.0493
0.0525322,0.988354,0.0511259,0.951155,19.726,28.0495
0.0525987,0.985026,0.0558729,0.709172,19.2532,28.0505
0.0525781,0.986613,0.0554121,0.440389,19.3774,28.0511
0.0531222,0.987454,0.0511575,0.700956,19.5239,28.0532
0.0527061,0.989745,0.0557286,0.0493318,19.6969,28.0554
0.0525061,0.991527,0.054269,0.49196,19.8233,28.0566
0.0524646,0.993458,0.0521902,0.184791,19.7274,28.0567
0.0524911,0.992445,0.0539916,0.342345,19.6405,28.0568
0.0525834,0.984534,0.0524945,0.58608,19.9151,28.057
0.0529023,0.982584,0.0536723,0.438011,19.6601,28.0573
0.0518418,0.997618,0.0504991,1.67651,19.6318,28.0579
0.0529767,0.954339,0.0519518,0.214978,19.9689,28.0583
0.0525575,0.985922,0.0501479,0.440867,19.6017,28.0583
0.0525143,0.996314,0.0575394,0.672207,19.0198,28.0584
0.0527616,0.997847,0.0551344,0.990931,19.0051,28.0587
0.0531869,0.962774,0.0507508,0.976319,19.1961,28.0587
0.0526874,0.997144,0.0560485,0.676219,19.3449,28.0588
0.0527573,0.971759,0.0533967,0.899088,19.4322,28.0588
0.0526141,0.997133,0.056811,0.320226,19.9838,28.059
0.0529238,0.977507,0.0534683,0.487046,19.9968,28.0593
0.0530547,0.947953,0.0509055,0.947392,19.134,28.0595
0.0529489,0.956257,0.0509015,0.377447,19.8805,28.0598
0.0528292,0.965583,0.0515121,0.829444,19.4691,28.0607
0.0524476,0.994683,0.0519566,0.92926,19.1386,28.061
0.0525361,0.988087,0.0529279,0.30056,19.5512,28.062
0.0528409,0.968615,0.0538228,0.587857,19.5181,28.0637
0.0531577,0.959754,0.0511166,0.354775,19.9836,28.0639
0.0528414,0.997795,0.0542051,0.404561,19.3649,28.0645
0.0526697,0.978557,0.0542945,0.707631,19.349,28.0661
0.0526988,0.976235,0.0543573,0.347494,19.1355,28.0667
0.0527404,0.990946,0.0554845,0.637546,19.7105,28.068
0.0523859,0.9992,0.0512751,0.137285,19.2715,28.0681
0.0530764,0.945873,0.050677,0.695872,19.6501,28.0685
0.0524418,0.994735,0.0510264,0.341318,19.0895,28.0685
0.0529938,0.980329,0.0526857,0.456408,19.4209,28.0687
0.0530823,0.994026,0.0515868,0.288706,19.4249,28.0689
0.0527675,0.982503,0.0550007,0.692545,19.4021,28.0692
0.0524536,0.99373,0.0526629,0.59596,19.9696,28.0697
0.0525885,0.996441,0.0570293,0.17154,19.4722,28.07
0.0527056,0.974979,0.0525972,0.660194,19.9246,28.0716
0.0526377,0.996347,0.0566453,0.21831,19.0774,28.0719
0.053166,0.98361,0.0508017,0.606947,19.2578,28.0719
0.0529846,0.996133,0.0526421,0.289845,19.5134,28.0731
0.0527728,0.985067,0.0551205,0.743863,19.2329,28.0733
0.0518963,0.998188,0.0503016,1.98272,19.7824,28.0743
0.052803,0.966496,0.0507568,0.0056835,19.9262,28.0747
0.0525275,0.987487,0.0519808,0.229036,19.5307,28.0748
0.0526321,0.981029,0.0539066,0.828102,19.1311,28.0749
0.053161,0.985355,0.0508545,0.444562,19.8706,28.0751
0.053076,0.964945,0.0519713,0.760857,19.0916,28.0752
0.0518281,0.998018,0.0502894,1.02734,19.7392,28.0753
0.0528117,0.966095,0.0512308,0.655191,19.7327,28.0765
0.0518534,0.99584,0.0501637,1.42005,19.6422,28.0767
0.0524657,0.992485,0.0521633,0.242789,19.9109,28.0769
0.0528387,0.964492,0.0525959,0.0342739,19.5242,28.0771
0.0527295,0.973305,0.0538291,0.129527,19.0434,28.0773
0.0524276,0.995537,0.0526556,0.476737,19.6055,28.0777
0.053146,0.943329,0.0507292,0.0939088,19.4287,28.0777
0.0526627,0.981039,0.0557975,0.713362,19.7474,28.0784
0.0525358,0.986762,0.0508076,0.548075,19.3083,28.0785
0.0526511,0.98746,0.0561622,0.714103,19.7083,28.0787
0.052846,0.982709,0.0543805,0.688793,19.7779,28.0788
0.0524815,0.992628,0.0546744,0.663653,19.1904,28.0801
0.0524402,0.994369,0.0513546,0.154876,19.7106,28.0804
0.0524702,0.991926,0.0523166,0.659926,19.471,28.0808
0.0531944,0.940593,0.0503082,0.573559,19.2035,28.0809
0.0525418,0.995154,0.057397,0.909458,19.7177,28.081
0.0527237,0.97849,0.0552222,0.0407227,19.403,28.0815
0.0527003,0.989065,0.0558928,0.305882,19.9209,28.0818
0.0529473,0.965564,0.0530109,0.125755,19.2179,28.082
0.0527278,0.990771,0.0556859,0.598416,19.4396,28.0823
0.0527238,0.973626,0.0543684,0.160826,19.4595,28.0824
0.052759,0.983053,0.0551691,0.792876,19.925,28.0828
0.0530058,0.950929,0.0514033,0.360465,19.5031,28.0829
0.05242,0.998421,0.0577496,0.773363,19.9501,28.0836
0.053148,0.969353,0.0511737,0.525776,19.1757,28.0836
0.0524344,0.995663,0.0543028,0.507521,19.3642,28.0839
0.0525624,0.985838,0.0537254,0.041258,19.4153,28.0839
0.0531493,0.946187,0.0508342,0.798009,19.6993,28.084
0.0523959,0.997838,0.0529671,0.354406,19.8957,28.0841
0.0527468,0.971621,0.053586,0.809003,19.7984,28.0843
0.0530096,0.990193,0.0524591,0.858541,19.0854,28.0844
0.0526108,0.981902,0.0533215,0.923253,19.4048,28.0858
0.0526001,0.983197,0.0543582,0.266123,19.269,28.0864
0.053104,0.975646,0.0515848,0.746014,19.6608,28.0864
0.0530285,0.971779,0.0524891,0.344929,19.3161,28.0873
0.0525992,0.981077,0.0515767,0.781036,19.9832,28.088
0.0524893,0.991029,0.0537576,0.556199,19.2218,28.0884
0.0525821,0.985673,0.0566019,0.884644,19.6438,28.0891
0.0527467,0.982975,0.0552934,0.778668,19.9845,28.0895
0.0529826,0.952508,0.051426,0.706287,19.8904,28.0896
0.0532074,0.943325,0.0503587,0.186685,19.5674,28.0902
0.0531319,0.941413,0.0506763,0.207268,19.2018,28.0907
0.0526531,0.978246,0.0528897,0.572963,19.6269,28.0913
0.0527661,0.997745,0.0552186,0.199294,19.2953,28.0921
0.0529723,0.994921,0.0528629,0.617471,19.0139,28.0924
0.0528566,0.962223,0.0516224,0.761196,19.5792,28.0925
0.052658,0.999325,0.050201,0.544034,18.6984,28.0927
0.0531551,0.995278,0.0508721,0.707877,19.9282,28.0931
0.0531769,0.995806,0.0506398,0.0892743,19.2209,28.0935
0.0524612,0.992077,0.0523723,0.1686,19.1389,28.0939
0.0526645,0.975528,0.0509173,0.214166,19.4222,28.094
0.0524343,0.994049,0.0508371,0.620637,19.2503,28.0944
0.0528306,0.965847,0.0539162,0.989225,19.5182,28.0945
0.0527685,0.970094,0.0544238,0.437229,19.9264,28.0952
0.0531629,0.979007,0.0509556,0.538223,19.3025,28.0953
0.0523938,0.996859,0.0503647,0.752553,19.2963,28.0954
0.052545,0.986536,0.0536101,0.19151,19.1857,28.0959
0.0530541,0.975694,0.0521729,0.259461,19.8486,28.0959
0.0530838,0.988454,0.0517218,0.557091,19.2441,28.0962
0.0529755,0.952651,0.0507383,0.128706,19.5195,28.0968
0.052552,0.984524,0.0517757,0.661082,19.022,28.097
0.0529568,0.955271,0.0525127,0.467094,19.494,28.097
0.052828,0.996688,0.0545102,0.397395,19.1549,28.0971
0.0527691,0.969247,0.0531276,0.240822,19.605,28.0975
0.052748,0.988048,0.0555313,0.396296,19.6632,28.0982
0.0528508,0.969845,0.053988,0.0940279,19.693,28.099
0.0525118,0.987714,0.052106,0.357396,19.511,28.099
0.0530676,0.945348,0.0506075,0.703244,19.1502,28.0995
0.05282,0.992243,0.0546774,0.627271,19.3147,28.1001
0.0530658,0.980761,0.0519973,0.07831,19.8318,28.1001
0.0524597,0.991548,0.0501963,0.37038,19.2397,28.1004
0.0532782,0.948192,0.0500979,0.944932,19.349,28.1008
0.0530092,0.953052,0.0521802,0.386953,19.3872,28.101
0.0528729,0.960245,0.0507843,0.425661,19.0971,28.1011
0.0527458,0.981531,0.0553032,0.995412,19.9457,28.1019
0.0518348,0.99896,0.050922,1.87524,19.4988,28.1027
0.0531885,0.94579,0.0506444,0.147437,19.4757,28.1028
0.0524015,0.996162,0.0508289,0.97891,19.93,28.1029
0.0529926,0.963531,0.0527227,0.0662838,19.4473,28.1034
0.0526088,0.98149,0.0536241,0.707085,19.9785,28.1034
0.052705,0.972096,0.050738,0.98517,19.0708,28.1037
0.0527687,0.969098,0.0534599,0.923665,19.8595,28.1038
0.0518094,0.998384,0.0506773,1.1602,19.8487,28.1047
0.0524017,0.998502,0.0561974,0.278549,19.6572,28.1048
0.0526417,0.979395,0.0550691,0.658274,19.2413,28.1049
0.0528557,0.961907,0.052014,0.347674,19.0705,28.1052
0.05259,0.981167,0.0502365,0.963602,19.2134,28.1053
0.0529344,0.972922,0.0535495,0.935095,19.9899,28.1058
0.0525837,0.982714,0.0529045,0.355685,19.3676,28.1061
0.0525033,0.988108,0.0516493,0.823255,19.2427,28.1068
0.0524273,0.994256,0.0527009,0.873724,19.8609,28.1071
0.0530705,0.944819,0.0508294,0.762437,19.9905,28.1072
0.052887,0.996851,0.0538625,0.202425,19.3856,28.1072
0.0524234,0.995424,0.0543032,0.501186,19.8749,28.1074
0.0527508,0.968709,0.0507051,0.740548,19.3642,28.1074
0.0530761,0.963274,0.0521044,0.799574,19.9769,28.1075
0.0527394,0.978974,0.0552731,0.543297,19.8605,28.1085
0.052971,0.953875,0.052437,0.167661,19.0605,28.1097
0.0524616,0.993949,0.0571024,0.760282,19.5294,28.11
0.0530516,0.95906,0.0521589,0.0656934,19.9201,28.1102
0.0528904,0.989333,0.0539251,0.211918,19.0931,28.1111
0.0527756,0.977026,0.0549277,0.449613,19.3936,28.1112
0.0524284,0.993962,0.0528758,0.195166,19.3115,28.1114
0.0525009,0.988082,0.0518744,0.405206,19.5466,28.1115
0.0524193,0.994617,0.0517596,0.0199137,19.674,28.1124
0.0530635,0.956486,0.0519791,0.4658,19.0968,28.1126
0.0527837,0.969131,0.0545221,0.615195,19.8276,28.113
0.0525868,0.98135,0.0520717,0.405676,19.3289,28.1133
0.052894,0.95839,0.0513008,0.254528,19.4783,28.1134
0.0525495,0.984046,0.0513551,0.371009,19.3868,28.1138
0.0524915,0.99132,0.0567672,0.444851,19.0202,28.1143
0.0525708,0.98379,0.0535394,0.453772,19.2786,28.1145
0.0526382,0.994866,0.0568445,0.145368,19.7346,28.1147
0.052541,0.986019,0.0536353,0.278592,19.2974,28.1151
0.0525473,0.986045,0.0543873,0.339998,19.0447,28.1155
0.0531195,0.948988,0.0513105,0.21809,19.4603,28.1162
0.052638,0.978711,0.0535383,0.25251,19.7908,28.1162
0.0529105,0.956529,0.0503315,0.695066,19.1301,28.1164
0.0530198,0.992531,0.0524596,0.302051,19.8275,28.1167
0.0525069,0.98963,0.0555324,0.329168,19.7215,28.1169
0.0531479,0.986905,0.051119,0.961578,19.3397,28.117
0.053153,0.942288,0.0508481,0.214973,19.7149,28.1187
0.0528655,0.970162,0.0540029,0.237707,19.6548,28.1189
0.052863,0.986162,0.0543299,0.152884,19.1297,28.1192
0.0530704,0.956235,0.0519575,0.179649,19.1555,28.1193
0.0529897,0.968944,0.0530368,0.255874,19.5745,28.1196
0.0530346,0.971517,0.0525458,0.424423,19.5531,28.1196
0.0529484,0.990599,0.0532804,0.273771,19.681,28.1204
0.0525317,0.986731,0.0540065,0.454522,19.788,28.1209
0.0529812,0.960908,0.0527851,0.973281,19.0202,28.1209
0.0529095,0.973045,0.053843,0.40636,19.2445,28.1211
0.0529883,0.956979,0.0525814,0.474086,19.3827,28.1213
0.05235,0.999351,0.0512155,0.0349035,19.7353,28.1219
0.0524562,0.99311,0.0552857,0.118929,19.9634,28.1231
0.0525459,0.986285,0.0553618,0.459291,19.1709,28.1233
0.0530246,0.956327,0.0523032,0.915552,19.1503,28.1234
0.0526789,0.975628,0.0545795,0.588421,19.4046,28.1235
0.0529781,0.951341,0.0507491,0.295711,19.7375,28.1238
0.0527893,0.994685,0.0551114,0.322579,19.3065,28.1239
0.0519439,0.995803,0.0501318,1.8495,19.7254,28.1245
0.0528636,0.962646,0.0537474,0.0574953,19.5417,28.1248
0.0528627,0.968098,0.0539709,0.482365,19.8794,28.125
0.0525013,0.987341,0.0525398,0.187196,19.096,28.1258
0.0530492,0.949744,0.0518963,0.649359,19.4166,28.1259
0.052498,0.987568,0.0507764,0.368512,19.7531,28.1259
0.0518499,0.998135,0.0509025,1.85754,19.651,28.1268
0.0528023,0.977913,0.054865,0.400613,19.6305,28.1273
0.0531774,0.955033,0.0511838,0.919147,19.9371,28.1279
0.0526499,0.975256,0.0508213,0.27529,19.6411,28.128
0.0529988,0.949364,0.0502187,0.162586,19.3079,28.1288
0.0526308,0.990847,0.0567802,0.948769,19.4428,28.1288
0.0526059,0.981452,0.0558479,0.263755,19.6082,28.1289
0.0519141,0.9897,0.0501386,1.69963,19.2639,28.1289
0.0526313,0.97934,0.0553504,0.254207,19.3095,28.129
0.0529282,0.960729,0.053212,0.977935,19.6172,28.1291
0.052569,0.981788,0.0508703,0.473535,19.3472,28.1291
0.0529428,0.953955,0.0511893,0.188944,19.2943,28.1294
0.0529688,0.95301,0.0524627,0.147791,19.688,28.1297
0.0526764,0.974255,0.0520318,0.345573,19.9732,28.1297
0.0532376,0.939233,0.050204,0.552471,19.3678,28.1301
0.0525566,0.985047,0.0550244,0.984562,19.9967,28.1302
0.0526825,0.994992,0.0564411,0.811913,19.8375,28.1306
0.0529683,0.958843,0.0528507,0.821354,19.5706,28.1309
0.0532516,0.968194,0.0502624,0.988455,19.482,28.131
0.0529456,0.954774,0.0526971,0.979247,19.4218,28.1311
0.0529477,0.953645,0.051882,0.321068,19.2172,28.1315
0.0529966,0.94968,0.0511639,0.832653,19.4332,28.1319
0.0529328,0.954439,0.0507959,0.770614,19.8415,28.1325
0.0524039,0.995036,0.0537319,0.089011,19.4545,28.1326
0.0527676,0.968633,0.054493,0.137986,19.9024,28.1327
0.0525535,0.982807,0.0518597,0.397747,19.3101,28.133
0.0524599,0.991669,0.0543012,0.854565,19.4946,28.1333
0.0528812,0.95839,0.0510687,0.0846439,19.9135,28.1338
0.0529707,0.990572,0.0530845,0.0182872,19.381,28.1341
0.0524241,0.99584,0.0567504,0.087892,19.8291,28.1344
0.0525339,0.986807,0.0554781,0.937279,19.9739,28.1345
0.0527133,0.972007,0.0530485,0.533497,19.3085,28.1345
0.0528339,0.961664,0.0508532,0.0298657,19.6028,28.1356
0.0530739,0.959609,0.052178,0.227764,19.8489,28.136
0.0532017,0.989709,0.0505767,0.652874,19.252,28.1361
0.0524589,0.991709,0.0544073,0.777563,19.3951,28.1361
0.0523806,0.99672,0.0524879,0.48464,19.2958,28.1364
0.0523801,0.996713,0.0522932,0.476416,19.4423,28.1366
0.0525373,0.986781,0.0566863,0.789134,19.3852,28.1368
0.0526735,0.975065,0.0533728,0.862366,19.6827,28.1373
0.0526095,0.980215,0.0539808,0.146338,19.7203,28.1374
0.0526584,0.995721,0.0567425,0.279909,19.7208,28.1376
0.052723,0.970992,0.0528129,0.220823,19.4902,28.1383
0.0531446,0.937927,0.0504682,0.277889,19.0036,28.1385
0.0525464,0.992508,0.057586,0.0717637,19.9908,28.1388
0.0524059,0.993721,0.0502564,0.201042,19.7324,28.1388
0.0523864,0.996065,0.0520817,0.124739,19.0524,28.1388
0.0523969,0.997792,0.0568562,0.927605,19.1145,28.1392
0.0528649,0.958878,0.0503981,0.809679,19.0795,28.1399
0.0525372,0.985994,0.0547706,0.922308,19.531,28.1402
0.0524342,0.99193,0.0510224,0.880132,19.7688,28.1403
0.0525769,0.980512,0.050137,0.404833,19.6654,28.1412
0.0526945,0.996064,0.0563469,0.789222,19.8495,28.1415
0.0530446,0.945529,0.0512247,0.478702,19.5489,28.1416
0.0531248,0.947176,0.051337,0.202141,19.2183,28.1416
0.0527208,0.991141,0.0560566,0.934557,19.3374,28.1419
0.0532504,0.945644,0.0504398,0.172479,19.8061,28.1419
0.0526064,0.998043,0.0573541,0.340009,19.3375,28.142
0.0530526,0.967446,0.0524913,0.86469,19.3286,28.1422
0.0517855,0.999328,0.0513932,1.24515,19.1254,28.1425
0.051861,0.992587,0.0501693,1.62176,19.2427,28.1427
0.0527729,0.966916,0.052574,0.277214,19.9899,28.1427
0.0528922,0.990847,0.0540152,0.507922,19.6246,28.1433
0.0531488,0.939283,0.050849,0.0207394,19.566,28.1434
0.051897,0.992447,0.0504447,1.32694,19.5222,28.1436
0.0524374,0.991594,0.0512068,0.925209,19.7329,28.1436
0.0527093,0.977061,0.0556325,0.356141,19.1235,28.1439
0.0525931,0.979116,0.0501772,0.906581,19.6408,28.144
0.0528252,0.971398,0.0544986,0.489063,19.8176,28.1445
0.0528366,0.985637,0.0547629,0.622022,19.5657,28.1451
0.0527223,0.968639,0.0502775,0.060211,19.4906,28.1451
0.0530767,0.947764,0.0517248,0.280556,19.1308,28.1455
0.053163,0.942424,0.0509173,0.609627,19.3894,28.1459
0.0524944,0.998693,0.058351,0.474831,19.0147,28.1464
0.0527678,0.997673,0.0554253,0.652479,19.4115,28.1466
0.0532431,0.997627,0.0501373,0.60305,19.135,28.1471
0.0531814,0.935818,0.0504224,0.380801,19.5731,28.1473
0.0526057,0.97811,0.0517728,0.341883,19.586,28.1478
0.0530606,0.995415,0.0520866,0.510721,19.7502,28.1484
0.0532887,0.952681,0.0501266,0.180825,19.4164,28.1488
0.0526121,0.977391,0.0509908,0.332312,19.6983,28.1489
0.052821,0.965246,0.0543022,0.313868,19.9965,28.1491
0.0529314,0.967863,0.0535996,0.270046,19.9154,28.1493
0.0524231,0.993998,0.0547334,0.799296,19.2433,28.1495
0.0526506,0.99625,0.0501207,0.531927,18.4512,28.1499
0.0529911,0.949452,0.0516205,0.46284,19.1925,28.1502
0.052944,0.973302,0.0536605,0.670339,19.4584,28.1504
0.0530363,0.964724,0.0526933,0.226346,19.5159,28.1505
0.052784,0.990702,0.0553502,0.178264,19.4799,28.151
0.0530447,0.967564,0.0526163,0.96339,19.3319,28.1518
0.0530943,0.941169,0.0507523,0.28926,19.029,28.1518
0.0519558,0.994303,0.0501334,1.53493,19.0022,28.1524
0.0526795,0.973945,0.0532964,0.382655,19.8937,28.1524
0.0531394,0.99401,0.0512555,0.650451,19.7952,28.1527
0.0530212,0.946688,0.0502775,0.41963,19.7906,28.1529
0.0525139,0.986904,0.0543707,0.205851,19.7764,28.1537
0.0526213,0.979066,0.0549774,0.76615,19.5423,28.1537
0.052418,0.996226,0.0584746,0.323207,19.5368,28.1538
0.0527386,0.968523,0.051844,0.756752,19.4406,28.1545
0.0529962,0.948815,0.051227,0.904349,19.6629,28.1545
0.0526654,0.975211,0.0539193,0.148534,19.4443,28.1549
0.0526871,0.980743,0.0560324,0.444995,19.5711,28.1562
0.0526441,0.997625,0.0505511,0.0835048,18.335,28.1563
0.0525335,0.984803,0.0537011,0.879106,19.0033,28.1569
0.0525716,0.983182,0.0562924,0.411302,19.5139,28.1572
0.052761,0.991117,0.0556561,0.615518,19.1111,28.1572
0.053048,0.945292,0.0516161,0.778648,19.3069,28.1576
0.0525325,0.986198,0.0561145,0.142783,19.1977,28.1582
0.0532326,0.938136,0.050341,0.158027,19.5216,28.1584
0.0530011,0.975734,0.0530181,0.268266,19.443,28.1589
0.0526891,0.977035,0.0558833,0.523067,19.2751,28.1593
0.0531363,0.990164,0.0513516,0.431734,19.8797,28.1597
0.0525292,0.985268,0.0540371,0.046603,19.9469,28.1598
0.0524223,0.993019,0.0541637,0.997438,19.2209,28.1601
0.0526253,0.977039,0.0525837,0.807812,19.8436,28.1607
0.0526601,0.985268,0.0564753,0.0381216,19.635,28.1608
0.0527778,0.966118,0.0536199,0.537699,19.4406,28.1618
0.0523915,0.994717,0.0527546,0.252485,19.8794,28.1619
0.0531156,0.948209,0.0515457,0.513185,19.9808,28.162
0.0523309,0.998759,0.0511494,0.323785,19.1636,28.1621
0.0526913,0.990636,0.0564747,0.0726308,19.4378,28.1626
0.0529277,0.974827,0.0538954,0.959906,19.1948,28.1635
0.0524003,0.995726,0.0555415,0.615,19.0242,28.1637
0.0532352,0.939917,0.0504177,0.942927,19.9305,28.1642
0.0523891,0.995075,0.0541183,0.363983,19.1972,28.1643
0.0518751,0.998902,0.0509378,1.60111,19.7081,28.1644
0.0527238,0.969385,0.0521322,0.416089,19.8942,28.1646
0.0524919,0.989458,0.0573185,0.0820685,19.9945,28.1648
0.0527129,0.971106,0.0538092,0.967955,19.0293,28.1649
0.0529323,0.961112,0.0533891,0.519481,19.8722,28.165
0.0525388,0.984962,0.0550018,0.250427,19.3735,28.1653
0.0524805,0.98896,0.0545114,0.0166443,19.4237,28.1655
0.0526141,0.996862,0.0573834,0.0237368,19.7933,28.166
0.0525855,0.988269,0.0572383,0.197206,19.3265,28.1661
0.0529174,0.963486,0.0536021,0.780845,19.6376,28.1664
0.0532002,0.977787,0.0508342,0.662708,19.1791,28.1665
0.0523757,0.998433,0.0570737,0.27764,19.3377,28.1665
0.0531251,0.967401,0.0517619,0.397534,19.4881,28.1665
0.0528013,0.962551,0.0508054,0.299753,19.1434,28.1675
0.0518,0.996682,0.0506889,1.5819,19.4055,28.1677
0.0524687,0.998688,0.0586942,0.392911,19.8153,28.1678
0.0525752,0.992114,0.0575122,0.247488,19.6659,28.1681
0.0523747,0.995536,0.0519434,0.181946,19.8514,28.1687
0.0532303,0.937177,0.0503787,0.245515,19.9323,28.1694
0.0526325,0.977266,0.0542046,0.29542,19.8967,28.1694
0.0532768,0.950729,0.0503592,0.228663,19.5799,28.1698
0.052704,0.971868,0.0549756,0.387046,19.1856,28.1705
