beta,permeability,xi,init_days,delay,value
0.0500409,0.997334,0.0501734,0.623682,18.6713,26.6672
0.0500123,0.995493,0.0522244,0.643701,18.5712,26.6855
0.0500946,0.988724,0.0508033,0.343105,18.2897,26.7049
0.0500214,0.998498,0.0520593,0.94889,18.5982,26.7114
0.0500389,0.99356,0.0525853,0.323916,18.6918,26.7121
0.0500179,0.993449,0.052075,0.766346,18.8871,26.7142
0.0502166,0.983713,0.0505176,0.844487,18.7235,26.7154
0.0500284,0.992638,0.0513505,0.692277,18.866,26.7172
0.0501154,0.987091,0.0501898,0.186278,18.6557,26.7212
0.05005,0.992208,0.052819,0.220779,18.2713,26.7284
0.0499472,0.997294,0.0540318,0.534289,18.9785,26.7287
0.0500937,0.997205,0.0507234,0.070474,19.2131,26.732
0.0500756,0.988754,0.0528926,0.225576,18.2899,26.732
0.0502217,0.977206,0.0512142,0.355458,18.1253,26.7378
0.0499629,0.998325,0.0503099,0.746089,18.2385,26.7406
0.0499537,0.996192,0.0519955,0.790118,18.9922,26.7421
0.0499479,0.9972,0.0517109,0.140179,18.6346,26.7426
0.0503985,0.964356,0.0502154,0.689447,18.7585,26.7464
0.0500875,0.996879,0.0506093,0.543072,19.0568,26.7472
0.0499491,0.996,0.0526515,0.651701,18.6802,26.748
0.0501089,0.98466,0.0505532,0.505137,18.0887,26.7501
0.0502666,0.978982,0.0508021,0.756442,18.3919,26.7512
0.0501192,0.98331,0.0505312,0.681681,18.2859,26.7558
0.0501561,0.989163,0.0517453,0.366522,19.4402,26.7572
0.0502615,0.972887,0.0511791,0.788169,18.8959,26.7588
0.0501616,0.992171,0.0509704,0.659475,19.9365,26.7591
0.0504068,0.963561,0.0508829,0.945507,18.852,26.7621
0.0502849,0.979465,0.0505036,0.235443,18.3037,26.7626
0.0499786,0.994477,0.0505,0.829237,18.2055,26.765
0.0501851,0.987674,0.0515397,0.140121,19.5528,26.7673
0.0500252,0.996258,0.0535836,0.199031,19.325,26.7677
0.0500689,0.985913,0.0512626,0.722552,18.9904,26.7681
0.0502349,0.973737,0.0519067,0.486158,18.9064,26.7694
0.050037,0.988698,0.0508627,0.987832,18.6384,26.7694
0.050069,0.986507,0.0504431,0.749628,18.0416,26.7713
0.0501465,0.987042,0.0522922,0.988488,18.8783,26.7737
0.0503197,0.975447,0.0510563,0.298717,19.0341,26.7768
0.0500625,0.993525,0.0529054,0.141915,19.2709,26.7788
0.0503687,0.963218,0.050909,0.386821,18.0478,26.7811
0.0499207,0.995497,0.0520198,0.599373,18.357,26.7814
0.0492901,0.992844,0.0501435,1.65797,19.7773,26.783
0.0500708,0.998906,0.0521735,0.598239,19.1219,26.7832
0.0499344,0.994985,0.0555844,0.514106,18.6882,26.7837
0.0504123,0.967403,0.0505266,0.343855,19.3077,26.7846
0.0503163,0.966248,0.0520278,0.265116,18.5254,26.785
0.0500555,0.998761,0.0524309,0.931418,18.7028,26.7865
0.0501271,0.992971,0.0519321,0.104238,18.9497,26.789
0.0499569,0.992748,0.0510234,0.104242,18.8566,26.79
0.0492494,0.988154,0.0528126,1.02681,19.6525,26.7909
0.0492568,0.987692,0.0522751,1.30968,19.5502,26.793
0.0504187,0.964473,0.0516,0.0597978,19.1698,26.7932
0.0502451,0.976422,0.0535111,0.343348,19.6437,26.7934
0.050386,0.968095,0.0517235,0.416072,19.8009,26.7934
0.0500269,0.991567,0.0557879,0.842874,19.2003,26.7938
0.0495076,0.967246,0.0502544,1.62896,19.7847,26.7942
0.0499759,0.997961,0.0541933,0.0285554,19.9665,26.7942
0.0504067,0.962122,0.0514602,0.483388,18.4277,26.7946
0.0503772,0.969024,0.0507767,0.229865,18.8769,26.7947
0.0500186,0.987716,0.0523969,0.564645,18.3249,26.7952
0.0492792,0.981815,0.0530163,1.38924,19.9609,26.7967
0.0502357,0.976119,0.053474,0.256497,19.0411,26.7967
0.0493637,0.973929,0.0525262,1.55466,19.3477,26.7972
0.050015,0.991336,0.0559619,0.443435,19.4727,26.7975
0.0492279,0.984918,0.0538752,1.92429,19.7523,26.7979
0.0503864,0.966676,0.0511661,0.776843,19.0198,26.7981
0.0491332,0.995942,0.0537933,1.78206,19.0741,26.7981
0.0505085,0.957016,0.0501516,0.0285489,18.2534,26.7984
0.0500784,0.994158,0.0534515,0.160341,19.2827,26.7988
0.0503599,0.966409,0.0525114,0.609634,19.9833,26.799
0.0502137,0.992182,0.0503602,0.787065,19.6939,26.7991
0.050551,0.950348,0.0514657,0.131101,19.9727,26.7997
0.0506728,0.938588,0.0510452,0.876534,19.1836,26.8009
0.0502337,0.97217,0.0514063,0.550337,18.8664,26.8011
0.0492547,0.983525,0.0537796,1.0775,19.1395,26.8022
0.0502864,0.969693,0.0541747,0.613489,19.2385,26.8022
0.0499782,0.992824,0.0567755,0.720856,19.993,26.803
0.0491763,0.990006,0.0538458,1.39965,19.5748,26.805
0.0502499,0.984235,0.0509188,0.720472,18.5427,26.8058
0.0502202,0.971038,0.0563476,0.211713,19.7216,26.8067
0.0500568,0.991506,0.0501093,0.320053,17.8123,26.8071
0.0500205,0.995661,0.0526021,0.199326,19.7963,26.8074
0.050483,0.949742,0.0537032,0.40937,19.4786,26.8075
0.0505409,0.947019,0.0528174,0.85528,19.5719,26.8077
0.050372,0.961135,0.050975,0.825878,18.4438,26.8092
0.0499937,0.995695,0.0546964,0.0792839,18.4707,26.8093
0.0500625,0.981967,0.0585951,0.691321,19.6661,26.8094
0.0500178,0.996592,0.0503401,0.23066,19.7327,26.8095
0.0498861,0.996393,0.0549906,0.282944,18.7699,26.8099
0.0502183,0.975988,0.0551981,0.782863,19.0042,26.81
0.0506582,0.941857,0.0510069,0.707275,19.7801,26.81
0.050529,0.947551,0.0526943,0.638375,19.5189,26.8102
0.0504684,0.959442,0.0506548,0.742436,19.8831,26.8109
0.0493678,0.973348,0.0530469,1.12262,19.95,26.8134
0.0500864,0.98978,0.050208,0.768296,17.9706,26.8135
0.0501131,0.975544,0.0582185,0.469619,19.8866,26.8143
0.0502712,0.973225,0.0525349,0.599778,19.7967,26.8144
0.0499521,0.991273,0.0553715,0.242844,18.0323,26.8157
0.0499129,0.995681,0.0508265,0.517178,18.5216,26.8161
0.0492049,0.993305,0.0511046,1.41553,19.5508,26.8166
0.0500456,0.985847,0.056494,0.51982,19.5787,26.8167
0.0504396,0.955397,0.0539643,0.175249,19.158,26.8168
0.0500665,0.98813,0.0546082,0.490087,18.642,26.817
0.0501388,0.986955,0.0541735,0.773703,19.2404,26.8173
0.0490263,0.998005,0.0570942,1.58155,19.0487,26.8175
0.0499322,0.997455,0.0559309,0.420325,18.5467,26.8181
0.0507561,0.934883,0.0501782,0.253284,19.5744,26.8182
0.0493567,0.971406,0.0531918,1.49829,19.82,26.8182
0.0506906,0.935397,0.0516865,0.119619,19.9973,26.8183
0.0504909,0.947347,0.0540087,0.772602,19.6552,26.8185
0.0499143,0.996367,0.0589587,0.0678492,19.1599,26.8187
0.0498908,0.997845,0.0506904,0.755879,18.7504,26.8188
0.0491948,0.984027,0.0552282,1.13792,19.9917,26.8189
0.0484481,0.983898,0.0504888,2.23695,19.4283,26.8192
0.0503201,0.981638,0.0504315,0.449738,19.3638,26.8195
0.04942,0.976623,0.0512524,1.32182,19.0817,26.8199
0.0503291,0.978543,0.0509808,0.402543,19.37,26.8207
0.049969,0.997261,0.053893,0.570268,19.1831,26.8208
0.0499701,0.989373,0.058231,0.831486,19.1413,26.8209
0.050347,0.978928,0.0504564,0.317428,19.3027,26.8229
0.050575,0.949666,0.0501897,0.490476,19.0261,26.8231
0.0498948,0.998653,0.0566898,0.0553419,18.8571,26.8233
0.0502316,0.970596,0.0517322,0.35751,18.2727,26.8236
0.0506279,0.941723,0.050175,0.648809,18.2264,26.8237
0.0501169,0.987841,0.0548167,0.548629,19.5058,26.8242
0.049076,0.998814,0.0540657,1.76812,19.0033,26.8245
0.0498842,0.994411,0.0598216,0.696065,19.035,26.8245
0.050516,0.959591,0.0509972,0.396639,19.7316,26.8261
0.0503625,0.966226,0.0515301,0.966499,19.8127,26.827
0.0502434,0.974486,0.0550933,0.218935,19.3607,26.827
0.0483794,0.996527,0.0508916,2.77129,19.8861,26.8273
0.050197,0.97013,0.0565489,0.337893,19.8663,26.8276
0.0498686,0.996556,0.0570432,0.409841,18.2429,26.8282
0.050102,0.974511,0.0586882,0.794158,19.3134,26.8302
0.0495275,0.96527,0.0510768,1.10358,19.877,26.8312
0.0500832,0.981554,0.0555952,0.668242,18.2048,26.8313
0.05028,0.975972,0.0535822,0.906322,19.6319,26.8313
0.0501424,0.984585,0.0501429,0.321787,17.3504,26.8316
0.049034,0.995906,0.0573829,1.41844,19.0417,26.8317
0.0491657,0.989439,0.0555204,1.39545,19.7214,26.8322
0.050102,0.979447,0.0553764,0.527874,18.3704,26.8326
0.0500447,0.989462,0.0541573,0.151191,19.1682,26.8327
0.050244,0.987366,0.0513334,0.140999,19.3611,26.8329
0.0504447,0.967155,0.0511564,0.770719,19.6098,26.833
0.0504538,0.960268,0.0502955,0.177806,19.1277,26.8332
0.050719,0.937419,0.0510144,0.836997,19.7682,26.8335
0.0491395,0.98766,0.0557127,1.15482,19.0517,26.8336
0.0492966,0.989005,0.051836,1.65817,19.9921,26.834
0.0503317,0.961792,0.0560775,0.78245,19.1175,26.8341
0.0503527,0.968744,0.0534238,0.791367,19.3882,26.8344
0.050814,0.925864,0.0510458,0.630153,19.5878,26.8349
0.049953,0.989626,0.0585366,0.811659,19.8556,26.835
0.0499991,0.986783,0.0508172,0.669784,18.5139,26.8353
0.0493418,0.983391,0.0519867,1.55728,19.5807,26.8356
0.0492353,0.995286,0.0502067,1.91167,18.8403,26.8357
0.0484724,0.983883,0.0505109,2.5332,19.5604,26.8365
0.0507476,0.934155,0.0510379,0.72398,19.4162,26.8371
0.0500591,0.992425,0.055609,0.156078,19.802,26.8373
0.0491849,0.98736,0.0537294,1.32873,19.3661,26.8373
0.0499595,0.997846,0.0516603,0.968531,19.2275,26.8373
0.0494696,0.963347,0.0513393,1.96323,19.3942,26.8375
0.0503266,0.96895,0.0514787,0.969457,19.5911,26.8376
0.0503808,0.952582,0.055987,0.74894,19.61,26.8387
0.0506898,0.933858,0.0511219,0.443371,19.2717,26.8389
0.050299,0.964352,0.0516797,0.999651,18.628,26.8389
0.0491486,0.993906,0.050972,1.3216,18.2086,26.8393
0.0498564,0.995355,0.0543215,0.58278,18.7686,26.8403
0.0508491,0.918896,0.0506195,0.00769478,19.0982,26.8408
0.0500556,0.990966,0.0518564,0.60615,19.209,26.8409
0.050613,0.93646,0.0536429,0.298536,19.54,26.8415
0.0499734,0.998896,0.0513499,0.210059,17.1197,26.8418
0.0498538,0.994518,0.0607909,0.544398,19.5238,26.842
0.048247,0.998297,0.0531831,2.84378,19.5418,26.8421
0.050839,0.925576,0.0506985,0.754506,19.954,26.8427
0.0491576,0.99082,0.0533637,1.30192,19.58,26.8432
0.0503605,0.966394,0.0521399,0.02653,18.0102,26.8433
0.0502389,0.968227,0.0508902,0.433608,18.4948,26.8433
0.0500184,0.986022,0.0502104,0.42893,18.3919,26.8436
0.0499746,0.989393,0.0573067,0.427098,19.2672,26.844
0.0501216,0.988539,0.053467,0.856073,18.0538,26.8441
0.0500787,0.989249,0.0512332,0.889802,19.1559,26.8446
0.0500779,0.980004,0.0558914,0.444816,18.2743,26.8448
0.0501916,0.971009,0.054517,0.504913,18.2422,26.8451
0.0501772,0.993255,0.051983,0.808298,19.5763,26.8453
0.0499086,0.992532,0.0569474,0.334134,18.8117,26.8454
0.0501524,0.97454,0.0527343,0.0502204,18.0783,26.8462
0.0502514,0.973626,0.0522196,0.369489,19.0036,26.8463
0.0503763,0.953773,0.0552571,0.865539,19.2406,26.8464
0.0493404,0.979623,0.0503003,1.80144,19.0217,26.8464
0.0504642,0.95781,0.0505178,0.202259,19.9591,26.8466
0.0502041,0.995874,0.0508122,0.980602,19.3784,26.8469
0.0503011,0.964198,0.0542032,0.244624,19.6108,26.8472
0.0492284,0.985762,0.052349,1.01864,19.7971,26.8473
0.0491919,0.982522,0.0551683,1.44607,19.5393,26.8473
0.0498495,0.9979,0.0590447,0.236274,19.0406,26.8474
0.0502459,0.962909,0.0579549,0.371741,19.6953,26.8475
0.0499478,0.992977,0.0569939,0.727333,18.9285,26.848
0.0492643,0.99744,0.0508896,1.34511,19.8145,26.8482
0.0505046,0.942182,0.0546449,0.324092,19.7503,26.8484
0.0502054,0.974101,0.0538979,0.547664,19.2486,26.8488
0.0500794,0.989151,0.0563679,0.200753,19.8218,26.8489
0.0484136,0.983895,0.0513722,2.2253,19.3114,26.8491
0.0504178,0.951561,0.0544249,0.764721,19.4633,26.8498
0.0500702,0.997811,0.0529894,0.904437,18.0474,26.8498
0.0493013,0.987358,0.0502503,1.87948,18.6678,26.8515
0.0502631,0.987029,0.0505838,0.859745,18.4481,26.8516
0.0503542,0.953336,0.0565105,0.675532,19.0935,26.8516
0.0499513,0.994335,0.0554014,0.970587,19.3169,26.8517
0.0503014,0.969137,0.0531032,0.363779,18.7583,26.8518
0.0501234,0.978732,0.0556047,0.117587,18.8072,26.852
0.0500167,0.992656,0.0519101,0.479949,19.6741,26.852
0.0506955,0.933964,0.0501904,0.260701,18.134,26.8527
0.0501231,0.986442,0.050613,0.897762,17.6419,26.8533
0.0507527,0.935686,0.0510969,0.896089,19.1148,26.8536
0.05009,0.982944,0.0546678,0.392515,19.4891,26.8539
0.0504628,0.950239,0.0525018,0.550246,18.222,26.8539
0.049841,0.99296,0.0628815,0.738558,19.0141,26.854
0.0492486,0.990512,0.0509144,1.84356,18.262,26.8543
0.0496926,0.950007,0.0501761,1.93713,19.3039,26.8544
0.0494386,0.974141,0.0518415,1.06682,19.9131,26.855
0.0506374,0.935537,0.051956,0.442589,19.7961,26.855
0.0500299,0.997187,0.0555685,0.208634,19.737,26.8553
0.0497996,0.996075,0.0629375,0.918621,19.5024,26.8553
0.0506544,0.932557,0.053551,0.989674,19.9435,26.8563
0.0495319,0.968736,0.0504971,1.93236,19.7891,26.8569
0.0504503,0.951395,0.0514585,0.728056,18.512,26.857
0.0500135,0.983371,0.0512022,0.352593,18.6687,26.8571
0.050002,0.99515,0.0516371,0.569025,17.3077,26.8572
0.0501183,0.975524,0.0558378,0.336007,18.6842,26.8574
0.0493003,0.983739,0.0535516,1.47898,19.3138,26.8577
0.0494453,0.968944,0.0527285,1.52439,19.14,26.8579
0.049104,0.99008,0.0554295,1.08609,19.3456,26.858
0.0499547,0.995658,0.0516619,0.890529,17.227,26.8581
0.0507166,0.928881,0.0530115,0.419445,19.8933,26.8585
0.0504002,0.954623,0.0524,0.695459,18.7352,26.8592
0.0503791,0.968445,0.0514378,0.485062,18.9576,26.8594
0.0500684,0.997519,0.0531847,0.790468,18.1317,26.8596
0.0504313,0.973299,0.0504055,0.430478,19.7329,26.8599
0.050155,0.985294,0.0552216,0.200667,19.5229,26.8605
0.0498748,0.993369,0.0552225,0.992144,18.3557,26.8605
0.0503139,0.97079,0.05009,0.272808,19.2608,26.8605
0.0485036,0.976455,0.0507325,2.10115,19.7199,26.8609
0.0502011,0.984706,0.0539909,0.63761,19.0871,26.8614
0.0500468,0.98211,0.0568095,0.703104,18.2136,26.8614
0.0498934,0.990768,0.0624006,0.850001,19.7548,26.8616
0.0508741,0.925914,0.050457,0.67826,19.6611,26.8621
0.048306,0.992747,0.051435,2.82894,19.3238,26.8623
0.0503038,0.957113,0.0564195,0.656909,19.6696,26.8626
0.0504466,0.950374,0.052503,0.462193,18.4092,26.8629
0.049973,0.986674,0.0560514,0.309138,18.2739,26.863
0.049801,0.996953,0.0616067,0.00245444,19.2976,26.863
0.0498208,0.995267,0.0544154,0.559134,18.886,26.8633
0.0506982,0.931446,0.0531106,0.115511,19.4161,26.8633
0.0502289,0.993356,0.0511521,0.0243741,19.7649,26.8635
0.0506017,0.938954,0.0508068,0.297926,18.3954,26.8635
0.0503016,0.962218,0.0517677,0.596836,18.874,26.8638
0.0492944,0.987465,0.0504923,1.40195,18.4671,26.8639
0.0500508,0.987534,0.053583,0.916281,19.8987,26.8639
0.0483532,0.995577,0.0519677,2.31119,19.9279,26.864
0.04919,0.982049,0.0547359,1.51953,19.826,26.8641
0.0501667,0.970973,0.0502635,0.445997,18.0925,26.8641
0.0507373,0.923647,0.0525547,0.257524,19.299,26.8644
0.0498386,0.998179,0.0588867,0.41687,18.9817,26.8645
0.0494996,0.967913,0.0518043,1.09833,19.9776,26.865
0.0496211,0.955159,0.0510702,1.73005,19.0385,26.8652
0.0493153,0.971047,0.0541326,1.41873,19.5099,26.8652
0.0502693,0.990159,0.0508983,0.838057,19.4638,26.8652
0.0504278,0.947786,0.0561054,0.794994,19.9473,26.8654
0.0491591,0.994009,0.0524468,1.93158,18.1994,26.8655
0.0505413,0.952641,0.0526895,0.11432,19.7002,26.8656
0.0495733,0.959375,0.0515068,1.86131,19.5146,26.8656
0.0492521,0.993503,0.0503838,1.48623,18.5725,26.8659
0.049186,0.982054,0.0548384,1.31329,19.3457,26.8659
0.0500144,0.984231,0.0572268,0.6265,18.1909,26.8659
0.0500225,0.987318,0.0551673,0.712416,19.1805,26.866
0.0483846,0.986526,0.0504347,2.32117,19.2607,26.8663
0.0495767,0.950053,0.0509746,1.72953,19.9315,26.8665
0.0500876,0.97796,0.050347,0.787183,18.3451,26.8675
0.0508381,0.917886,0.0504749,0.0606062,19.6774,26.8678
0.0485335,0.974219,0.0506774,2.00743,19.6752,26.8679
0.0504745,0.954741,0.0507224,0.0702449,19.0317,26.868
0.0504242,0.947981,0.0549707,0.121143,19.8971,26.8681
0.0499632,0.982095,0.0618553,0.725189,19.7085,26.8682
0.0503999,0.954639,0.0509554,0.0741648,18.1675,26.8683
0.0502785,0.966475,0.0535678,0.962455,19.6917,26.8684
0.050032,0.981961,0.0570409,0.164179,18.885,26.8687
0.0494974,0.965801,0.0522878,1.80735,19.3432,26.8689
0.0502072,0.97289,0.054883,0.948432,18.8354,26.8691
0.0503536,0.958775,0.0537845,0.388289,18.2379,26.8693
0.0503317,0.971645,0.0537091,0.117565,19.4628,26.8694
0.050142,0.972751,0.0503101,0.778594,18.819,26.8694
0.0500879,0.992538,0.0504808,0.859843,17.7702,26.8697
0.0502333,0.97053,0.0547272,0.712747,18.5658,26.8702
0.0494984,0.959681,0.0529331,1.0503,19.5186,26.8702
0.0504319,0.948622,0.0544255,0.862137,19.1341,26.8704
0.0503218,0.965169,0.056107,0.992764,19.4236,26.8704
0.0500798,0.976231,0.0523092,0.676595,18.9923,26.8707
0.0490775,0.996641,0.0535355,1.3464,19.6822,26.8707
0.0500287,0.98821,0.058809,0.062042,19.2646,26.8707
0.0500934,0.976704,0.0559838,0.0446406,18.8274,26.8716
0.0500924,0.975149,0.051833,0.24122,18.3619,26.8716
0.0501244,0.977183,0.0552936,0.873594,19.6082,26.8721
0.0494214,0.965498,0.0537946,1.02535,19.373,26.8728
0.048524,0.971928,0.0505989,2.50679,19.5544,26.8733
0.0502268,0.9779,0.0552477,0.0081643,19.9223,26.8734
0.0492509,0.983448,0.0515331,1.51933,19.1238,26.8738
0.0500104,0.988663,0.0545965,0.832248,19.1904,26.8746
0.0506158,0.942738,0.0534965,0.0306226,19.5899,26.8748
0.0484252,0.989024,0.051433,2.30917,19.987,26.8748
0.0504574,0.948363,0.0534681,0.589858,19.3338,26.8751
0.0493013,0.971536,0.0540331,1.6438,19.1146,26.8758
0.0502727,0.962527,0.0579236,0.382865,19.2577,26.8759
0.0503438,0.958086,0.0522681,0.757027,18.099,26.8763
0.0505825,0.93997,0.0518597,0.361993,19.4361,26.8764
0.0503661,0.952424,0.057302,0.197043,19.0726,26.8765
0.0509932,0.904884,0.0504402,0.278656,19.7018,26.8766
0.0505813,0.945036,0.0502397,0.267959,19.2407,26.8769
0.0499825,0.991374,0.0541581,0.534692,19.8501,26.877
0.0501081,0.997636,0.0536835,0.678296,19.8923,26.8771
0.0500416,0.978326,0.0525192,0.918314,18.2648,26.8779
0.050697,0.933713,0.0531107,0.729711,19.2931,26.8779
0.0493635,0.983152,0.0519487,1.22513,19.013,26.8784
0.048521,0.983321,0.0503498,2.43696,19.6409,26.8797
0.0503989,0.951834,0.0542706,0.446616,19.2774,26.8797
0.0491581,0.983925,0.0571279,1.97519,19.612,26.88
0.0500008,0.988322,0.0570117,0.136184,18.771,26.8804
0.0507969,0.920092,0.0525846,0.0926753,19.9265,26.8806
0.0500235,0.995465,0.0514542,0.7401,17.3198,26.8807
0.0499388,0.99492,0.0600322,0.620703,19.7139,26.8807
0.0499959,0.985596,0.05773,0.970977,18.8374,26.8812
0.0500821,0.976464,0.057328,0.384828,19.005,26.8813
0.0497915,0.996817,0.0644101,0.837018,19.0253,26.8818
0.0496892,0.94308,0.0514215,1.69906,19.4918,26.8818
0.0501786,0.984639,0.0502046,0.071396,17.1596,26.8822
0.0496426,0.94269,0.0510183,1.63667,19.2704,26.8823
0.0497998,0.998404,0.0601886,0.863756,19.2599,26.8824
0.0506124,0.936316,0.0544768,0.927643,19.7411,26.8828
0.0484468,0.985014,0.0515498,2.52861,19.4189,26.883
0.050001,0.996458,0.0552451,0.795301,18.9789,26.8833
0.0499306,0.988528,0.0563373,0.648233,18.1847,26.8834
0.0500911,0.985051,0.0520677,0.983006,17.8033,26.8835
0.0502346,0.968882,0.055071,0.547771,18.8354,26.8837
0.0502383,0.985073,0.0531151,0.153962,19.3536,26.8837
0.0506862,0.930564,0.0505305,0.879261,18.544,26.8845
0.0505913,0.945687,0.051291,0.568053,18.7358,26.885
0.0498874,0.998426,0.053499,0.165671,17.9261,26.8853
0.0501901,0.981165,0.0556448,0.194511,19.8141,26.8856
0.0505692,0.945322,0.051707,0.512449,18.5029,26.8862
0.050333,0.971408,0.0521865,0.405248,18.3285,26.8864
0.0506581,0.934669,0.0513824,0.510184,18.6091,26.8864
0.050838,0.916578,0.0503755,0.238097,19.3478,26.8866
0.0504433,0.949862,0.0510402,0.154053,18.6935,26.8866
0.0502449,0.96363,0.0513746,0.963071,18.0935,26.8867
0.0500041,0.982781,0.0563551,0.683962,18.842,26.8869
0.0491372,0.990177,0.0502958,1.15969,18.4048,26.8874
0.0500022,0.982044,0.0582222,0.694675,19.4427,26.8878
0.0502259,0.974168,0.0507876,0.950316,19.7506,26.8881
0.0498456,0.995862,0.0595239,0.375956,18.8116,26.8881
0.0491618,0.990806,0.0515813,1.28219,19.8325,26.8881
0.0502008,0.967768,0.0529923,0.402355,18.6489,26.8883
0.0506407,0.937306,0.0539195,0.9162,19.267,26.8885
0.0502184,0.96546,0.0589349,0.899027,19.2794,26.8887
0.0501583,0.970507,0.0529645,0.973604,18.3118,26.8888
0.050201,0.970657,0.0543081,0.391234,19.841,26.8888
0.0500231,0.98597,0.0548384,0.0366377,19.0294,26.8891
0.0492933,0.978821,0.0511112,1.15737,19.3169,26.8891
0.0502836,0.991024,0.0507576,0.659685,19.0681,26.8892
0.0498933,0.989441,0.0551476,0.73966,18.9356,26.8892
0.0485419,0.969192,0.0507734,2.59488,19.5209,26.8893
0.0498972,0.998601,0.0538397,0.74397,17.2404,26.8896
0.0502473,0.958976,0.0578203,0.338878,19.5878,26.8901
0.0501337,0.971363,0.0513226,0.561496,18.6142,26.8902
0.0510181,0.902285,0.0505834,0.566528,19.1502,26.8902
0.0508841,0.921123,0.0514049,0.0713102,19.1982,26.8904
0.0499143,0.985086,0.0632717,0.832233,19.3685,26.891
0.0482687,0.993843,0.0541801,2.91669,19.5042,26.8911
0.0500318,0.987052,0.0529003,0.465341,19.9966,26.8914
0.049264,0.981128,0.0502579,1.42215,18.7774,26.8918
0.0497252,0.9456,0.0506404,1.36087,19.8833,26.8921
0.0500591,0.976403,0.0531603,0.592043,18.7065,26.8924
0.0499709,0.994353,0.0508922,0.365382,19.9679,26.8925
0.0504597,0.944966,0.0540691,0.444584,19.1753,26.8926
0.0499677,0.990955,0.0574411,0.191925,18.0768,26.8927
0.0497659,0.935996,0.0508589,1.5146,19.8331,26.8928
0.0506137,0.932502,0.0547953,0.42585,19.542,26.8934
0.0492904,0.978964,0.0503489,1.70463,18.0813,26.8934
0.0502726,0.973277,0.0505393,0.807343,17.3445,26.8936
0.0499012,0.993922,0.0564161,0.994448,19.5558,26.8936
0.0509991,0.909095,0.05081,0.0567583,19.1162,26.8936
0.0499497,0.996675,0.0504063,0.757766,19.3311,26.8936
0.0490985,0.993401,0.0510907,1.73661,18.4521,26.8937
0.0503693,0.953121,0.0545246,0.39179,19.2392,26.8937
0.049773,0.933719,0.050541,1.2258,19.0138,26.8937
0.050078,0.975616,0.0534835,0.670902,18.4918,26.8941
0.050463,0.951897,0.0529678,0.996926,18.0154,26.8943
0.0502021,0.969026,0.0548191,0.150419,19.0149,26.8947
0.0503774,0.953287,0.0504161,0.401772,18.0014,26.8953
0.050071,0.983824,0.0522523,0.550681,19.8023,26.8959
0.0499279,0.991765,0.0561401,0.507116,19.6453,26.8962
0.0505139,0.942609,0.0523209,0.239423,18.3332,26.8968
0.0491582,0.981479,0.0558213,1.95003,19.43,26.8968
0.0500722,0.983631,0.0523508,0.848022,19.4996,26.8969
0.0504333,0.949392,0.0523538,0.881724,18.7024,26.897
0.049933,0.993137,0.0579497,0.360813,18.4686,26.897
0.0491773,0.981451,0.0545157,1.89544,19.0598,26.897
0.0495472,0.949439,0.0513164,1.08013,19.1235,26.897
0.049088,0.987004,0.0570962,1.10442,19.6269,26.8972
0.0506228,0.934088,0.0548202,0.308414,19.8663,26.8972
0.050392,0.949718,0.0547787,0.0645285,19.6367,26.8974
0.0501732,0.964425,0.0579686,0.786155,19.4127,26.8978
0.0500864,0.983695,0.0559228,0.951529,18.8201,26.8981
0.0491444,0.981656,0.0572785,1.63015,19.2577,26.8982
0.0492916,0.998447,0.0505385,1.53339,19.6442,26.8985
0.0508084,0.914002,0.0518761,0.165311,19.6392,26.8989
0.0503001,0.959588,0.0530858,0.796915,18.6608,26.899
0.0491412,0.985851,0.0542939,1.45788,19.2314,26.899
0.0492492,0.9827,0.0508644,1.43904,19.5111,26.8992
0.049798,0.998884,0.0592262,0.0429646,19.1729,26.8993
0.0505952,0.932606,0.0549947,0.78425,19.5626,26.8994
0.0508146,0.913437,0.0525568,0.817934,19.2881,26.8994
0.0503173,0.958295,0.0526821,0.988407,18.5705,26.8994
0.0490635,0.996195,0.051918,1.56168,18.9954,26.8996
0.0504575,0.946874,0.0527124,0.0602471,18.0993,26.8997
0.0497876,0.995264,0.0619328,0.600936,19.2369,26.9
0.0501787,0.968143,0.0501591,0.173948,18.3696,26.9001
0.0484629,0.976087,0.0519891,2.53963,19.0237,26.9002
0.0495001,0.955631,0.0537419,1.36273,19.2549,26.9003
0.0499429,0.99243,0.0578775,0.331551,18.8136,26.9007
0.0498787,0.986842,0.062891,0.796104,19.5525,26.9008
0.0499077,0.984892,0.0615906,0.698526,19.3523,26.9009
0.0506785,0.938838,0.0508022,0.192009,18.6592,26.9014
0.0491968,0.984604,0.0523317,1.92674,19.8418,26.9014
0.0494304,0.964829,0.0541761,1.73966,19.5014,26.9016
0.0502806,0.960451,0.0542958,0.287845,18.9069,26.9016
0.0509053,0.908882,0.0518626,0.261477,19.1018,26.9017
0.0491482,0.988966,0.0532745,1.90689,18.628,26.9021
0.0509249,0.90551,0.0516045,0.251061,19.4169,26.9023
0.0507774,0.917971,0.053088,0.12707,19.8424,26.9023
0.0503852,0.946807,0.0572637,0.915985,19.3697,26.9031
0.0484966,0.970946,0.0515342,2.23633,19.6416,26.9032
0.0491135,0.992245,0.0522736,1.98245,18.2667,26.9036
0.0510337,0.897944,0.0506719,0.551196,19.3446,26.9037
0.0505487,0.934202,0.0545112,0.469864,19.5882,26.9039
0.0503324,0.95091,0.0574831,0.673834,19.5039,26.9039
0.049171,0.997084,0.0545419,1.07341,19.9882,26.9041
0.0493575,0.98189,0.0504086,1.19031,18.7024,26.9041
0.0491448,0.991671,0.0500984,1.39468,19.2732,26.9042
0.0497687,0.996013,0.0623797,0.147998,19.8988,26.9045
0.0500041,0.983514,0.0566175,0.293029,19.8446,26.9048
0.0504157,0.958591,0.0555062,0.528142,19.4894,26.9052
0.0509445,0.907334,0.0518143,0.462368,19.17,26.9054
0.0499392,0.992505,0.0532484,0.207304,19.8196,26.9055
0.0503482,0.983924,0.0507821,0.262284,19.6896,26.9057
0.0491512,0.988415,0.0508074,1.63249,18.3464,26.9057
0.0508318,0.913127,0.0526086,0.846576,19.7637,26.9057
0.0498613,0.987764,0.0633927,0.333778,19.0727,26.9058
0.0501869,0.992673,0.051692,0.104,18.6282,26.9058
0.0502455,0.959008,0.0568015,0.751899,19.3596,26.9062
0.0507566,0.937334,0.05123,0.674072,19.6932,26.9063
0.0500947,0.97339,0.0609727,0.381244,19.2135,26.9066
0.050062,0.985339,0.0530572,0.501278,17.7918,26.9066
0.0496669,0.939128,0.0517784,1.72518,19.957,26.9067
0.0504595,0.955909,0.0549582,0.756361,19.2912,26.9068
0.0493811,0.978998,0.0504336,1.87284,18.5375,26.907
0.0508,0.913795,0.051888,0.0060277,19.1737,26.9071
0.0484901,0.974818,0.0521732,2.51066,19.5203,26.9076
0.0501626,0.977135,0.0521669,0.763606,17.7096,26.9081
0.0490806,0.997194,0.0572881,1.31196,19.7408,26.9081
0.0507297,0.91926,0.0536161,0.802368,19.8797,26.9081
0.0497425,0.996482,0.0659125,0.45229,19.0735,26.9081
0.0506871,0.922694,0.0530324,0.520247,19.2562,26.9089
0.0498217,0.995285,0.058254,0.651841,18.9228,26.9089
0.0492004,0.979778,0.0537843,1.86,19.6174,26.9098
0.0505342,0.945127,0.0527027,0.653067,18.9531,26.9099
0.0491975,0.9868,0.0502348,1.07946,19.3878,26.9101
0.0509066,0.918051,0.0516952,0.238601,19.3237,26.9102
0.049082,0.985801,0.0582318,1.60063,19.8527,26.9103
0.0505284,0.952344,0.0539063,0.48081,19.4973,26.9104
0.0489992,0.997876,0.0594311,1.18711,19.0549,26.9106
0.0506077,0.933686,0.0520442,0.12111,19.8274,26.9106
0.0499444,0.98771,0.0590088,0.585486,18.363,26.9107
0.0498639,0.991876,0.0575895,0.696487,18.3044,26.9108
0.0496704,0.951635,0.0513471,1.18057,19.4319,26.911
0.0490495,0.989201,0.0573455,1.5813,19.0451,26.9112
0.0505756,0.958907,0.0505717,0.837653,19.2065,26.9113
0.0499181,0.985031,0.0544701,0.241926,18.2138,26.9117
0.0505563,0.947758,0.0543076,0.225084,19.9964,26.9118
0.0492436,0.996277,0.0504852,1.44282,18.7991,26.912
0.0501174,0.980472,0.0508507,0.615,17.1271,26.912
0.049393,0.978836,0.0502285,1.6437,18.0221,26.9121
0.0486937,0.958382,0.0503529,2.22379,19.7456,26.9124
0.0502732,0.967415,0.051131,0.13689,19.9685,26.9126
0.0489837,0.993709,0.0599235,1.8381,19.4003,26.9126
0.0498035,0.99842,0.0641337,0.972252,19.5268,26.9127
0.0503561,0.953476,0.0513189,0.746034,18.7649,26.9127
0.0503228,0.956222,0.0542152,0.963881,18.9169,26.9136
0.0498472,0.991147,0.0533419,0.875733,18.658,26.9138
0.0500488,0.972846,0.0601181,0.126523,19.3159,26.914
0.0493094,0.975151,0.0508829,1.31605,19.3911,26.914
0.0495524,0.947025,0.0515544,1.87408,19.4118,26.9142
0.0498325,0.991227,0.0611486,0.629522,19.8762,26.9142
0.0497157,0.944103,0.0513566,1.08345,19.2981,26.9144
0.050088,0.974474,0.0552509,0.674138,18.1151,26.9146
0.049621,0.945578,0.0530203,1.28179,19.6478,26.9149
0.0499963,0.988857,0.0524594,0.839792,17.7358,26.9149
0.0482962,0.988045,0.0525446,2.46558,19.8581,26.915
0.0492361,0.974049,0.0568949,1.60842,19.6509,26.915
0.0484255,0.976663,0.0512783,2.13487,19.3018,26.9154
0.0501426,0.969072,0.0606648,0.544995,19.3503,26.9157
0.0502487,0.964929,0.0537774,0.492278,19.2701,26.9157
0.0499816,0.983387,0.0574087,0.865441,19.8727,26.9157
0.0505268,0.934821,0.0559816,0.822568,19.7642,26.9161
0.0508707,0.912574,0.0530365,0.325569,19.0408,26.9163
0.0504441,0.963051,0.0533656,0.536678,19.1519,26.9164
0.0503638,0.958769,0.0515388,0.504177,19.3983,26.9166
0.0494402,0.971083,0.0505027,1.67449,18.9691,26.9167
0.0497231,0.998936,0.0569618,0.140819,18.4626,26.9168
0.0484139,0.980423,0.0533127,2.45729,19.903,26.9169
0.0499154,0.987581,0.0572662,0.18191,18.1761,26.917
0.0506008,0.941442,0.0546839,0.747075,19.7284,26.917
0.0502196,0.980704,0.0533572,0.474672,18.7873,26.9172
0.0506045,0.927719,0.0550831,0.324863,19.4509,26.9172
0.0504253,0.948788,0.0572817,0.814674,19.1639,26.9172
0.0500414,0.982353,0.0543239,0.471051,19.8281,26.9174
0.0490939,0.991072,0.0534022,1.85293,19.6162,26.9174
0.0492318,0.975332,0.0573241,1.2514,19.3423,26.9175
0.049361,0.973038,0.0549242,1.93676,19.0386,26.9175
0.0496059,0.952594,0.0524923,1.61058,19.0201,26.9176
0.0496736,0.950365,0.0515275,1.20702,19.5683,26.9177
0.0499089,0.991918,0.0554424,0.492448,19.7902,26.9182
0.049459,0.955905,0.0543697,1.80146,19.9498,26.9182
0.0493116,0.967649,0.0560689,1.44186,19.1366,26.9187
0.0500856,0.976137,0.0576685,0.762818,18.5871,26.9188
0.0493589,0.965442,0.0559219,1.68979,19.8042,26.9189
0.0503852,0.964523,0.0548772,0.458693,19.8304,26.9191
0.0504388,0.968909,0.0505745,0.779515,18.0237,26.9192
0.0490722,0.997868,0.0543915,1.94999,18.9274,26.9194
0.0499068,0.987413,0.0590219,0.806842,19.9539,26.9194
0.0490231,0.998184,0.0529642,1.63367,19.8389,26.9195
0.0485883,0.974353,0.0506461,2.08265,19.722,26.9199
0.0502601,0.965517,0.0527344,0.558192,19.6146,26.92
0.0481647,0.998489,0.0549866,2.31172,19.3861,26.9201
0.0496837,0.940298,0.0525721,1.41388,19.0254,26.9202
0.05028,0.966461,0.051683,0.491855,17.1733,26.9206
0.0502924,0.96522,0.057572,0.0265291,19.1462,26.9207
0.0498234,0.995297,0.0588942,0.89443,19.3111,26.9207
0.0498903,0.987056,0.0541914,0.995863,18.6565,26.9208
0.0501467,0.97115,0.0570924,0.536096,18.7047,26.9208
0.0481858,0.997086,0.0527047,2.51841,19.2543,26.9212
0.0496548,0.939972,0.0523755,1.95587,19.4125,26.9213
0.0506473,0.929771,0.0515772,0.652593,19.8414,26.9213
0.0504583,0.952179,0.0502444,0.390145,19.6011,26.9216
0.0503895,0.948673,0.0544539,0.444396,19.5268,26.922
0.0490353,0.998883,0.0584429,1.84796,19.6008,26.9221
0.0501772,0.976571,0.0581282,0.161232,19.9927,26.9221
0.0495667,0.958093,0.0527477,1.32822,19.7124,26.9227
0.0504176,0.948491,0.0514656,0.913181,18.0932,26.9228
0.0506155,0.93557,0.0552446,0.035017,19.3562,26.9229
0.0483253,0.988531,0.0501042,2.19606,19.616,26.923
0.0490341,0.997073,0.0540455,1.18368,18.9509,26.923
0.0498565,0.92324,0.0504542,1.43571,19.1529,26.9232
0.0491493,0.987709,0.0518087,1.47517,19.5347,26.9234
0.0504607,0.948947,0.0515651,0.453296,19.1233,26.9234
0.050236,0.961404,0.0512167,0.520717,18.6043,26.9234
0.0482243,0.993456,0.0533075,2.54535,19.1071,26.9237
0.0497539,0.94577,0.0506327,1.0469,19.6547,26.9237
0.0508611,0.915823,0.0530775,0.290778,19.1696,26.9238
0.0484206,0.994784,0.0510936,2.61089,19.4824,26.9241
0.0498173,0.994528,0.0581293,0.592458,18.6316,26.9241
0.0490049,0.991851,0.0579056,1.75984,19.4516,26.9241
0.0495474,0.948815,0.0536432,1.96444,19.9654,26.9242
0.0496387,0.938814,0.0524985,1.33283,19.678,26.9244
0.0507211,0.925747,0.0513336,0.160979,18.4712,26.9244
0.0501288,0.974639,0.0570999,0.559081,18.0724,26.9245
0.0510909,0.900491,0.0508046,0.408092,19.7742,26.9245
0.0503547,0.965419,0.0557478,0.852482,19.5975,26.9247
0.0501205,0.968979,0.0530132,0.201489,18.4327,26.9247
0.0482218,0.992476,0.0551533,2.55554,19.3665,26.9248
0.0483633,0.981089,0.0519317,2.47037,19.939,26.9249
0.0486874,0.96123,0.050323,2.73196,19.4437,26.925
0.0490417,0.995723,0.0521755,1.98242,18.3731,26.925
0.0500052,0.998553,0.0551645,0.821413,18.8567,26.9252
0.0506529,0.926574,0.0551385,0.230881,19.9202,26.9252
0.0492441,0.980113,0.0517249,1.94766,18.7862,26.9255
0.0502642,0.973313,0.0510272,0.559989,17.085,26.9256
0.0509191,0.908475,0.053043,0.245577,19.9027,26.9257
0.0506369,0.930238,0.0556392,0.0230653,19.0352,26.9257
0.0484,0.977699,0.0531855,2.01481,19.6274,26.926
0.049403,0.970475,0.0544954,1.65636,19.0456,26.9261
0.0498229,0.991071,0.056182,0.980652,18.758,26.9263
0.0494051,0.959584,0.0552036,1.71003,19.9287,26.9264
0.0492371,0.983122,0.0529745,1.14429,18.46,26.9266
0.0499488,0.982632,0.0635387,0.500632,19.492,26.9266
0.0494486,0.954367,0.0527535,1.76529,19.272,26.9267
0.049432,0.964541,0.0505084,1.7477,18.1577,26.9269
0.0502468,0.966536,0.0522973,0.0820202,19.8442,26.927
0.051152,0.890529,0.0508249,0.597788,19.5069,26.9271
0.0494732,0.975641,0.0513598,1.29231,19.5162,26.9273
0.0498203,0.997521,0.0507606,0.666755,18.3182,26.9274
0.0500221,0.977812,0.0515418,0.679844,18.7116,26.9275
0.0500828,0.9807,0.0529804,0.231675,17.0633,26.9286
0.0498681,0.997674,0.0553417,0.956398,17.4122,26.9288
0.0501365,0.974715,0.0570311,0.896935,18.8985,26.9288
0.050149,0.982151,0.0574574,0.928368,19.6029,26.9289
0.0502948,0.955711,0.0518135,0.0044361,18.6876,26.9291
0.0499608,0.998334,0.0530613,0.214605,17.5748,26.9291
0.0497715,0.997543,0.058443,0.220616,18.9524,26.9293
0.0506024,0.93168,0.0562551,0.164465,19.2641,26.9294
0.0502917,0.951956,0.058318,0.0693843,19.7779,26.9296
0.0490231,0.996676,0.0531701,1.55045,19.4189,26.9296
0.0495078,0.959893,0.053758,1.39488,19.0454,26.9296
0.0504645,0.950598,0.0502627,0.280501,19.998,26.9296
0.0506347,0.930822,0.05122,0.82243,18.2558,26.9297
0.0490344,0.990078,0.0560399,1.93975,19.5623,26.9297
0.0492149,0.980111,0.052119,1.01745,19.2104,26.9298
0.049577,0.947171,0.0537645,1.09537,19.8288,26.93
0.0498532,0.922235,0.0504318,1.82258,19.7859,26.9301
0.049821,0.996618,0.0563265,0.70339,19.4863,26.9302
0.0493783,0.966263,0.0507972,1.53898,19.0562,26.9303
0.0493057,0.966722,0.0533823,1.41669,19.6399,26.9304
0.0503214,0.961877,0.0577012,0.762406,19.6875,26.9304
0.049406,0.957595,0.0534938,1.42577,19.3947,26.9306
0.0502854,0.962758,0.0523212,0.974023,19.2145,26.9306
0.0505422,0.932041,0.0544931,0.445962,19.6063,26.9306
0.0498948,0.991083,0.0560881,0.918822,19.8346,26.9306
0.0503279,0.951025,0.0556576,0.297112,19.7242,26.9307
0.0490898,0.984734,0.0556731,1.41816,19.5801,26.9308
0.0503394,0.965062,0.0510452,0.792586,17.4794,26.9312
0.0501846,0.968488,0.0541945,0.00477296,19.5003,26.9314
0.0490295,0.99555,0.0594767,1.2483,19.8243,26.9315
0.0485138,0.966745,0.0520851,2.81372,19.9221,26.9316
0.0490313,0.988401,0.0590031,1.72238,19.2637,26.9317
0.0506412,0.931372,0.0509295,0.463463,19.7823,26.9323
0.0502458,0.960968,0.053661,0.0380753,18.403,26.9328
0.0497442,0.937184,0.052043,1.44816,19.299,26.933
0.050902,0.913757,0.0504505,0.817029,18.9493,26.9331
0.0492756,0.969448,0.0569064,1.65215,19.9316,26.9331
0.0508799,0.92988,0.0501484,0.388078,19.5843,26.9333
0.0507289,0.933633,0.0532817,0.402997,19.6097,26.9333
0.0485991,0.958954,0.0506809,2.18289,19.2427,26.9335
0.0491881,0.982042,0.05223,1.47428,19.33,26.9337
0.0491842,0.981766,0.0502572,1.75435,18.7588,26.9337
0.0502311,0.970009,0.0524209,0.288217,17.5958,26.9338
0.0503058,0.964847,0.0574318,0.796488,19.5277,26.9339
0.0491355,0.988486,0.0511104,1.26943,19.2501,26.934
0.0500139,0.985739,0.0609145,0.545433,19.6495,26.934
0.0499483,0.918007,0.0504945,1.67899,19.3455,26.9341
0.0500956,0.98411,0.0588283,0.398543,19.0968,26.9341
0.050236,0.976613,0.0539684,0.859748,18.6366,26.9343
0.0500623,0.984838,0.0566964,0.927741,18.428,26.9344
0.0503732,0.950226,0.0516263,0.273198,18.5198,26.9344
0.0502507,0.975755,0.0560823,0.914121,19.8253,26.9347
0.0497985,0.994855,0.0613604,0.898408,18.88,26.9347
0.0489701,0.998665,0.0548927,1.69134,19.8355,26.9347
0.0501362,0.976115,0.0567641,0.401948,18.3771,26.9348
0.0506799,0.929508,0.0501606,0.887923,19.3012,26.935
0.0491983,0.981809,0.051616,1.90017,19.6565,26.9352
0.0493847,0.960557,0.0522362,1.69935,19.9925,26.9352
0.0504448,0.948831,0.051681,0.338385,19.5029,26.9352
0.0499893,0.98188,0.050894,0.836122,18.0579,26.9354
0.0491129,0.989118,0.0585153,1.03234,19.2918,26.9354
0.0507363,0.93533,0.0506061,0.207537,18.3355,26.9356
0.0495409,0.964974,0.0520795,1.06766,19.1294,26.9356
0.0502716,0.95676,0.0520139,0.331772,18.7954,26.9357
0.0505336,0.943299,0.0503935,0.728351,19.5473,26.9358
0.0506802,0.92549,0.0512202,0.433108,19.4122,26.9358
0.0483671,0.983983,0.0542501,2.34024,19.1784,26.9363
0.0499266,0.991993,0.0515331,0.82205,17.5477,26.9363
0.0499324,0.988,0.0503453,0.419446,18.8574,26.9364
0.0484318,0.977065,0.0536301,2.13502,19.1056,26.9364
0.0505037,0.949414,0.0532452,0.130452,18.6361,26.9364
0.0482346,0.993202,0.0513926,2.27445,19.3563,26.9367
0.0483934,0.9795,0.0538645,2.31233,19.4063,26.9367
0.0496817,0.955606,0.050501,1.43756,19.0736,26.9368
0.050004,0.974444,0.0616195,0.647137,19.4872,26.9369
0.049213,0.975251,0.0580972,1.41791,19.9527,26.9369
0.0492035,0.973813,0.0550316,1.35948,19.1091,26.9371
0.0490585,0.992446,0.0517131,1.73158,18.5665,26.9371
0.049564,0.942718,0.0530234,1.79296,19.4096,26.9372
0.0498188,0.933235,0.0511733,1.68077,19.6904,26.9373
0.0498869,0.995051,0.0521459,0.470353,17.5574,26.9374
0.050707,0.92612,0.0518238,0.380967,18.8901,26.9374
0.0484503,0.974732,0.0532687,2.01059,19.9785,26.9376
0.0497406,0.940145,0.0517963,1.02341,19.4229,26.9376
0.0489425,0.994877,0.0608001,1.47914,19.757,26.9378
0.0491802,0.975452,0.0571702,1.2192,19.8796,26.9379
0.0500236,0.988146,0.0503325,0.303154,19.6745,26.938
0.0498637,0.997411,0.0533007,0.953533,19.6306,26.938
0.0490968,0.995547,0.0544613,1.43041,18.6926,26.9381
0.0501343,0.98869,0.0560607,0.512534,19.9323,26.9384
0.0483047,0.996529,0.0503094,2.96546,18.3789,26.9384
0.0502743,0.957186,0.0514086,0.945201,18.5064,26.9386
0.0500775,0.972303,0.0572782,0.898698,19.7598,26.9387
0.0495279,0.9457,0.0533747,1.80216,19.6832,26.9388
0.0482903,0.985916,0.0532586,2.77013,19.6724,26.9389
0.0503675,0.948257,0.0547975,0.615524,19.077,26.939
0.0485874,0.967228,0.0518402,2.04174,19.1348,26.9392
0.0490108,0.995787,0.0600379,1.37611,19.0718,26.9395
0.0492604,0.986508,0.0521747,1.04838,18.7886,26.9395
0.0505411,0.942983,0.0533232,0.796465,18.0578,26.9395
0.0502268,0.958099,0.0606229,0.273037,19.7923,26.9395
0.0500617,0.977915,0.0543599,0.558658,19.4683,26.9396
0.0490795,0.985626,0.0553907,1.18272,19.5954,26.9397
0.048668,0.957317,0.0513109,2.32466,19.6002,26.9398
0.048441,0.997235,0.0503033,2.58732,19.7817,26.9401
0.0506877,0.920022,0.053358,0.0968396,19.3161,26.9402
0.0490527,0.990925,0.0597369,1.16106,19.7087,26.9402
0.0506068,0.934886,0.0506361,0.56061,19.8248,26.9403
0.0498558,0.986133,0.062563,0.335139,19.9575,26.9405
0.0504541,0.952675,0.0506133,0.798678,17.2807,26.9407
0.0506104,0.929419,0.0521544,0.135157,19.9584,26.9409
0.0498864,0.983653,0.0625332,0.283459,19.6152,26.9409
0.0508907,0.918812,0.050116,0.43423,18.7333,26.941
0.0511407,0.889993,0.0515913,0.432808,19.2775,26.9413
0.0500844,0.972233,0.0548142,0.728571,18.4381,26.9413
0.0498098,0.992164,0.057035,0.853434,18.4092,26.9414
0.0502733,0.956105,0.0555005,0.898692,19.2247,26.9414
0.049769,0.994342,0.0571278,0.817176,18.1946,26.9414
0.0498243,0.997865,0.0639542,0.0903024,19.4529,26.9414
0.0484198,0.997916,0.0507051,2.60311,19.4824,26.9417
0.0503812,0.946228,0.0548657,0.639318,19.1787,26.942
0.0499321,0.98082,0.0601428,0.340704,19.6179,26.9421
0.0492339,0.970566,0.056542,1.51272,19.6103,26.9421
0.049983,0.988227,0.06134,0.853008,19.6078,26.9422
0.0486673,0.956807,0.0512981,2.05988,19.9069,26.9422
0.0494269,0.954435,0.0535262,1.93336,19.0555,26.9423
0.0487099,0.955957,0.0509087,2.55582,19.5119,26.9425
0.0499057,0.987009,0.0643449,0.914379,19.3068,26.9426
0.0502446,0.956302,0.0604165,0.285689,19.6761,26.9427
0.0491601,0.978787,0.0588519,1.36768,19.9084,26.9427
0.0498594,0.93306,0.0505496,1.51559,19.2195,26.9428
0.0503377,0.960318,0.0511965,0.432843,17.6703,26.943
0.0497564,0.997874,0.0589545,0.897039,18.8888,26.9435
0.0503916,0.971561,0.0513881,0.827091,18.9368,26.9435
0.0481678,0.996308,0.0546699,2.80095,19.0441,26.9435
0.0506874,0.925681,0.0503305,0.642898,18.4606,26.9435
0.0500255,0.978422,0.0561986,0.315848,19.6489,26.9436
0.0509409,0.916832,0.051861,0.533711,19.7733,26.9438
0.0504703,0.936755,0.0545858,0.383345,19.8074,26.9438
0.0508974,0.914811,0.0505656,0.0908578,18.0454,26.9439
0.049421,0.958093,0.0512689,1.95782,19.7844,26.944
0.0502415,0.964001,0.052841,0.176267,19.6324,26.9441
0.0510765,0.894044,0.0520517,0.906133,19.3404,26.9442
0.049765,0.995896,0.0608015,0.0147409,19.0813,26.9443
0.05035,0.949772,0.0594243,0.502699,19.0643,26.9443
0.0491918,0.982629,0.0530412,1.67313,18.3548,26.9446
0.0498617,0.988742,0.0594595,0.227831,19.9557,26.9448
0.0503794,0.942836,0.0583603,0.527395,19.673,26.9449
0.0510922,0.894035,0.0521614,0.15196,19.366,26.9456
0.0484387,0.971838,0.0516297,2.12242,19.0122,26.9459
0.0502667,0.96697,0.0503059,0.981702,17.6069,26.9464
0.0492629,0.986177,0.0550136,1.60851,19.6221,26.9464
0.0498874,0.987839,0.0582626,0.141022,18.9526,26.9465
0.0495665,0.944196,0.0539746,1.29193,19.6364,26.9465
0.0492314,0.970482,0.054994,1.91094,19.1367,26.9466
0.050183,0.959077,0.0600669,0.563976,19.8952,26.9466
0.0495828,0.940482,0.053211,1.43805,19.7972,26.9466
0.0500804,0.980481,0.0505578,0.917036,17.4593,26.9467
0.0509652,0.901311,0.0528621,0.119947,19.0984,26.9469
0.0506257,0.932183,0.0529955,0.932646,18.572,26.9473
0.0507557,0.929313,0.0513009,0.237573,18.9937,26.9474
0.0498639,0.930561,0.0508609,1.5684,19.5691,26.9475
0.0508881,0.908941,0.0541595,0.147355,19.0459,26.9477
0.0508974,0.910266,0.0503427,0.409957,18.7364,26.9481
0.0498943,0.988523,0.0564473,0.255763,19.6947,26.9482
0.0500998,0.978018,0.0531474,0.793983,17.4831,26.9484
0.0493514,0.972624,0.0523587,1.94891,18.7062,26.9484
0.0498308,0.930778,0.051503,1.55626,19.1963,26.9485
0.049757,0.99221,0.0671198,0.136206,19.3626,26.9485
0.050271,0.957196,0.0547654,0.336828,19.2792,26.9486
0.0492038,0.979816,0.0579813,1.72607,19.2392,26.9486
0.049366,0.962236,0.0566875,1.16552,19.1347,26.9486
0.0487504,0.953404,0.0505445,2.48552,19.4277,26.949
0.0500135,0.978935,0.0630452,0.431416,19.5683,26.949
0.0504307,0.940653,0.0545757,0.618792,19.865,26.9492
0.0481636,0.998571,0.0516389,2.51357,19.5419,26.9492
0.0505261,0.937141,0.0531113,0.994077,18.5303,26.9493
0.0499852,0.975069,0.0617451,0.187425,19.6085,26.9494
0.0485839,0.974155,0.051319,2.31958,19.0679,26.9495
0.0502456,0.977021,0.0561076,0.700471,19.09,26.9495
0.0505739,0.938224,0.0563019,0.68503,19.7497,26.9496
0.0485936,0.959341,0.0518628,2.92431,19.4183,26.9496
0.0503754,0.949296,0.0542156,0.990009,18.6083,26.9496
0.0502219,0.977993,0.0566243,0.47406,19.5781,26.9497
0.0505196,0.938019,0.0575157,0.120269,19.7093,26.9498
0.0504476,0.956203,0.0504646,0.463413,17.3573,26.9498
0.0495038,0.948799,0.0516875,1.09826,19.2057,26.9498
0.0491955,0.980124,0.0505784,1.64665,18.9249,26.9498
0.0490244,0.992148,0.0544085,1.45459,19.6703,26.9499
0.0484102,0.985369,0.0534191,2.38817,19.7527,26.9501
0.0511193,0.895094,0.0514641,0.791541,19.6922,26.9501
0.0499849,0.980254,0.0570409,0.382417,19.9276,26.9501
0.0501542,0.966309,0.0558539,0.890495,19.9067,26.9501
0.050301,0.975206,0.0528391,0.26884,18.7283,26.9503
0.050581,0.956274,0.0516726,0.477501,19.8535,26.9503
0.050178,0.972095,0.0524172,0.495963,17.7691,26.9503
0.0501495,0.971314,0.0530072,0.374615,19.5015,26.9504
0.0493805,0.966165,0.0559925,1.05887,19.5014,26.9504
0.0500331,0.971158,0.0602444,0.723885,19.9138,26.9505
0.0491325,0.986405,0.0545025,1.75629,18.6774,26.9508
0.0495843,0.968295,0.0503843,1.42376,19.3648,26.9508
0.0504431,0.943463,0.050382,0.346482,18.202,26.9508
0.0491945,0.977459,0.0529524,1.47003,19.1704,26.9509
0.0505812,0.933228,0.0569348,0.29206,19.2781,26.9512
0.0488916,0.998197,0.0615404,1.95239,19.4048,26.9513
0.050028,0.982,0.0501658,0.771413,17.4027,26.9513
0.0505982,0.95558,0.0513701,0.44252,19.9255,26.9513
0.0503064,0.979046,0.0536438,0.483492,19.2931,26.9514
0.0500792,0.993088,0.0547032,0.86488,18.3078,26.9517
0.0504964,0.938911,0.0539124,0.807305,18.1117,26.9517
0.0498812,0.983092,0.06348,0.622752,19.2916,26.9518
0.0502277,0.963273,0.0534051,0.712754,19.3842,26.952
0.0499462,0.981698,0.0562281,0.635251,18.5348,26.9522
0.0489788,0.996725,0.050296,1.26315,18.2232,26.9523
0.0499909,0.988733,0.0610809,0.237937,19.9132,26.9523
0.049958,0.987336,0.0509166,0.940337,17.6658,26.9523
0.0484912,0.980642,0.0524223,2.11715,19.847,26.9523
0.0509296,0.90423,0.0536222,0.93374,19.4084,26.9523
0.0503207,0.95831,0.0590386,0.234264,19.6554,26.9524
0.0486321,0.962709,0.051782,2.83247,19.3013,26.9524
0.0501823,0.967328,0.0533213,0.769583,19.0588,26.9525
0.0503169,0.979121,0.0533322,0.764471,19.8808,26.9526
0.049159,0.979127,0.0537807,1.41096,19.136,26.9527
0.0506465,0.931562,0.0530965,0.684227,18.1814,26.9527
0.0499098,0.984534,0.0566681,0.823456,18.568,26.9528
0.0483976,0.975817,0.0510323,2.56603,19.1045,26.9528
0.0504829,0.941341,0.0542719,0.8451,18.9134,26.9529
0.0492882,0.980637,0.0556753,1.69575,19.4514,26.9532
0.0501341,0.968363,0.0555222,0.446318,19.9734,26.9533
0.0505919,0.931225,0.0516103,0.455839,19.3439,26.9536
0.0494226,0.952377,0.0554026,1.29222,19.7694,26.9537
0.0502251,0.960258,0.051629,0.0316771,18.733,26.9537
0.050496,0.936216,0.0577712,0.960338,19.9771,26.9539
0.0496794,0.947051,0.0524914,1.93627,19.7485,26.954
0.0505698,0.946032,0.0548414,0.224306,19.8244,26.9541
0.0502485,0.958467,0.0562665,0.34418,18.7026,26.9544
0.0497969,0.995143,0.0524046,0.462305,18.4808,26.9544
0.0502556,0.958299,0.05385,0.58025,18.3295,26.9545
0.0508383,0.91097,0.0545519,0.670927,19.6358,26.9545
0.0500879,0.978763,0.0577206,0.410348,18.8969,26.9545
0.049113,0.988417,0.0551956,1.10166,18.2887,26.9546
0.0485172,0.987819,0.0503216,2.35262,19.3665,26.9547
0.0501075,0.96849,0.0530956,0.71437,18.0101,26.9547
0.0509536,0.900776,0.051039,0.585532,19.9041,26.9548
0.0498071,0.997003,0.0560828,0.33959,19.3245,26.9548
0.0503666,0.950465,0.0530808,0.646872,19.8173,26.9548
0.049118,0.98402,0.0531935,1.26981,19.6804,26.9549
0.0508701,0.90583,0.0537896,0.371092,19.9264,26.9552
0.0503488,0.964741,0.0511486,0.117608,17.8152,26.9552
0.0474083,0.998051,0.0512169,3.8087,19.8598,26.9553
0.0499206,0.994428,0.0511064,0.623773,19.9464,26.9553
0.0499519,0.985914,0.059897,0.464781,18.0109,26.9554
0.0486247,0.971346,0.05096,2.95772,19.0713,26.9555
0.0490713,0.985646,0.0548776,1.30318,19.1135,26.9555
0.050495,0.96817,0.0511094,0.629202,19.8789,26.9558
0.049936,0.986609,0.0601509,0.507038,18.8473,26.956
0.050694,0.936948,0.0515066,0.757516,18.2097,26.956
0.0503905,0.97444,0.0510016,0.594701,18.816,26.9561
0.0503039,0.94781,0.0595922,0.407354,19.2082,26.9561
0.0498613,0.994299,0.0503822,0.359206,17.4318,26.9563
0.0497007,0.931442,0.0521307,1.34643,19.0166,26.9567
0.04998,0.985056,0.0506464,0.340356,17.6596,26.9568
0.0487127,0.960617,0.0505152,2.61471,19.6314,26.9569
0.0497378,0.996794,0.0610971,0.354095,19.5966,26.957
0.0484306,0.980985,0.0536688,2.99833,19.7976,26.9571
0.0504363,0.964055,0.0539649,0.637466,19.8229,26.9571
0.0504729,0.934642,0.0555718,0.412352,19.9851,26.9572
0.050344,0.946242,0.0593432,0.660016,19.1557,26.9572
0.0497809,0.990643,0.0622892,0.270384,19.2537,26.9573
0.0489814,0.989751,0.0608514,1.13301,19.396,26.9574
0.0505316,0.940205,0.0570826,0.488487,19.3562,26.9574
0.0482253,0.989147,0.0532217,2.2037,19.7581,26.9576
0.048355,0.980088,0.0547892,2.30708,19.9068,26.9577
0.0500278,0.973925,0.0579385,0.741078,19.2501,26.9577
0.0496821,0.937765,0.0538502,1.17337,19.7984,26.9578
0.0501229,0.968867,0.055432,0.232376,19.4664,26.958
0.0501937,0.961636,0.0536088,0.421419,18.3854,26.9581
0.0501527,0.973187,0.0538102,0.995973,17.7695,26.9581
0.0493065,0.970073,0.0572615,1.07606,19.5967,26.9585
0.0505126,0.937327,0.0511125,0.651001,18.7386,26.9585
0.0498151,0.926756,0.0527664,1.76326,19.5354,26.9586
0.0498471,0.9921,0.0566161,0.601326,19.1009,26.9586
0.0484751,0.96714,0.0532914,2.17702,19.5191,26.9587
0.0500759,0.971595,0.0628548,0.56058,19.8663,26.9588
0.049321,0.974195,0.0564369,1.69682,19.4064,26.959
0.0508259,0.918717,0.0516206,0.321434,18.7445,26.959
0.0510495,0.894681,0.0529313,0.0758658,19.898,26.959
0.0502149,0.955131,0.0602744,0.835711,19.8234,26.9591
0.0483272,0.98102,0.0549655,2.04786,19.5826,26.9591
0.0505023,0.938532,0.05206,0.0867907,19.1254,26.9592
0.0497138,0.931316,0.051228,1.70069,19.8352,26.9594
0.049717,0.996981,0.0621698,0.420616,19.1779,26.9595
0.0503536,0.975892,0.0532099,0.0167595,19.7497,26.9595
0.048423,0.988909,0.0526432,2.82775,19.6784,26.9596
0.0506142,0.935138,0.0533346,0.329112,18.3933,26.9597
0.0493628,0.960711,0.056832,1.43768,19.9908,26.9598
0.0506192,0.949969,0.0525049,0.368921,19.1959,26.96
0.0484766,0.980847,0.052838,2.07773,19.4123,26.9601
0.0504753,0.937617,0.0533675,0.683468,19.4468,26.9602
0.0503178,0.950172,0.0604432,0.930776,19.7587,26.9604
0.0481072,0.998724,0.0541013,2.69404,19.4456,26.9605
0.0498126,0.923525,0.0507899,1.8019,19.1014,26.9606
0.0509655,0.90015,0.0535284,0.441132,19.0334,26.9606
0.0506781,0.920081,0.0533538,0.00718955,19.1936,26.9608
0.0493803,0.982231,0.0529177,1.96521,19.5342,26.9608
0.0491752,0.973532,0.054657,1.60784,19.3787,26.9609
0.0499671,0.977637,0.0589816,0.0194431,19.896,26.961
0.0497346,0.993462,0.068031,0.035613,19.9041,26.9613
0.0505065,0.93775,0.0501244,0.46737,18.8154,26.9614
0.0497106,0.99595,0.0641418,0.304507,19.6017,26.9616
0.0506483,0.924098,0.0523602,0.0126902,19.7072,26.9618
0.0493918,0.981971,0.050123,1.65012,18.9602,26.9622
0.0482988,0.998587,0.0506107,2.40615,18.9651,26.9623
0.050126,0.968062,0.0557862,0.39284,18.267,26.9623
0.0499786,0.977865,0.0581104,0.109177,19.4035,26.9623
0.0502069,0.984672,0.0504017,0.261018,17.7185,26.9624
0.0497983,0.993126,0.0585026,0.483632,18.2804,26.9625
0.049921,0.990725,0.0521423,0.748244,17.3172,26.9627
0.0491406,0.983582,0.0513244,1.31263,18.1119,26.9627
0.0500424,0.974501,0.0564994,0.239829,18.4952,26.9629
0.0502492,0.977496,0.0537657,0.0307827,18.8245,26.9629
0.0499696,0.988559,0.0619776,0.0384428,19.8874,26.9631
0.051032,0.900872,0.0502943,0.207742,18.8033,26.9632
0.0512104,0.882647,0.0513062,0.0448244,19.4737,26.9632
0.0497838,0.993944,0.0624819,0.411747,18.5298,26.9632
0.0508294,0.919607,0.0540358,0.700029,19.5851,26.9635
0.0500409,0.982425,0.0520654,0.611524,17.4498,26.9637
0.0489954,0.990805,0.0556417,1.84767,19.1356,26.9639
0.0497621,0.932807,0.053006,1.1898,19.5878,26.9639
0.0505813,0.939698,0.0534431,0.747422,18.9284,26.9642
0.0487767,0.944132,0.0508811,2.37847,19.7106,26.9644
0.0503537,0.957227,0.0555622,0.0527149,18.4639,26.9644
0.0491571,0.974206,0.0589523,1.47601,19.6369,26.9644
0.050158,0.971776,0.0537425,0.182625,17.0232,26.9645
0.0506849,0.920291,0.0560297,0.577531,19.1498,26.9645
0.0474503,0.995231,0.0518326,3.74867,19.9384,26.9645
0.049814,0.991092,0.0578633,0.770552,18.5207,26.9645
0.0498029,0.925503,0.0528396,1.29391,19.9547,26.9645
0.0496567,0.937598,0.0543034,1.00532,19.4745,26.9646
0.0500611,0.97298,0.0574356,0.891307,18.3599,26.9646
0.0498022,0.989488,0.0613165,0.886972,19.1274,26.9647
0.0500837,0.981268,0.057311,0.703599,18.4655,26.9649
0.049294,0.979529,0.0529303,1.9339,18.5412,26.965
0.0503011,0.947919,0.0586922,0.240096,19.4162,26.9652
0.050272,0.955804,0.0561206,0.95262,18.454,26.9654
0.0499707,0.98651,0.0514473,0.91647,17.2441,26.9654
0.04838,0.977193,0.0547288,2.83591,19.476,26.9659
0.0497453,0.997657,0.0605534,0.387657,18.0547,26.9659
0.0486059,0.956174,0.0515833,2.21216,19.836,26.966
0.0500143,0.983083,0.0509498,0.446801,17.8478,26.966
0.0493873,0.959893,0.0572124,1.05175,19.2433,26.9662
0.0493596,0.965606,0.0503466,1.57079,19.346,26.9663
0.0500408,0.969223,0.0611663,0.930103,19.5742,26.9663
0.0494647,0.977103,0.0518525,1.33895,19.5633,26.9664
0.0504736,0.965671,0.0525237,0.182811,19.337,26.9666
0.0494188,0.951937,0.0550113,1.59881,19.9714,26.9666
0.0499383,0.925394,0.0504112,1.03943,19.146,26.9667
0.0499121,0.99151,0.0528104,0.187738,17.9489,26.9668
0.050284,0.963918,0.0507217,0.565566,17.2216,26.9668
0.0502299,0.957774,0.0552506,0.2072,19.2509,26.9669
0.0508878,0.913146,0.0514348,0.842004,18.4806,26.9671
0.0483103,0.980688,0.0536899,2.5259,19.4384,26.9671
0.0494605,0.951742,0.0559241,1.92695,19.3171,26.9673
0.0488686,0.936753,0.0506017,2.26034,19.2488,26.9673
0.0502184,0.959691,0.0572954,0.198054,18.5707,26.9674
0.0475544,0.991243,0.0511195,3.80027,19.724,26.9675
0.050108,0.988148,0.0520556,0.675081,17.9153,26.9675
0.0508378,0.921329,0.053813,0.724514,19.2385,26.9677
0.0498835,0.985186,0.0537139,0.910831,18.1229,26.9678
0.0485337,0.964661,0.053353,2.51537,19.5827,26.9678
0.0507067,0.925388,0.0558066,0.281588,19.6216,26.968
0.0492163,0.977193,0.0585251,1.86492,19.125,26.9686
0.0500433,0.970688,0.058119,0.913615,19.5505,26.9687
0.0481939,0.99102,0.0541273,2.79024,19.2886,26.9687
0.0506869,0.921394,0.0568039,0.474768,19.2725,26.9687
0.0493314,0.96892,0.0528823,1.10721,18.6314,26.969
0.0503804,0.944296,0.0598164,0.677617,19.8467,26.9691
0.0508655,0.916024,0.0539598,0.853779,19.6394,26.9691
0.0503543,0.946553,0.060264,0.518604,19.6047,26.9692
0.0490418,0.996138,0.0596097,1.39666,19.2839,26.9694
0.051077,0.900099,0.0518001,0.40188,19.2895,26.9695
0.0502145,0.954131,0.0572846,0.890651,19.7885,26.9696
0.0473969,0.997786,0.0517439,3.87249,19.8739,26.9697
0.0504454,0.940909,0.051695,0.691736,18.167,26.97
0.0492211,0.97124,0.058857,1.54668,19.6575,26.97
0.0503662,0.947693,0.0526392,0.0722502,18.1715,26.9701
0.0506873,0.923061,0.0567417,0.496612,19.2695,26.9701
0.0498174,0.989856,0.0543722,0.251662,18.6447,26.9703
0.050037,0.986332,0.0574509,0.355637,18.8434,26.9703
0.0502649,0.954066,0.0550544,0.964676,19.3897,26.9704
0.0506475,0.955366,0.0503195,0.747643,19.44,26.9705
0.0487532,0.952614,0.0510546,2.33125,19.572,26.9706
0.0493122,0.965773,0.0581437,1.99689,19.0744,26.9706
0.0498109,0.997126,0.0508902,0.0269897,17.7336,26.9708
0.0506832,0.941129,0.0531793,0.235924,19.383,26.971
0.0502597,0.958882,0.0573514,0.274755,18.786,26.9712
0.0502053,0.981298,0.0511844,0.299255,17.4183,26.9715
0.0493796,0.964892,0.0517929,1.27101,18.8605,26.9716
0.0493166,0.977521,0.0558402,1.63037,19.4526,26.9716
0.0499778,0.99673,0.0534948,0.420203,17.1094,26.9716
0.0508264,0.912623,0.0502035,0.790851,19.123,26.9717
