beta,permeability,xi,init_days,delay,value
0.0770073,0.00121866,0.16582,83.8903,11.4992,203.661
0.0769724,0.00288453,0.165442,83.3109,11.8233,205.034
0.0766528,0.00172639,0.164959,84.4898,11.392,205.411
0.0766007,0.00153802,0.157201,84.7597,11.4967,205.448
0.0748007,0.0116429,0.165575,89.6141,11.0788,205.49
0.0758882,0.00296326,0.1655,86.8878,11.8922,205.651
0.0754123,0.00315212,0.156132,87.2205,11.5055,205.937
0.0766208,0.0104497,0.164238,84.3147,11.7769,206.167
0.0782212,0.00259603,0.16567,80.2621,11.2616,206.181
0.0761844,0.0183407,0.165706,85.545,11.6993,206.232
0.0773234,0.00410035,0.16649,82.9677,11.6035,206.233
0.0734728,0.0156235,0.166261,93.8338,11.0925,206.351
0.0769996,0.0062918,0.160359,83.0842,11.4273,206.365
0.075565,0.00714938,0.165153,87.7127,11.9874,206.367
0.074461,0.00361989,0.163543,90.2479,11.1235,206.427
0.0765493,0.00488264,0.159617,84.4384,11.9168,206.503
0.0761934,0.0180252,0.163445,85.2461,11.2156,206.549
0.0762159,0.0126073,0.165785,85.5185,11.273,206.574
0.0747895,0.0201807,0.165284,89.0119,11.588,206.611
0.0744625,0.00233683,0.165357,90.3559,11.9902,206.658
0.0762017,0.00432166,0.153841,85.0067,11.323,206.662
0.0769299,0.00342643,0.165307,83.709,11.8528,206.737
0.0752114,0.00843295,0.165078,88.8146,11.2634,206.846
0.0762735,0.00542962,0.164686,85.07,11.0619,206.921
0.0778232,0.0100829,0.166369,81.7098,11.5466,206.959
0.0750668,0.00348117,0.159519,88.825,11.2705,206.962
0.0754312,0.0139186,0.159117,87.0318,11.7899,207.02
0.0751241,0.0123341,0.1665,88.8708,11.2481,207.126
0.0765426,0.00171716,0.158579,84.6419,11.4996,207.162
0.0740886,0.00631816,0.16079,91.2819,11.0851,207.17
0.0761622,0.0143713,0.162514,85.4809,11.686,207.171
0.0762133,0.00579765,0.155072,85.4609,11.0993,207.255
0.0761688,0.00589438,0.164606,85.453,11.6525,207.278
0.0756583,0.00194676,0.164187,87.2893,11.6391,207.39
0.0782717,0.0062071,0.165332,80.7492,11.7475,207.407
0.0741053,0.00486501,0.163065,91.364,11.3642,207.417
0.0758502,0.0117837,0.161572,86.8282,11.2413,207.483
0.0741797,0.00116213,0.162198,91.5871,11.6576,207.575
0.0758083,0.00941869,0.152084,86.5895,11.8454,207.589
0.0750867,0.00407495,0.159588,88.6798,11.1618,207.604
0.0773961,0.0149453,0.166305,82.4547,11.1143,207.626
0.0740756,0.0098553,0.160518,91.6445,11.2723,207.698
0.0754593,0.00913821,0.165786,87.7037,11.9138,207.827
0.0747576,0.0160719,0.164519,89.3728,11.4056,207.834
0.0754643,0.0120388,0.16423,87.0301,11.4558,207.855
0.0744509,0.00981714,0.161292,90.6694,11.6172,207.875
0.0754291,0.0193855,0.159438,87.1393,11.1739,207.922
0.0752833,0.0071546,0.166106,88.3509,11.2789,207.98
0.0733997,0.026644,0.16578,93.1946,11.5104,208.029
0.0754668,0.0141402,0.161273,87.8155,11.8372,208.071
0.0746988,0.014692,0.152399,89.5432,11.8484,208.089
0.0750473,0.0133544,0.152563,88.7243,11.3514,208.105
0.077021,0.00411614,0.157007,83.2082,11.8223,208.105
0.0748327,0.0153223,0.164923,89.6184,11.6912,208.106
0.0758942,0.00287215,0.160221,86.4555,11.4489,208.14
0.0752201,0.00663879,0.161245,88.8987,11.4748,208.185
0.0766902,0.00176628,0.162685,84.8286,11.6241,208.189
0.0740674,0.00577969,0.161235,91.5014,11.7383,208.208
0.0744206,0.0170665,0.162498,90.8703,11.4228,208.235
0.0770465,0.00633939,0.161793,83.4325,11.3595,208.239
0.075453,0.0156774,0.160759,87.4813,11.8831,208.284
0.0750717,0.0159843,0.1542,88.0192,11.7869,208.289
0.0768841,0.00642624,0.166338,83.7453,11.7558,208.299
0.0755026,0.0199254,0.166077,87.3639,11.3379,208.319
0.0761516,0.0156003,0.166335,85.5722,11.5551,208.331
0.0750408,0.0159935,0.153905,88.9312,11.8806,208.358
0.0757542,0.0106358,0.16261,86.8502,11.905,208.361
0.0761587,0.00693273,0.155157,85.2084,11.5675,208.421
0.0741536,0.00106326,0.159129,91.9201,11.188,208.432
0.0765937,0.0136872,0.157053,84.6785,11.3802,208.47
0.0744939,0.00214111,0.159679,90.5201,11.3068,208.473
0.0750838,0.0148647,0.159425,88.8457,11.4096,208.523
0.075416,0.00113726,0.149196,87.6299,11.632,208.541
0.074731,0.0112137,0.157916,89.3715,11.2023,208.56
0.0744195,0.00214558,0.158665,90.871,11.3441,208.565
0.0749277,0.0029815,0.165353,88.5223,12.1369,208.569
0.0746959,0.0095275,0.159994,89.7688,11.3221,208.581
0.0724605,0.0232625,0.165535,96.1792,11.3561,208.598
0.076972,0.0187135,0.161807,83.5775,11.2863,208.636
0.0762492,0.0147896,0.164194,85.1962,11.1199,208.66
0.0731102,0.00136318,0.161381,94.1547,11.6117,208.686
0.0769167,0.00344949,0.161386,83.4888,11.4839,208.703
0.0753892,0.0175182,0.157691,87.893,11.9887,208.742
0.0739695,0.00692562,0.151174,91.959,11.8402,208.814
0.0741731,0.0101008,0.162149,91.4318,11.188,208.838
0.0738222,0.0213061,0.163559,91.5321,12.1467,208.868
0.0753907,0.0178089,0.15734,87.9573,11.6379,208.873
0.075084,0.0152714,0.157436,88.3311,11.8308,208.884
0.0731512,0.012047,0.16405,94.4792,11.5406,208.892
0.0743601,0.00866418,0.15581,90.267,11.5702,208.904
0.0753926,0.0120176,0.155416,87.7282,11.553,208.908
0.0746514,0.0125004,0.15385,89.0525,11.7472,209.003
0.0753785,0.00938312,0.16128,87.7163,11.5096,209.003
0.0762581,0.00969309,0.160845,85.6541,11.4,209.011
0.0724749,0.00422527,0.165607,96.7504,11.6864,209.013
0.0758289,0.0189727,0.158341,86.2229,11.6045,209.027
0.0746872,0.0240558,0.153145,89.7891,11.1999,209.047
0.0755123,0.0196778,0.16485,87.4781,11.5202,209.054
0.0757406,0.0138402,0.159545,86.9662,11.9433,209.055
0.0757751,0.00877203,0.153406,86.6099,11.9092,209.057
0.0769858,0.0209431,0.164377,83.8952,11.5353,209.064
0.0750416,0.0295064,0.162004,88.2861,11.8761,209.074
0.0734607,0.0348518,0.165002,92.9022,12.1751,209.133
0.0749235,0.0100727,0.165721,88.8577,12.3572,209.158
0.0753074,0.00343648,0.166166,87.1166,12.1017,209.162
0.0756558,0.00329132,0.162661,87.7211,11.8245,209.175
0.0734556,0.0280541,0.165357,93.9196,11.2502,209.177
0.075419,0.0326207,0.165427,87.3013,11.3574,209.21
0.0736997,0.0278814,0.16224,92.7315,11.7772,209.254
0.0747376,0.00172936,0.151885,89.4223,11.9062,209.269
0.0746455,0.00441913,0.152806,89.9118,11.9421,209.338
0.0755766,0.0162591,0.163863,87.2257,11.6286,209.344
0.0773837,0.0157372,0.160204,82.2838,11.3282,209.344
0.0774655,0.0125268,0.165467,82.232,11.6058,209.368
0.0735044,0.00374001,0.158089,93.5062,11.1753,209.406
0.0753687,0.0186612,0.164763,87.1302,11.2752,209.455
0.0757355,0.00319819,0.157965,86.9206,11.3878,209.471
0.0750118,0.0197847,0.159329,88.3227,11.1055,209.474
0.0750174,0.0246037,0.157998,88.7873,11.4826,209.482
0.076065,0.00189907,0.158834,86.6601,10.2863,209.502
0.0729383,0.0288899,0.165963,94.5961,12.2434,209.508
0.0761843,0.0279034,0.159431,85.2114,11.4519,209.509
0.0778858,0.00432913,0.163069,81.5446,11.2757,209.522
0.0755545,0.0062702,0.16183,87.7803,11.2558,209.532
0.0761442,0.0290431,0.164273,85.3395,11.6315,209.542
0.0773036,0.00329588,0.165021,82.2428,11.3659,209.544
0.0750549,0.0209472,0.165731,88.4998,11.0648,209.559
0.073487,0.0228705,0.163432,93.3473,11.3872,209.576
0.0774393,0.00675353,0.158775,82.0969,11.5735,209.586
0.0765565,0.0134987,0.157159,84.9608,11.8857,209.599
0.0752376,0.00761499,0.164711,87.4093,12.4814,209.609
0.0757832,0.017952,0.154424,86.7599,11.2585,209.62
0.0778041,0.00645904,0.159873,81.054,11.8659,209.644
0.0730911,0.0349079,0.163497,94.182,11.8353,209.646
0.0736088,0.00424904,0.149581,92.3235,11.8546,209.68
0.0750705,0.0293477,0.166312,88.0315,11.4705,209.683
0.0746735,0.00514298,0.157438,89.9555,11.1068,209.757
0.0761307,0.0295034,0.165311,85.0049,11.4581,209.763
0.0730015,0.00326609,0.163313,94.0512,12.5201,209.765
0.073856,0.0121166,0.16545,91.533,12.1771,209.772
0.0731282,0.00712434,0.159291,94.6879,11.1779,209.773
0.0756065,0.0171078,0.166244,87.0683,11.8025,209.785
0.075358,0.00670217,0.164958,87.125,11.5984,209.793
0.075897,0.0201247,0.164877,86.3327,11.0631,209.808
0.0743561,0.018362,0.160549,90.4995,11.69,209.811
0.076248,0.0180237,0.164253,85.2108,11.3174,209.814
0.0738308,0.0246585,0.164779,92.0096,11.7359,209.823
0.0749998,0.0130039,0.160557,88.0306,11.1109,209.834
0.0736471,0.0068869,0.164787,92.5881,12.2157,209.837
0.0718394,0.0130223,0.162647,98.2732,11.4953,209.838
0.0758522,0.0197799,0.162452,86.0711,11.5266,209.838
0.0749159,0.0131716,0.164197,89.2669,11.5234,209.846
0.0750555,0.0328992,0.165958,88.834,11.8764,209.863
0.0748944,0.0100968,0.162217,89.5896,11.4637,209.869
0.0746621,0.00899968,0.148424,89.631,11.9011,209.899
0.0736549,0.011679,0.152476,92.7098,11.3636,209.901
0.0747119,0.0178552,0.152322,89.5082,11.5789,209.923
0.0765008,0.0257514,0.164328,84.3199,11.9012,209.929
0.0757287,0.0287861,0.164013,86.0248,11.4493,209.943
0.0754056,0.00541338,0.148169,87.5328,11.429,209.953
0.0722846,0.0377939,0.165603,96.8563,12.7887,209.959
0.0761986,0.0255734,0.15961,85.8547,11.7919,209.964
0.0755122,0.00952923,0.159218,87.0667,11.1488,209.991
0.0727795,0.0129759,0.165832,95.5192,11.3111,210
0.0740199,0.00850069,0.166112,91.243,12.4442,210.025
0.0742183,0.0146828,0.165289,90.7266,12.1092,210.034
0.073358,0.0326568,0.165036,93.2325,11.796,210.039
0.0730672,0.0206754,0.161222,94.8313,11.5338,210.07
0.0743736,0.0367039,0.16546,90.3351,11.3267,210.074
0.0731173,0.0354765,0.163537,93.8547,12.8799,210.086
0.0745633,0.0103624,0.16365,89.3375,12.3774,210.109
0.0750305,0.00482717,0.147108,88.6855,11.4057,210.131
0.0739625,0.0172526,0.155368,91.5764,11.4922,210.136
0.0734825,0.00797679,0.157754,92.412,12.6631,210.143
0.0741801,0.0149152,0.161279,90.0232,12.8298,210.159
0.0724479,0.043196,0.165365,96.5707,11.8411,210.164
0.074694,0.0305783,0.162632,89.2975,11.7878,210.213
0.0730416,0.0275013,0.161799,94.9893,11.311,210.215
0.0782719,0.0144437,0.164117,80.5124,11.1161,210.217
0.0757594,0.0345142,0.164963,86.765,11.2259,210.217
0.074349,0.0249704,0.160343,90.507,11.7207,210.231
0.0730924,0.0364449,0.163075,94.8152,11.5586,210.243
0.0740036,0.00331639,0.145029,91.5978,11.959,210.243
0.0759252,0.0123108,0.163582,86.0964,11.5293,210.268
0.0758572,0.0196544,0.162263,86.838,11.2556,210.297
0.0746565,0.029523,0.158742,89.5918,11.0707,210.32
0.077299,0.0122696,0.165771,82.5087,11.5905,210.334
0.0750192,0.0184213,0.151323,88.1203,11.8452,210.348
0.0742102,0.0181288,0.164992,90.4206,12.0266,210.371
0.0735268,0.00586686,0.16141,93.3286,11.0687,210.387
0.0744714,0.0267714,0.164192,90.4545,11.3256,210.404
0.0767966,0.00369184,0.165419,83.8965,12.8996,210.414
0.0734928,0.02058,0.16413,92.4489,12.6807,210.468
0.0749321,0.0051936,0.163911,89.9294,11.4569,210.469
0.0759033,0.00658511,0.158764,86.8222,11.9542,210.483
0.0737106,0.0129121,0.163928,92.6202,11.0157,210.494
0.0734421,0.0178372,0.158828,93.6607,11.7893,210.495
0.073403,0.00491186,0.162217,93.0735,11.7045,210.508
0.0734902,0.00723922,0.157799,93.4226,11.8704,210.513
0.0738493,0.00543166,0.157981,92.2626,11.2887,210.527
0.0750091,0.0210735,0.152174,88.6126,11.1667,210.536
0.0731105,0.0366571,0.163106,93.7342,12.8987,210.546
0.0731462,0.0315322,0.166175,93.9339,12.0862,210.551
0.0762583,0.0170623,0.162642,85.725,11.9277,210.573
0.0753388,0.011241,0.163335,87.1463,11.874,210.577
0.0739586,0.0318649,0.149221,91.9232,11.9775,210.589
0.0733043,0.0137579,0.150681,93.0371,11.4525,210.597
0.072602,0.0174886,0.165508,95.8479,12.367,210.599
0.0757102,0.016918,0.161473,86.524,11.7565,210.601
0.0718314,0.0124283,0.164886,98.5056,11.7221,210.623
0.0770302,0.021803,0.164713,83.1602,11.7396,210.642
0.077394,0.00300626,0.154172,82.6514,11.8319,210.648
0.0754331,0.0241542,0.153472,87.8534,11.811,210.656
0.0736596,0.0251974,0.158901,92.6801,11.8551,210.659
0.0764958,0.00574306,0.16137,85.4738,10.1342,210.666
0.0734378,0.036829,0.163957,93.1268,11.3481,210.672
0.0750292,0.0127542,0.162735,88.1225,11.0079,210.672
0.0753411,0.0102925,0.158464,87.0012,11.0812,210.683
0.0743956,0.0155871,0.158117,90.7363,11.4537,210.694
0.0718948,0.0300961,0.16591,97.1247,12.3371,210.704
0.0722908,0.0119204,0.16476,96.523,12.5536,210.707
0.0770553,0.0058243,0.158126,83.0049,11.3001,210.708
0.071954,0.035329,0.164294,97.3379,12.8038,210.715
0.0733273,0.00922761,0.153108,93.2876,11.9855,210.751
0.0744144,0.0417725,0.16567,90.6889,11.4489,210.775
0.0767934,0.00465404,0.165157,83.3733,12.2997,210.787
0.0723114,0.0136665,0.166228,96.2838,12.2888,210.796
0.0738394,0.00796758,0.158114,92.8629,11.4169,210.812
0.0750609,0.00439182,0.164599,88.7294,11.6139,210.818
0.0736083,0.0140584,0.1643,92.6824,12.8997,210.82
0.0732766,0.00410675,0.147847,93.1894,11.7058,210.82
0.0769688,0.0238017,0.15831,83.4651,11.8783,210.831
0.0724383,0.0232741,0.160416,96.5495,11.8556,210.832
0.0733785,0.0168619,0.156291,93.3582,11.7772,210.839
0.0759495,0.00354512,0.160144,86.6131,11.425,210.841
0.0749752,0.0130699,0.161398,89.4455,10.5856,210.861
0.0762767,0.00475514,0.155461,85.0199,11.8084,210.863
0.0786875,0.00446597,0.162614,79.8062,11.2056,210.864
0.0724508,0.0149229,0.157744,96.3754,11.6465,210.865
0.0755905,0.00933504,0.164607,86.1303,12.2575,210.867
0.0745824,0.00406687,0.165347,90.1346,11.8496,210.877
0.0718522,0.0118657,0.163038,98.0567,11.1965,210.879
0.072783,0.0170015,0.156041,95.8688,11.1844,210.88
0.0732329,0.0210856,0.149387,93.2371,11.115,210.905
0.0726456,0.0227856,0.164384,95.9923,12.5661,210.942
0.072499,0.013726,0.161825,96.791,11.4095,210.945
0.0722991,0.00899914,0.165699,96.0786,12.2361,210.951
0.0755263,0.00493897,0.156895,87.8425,11.2335,210.964
0.074093,0.0105051,0.157477,91.3832,11.5661,210.964
0.0734584,0.0249006,0.165941,92.6757,12.6629,210.994
0.0735119,0.0170057,0.163689,92.4999,12.9916,210.997
0.0729959,0.0477268,0.16332,94.7333,11.8544,211.01
0.0743632,0.0366737,0.163558,90.0667,11.1891,211.012
0.074328,0.0224082,0.163699,90.2345,11.8964,211.041
0.0753733,0.0157966,0.152616,87.961,11.2641,211.046
0.0739673,0.0145718,0.145031,91.5825,11.6239,211.047
0.0757316,0.0324778,0.162225,86.3411,11.5818,211.049
0.0754052,0.0370198,0.159591,87.8758,11.1691,211.057
0.0736536,0.0283899,0.159939,92.3414,11.586,211.067
0.0740684,0.0086656,0.155355,91.4609,11.5431,211.068
0.0742535,0.00613966,0.16461,90.0715,12.098,211.071
0.0740387,0.00118033,0.150855,91.5641,11.8559,211.078
0.0720911,0.0365287,0.161202,97.3854,11.5295,211.095
0.0747724,0.0118641,0.157424,89.471,11.2168,211.104
0.0755894,0.0226358,0.165651,87.8704,11.9007,211.106
0.0723874,0.0383942,0.163508,96.5375,11.5245,211.128
0.075687,0.0264531,0.165179,86.7373,11.79,211.129
0.0722855,0.0266685,0.162219,96.9713,12.9746,211.135
0.0724578,0.0184664,0.156357,96.5523,11.4432,211.153
0.0716397,0.0463182,0.16453,98.2896,12.0749,211.154
0.0749895,0.0018865,0.161962,88.923,11.9682,211.156
0.0723407,0.0200157,0.164288,96.8034,12.3006,211.157
0.0774332,0.0193007,0.163517,82.0574,11.926,211.16
0.0734649,0.0360824,0.164861,93.8481,11.7727,211.167
0.0769095,0.0217974,0.163193,83.3394,11.2063,211.205
0.076479,0.00276074,0.157563,85.0349,10.5632,211.209
0.0749901,0.0131188,0.160854,89.1234,10.5275,211.22
0.0736103,0.0346361,0.148816,92.9337,11.1611,211.224
0.0768209,0.00180628,0.163901,84.8672,10.7927,211.231
0.0734031,0.0334295,0.162909,93.3127,11.9079,211.235
0.0768353,0.00204248,0.166367,84.1028,11.8103,211.242
0.0769897,0.0275624,0.161525,83.8696,11.3851,211.242
0.0740438,0.0162211,0.156764,91.9931,11.1407,211.243
0.0725539,0.0225988,0.165966,95.3063,12.0993,211.274
0.078235,0.0192926,0.163749,80.0965,11.2281,211.304
0.0724039,0.0556891,0.16603,96.8097,11.3781,211.313
0.0746719,0.0231123,0.164049,89.7169,11.521,211.317
0.074836,0.00683104,0.157633,89.019,11.3036,211.321
0.0750293,0.0106933,0.146223,88.5715,11.8777,211.325
0.0748724,0.0127977,0.160445,88.2191,12.1902,211.329
0.0736864,0.0100476,0.160591,92.4799,11.9898,211.342
0.0761701,0.0360085,0.160079,85.8381,11.5805,211.352
0.0737066,0.010341,0.154394,92.2679,11.7349,211.366
0.0734189,0.0410104,0.164737,92.8037,12.7221,211.372
0.0749854,0.036727,0.161857,88.0245,11.4764,211.373
0.074364,0.0363459,0.162433,90.0669,11.7805,211.388
0.0764328,0.00161012,0.160646,85.564,10.416,211.401
0.0750828,0.0327219,0.162131,88.1762,11.8393,211.402
0.077883,0.0147535,0.165021,81.1734,11.7525,211.405
0.0737817,0.041869,0.165971,92.779,11.8697,211.42
0.0725562,0.0170811,0.165575,95.7993,12.6014,211.424
0.0739907,0.0358865,0.163234,91.2098,11.738,211.424
0.0750248,0.037873,0.155672,88.3187,11.2296,211.428
0.0721481,0.0224038,0.161266,97.6124,11.9446,211.428
0.0746611,0.0319979,0.162718,89.1741,11.4425,211.437
0.0729946,0.0408429,0.160718,94.552,11.278,211.44
0.0714948,0.0588701,0.165166,99.7053,11.3832,211.449
0.0735129,0.0317674,0.166416,92.9434,12.8215,211.454
0.0734994,0.00477412,0.156,93.1117,11.2249,211.455
0.0743954,0.0340636,0.163086,90.4817,11.9849,211.462
0.0726959,0.0284294,0.159027,95.9288,11.1724,211.468
0.073691,0.0485426,0.165846,92.989,11.8962,211.475
0.07384,0.0311008,0.165313,91.4762,12.4615,211.478
0.0742136,0.0114056,0.163299,91.4735,11.288,211.48
0.074241,0.0143589,0.164304,90.9079,12.7735,211.488
0.0757096,0.0232785,0.164171,87.0217,10.7527,211.497
0.0746176,0.00789567,0.164674,89.2064,12.0312,211.499
0.0746136,0.0126535,0.166251,89.1064,12.8821,211.507
0.0732631,0.0146497,0.163209,93.2035,12.7793,211.51
0.0733399,0.0281126,0.158493,93.7811,11.8008,211.517
0.0736345,0.0305612,0.160946,92.573,11.7363,211.518
0.0729461,0.0205887,0.162656,94.3175,12.2081,211.52
0.0739763,0.0302375,0.153684,91.6584,11.0009,211.524
0.0724233,0.00951771,0.162633,96.4494,11.6648,211.524
0.0733632,0.0148198,0.154827,93.4267,11.3536,211.539
0.0757008,0.024599,0.164859,87.642,10.5249,211.541
0.0753324,0.0279458,0.162199,87.3798,11.228,211.542
0.0733102,0.0100708,0.153576,93.7188,11.1348,211.549
0.0750382,0.0394728,0.155008,88.6899,11.822,211.552
0.0751067,0.0263518,0.161172,88.9918,11.6843,211.572
0.0731354,0.0200312,0.165699,93.0069,12.6125,211.582
0.0772291,0.00125194,0.161873,83.9158,10.8994,211.582
0.0731385,0.00235051,0.159299,93.8734,12.13,211.606
0.0743109,0.00297882,0.162755,90.756,12.4037,211.613
0.0734048,0.0148256,0.155735,93.5265,11.1427,211.615
0.0755596,0.00256561,0.15772,87.8315,11.472,211.616
0.0761881,0.0261209,0.155201,85.5422,11.9953,211.623
0.07449,0.00466486,0.160142,89.4679,12.6831,211.629
0.0736708,0.0223508,0.165276,92.3676,11.2947,211.653
0.073459,0.0261919,0.158541,92.154,12.0954,211.658
0.0729782,0.0113037,0.148611,94.0638,11.9347,211.667
0.073449,0.0214171,0.158374,92.7662,12.4819,211.669
0.0728206,0.00387829,0.157178,95.0998,11.0795,211.672
0.0728246,0.0221001,0.163056,94.405,12.3859,211.676
0.0755285,0.0138209,0.159959,87.5511,11.276,211.682
0.0764731,0.00697659,0.162269,84.3813,11.0161,211.684
0.07154,0.00876125,0.161272,99.2764,11.7279,211.701
0.0721682,0.0325604,0.160957,97.716,11.0144,211.721
0.0727704,0.0389588,0.161662,94.2288,12.3063,211.724
0.0721946,0.0299543,0.16575,96.2582,12.6614,211.727
0.0742895,0.023069,0.158468,90.9002,11.7036,211.733
0.0761684,0.0373396,0.159855,85.5018,11.6596,211.734
0.0750385,0.0120424,0.165422,88.8,11.7855,211.736
0.0774346,0.00272614,0.155329,82.3421,11.3532,211.746
0.078685,0.0190016,0.165269,79.2724,11.6711,211.749
0.0737652,0.0303404,0.165085,91.4387,12.0934,211.751
0.0740071,0.00772542,0.159651,91.8605,11.2159,211.757
0.0769025,0.0197377,0.162307,83.0754,11.5439,211.759
0.0719102,0.029847,0.165842,97.3896,12.8005,211.76
0.0746991,0.0380779,0.162776,89.9922,11.0556,211.771
0.0719505,0.0395366,0.162547,97.0933,12.4685,211.773
0.0725066,0.0232522,0.162766,96.7097,11.8477,211.776
0.0713261,0.0482579,0.166165,99.8479,12.2462,211.781
0.0739649,0.0316137,0.161988,91.7408,11.3639,211.783
0.07333,0.0210953,0.1551,93.5996,11.014,211.786
0.0786494,0.0144287,0.166184,79.5464,11.0476,211.788
0.0738693,0.0223289,0.16393,91.6168,12.7374,211.798
0.0753227,0.00736804,0.160414,87.2654,11.4139,211.81
0.0727926,0.0173664,0.160515,94.0055,12.1962,211.813
0.0723412,0.0288195,0.166223,96.0787,12.7598,211.822
0.0738688,0.0287392,0.16604,91.2012,12.5329,211.829
0.0734682,0.00289592,0.153798,93.7055,11.3024,211.83
0.0758065,0.0225977,0.152731,86.7399,11.7728,211.83
0.0746289,0.0344115,0.156213,89.8486,11.2287,211.832
0.0747906,0.0372842,0.165748,89.6633,11.8821,211.832
0.075315,0.0120558,0.159177,88.5169,10.2151,211.834
0.0721175,0.031045,0.160178,97.1761,11.1061,211.835
0.0742905,0.0398055,0.155009,90.3502,11.218,211.848
0.0757086,0.0122199,0.158622,86.0226,11.8938,211.86
0.0729691,0.0128659,0.150308,94.6198,11.8063,211.866
0.0770423,0.00426477,0.154738,83.6139,11.5136,211.889
0.0720779,0.0570509,0.164711,97.5473,11.8944,211.89
0.0738673,0.0105779,0.158269,91.4456,12.4052,211.891
0.0730992,0.00296962,0.156316,94.768,11.3667,211.913
0.0719383,0.0294446,0.164868,97.7567,12.4653,211.917
0.0724958,0.00408684,0.158185,96.9593,11.2034,211.918
0.073175,0.037213,0.166372,93.0482,12.6112,211.927
0.0747553,0.0128704,0.155166,89.6419,11.6662,211.94
0.0729496,0.0231438,0.144956,94.412,11.4361,211.947
0.0721126,0.029877,0.160228,97.206,11.4848,211.947
0.0732531,0.0306758,0.148285,93.4399,11.1065,211.963
0.0769731,0.0330768,0.161513,83.8899,11.4526,211.969
0.0750237,0.00609408,0.165571,88.3471,12.9387,211.979
0.0760216,0.0114816,0.163483,85.1868,12.5644,211.987
0.0724248,0.044957,0.162417,96.5089,11.7739,211.992
0.0738204,0.0373121,0.164215,91.8992,12.0919,212.009
0.0719283,0.0488236,0.165947,97.3828,12.8559,212.009
0.0733257,0.0165529,0.163602,93.4814,12.2334,212.01
0.0723842,0.0374918,0.158989,96.9484,11.513,212.013
0.0733271,0.0467925,0.162366,93.0982,11.3074,212.019
0.0763357,0.0191701,0.165588,85.9634,11.003,212.023
0.0729979,0.0228066,0.165097,94.7367,12.6068,212.024
0.0760856,0.0368434,0.166355,85.7563,11.9748,212.031
0.0741331,0.00660406,0.159153,90.9398,12.2143,212.039
0.0726298,0.0142192,0.145937,95.9027,11.0781,212.045
0.0742726,0.0210874,0.159079,90.4352,11.869,212.046
0.0743392,0.0318124,0.154992,90.9107,11.5143,212.047
0.0772057,0.00807568,0.166505,82.3674,12.5061,212.06
0.0712515,0.050928,0.16479,99.9222,12.1933,212.063
0.0744997,0.0016144,0.153484,90.6298,11.6777,212.071
0.0756165,0.0121403,0.160589,86.9518,12.0023,212.072
0.0729913,0.0386396,0.159143,94.756,11.0433,212.074
0.0743372,0.0379848,0.158442,90.0378,11.821,212.082
0.0744976,0.00467073,0.163672,89.6392,12.3416,212.084
0.0749915,0.00918634,0.165272,88.967,12.2829,212.085
0.0725905,0.0248663,0.161661,95.3792,12.9581,212.087
0.0731272,0.0456903,0.164478,93.4328,12.6225,212.09
0.0765401,0.0311908,0.160417,84.9953,11.386,212.093
0.0742591,0.00248379,0.159738,90.5807,12.5287,212.097
0.0721444,0.00924541,0.159674,97.8758,11.3017,212.098
0.0724903,0.00730161,0.158099,96.286,11.8637,212.101
0.0728552,0.00437822,0.157238,95.7239,11.2103,212.104
0.0766762,0.02193,0.166293,84.0755,11.0825,212.112
0.0732518,0.0215995,0.146181,93.8659,11.4001,212.119
0.0719996,0.0104813,0.1601,97.3749,12.468,212.119
0.0763194,0.0144303,0.163789,85.4255,11.3277,212.139
0.0712642,0.0381193,0.164928,99.6592,12.9558,212.142
0.0722787,0.00700766,0.139463,96.0769,11.3347,212.143
0.0740637,0.00710456,0.153181,91.9198,11.3039,212.143
0.0723905,0.0153134,0.153431,96.5341,11.5019,212.147
0.0736756,0.0493691,0.164372,92.8278,11.8588,212.155
0.0722471,0.0437525,0.164502,96.0199,12.0657,212.159
0.0733132,0.0344415,0.165923,93.4321,11.0451,212.163
0.072819,0.0418554,0.165102,94.1915,12.4254,212.165
0.0752965,0.0179381,0.157717,88.7933,10.9024,212.171
0.0737135,0.00968477,0.166165,92.3062,12.58,212.182
0.0717651,0.0477094,0.164775,98.5165,11.502,212.19
0.0729411,0.00321422,0.159246,94.5519,12.6773,212.195
0.0739374,0.0260721,0.156709,91.6511,11.9909,212.199
0.0736567,0.0130935,0.158569,92.929,11.1042,212.208
0.073572,0.0323692,0.154176,92.1682,11.5717,212.213
0.0743383,0.0310796,0.152338,90.0546,11.6384,212.214
0.0734583,0.00587117,0.155068,92.4116,12.6013,212.217
0.0723966,0.0204492,0.156398,96.5071,11.6156,212.218
0.0769057,0.00560706,0.158178,83.2002,11.3735,212.219
0.0772608,0.00864685,0.165693,83.411,10.2387,212.227
0.0739926,0.0166105,0.162357,91.6959,11.3064,212.227
0.0726468,0.00915277,0.144959,95.9616,11.8476,212.228
0.0721877,0.00987192,0.15954,97.2315,11.3582,212.233
0.0718651,0.0355594,0.164797,97.1063,12.8391,212.235
0.0721243,0.00795647,0.158826,97.6983,11.2229,212.237
0.0735743,0.0318711,0.153961,92.6647,11.3109,212.237
0.0718545,0.0130731,0.160123,98.233,11.8756,212.246
0.0757404,0.03133,0.158926,86.7112,11.3069,212.248
0.0759587,0.00877477,0.160658,86.7543,11.5129,212.249
0.0726583,0.0115361,0.160666,95.2926,12.9952,212.251
0.0749607,0.0071429,0.161387,89.3378,10.2499,212.256
0.0724761,0.048069,0.164582,95.8636,12.267,212.256
0.0726393,0.0157701,0.146609,95.3957,11.8143,212.259
0.072479,0.0239398,0.158612,96.1575,11.3751,212.267
0.0759939,0.0193929,0.165167,85.1164,12.3614,212.278
0.0732641,0.00855567,0.150213,93.1052,11.1375,212.285
0.0753913,0.0025187,0.16361,87.4617,12.381,212.291
0.0722019,0.0227847,0.163349,96.9447,12.7431,212.294
0.0762274,0.031499,0.165536,85.4,11.5144,212.296
0.0734357,0.0405205,0.161685,92.3945,12.3734,212.318
0.0736688,0.0180356,0.163878,92.2591,11.9921,212.319
0.0724744,0.0194525,0.156463,95.4285,12.8379,212.325
0.0723791,0.0310657,0.159315,96.5231,11.0539,212.335
0.0770222,0.0258421,0.163079,83.8131,11.0881,212.335
0.0753514,0.0137726,0.165327,88.5723,10.5085,212.343
0.0741539,0.0152004,0.158827,91.8095,11.3635,212.346
0.074134,0.00682233,0.157337,90.8471,12.6543,212.353
0.0739227,0.0197052,0.156052,92.624,10.9899,212.355
0.0725815,0.0102736,0.143766,95.5703,11.5831,212.363
0.076465,0.0140947,0.163451,85.948,10.9668,212.365
0.0739461,0.0253943,0.145533,91.9847,11.3134,212.369
0.0729347,0.00185588,0.13836,94.6551,11.2901,212.373
0.071292,0.0358807,0.165568,99.8178,12.518,212.383
0.073495,0.0310669,0.164614,93.7898,11.9265,212.398
0.0760782,0.0241487,0.166246,86.0694,10.6894,212.402
0.0768468,0.00495575,0.158627,84.726,10.2998,212.405
0.0722618,0.0208918,0.141811,96.8204,11.0797,212.414
0.0749614,0.015307,0.164878,88.7526,11.7546,212.427
0.0713323,0.0194059,0.166162,99.7371,12.6309,212.43
0.0753036,0.0199024,0.159693,88.4428,10.4976,212.437
0.0732453,0.0165193,0.143076,93.8217,11.962,212.441
0.0749577,0.0195177,0.157621,88.015,11.6492,212.449
0.0736289,0.0442251,0.165931,92.9418,11.582,212.454
0.0741047,0.0433284,0.16547,91.2581,11.5236,212.455
0.072943,0.0197652,0.149546,94.4769,11.1788,212.456
0.0731594,0.0160816,0.159186,93.7956,12.9003,212.477
0.071834,0.0507373,0.163612,98.8349,11.6712,212.485
0.0735387,0.0127892,0.151893,93.9478,10.838,212.496
0.0741964,0.0210322,0.161552,91.1116,11.2108,212.501
0.0742994,0.047142,0.162518,90.3934,11.9507,212.509
0.0724811,0.0155241,0.157805,96.3942,11.829,212.51
0.0753334,0.00739214,0.165567,88.2164,10.9596,212.514
0.0720662,0.0358522,0.159991,97.0664,11.1996,212.517
0.072419,0.0133661,0.165656,96.1967,11.7802,212.52
0.0731261,0.0356148,0.159051,93.2454,12.167,212.531
0.0755888,0.0276946,0.166467,87.4098,11.6915,212.538
0.0721392,0.0048176,0.15608,97.3217,11.8088,212.538
0.0716437,0.0312807,0.159949,98.5851,12.5834,212.54
0.0734922,0.0318609,0.161987,93.3609,11.3086,212.546
0.0787801,0.00105648,0.164333,79.1015,11.4664,212.549
0.0733492,0.00381424,0.149141,93.6633,11.8573,212.549
0.0734153,0.00722751,0.165813,93.5474,12.0124,212.553
0.0725863,0.0167471,0.161935,95.1352,12.7884,212.557
0.0741781,0.0101536,0.156778,90.9526,12.2865,212.558
0.0766733,0.0198062,0.164046,84.013,11.2971,212.57
0.0757073,0.0226766,0.162984,87.0732,10.3189,212.573
0.0737196,0.0351085,0.160156,92.5232,11.7905,212.583
0.0730907,0.0503052,0.16279,93.2459,12.2802,212.584
0.0771695,0.011062,0.166526,83.0414,11.1279,212.589
0.0713257,0.0354219,0.161209,99.483,12.5111,212.593
0.071782,0.0392902,0.16083,98.1424,11.5743,212.604
0.0738926,0.0173094,0.163111,91.3578,12.934,212.604
0.0755995,0.0257039,0.165699,86.0234,12.7238,212.608
0.0724894,0.0137954,0.157191,95.0395,12.7935,212.612
0.074376,0.0107633,0.164538,89.8351,13.7824,212.615
0.0753313,0.00845723,0.155735,87.8332,11.2719,212.623
0.0746634,0.00582611,0.163351,89.2203,12.4316,212.623
0.0742437,0.011098,0.152122,91.4252,10.3768,212.623
0.0773986,0.0125533,0.156211,82.2718,11.9351,212.623
0.0720839,0.0608718,0.16552,97.6524,11.647,212.635
0.0753286,0.0400095,0.162556,87.8281,11.2325,212.636
0.0744013,0.0397571,0.16273,90.2155,11.1702,212.637
0.0734384,0.0171795,0.162708,92.6846,12.0165,212.64
0.0732336,0.0368842,0.150354,93.2403,11.3703,212.64
0.0735972,0.0317258,0.156384,92.1932,11.7076,212.643
0.0724168,0.0142054,0.165742,96.794,11.7671,212.654
0.0724423,0.0195253,0.154836,95.4879,12.5661,212.655
0.0746504,0.0455799,0.161666,89.8262,11.2582,212.657
0.0761042,0.040181,0.165956,85.1821,11.3275,212.667
0.0765545,0.0415611,0.164603,84.7027,11.0078,212.667
0.0758548,0.0255728,0.160404,86.9994,11.5666,212.669
0.0749763,0.0121815,0.151987,88.589,11.7893,212.673
0.0736632,0.0180931,0.166411,91.6747,13.2112,212.68
0.0742169,0.0210885,0.155335,91.3716,10.984,212.681
0.0739155,0.0290507,0.148731,91.067,11.5133,212.681
0.0754839,0.0148859,0.153366,87.3028,11.3807,212.683
0.0739497,0.0416351,0.158863,91.8359,11.4712,212.686
0.0746298,0.0170252,0.148195,89.1909,11.948,212.693
0.073035,0.00403192,0.151767,94.9452,11.3272,212.695
0.0726447,0.0451845,0.162637,95.6274,11.2375,212.706
0.0714955,0.0308724,0.162628,99.7036,11.1753,212.707
0.0764027,0.00263679,0.160091,84.4142,12.8254,212.715
0.0767751,0.0064137,0.164427,84.5732,10.8194,212.728
0.0726759,0.052071,0.162622,95.3651,11.5687,212.739
0.0727927,0.0528175,0.165073,94.5042,12.2865,212.742
0.0712207,0.069431,0.164902,99.9671,12.4542,212.744
0.0734172,0.0475916,0.163623,92.0244,12.8349,212.76
0.0722566,0.0383884,0.161882,96.5882,12.8521,212.769
0.0742103,0.0129697,0.160777,91.3596,11.1059,212.769
0.0733318,0.0367805,0.158887,93.1497,11.2103,212.771
0.072695,0.0558395,0.164052,95.2141,11.4815,212.773
0.0749444,0.0413165,0.163616,88.6909,11.2701,212.775
0.0723401,0.0564121,0.16597,96.668,11.2311,212.781
0.0727872,0.0499719,0.16297,94.7918,12.994,212.785
0.0724129,0.00742068,0.155905,96.326,11.4183,212.789
0.0743909,0.0320964,0.159846,90.3157,11.3632,212.792
0.0722529,0.0279181,0.1614,96.708,12.5882,212.794
0.071801,0.014242,0.164465,98.158,11.6449,212.797
0.0753264,0.00354102,0.161865,87.4002,11.7135,212.799
0.0757059,0.0274333,0.164395,87.5351,10.1756,212.8
0.0742454,0.0112262,0.157709,91.8326,10.8159,212.808
0.0745984,0.0192103,0.16269,90.6626,10.4614,212.815
0.0761424,0.033503,0.158363,85.3386,11.527,212.827
0.0713006,0.0423404,0.164073,99.5612,12.6569,212.829
0.0725141,0.0334264,0.163289,95.6351,12.2484,212.83
0.0729732,0.0149043,0.160759,94.4185,12.8356,212.83
0.0763819,0.00462577,0.158873,84.8916,12.4899,212.831
0.0751879,0.00162854,0.155323,88.2002,11.7916,212.842
0.0719503,0.0216609,0.139928,97.4731,11.3258,212.849
0.0742617,0.0336583,0.153508,90.2945,11.3863,212.856
0.0712244,0.0688503,0.164708,99.0909,12.0998,212.858
0.0732542,0.00945506,0.151781,94.1146,10.0663,212.859
0.0722659,0.00719848,0.161184,96.9287,12.7427,212.879
0.0731522,0.0271934,0.159982,93.7272,12.2865,212.883
0.0718137,0.012596,0.158715,98.1939,11.2976,212.899
0.073746,0.0414587,0.163963,92.3836,11.2322,212.91
0.0723968,0.0536277,0.16331,96.9965,11.8243,212.917
0.0724073,0.0125163,0.159143,96.0734,11.8018,212.937
0.0756602,0.0113243,0.156944,87.5271,10.9033,212.937
0.0719563,0.0149008,0.14096,97.16,11.9115,212.938
0.0718727,0.0215141,0.158318,98.3558,11.6109,212.942
0.0718473,0.0323533,0.166473,97.8194,12.8211,212.944
0.0774595,0.0186497,0.162845,82.9215,11.2578,212.955
0.0748908,0.033789,0.166436,88.9812,12.3165,212.978
0.0719295,0.0246764,0.161887,97.1893,12.9998,212.984
0.0728072,0.00159016,0.151417,95.7472,11.7859,212.994
0.0730487,0.00472713,0.1642,94.8061,11.9738,212.999
0.072061,0.0201891,0.153523,97.9571,11.3613,213.002
0.0711982,0.0747083,0.164956,99.3272,12.3913,213.003
0.0725003,0.0489092,0.165404,95.9256,12.6273,213.007
0.0721808,0.0237024,0.160973,96.1402,12.0359,213.009
0.0739691,0.0247117,0.163205,91.5947,11.7374,213.017
0.0754936,0.0157471,0.1552,87.7637,11.2661,213.029
0.0733948,0.00581139,0.164124,93.1257,12.041,213.036
0.0742237,0.00411519,0.159295,91.5046,11.4101,213.046
0.0735756,0.0133534,0.152393,93.3531,10.9681,213.046
0.0716462,0.0142979,0.138157,98.034,11.6193,213.046
0.0735871,0.00375529,0.160162,92.7186,12.9414,213.053
0.0756818,0.0214113,0.162531,87.4634,10.5915,213.054
0.0721506,0.00702476,0.151968,97.4049,11.4374,213.08
0.0741063,0.0235827,0.157672,91.3189,11.3618,213.083
0.0720724,0.0221571,0.156577,97.2567,11.682,213.088
0.0713106,0.0369684,0.165732,99.3547,12.6041,213.092
0.0764854,0.0195806,0.163914,85.977,10.0497,213.093
0.0735895,0.00291928,0.159253,92.8356,12.8949,213.096
0.0764553,0.00862066,0.162793,84.1594,11.9523,213.104
0.0725622,0.0179744,0.162563,95.618,12.8071,213.104
0.0721392,0.0380792,0.158004,96.3401,12.3253,213.11
0.0729441,0.0325713,0.147661,94.8591,11.4727,213.11
0.076894,0.00187907,0.154595,84.2382,10.7034,213.114
0.0723954,0.0642465,0.166215,96.7764,11.9014,213.117
0.0718862,0.0119339,0.164885,97.2747,12.9736,213.128
0.0729887,0.0225834,0.15898,94.2307,11.3027,213.132
0.0718811,0.0188163,0.158187,98.1528,11.2576,213.132
0.0753235,0.0160503,0.156857,87.7713,11.1577,213.133
0.0776345,0.00364394,0.165899,81.7799,12.9531,213.134
0.0758818,0.0241838,0.160926,86.1809,11.6499,213.15
0.0729649,0.0232828,0.156295,94.1357,11.9666,213.151
0.0740673,0.0159561,0.155127,91.2654,11.5891,213.152
0.0758688,0.0317961,0.164465,86.2676,11.8471,213.152
0.0740959,0.0229814,0.157662,91.3561,11.2008,213.158
0.0720452,0.0359262,0.159161,97.8549,11.4409,213.16
0.0728185,0.00764779,0.151311,94.8865,12.4934,213.163
0.0730175,0.0113992,0.15107,94.5453,11.6789,213.168
0.0761208,0.00248875,0.153274,85.0194,11.7611,213.176
0.0738778,0.00400656,0.165633,92.1947,11.9416,213.181
0.0744,0.00738546,0.150264,90.5685,11.712,213.187
0.0756524,0.0111253,0.158501,87.703,10.8036,213.188
0.0731556,0.0397735,0.164227,93.5158,12.324,213.189
0.0753362,0.0299633,0.16441,88.7352,10.7225,213.197
0.0726092,0.0179308,0.147177,95.5028,11.6472,213.198
0.0741004,0.0340445,0.165844,90.2298,12.0725,213.214
0.076499,0.01928,0.163784,85.6015,10.2049,213.214
0.0716592,0.0374611,0.161722,98.5129,12.5346,213.221
0.0732497,0.0302978,0.145118,93.6083,11.6432,213.225
0.0727267,0.00222937,0.166479,95.8959,12.5763,213.226
0.0713324,0.0204158,0.159335,99.0317,12.2794,213.226
0.073456,0.033719,0.158957,92.3876,12.0829,213.237
0.0737828,0.00368302,0.1559,91.9,12.6849,213.238
0.0749445,0.0162488,0.162962,88.1641,11.6854,213.252
0.0760788,0.0226353,0.160963,85.2335,11.5291,213.255
0.0741594,0.00150088,0.152294,91.1579,11.0488,213.256
0.0761324,0.0023369,0.155366,86.4835,10.0217,213.257
0.0751591,0.0287243,0.162928,88.6043,11.4856,213.26
0.0732139,0.0409235,0.152132,93.0601,11.4867,213.26
0.0774634,0.0149571,0.160572,82.2297,11.3483,213.265
0.0748774,0.0117613,0.158157,89.9564,11.9798,213.269
0.0748633,0.0327272,0.163308,88.6409,12.8826,213.269
0.0756512,0.0153662,0.160255,87.51,10.855,213.272
0.0737045,0.00973774,0.164118,92.2231,12.9044,213.278
0.073256,0.0365221,0.145691,93.4243,11.9336,213.291
0.0735682,0.0394175,0.155271,92.3049,11.1062,213.293
0.0715871,0.0519745,0.164591,98.6598,12.9161,213.294
0.0729244,0.00921675,0.149806,95.1497,10.7481,213.295
0.07269,0.032452,0.165805,95.8992,11.6242,213.297
0.0714,0.00459854,0.160731,99.5909,12.9484,213.303
0.0721973,0.0277997,0.160233,97.9964,11.2199,213.308
0.0742992,0.014937,0.163989,90.9766,12.192,213.308
0.0742371,0.0400172,0.16256,90.3627,11.4732,213.315
0.0790889,0.00541211,0.162572,78.6563,11.9423,213.316
0.0749693,0.00399935,0.160536,88.2445,12.291,213.317
0.0721501,0.04604,0.161365,96.8646,12.3417,213.317
0.0747949,0.00153791,0.166315,89.2909,12.5613,213.32
0.0778565,0.00596875,0.157075,81.7811,11.4214,213.323
0.0719786,0.008277,0.156707,97.145,12.9781,213.335
0.0759583,0.0168655,0.161652,86.0423,11.8528,213.337
0.072949,0.0233094,0.155631,94.972,11.9801,213.346
0.0780021,0.00383187,0.165687,80.8474,12.1554,213.347
0.0762834,0.0278099,0.166092,85.8286,11.5687,213.354
0.0724138,0.00397858,0.153952,96.7089,11.4201,213.356
0.0735847,0.0490754,0.151364,92.4622,11.5457,213.359
0.07417,0.041886,0.16529,90.5797,12.8905,213.36
0.0716628,0.0293792,0.159398,98.5796,12.4549,213.376
0.0732925,0.0124751,0.141438,93.0658,11.4833,213.381
0.0736077,0.0349619,0.161287,92.6252,11.2773,213.381
0.0752818,0.011906,0.155647,88.054,10.8012,213.385
0.0745691,0.032393,0.161521,89.176,11.9871,213.385
0.0736537,0.0272714,0.166112,91.0654,13.186,213.385
0.0742083,0.0102451,0.155631,91.4552,10.5321,213.385
0.0711764,0.0713778,0.162614,99.9331,12.8584,213.393
0.0767494,0.00944892,0.166304,84.9628,10.1294,213.401
0.0756077,0.0194444,0.16331,87.3018,11.7151,213.405
0.0759401,0.0185557,0.162759,86.9321,11.5596,213.409
0.0762604,0.00259904,0.165938,84.5267,13.215,213.412
0.0720298,0.0475141,0.158759,97.2837,11.5508,213.412
0.0721678,0.0112651,0.155493,97.282,11.0703,213.413
0.0726764,0.0358941,0.165192,95.3515,11.786,213.419
0.0780875,0.00725902,0.162345,81.8574,10.2288,213.425
0.0729595,0.0638955,0.165181,94.0806,11.6159,213.425
0.0717471,0.0391275,0.15933,98.4855,11.2071,213.426
0.0712438,0.0362924,0.164355,99.685,12.8994,213.433
0.0745631,0.0097694,0.15835,90.8142,11.8459,213.437
0.0725873,0.021634,0.141619,95.8817,11.7457,213.437
0.0753292,0.0322368,0.16459,88.437,10.2127,213.437
0.0715105,0.0525941,0.160657,98.6319,12.4646,213.441
0.0736864,0.00654173,0.159858,91.4699,13.246,213.443
0.0755082,0.00543094,0.165617,86.5066,13.4546,213.444
0.0733037,0.0202232,0.163085,93.9366,12.4585,213.448
0.0756685,0.015829,0.163304,86.6895,11.917,213.45
0.0724853,0.0133398,0.153164,96.2666,11.2017,213.45
0.0772139,0.0062814,0.164509,82.8021,12.1923,213.451
0.0721618,0.0120254,0.154965,97.5678,11.8836,213.451
0.0749536,0.00762113,0.15481,88.6234,11.6553,213.454
0.0750018,0.038503,0.155217,88.5948,11.654,213.457
0.0733519,0.00626471,0.163032,92.3443,13.7581,213.458
0.0738068,0.0421714,0.162609,91.0779,12.4335,213.467
0.0726083,0.0366862,0.163563,95.083,12.4298,213.469
0.0720065,0.0408146,0.155898,97.3956,11.8767,213.474
0.0756844,0.00737247,0.165806,87.2075,10.6296,213.475
0.0717832,0.0267218,0.163412,98.2448,11.0436,213.478
0.0760356,0.0190555,0.166414,85.6275,12.8481,213.48
0.0726228,0.0207384,0.142148,95.0973,11.3884,213.48
0.0749969,0.0113378,0.163471,88.2646,12.7162,213.487
0.0742166,0.00148604,0.150277,91.0603,10.1075,213.496
0.0760175,0.00124425,0.162138,86.0975,10.9896,213.508
0.0763754,0.00777977,0.16279,85.4488,10.4152,213.528
0.0737297,0.0090231,0.152371,92.3844,11.2835,213.532
0.0724746,0.00273719,0.149772,96.6963,11.636,213.536
0.0712432,0.0269727,0.163022,99.9725,12.4207,213.538
0.0749268,0.00467,0.151379,89.631,10.0144,213.546
0.0717832,0.0173436,0.158666,98.6525,11.0192,213.55
0.0731829,0.00796917,0.156815,93.9303,12.2211,213.554
0.0737694,0.0294266,0.158703,91.9765,12.5652,213.555
0.0739887,0.0156935,0.165273,91.043,11.8427,213.556
0.0728392,0.0241826,0.160394,94.5655,12.7197,213.557
0.0745957,0.0377621,0.164291,90.5965,10.1148,213.557
0.0712528,0.0235781,0.161284,99.8231,12.0313,213.559
0.0742402,0.00980906,0.150138,91.1487,10.1643,213.561
0.0765691,0.0444995,0.16168,84.5385,11.2775,213.561
0.0749147,0.0114275,0.154395,89.3364,10.6526,213.565
0.074313,0.0118122,0.163173,90.4529,12.3364,213.567
0.0727428,0.0205008,0.154997,95.0812,11.4325,213.567
0.0764113,0.00573818,0.160564,84.6217,12.2337,213.569
0.0717071,0.0162443,0.159361,98.8442,12.2225,213.571
0.0728991,0.042433,0.148446,94.6891,11.8727,213.58
0.0739244,0.0409663,0.1506,91.4639,11.4879,213.58
0.075292,0.0223011,0.160493,87.6253,11.9026,213.582
0.076735,0.00721906,0.165061,83.4879,12.713,213.584
0.0716172,0.0330826,0.161065,98.0898,12.0518,213.587
0.0726165,0.0288081,0.146166,95.4103,11.1147,213.589
0.0718167,0.0307475,0.156086,97.6976,12.7004,213.596
0.0761923,0.0397198,0.159872,85.2762,11.6506,213.596
0.073569,0.0180443,0.153169,93.9958,10.9099,213.597
0.0739736,0.0475232,0.160754,91.4796,11.2107,213.598
0.0721225,0.026365,0.154974,96.9102,12.4437,213.602
0.0742423,0.0266121,0.165878,90.3256,12.4609,213.602
0.0739283,0.0464621,0.156741,91.5923,11.1121,213.602
0.0736904,0.0101166,0.163026,92.7521,12.4933,213.605
0.0753254,0.00706402,0.161283,87.2932,12.1258,213.605
0.071439,0.0501957,0.164001,99.4348,11.1558,213.609
0.0749726,0.0275904,0.159096,89.2096,10.3183,213.61
0.0743144,0.0203138,0.144554,90.8665,11.7777,213.619
0.0759096,0.0224934,0.162627,86.156,11.2834,213.62
0.0719353,0.0263515,0.143027,97.4652,11.6891,213.623
0.0768995,0.0133506,0.159287,83.2586,11.9267,213.634
0.0764824,0.0182363,0.160249,84.7667,11.8196,213.643
0.0750171,0.0505466,0.156724,88.8341,11.4394,213.647
0.0717521,0.0604237,0.162079,98.6492,11.3126,213.659
0.0718142,0.052076,0.162302,98.767,11.1282,213.663
0.0743998,0.0233054,0.155454,90.8616,11.4841,213.664
0.0734554,0.0437546,0.164016,93.7995,11.5273,213.67
0.07321,0.00728894,0.158638,93.3397,12.4308,213.672
0.0731916,0.0204631,0.158357,93.3227,12.495,213.673
0.0758765,0.00357149,0.149092,86.5829,11.5265,213.677
0.0753088,0.015439,0.165685,88.7711,10.7968,213.677
0.0782312,0.0089088,0.15748,80.8446,11.1112,213.679
0.0749255,0.0294212,0.16483,88.1836,11.1206,213.685
0.0751198,0.0429143,0.165709,88.0479,11.4987,213.686
0.0718639,0.0218189,0.160836,97.9549,12.0531,213.69
0.0750983,0.0265168,0.156048,88.0458,11.1855,213.69
0.0747073,0.0331555,0.154361,89.0518,11.0679,213.693
0.0732192,0.00976172,0.148103,94.4263,10.3233,213.701
0.0734574,0.0238585,0.155926,92.5839,12.7275,213.702
0.0776747,0.00575199,0.163688,81.3277,11.4412,213.702
0.0724045,0.0557927,0.165491,95.5682,12.2173,213.705
0.0735976,0.0530049,0.162008,92.1843,11.4087,213.707
0.0756954,0.0083765,0.162203,86.9212,12.474,213.708
0.0752392,0.0228053,0.16127,87.9674,12.3389,213.726
0.071185,0.0824118,0.165248,99.067,12.9719,213.726
0.0734862,0.0199254,0.155927,92.9054,12.9706,213.733
0.0736335,0.0372142,0.151486,92.9173,11.6557,213.734
0.0723151,0.0300636,0.152797,96.6363,11.1372,213.735
0.0742824,0.0490865,0.157484,90.7815,11.4416,213.738
0.0737763,0.00696898,0.159504,91.5724,12.9128,213.739
0.0726757,0.0162663,0.151249,95.3647,11.059,213.747
0.0722942,0.0324603,0.16158,96.7613,12.3144,213.751
0.0761293,0.0459332,0.165324,85.9253,11.5478,213.752
0.0733296,0.00962849,0.159086,93.5632,11.7102,213.755
0.0721727,0.0101446,0.156867,96.4885,12.5765,213.757
0.0716066,0.0281752,0.160502,98.5459,12.5005,213.759
0.0715127,0.0186981,0.154743,99.5447,11.2722,213.761
0.0712392,0.0635678,0.162353,99.0083,12.0596,213.764
0.0739649,0.0154121,0.16637,90.1222,13.0218,213.771
0.0732876,0.0459486,0.158754,93.6533,11.3103,213.774
0.0715667,0.0151882,0.157607,99.7257,11.1177,213.779
0.0724324,0.0472269,0.166533,95.3824,12.9324,213.786
0.0712903,0.00851195,0.160245,99.7609,12.5696,213.788
0.0790993,0.0111564,0.162092,78.3385,11.8629,213.791
0.0712255,0.0378652,0.162171,99.9461,12.289,213.793
0.0745597,0.00821086,0.157571,90.6455,11.4546,213.81
0.0739076,0.0472573,0.157444,91.2572,11.9216,213.81
0.073009,0.00867098,0.161439,93.3259,13.092,213.811
0.0736088,0.0197679,0.15738,92.8274,11.1902,213.821
0.0721432,0.0126045,0.151604,96.6155,12.9999,213.823
0.0730487,0.042237,0.160909,94.2417,11.2965,213.826
0.074302,0.00911882,0.161951,90.5928,12.4167,213.828
0.0787173,0.0252447,0.166375,79.3343,11.9743,213.83
0.0723038,0.024082,0.151521,96.1983,11.1804,213.831
0.0734159,0.0298266,0.1588,92.6822,12.8927,213.831
0.0721224,0.0417225,0.156971,97.1707,11.0289,213.863
0.0792099,0.00538093,0.163315,78.3534,11.4872,213.865
0.0729048,0.00921518,0.150907,95.2871,10.8589,213.865
0.0728486,0.0194409,0.159143,95.3036,11.1097,213.872
0.0749648,0.0342696,0.162306,89.801,10.8134,213.879
0.0715526,0.0160885,0.163403,98.3175,12.5186,213.879
0.0789476,0.00170988,0.163551,79.9233,10.4006,213.885
0.0722548,0.024834,0.145881,96.6706,11.369,213.886
0.0723186,0.0381962,0.164153,96.4807,12.0765,213.886
0.072541,0.0143646,0.159189,95.8572,12.623,213.889
0.0723087,0.00941599,0.148569,96.5382,11.1466,213.898
0.0767668,0.00363507,0.162834,84.304,10.6787,213.899
0.075374,0.00518121,0.162648,87.7423,12.7919,213.899
0.0723116,0.0346116,0.154342,96.5425,11.9132,213.899
0.0729978,0.00878871,0.159247,93.6101,13.6217,213.92
0.0720023,0.0675438,0.164355,97.5094,11.8773,213.922
0.0735892,0.0443425,0.156656,92.1975,11.2623,213.934
0.0770533,0.00655703,0.153784,83.6494,11.3209,213.934
0.074426,0.0352294,0.161087,90.9258,11.5065,213.952
0.0717793,0.0172878,0.157335,98.9763,11.7616,213.954
0.074071,0.0180183,0.15471,91.2938,11.8947,213.972
0.0719397,0.0248164,0.157518,97.863,12.9978,213.989
0.0727984,0.0111062,0.151261,94.2467,12.3462,214.004
0.072322,0.0030364,0.137939,96.6681,11.0469,214.007
0.0740094,0.0278952,0.152917,91.183,11.0581,214.009
0.0731945,0.0353025,0.163849,93.5137,12.9227,214.01
0.0739262,0.00389488,0.155841,91.1304,11.8333,214.013
0.0712629,0.0237363,0.159356,99.3561,12.3686,214.013
0.0738843,0.0231474,0.155638,92.7815,10.6781,214.018
0.0747292,0.0409376,0.162278,89.593,11.337,214.023
0.0718048,0.00802127,0.161008,98.1049,11.6195,214.023
0.0712963,0.0119791,0.160022,99.4843,12.8638,214.025
0.0774736,0.00974497,0.157364,82.9588,11.7066,214.031
0.0745854,0.0129426,0.151402,90.2427,10.8589,214.031
0.0738266,0.031921,0.160557,91.0506,12.2154,214.033
0.0720815,0.0230405,0.165513,97.9964,11.3081,214.04
0.0791002,0.01107,0.161872,78.1257,11.9649,214.044
0.0752066,0.0352257,0.165478,88.032,11.4554,214.045
0.0770282,0.0272967,0.162119,83.4841,11.9892,214.048
0.0743634,0.00423114,0.163549,89.2664,13.2119,214.049
0.0714006,0.00973515,0.157368,99.3898,12.6836,214.052
0.0751425,0.00974751,0.152514,88.2861,11.5624,214.056
0.0718563,0.0545532,0.162964,97.1753,12.9005,214.06
0.0753662,0.00937761,0.164621,88.1543,10.9038,214.062
0.0777761,0.0219687,0.161483,81.5138,11.0297,214.064
0.07312,0.00535563,0.161194,93.7664,12.211,214.066
0.0724872,0.0299524,0.15827,95.3381,12.2601,214.078
0.0756506,0.00226615,0.156673,86.123,12.0301,214.081
0.0729949,0.0654121,0.165569,94.5146,11.3636,214.091
0.0718895,0.0453951,0.161735,97.9284,12.7126,214.091
0.0761798,0.00136459,0.165451,84.2699,13.555,214.094
0.0732331,0.0111933,0.151523,93.5623,11.8556,214.096
0.0731362,0.0022839,0.165547,93.2359,12.2963,214.104
0.0715851,0.00721173,0.164736,98.6816,12.7524,214.112
0.0740799,0.016741,0.154755,91.6446,11.6594,214.114
0.0731642,0.0240409,0.158355,94.6967,11.9222,214.114
0.0749078,0.0148629,0.156133,89.6679,10.0178,214.115
0.0729968,0.00837953,0.161366,94.1871,11.7598,214.119
0.0723588,0.0219579,0.151972,96.3674,11.3396,214.12
0.0719225,0.0351046,0.143183,97.9349,11.6963,214.121
0.0722447,0.0260127,0.159023,96.3862,12.9282,214.13
0.0745491,0.024121,0.156819,90.3144,10.8521,214.131
0.0746224,0.00757209,0.165153,89.2832,11.9685,214.132
0.0721744,0.0574443,0.164861,96.4546,12.2471,214.133
0.0717237,0.0160769,0.159444,98.946,12.5622,214.134
0.0724177,0.0651239,0.165673,96.6434,11.6362,214.134
0.0748272,0.00851885,0.154913,89.7755,11.7396,214.149
0.0717768,0.0719323,0.164994,97.9839,12.8955,214.155
0.0720037,0.0634342,0.165162,97.712,11.6065,214.155
0.0712838,0.0400653,0.160997,99.5995,12.331,214.157
0.073981,0.0587083,0.165694,91.0335,11.3545,214.159
0.0760943,0.00575882,0.151922,86.8664,10.8076,214.162
0.0720827,0.0603192,0.163052,97.1713,11.7374,214.163
0.071628,0.022995,0.141037,98.899,11.8626,214.169
0.07244,0.0187831,0.151609,95.9636,12.6571,214.18
0.0744436,0.0288633,0.159256,90.5383,11.9498,214.183
0.0730257,0.00252394,0.160022,93.9144,13.7138,214.183
0.0748349,0.0248354,0.15853,89.771,11.6142,214.185
0.0721469,0.0185435,0.161158,96.0243,12.3183,214.187
0.0741149,0.00716012,0.159148,90.1578,12.2147,214.188
0.0764478,0.00240142,0.165155,84.4061,11.2533,214.191
0.0728885,0.0423212,0.14677,94.4506,11.2792,214.192
0.0724485,0.0166211,0.158156,95.238,12.2428,214.2
0.0757443,0.0488132,0.16383,86.2298,11.0263,214.201
0.0725892,0.0382979,0.14339,95.7354,11.1573,214.208
0.0753151,0.0257907,0.165971,87.2195,12.8479,214.216
0.0727144,0.00374808,0.161724,95.7258,11.6064,214.226
0.0768494,0.0203309,0.164093,83.0566,11.6562,214.227
0.0737702,0.0146062,0.164538,91.1536,12.0599,214.231
0.0767542,0.00480668,0.163852,84.3969,10.9691,214.232
0.0725742,0.0136305,0.158368,95.4151,12.2397,214.232
0.0757264,0.0230475,0.159848,87.8686,10.3598,214.236
0.0729243,0.0172506,0.159097,94.9227,12.2818,214.238
0.0745764,0.0460039,0.161369,89.0482,11.3948,214.239
0.0729374,0.00188742,0.156813,94.6228,12.2498,214.244
0.07589,0.0158325,0.15666,86.6191,11.4602,214.249
0.0717907,0.0068432,0.1568,98.0654,11.9866,214.254
0.0742273,0.0328161,0.164765,90.6638,12.4867,214.254
0.0725992,0.0567554,0.15926,95.0719,11.7513,214.257
0.0723032,0.0438162,0.153503,96.8535,11.4117,214.258
0.0742481,0.0159879,0.160622,90.9017,12.9348,214.262
0.0771728,0.0168,0.166224,82.7523,12.4096,214.272
0.0750065,0.0524184,0.165495,88.4221,11.1477,214.274
0.0737693,0.00913169,0.160063,91.55,12.4192,214.281
0.0760357,0.0276171,0.162654,86.9419,10.9978,214.287
0.0721906,0.0073365,0.157853,96.7067,12.4393,214.296
0.0712824,0.0450374,0.158455,99.0073,12.6198,214.296
0.0798531,0.00504572,0.164311,77.7951,10.0413,214.305
0.0721884,0.00352253,0.164513,96.7383,12.9689,214.306
0.0742493,0.034879,0.15172,90.774,11.753,214.308
0.0716891,0.0273559,0.159531,98.4239,12.9814,214.314
0.0731295,0.00162053,0.149707,94.7997,11.9272,214.317
0.0746228,0.032571,0.148485,89.4261,11.4532,214.321
0.0741274,0.00595886,0.165628,90.2497,12.8078,214.331
0.0744513,0.0253503,0.162554,89.5936,12.7023,214.337
0.0739544,0.014056,0.159279,91.0605,11.6977,214.338
0.0764781,0.0147506,0.159109,84.254,11.3002,214.338
0.0743828,0.0244719,0.166406,89.2589,13.5458,214.339
0.0745594,0.0414717,0.162354,89.4694,11.4838,214.346
0.0737742,0.00451085,0.151618,92.5073,11.7636,214.346
0.0745865,0.00865199,0.154507,89.8537,11.5669,214.349
0.0713003,0.00798999,0.159368,99.1415,12.9134,214.352
0.0771331,0.0129604,0.163951,83.7693,11.4053,214.358
0.0714848,0.0379859,0.157209,98.2599,12.2299,214.361
0.072563,0.0244273,0.159156,95.7179,12.4573,214.363
0.0769521,0.0246055,0.156294,83.8341,11.5386,214.365
0.0740487,0.00336119,0.145331,91.0783,11.8824,214.372
0.0725629,0.0104359,0.15874,95.9941,12.0492,214.374
0.0714401,0.0701102,0.163364,99.5039,11.4566,214.378
0.0737999,0.044729,0.161636,91.0745,12.9079,214.382
0.0724153,0.0603738,0.161517,95.661,12.3623,214.383
0.073216,0.0453895,0.15452,93.3561,11.2069,214.384
0.0739133,0.0255159,0.15389,92.7063,10.5631,214.385
0.0732497,0.00128799,0.155878,93.9512,12.0265,214.387
0.0717963,0.0448917,0.162033,97.6113,12.4229,214.391
0.0809286,0.00397991,0.16571,74.9842,11.2011,214.392
0.0744046,0.0102983,0.148805,90.4246,11.9864,214.392
0.0735638,0.0202397,0.161013,92.1486,12.3084,214.393
0.0752839,0.0321829,0.162797,88.2837,10.1674,214.398
0.0715148,0.0393992,0.158554,99.5983,11.5493,214.4
0.0774968,0.0184147,0.165653,82.8901,11.9527,214.4
0.0756624,0.0192594,0.157646,87.2945,10.0064,214.414
0.0722677,0.0292926,0.146252,96.9759,11.2918,214.418
0.0759874,0.0130993,0.16427,86.8539,10.5782,214.42
0.076844,0.00468831,0.162645,83.3238,11.6472,214.425
0.0735392,0.03507,0.152831,92.54,11.584,214.426
0.0745463,0.0235211,0.158106,90.5414,10.4798,214.428
0.0732078,0.0159404,0.148168,94.4384,10.0917,214.431
0.075555,0.0382652,0.166428,87.7921,11.2289,214.435
0.0717714,0.0282816,0.166005,98.8815,11.593,214.439
0.0776229,0.0107917,0.165562,82.6005,10.9731,214.439
0.0742063,0.0552575,0.164443,90.6413,11.3534,214.44
0.0733596,0.0175908,0.166379,92.9723,13.5095,214.441
0.0715654,0.00277196,0.15708,99.0266,11.179,214.443
0.0746188,0.0463265,0.156441,89.989,11.206,214.444
0.0752827,0.00475116,0.1514,88.2832,10.1996,214.448
0.0717315,0.0014343,0.162193,98.0243,12.7595,214.451
0.0745636,0.0266362,0.154909,90.1093,10.9672,214.463
0.0767161,0.0197886,0.16513,84.1749,11.095,214.464
0.0745629,0.038272,0.161157,89.8948,11.8473,214.47
0.076527,0.0103341,0.15145,84.9807,11.559,214.471
0.0729805,0.0100702,0.165353,93.2965,13.4295,214.476
0.0728621,0.042924,0.151618,94.2569,11.7213,214.477
0.0725755,0.0492598,0.144951,95.1175,11.511,214.477
0.0749351,0.0273624,0.155427,89.1908,10.9151,214.482
0.0756694,0.0288513,0.16649,87.9974,10.4329,214.482
0.0742408,0.0411945,0.164307,91.6865,10.6769,214.491
0.0730843,0.066738,0.164582,93.6761,12.7951,214.491
0.0721782,0.0308291,0.159112,96.213,12.4512,214.493
0.0760024,0.0219373,0.165206,86.6398,10.4683,214.494
0.0736153,0.0100962,0.159488,92.7227,12.9708,214.497
0.0715716,0.0219743,0.158956,98.3021,12.6608,214.498
0.0735002,0.0114487,0.153357,92.2012,12.0873,214.512
0.0728925,0.034735,0.153027,94.6889,11.7748,214.513
0.0721023,0.0104475,0.154258,97.7566,11.8793,214.514
0.0753012,0.022393,0.16364,87.2674,12.5891,214.52
0.0753297,0.0300143,0.161594,88.373,10.6646,214.527
0.0726543,0.0292468,0.150682,95.2894,11.4354,214.53
0.0749212,0.0148612,0.153415,89.0668,10.3874,214.532
0.0715038,0.0255823,0.152091,99.075,11.7492,214.534
0.0722843,0.0440673,0.153869,96.6687,11.2304,214.535
0.0756819,0.0190904,0.164345,86.2551,12.0243,214.538
0.0715271,0.0588857,0.161848,98.7958,12.2762,214.539
0.0734211,0.0241997,0.155516,93.2124,11.5806,214.541
0.0753555,0.00211624,0.148856,88.1333,10.6961,214.543
