beta,permeability,xi,init_days,delay,value
0.0522729,0.00756901,0.165796,1.78751,19.0349,54.5491
0.0522615,0.00894645,0.165281,1.78886,19.5517,54.5911
0.0522539,0.00703422,0.165181,1.24734,19.2557,54.6124
0.0512883,0.0125209,0.166185,2.26109,19.6817,54.6333
0.0522864,0.00974014,0.163876,1.40773,19.9271,54.645
0.0522599,0.0104662,0.164506,1.88665,19.4196,54.6455
0.051338,0.0086355,0.164869,2.23635,19.856,54.6456
0.0522586,0.00723545,0.164392,1.44674,19.4359,54.6466
0.0513104,0.0152671,0.166177,2.34395,19.6222,54.6507
0.0513435,0.00715261,0.164392,2.6312,19.509,54.6507
0.0522558,0.0155671,0.164995,1.67484,19.8757,54.6551
0.0513034,0.0177013,0.166184,2.22498,19.7902,54.668
0.0522238,0.0149566,0.165999,1.9579,19.5235,54.6844
0.0523113,0.0124907,0.164537,1.26332,19.933,54.6849
0.0523323,0.00842327,0.164317,1.1586,19.4401,54.6897
0.051342,0.0164038,0.165982,2.64308,19.2883,54.6908
0.05227,0.0147629,0.163859,1.86433,19.5884,54.6909
0.0512784,0.0082205,0.164939,2.27801,19.7753,54.6918
0.0513725,0.00710739,0.16582,2.05489,19.8642,54.6934
0.0522768,0.0102702,0.162958,1.44057,19.7053,54.6973
0.052238,0.0201753,0.165251,1.03766,19.4675,54.7003
0.0522858,0.0201468,0.165269,1.44937,19.788,54.7026
0.0512868,0.0193994,0.165328,2.87699,19.6094,54.7031
0.051344,0.0110891,0.163686,2.19983,19.8693,54.7038
0.052248,0.0265409,0.165706,1.89635,19.2715,54.7038
0.0523167,0.0127828,0.164371,1.70602,19.4028,54.7048
0.0513701,0.00692631,0.163736,2.0479,19.7044,54.7101
0.0513291,0.0112614,0.163229,2.91118,19.4359,54.717
0.0512902,0.00916852,0.163863,2.86207,19.5707,54.7199
0.0523228,0.0129233,0.164294,1.35415,19.2813,54.7218
0.0522245,0.00821138,0.164876,1.57708,19.2241,54.7219
0.0532822,0.0112244,0.166064,0.547982,19.6483,54.7226
0.0512878,0.0239786,0.165746,2.13243,19.5735,54.7248
0.0523608,0.00795008,0.164648,1.4406,19.8817,54.7291
0.0522212,0.0248733,0.165889,1.55777,19.9087,54.7305
0.0522537,0.022436,0.164296,1.78523,19.7919,54.7316
0.0522638,0.0163437,0.163201,1.00716,19.6318,54.734
0.0513398,0.0111642,0.162654,2.86003,19.6254,54.734
0.0533286,0.00808297,0.165677,0.660579,19.3691,54.7375
0.0513132,0.021475,0.164789,2.60191,19.7959,54.7376
0.0513619,0.00961704,0.163225,2.24643,19.3413,54.7424
0.0533883,0.00783877,0.16557,0.970965,19.0941,54.7425
0.0512255,0.0096944,0.165802,2.2882,19.0649,54.7444
0.0522192,0.014714,0.165103,1.06812,19.4524,54.7504
0.052304,0.00711969,0.161227,1.01696,19.2549,54.7513
0.0523017,0.0202544,0.164656,1.5539,19.8517,54.7515
0.0512821,0.0275185,0.16553,2.5361,19.9461,54.7547
0.0511913,0.00917072,0.16614,2.57882,19.3803,54.7553
0.0522707,0.0233376,0.164445,1.63627,19.0617,54.7558
0.0533439,0.00998547,0.16573,0.340579,19.8423,54.7582
0.0513027,0.0253957,0.164963,2.52126,19.5186,54.7582
0.0522782,0.0199032,0.163703,1.45997,19.5971,54.7583
0.0533425,0.00690988,0.165158,0.159888,19.3377,54.7604
0.050375,0.0110884,0.165468,3.25298,19.6759,54.7605
0.0513162,0.0258961,0.165685,2.67819,19.6742,54.7616
0.0513609,0.00946519,0.162477,2.87596,19.7997,54.7618
0.052255,0.0147367,0.163126,1.27164,19.4339,54.7631
0.0522922,0.011872,0.161793,1.15541,19.7697,54.765
0.0512591,0.0158175,0.16494,2.48468,19.976,54.7651
0.0523029,0.0201139,0.164337,1.00761,19.5617,54.7659
0.0513051,0.0224659,0.164008,2.41375,19.1652,54.767
0.0523057,0.00854619,0.161299,1.99672,19.3071,54.7688
0.0503548,0.00829148,0.16544,3.40932,19.5105,54.7696
0.0512624,0.0289372,0.165853,2.61034,19.2498,54.7703
0.0522652,0.0156618,0.162482,1.60099,19.9504,54.7721
0.0512992,0.0135632,0.162564,2.23026,19.3424,54.7726
0.0503293,0.00675553,0.165833,3.91367,19.9298,54.7731
0.0521931,0.0140566,0.165971,1.24935,19.383,54.7741
0.0522376,0.0268035,0.164249,1.98618,19.0501,54.7746
0.0512709,0.00844768,0.163333,2.84493,19.4596,54.7759
0.0512727,0.0121874,0.163646,2.76576,19.3609,54.7773
0.0523533,0.0154477,0.165242,1.54262,19.0659,54.7789
0.0532668,0.0153835,0.165676,0.561013,19.0713,54.7819
0.0513591,0.0158643,0.164108,2.15601,19.0693,54.7832
0.0513468,0.0161618,0.163355,2.8669,19.8122,54.7842
0.0522313,0.02945,0.164521,1.40831,19.6136,54.7858
0.0512748,0.0337929,0.165819,2.49539,19.3789,54.7872
0.0502284,0.00798748,0.166055,3.95479,19.676,54.7882
0.0503637,0.00823453,0.164603,3.70944,19.4284,54.7892
0.0522862,0.0113279,0.161207,1.2581,19.7685,54.7904
0.0502792,0.00775312,0.166151,3.24036,19.4416,54.7915
0.0523174,0.0213512,0.164789,1.60813,19.2544,54.7917
0.0513485,0.0224536,0.165556,2.38276,19.2361,54.7918
0.0503708,0.0119419,0.164694,3.50034,19.0923,54.7939
0.0512959,0.031421,0.16522,2.58011,19.7867,54.7939
0.0523633,0.00817217,0.162502,1.87171,19.4956,54.7953
0.0512829,0.0110963,0.16253,2.83984,19.9006,54.7995
0.0513897,0.0097447,0.165073,2.56181,19.2636,54.7996
0.0523795,0.0106498,0.164127,1.62941,19.582,54.7998
0.0512926,0.00995314,0.161928,2.4859,19.9528,54.8007
0.0523424,0.0212649,0.165951,1.25896,19.7717,54.8013
0.0523021,0.00913596,0.160777,1.43576,19.0577,54.8021
0.0513781,0.0137734,0.164328,2.14571,19.0868,54.8024
0.052383,0.00934024,0.16375,1.66996,19.0629,54.8027
0.0512524,0.0222565,0.165016,2.06765,19.2554,54.803
0.0522598,0.0307692,0.164988,1.19605,19.6061,54.8033
0.0512805,0.0309426,0.164517,2.59679,19.3804,54.8045
0.05129,0.0312002,0.164591,2.68807,19.715,54.805
0.0513798,0.0136266,0.165999,2.71229,19.8283,54.806
0.0532979,0.0074741,0.164051,0.78432,19.7279,54.8068
0.0504086,0.0101828,0.163011,3.1492,19.6046,54.8076
0.0503619,0.0106318,0.164523,3.81607,19.4868,54.8085
0.053387,0.00788003,0.164446,0.0540666,19.6817,54.81
0.0512569,0.0257917,0.164945,2.10203,19.5123,54.8103
0.0522855,0.0219585,0.163287,1.25959,19.8916,54.8111
0.0512553,0.0180959,0.164243,2.09485,19.6085,54.8111
0.0523437,0.0173549,0.164146,1.17276,19.3852,54.8137
0.0512968,0.0215545,0.162255,2.89393,19.009,54.8141
0.0503186,0.0116256,0.165903,3.47284,19.8902,54.8147
0.0504026,0.0139945,0.164086,3.33435,19.4499,54.8149
0.0512728,0.0371844,0.165565,2.76721,19.1049,54.815
0.0523007,0.0267609,0.164823,1.23924,19.6744,54.8152
0.0511892,0.0163933,0.166022,2.76069,19.056,54.8159
0.0512963,0.0277332,0.163387,2.40524,19.2985,54.8161
0.0513558,0.0105636,0.16057,2.05254,19.4831,54.817
0.052245,0.0336168,0.164887,1.58884,19.8482,54.8178
0.0512459,0.0116821,0.163644,2.69707,19.6646,54.8185
0.0513317,0.0238896,0.164027,2.46445,19.6082,54.8225
0.0503949,0.0161258,0.164043,3.9675,19.8675,54.8234
0.0503699,0.0233107,0.165861,3.64298,19.2547,54.8251
0.0521786,0.0138482,0.165891,1.67606,19.5325,54.8263
0.0503472,0.0142735,0.165149,3.25609,19.1762,54.8269
0.0512489,0.0299711,0.16532,2.17899,19.0605,54.8271
0.0513116,0.0215591,0.161458,2.93961,19.6375,54.8296
0.050378,0.0223259,0.16589,3.61754,19.397,54.83
0.0513708,0.0124178,0.162113,2.67695,19.6542,54.8303
0.0523694,0.0182443,0.165537,1.78943,19.1601,54.8312
0.050207,0.00902417,0.165088,3.3341,19.5176,54.8315
0.0504151,0.0116042,0.164063,3.98197,19.5726,54.8316
0.0532637,0.0189142,0.165484,0.432125,19.6175,54.8333
0.0504038,0.0138025,0.162949,3.06627,19.403,54.8339
0.0521823,0.013108,0.165584,1.28731,19.95,54.8341
0.0502007,0.0114882,0.165595,3.73259,19.3801,54.8345
0.0513053,0.0310238,0.164377,2.39578,19.0731,54.8352
0.0504155,0.00971553,0.165005,3.736,19.6431,54.8352
0.0523773,0.0155501,0.165915,1.65788,19.1574,54.8355
0.0513087,0.0115384,0.160347,2.60583,19.9699,54.8366
0.0513958,0.0108035,0.163204,2.7971,19.5033,54.8368
0.0511657,0.00745029,0.164877,2.80552,19.0851,54.8377
0.0503083,0.00864103,0.16483,3.7504,19.2199,54.8381
0.0522874,0.0344101,0.166175,1.96805,19.6873,54.8384
0.0523547,0.0189703,0.16442,1.1149,19.3401,54.8392
0.0511554,0.0146957,0.166119,2.60259,19.0938,54.8393
0.0503853,0.00721721,0.162199,3.37812,19.7782,54.8413
0.0513176,0.0314659,0.165342,2.70549,19.7487,54.8416
0.0512129,0.0183302,0.165095,2.3096,19.0358,54.8417
0.0523437,0.0244176,0.165634,1.04203,19.5199,54.8429
0.0533425,0.00689173,0.163811,0.739355,19.8524,54.8433
0.0512931,0.0262513,0.161991,2.11768,19.8151,54.8444
0.0512521,0.00987543,0.162521,2.37032,19.1247,54.8445
0.0512692,0.0412813,0.165299,2.25504,19.0058,54.8458
0.0512016,0.0227795,0.166014,2.32201,19.493,54.8461
0.0504189,0.0115433,0.164226,3.95269,19.4935,54.8472
0.0512456,0.0336699,0.165289,2.21789,19.6454,54.8476
0.0523766,0.0072658,0.161049,1.83742,19.9616,54.8481
0.0502361,0.0136508,0.166038,3.15288,19.6989,54.8482
0.0512975,0.0323993,0.163742,2.30918,19.1533,54.8483
0.0503388,0.00979013,0.164103,3.34684,19.4271,54.8488
0.0504048,0.0178804,0.163888,3.67556,19.6937,54.8492
0.0512915,0.0158312,0.161291,2.73288,19.251,54.8494
0.0513276,0.0140791,0.159042,2.19187,19.6021,54.8501
0.0503282,0.00900213,0.164188,3.31079,19.3334,54.8504
0.0502908,0.00899809,0.164698,3.33139,19.6162,54.851
0.0533762,0.0160142,0.165447,0.0826472,19.6847,54.851
0.0513818,0.016709,0.165715,2.79812,19.4339,54.8513
0.052341,0.0189023,0.163067,1.28635,19.3193,54.8514
0.0533476,0.00990042,0.164215,0.244179,19.5658,54.8521
0.0513161,0.00675917,0.159187,2.7956,19.6135,54.8523
0.051306,0.0326855,0.164513,2.34114,19.2068,54.853
0.0513602,0.00729688,0.157874,2.96203,19.4206,54.8533
0.0503425,0.00729746,0.163423,3.95925,19.0439,54.8535
0.0503038,0.0108177,0.164922,3.09642,19.646,54.8536
0.0504389,0.00850425,0.162572,3.96792,19.5039,54.8545
0.0512808,0.0300793,0.1627,2.26146,19.625,54.8554
0.0522326,0.0387846,0.164931,1.88859,19.5464,54.8554
0.0502067,0.010001,0.16474,3.58851,19.3351,54.8556
0.0512599,0.0413276,0.16488,2.39089,19.4957,54.8557
0.0522531,0.00894572,0.161836,1.8303,19.3151,54.8559
0.0522837,0.0232526,0.16249,1.42682,19.4501,54.8561
0.0513289,0.0293683,0.164836,2.84817,19.5142,54.8562
0.0523147,0.0193083,0.162419,1.90968,19.6078,54.8564
0.0513018,0.0329565,0.164108,2.01724,19.5757,54.8566
0.051331,0.0145811,0.158715,2.29498,19.6665,54.8569
0.051215,0.0194967,0.164769,2.40674,19.0778,54.8585
0.0502652,0.00968376,0.164803,3.23215,19.652,54.8598
0.0504128,0.0167691,0.163815,3.22939,19.178,54.8601
0.053311,0.0181934,0.165412,0.100323,19.7042,54.8608
0.0513818,0.0118584,0.161627,2.70488,19.0582,54.8611
0.0512021,0.0152552,0.164528,2.55799,19.0051,54.8613
0.0512476,0.0192566,0.163428,2.59874,19.8391,54.862
0.0533316,0.0228752,0.166198,0.699898,19.4367,54.862
0.0512798,0.0227752,0.162146,2.07713,19.4184,54.8621
0.0513674,0.0224548,0.164623,2.08225,19.1199,54.8621
0.0533121,0.0164081,0.165065,0.335023,19.7313,54.8622
0.0522484,0.0308312,0.163297,1.62067,19.0489,54.8631
0.0511673,0.0114032,0.164986,2.05167,19.5139,54.8632
0.0533568,0.0117013,0.164332,0.0899292,19.2051,54.8634
0.0503275,0.0181188,0.165466,3.49578,19.9768,54.8637
0.0503439,0.0183247,0.164878,3.84988,19.7355,54.8638
0.0504069,0.012139,0.161156,3.19138,19.6068,54.8639
0.0511797,0.00862202,0.164296,2.30826,19.3927,54.8645
0.0513224,0.019122,0.159433,2.13391,19.5188,54.865
0.0533536,0.00944145,0.163928,0.727407,19.575,54.8655
0.0503461,0.0238122,0.165457,3.03503,19.8571,54.866
0.0504182,0.0139772,0.161973,3.68729,19.1907,54.8664
0.0502358,0.0127118,0.165397,3.7371,19.358,54.8668
0.0513403,0.0229044,0.162738,2.84199,19.7586,54.8669
0.0521887,0.00938253,0.16462,1.59029,19.8111,54.867
0.0523235,0.0175767,0.161972,1.18602,19.2655,54.8672
0.0512476,0.0175651,0.163083,2.90461,19.8957,54.8677
0.0503403,0.0224583,0.165498,3.42553,19.6514,54.8679
0.0511258,0.0137868,0.165993,2.23205,19.0779,54.8696
0.0502428,0.00986354,0.164691,3.83326,19.2323,54.8696
0.051305,0.0354502,0.165,2.81209,19.6976,54.8699
0.0504199,0.0167454,0.162741,3.40783,19.4209,54.8699
0.052284,0.0321368,0.16447,1.70833,19.1264,54.87
0.0504317,0.0110261,0.163539,3.52957,19.3827,54.8705
0.0512946,0.0404738,0.166214,2.30595,19.0244,54.8708
0.0512501,0.0238933,0.163577,2.1335,19.8461,54.8714
0.0502625,0.0134592,0.165317,3.75864,19.9362,54.8716
0.0504256,0.00879479,0.165715,3.35313,19.1177,54.8721
0.0501526,0.009979,0.165843,3.19853,19.1618,54.8723
0.0512176,0.0296886,0.165659,2.5516,19.5187,54.8732
0.0503778,0.00832103,0.161781,3.82785,19.4015,54.874
0.0512546,0.0359561,0.164219,2.64469,19.998,54.8744
0.0523288,0.0135049,0.160943,1.55328,19.1541,54.8744
0.0503563,0.0137911,0.163409,3.0159,19.7255,54.8749
0.051249,0.0224826,0.163387,2.21053,19.5025,54.875
0.053283,0.0156188,0.164339,0.424536,19.6284,54.8754
0.0504329,0.00738418,0.159862,3.8911,19.3528,54.8757
0.0503959,0.0231557,0.164855,3.23736,19.493,54.8759
0.0522044,0.0482744,0.16597,1.87214,19.4334,54.8769
0.0521932,0.0269759,0.165303,1.44985,19.8974,54.877
0.0513198,0.035271,0.165752,2.01841,19.0582,54.8771
0.0512421,0.0271565,0.164106,2.09231,19.5675,54.8784
0.0504289,0.0160959,0.162582,3.76432,19.0713,54.8788
0.0502986,0.0144058,0.165041,3.28318,19.7108,54.8789
0.0502405,0.0109195,0.164707,3.33982,19.789,54.879
0.0503731,0.026206,0.164131,3.32763,19.0492,54.879
0.0503544,0.0314764,0.16546,3.77265,19.772,54.8799
0.0503661,0.0300038,0.165259,3.78978,19.7547,54.8801
0.0504084,0.020201,0.163035,3.50097,19.2211,54.8802
0.0523597,0.0234318,0.165177,1.4134,19.7697,54.8814
0.0504074,0.0167439,0.161889,3.15404,19.8309,54.882
0.0532491,0.0250692,0.165675,0.245128,19.0682,54.8825
0.0503658,0.0233943,0.163911,3.20694,19.3625,54.8832
0.0534001,0.010745,0.16436,0.670576,19.2196,54.8837
0.0523134,0.022092,0.162435,1.7346,19.867,54.8837
0.0522307,0.0136875,0.162771,1.16242,19.6024,54.8842
0.050367,0.0220159,0.163669,3.05344,19.6511,54.8844
0.0521999,0.00913256,0.163913,1.00292,19.9934,54.8845
0.0512522,0.0437444,0.164519,2.2119,19.5577,54.8845
0.0512556,0.0474332,0.165041,2.31211,19.1756,54.8859
0.0502186,0.00955744,0.164035,3.36083,19.2181,54.8867
0.0512527,0.030495,0.163632,2.11265,19.9597,54.8867
0.0522923,0.0280863,0.163264,1.47731,19.1357,54.888
0.0532632,0.0136905,0.16374,0.895452,19.6753,54.8883
0.0523071,0.0187639,0.161301,1.78008,19.2751,54.8884
0.0522459,0.0317201,0.162979,1.15479,19.0131,54.8897
0.0503684,0.0305738,0.165006,3.5049,19.5099,54.8898
0.050151,0.0114666,0.165489,3.62152,19.7517,54.8902
0.0513512,0.0122047,0.157617,2.65622,19.4917,54.8908
0.0513646,0.0203149,0.162622,2.62698,19.4561,54.8917
0.0513048,0.0288597,0.160712,2.33559,19.3637,54.8929
0.0522843,0.00843708,0.159728,1.65363,19.3711,54.8935
0.0503291,0.0192158,0.164737,3.51629,19.3755,54.8939
0.0501716,0.0190704,0.16581,3.16173,19.4495,54.8941
0.050235,0.0106424,0.164269,3.48,19.9115,54.8941
0.0513208,0.0254246,0.160854,2.40775,19.2347,54.8944
0.0502936,0.0198374,0.165798,3.634,19.1919,54.8953
0.0503843,0.0238581,0.162925,3.68133,19.092,54.8955
0.0512978,0.030051,0.160544,2.69553,19.466,54.8961
0.0503876,0.0219829,0.162359,3.35254,19.4851,54.8961
0.0523507,0.0202287,0.162383,1.32849,19.4855,54.8967
0.0513691,0.0247984,0.165985,2.43441,19.8319,54.8968
0.0511822,0.0191967,0.165017,2.39931,19.9061,54.8969
0.0532813,0.0171767,0.164253,0.098304,19.0158,54.8969
0.0512496,0.0382901,0.164089,2.13985,19.2269,54.897
0.053244,0.00921907,0.164487,0.842106,19.335,54.8971
0.0533562,0.0165913,0.164555,0.627824,19.63,54.8973
0.0513588,0.0194675,0.161673,2.30748,19.8485,54.8979
0.0512768,0.0421901,0.164179,2.11624,19.8187,54.8992
0.0512101,0.0247538,0.164614,2.67438,19.373,54.8993
0.0522971,0.00862027,0.158995,1.41536,19.9616,54.8996
0.051213,0.0134133,0.163332,2.03659,19.5847,54.8996
0.0532887,0.0195361,0.164794,0.793314,19.1112,54.9001
0.0513406,0.0201959,0.160202,2.89397,19.6668,54.9004
0.050179,0.0172065,0.165076,3.01769,19.3322,54.9007
0.0512353,0.045833,0.165342,2.0257,19.8206,54.9008
0.0501899,0.00685897,0.163184,3.41438,19.1773,54.9018
0.0512103,0.0276329,0.164911,2.91228,19.6791,54.9027
0.051382,0.00940771,0.159153,2.09844,19.7963,54.904
0.0503973,0.0248692,0.163169,3.41177,19.5146,54.9043
0.0504327,0.00819134,0.158688,3.96735,19.0258,54.905
0.0503024,0.0202006,0.165374,3.40179,19.0531,54.9054
0.0503698,0.0256404,0.163273,3.91784,19.9176,54.9057
0.0512899,0.0341639,0.161033,2.43204,19.1496,54.9064
0.0523583,0.0197489,0.162262,1.7617,19.2674,54.9069
0.0512225,0.0394616,0.165507,2.59107,19.1076,54.9076
0.0511636,0.0249267,0.166049,2.45127,19.8477,54.9098
0.0533413,0.0258579,0.165818,0.0849118,19.0779,54.9098
0.0513088,0.0190806,0.159156,2.67959,19.0115,54.91
0.0523091,0.00975433,0.159209,1.15115,19.3978,54.91
0.0503684,0.0159639,0.16217,3.14247,19.0664,54.9102
0.0533709,0.0124252,0.163646,0.708055,19.0047,54.9104
0.0501372,0.0120112,0.165604,3.81322,19.4555,54.9113
0.0513798,0.0219707,0.163365,2.56138,19.5632,54.9119
0.0533969,0.0122056,0.164136,0.518478,19.5716,54.9125
0.052363,0.0214019,0.162903,1.41228,19.0202,54.9132
0.0510889,0.0172595,0.16619,2.37596,19.3127,54.9137
0.052379,0.0125712,0.160749,1.228,19.4316,54.9146
0.0513442,0.0221727,0.160931,2.99298,19.1351,54.9146
0.0503486,0.0165527,0.162982,3.02642,19.031,54.9148
0.0523276,0.0324766,0.164924,1.9439,19.9284,54.915
0.0533625,0.00818022,0.162903,0.801775,19.6441,54.9157
0.051276,0.043095,0.163798,2.06561,19.8004,54.9158
0.0512264,0.0265236,0.16374,2.43911,19.4878,54.9166
0.0503993,0.0243691,0.162492,3.55284,19.3567,54.9166
0.0522397,0.0271902,0.162283,1.23219,19.9613,54.9168
0.0533606,0.014345,0.16387,0.12331,19.2655,54.9173
0.052347,0.0287914,0.164903,1.06993,19.9317,54.9178
0.0502092,0.0121657,0.16381,3.46386,19.3161,54.9178
0.0512752,0.0278047,0.161263,2.53235,19.5994,54.919
0.0511847,0.031748,0.165962,2.5099,19.8175,54.9191
0.0533312,0.0279977,0.166047,0.152076,19.0046,54.9193
0.0523326,0.0168887,0.160809,1.69415,19.9408,54.9199
0.0503318,0.01866,0.163788,3.18753,19.8803,54.9201
0.0511945,0.0266009,0.164973,2.97254,19.5343,54.9202
0.05124,0.0558737,0.166005,2.05384,19.8901,54.9203
0.0513529,0.028591,0.163919,2.36107,19.9983,54.9204
0.0511388,0.0198221,0.165816,2.58047,19.2026,54.9211
0.0534014,0.0121357,0.164117,0.727864,19.8325,54.9211
0.0502809,0.0171144,0.164594,3.57651,19.9452,54.9213
0.0513463,0.0347538,0.165962,2.37062,19.4224,54.9213
0.0522789,0.0213498,0.160853,1.63943,19.1888,54.9215
0.0524111,0.00915314,0.163754,1.56697,19.5564,54.9215
0.0504155,0.0149801,0.159591,3.51233,19.0561,54.9216
0.0513604,0.0271294,0.163787,2.3367,19.2048,54.9216
0.0503867,0.016222,0.160919,3.08198,19.7275,54.9218
0.0503475,0.0269707,0.164208,3.87027,19.6131,54.9218
0.0522967,0.0273322,0.162378,1.1398,19.2529,54.9221
0.0503284,0.0131154,0.16285,3.75482,19.6337,54.9225
0.0503298,0.0198025,0.163968,3.14844,19.8089,54.9226
0.0523234,0.0326633,0.164416,1.10289,19.136,54.9227
0.0511316,0.0102948,0.164394,2.73856,19.6818,54.923
0.0512613,0.0472588,0.163835,2.07736,19.6027,54.9234
0.0504469,0.0104373,0.158872,3.38778,19.8649,54.9237
0.0512861,0.0189392,0.160172,2.53316,19.5632,54.924
0.0522369,0.0458759,0.165312,1.80277,19.3866,54.9243
0.0504354,0.0170029,0.162777,3.30054,19.6528,54.9244
0.0533235,0.0159229,0.16398,0.651901,19.8619,54.9244
0.0522155,0.0432232,0.164218,1.24902,19.5479,54.9248
0.051297,0.0379013,0.163141,2.31842,19.1761,54.9251
0.0522527,0.0396576,0.164131,1.82886,19.7049,54.9258
0.0513075,0.0414593,0.165589,2.37046,19.8399,54.9259
0.0532724,0.0155354,0.163169,0.858303,19.1886,54.926
0.0521725,0.00900201,0.164426,1.13272,19.8389,54.9267
0.0513688,0.0209922,0.161946,2.99857,19.0038,54.9269
0.0503363,0.010742,0.162065,3.04653,19.2399,54.927
0.0503964,0.0227535,0.16135,3.78363,19.6603,54.9275
0.0514188,0.0105632,0.165575,2.92819,19.8134,54.9276
0.0523533,0.0277341,0.16486,1.6767,19.6151,54.9277
0.0512471,0.022463,0.162244,2.60461,19.2163,54.9281
0.0503962,0.0310207,0.164017,3.01414,19.5432,54.9282
0.0512432,0.0505068,0.164228,2.90783,19.464,54.9284
0.0523187,0.0256128,0.16234,1.9972,19.1173,54.9285
0.0511635,0.0196349,0.165071,2.44784,19.6839,54.9286
0.0503164,0.0168009,0.163666,3.87124,19.2766,54.9288
0.050139,0.0202823,0.166018,3.3414,19.0038,54.9289
0.0523365,0.0230653,0.16207,1.80496,19.0421,54.9292
0.0532252,0.0270733,0.165584,0.94643,19.0202,54.9293
0.0503689,0.0125473,0.161137,3.7931,19.1539,54.9295
0.0513675,0.0225331,0.162333,2.71959,19.7275,54.9295
0.0522709,0.0330665,0.162875,1.70642,19.5774,54.9297
0.0523721,0.00837228,0.159466,1.48484,19.3025,54.9298
0.0533087,0.0253996,0.165505,0.0711195,19.1727,54.9299
0.0514227,0.0104379,0.16421,2.20134,19.3641,54.9306
0.0501879,0.0162486,0.164192,3.84786,19.5865,54.9314
0.0511964,0.00823938,0.162687,2.80731,19.4008,54.9322
0.0504245,0.0158632,0.166143,3.89493,19.5698,54.9322
0.0514007,0.0176879,0.165108,2.53847,19.0208,54.9322
0.0521242,0.011281,0.166184,1.65277,19.7914,54.9332
0.0523203,0.0356243,0.164903,1.0869,19.8793,54.9336
0.0533291,0.0116862,0.163072,0.267,19.1796,54.934
0.0513354,0.0320405,0.163601,2.02207,19.147,54.9342
0.050316,0.02231,0.164511,3.18447,19.5431,54.9343
0.0523024,0.0141115,0.159542,1.02363,19.9171,54.9348
0.0514215,0.00797408,0.160152,2.80437,19.0334,54.9349
0.0512288,0.0474369,0.164935,2.54345,19.2266,54.935
0.0522815,0.0392183,0.164559,1.03889,19.9238,54.9351
0.0512139,0.021979,0.163526,2.9133,19.3529,54.9356
0.0512909,0.0149403,0.15953,2.65632,19.8371,54.9363
0.0502986,0.0163844,0.163739,3.78322,19.4684,54.9364
0.0504221,0.00997952,0.157913,3.95667,19.9514,54.9368
0.0512477,0.0408828,0.163279,2.71173,19.4488,54.9369
0.0504016,0.0301448,0.163535,3.24255,19.9591,54.937
0.0523844,0.0199612,0.164871,1.94175,19.0233,54.9371
0.0523001,0.0173048,0.160076,1.1731,19.2546,54.9376
0.0504524,0.0108811,0.159267,3.85128,19.402,54.9379
0.050382,0.0336952,0.16399,3.27869,19.3194,54.9379
0.0503953,0.00940306,0.159272,3.99859,19.0688,54.938
0.0513663,0.0188609,0.160511,2.43972,19.2582,54.9384
0.0513968,0.00948761,0.159092,2.07536,19.4678,54.9384
0.052264,0.0460248,0.1657,1.26685,19.8005,54.9384
0.0514307,0.00828577,0.16429,2.04831,19.2188,54.9386
0.0524022,0.00992665,0.160758,1.41429,19.0019,54.9386
0.0512306,0.052452,0.16494,2.58801,19.3114,54.9387
0.0523401,0.0149063,0.160062,1.19801,19.6187,54.9393
0.0503716,0.0142754,0.160945,3.05004,19.1298,54.9395
0.0512735,0.0478001,0.16485,2.11154,19.4795,54.9396
0.0502154,0.00969146,0.162662,3.52977,19.5898,54.9404
0.0533001,0.0290308,0.165906,0.0183368,19.7231,54.9419
0.0514034,0.0107288,0.159863,2.05466,19.363,54.9423
0.0513896,0.0221963,0.165168,2.03867,19.7133,54.9424
0.0523718,0.00923493,0.159366,1.55755,19.8271,54.9424
0.0532837,0.0094552,0.161852,0.353899,19.5711,54.9425
0.050382,0.0354267,0.16427,3.7592,19.8647,54.9426
0.0502168,0.0218051,0.165652,3.7734,19.9003,54.9427
0.0513199,0.0387641,0.164795,2.15663,19.5777,54.943
0.0523183,0.0214166,0.160989,1.31021,19.9373,54.9432
0.0512707,0.0208676,0.160743,2.32748,19.2803,54.9436
0.0512215,0.0589643,0.165682,2.28894,19.7822,54.944
0.051337,0.0192066,0.157618,2.99045,19.2537,54.9442
0.0502678,0.018218,0.164492,3.97094,19.2753,54.9442
0.0502021,0.0169028,0.164277,3.79135,19.8776,54.9447
0.0522196,0.0317394,0.16313,1.68369,19.879,54.9452
0.0504727,0.00743161,0.159888,3.77484,19.5321,54.9454
0.0523094,0.0359449,0.164041,1.59541,19.9611,54.9455
0.0503864,0.0359217,0.164533,3.71841,19.8504,54.9455
0.0523573,0.0251826,0.162762,1.79455,19.5696,54.9456
0.0523636,0.0105285,0.159422,1.35743,19.7938,54.9458
0.0503965,0.0226824,0.16031,3.70874,19.7017,54.9461
0.0512117,0.0256409,0.163753,2.52857,19.8152,54.9463
0.0504555,0.00949203,0.158412,3.61325,19.6504,54.9471
0.050309,0.0279123,0.165307,3.4807,19.6592,54.9472
0.0511574,0.0185978,0.164764,2.27468,19.8299,54.9473
0.052197,0.0564941,0.166174,1.30825,19.1896,54.9478
0.0503305,0.0396235,0.165773,3.43984,19.2675,54.9479
0.05131,0.0309141,0.159823,2.58865,19.8581,54.948
0.0512437,0.0408355,0.16322,2.26631,19.1888,54.9483
0.0512208,0.043338,0.164801,2.07345,19.6852,54.9484
0.050153,0.01685,0.164693,3.57262,19.9489,54.9484
0.0532992,0.027351,0.165496,0.773098,19.9053,54.9486
0.0511591,0.0246933,0.16548,2.4371,19,54.9488
0.0503239,0.0106316,0.161926,3.95039,19.9299,54.9491
0.0512655,0.0456091,0.162071,2.97694,19.1827,54.9491
0.0504211,0.0157447,0.158529,3.84902,19.4392,54.9492
0.0512132,0.0558938,0.166034,2.20564,19.3679,54.9495
0.0523129,0.0211679,0.16067,1.53367,19.8505,54.9498
0.0533954,0.0122051,0.163433,0.769172,19.3515,54.9504
0.0533608,0.0186662,0.163979,0.40984,19.0809,54.9505
0.0503596,0.0209452,0.162003,3.16483,19.3676,54.9513
0.052155,0.020401,0.165651,1.89522,19.1025,54.9517
0.0503773,0.0355831,0.163818,3.81346,19.3013,54.9518
0.0503844,0.0148338,0.159977,3.09793,19.1998,54.9528
0.0513409,0.0370717,0.165091,2.20799,19.7967,54.953
0.0512075,0.0476001,0.165789,2.51143,19.5633,54.9531
0.0533371,0.0300909,0.165884,0.537404,19.4492,54.9534
0.0532424,0.0214027,0.164149,0.420434,19.5333,54.9535
0.0522633,0.0274503,0.161269,1.2566,19.5167,54.9536
0.0504112,0.0253128,0.161189,3.05632,19.2148,54.9536
0.0532214,0.00872652,0.164745,0.65846,19.348,54.9538
0.0502027,0.0084605,0.162084,3.97757,19.533,54.9542
0.0504157,0.0109931,0.157965,3.05444,19.6259,54.9542
0.0504427,0.0169652,0.160662,3.88298,19.8415,54.9544
0.0522862,0.0297082,0.161903,1.51886,19.728,54.9551
0.0503043,0.0333305,0.166109,3.01598,19.3987,54.9551
0.0511145,0.0233789,0.166211,2.54351,19.2413,54.9554
0.0522827,0.0178143,0.159612,1.97411,19.5255,54.9554
0.0533381,0.0134946,0.163079,0.103087,19.0461,54.9557
0.0533968,0.00960591,0.162713,0.0664642,19.5049,54.9558
0.0501594,0.00966254,0.163598,3.80361,19.1249,54.9561
0.0513853,0.0149882,0.159747,2.98644,19.2719,54.9561
0.0502097,0.019313,0.164674,3.75869,19.534,54.9567
0.0512589,0.0540223,0.165583,2.02554,19.0974,54.9567
0.0513525,0.0302792,0.163263,2.04713,19.3969,54.9569
0.0523789,0.0183075,0.161332,1.9148,19.598,54.9574
0.0513377,0.0270922,0.160764,2.14057,19.0232,54.9578
0.0522168,0.0194312,0.162723,1.68951,19.5541,54.9578
0.0522008,0.0308313,0.163968,1.52693,19.5509,54.958
0.0511033,0.00942494,0.164175,2.95424,19.0879,54.9583
0.0503907,0.0165669,0.159641,3.10427,19.4794,54.9585
0.0503671,0.0381227,0.164068,3.75898,19.839,54.9586
0.050158,0.0271249,0.165953,3.1701,19.1711,54.9586
0.0533556,0.0212358,0.164248,0.77172,19.6072,54.959
0.0512629,0.05061,0.16413,2.12256,19.5795,54.9594
0.0512691,0.0281264,0.160898,2.30105,19.9543,54.9594
0.0512295,0.0450327,0.164067,2.54576,19.3453,54.9595
0.0532501,0.0295047,0.165191,0.524597,19.4405,54.9608
0.0521932,0.0519353,0.165083,1.1545,19.9424,54.9613
0.050425,0.02367,0.161761,3.01315,19.3556,54.9613
0.0511567,0.0293723,0.165889,2.45812,19.0966,54.9617
0.0523151,0.0264486,0.161663,1.4032,19.7398,54.9622
0.0503819,0.026386,0.160917,3.96271,19.419,54.9624
0.0522203,0.00799033,0.161935,1.79325,19.343,54.9626
0.0512514,0.0386,0.16224,2.32596,19.5047,54.9627
0.0522253,0.0258512,0.162441,1.83461,19.1291,54.9627
0.0523085,0.0222523,0.160615,1.9889,19.8398,54.9629
0.0503124,0.0103126,0.161852,3.51382,19.0874,54.9629
0.0501762,0.00868291,0.16267,3.79292,19.8962,54.963
0.0521952,0.0296231,0.164145,1.43991,19.7953,54.9633
0.0504615,0.00957873,0.162352,3.20109,19.3435,54.9643
0.0501247,0.0194753,0.165744,3.41514,19.0378,54.9646
0.0513075,0.0380882,0.162539,2.6211,19.2674,54.9661
0.051205,0.0374134,0.164598,2.53689,19.3961,54.9665
0.0513409,0.0069454,0.156075,2.34749,19.4614,54.9665
0.0514106,0.0175738,0.163806,2.44393,19.6906,54.9666
0.0503893,0.0363452,0.16517,3.8746,19.8673,54.9669
0.0533232,0.0193158,0.163849,0.814289,19.3669,54.9669
0.0510605,0.0162294,0.165641,2.23568,19.3223,54.967
0.0503433,0.0107873,0.160947,3.74772,19.0252,54.967
0.0504338,0.0176972,0.159072,3.89624,19.0013,54.9672
0.0502526,0.0163022,0.163725,3.85612,19.7918,54.9679
0.0504512,0.0161862,0.160672,3.37052,19.167,54.968
0.0521682,0.00803636,0.163941,1.9573,19.3188,54.9681
0.0504695,0.00780479,0.158397,3.96259,19.5027,54.9682
0.0504361,0.0206524,0.162495,3.36239,19.7811,54.9685
0.0502809,0.0197172,0.163948,3.36307,19.035,54.9686
0.0513965,0.0117338,0.158816,2.538,19.7941,54.9688
0.0533436,0.0276703,0.165204,0.706178,19.1815,54.9689
0.0514319,0.0108954,0.162216,2.45502,19.5956,54.9692
0.0504716,0.0098028,0.15989,3.57726,19.2525,54.9694
0.0503017,0.0131981,0.162398,3.00101,19.7168,54.9697
0.0504206,0.0171188,0.15795,3.9852,19.4608,54.9701
0.05106,0.016156,0.165591,2.1178,19.076,54.9702
0.0523735,0.019931,0.160994,1.1393,19.1958,54.9709
0.0502621,0.0159407,0.163489,3.71958,19.9336,54.9714
0.0513118,0.0428244,0.164746,2.99028,19.5776,54.9716
0.0521434,0.0204296,0.165833,1.09052,19.6929,54.9718
0.0504501,0.0171608,0.160886,3.84174,19.2675,54.9719
0.0503293,0.0368305,0.164828,3.88971,19.1861,54.9721
0.0522757,0.0308574,0.161742,1.2991,19.819,54.9721
0.0513559,0.0232903,0.16016,2.45367,19.2178,54.9721
0.0511897,0.0452779,0.166001,2.44365,19.0175,54.9723
0.0503577,0.029024,0.16235,3.3928,19.8814,54.9727
0.0504744,0.00732318,0.160805,3.24364,19.5229,54.9728
0.0512147,0.00714623,0.161347,2.15342,19.6493,54.9732
0.0503863,0.0297145,0.160929,3.53641,19.4738,54.9735
0.0533437,0.0144078,0.162947,0.440052,19.6553,54.9737
0.052244,0.050848,0.165528,1.18674,19.4166,54.9739
0.0503438,0.0326313,0.163491,3.48009,19.7778,54.974
0.0522112,0.0126951,0.162447,1.30113,19.4938,54.9742
0.0513339,0.0254462,0.158616,2.21705,19.1181,54.9744
0.0513261,0.0400969,0.164571,2.10421,19.6597,54.9745
0.0522773,0.0430154,0.164399,1.79157,19.2691,54.9746
0.0512621,0.0294319,0.161082,2.8838,19.3307,54.9748
0.0501131,0.0207495,0.16607,3.43075,19.3334,54.9752
0.0522366,0.0530204,0.165834,1.42555,19.809,54.9754
0.0513027,0.0438928,0.16432,2.9284,19.2735,54.9755
0.0533293,0.0218605,0.164146,0.325658,19.0792,54.9757
0.049384,0.00780029,0.166049,4.26041,19.672,54.9757
0.053326,0.00986222,0.161949,0.870632,19.7897,54.9759
0.0502201,0.0246895,0.165476,3.81336,19.1695,54.9761
0.0523494,0.0333683,0.165727,1.1165,19.7014,54.9761
0.0522115,0.0241604,0.162932,1.43179,19.3655,54.9762
0.0521285,0.00704065,0.165005,1.24163,19.6079,54.9768
0.0531883,0.011853,0.16607,0.274466,19.8678,54.977
0.0504285,0.018905,0.158289,3.56621,19.5061,54.9773
0.05115,0.0113499,0.163334,2.75746,19.6204,54.9774
0.0503457,0.033216,0.163325,3.38632,19.8607,54.9776
0.0522532,0.0446793,0.164125,1.03862,19.8067,54.978
0.052172,0.0424035,0.165609,1.09497,19.2077,54.9782
0.0511831,0.033792,0.165089,2.5285,19.7105,54.9784
0.0512036,0.0600832,0.166079,2.50772,19.0592,54.9785
0.0532085,0.0367393,0.166067,0.577816,19.2276,54.9789
0.0522184,0.0230248,0.162497,1.44362,19.5392,54.979
0.0534153,0.0103591,0.163221,0.404103,19.2437,54.9792
0.0514101,0.0190779,0.16473,2.16388,19.9849,54.9795
0.0513576,0.0232234,0.159964,2.69638,19.4263,54.9798
0.0533525,0.00807906,0.161772,0.394541,19.5168,54.9799
0.0503295,0.0305705,0.163826,3.6305,19.7707,54.98
0.0521805,0.0490454,0.16524,1.06484,19.734,54.98
0.0504208,0.0150861,0.157327,3.93159,19.6148,54.98
0.0513962,0.0239859,0.162717,2.6695,19.0321,54.9802
0.0522211,0.0202105,0.162241,1.13346,19.753,54.9803
0.0504082,0.0120076,0.157845,3.8888,19.8318,54.982
0.0523156,0.0214088,0.160189,1.99944,19.544,54.9823
0.0504695,0.00982082,0.158848,3.13142,19.7259,54.9823
0.0512282,0.0628828,0.165211,2.10837,19.347,54.9826
0.0523297,0.0349557,0.163189,1.7855,19.425,54.9829
0.0521627,0.0367716,0.16582,1.96563,19.0139,54.9837
0.0513404,0.020124,0.15705,2.62601,19.6946,54.9837
0.0512463,0.060495,0.166175,2.8819,19.1784,54.9839
0.0513051,0.0412936,0.163021,2.13728,19.2794,54.984
0.0523216,0.0118722,0.15852,1.2617,19.851,54.9841
0.0512266,0.030901,0.162826,2.45686,19.8521,54.9842
0.0532485,0.0105501,0.163077,0.0900752,19.5907,54.9844
0.0522137,0.0557843,0.165595,1.0163,19.0226,54.9848
0.0514166,0.0176916,0.161807,2.34331,19.799,54.985
0.0523123,0.0432605,0.165117,1.27242,19.4856,54.9856
0.0510854,0.0186923,0.1654,2.89338,19.9083,54.9858
0.0533519,0.0125274,0.162432,0.0630254,19.6478,54.9862
0.0511832,0.0161093,0.163082,2.25785,19.7472,54.9865
0.0503726,0.0226626,0.160411,3.82704,19.131,54.9867
0.052377,0.00992929,0.158593,1.39967,19.9334,54.987
0.0512222,0.0579752,0.164364,2.85394,19.7054,54.987
0.0493756,0.00935259,0.165988,4.88547,19.3663,54.9873
0.0503857,0.00729025,0.158458,3.10965,19.5792,54.9874
0.0504097,0.0134441,0.15773,3.201,19.0313,54.9875
0.0513766,0.0242958,0.161503,2.84791,19.3929,54.9876
0.0521711,0.0142912,0.164055,1.66593,19.455,54.9882
0.0502921,0.0301836,0.164985,3.67594,19.306,54.9884
0.0523181,0.0269136,0.161202,1.13416,19.7228,54.9885
0.0521984,0.0328357,0.16374,1.07076,19.2526,54.9885
0.0512325,0.0171543,0.161466,2.50925,19.5104,54.9886
0.0504497,0.0181649,0.160585,3.94959,19.8802,54.9891
0.050126,0.0123087,0.164544,3.71962,19.0708,54.9892
0.0512442,0.0588002,0.164695,2.53525,19.1146,54.99
0.052187,0.0242857,0.163954,1.53564,19.8266,54.9902
0.050396,0.0168394,0.158639,3.15534,19.5615,54.9905
0.0533305,0.0232735,0.164105,0.442296,19.1823,54.9915
0.0523469,0.0153728,0.159147,1.94222,19.4979,54.9916
0.051346,0.0300706,0.161415,2.87437,19.9162,54.992
0.0533627,0.0292879,0.165892,0.842344,19.021,54.9921
0.0521871,0.0341956,0.164336,1.06829,19.0205,54.9922
0.0511385,0.00760258,0.162838,2.06293,19.699,54.9924
0.0511876,0.0493393,0.165935,2.57797,19.0672,54.9925
0.0511532,0.0278458,0.165266,2.09271,19.1018,54.9928
0.0504154,0.0220346,0.158163,3.42736,19.9462,54.9929
0.050192,0.0203931,0.163785,3.30917,19.3555,54.9929
0.051376,0.0299862,0.163152,2.74599,19.3334,54.9931
0.0501211,0.00862323,0.165065,3.36219,19.937,54.9932
0.0522824,0.00996976,0.158574,1.35691,19.295,54.9936
0.0534003,0.0171936,0.164305,0.711582,19.5037,54.9939
0.0523249,0.00959992,0.157966,1.49706,19.741,54.994
0.0521825,0.0109867,0.163277,1.74852,19.5754,54.9944
0.0512962,0.0419064,0.161843,2.33779,19.3351,54.9945
0.0493693,0.00711473,0.165492,4.08077,19.1247,54.9946
0.0513905,0.0139635,0.158234,2.45945,19.1195,54.9947
0.050437,0.0149093,0.156653,3.72389,19.5557,54.9949
0.0523961,0.00826624,0.158328,1.64795,19.1244,54.9955
0.0532682,0.00832421,0.161828,0.706606,19.454,54.9955
0.0512973,0.0504437,0.165757,2.99943,19.5436,54.9961
0.0504179,0.0098909,0.156869,3.59234,19.2295,54.9961
0.0522218,0.0521082,0.164717,1.49883,19.2507,54.9963
0.0513058,0.0397086,0.161751,2.38492,19.2587,54.9963
0.0513248,0.0243304,0.157251,2.54107,19.8402,54.9968
0.0502431,0.011376,0.161922,3.73772,19.7975,54.9969
0.0502144,0.0170598,0.1631,3.45635,19.7972,54.997
0.0502969,0.0325127,0.164948,3.3208,19.3011,54.9973
0.0521433,0.0303512,0.166199,1.34685,19.659,54.9973
0.050427,0.0249484,0.161008,3.87549,19.9692,54.9974
0.0513046,0.0284822,0.158198,2.35098,19.9452,54.9976
0.0512252,0.0606367,0.163869,2.02979,19.5496,54.9976
0.05131,0.03673,0.160594,2.52988,19.9537,54.9978
0.050358,0.0406076,0.162474,3.36005,19.8789,54.9979
0.0533701,0.0139766,0.162452,0.481205,19.1347,54.998
0.0522398,0.0449882,0.16354,1.86261,19.876,54.9982
0.0503813,0.0229316,0.159676,3.9605,19.4747,54.9983
0.0523303,0.00878656,0.157799,1.85257,19.6036,54.9987
0.0503267,0.0282565,0.163029,3.55946,19.3942,54.9992
0.0523374,0.0198844,0.159729,1.72582,19.5554,54.9996
0.0532967,0.0314058,0.165295,0.321327,19.5536,54.9996
0.0504616,0.0148769,0.159788,3.38838,19.498,54.9997
0.0504262,0.0270848,0.161978,3.24625,19.9054,55.0001
0.0532591,0.0159727,0.162435,0.501459,19.1123,55.0002
0.0504774,0.0105092,0.159479,3.66481,19.1164,55.0004
0.0532399,0.0141464,0.163409,0.755326,19.7388,55.0005
0.0502049,0.0172412,0.162924,3.85589,19.5823,55.0008
0.0532307,0.011658,0.163772,0.128815,19.3498,55.0008
0.0503886,0.0155977,0.15872,3.09681,19.6911,55.001
0.0533228,0.0199543,0.163355,0.50489,19.6409,55.0014
0.0534208,0.0144368,0.165311,0.0248901,19.6788,55.0016
0.0503291,0.0442165,0.164642,3.25054,19.2605,55.0021
0.0512769,0.0469579,0.161652,2.27291,19.4278,55.0021
0.0502395,0.0240318,0.164572,3.09489,19.8428,55.0022
0.051355,0.0282034,0.16095,2.5579,19.6288,55.0024
0.0504827,0.0073116,0.158182,3.1079,19.0592,55.0028
0.0511859,0.0550252,0.166214,2.88848,19.8987,55.0033
0.051128,0.0257403,0.165438,2.76862,19.1537,55.0035
0.052385,0.0228242,0.163745,1.12366,19.2646,55.0038
0.0513594,0.0149475,0.155939,2.83666,19.5121,55.0039
0.0503215,0.0492883,0.165509,3.08703,19.2134,55.0043
0.0521468,0.0119231,0.164532,1.91947,19.3339,55.0045
0.0502666,0.00787717,0.160964,3.26863,19.5881,55.0048
0.0532384,0.0265443,0.163844,0.44689,19.8322,55.0048
0.0522975,0.0259321,0.160473,1.22482,19.1674,55.0051
0.0521745,0.0367961,0.164913,1.00669,19.1351,55.0053
0.0504344,0.0241294,0.16263,3.31231,19.5969,55.0056
0.0504465,0.0149187,0.165253,3.09835,19.6902,55.006
0.0513392,0.0264147,0.158191,2.86511,19.7627,55.0063
0.0523444,0.0344294,0.163962,1.08966,19.6059,55.0067
0.0504557,0.0161703,0.161928,3.43059,19.6588,55.0067
0.0533053,0.00809374,0.160649,0.684572,19.5511,55.0067
0.0512188,0.00677547,0.160608,2.50486,19.0587,55.0068
0.0504119,0.00816923,0.156837,3.37877,19.5417,55.007
0.0512783,0.0527755,0.164712,2.37543,19.3425,55.0072
0.0533622,0.0242842,0.164326,0.346484,19.1964,55.0073
0.0512403,0.0419437,0.162227,2.78351,19.4425,55.0078
0.0521976,0.0580856,0.16539,1.69281,19.7926,55.0078
0.0523213,0.0424322,0.165232,1.11996,19.5068,55.0079
0.0512186,0.0526318,0.163854,2.95339,19.4029,55.0082
0.0533858,0.0123606,0.162046,0.0591036,19.5563,55.0084
0.050365,0.0447655,0.163448,3.58312,19.1336,55.0087
0.0514262,0.0114214,0.159084,2.82962,19.5767,55.0091
0.0513989,0.0232682,0.161547,2.93143,19.4074,55.0092
0.0503319,0.0541263,0.16578,3.92156,19.0662,55.0092
0.0513887,0.0289234,0.164773,2.00149,19.8058,55.0094
0.0522923,0.0271568,0.160575,1.75852,19.4881,55.0094
0.0513528,0.039705,0.16463,2.04612,19.5117,55.0095
0.0522889,0.0505781,0.165289,1.55624,19.6492,55.0095
0.0523401,0.0293861,0.161595,1.30648,19.9013,55.0096
0.0532888,0.0202196,0.162916,0.23996,19.4775,55.0099
0.0512834,0.054548,0.1658,2.7008,19.1479,55.0104
0.050342,0.030555,0.162203,3.9875,19.478,55.0108
0.0513814,0.015251,0.157196,2.07803,19.0783,55.0113
0.0522547,0.0178905,0.160003,1.26347,19.7225,55.0114
0.0503326,0.050789,0.164572,3.64787,19.3093,55.0116
0.049376,0.00876212,0.164866,4.68347,19.2902,55.0116
0.0514308,0.0147549,0.162339,2.12042,19.5729,55.0117
0.0522447,0.0373461,0.161909,1.80029,19.2766,55.0118
0.0510967,0.0105393,0.163711,2.55333,19.0787,55.0118
0.0503944,0.0325602,0.159843,3.07537,19.5087,55.012
0.0514098,0.017438,0.160119,2.72109,19.7177,55.0122
0.0523052,0.0329851,0.161745,1.4116,19.6562,55.0122
0.0511887,0.0359014,0.164429,2.8172,19.8139,55.013
0.0504321,0.0160207,0.156221,3.68729,19.4599,55.0131
0.0502657,0.015682,0.162373,3.31142,19.9786,55.0134
0.0523602,0.0291801,0.16284,1.21573,19.7195,55.0135
0.0503325,0.0478063,0.164311,3.64878,19.7419,55.0138
0.0514023,0.0251487,0.162953,2.31584,19.9899,55.014
0.0503197,0.0489622,0.165288,3.96322,19.3542,55.0143
0.0494057,0.00906017,0.165708,4.88267,19.9534,55.0143
0.0503995,0.0330419,0.160804,3.02086,19.3421,55.0144
0.0532428,0.0346867,0.165146,0.473153,19.8534,55.0145
0.0512733,0.0367548,0.159991,2.96198,19.2805,55.0147
0.0493723,0.0119254,0.165816,4.91691,19.716,55.015
0.0523388,0.0366394,0.164008,1.04644,19.7506,55.015
0.0513222,0.0449519,0.164621,2.46446,19.6363,55.0151
0.0511219,0.0109942,0.163298,2.40164,19.091,55.0151
0.0502218,0.0108473,0.161331,3.7567,19.1814,55.0156
0.0523125,0.021662,0.159654,1.98602,19.0605,55.0156
0.0514128,0.0205588,0.161067,2.10237,19.1452,55.016
0.0533493,0.0196393,0.163068,0.270625,19.1872,55.0167
0.0512467,0.058682,0.163453,2.87125,19.0915,55.0168
0.0504238,0.0161469,0.156364,3.87516,19.3224,55.0172
0.0513208,0.0481791,0.165593,2.25404,19.0846,55.0172
0.0502594,0.0279087,0.164629,3.36616,19.9976,55.0173
0.0523228,0.0428452,0.165348,1.75309,19.1592,55.0175
0.0501897,0.0136469,0.16201,3.62458,19.1857,55.0176
0.0502784,0.0321386,0.164772,3.44094,19.1891,55.0178
0.0504777,0.00671612,0.156276,3.48063,19.6113,55.0179
0.0503125,0.0285061,0.163036,3.81776,19.7845,55.0193
0.0504394,0.0190715,0.157885,3.76363,19.8154,55.0194
0.050415,0.032009,0.162339,3.50618,19.118,55.0195
0.053405,0.0151943,0.163357,0.80704,19.4861,55.0201
0.0504586,0.013356,0.157347,3.44253,19.053,55.0202
0.0502913,0.0199241,0.162524,3.67162,19.5124,55.0203
0.0513136,0.0361033,0.159444,2.29894,19.0382,55.0207
0.0510265,0.00865448,0.165481,2.81422,19.8443,55.0212
0.0523919,0.0128007,0.158587,1.6709,19.071,55.0216
0.0501255,0.0205764,0.164565,3.29163,19.8458,55.022
0.0512573,0.0287076,0.160507,2.87974,19.0453,55.022
0.050351,0.0114855,0.159505,3.67726,19.8897,55.0222
0.0501635,0.0249934,0.164109,3.73821,19.7115,55.0223
0.0512753,0.0237649,0.159319,2.09678,19.274,55.0226
0.0503792,0.044988,0.165393,3.75467,19.3812,55.0226
0.0512787,0.0303182,0.159367,2.87319,19.8676,55.0228
0.0513854,0.0242021,0.160722,2.25673,19.7719,55.0229
0.0522283,0.0421462,0.162403,1.9977,19.7636,55.0233
0.0503085,0.0278834,0.163022,3.17615,19.8124,55.0235
0.0521759,0.0609501,0.165527,1.73085,19.5977,55.0237
0.050337,0.0383615,0.162912,3.22979,19.3977,55.0237
0.0502728,0.029352,0.164381,3.51288,19.1133,55.0239
0.0504243,0.0263321,0.159998,3.63683,19.4969,55.0242
0.0503076,0.0209408,0.162127,3.17851,19.0614,55.0245
0.0533466,0.0325423,0.165582,0.980276,19.8871,55.0247
0.0522856,0.0247069,0.159781,1.17567,19.5223,55.0252
0.0510794,0.0124313,0.164033,2.93933,19.7763,55.0254
0.0511565,0.0190077,0.163447,2.54157,19.3447,55.0258
0.0512926,0.052149,0.164899,2.21908,19.863,55.026
0.0512006,0.0421364,0.164076,2.95273,19.4684,55.0263
0.0494504,0.00723746,0.16496,4.79862,19.7555,55.0263
0.0504322,0.0219718,0.165528,3.45471,19.8871,55.0264
0.0504097,0.0275752,0.158148,3.00374,19.1213,55.0265
0.050274,0.0120158,0.161241,3.84672,19.0043,55.0265
0.0502579,0.0231274,0.16357,3.52601,19.6204,55.0266
0.052334,0.018906,0.15911,1.31677,19.6346,55.0267
0.0523637,0.0321975,0.165834,1.72886,19.9183,55.0271
0.0512331,0.0244614,0.161347,2.90198,19.8104,55.0273
0.0494536,0.00899628,0.16532,4.98192,19.4955,55.0274
0.0514331,0.00982129,0.158281,2.66217,19.4426,55.0275
0.0521521,0.0204158,0.164718,1.34696,19.1909,55.0275
0.0513808,0.0336209,0.164112,2.85818,19.7573,55.0276
0.051321,0.0379062,0.161038,2.01393,19.5971,55.0276
0.0513029,0.0229593,0.157672,2.07295,19.6037,55.0279
0.0513767,0.0262256,0.160739,2.28728,19.9995,55.0279
0.0502309,0.0281244,0.164839,3.42196,19.3606,55.0279
0.0523434,0.0293613,0.161195,1.06566,19.5769,55.0281
0.0512557,0.0125528,0.159476,2.67639,19.3989,55.0282
0.050244,0.0325103,0.165463,3.95418,19.7273,55.0286
0.0512537,0.060916,0.165056,2.20041,19.1824,55.0286
0.0532883,0.022832,0.163091,0.763302,19.4393,55.0286
0.0501251,0.0191773,0.164285,3.57015,19.016,55.0286
0.0504591,0.0183495,0.159968,3.71166,19.1513,55.0287
0.0513206,0.013496,0.15638,2.1703,19.5083,55.0287
0.0532157,0.0311123,0.164741,0.397237,19.8353,55.0296
0.0512387,0.047774,0.162112,2.69236,19.7113,55.0297
0.0513391,0.0213811,0.156191,2.1379,19.3417,55.0297
0.0513299,0.0202162,0.156065,2.93214,19.4677,55.0302
0.0513177,0.0131805,0.156498,2.27,19.3731,55.0303
0.0522218,0.053432,0.164344,1.67477,19.6367,55.0304
0.0520517,0.00755197,0.165962,1.72496,19.9936,55.0304
0.0502653,0.00946564,0.160653,3.72958,19.6381,55.0304
0.0521545,0.0304674,0.165239,1.94527,19.2734,55.0307
0.0503097,0.0416138,0.164607,3.73414,19.2497,55.0311
0.0502241,0.0328163,0.165775,3.34932,19.1702,55.0311
0.0532811,0.031288,0.164619,0.0789224,19.8724,55.0312
0.0503344,0.0262538,0.161568,3.34567,19.3561,55.0318
0.0510937,0.0291372,0.166064,2.57465,19.7753,55.0321
0.0511315,0.028653,0.165244,2.35322,19.382,55.0323
0.0512007,0.030984,0.163171,2.8915,19.1659,55.0324
0.0512815,0.0427563,0.159709,2.79941,19.6399,55.0325
0.0503079,0.039174,0.164335,3.51966,19.3,55.0327
0.0523574,0.028575,0.161344,1.90478,19.7338,55.0327
0.0533396,0.0288332,0.164218,0.0146258,19.7508,55.0328
0.0512285,0.0344123,0.162101,2.02182,19.8,55.0329
0.0511938,0.00715394,0.160861,2.47116,19.0729,55.033
0.0504887,0.00676311,0.160413,3.10289,19.3186,55.0331
0.0494805,0.00736272,0.164904,4.22847,19.9365,55.0332
0.0514432,0.00995373,0.158576,2.78742,19.094,55.0334
0.0520846,0.00822287,0.165426,1.17355,19.332,55.034
0.0522414,0.0570243,0.1654,1.23234,19.6159,55.034
0.0494444,0.0104672,0.165568,4.78026,19.9624,55.0345
0.053238,0.0419675,0.1662,0.633336,19.2146,55.0345
0.0512579,0.0475213,0.160789,2.3695,19.5113,55.0347
0.0494232,0.00771875,0.164838,4.38289,19.63,55.0347
0.050442,0.0236024,0.162399,3.88184,19.9124,55.0349
0.0503307,0.0400358,0.163086,3.5112,19.9589,55.0352
0.0510824,0.0201252,0.164974,2.63457,19.1065,55.0352
0.0502339,0.00905118,0.160582,3.23589,19.6214,55.0352
0.0502483,0.0243593,0.163716,3.35925,19.6063,55.0353
0.0514338,0.0149398,0.162764,2.49079,19.3029,55.0353
0.0510186,0.0121738,0.165845,2.91924,19.5104,55.0355
0.0523599,0.00691739,0.157106,1.86805,19.1024,55.0355
0.0511683,0.0413423,0.165352,2.68386,19.3726,55.0357
0.0533592,0.0126414,0.161611,0.93162,19.466,55.0358
0.0523345,0.0379198,0.162948,1.09525,19.4362,55.0358
0.0513623,0.0131598,0.154775,2.8917,19.9366,55.0358
0.0514386,0.00984239,0.158265,2.9567,19.5596,55.0359
0.0513081,0.0322514,0.157843,2.61555,19.5175,55.036
0.0513089,0.0457983,0.163134,2.32494,19.4484,55.0361
0.0501036,0.0134771,0.165396,3.11752,19.0418,55.0364
0.0532515,0.0111158,0.16219,0.98013,19.6434,55.0366
0.051178,0.0601305,0.166075,2.38445,19.0686,55.0367
0.0504069,0.0295995,0.158376,3.65083,19.4488,55.0367
0.0521744,0.0250618,0.163937,1.26413,19.2457,55.0368
0.0522716,0.0587325,0.166082,1.41211,19.0229,55.0371
0.0502518,0.0175025,0.16225,3.47997,19.6096,55.0371
0.0524279,0.00892927,0.162655,1.99475,19.7016,55.0372
0.0501224,0.0359373,0.16605,3.88613,19.6273,55.0372
0.0504814,0.00787526,0.156506,3.58542,19.5502,55.0375
0.0504159,0.00997976,0.156047,3.41225,19.442,55.0377
0.0493498,0.0151131,0.16552,4.02515,19.0078,55.0381
0.0532303,0.0422433,0.166079,0.0364502,19.9304,55.0383
0.053372,0.0229591,0.16378,0.635094,19.815,55.0384
0.0522583,0.0473627,0.16335,1.21076,19.0979,55.0388
0.0523496,0.0190655,0.158945,1.97066,19.1873,55.0392
0.0521871,0.0206775,0.163084,1.148,19.4303,55.0393
0.0504316,0.0226229,0.165995,3.97594,19.2583,55.0399
0.0510355,0.0128442,0.165184,2.61074,19.1368,55.0399
0.0503589,0.0189193,0.159549,3.41455,19.8792,55.0405
0.0504423,0.0156896,0.155603,3.65204,19.5984,55.0406
0.052285,0.03175,0.160788,1.49532,19.6112,55.0406
0.0503659,0.0510122,0.166154,3.65556,19.9624,55.0406
0.0511554,0.0374831,0.165413,2.73945,19.5384,55.0406
0.0513214,0.0236244,0.156455,2.27949,19.6997,55.0407
0.0531804,0.0223356,0.166116,0.721134,19.8487,55.0408
0.0504698,0.0162009,0.160169,3.66886,19.1919,55.041
0.0503517,0.0447495,0.161795,3.98432,19.6439,55.041
0.049317,0.00906586,0.164386,4.72181,19.45,55.0413
0.0512078,0.0578646,0.164081,2.2914,19.0378,55.0413
0.0503931,0.0201764,0.157861,3.2656,19.9398,55.0413
0.050257,0.0174782,0.162102,3.90552,19.1988,55.0414
0.049389,0.0103361,0.164834,4.98467,19.1781,55.0414
0.051161,0.0491212,0.166197,2.41289,19.254,55.0418
0.0502129,0.0186284,0.162272,3.87169,19.7686,55.0418
0.0521668,0.0299405,0.164483,1.34457,19.3585,55.0419
0.0502067,0.0188932,0.162356,3.73463,19.486,55.0421
0.052304,0.0403098,0.162611,1.58604,19.0837,55.0422
0.0504824,0.00873474,0.161216,3.32425,19.6783,55.0422
0.0503344,0.0162913,0.160209,3.61976,19.9127,55.0423
0.0512365,0.0660764,0.164941,2.5627,19.1968,55.0426
0.0513492,0.0292531,0.159098,2.24754,19.4386,55.0427
0.0532053,0.0119998,0.164373,0.236644,19.8263,55.0427
0.0502878,0.026435,0.163065,3.93137,19.9398,55.0428
0.053344,0.0178402,0.162318,0.507614,19.6574,55.0433
0.0510548,0.0227238,0.165647,2.2388,19.3114,55.0437
0.051187,0.0743899,0.165788,2.43868,19.9277,55.0438
0.0521951,0.0592475,0.164914,1.2752,19.1019,55.0438
0.0493067,0.0100529,0.164525,4.57192,19.7525,55.0441
0.0493619,0.00691741,0.16197,4.79353,19.3151,55.0444
0.0513059,0.0359888,0.1584,2.94124,19.3499,55.0451
0.0494772,0.0096245,0.165124,4.72819,19.4696,55.0451
0.0494541,0.00910192,0.164799,4.24932,19.3526,55.0451
0.0504297,0.0247886,0.158561,3.444,19.0799,55.0453
0.0533013,0.0195127,0.162273,0.587751,19.1873,55.0456
0.0504625,0.0180871,0.15943,3.1921,19.1238,55.0457
0.0504234,0.029122,0.160434,3.07562,19.7329,55.0458
0.0511851,0.0762424,0.165905,2.13685,19.1042,55.0459
0.0511513,0.0338461,0.165071,2.66959,19.4924,55.0459
0.0494298,0.01093,0.165412,4.58998,19.538,55.0459
0.0512308,0.0550411,0.162458,2.12742,19.04,55.046
0.0513499,0.0299753,0.159349,2.9222,19.16,55.0463
0.0521992,0.0242898,0.162594,1.36812,19.2225,55.0465
0.0532251,0.0184472,0.163643,0.387916,19.962,55.047
0.05237,0.0293502,0.163166,1.6916,19.0093,55.0472
0.0513522,0.0450253,0.165877,2.71706,19.6724,55.0473
0.0534232,0.0093739,0.162106,0.861934,19.4608,55.0474
0.0503637,0.0488741,0.163437,3.7011,19.1674,55.0475
0.0511413,0.0259457,0.164351,2.94817,19.5327,55.0478
0.0533795,0.0271436,0.165254,0.861553,19.4407,55.048
0.0511666,0.0309372,0.164197,2.11381,19.6886,55.0481
0.0532112,0.0424226,0.165569,0.413904,19.4257,55.0481
0.0522678,0.0166643,0.158779,1.75619,19.4533,55.0482
0.050381,0.0379228,0.159379,3.72093,19.6415,55.0483
0.0493363,0.00806192,0.162935,4.70236,19.6723,55.0483
0.0514024,0.0260604,0.166075,2.53199,19.8247,55.0491
0.0513992,0.0244487,0.160589,2.43238,19.646,55.0491
0.0504481,0.0146802,0.155424,3.13919,19.5142,55.0491
0.0501966,0.0112384,0.16101,3.42881,19.8998,55.0491
0.0511769,0.0492101,0.165301,2.94622,19.5761,55.0492
0.0533844,0.0197569,0.163204,0.982449,19.7141,55.0496
0.0513762,0.0226402,0.158374,2.47781,19.2537,55.0496
0.0513242,0.0512816,0.165623,2.81399,19.6016,55.0502
0.0502771,0.0174411,0.161626,3.88563,19.6598,55.0509
0.0522571,0.0324442,0.160406,1.13771,19.3802,55.051
0.0503226,0.0293645,0.161957,3.02109,19.146,55.0512
0.0532025,0.0276852,0.165071,0.0577136,19.6344,55.0513
0.0511786,0.0688962,0.166062,2.96251,19.2125,55.0518
0.0524251,0.0108314,0.161507,1.98868,19.2811,55.0525
0.0510554,0.0160036,0.164463,2.31738,19.2197,55.0527
0.0513574,0.0331266,0.161073,2.91482,19.1089,55.0527
0.0522696,0.0563876,0.165234,1.92048,19.0127,55.0528
0.0502704,0.0401443,0.16535,3.9694,19.4946,55.0528
0.052285,0.0174421,0.15809,1.36935,19.4267,55.0529
0.0512465,0.0630014,0.163951,2.31026,19.0531,55.0529
0.0502303,0.0279234,0.16416,3.1217,19.3451,55.053
0.0503634,0.0187133,0.159029,3.19649,19.4232,55.053
0.0501509,0.035886,0.165707,3.49632,19.1601,55.0531
0.0502309,0.0246489,0.163457,3.94708,19.051,55.0532
0.0513898,0.0325117,0.164287,2.36566,19.1425,55.0532
0.051222,0.046271,0.162646,2.08308,19.513,55.0534
0.0511938,0.0121352,0.161125,2.51482,19.8531,55.0535
0.0503843,0.0424899,0.162308,3.77736,19.2304,55.0535
0.0512038,0.0240565,0.162069,2.14008,19.9128,55.0535
0.0503457,0.0425948,0.161679,3.20769,19.2154,55.0537
0.0513058,0.0253895,0.157114,2.40438,19.6769,55.0539
0.0512611,0.0569039,0.162344,2.39643,19.8545,55.0539
0.0533674,0.0316639,0.165823,0.755753,19.4323,55.0539
0.0512913,0.039848,0.158771,2.17674,19.1695,55.0539
0.0503454,0.0341145,0.161162,3.98803,19.0443,55.054
0.051225,0.0301181,0.161641,2.57521,19.7053,55.0541
0.053414,0.0178324,0.16456,0.763514,19.816,55.0542
0.0501607,0.0357792,0.165813,3.17385,19.5121,55.0542
0.0522323,0.0412471,0.161706,1.38999,19.8669,55.0543
0.0511444,0.0221712,0.163637,2.24531,19.3128,55.0546
0.053406,0.0222033,0.165972,0.208999,19.6414,55.0547
0.0504851,0.0108053,0.160069,3.93393,19.8379,55.0548
0.0513105,0.0227411,0.156768,2.08687,19.4286,55.0548
0.0504559,0.0200453,0.159191,3.95896,19.0338,55.055
0.0494681,0.0128712,0.165462,4.08598,19.1992,55.0551
0.0501341,0.0181013,0.163232,3.32898,19.1291,55.0552
0.0521811,0.0539892,0.164246,1.26459,19.7068,55.0556
0.0513148,0.0535349,0.165703,2.60052,19.8473,55.0558
0.0532033,0.0167909,0.164526,0.11386,19.5284,55.0558
0.0502423,0.0338656,0.165058,3.36524,19.4519,55.0559
0.0511008,0.0238721,0.164816,2.48479,19.3381,55.0559
0.0501864,0.0363812,0.166113,3.60659,19.2317,55.0561
0.052402,0.014268,0.158892,1.90995,19.6024,55.0562
0.0512609,0.0486323,0.160414,2.46124,19.6731,55.0565
0.0511662,0.0390978,0.164868,2.32774,19.0943,55.0565
0.0521642,0.0198566,0.163783,1.47708,19.0994,55.0566
0.052106,0.00780932,0.164565,1.19962,19.9705,55.0566
0.0510596,0.0242493,0.165622,2.11395,19.6125,55.057
0.0512337,0.0144663,0.160008,2.63761,19.0777,55.0571
0.0523923,0.0223588,0.161937,1.86939,19.8203,55.0572
0.0513897,0.0319208,0.162179,2.78295,19.1821,55.0574
0.0514298,0.0104571,0.157236,2.83513,19.6739,55.0575
0.0514514,0.00854872,0.15769,2.13858,19.7356,55.0577
0.0501202,0.0234501,0.164254,3.02908,19.784,55.0577
0.0503328,0.045894,0.162703,3.91414,19.9938,55.0578
0.0502957,0.00680184,0.159221,3.27833,19.5973,55.0578
0.0503245,0.0435949,0.163053,3.45972,19.085,55.0581
0.0501007,0.0120944,0.165088,3.99926,19.3351,55.0582
0.0534186,0.0138567,0.163294,0.941918,19.7155,55.0582
0.0521928,0.0385035,0.163235,1.9863,19.2761,55.0583
0.0510567,0.0235523,0.165535,2.8679,19.414,55.0587
0.0502987,0.0545374,0.165749,3.42169,19.5564,55.0587
0.0502193,0.0256527,0.163558,3.74895,19.2079,55.0588
0.0532032,0.0171163,0.164494,0.73304,19.1555,55.0591
0.0502765,0.00820079,0.159596,3.01359,19.0086,55.0593
0.0502734,0.0376386,0.164686,3.55136,19.7108,55.0596
0.053269,0.038867,0.1654,0.758449,19.6958,55.0598
0.0512981,0.0473492,0.161591,2.87031,19.919,55.0601
0.0511295,0.0130215,0.16279,2.84078,19.8359,55.0601
0.0512184,0.0303062,0.161851,2.10368,19.0352,55.0602
0.0504343,0.0302627,0.161789,3.57296,19.5327,55.0602
0.0522074,0.0557181,0.164062,1.65929,19.0183,55.0609
0.051173,0.0226625,0.162835,2.43981,19.4463,55.061
