beta,permeability,xi,init_days,delay,value
0.0529653,0.994387,0.0505374,0.715171,17.1221,35.2916
0.0527873,0.997982,0.0510302,0.814525,16.8701,35.4067
0.0527688,0.996586,0.0523673,0.940205,17.2383,35.4148
0.0528477,0.988928,0.0523158,0.291177,17.3113,35.433
0.0529531,0.980307,0.0509007,0.731391,17.4429,35.4834
0.0526876,0.998763,0.0524143,0.0222796,16.5106,35.5135
0.05281,0.990645,0.052484,0.954503,17.3385,35.5244
0.0527786,0.99373,0.0519531,0.623478,17.1789,35.5389
0.052769,0.996348,0.0514443,0.780409,17.1293,35.553
0.0527643,0.993688,0.0526894,0.865567,17.6985,35.5684
0.0528105,0.989954,0.0511655,0.501384,16.5822,35.6
0.052113,0.994416,0.0501589,1.83446,17.0861,35.6028
0.0528235,0.992708,0.0536722,0.566842,17.8165,35.6121
0.0528106,0.988153,0.0535303,0.550102,17.2486,35.6147
0.0529917,0.995044,0.0514131,0.59086,18.8489,35.6209
0.0530611,0.991342,0.050541,0.385643,18.9682,35.6234
0.0521905,0.994929,0.0504222,1.23292,18.2875,35.6285
0.0528439,0.988673,0.0508489,0.848732,16.1489,35.6348
0.0528508,0.985847,0.053215,0.307602,17.5672,35.6387
0.0530998,0.984999,0.0502431,0.14187,18.2021,35.6751
0.0528143,0.990336,0.0539236,0.190507,17.4834,35.6764
0.0530451,0.985071,0.051438,0.739251,18.4009,35.686
0.0530705,0.972341,0.050485,0.635619,17.6612,35.6953
0.0529876,0.973349,0.0512437,0.547718,17.9794,35.6987
0.0529131,0.996553,0.0535848,0.277011,18.7798,35.7138
0.0529907,0.987296,0.0526204,0.338753,18.3655,35.7254
0.0520709,0.998201,0.0524895,1.60811,18.24,35.7319
0.0527171,0.991864,0.0523634,0.515015,16.57,35.7416
0.0520606,0.994983,0.0512746,1.85911,17.8341,35.7435
0.0520167,0.994879,0.0509694,1.0039,17.9352,35.7497
0.0530512,0.983064,0.0513525,0.754735,18.5016,35.75
0.0528632,0.995222,0.0538817,0.889799,18.2846,35.753
0.0528473,0.995271,0.0510166,0.266955,16.0161,35.756
0.0530822,0.981292,0.0501841,0.183853,17.9349,35.7605
0.0527865,0.986232,0.0514263,0.36106,16.874,35.766
0.0526328,0.998329,0.055644,0.689888,17.0603,35.7782
0.0528269,0.996932,0.0543983,0.716664,18.1199,35.7799
0.0521825,0.989612,0.0511397,1.9629,18.0692,35.7812
0.0531405,0.974731,0.0505961,0.882781,18.1448,35.7826
0.052722,0.993908,0.055633,0.977069,17.2939,35.7907
0.0529724,0.995453,0.0506209,0.793081,18.3199,35.7932
0.053106,0.996795,0.0503169,0.0932434,18.2241,35.8075
0.0520952,0.988965,0.0507862,1.0878,17.0627,35.8104
0.0528803,0.981723,0.0508299,0.230793,16.0952,35.8137
0.0529487,0.97515,0.0522749,0.67388,17.4083,35.8151
0.0529451,0.983401,0.0525433,0.965455,17.0008,35.8228
0.0528866,0.989013,0.054172,0.679304,18.0319,35.8235
0.0527009,0.996907,0.056216,0.159967,17.6304,35.8379
0.0528819,0.991188,0.0549825,0.912575,18.4322,35.8415
0.0529896,0.998625,0.0525283,0.427343,18.2469,35.8436
0.0530349,0.988007,0.0507958,0.400045,17.0606,35.8484
0.0529763,0.9955,0.0502847,0.298255,18.7707,35.8507
0.0521805,0.989365,0.051487,1.78955,18.55,35.8534
0.0528911,0.982535,0.0501891,0.979099,17.1186,35.8743
0.0529195,0.998318,0.0511426,0.0828044,18.8485,35.875
0.0529749,0.986644,0.0519625,0.879851,17.9939,35.875
0.0530472,0.974366,0.0513533,0.743735,17.9218,35.8779
0.0521129,0.991399,0.0521774,1.01619,18.15,35.8803
0.053182,0.968135,0.0502789,0.198311,18.838,35.8827
0.0521037,0.986965,0.0510111,1.68251,17.9484,35.9028
0.0527108,0.997928,0.0579196,0.0351841,18.191,35.9031
0.0526473,0.998911,0.0572809,0.288016,17.8718,35.9072
0.0520057,0.997238,0.0526583,1.12754,17.8617,35.9161
0.052805,0.984262,0.0501304,0.225511,16.7283,35.9203
0.052777,0.998512,0.0569548,0.117425,18.6009,35.9206
0.0521588,0.989942,0.0521278,1.68434,18.046,35.9248
0.05219,0.989084,0.0517511,1.84727,18.281,35.926
0.0526016,0.998179,0.0577119,0.0965071,17.69,35.9272
0.0529197,0.975394,0.0504375,0.901008,16.9041,35.9371
0.0529604,0.986237,0.0523092,0.957867,18.3654,35.938
0.0528256,0.989291,0.0546993,0.479097,17.2359,35.9408
0.0528517,0.98884,0.0547812,0.69339,18.674,35.9446
0.0514066,0.996258,0.0502368,2.00858,18.0596,35.9454
0.0529022,0.998535,0.0512677,0.221022,18.2476,35.9499
0.0531043,0.987529,0.0513553,0.274278,18.288,35.9504
0.053081,0.984152,0.0504246,0.0589908,17.6052,35.953
0.05272,0.990587,0.0534194,0.439569,16.7625,35.9561
0.0529957,0.995011,0.0530486,0.831665,18.819,35.9657
0.0527474,0.995127,0.0576749,0.87718,18.7008,35.9719
0.0530084,0.976084,0.05287,0.419797,18.0891,35.9747
0.0527214,0.991402,0.0504758,0.620978,15.1088,35.9769
0.0529933,0.979167,0.0538104,0.562736,18.92,35.9784
0.0527753,0.994279,0.0503594,0.986698,17.3244,35.9799
0.0527768,0.984931,0.0535694,0.150973,17.1202,35.9815
0.053094,0.964059,0.0509536,0.258106,17.1081,35.9818
0.0521347,0.989605,0.0514297,1.3688,18.0357,35.9818
0.0529198,0.972764,0.0501777,0.778043,16.6361,35.9845
0.053169,0.973944,0.0510972,0.260828,18.238,35.9872
0.0527846,0.987975,0.0527062,0.375018,16.9862,35.9891
0.0527014,0.997255,0.0510512,0.769226,15.8134,35.992
0.053115,0.978156,0.0518674,0.867563,18.8393,35.9946
0.0531756,0.980112,0.0506254,0.535237,18.6441,35.9956
0.0530892,0.988658,0.0501832,0.623105,17.8927,35.9992
0.0528853,0.985148,0.053985,0.167457,17.4918,35.9996
0.0528961,0.977018,0.05117,0.00920474,16.393,36.0163
0.0529316,0.971383,0.0501424,0.0127944,16.1225,36.0169
0.0528515,0.985041,0.0560388,0.0783728,18.0224,36.0169
0.0526988,0.995742,0.0578281,0.939279,18.9176,36.0214
0.0529207,0.987781,0.0506629,0.0125754,16.2149,36.0216
0.0520181,0.994559,0.0538002,1.23739,18.8579,36.0265
0.052975,0.98843,0.0540072,0.188222,18.2642,36.0276
0.0529832,0.973581,0.0527061,0.626077,17.8074,36.0281
0.0526934,0.998618,0.0589908,0.709039,18.3304,36.0306
0.0531672,0.966039,0.0514695,0.204524,18.4853,36.0313
0.0522447,0.978409,0.0510966,1.96625,18.9666,36.0313
0.0529629,0.982606,0.0544863,0.784678,18.5364,36.0321
0.0530103,0.981179,0.051965,0.321859,17.4291,36.0339
0.0531308,0.996502,0.0517118,0.157938,19.131,36.0341
0.052156,0.986976,0.0526071,1.64821,18.1081,36.0365
0.0530981,0.997867,0.0517888,0.571342,19.9706,36.0367
0.0525906,0.996482,0.0541187,0.917249,16.6777,36.0371
0.05284,0.998527,0.0541053,0.255143,17.7094,36.0427
0.052893,0.986361,0.0538521,0.49796,17.3802,36.043
0.0531897,0.983023,0.0503032,0.128493,18.8396,36.043
0.0530768,0.993467,0.0517904,0.17387,18.6497,36.0442
0.052981,0.987089,0.0511761,0.365458,18.5875,36.045
0.052024,0.993117,0.0539367,1.16192,18.3755,36.0496
0.0527034,0.998439,0.0540439,0.950579,16.4504,36.053
0.0526698,0.992016,0.0501733,0.807622,15.8477,36.0534
0.0512899,0.998259,0.0520795,2.01903,18.318,36.0536
0.0522249,0.978481,0.0511915,1.58871,18.8853,36.0544
0.0519616,0.99851,0.0545381,1.76099,18.9119,36.0558
0.0528843,0.975999,0.0540164,0.904599,17.9326,36.0565
0.0526289,0.997733,0.0542098,0.879554,17.1958,36.0568
0.052725,0.993225,0.0584135,0.192714,18.7852,36.063
0.0520277,0.994955,0.054772,1.10647,18.0812,36.0646
0.0528831,0.974257,0.0510565,0.96553,16.1567,36.0677
0.0527078,0.996153,0.0588757,0.851825,18.8523,36.0692
0.052043,0.987207,0.0512968,1.51663,17.1297,36.0693
0.0521103,0.984409,0.0515999,1.16027,17.937,36.0727
0.0531204,0.981724,0.0517705,0.39447,18.8628,36.0742
0.0530865,0.996302,0.0525217,0.802907,19.2764,36.0745
0.0527361,0.987894,0.050649,0.729618,16.664,36.0745
0.0527025,0.996968,0.0590513,0.364088,18.2249,36.0748
0.0519207,0.996273,0.0530703,1.22191,17.5046,36.0776
0.05297,0.991567,0.0540229,0.496812,18.6319,36.0781
0.0528169,0.987454,0.0504393,0.39978,17.9967,36.0787
0.0531749,0.991242,0.050219,0.103746,18.6923,36.0817
0.0529252,0.977637,0.0537673,0.159616,17.9691,36.083
0.052151,0.985549,0.051408,1.70383,18.1365,36.0843
0.0520453,0.993489,0.0528166,1.85159,18.8292,36.0852
0.0531288,0.99515,0.0521161,0.911592,19.3239,36.0934
0.0527241,0.986664,0.051911,0.771669,16.9196,36.0939
0.0528914,0.97978,0.054298,0.252055,17.072,36.0949
0.0520544,0.998672,0.0545897,1.79489,18.8649,36.0951
0.052079,0.992679,0.0519472,1.10871,18.3455,36.0957
0.0522766,0.979419,0.0512116,1.19937,18.7246,36.0977
0.0531823,0.997357,0.0511501,0.0707244,19.2697,36.0998
0.0520052,0.998516,0.0533431,1.10529,17.8835,36.1004
0.0526771,0.994129,0.05756,0.954396,17.8667,36.1012
0.0522908,0.974177,0.0507778,1.61244,18.793,36.1022
0.053078,0.963588,0.0515635,0.26474,17.8071,36.1052
0.0529879,0.968849,0.050288,0.356573,17.3481,36.1064
0.0528871,0.974387,0.0512758,0.946708,16.2802,36.1116
0.0527544,0.986704,0.0530107,0.399222,17.3524,36.1122
0.0531473,0.990881,0.0502073,0.989788,19.0756,36.1136
0.0529235,0.985082,0.0529066,0.0235942,18.6923,36.1147
0.0530158,0.97094,0.0532308,0.825657,18.3504,36.1153
0.0526432,0.998589,0.0551114,0.124153,16.6043,36.117
0.0520807,0.990821,0.0521743,1.59091,18.7126,36.1186
0.0528304,0.988758,0.0571089,0.701287,18.3247,36.1192
0.0527067,0.988492,0.0539858,0.00054163,16.0029,36.1242
0.0519674,0.998495,0.0539255,1.31364,17.8523,36.1269
0.0520182,0.98829,0.0527653,1.21785,17.6775,36.1272
0.0520449,0.993055,0.0548773,1.27021,18.5826,36.1312
0.0530617,0.992334,0.0526767,0.729497,19.8869,36.1321
0.0529565,0.987432,0.0527842,0.515125,17.2527,36.1341
0.0530154,0.969771,0.0536743,0.627285,18.4584,36.1348
0.0529558,0.970049,0.0510483,0.860815,17.8008,36.1351
0.0532272,0.974338,0.0504306,0.135024,18.4186,36.1351
0.0531735,0.960935,0.0508858,0.637423,18.0096,36.136
0.0528596,0.979998,0.0509523,0.829737,17.5707,36.1381
0.0521213,0.986035,0.0535526,1.21046,18.3734,36.1382
0.0528871,0.979147,0.0545095,0.341896,17.9703,36.1397
0.0513946,0.988373,0.0509096,2.89598,18.6767,36.1418
0.0527143,0.984469,0.0563045,0.693999,17.9842,36.1428
0.0525575,0.997826,0.0545097,0.0529718,16.5495,36.1436
0.0513413,0.991635,0.0515071,2.13119,18.6269,36.1472
0.0526111,0.993867,0.0584284,0.0615201,17.3359,36.1473
0.052711,0.994448,0.0569729,0.16786,18.3911,36.1481
0.0531635,0.986201,0.0517844,0.752473,19.4257,36.1501
0.0529641,0.980197,0.052644,0.89065,18.2604,36.1524
0.0530985,0.994944,0.0527836,0.869755,19.7459,36.1525
0.0520032,0.993269,0.0540453,1.01843,18.7124,36.1548
0.0526568,0.997544,0.0581185,0.655942,17.82,36.155
0.0530983,0.989796,0.0503384,0.365684,17.5855,36.1564
0.0519568,0.995284,0.0561184,1.2351,18.8338,36.1601
0.052926,0.975286,0.05513,0.953615,18.6089,36.1619
0.0529731,0.972921,0.0547181,0.355399,18.6195,36.1663
0.0527543,0.982921,0.0532692,0.248789,16.2241,36.1695
0.0530994,0.976814,0.0509244,0.215117,17.9261,36.1705
0.0520801,0.99119,0.0546501,1.01835,18.7145,36.1712
0.0522734,0.996834,0.0514358,1.04161,19.4312,36.172
0.052297,0.991202,0.051153,1.43924,19.7232,36.1721
0.0526855,0.996711,0.0571511,0.0343582,18.9094,36.1726
0.0529655,0.985862,0.0502858,0.858796,16.9602,36.1737
0.0528797,0.976312,0.051478,0.336633,17.0156,36.1751
0.0521349,0.979416,0.0514289,1.99601,17.1801,36.177
0.0527466,0.981773,0.0560443,0.354133,17.8816,36.1775
0.0526223,0.993464,0.051095,0.571102,15.0543,36.1776
0.0532095,0.982967,0.0513066,0.434788,19.7305,36.1784
0.0530641,0.991978,0.0518337,0.512377,19.9555,36.1837
0.0525987,0.994182,0.0569311,0.905114,17.5567,36.1857
0.0532261,0.979333,0.050613,0.600417,19.7684,36.1873
0.0519311,0.997022,0.0569582,1.11625,18.3148,36.188
0.0525304,0.998384,0.0553989,0.957314,16.2533,36.1914
0.0520423,0.989428,0.0550908,1.50086,18.0715,36.1956
0.053215,0.955035,0.0512358,0.628543,18.3802,36.2022
0.0525705,0.996351,0.0559848,0.838834,16.2549,36.2041
0.0530098,0.964031,0.0527017,0.425082,17.8343,36.2102
0.0519059,0.996485,0.0567251,1.7829,18.9136,36.2135
0.0527629,0.988537,0.0564887,0.44174,18.6783,36.2138
0.0528507,0.980564,0.0557224,0.94257,18.5655,36.2144
0.053162,0.995335,0.050747,0.620488,18.8414,36.2161
0.0528318,0.977025,0.0523924,0.332826,16.5762,36.2166
0.0530315,0.971907,0.0542751,0.146636,18.6401,36.2166
0.0529708,0.992849,0.0545444,0.94804,19.2668,36.2188
0.0522912,0.989854,0.0511051,1.7935,19.7411,36.2189
0.0529384,0.968527,0.0520151,0.125578,17.8698,36.2204
0.0526383,0.991823,0.050876,0.489484,15.3926,36.2205
0.0521353,0.983571,0.0537556,1.22646,18.2712,36.2217
0.0520315,0.987319,0.0546436,1.14356,18.7746,36.2226
0.0522218,0.982611,0.0505247,1.53397,17.2783,36.2232
0.0531268,0.983712,0.052674,0.492258,19.1285,36.2238
0.0526149,0.996931,0.0613086,0.827094,18.6045,36.2243
0.0528509,0.992261,0.0520309,0.327224,16.2555,36.2244
0.0521205,0.981078,0.0532879,1.8975,18.9754,36.2267
0.0529685,0.99515,0.0535563,0.694258,19.7483,36.2302
0.0525659,0.996514,0.0529503,0.0102075,15.4688,36.2333
0.0529472,0.968789,0.0509552,0.0452345,16.7125,36.2389
0.0531956,0.994428,0.0503036,0.10776,18.1621,36.2408
0.0519839,0.991717,0.0508543,1.98913,16.3989,36.2419
0.0512494,0.996337,0.0506682,2.95206,17.1019,36.2428
0.0531605,0.982412,0.0509307,0.669111,19.9507,36.2457
0.0532503,0.987674,0.0507798,0.952225,19.4234,36.2474
0.0529498,0.98158,0.0535099,0.612045,17.6671,36.2477
0.0512881,0.993775,0.0530995,2.98156,18.7063,36.2495
0.0525953,0.997868,0.0544321,0.355236,17.4029,36.2546
0.0522478,0.972443,0.051911,1.02352,18.5013,36.2559
0.0525934,0.992605,0.0546654,0.289325,16.8862,36.2577
0.0529593,0.968952,0.0537224,0.276845,17.1027,36.26
0.053197,0.963767,0.0501522,0.159783,17.639,36.2606
0.051943,0.99412,0.051395,1.08874,16.7282,36.2608
0.0530285,0.986818,0.0541011,0.772712,19.6382,36.263
0.0530108,0.975373,0.0519077,0.147984,18.3276,36.2667
0.0529732,0.99492,0.0552785,0.276438,19.7534,36.2695
0.0532353,0.970331,0.0508133,0.570836,18.5948,36.2717
0.0529259,0.996418,0.0543929,0.0152755,19.3459,36.2721
0.0527639,0.992141,0.0565555,0.872913,17.8764,36.2728
0.0526997,0.986939,0.0513562,0.787454,15.2854,36.2733
0.0530622,0.972425,0.0510945,0.00316208,18.0004,36.2746
0.0521217,0.995633,0.0516839,1.92128,17.9673,36.2753
0.0514728,0.993137,0.0503308,2.08002,18.8346,36.2766
0.0520628,0.994502,0.0502064,1.72349,16.8306,36.2813
0.0530562,0.963194,0.0533876,0.305561,18.0372,36.2814
0.0521294,0.985119,0.0521121,1.58238,17.4747,36.2815
0.0527988,0.992486,0.0581862,0.899874,18.5099,36.2818
0.0523823,0.992696,0.0501655,1.83767,19.7706,36.2828
0.0527658,0.99551,0.0544526,0.509931,18.2301,36.2835
0.0530907,0.983237,0.0525259,0.607388,19.9337,36.2842
0.0526087,0.992459,0.0589193,0.484778,17.1627,36.2842
0.0521908,0.987785,0.050895,1.30985,17.0063,36.2846
0.0529659,0.998005,0.0524773,0.539762,17.4158,36.2855
0.0529547,0.98459,0.0514085,0.194909,18.3476,36.2858
0.0525933,0.993865,0.0537365,0.958713,16.897,36.2863
0.0521385,0.997491,0.0534067,1.95969,18.2117,36.2867
0.0522485,0.975946,0.0505107,1.70374,17.6062,36.2869
0.0530309,0.984941,0.0543509,0.0572816,19.9167,36.2925
0.0528375,0.993725,0.0526565,0.855627,18.4807,36.2931
0.0527785,0.98447,0.0535981,0.167604,16.3167,36.294
0.0520153,0.986587,0.0533914,1.28013,17.1759,36.2943
0.0525756,0.996168,0.0511895,0.0200088,15.2005,36.2949
0.0523063,0.966352,0.0506143,1.28653,18.4045,36.2951
0.0520008,0.992392,0.0538736,1.68632,17.4686,36.2958
0.0526407,0.997125,0.0615986,0.196343,18.8934,36.2979
0.0529667,0.983486,0.0552053,0.460474,18.0761,36.2992
0.0525882,0.998905,0.059622,0.00240107,18.583,36.2995
0.0524927,0.998635,0.0601061,0.0719546,17.2927,36.3001
0.0527893,0.981725,0.0571986,0.0181955,18.9019,36.3004
0.0530635,0.980176,0.0516432,0.53678,17.6339,36.3023
0.0532103,0.956893,0.0519133,0.225077,18.0293,36.307
0.0526846,0.994474,0.0581068,0.143602,17.1012,36.3073
0.0530133,0.962489,0.0502098,0.324131,16.7224,36.3075
0.0521403,0.978793,0.0527197,1.86779,18.9184,36.3102
0.0528131,0.989196,0.0543811,0.254487,18.332,36.3108
0.0530374,0.964097,0.0540082,0.669321,18.1636,36.3116
0.0525467,0.998836,0.0529647,0.980648,16.2039,36.3117
0.0527295,0.984859,0.0539384,0.100965,17.3565,36.3124
0.0518887,0.998651,0.0582631,1.23756,18.5462,36.3136
0.0522481,0.969887,0.0516483,1.24003,18.1457,36.3141
0.0531255,0.95957,0.0517583,0.454449,17.6107,36.3154
0.0532006,0.99872,0.0513177,0.81407,19.8371,36.3161
0.0531008,0.994359,0.053212,0.379533,19.6532,36.3191
0.052887,0.974924,0.0555189,0.811015,18.112,36.3204
0.0526516,0.990091,0.05527,0.683447,16.717,36.3215
0.0522379,0.991884,0.051515,1.16695,19.7825,36.3226
0.053337,0.963615,0.0502369,0.85538,19.8023,36.3228
0.053277,0.957347,0.0509713,0.190374,18.1568,36.324
0.0532314,0.970789,0.0509804,0.36382,18.5354,36.3249
0.0528397,0.983109,0.0501538,0.0200811,15.6202,36.3255
0.0512742,0.998269,0.0538265,2.16422,18.2357,36.3258
0.0532873,0.985032,0.0504722,0.969059,19.0498,36.3284
0.0530905,0.994954,0.0523032,0.662669,18.1472,36.3292
0.0526902,0.995772,0.0607368,0.295246,18.2749,36.3311
0.0528258,0.974526,0.0516619,0.170336,16.2311,36.3326
0.0528064,0.983395,0.0533598,0.0579254,16.9961,36.3333
0.0522613,0.987221,0.0517369,1.14849,18.7298,36.334
0.0520003,0.992563,0.0511057,1.05954,16.8562,36.3345
0.0526895,0.989641,0.0531422,0.465089,17.1397,36.335
0.0519763,0.993882,0.0570082,1.17064,18.3237,36.3351
0.0527975,0.979601,0.0576159,0.961551,18.2421,36.3354
0.0527396,0.996124,0.0594623,0.337846,18.7007,36.3362
0.0531347,0.974576,0.0525586,0.324483,18.0035,36.3398
0.0529617,0.976096,0.0559588,0.648907,18.7261,36.3411
0.0527455,0.989852,0.0509805,0.97323,17.8493,36.3443
0.0531737,0.986144,0.0512853,0.895546,18.7028,36.3462
0.0532595,0.973634,0.0513971,0.736175,19.1654,36.3476
0.0527945,0.982176,0.0586529,0.98286,18.6744,36.3476
0.0525844,0.996314,0.0597453,0.126861,17.9663,36.3491
0.0527599,0.993758,0.0548422,0.520031,18.4017,36.3498
0.0530283,0.972332,0.0548725,0.485772,18.0804,36.3503
0.0532921,0.950676,0.0509506,0.124611,18.8067,36.351
0.0527252,0.98589,0.059906,0.977721,18.6309,36.3535
0.0528832,0.982714,0.0572604,0.666082,18.7932,36.3538
0.0529044,0.968401,0.0512301,0.689737,16.4745,36.3548
0.0523269,0.975623,0.0512744,1.65994,18.2405,36.3571
0.0529529,0.998468,0.0558751,0.233342,19.755,36.358
0.052248,0.99436,0.0504362,1.99838,19.4865,36.3585
0.0530349,0.981002,0.0549251,0.50074,19.6202,36.3587
0.0529389,0.965937,0.0503172,0.485342,16.089,36.3592
0.0522029,0.993437,0.0520822,1.59186,19.7371,36.3599
0.0525783,0.993517,0.0520702,0.107426,14.7915,36.3606
0.0521177,0.99557,0.0547349,1.53739,19.3238,36.3608
0.0527824,0.977277,0.0521977,0.973941,16.2049,36.3612
0.0512368,0.995762,0.0542806,2.99961,18.9659,36.3618
0.0523422,0.965192,0.0511629,1.84866,18.5032,36.3638
0.0526,0.995347,0.0533655,0.728284,15.3473,36.364
0.0526467,0.991594,0.0587918,0.595177,17.2777,36.3641
0.0527291,0.980082,0.0562515,0.716782,17.2011,36.3652
0.0518826,0.994379,0.0541503,1.74874,17.7107,36.3663
0.0520914,0.992821,0.0549841,1.51921,18.8578,36.3682
0.052084,0.995141,0.0506024,1.82549,18.1046,36.3688
0.0528089,0.976228,0.0537885,0.86562,17.4604,36.372
0.0520246,0.993986,0.0509875,1.94844,16.7663,36.3728
0.05299,0.976615,0.0507563,0.881013,16.1244,36.373
0.0519283,0.994683,0.0555817,1.33725,18.9653,36.3756
0.0524395,0.998681,0.0505209,0.353469,12.9344,36.3767
0.0526258,0.991147,0.0591145,0.206464,17.5327,36.3774
0.052787,0.997258,0.0590256,0.310373,19.9656,36.3782
0.0526071,0.992694,0.0528054,0.803835,16.0376,36.3799
0.0524986,0.99659,0.0524563,0.886484,14.9284,36.3807
0.0526959,0.986291,0.0548312,0.000977806,16.628,36.3815
0.0528387,0.994448,0.0578443,0.862573,19.8503,36.3817
0.0531539,0.97209,0.0532435,0.783934,19.8073,36.3821
0.0532071,0.978533,0.0511461,0.109125,18.6631,36.3823
0.0523061,0.987846,0.0518791,1.77299,19.1584,36.3829
0.0523356,0.973658,0.0513018,1.75354,18.4416,36.3835
0.0519541,0.991209,0.0519927,1.22593,17.3669,36.3841
0.0532751,0.983217,0.0508833,0.0661197,19.9564,36.3866
0.0520893,0.977913,0.051577,1.9201,17.7507,36.3878
0.0518919,0.997489,0.0525338,1.83566,16.1096,36.3887
0.0527164,0.981557,0.0557577,0.0967558,17.7701,36.3888
0.0528562,0.971874,0.0509421,0.966686,16.1249,36.3918
0.0527225,0.992962,0.0507854,0.0756271,17.2852,36.3958
0.0531312,0.974494,0.0527712,0.871284,18.0947,36.3959
0.0522212,0.988437,0.0533604,1.61294,19.5197,36.3978
0.0523913,0.980265,0.0507512,1.26886,19.0187,36.3981
0.052585,0.995786,0.0552206,0.643512,17.3489,36.3989
0.0532006,0.971659,0.0516587,0.416879,18.9223,36.3989
0.0531001,0.977586,0.0531332,0.311591,19.0959,36.4009
0.052585,0.994476,0.0534667,0.156467,15.3854,36.4016
0.0514798,0.990442,0.0506109,2.10705,19.8876,36.4017
0.0528774,0.973366,0.0560261,0.946797,18.084,36.4027
0.052686,0.984094,0.0560123,0.143182,17.4453,36.4037
0.053178,0.970135,0.0530512,0.155297,19.5662,36.404
0.0531212,0.9762,0.0527352,0.112821,19.8106,36.4055
0.0530149,0.976576,0.0510348,0.434663,18.5313,36.4057
0.0530709,0.957549,0.0526103,0.67325,17.885,36.4082
0.0527592,0.98343,0.0513095,0.706901,15.7435,36.4084
0.0529407,0.986942,0.0508245,0.500728,18.5226,36.4089
0.0522762,0.992899,0.0523321,1.56779,19.6117,36.4107
0.0529312,0.972191,0.0566639,0.351953,18.0345,36.4122
0.0527335,0.995164,0.0551441,0.103067,18.6764,36.4126
0.0530086,0.997663,0.0549986,0.661542,19.5224,36.4127
0.0526177,0.993561,0.0597451,0.866081,18.6733,36.413
0.052775,0.980102,0.0578259,0.260775,18.4871,36.4139
0.0529886,0.997885,0.0553819,0.0778011,19.6256,36.4147
0.0513648,0.987271,0.0526785,2.93651,18.5485,36.4153
0.0519455,0.988806,0.0542108,1.53145,17.1831,36.4154
0.0521819,0.994395,0.0522691,1.642,19.0383,36.4155
0.0529191,0.990389,0.0560525,0.971201,18.2303,36.4167
0.0529238,0.970113,0.0566605,0.00751737,18.0596,36.4178
0.0511903,0.99763,0.0513978,2.0591,17.3345,36.4182
0.0526685,0.988744,0.05111,0.526663,14.3478,36.4184
0.0522877,0.969612,0.0503144,1.13121,17.4061,36.4195
0.052484,0.992392,0.0503503,0.0848217,13.0254,36.4205
0.0527653,0.976587,0.0557265,0.535129,17.7113,36.4219
0.0530382,0.979146,0.0548587,0.97366,19.7897,36.4219
0.0529127,0.96869,0.0548827,0.0601755,17.1787,36.4228
0.0532321,0.947622,0.0510975,0.460121,18.9522,36.4246
0.0529441,0.964898,0.0511303,0.131473,16.7016,36.4251
0.0528481,0.992783,0.0576192,0.592672,19.3447,36.4252
0.0528609,0.997962,0.0554516,0.0997792,19.7108,36.4258
0.052832,0.986863,0.0583178,0.50955,18.9802,36.4267
0.0527639,0.98368,0.0570537,0.616543,18.5231,36.427
0.0522105,0.97115,0.0520295,1.83484,18.3779,36.4275
0.052827,0.981356,0.0505713,0.705968,15.3165,36.4277
0.0521758,0.997076,0.0530773,1.02213,18.9951,36.4282
0.0514,0.994708,0.0519957,2.09522,19.3447,36.4293
0.0523192,0.970574,0.0519669,1.12007,18.9707,36.4296
0.0530874,0.971152,0.0501266,0.866743,18.0672,36.4304
0.0518582,0.997875,0.0533856,1.63586,17.4107,36.4308
0.0533754,0.944243,0.0502064,0.291259,18.1094,36.4321
0.0532319,0.96894,0.0522622,0.232158,19.1387,36.4325
0.0530193,0.968934,0.0555335,0.566347,18.0544,36.4325
0.0524765,0.994202,0.0514265,0.482052,13.8376,36.4352
0.0532735,0.962385,0.0518316,0.579545,19.2096,36.436
0.0530723,0.973424,0.0541073,0.964803,18.8293,36.438
0.0530061,0.984546,0.0527396,0.672602,17.9753,36.4391
0.0528844,0.986498,0.0549035,0.55122,17.6182,36.4415
0.0523016,0.979286,0.0521797,1.18193,19.7877,36.4418
0.0532848,0.985289,0.0507656,0.0685092,19.836,36.4419
0.0525326,0.990989,0.0511184,0.854588,13.4152,36.4422
0.0526654,0.997268,0.0567248,0.47555,18.5743,36.4459
0.0527733,0.99771,0.0598033,0.24695,19.9404,36.4477
0.0528823,0.975175,0.0502848,0.884885,17.3686,36.4481
0.0523404,0.984873,0.0516243,1.09714,19.0856,36.4494
0.0528092,0.996802,0.0581153,0.597292,18.1524,36.4501
0.0531833,0.970527,0.0504174,0.64304,17.8926,36.4509
0.0527166,0.98703,0.05773,0.824031,18.6791,36.4524
0.0529828,0.971582,0.0539583,0.451763,17.4365,36.454
0.0528747,0.97718,0.0581428,0.368529,18.0962,36.4544
0.052791,0.978665,0.0592362,0.54479,18.2019,36.4548
0.053204,0.962411,0.0523085,0.552859,18.0138,36.4561
0.0522736,0.966968,0.0504917,1.06083,17.9328,36.4581
0.0527402,0.998294,0.0540135,0.355713,18.1228,36.4584
0.0522244,0.983661,0.0532225,1.33281,19.6457,36.4598
0.0530951,0.96757,0.0541229,0.804169,18.632,36.46
0.0527582,0.982981,0.057391,0.506018,17.2152,36.4607
0.0528725,0.974925,0.0506311,0.731636,17.7518,36.4613
0.0527197,0.980157,0.0535159,0.738682,16.6811,36.4633
0.0532347,0.991082,0.0504751,0.987649,18.4194,36.4643
0.0529321,0.970213,0.0519343,0.241843,16.9351,36.4664
0.0529418,0.978422,0.051636,0.979948,16.9395,36.4678
0.0529925,0.96417,0.0511191,0.17241,16.5348,36.4682
0.0520004,0.983597,0.052705,1.05868,17.4858,36.4685
0.0531859,0.969873,0.0531292,0.583906,19.6766,36.4696
0.0513702,0.985299,0.0505198,2.51403,18.5094,36.4697
0.0525322,0.997878,0.0508429,0.876673,15.6898,36.4713
0.0530746,0.979992,0.054713,0.552,19.6091,36.472
0.0521921,0.995589,0.0539684,1.76022,19.2696,36.4721
0.052265,0.984927,0.0516448,1.07217,19.8236,36.4724
0.051894,0.993976,0.0567152,1.40717,18.2263,36.4742
0.0514326,0.987659,0.0518488,2.8896,18.8187,36.4751
0.0520095,0.998368,0.0569731,1.77979,19.3637,36.4752
0.0531765,0.945635,0.0501315,0.647168,17.1029,36.4773
0.0530559,0.962865,0.0531779,0.6753,17.8356,36.4799
0.0528725,0.99529,0.0505824,0.951226,18.3792,36.4825
0.0521069,0.980638,0.0527527,1.17101,18.6862,36.4829
0.0525677,0.99206,0.0625063,0.981116,18.5011,36.4834
0.0526736,0.99657,0.0508781,0.586425,14.9408,36.4845
0.052969,0.964505,0.0557725,0.262534,18.6096,36.4853
0.0531458,0.965546,0.0513946,0.860095,17.7859,36.4853
0.0529329,0.993499,0.0557772,0.656129,18.9184,36.4854
0.0521127,0.997701,0.0554534,1.97863,19.3692,36.4858
0.0519859,0.984434,0.053656,1.99597,17.3734,36.4859
0.0531479,0.957748,0.053712,0.379109,18.196,36.4871
0.0513867,0.986383,0.0526701,2.7366,18.8601,36.4878
0.0528616,0.969638,0.0512642,0.103644,16.659,36.4889
0.0520415,0.983646,0.0537562,1.82578,17.799,36.4916
0.0519933,0.985129,0.0521154,1.84673,17.9641,36.4931
0.0513476,0.985565,0.0502425,2.72144,17.4221,36.4933
0.0519931,0.988772,0.0505057,1.5314,17.7528,36.4942
0.0530094,0.970185,0.0522963,0.290386,18.2614,36.4999
0.0530011,0.986741,0.054845,0.265808,18.0725,36.5001
0.0520329,0.980827,0.0520807,1.08408,17.8637,36.5007
0.0531767,0.981443,0.0529569,0.885912,19.1305,36.5012
0.0530328,0.993024,0.0550269,0.138298,19.1564,36.5014
0.0520901,0.976402,0.051365,1.52768,17.0796,36.5021
0.052681,0.991741,0.0573988,0.94928,18.7721,36.5028
0.052855,0.990904,0.0576937,0.800966,18.8377,36.5054
0.0521663,0.989346,0.0540063,1.69683,18.6113,36.5065
0.0529036,0.995234,0.0543117,0.278962,19.9973,36.5067
0.0532943,0.952961,0.051351,0.354147,18.0088,36.5077
0.0525381,0.995294,0.0638348,0.406925,18.4834,36.508
0.0527577,0.985583,0.0545376,0.926503,16.208,36.5087
0.0532632,0.961582,0.0515105,0.085746,19.037,36.5098
0.0530063,0.98807,0.0546949,0.208961,18.0892,36.5101
0.0525311,0.994339,0.0554613,0.951654,16.6031,36.5114
0.0531283,0.98006,0.0511781,0.564531,19.5794,36.5133
0.0522422,0.965533,0.052812,1.52627,18.5207,36.514
0.0519401,0.995733,0.0524086,1.94953,16.4995,36.5146
0.0531595,0.967538,0.0529721,0.853401,18.2307,36.515
0.0518592,0.994816,0.0592677,1.55261,18.6544,36.5159
0.0521836,0.995189,0.0543189,1.36241,19.1212,36.516
0.0533227,0.944004,0.0511444,0.215378,18.644,36.5184
0.0531474,0.982041,0.0523952,0.619253,18.276,36.5203
0.053236,0.974659,0.0523052,0.733487,19.9478,36.5227
0.0531074,0.971603,0.0538023,0.692557,19.6367,36.523
0.053132,0.975381,0.0519556,0.0332537,19.0907,36.5241
0.0524364,0.974972,0.0506076,1.55559,19.3506,36.5263
0.0526081,0.988878,0.0569679,0.420498,17.706,36.5266
0.0528357,0.996227,0.052644,0.963631,16.1999,36.5267
0.0513561,0.996392,0.0529204,2.85201,18.6904,36.5282
0.0529309,0.964155,0.0502691,0.137793,16.6908,36.5285
0.053028,0.96248,0.0556142,0.238616,18.8891,36.5296
0.0521717,0.990076,0.0515526,1.2435,17.0172,36.5302
0.0530807,0.960621,0.0522032,0.76938,18.188,36.5327
0.0530212,0.956817,0.0534654,0.674774,17.5558,36.5334
0.052627,0.998454,0.0517488,0.264077,17.9058,36.5339
0.0513951,0.994453,0.0517796,2.49592,19.952,36.5339
0.0530959,0.981159,0.0517437,0.903098,19.3509,36.534
0.0520945,0.981859,0.0559203,1.54256,18.0846,36.534
0.0512844,0.990264,0.0513388,2.16494,17.6073,36.5357
0.0515691,0.98899,0.0503599,2.4158,19.6693,36.536
0.0527695,0.984935,0.0560709,0.325171,18.6585,36.5366
0.0530162,0.993728,0.0554126,0.881999,19.8989,36.5382
0.0525642,0.988424,0.0512319,0.916529,13.8809,36.5391
0.0519573,0.995722,0.0522876,1.47614,16.8434,36.5401
0.0532303,0.945083,0.0519534,0.771777,18.049,36.5408
0.051995,0.99769,0.0521261,1.8196,18.8457,36.5419
0.051862,0.993472,0.0586865,1.62807,18.9702,36.5425
0.0527266,0.980654,0.050844,0.352449,15.6045,36.5425
0.0520678,0.988058,0.0520135,1.54455,18.7932,36.5442
0.05282,0.993385,0.0584393,0.598609,18.3118,36.5451
0.0531995,0.980356,0.0516363,0.0656933,18.8972,36.5467
0.05229,0.976584,0.0502204,1.14312,17.4864,36.5471
0.0528478,0.982114,0.0560769,0.60314,17.2589,36.5489
0.0527994,0.982308,0.0598207,0.133407,18.1925,36.5496
0.0511772,0.998052,0.0524291,2.06343,17.4539,36.5512
0.0526763,0.983356,0.0612944,0.708194,18.9884,36.5513
0.053205,0.946411,0.0520014,0.961864,18.1148,36.5514
0.0532078,0.982828,0.0514234,0.934671,18.5388,36.5533
0.05266,0.984536,0.051526,0.00387928,14.3706,36.5538
0.0528261,0.978954,0.0509343,0.0352764,15.2595,36.5552
0.051997,0.994439,0.0527109,1.38979,18.13,36.5557
0.0515011,0.973415,0.0511476,2.12602,18.5241,36.5559
0.0520277,0.982972,0.0511087,1.77286,17.3191,36.556
0.0528164,0.992748,0.0532041,0.684165,16.3054,36.5561
0.0532694,0.98347,0.050435,0.149983,18.9533,36.5568
0.0531099,0.978889,0.0517229,0.589845,19.7603,36.5582
0.0511921,0.995344,0.0515953,2.15522,17.3411,36.5584
0.052927,0.96835,0.0522218,0.405722,16.9398,36.5628
0.0521232,0.974899,0.0527303,1.45077,17.851,36.564
0.0524484,0.997734,0.0542015,0.915263,14.0042,36.5644
0.0505568,0.994886,0.0505785,3.46059,18.7077,36.5648
0.0527044,0.986174,0.0525108,0.179495,17.2581,36.5664
0.0520103,0.988313,0.0545482,1.27679,17.2064,36.5672
0.0527326,0.982669,0.0608937,0.408356,18.6453,36.5675
0.05254,0.993677,0.0625256,0.222456,18.8115,36.5675
0.0527905,0.974552,0.058984,0.530325,18.6709,36.5679
0.0528079,0.973635,0.0583107,0.394916,18.0773,36.5682
0.052985,0.978139,0.055965,0.734079,18.8276,36.5697
0.0529259,0.996196,0.0572022,0.229586,19.0935,36.5697
0.0520603,0.981943,0.0507026,1.03864,16.74,36.5717
0.053142,0.97865,0.0528029,0.462029,18.296,36.5717
0.0530095,0.959294,0.0509408,0.95872,16.7068,36.5728
0.0528681,0.973383,0.0503412,0.959773,15.0319,36.573
0.0518357,0.994815,0.0588281,1.79991,18.5426,36.5733
0.0524423,0.964142,0.0506005,1.12284,19.0224,36.5734
0.0527832,0.977209,0.0540962,0.46538,16.8017,36.574
0.0523008,0.979934,0.0512489,1.36816,19.7674,36.574
0.0513303,0.995904,0.054166,2.06391,19.5837,36.5749
0.0513833,0.979318,0.0526268,2.97495,18.2687,36.5753
0.051376,0.980011,0.051582,2.8776,18.9283,36.5755
0.0522318,0.966002,0.051257,1.1817,17.4641,36.5781
0.0524973,0.994094,0.0535237,0.155142,14.5947,36.5788
0.0523353,0.975148,0.0512612,1.0983,19.7442,36.5789
0.0512321,0.99757,0.0517041,2.38424,18.9963,36.5791
0.0524955,0.99735,0.0541563,0.525862,14.2482,36.5796
0.0513177,0.986362,0.0537979,2.87002,18.1299,36.5798
0.05277,0.985937,0.0503887,0.375173,17.6968,36.5803
0.0522162,0.971653,0.0511358,1.23437,18.5024,36.581
0.0525582,0.990805,0.0554379,0.284572,16.1051,36.5823
0.0520749,0.977235,0.0532146,1.46372,17.6545,36.5824
0.0514918,0.983045,0.0513446,2.2284,19.3306,36.5832
0.053299,0.973632,0.0513886,0.173924,19.172,36.5835
0.0528231,0.986812,0.0593295,0.569421,19.0693,36.5848
0.0521203,0.98337,0.0529556,1.57216,17.8036,36.587
0.0527555,0.974694,0.0561412,0.156582,17.0235,36.5882
0.0523808,0.993015,0.0509,1.5274,19.9662,36.589
0.0529093,0.992659,0.0543409,0.179609,19.2285,36.5905
0.0512157,0.992847,0.0550201,2.49377,18.7542,36.5912
0.0531168,0.961077,0.0523925,0.701297,17.746,36.5914
0.0522979,0.997579,0.0512792,1.21504,18.04,36.592
0.0519177,0.988218,0.057728,1.41832,18.0527,36.5931
0.0527845,0.982988,0.0602288,0.120369,18.6639,36.5936
0.0525443,0.996102,0.0578383,0.921901,16.894,36.5954
0.052062,0.992437,0.056764,1.90471,19.2398,36.5955
0.0514459,0.991751,0.0505771,2.66581,19.3566,36.596
0.0527275,0.982874,0.0582694,0.627602,17.499,36.5961
0.0512039,0.993802,0.0514097,2.586,17.9544,36.5961
0.0514805,0.989961,0.0521765,2.607,19.5106,36.5965
0.0525551,0.989209,0.0513631,0.0645188,14.1537,36.5969
0.052191,0.991252,0.0546629,1.26168,19.4974,36.5971
0.0526591,0.986392,0.0622911,0.839724,18.6156,36.5979
0.0529708,0.99777,0.0551991,0.973054,18.6746,36.6002
0.0513266,0.994309,0.051194,2.60472,17.3747,36.6012
0.0528882,0.967431,0.0524773,0.12133,16.0699,36.6017
0.052102,0.979457,0.0528221,1.06534,18.7579,36.6023
0.0514472,0.985628,0.0520569,2.50589,19.4317,36.6028
0.0531704,0.994248,0.0527382,0.500248,19.7057,36.6029
0.0521963,0.969868,0.0544173,1.08092,18.1292,36.604
0.0527317,0.980675,0.0508815,0.345988,16.7544,36.6061
0.0525486,0.997503,0.0543299,0.320122,17.5376,36.6064
0.0533867,0.949279,0.0502349,0.0411239,19.0923,36.6069
0.0506155,0.998762,0.0513415,3.85482,18.0948,36.6083
0.0522035,0.979937,0.0516604,1.54642,17.1237,36.6087
0.0529614,0.992109,0.0509322,0.426332,16.0388,36.6088
0.0528536,0.97892,0.0508296,0.960934,15.956,36.6093
0.0527926,0.975513,0.0506782,0.19846,16.3874,36.6094
0.052488,0.992146,0.0524193,0.378591,13.9114,36.61
0.0522495,0.990682,0.0535653,1.67601,19.0439,36.6102
0.0529346,0.96402,0.0571833,0.926685,18.8569,36.612
0.0527272,0.978295,0.0543088,0.863394,16.563,36.6133
0.051983,0.997285,0.0548187,1.2273,17.4605,36.6133
0.0526573,0.985835,0.0623738,0.329706,18.9502,36.6134
0.0531578,0.994882,0.0519416,0.0918067,18.7903,36.6134
0.0526744,0.997581,0.0557995,0.195808,18.4553,36.6135
0.0529799,0.987592,0.0534971,0.70806,17.1996,36.6136
0.0526301,0.986946,0.0627795,0.566323,18.0334,36.6139
0.0529723,0.973235,0.0543559,0.682101,17.3282,36.6143
0.0524901,0.995501,0.0542049,0.0864136,14.0369,36.6154
0.0506697,0.993278,0.0514579,3.0233,19.3745,36.6157
0.052434,0.952648,0.0509948,1.79312,18.9655,36.6167
0.0521077,0.989262,0.0561441,1.65358,19.8757,36.6167
0.0527479,0.977074,0.059309,0.195062,18.1365,36.6167
0.0523372,0.972794,0.0524464,1.92558,19.2616,36.6181
0.0521277,0.972512,0.0524655,1.92144,17.6583,36.6181
0.0529746,0.965125,0.0546882,0.789821,17.1046,36.6182
0.0521463,0.981504,0.0509264,1.62818,18.6633,36.6186
0.0523396,0.99122,0.050877,1.24522,18.5732,36.6187
0.0521435,0.988325,0.0557389,1.02971,19.7054,36.6198
0.052781,0.977872,0.0602507,0.978245,18.135,36.62
0.0521364,0.989484,0.0559178,1.99686,19.567,36.62
0.0533668,0.97445,0.0503082,0.777548,19.9359,36.6204
0.0520885,0.996886,0.0528674,1.67761,17.4218,36.6221
0.0528802,0.973341,0.0587814,0.409765,18.7222,36.6225
0.0532011,0.964873,0.0520126,0.733134,19.3667,36.6243
0.0520623,0.97979,0.056621,1.06358,18.5714,36.6252
0.0507341,0.995893,0.0508756,3.63756,19.6368,36.6257
0.0529933,0.984027,0.0536605,0.810907,19.119,36.626
0.0521267,0.993607,0.0559582,1.21364,19.223,36.6262
0.0531055,0.986951,0.0532515,0.478612,18.7437,36.6271
0.0519703,0.987759,0.0550964,1.01152,18.156,36.6279
0.0522994,0.97796,0.0501387,1.00598,17.2284,36.628
0.0525084,0.990125,0.0521205,0.0588805,13.5095,36.6285
0.0521067,0.975959,0.0534932,1.05295,18.8887,36.6288
0.0530523,0.958661,0.0557531,0.143973,18.8587,36.6289
0.0529536,0.981882,0.0515272,0.604584,16.9551,36.629
0.0523183,0.981158,0.0528151,1.78849,19.6297,36.6307
0.0529447,0.962773,0.0517329,0.161239,16.9877,36.6319
0.0530041,0.966984,0.0514691,0.690805,16.5653,36.6324
0.0531402,0.986027,0.0508251,0.302677,17.1012,36.6325
0.051281,0.996743,0.05491,2.64311,19.2241,36.6326
0.052018,0.997364,0.0541702,1.2121,17.9106,36.6327
0.052836,0.992977,0.050345,0.978189,15.867,36.6341
0.0529004,0.967601,0.0517029,0.476998,17.0791,36.6343
0.0532262,0.947153,0.0530326,0.239944,18.9828,36.6343
0.0513656,0.979698,0.0527864,2.62596,18.1486,36.6344
0.0523534,0.976526,0.0523699,1.8118,19.4038,36.6348
0.0527094,0.980661,0.0522032,0.289829,16.0502,36.6357
0.0525594,0.993708,0.0560965,0.800596,17.9876,36.6359
0.0521291,0.971867,0.0522978,1.52692,17.0288,36.6361
0.052553,0.997444,0.0647351,0.473468,18.7233,36.6363
0.0524932,0.996212,0.0506505,0.148745,12.9867,36.6366
0.0523123,0.995483,0.0521415,1.74742,19.2826,36.6369
0.0520424,0.979689,0.0513312,1.01078,17.7035,36.6405
0.0520918,0.987705,0.0557704,1.69113,19.7826,36.641
0.0518282,0.994852,0.0600402,1.25235,18.7435,36.641
0.0528271,0.991406,0.0575088,0.953186,19.4382,36.6413
0.0529379,0.98479,0.0577921,0.896716,19.9757,36.642
0.0513835,0.978921,0.0529937,2.08636,18.8115,36.6421
0.0527251,0.980863,0.0538906,0.871886,17.8198,36.6424
0.0515451,0.984732,0.0502616,2.75303,18.4758,36.6434
0.052799,0.972921,0.0541891,0.442232,17.2371,36.6442
0.0527126,0.991387,0.0505414,0.348401,17.829,36.6442
0.0532508,0.978582,0.0521337,0.0314379,19.5088,36.6448
0.0531221,0.994606,0.0526737,0.265628,18.5501,36.6448
0.0530803,0.983412,0.0512291,0.453031,19.9247,36.6455
0.0519741,0.983418,0.0542775,1.81696,17.0032,36.6456
0.0519862,0.98381,0.0521506,1.45983,17.7252,36.6459
0.0513069,0.987998,0.0515,2.89782,17.7871,36.6468
0.051946,0.985785,0.0583447,1.22332,18.5458,36.6469
0.0518132,0.99678,0.0605794,1.36414,18.7022,36.6476
0.0529988,0.985505,0.053345,0.580758,17.7908,36.6479
0.0518607,0.99385,0.0573721,1.46919,18.6455,36.6494
0.052966,0.97254,0.054585,0.495442,17.0499,36.6501
0.0529896,0.998316,0.0560025,0.295929,19.4903,36.6502
0.0528483,0.967241,0.0557333,0.361676,17.5118,36.6502
0.0527215,0.986122,0.051139,0.241704,14.7169,36.6516
0.0526301,0.996532,0.0516647,0.656573,17.653,36.6518
0.0527672,0.988659,0.0605729,0.528551,19.3364,36.6521
0.0526985,0.980737,0.0554346,0.698838,17.597,36.6537
0.0511962,0.997288,0.0559865,2.21461,18.5927,36.6539
0.0524305,0.994668,0.0528514,0.389095,13.5247,36.6545
0.0528237,0.996789,0.0557748,0.0384087,19.932,36.655
0.0520814,0.994122,0.0558112,1.87303,18.3981,36.655
0.0527887,0.996711,0.0604649,0.797619,19.9184,36.6562
0.0533158,0.96758,0.0505171,0.0664993,18.875,36.657
0.052604,0.989044,0.0561187,0.97034,17.0354,36.6574
0.0513075,0.986669,0.0513384,2.08935,17.6669,36.6574
0.0512282,0.994169,0.0554781,2.74275,18.7455,36.6582
0.0525437,0.997206,0.0615786,0.691019,17.6314,36.6599
0.0524652,0.998527,0.0589251,0.0763078,17.6288,36.6605
0.0525293,0.992111,0.0557911,0.37513,16.9259,36.6608
0.0531513,0.989968,0.0534059,0.995377,19.0708,36.6609
0.0533915,0.931421,0.0502431,0.359362,18.0549,36.6612
0.0530568,0.951448,0.0518592,0.134794,17.6583,36.662
0.0532237,0.987918,0.0512425,0.503249,18.1263,36.6622
0.0524788,0.997758,0.053177,0.144607,15.3104,36.6623
0.0529224,0.973493,0.0553902,0.800957,17.5133,36.6634
0.0513448,0.996698,0.0522829,2.73133,19.7155,36.6645
0.0523664,0.966723,0.0519727,1.91881,19.8215,36.6665
0.0525669,0.99514,0.0577401,0.692959,16.0455,36.6672
0.0530926,0.991122,0.0534696,0.375859,18.0191,36.6675
0.0525615,0.988391,0.0528663,0.587188,14.3944,36.668
0.0521356,0.97115,0.0555157,1.70739,18.5057,36.6681
0.0529731,0.998775,0.0504165,0.559102,19.7906,36.6682
0.0520605,0.9758,0.0520486,1.13336,17.2545,36.6683
0.052023,0.980061,0.0541132,1.55279,17.7279,36.6695
0.0527743,0.973537,0.0598885,0.00437015,18.0515,36.6705
0.0527043,0.978744,0.0608978,0.62885,18.9491,36.6709
0.0533997,0.968933,0.0501296,0.609113,19.065,36.671
0.0530045,0.992264,0.0550394,0.855944,18.3049,36.6712
0.0530306,0.974926,0.0565158,0.690182,19.6091,36.6724
0.0522763,0.987883,0.0501832,1.54098,17.607,36.6728
0.053285,0.984758,0.0503697,0.464861,18.6568,36.6729
0.0525351,0.99419,0.0535338,0.0775375,16.4136,36.6734
0.0528583,0.987772,0.0503411,0.746747,15.5966,36.6742
0.0522144,0.965967,0.0543546,1.94823,18.5226,36.6755
0.0532869,0.989408,0.0501331,0.582516,18.3994,36.6762
0.052148,0.98529,0.0558407,1.25124,19.1888,36.6772
0.0528395,0.989001,0.0506053,0.452692,15.3227,36.6783
0.0528566,0.96875,0.0590808,0.649741,18.5518,36.6784
0.052071,0.980973,0.0532098,1.44567,18.7421,36.6789
0.0527915,0.984643,0.0550121,0.854402,18.0038,36.6802
0.052272,0.965089,0.0506709,1.59711,18.5396,36.6809
0.0506081,0.996098,0.0516763,3.93804,18.18,36.6811
0.0530021,0.965557,0.0516297,0.988903,16.9288,36.683
0.0529326,0.962483,0.0568138,0.104325,18.3956,36.684
0.0523511,0.953541,0.0521135,1.4414,18.2188,36.6841
0.0522874,0.979871,0.0536501,1.92408,19.9069,36.6857
0.051188,0.995794,0.0503147,2.65104,17.89,36.6881
0.0518894,0.99742,0.0510228,1.04317,15.0174,36.6881
0.0525763,0.990045,0.0538262,0.944315,16.3293,36.6889
0.0523436,0.975684,0.0518131,1.23548,18.9829,36.6891
0.053035,0.955247,0.0559525,0.618522,18.4981,36.6896
0.0512613,0.991388,0.05189,2.48178,18.4839,36.6901
0.0530211,0.957178,0.0546981,0.599231,18.9324,36.6906
0.0527864,0.987211,0.0599784,0.578079,19.6132,36.6919
0.0515724,0.993952,0.0504016,2.11382,19.1855,36.6922
0.0520743,0.98367,0.0567442,1.09352,18.1359,36.6929
0.0531107,0.959814,0.0527567,0.355123,17.0567,36.693
0.0527018,0.980387,0.0618883,0.43763,18.8106,36.6943
0.0517908,0.99785,0.0575418,1.69508,17.8715,36.6947
0.0528496,0.966029,0.0549046,0.855763,17.2061,36.6952
0.0526372,0.992553,0.0568619,0.0750158,16.5864,36.6954
0.0528197,0.991834,0.0563689,0.0675384,17.7914,36.6959
0.0528743,0.971451,0.0506519,0.276755,15.6773,36.6967
0.0527821,0.971503,0.0567382,0.538172,17.5645,36.6983
0.0530608,0.991095,0.0551375,0.325077,19.7383,36.6986
0.0526131,0.98768,0.0537406,0.369272,15.4324,36.6986
0.0514837,0.98481,0.0527428,2.47944,19.618,36.6987
0.0528781,0.987914,0.0563034,0.852811,19.8337,36.6999
0.0527449,0.974896,0.0556283,0.932112,17.4416,36.7005
0.0523331,0.968468,0.0527508,1.37288,19.4104,36.7018
0.0527284,0.978227,0.050755,0.476807,15.2442,36.7027
0.0533375,0.959677,0.0506469,0.533367,18.5624,36.7037
0.0528952,0.964012,0.058161,0.897812,18.9759,36.7043
0.0518441,0.995587,0.0604942,1.8953,18.3452,36.7051
0.0519276,0.98801,0.0590453,1.96753,18.1695,36.7053
0.0527125,0.977269,0.0541092,0.461115,16.3941,36.7056
0.0521794,0.967522,0.0521186,1.83837,17.6525,36.7057
0.0523773,0.986078,0.0506993,1.74607,18.9399,36.7063
0.0523419,0.987113,0.0512868,1.10336,18.5612,36.7068
0.0527843,0.997378,0.0567889,0.74922,17.5944,36.7073
0.0528477,0.973204,0.0508494,0.963502,17.4432,36.7076
0.0521149,0.989569,0.0529333,1.21917,17.0654,36.7095
0.0527772,0.974123,0.0605814,0.314708,18.7448,36.7101
0.0528368,0.990322,0.0599779,0.375537,19.6775,36.7107
0.0523163,0.960602,0.0531103,1.64676,18.1351,36.7109
0.0515174,0.967917,0.0513244,2.82178,18.9329,36.7109
0.052507,0.995247,0.0545126,0.0112196,14.1956,36.7111
0.052391,0.988513,0.0503917,1.24353,18.1108,36.7117
0.0531587,0.962074,0.0536506,0.549338,19.5484,36.7117
0.0526425,0.989846,0.0506156,0.730615,13.0016,36.7121
0.0529955,0.9887,0.0566373,0.863218,19.966,36.7122
0.0531285,0.956203,0.0549852,0.482176,18.9778,36.7126
0.0533634,0.952888,0.0515695,0.0896019,19.1404,36.7133
0.052861,0.994642,0.0580134,0.585956,18.392,36.7141
0.0529217,0.987325,0.0583503,0.733027,19.6228,36.7148
0.0513671,0.983356,0.0536193,2.29952,18.8402,36.715
0.0527229,0.977052,0.0510864,0.583163,14.3204,36.7154
0.052955,0.991022,0.0512784,0.974455,16.7283,36.7176
0.0513166,0.992665,0.0552756,2.13119,19.4405,36.7182
0.0526076,0.988556,0.0517494,0.892788,16.0044,36.7193
0.0525639,0.991775,0.0563326,0.116981,17.5898,36.7196
0.0519637,0.99439,0.0502004,1.97656,15.193,36.7199
0.0530433,0.972202,0.0548018,0.381897,19.2121,36.72
0.0514155,0.985272,0.0535337,2.78687,19.7105,36.7204
0.0527529,0.979789,0.0550737,0.817393,16.4084,36.7211
0.052749,0.977999,0.0502351,0.794736,16.1658,36.7224
0.0526249,0.994734,0.0571075,0.309483,16.1215,36.7227
0.0507083,0.991337,0.0516066,3.49566,19.4944,36.7235
0.0518627,0.990287,0.054774,1.5304,17.6059,36.7239
0.051239,0.987954,0.0541925,2.93255,18.2159,36.7244
0.0525686,0.996711,0.0579823,0.598515,16.8538,36.7245
0.0527555,0.990281,0.0503285,0.734761,14.1029,36.7253
0.0523514,0.96918,0.0527562,1.19666,19.0702,36.7259
0.0522,0.980978,0.055323,1.94596,19.5988,36.7263
0.0527606,0.974154,0.0578298,0.158111,17.9461,36.7266
0.0518501,0.997255,0.0514247,1.25025,15.0013,36.7268
0.0524872,0.96954,0.0505746,1.92122,19.8354,36.7268
0.0528124,0.975296,0.050229,0.0796626,14.2081,36.7272
0.0529855,0.958144,0.0515573,0.155956,17.5795,36.7274
0.0529132,0.976152,0.0583018,0.365973,19.9685,36.7282
0.0533789,0.953024,0.0513629,0.857356,19.6846,36.7283
0.0530832,0.96066,0.0516227,0.942677,18.7547,36.7286
0.0528139,0.990187,0.0578733,0.339915,19.0047,36.7297
0.0529693,0.987874,0.0573046,0.4685,19.9739,36.7297
0.0524334,0.96961,0.0515796,1.15126,19.606,36.7299
0.0528333,0.970688,0.0572781,0.0490099,18.8337,36.7313
0.0528555,0.995814,0.0545426,0.869524,19.1461,36.7329
0.051861,0.99807,0.0541132,1.97866,16.3258,36.7335
0.0527957,0.994309,0.0572385,0.588644,19.6467,36.7338
0.0526922,0.995698,0.0631025,0.228679,19.0086,36.7339
0.0528806,0.978413,0.0588013,0.841044,19.0501,36.734
0.052607,0.984307,0.0524766,0.715662,14.7973,36.7355
0.0525774,0.992906,0.0612325,0.633898,17.9132,36.7357
0.0525689,0.989856,0.0574473,0.143323,16.2535,36.7384
0.0532555,0.97081,0.051633,0.613752,18.6275,36.7386
0.0512265,0.990394,0.0503954,2.84552,17.6013,36.7388
0.0529994,0.979766,0.0572047,0.0196531,19.5298,36.7393
0.0514136,0.989874,0.0526014,2.01612,18.1328,36.7394
0.0532881,0.988581,0.0502884,0.104542,18.8971,36.7395
0.0514802,0.981524,0.0527106,2.14731,19.206,36.7405
0.0527035,0.977702,0.0584764,0.118134,17.7867,36.7408
0.0527271,0.97551,0.0535562,0.667934,16.7182,36.741
0.0528056,0.996722,0.0512891,0.434444,18.789,36.7417
0.0530293,0.971991,0.0569164,0.510534,19.7995,36.7422
0.0533129,0.939999,0.0523733,0.742541,18.0383,36.7428
0.0528498,0.990924,0.0598408,0.735271,19.7861,36.7436
0.0522614,0.965558,0.0540459,1.68197,18.9937,36.7452
0.0526993,0.981466,0.050151,0.7089,13.1912,36.7454
0.053229,0.953083,0.0531991,0.728997,18.2178,36.7456
0.0531195,0.980301,0.0503339,0.969281,19.8444,36.7456
0.0524244,0.996572,0.0504519,1.72195,19.6381,36.7485
0.0530956,0.956827,0.0557271,0.712289,18.1612,36.7487
0.0531049,0.96744,0.054721,0.741709,18.2265,36.7491
0.0527144,0.989838,0.0622835,0.0391884,19.8828,36.7491
0.0512258,0.989771,0.0555956,2.0034,18.4051,36.7493
0.0530353,0.979211,0.0532144,0.401347,17.4831,36.7499
0.05199,0.994497,0.0591963,1.85455,19.4072,36.7504
0.05202,0.981438,0.0509353,1.66745,17.5693,36.7509
0.0505729,0.994483,0.0523767,3.54476,18.9972,36.7512
0.0514633,0.980376,0.0518473,2.97793,19.3506,36.7513
0.0525834,0.986468,0.0518647,0.689511,13.2132,36.7515
0.051819,0.998503,0.0580213,1.21126,17.7186,36.755
0.0525639,0.987346,0.0534437,0.451106,14.4471,36.7556
0.053242,0.937031,0.05105,0.362903,17.3723,36.7558
0.052573,0.991937,0.051893,0.964382,13.492,36.7563
0.0529699,0.99249,0.0517032,0.0898848,19.5985,36.7567
0.053159,0.963233,0.0549076,0.153549,19.009,36.7568
0.0522305,0.964166,0.0519809,1.16356,18.9773,36.7569
0.0527464,0.976236,0.0544684,0.211419,17.1277,36.7572
0.0507245,0.99141,0.0515452,3.98538,19.0155,36.7579
0.0507099,0.980243,0.0501674,3.57021,18.8029,36.7582
0.0520966,0.983395,0.0567699,1.28015,19.9925,36.7584
0.0524373,0.995765,0.0547827,0.395711,14.6996,36.7585
0.0519593,0.984316,0.0504259,1.65446,16.7662,36.7585
0.0521601,0.988197,0.0548273,1.92574,18.4593,36.7587
0.0523829,0.98111,0.0519261,1.9228,19.1318,36.7588
0.0512748,0.993618,0.0523807,2.03724,17.5541,36.759
0.0530034,0.993696,0.0504295,0.275975,16.4632,36.7601
0.0524818,0.995101,0.0560174,0.886388,16.5487,36.7605
0.0519486,0.987919,0.0512717,1.86824,17.2803,36.7612
0.050657,0.991696,0.0523783,3.30354,19.3004,36.7616
0.0519572,0.997594,0.0601449,1.27834,19.2434,36.762
0.0523068,0.987512,0.0530297,1.02448,19.7651,36.7624
0.0528729,0.992237,0.0580861,0.434149,18.8258,36.7629
0.0518111,0.996288,0.0579372,1.72949,17.7027,36.7634
0.0524752,0.994405,0.0599451,0.824013,17.5895,36.7635
0.0523066,0.975091,0.0513136,1.58367,19.7916,36.7642
0.0513876,0.980593,0.0534586,2.43583,18.7295,36.7643
0.0530882,0.975037,0.0546106,0.401243,18.4161,36.765
0.0518622,0.990572,0.0544448,1.53053,17.7107,36.7657
0.0531243,0.991357,0.054137,0.29891,19.1248,36.7661
0.0528754,0.986272,0.0596038,0.672787,19.8125,36.7661
0.0526369,0.983235,0.0632144,0.555674,18.9033,36.7665
0.0532138,0.982728,0.0529156,0.120309,19.3492,36.7668
0.0529942,0.956523,0.0561117,0.16267,18.9868,36.7671
0.0530783,0.97696,0.0547066,0.775125,18.8445,36.7684
0.0532143,0.949077,0.0503258,0.203746,18.8806,36.769
0.0523422,0.96925,0.0531728,1.57409,19.1333,36.7691
0.0528959,0.99442,0.0574804,0.517462,18.4364,36.7695
0.0528208,0.970964,0.0539738,0.86868,16.2425,36.7703
0.0527943,0.976481,0.0578398,0.0245428,17.2021,36.7712
0.0532919,0.939656,0.0501374,0.0896529,18.5423,36.7716
0.0518609,0.989538,0.0589055,1.81746,18.4569,36.7726
0.0524346,0.962959,0.0518094,1.67124,19.6543,36.7733
0.0522816,0.995644,0.0530969,1.47952,19.5351,36.7733
0.0518431,0.995981,0.0608428,1.76768,18.9752,36.775
0.0529094,0.986379,0.0589094,0.649207,19.6368,36.7752
0.051892,0.992613,0.05604,1.93292,18.2807,36.7753
0.0529069,0.962091,0.0578917,0.949709,18.7152,36.7757
0.0524075,0.996744,0.0535168,0.0794319,14.1248,36.7761
0.0520914,0.974283,0.0538065,1.30616,17.2032,36.7768
0.0528968,0.981444,0.058287,0.90891,18.5931,36.7772
0.053146,0.971744,0.0537105,0.0493841,18.7924,36.779
0.0525357,0.99594,0.0543437,0.511362,17.7612,36.7793
0.0532399,0.989302,0.0522679,0.267693,19.0457,36.7796
0.0528141,0.973817,0.057507,0.227168,17.1454,36.7797
0.0533595,0.931163,0.0515043,0.796329,18.105,36.7797
0.0534362,0.931458,0.050737,0.11577,18.3997,36.7837
0.0526716,0.994443,0.0561078,0.0410517,18.5026,36.7844
0.0517744,0.998765,0.0542551,1.05829,16.4487,36.7851
0.0526285,0.988189,0.0543848,0.575758,15.5584,36.7864
0.0513284,0.994994,0.0557156,2.56864,19.645,36.7866
0.0511751,0.99441,0.0527066,2.50711,17.5151,36.7866
0.0530889,0.949717,0.0545003,0.578811,18.0284,36.7879
0.0527233,0.995311,0.0525327,0.498569,15.5023,36.788
0.0529708,0.985924,0.0564549,0.632316,18.5169,36.79
0.0527583,0.986291,0.0608076,0.60522,19.2277,36.7901
0.0525559,0.991694,0.0614302,0.912139,18.5342,36.7906
0.0529236,0.995884,0.0579499,0.711797,19.0705,36.7918
0.0513377,0.981098,0.0504119,2.48408,17.9882,36.7919
0.0529743,0.984242,0.0541368,0.620597,17.5361,36.7925
0.0521074,0.973449,0.0536614,1.10751,17.0023,36.7927
0.0519425,0.998372,0.0588424,1.63924,18.8092,36.7928
0.0533875,0.929041,0.0503013,0.286653,18.4305,36.7939
0.0524873,0.996613,0.0562916,0.729382,15.3638,36.794
0.0515301,0.983471,0.0509166,2.2943,18.4831,36.7946
0.0528077,0.96889,0.0529766,0.601843,16.9402,36.7952
0.0531026,0.969157,0.0532161,0.913306,19.7926,36.7954
0.0528492,0.966913,0.0512052,0.278511,16.6904,36.7961
0.0525247,0.987565,0.0527938,0.743077,13.0909,36.7967
0.0527382,0.998691,0.05024,0.86193,14.7938,36.797
0.0533159,0.991756,0.0511127,0.756781,19.895,36.7976
0.0522477,0.975775,0.0528316,1.03879,19.5406,36.798
0.0530462,0.967504,0.0567328,0.462805,19.8942,36.7987
0.053087,0.952293,0.0535504,0.194655,17.3618,36.7991
0.0519241,0.988937,0.0517799,1.1482,17.0947,36.7993
0.0532527,0.979814,0.051465,0.929211,18.1144,36.8002
0.0531571,0.961189,0.0535114,0.144008,19.1486,36.8006
0.0515346,0.983836,0.0520797,2.01473,19.6682,36.8008
0.0522202,0.964489,0.0520932,1.17197,17.7944,36.8012
0.0530226,0.970248,0.0539698,0.251759,17.9795,36.8033
0.0525943,0.988497,0.0517783,0.483782,13.0056,36.8038
0.0526528,0.991226,0.0542094,0.230442,15.8444,36.804
0.0513764,0.996554,0.0509411,2.11273,19.371,36.8041
0.0532311,0.957143,0.0540198,0.944065,19.0346,36.8043
0.052673,0.983624,0.053659,0.326866,15.1238,36.8045
0.053156,0.960286,0.0537552,0.0351166,19.6372,36.8047
0.0511638,0.99478,0.0539854,2.51561,18.7262,36.8054
0.0531112,0.992827,0.0533556,0.573933,18.028,36.8057
0.0513415,0.992422,0.0539898,2.50202,18.4765,36.8057
0.0504834,0.997114,0.0517157,3.74517,18.6293,36.8059
0.0499137,0.998395,0.0510501,4.2125,19.0849,36.8064
0.0527351,0.97699,0.0515089,0.87328,14.3502,36.8065
0.0527015,0.982227,0.0626397,0.78804,18.0912,36.8068
0.0523496,0.975439,0.0530674,1.02319,19.6584,36.8079
0.0527908,0.985181,0.0597994,0.111833,19.0657,36.8081
0.0529369,0.99611,0.0567112,0.157294,18.1989,36.8081
0.0530735,0.980895,0.0526456,0.249212,17.4086,36.8094
0.0508045,0.982032,0.0505211,3.02864,19.0014,36.8096
0.0531238,0.974769,0.0540677,0.470578,18.7129,36.81
0.0533075,0.938145,0.0527447,0.669019,18.4601,36.8108
0.0528831,0.981875,0.0505322,0.214593,15.5534,36.8113
0.052106,0.978964,0.0538307,1.6166,17.8773,36.8116
0.052436,0.995425,0.0520921,0.73371,12.8364,36.8122
0.053202,0.960215,0.0522571,0.00779793,19.3242,36.8123
0.0523291,0.965228,0.0532183,1.79327,19.3155,36.8124
0.0518104,0.993926,0.0608983,1.62448,18.6386,36.8127
0.0529816,0.968931,0.0574034,0.0979393,19.3832,36.8136
0.0515383,0.972296,0.0517718,2.13887,19.8267,36.8138
0.0517972,0.997169,0.0511055,1.18933,14.088,36.8142
0.0519704,0.986952,0.0546118,1.27536,18.4682,36.8142
0.0528385,0.970859,0.0572156,0.774135,17.8115,36.8148
0.0519454,0.992752,0.0531952,1.38663,16.8181,36.8157
0.0530001,0.993221,0.0503396,0.483875,19.0299,36.816
0.0526324,0.984367,0.0528042,0.207534,16.655,36.816
0.0522944,0.983744,0.052666,1.84728,18.4712,36.8163
0.0512339,0.986382,0.0540568,2.05562,18.0253,36.818
0.0519609,0.980791,0.057061,1.93612,18.3185,36.8183
0.0525331,0.984895,0.0513249,0.300056,13.1784,36.8191
0.0527034,0.987735,0.0566409,0.669404,18.0507,36.8192
0.0521569,0.97196,0.0501638,1.83154,16.4652,36.8198
0.0512224,0.98969,0.0504139,2.60029,17.8547,36.8204
0.0531337,0.94972,0.0554121,0.39067,18.75,36.8206
0.0533246,0.953045,0.0525906,0.671803,19.4347,36.8206
0.0531716,0.942176,0.0523476,0.750081,17.4532,36.8222
0.0519419,0.984243,0.0509634,1.43299,16.0523,36.8236
0.0520118,0.996276,0.0555034,1.1553,19.6104,36.8238
0.0531688,0.944919,0.054769,0.777254,18.6121,36.8239
0.0506189,0.985331,0.0501889,3.3172,18.5704,36.824
0.0507348,0.992519,0.0514728,3.13747,19.0645,36.8245
0.0526352,0.978335,0.0505767,0.325945,13.0657,36.8253
0.0515004,0.974598,0.0519829,2.36375,19.5159,36.8258
0.0530177,0.971312,0.0540483,0.386134,17.4433,36.8265
