beta,permeability,xi,init_days,delay,value
0.110759,0.183833,0.0797727,13.0586,7.29493,154.896
0.114388,0.138526,0.0728951,12.6593,7.27312,155.772
0.16187,0.0901407,0.0725607,0.845828,6.77993,158.025
0.135353,0.0703064,0.0613867,6.49928,6.44475,159.355
0.132042,0.174799,0.0879428,6.87091,6.67743,162.288
0.117605,0.10623,0.0681142,11.078,7.87733,163.132
0.13484,0.195314,0.104651,5.31492,7.57334,164.712
0.14655,0.11141,0.0734379,3.44142,6.49109,165.217
0.144296,0.0512091,0.0597565,4.9229,6.59425,166.454
0.134059,0.104778,0.0663198,6.63939,6.76743,166.7
0.120996,0.201814,0.09522,9.7463,7.66796,167.69
0.150927,0.10544,0.0701856,2.5027,6.99391,168.313
0.132428,0.146646,0.0804191,6.86197,7.10923,168.546
0.133349,0.230361,0.129616,5.24731,7.4764,169.254
0.120854,0.215236,0.102867,9.91182,7.41369,169.311
0.118802,0.0462094,0.0604533,11.1182,7.13983,169.842
0.108029,0.304992,0.140671,13.9339,8.17822,170.083
0.108952,0.262785,0.100445,13.2915,7.37533,171.38
0.124594,0.0709961,0.0668875,9.17673,7.11071,172.114
0.0997683,0.29383,0.111884,17.6751,8.32778,172.302
0.0948307,0.264412,0.0959068,20.8219,8.17178,173.2
0.105197,0.110107,0.0644218,16.5724,7.46281,173.387
0.114555,0.135135,0.0733636,12.2915,7.4881,173.68
0.127102,0.221683,0.102106,7.46409,6.9417,173.865
0.139318,0.176566,0.0990155,4.34583,7.72804,174.093
0.10162,0.186487,0.0744572,17.8543,7.92848,174.669
0.145042,0.149084,0.0838348,3.13737,6.64721,174.997
0.0991647,0.328645,0.128546,17.3655,8.91952,175.27
0.151325,0.190337,0.120637,1.8621,7.35642,176.242
0.157468,0.173773,0.0989464,0.297563,6.1708,176.401
0.110389,0.0563748,0.0592095,14.1193,7.88225,176.934
0.0988343,0.10979,0.0699861,19.7331,8.05541,177.184
0.122473,0.154998,0.0754578,9.73655,6.61634,177.371
0.111034,0.166901,0.0795416,13.7907,7.26027,177.414
0.16031,0.0201496,0.0600139,1.42977,6.97717,177.519
0.142498,0.200223,0.114277,3.90433,7.04544,177.567
0.137229,0.22786,0.125971,4.85155,7.58384,177.879
0.0945681,0.133438,0.06645,21.4903,8.19587,178.469
0.133074,0.132361,0.0803075,6.5317,7.99684,178.507
0.123691,0.108938,0.0674573,9.39019,6.31344,178.711
0.107093,0.234296,0.097849,14.3889,8.15897,178.833
0.153051,0.0489519,0.06521,2.97491,7.63382,178.954
0.157043,0.185196,0.130471,0.894166,7.59762,179.13
0.119202,0.141163,0.0765913,10.738,8.60198,179.156
0.146413,0.11752,0.0736133,3.97446,6.09044,179.157
0.0997992,0.0293216,0.0618771,19.5329,8.79217,179.236
0.154624,0.0114991,0.0610091,2.09679,7.988,179.437
0.129373,0.234238,0.120994,6.16868,7.46046,179.605
0.0965977,0.133386,0.0720092,20.0924,8.67636,179.63
0.116514,0.136439,0.0751357,11.5634,8.76833,179.747
0.105486,0.311793,0.136081,14.3906,8.21105,180.458
0.143979,0.0426197,0.061311,4.78804,6.35058,180.631
0.114986,0.116844,0.0698811,12.2719,7.27724,180.953
0.154854,0.0125982,0.0586511,2.22377,6.20116,181.07
0.10981,0.211114,0.0921251,13.6064,8.94459,181.143
0.11081,0.289858,0.143049,12.8185,8.3686,181.338
0.103367,0.0732912,0.0591207,17.8334,7.11417,181.622
0.14912,0.0221227,0.0601609,3.17752,7.41547,182.188
0.112065,0.232192,0.104363,12.6192,8.5884,182.279
0.121465,0.0561003,0.0644237,10.2202,7.23278,182.589
0.140876,0.136112,0.0840523,4.37051,7.72283,182.789
0.0904623,0.33323,0.113792,22.142,8.62984,183.379
0.144591,0.158094,0.0848902,3.77683,5.22393,183.652
0.139158,0.177216,0.0859669,4.51322,6.19606,183.758
0.133949,0.210378,0.101388,5.16482,6.60883,184.048
0.127391,0.0991686,0.0729096,8.15028,7.41384,184.081
0.122712,0.161354,0.0788085,9.10079,6.68783,184.485
0.133089,0.220661,0.120438,5.03088,8.69534,184.535
0.122922,0.135606,0.0723592,9.66442,6.70728,184.637
0.136367,0.146104,0.0739117,5.41962,6.25528,184.773
0.128667,0.136589,0.0777746,7.82849,8.94656,184.777
0.1174,0.0996097,0.0688951,11.3494,8.07127,184.874
0.148775,0.048543,0.068236,3.36679,7.68963,185.05
0.116589,0.172795,0.0743805,11.4183,6.23302,185.1
0.113917,0.257491,0.124156,11.9913,8.88392,185.297
0.125552,0.153668,0.0767939,8.59355,7.74191,185.753
0.101532,0.293339,0.124805,16.3904,8.63508,186.202
0.0936097,0.34855,0.149602,20.8114,9.85629,186.348
0.124105,0.087104,0.0618931,9.68092,6.26698,186.428
0.103611,0.170148,0.076416,16.3621,8.49918,186.89
0.108548,0.295599,0.145717,13.1239,8.90734,186.962
0.134601,0.1059,0.0661045,6.70751,5.03922,187.313
0.11051,0.288952,0.139459,12.2622,8.85567,187.358
0.107676,0.204066,0.0849468,14.4074,7.53753,187.471
0.15489,0.0163589,0.0641951,2.57405,7.10273,187.672
0.122419,0.132678,0.0738129,9.09795,8.62956,187.745
0.112468,0.0735015,0.0650173,13.3267,8.34336,187.897
0.103983,0.289822,0.106814,15.3005,7.94691,188.183
0.090718,0.312553,0.106892,22.7558,8.14304,188.65
0.128973,0.245641,0.138232,6.14776,7.162,188.83
0.0926154,0.263444,0.0939752,21.9383,9.33538,188.937
0.122785,0.227646,0.108328,8.83826,8.39877,189.134
0.11963,0.265764,0.148615,9.19507,8.01392,189.243
0.129535,0.228645,0.128932,6.94426,8.30308,189.969
0.121469,0.0604578,0.0592248,10.0884,7.99667,189.982
0.157084,0.15696,0.103312,0.447577,8.75748,190.189
0.120874,0.210575,0.0871206,9.41931,6.73951,190.259
0.127949,0.159939,0.0826388,7.55198,8.25281,190.374
0.101379,0.318774,0.155457,16.1592,9.90667,190.521
0.130655,0.190382,0.0979166,6.21363,8.93678,190.626
0.105513,0.200437,0.0873581,15.6383,8.59582,190.637
0.122151,0.273214,0.14063,8.23179,7.29028,190.639
0.108235,0.183027,0.0727095,14.2713,7.38646,190.753
0.115298,0.205596,0.0818988,11.6301,7.88946,190.832
0.155704,0.0926983,0.0746129,1.18786,7.88142,190.873
0.0843757,0.241731,0.0792766,27.2663,8.33194,190.908
0.114485,0.254251,0.104211,11.6685,7.21432,190.918
0.158676,0.162396,0.0855115,0.19705,5.81125,191.204
0.136106,0.0466975,0.062292,6.70718,6.59823,191.287
0.159059,0.136454,0.0914375,0.871598,6.75146,191.388
0.099711,0.184723,0.0832526,18.6856,8.58833,191.431
0.157719,0.0501722,0.0660698,1.48973,7.96432,191.456
0.117924,0.115421,0.0662593,11.8627,6.65952,191.54
0.100996,0.215796,0.0886013,17.2262,8.09409,191.557
0.144681,0.22786,0.152903,2.76018,7.70758,191.66
0.126702,0.212817,0.0976832,7.90068,7.19527,191.69
0.159224,0.0239345,0.0640593,1.99185,7.08543,191.896
0.150045,0.00451212,0.0581282,3.06785,6.34132,192.053
0.145155,0.230429,0.154482,2.44643,7.87812,192.104
0.108007,0.299345,0.155116,13.5247,9.78761,192.214
0.0918307,0.333273,0.12427,21.5338,9.28925,192.417
0.0889623,0.201649,0.0712536,24.9266,8.37573,192.434
0.146266,0.0094068,0.0602022,4.20265,6.51683,192.452
0.144447,0.0306132,0.0615809,4.25665,6.78215,192.478
0.151696,0.0920498,0.0679825,2.49697,5.94055,192.709
0.117425,0.191659,0.0917035,10.844,9.41237,192.722
0.1056,0.0627419,0.0569949,16.6151,7.23969,192.754
0.13666,0.222297,0.127371,4.96377,8.50876,192.77
0.110094,0.041872,0.0613611,14.7128,9.2236,192.926
0.150899,0.193905,0.128488,1.44111,8.03255,192.944
0.0936677,0.0683548,0.0586163,22.3386,8.68804,193.022
0.125975,0.223239,0.123126,7.5062,9.56686,193.098
0.159764,0.129034,0.0905061,0.475644,7.40673,193.306
0.152398,0.177727,0.0928082,1.05961,5.32161,193.316
0.158846,0.154427,0.0894014,0.213166,6.88486,193.341
0.115457,0.158555,0.0812359,11.0728,9.35901,193.361
0.130867,0.194887,0.110899,6.85391,8.67055,193.537
0.106058,0.170176,0.0805328,15.0457,8.785,193.554
0.143661,0.177867,0.0939316,3.26499,5.7194,193.562
0.132167,0.0372122,0.0607422,7.65369,6.03148,193.671
0.143277,0.186793,0.096533,3.39363,5.69494,193.72
0.141627,0.220966,0.125697,3.2874,7.65539,193.955
0.0802778,0.39565,0.125542,29.2054,9.79525,193.971
0.0845865,0.342286,0.102639,26.2257,8.94928,193.975
0.155229,0.142075,0.0867069,1.666,5.6257,193.976
0.145136,0.110877,0.0795465,3.81764,8.64252,193.99
0.101313,0.167745,0.0778648,17.4172,9.49904,194.092
0.113397,0.165591,0.0813036,12.1454,8.7467,194.133
0.145214,0.120617,0.072964,3.28792,7.45755,194.145
0.154886,0.145567,0.0809923,1.35348,5.60127,194.159
0.134803,0.189291,0.112208,5.75389,8.26882,194.202
0.143127,0.0610567,0.0670246,4.93864,7.03731,194.206
0.0906387,0.327825,0.127021,22.2727,9.56316,194.219
0.124844,0.0764583,0.0644505,9.28087,7.59239,194.245
0.125798,0.237011,0.127654,7.28385,8.65617,194.26
0.0941641,0.293692,0.111581,20.671,9.0906,194.348
0.13119,0.207879,0.0925921,6.24374,5.50922,194.5
0.095346,0.0995167,0.0607398,21.8513,7.71882,194.526
0.138363,0.0491557,0.0670611,5.83289,9.07734,194.621
0.117411,0.242549,0.115531,10.923,7.42469,194.778
0.144423,0.167612,0.0886167,3.3289,6.47743,194.794
0.152802,0.0570254,0.0600316,2.98649,6.65596,194.877
0.1345,0.185653,0.0975574,5.40441,7.96184,194.907
0.133311,0.243035,0.11773,5.23148,6.05626,194.952
0.113363,0.272907,0.138362,11.238,8.01473,195.038
0.109616,0.19451,0.0853417,13.8177,9.38325,195.116
0.0914369,0.377198,0.16243,21.3778,9.2243,195.184
0.11927,0.274677,0.151319,9.89162,8.17474,195.217
0.139371,0.0329702,0.063113,5.82583,8.11579,195.337
0.125503,0.00355948,0.0603698,9.68136,7.77758,195.373
0.112501,0.0545743,0.0660991,13.7109,9.91238,195.383
0.102313,0.279715,0.113673,16.3604,8.35516,195.409
0.129694,0.236731,0.108922,6.50749,6.26011,195.462
0.116285,0.260542,0.113603,10.6076,7.85526,195.488
0.141163,0.137496,0.0709189,4.42996,5.90116,195.496
0.119411,0.106523,0.0706645,10.9491,9.06848,195.617
0.112401,0.102014,0.0612211,13.5539,7.11112,195.619
0.159093,0.0246514,0.0641117,1.11646,7.38411,195.63
0.157157,0.051097,0.0686436,1.37503,8.25625,195.63
0.101248,0.306822,0.135999,16.5399,9.83673,195.75
0.144342,0.00832242,0.0600342,4.22301,8.76151,195.75
0.119157,0.272527,0.13762,9.0959,8.24147,195.801
0.0950511,0.325253,0.133408,19.1604,10.8738,195.945
0.122498,0.211838,0.110499,8.93743,10.7239,195.965
0.148586,0.158261,0.0797703,2.4095,5.97411,196.007
0.15434,0.15708,0.085626,1.2629,4.03906,196.021
0.154881,0.140018,0.0857442,1.84574,6.71281,196.1
0.123265,0.246209,0.105951,8.82517,6.24348,196.311
0.138304,0.0708287,0.0702805,5.73862,8.60579,196.368
0.0859293,0.349101,0.121692,25.7103,9.48651,196.391
0.0907407,0.325098,0.109436,22.6184,8.14993,196.413
0.124588,0.206726,0.0895634,8.76206,6.98498,196.449
0.150329,0.0753735,0.0730734,2.16364,9.09939,196.457
0.12978,0.137282,0.0830872,7.06174,7.27818,196.503
0.149273,0.233706,0.162772,1.08394,7.73365,196.537
0.0936545,0.0697998,0.0642801,22.8441,8.86638,196.688
0.124399,0.188349,0.0839422,8.87625,6.34234,196.746
0.119013,0.0618499,0.0579989,11.2169,6.99734,196.849
0.13807,0.195692,0.097738,4.86925,6.272,196.94
0.129516,0.123889,0.066319,7.12661,6.95745,196.95
0.157776,0.0661729,0.070455,1.20654,7.80843,196.995
0.09499,0.259982,0.0963711,20.2386,8.72034,197.091
0.1273,0.202291,0.0957423,7.47105,6.17527,197.114
0.154702,0.10452,0.0764428,1.57695,8.45736,197.248
0.140562,0.0239181,0.057755,5.4438,7.74473,197.275
0.108836,0.280343,0.137102,13.2052,8.29739,197.29
0.152759,0.185622,0.121936,1.89092,6.74293,197.292
0.0992685,0.199827,0.0736407,18.6876,7.81201,197.294
0.0919204,0.158757,0.073599,22.1189,10.766,197.573
0.159281,0.0635326,0.0672461,1.00739,5.17297,197.662
0.117434,0.246339,0.0970351,10.3218,6.28666,197.733
0.0861605,0.16045,0.0709031,26.5833,9.35493,197.741
0.123784,0.230819,0.107209,8.39379,6.44105,197.744
0.145276,0.231832,0.147638,2.07329,7.0928,197.749
0.138234,0.20151,0.123472,4.28136,8.1157,197.759
0.154396,0.0308834,0.065113,2.79835,7.12916,197.904
0.125626,0.260636,0.148958,7.6672,7.22672,197.905
0.102584,0.350456,0.160562,15.2272,8.34378,197.984
0.110217,0.253438,0.12426,12.5026,11.9374,198.02
0.102324,0.148129,0.0744574,17.8194,8.63776,198.028
0.10299,0.335221,0.154035,15.6877,8.18122,198.063
0.11391,0.136391,0.0719825,12.6459,8.89093,198.102
0.120778,0.0853975,0.0707655,10.4739,8.17242,198.109
0.155403,0.209851,0.160348,0.92079,7.64881,198.144
0.086823,0.381788,0.137941,24.5312,9.07157,198.194
0.136307,0.141019,0.0786358,5.85556,6.12474,198.213
0.109517,0.0905094,0.0629969,14.0365,8.43679,198.27
0.136307,0.165359,0.0915307,5.66855,7.89212,198.271
0.144339,0.049931,0.0690998,4.07673,7.2987,198.289
0.154841,0.149143,0.0868413,1.27989,5.76375,198.35
0.133022,0.247765,0.131524,5.87218,7.2793,198.493
0.155281,0.199758,0.139917,0.153981,7.76171,198.512
0.08891,0.0504265,0.0629698,25.4281,9.62906,198.567
0.108198,0.0750985,0.0619668,15.2336,7.80982,198.577
0.115599,0.182494,0.083656,11.4643,8.1133,198.643
0.154391,0.0035813,0.0588918,2.33731,7.40358,198.644
0.124386,0.0344049,0.061445,9.89337,9.40958,198.646
0.090161,0.215031,0.0743344,23.5015,8.49637,198.685
0.125645,0.248067,0.117262,7.64392,7.8654,198.705
0.157251,0.181151,0.118554,0.682114,7.09759,198.775
0.126794,0.137219,0.0707371,8.55293,5.8325,198.783
0.144188,0.170758,0.0916075,3.38597,5.7145,198.789
0.135078,0.093474,0.0632524,6.42664,6.60279,198.841
0.157647,0.16406,0.12078,0.717526,8.19449,198.923
0.13394,0.186275,0.105595,5.92313,9.26142,199.002
0.102762,0.134796,0.0667135,17.8437,7.40314,199.146
0.14538,0.225643,0.135183,2.25341,6.52262,199.181
0.136765,0.195053,0.117289,4.64107,10.2671,199.257
0.114013,0.256499,0.13044,11.4256,8.9152,199.299
0.108679,0.266431,0.108125,13.8637,7.29042,199.339
0.15476,0.139133,0.08075,1.5688,6.63281,199.401
0.144449,0.236481,0.160572,2.39801,7.10535,199.42
0.143629,0.158654,0.0956555,3.8482,7.08433,199.428
0.0994227,0.0186369,0.058116,19.9699,9.32809,199.498
0.125647,0.244046,0.115939,7.05439,7.30052,199.515
0.109124,0.244362,0.100278,13.8398,7.50238,199.526
0.158055,0.0758504,0.0655841,1.97065,6.52673,199.531
0.120814,0.0472173,0.0640641,10.8815,9.55055,199.731
0.162697,0.0464187,0.0685034,0.8459,8.97837,199.763
0.0993188,0.141805,0.0738682,18.9222,10.2738,199.973
0.130019,0.22953,0.131803,6.88846,8.62644,199.982
0.129384,0.253694,0.144126,6.78406,7.74059,199.998
0.111806,0.0894584,0.0665865,13.6773,9.58872,200.003
0.155207,0.0757708,0.0719862,1.4767,9.93565,200.015
0.152379,0.0900745,0.0669114,2.59729,6.34829,200.058
0.152479,0.0777341,0.0677999,2.13588,5.03147,200.074
0.136118,0.00260558,0.0573183,6.24094,8.84999,200.077
0.137107,0.138076,0.0873856,5.16524,7.655,200.092
0.122984,0.122078,0.0645016,9.78101,6.79918,200.142
0.0790952,0.364052,0.112141,30.7209,10.9166,200.179
0.130709,0.188174,0.0909538,6.17968,7.98514,200.208
0.132041,0.0289166,0.0634531,7.89597,7.88647,200.232
0.0943468,0.166103,0.0701126,21.6341,8.92259,200.236
0.103117,0.184751,0.0794424,16.7487,9.62876,200.299
0.106655,0.0788109,0.0659821,15.427,10.4392,200.308
0.12418,0.102364,0.0671077,9.04352,7.26576,200.367
0.125188,0.00355753,0.0589874,9.71891,9.61165,200.385
0.116144,0.276741,0.13757,10.825,7.87426,200.39
0.110261,0.292451,0.132323,12.4815,8.0125,200.475
0.0931021,0.368099,0.138769,20.0869,8.15972,200.525
0.131755,0.137402,0.0832834,6.08386,9.75068,200.561
0.129422,0.233955,0.140896,6.91702,8.81451,200.564
0.12486,0.0102618,0.0606447,9.23969,9.09753,200.631
0.11459,0.100293,0.0707338,12.1225,8.81852,200.653
0.145622,0.22772,0.159863,2.01645,7.69604,200.707
0.161005,0.0822588,0.0719748,0.600849,8.34912,200.783
0.14458,0.205735,0.139652,2.93435,10.7358,200.857
0.121242,0.189088,0.092586,9.59768,8.84479,200.939
0.0731123,0.382691,0.104669,36.9228,9.42341,201.002
0.120772,0.196632,0.0847974,9.70131,7.13007,201.024
0.1114,0.130778,0.0685168,13.7898,7.18103,201.064
0.141924,0.214185,0.104284,3.5773,6.92047,201.073
0.108416,0.111764,0.0705142,14.5914,10.7452,201.213
0.149621,0.213126,0.157418,1.28624,8.43783,201.239
0.109939,0.240004,0.0881878,13.0528,6.53961,201.287
0.113722,0.254628,0.103156,11.5917,7.89002,201.289
0.122861,0.240395,0.133642,8.40691,8.35682,201.312
0.159327,0.143486,0.07839,0.223748,5.22628,201.386
0.103443,0.264014,0.113315,15.2133,10.0094,201.391
0.142387,0.182502,0.0963548,3.76099,7.74397,201.399
0.110683,0.0624221,0.0673106,14.1099,8.27786,201.556
0.143173,0.195489,0.102013,3.78045,6.26747,201.646
0.0914106,0.365655,0.165057,21.7656,10.8682,201.691
0.151281,0.127246,0.0740262,2.67334,4.51521,201.71
0.0971016,0.192161,0.0777997,19.2255,9.18135,201.879
0.129476,0.239002,0.119281,6.82556,6.26033,201.897
0.15657,0.200513,0.152724,0.340417,7.38345,201.937
0.117008,0.250951,0.10044,10.9729,7.40816,201.937
0.116075,0.24826,0.132356,10.3505,10.8684,201.943
0.119929,0.11535,0.0706233,10.4677,7.09257,201.967
0.146355,0.104651,0.0676504,3.28983,5.35648,201.977
0.151829,0.177545,0.107073,1.54852,6.66462,202.003
0.155899,0.188899,0.134488,0.61902,7.01955,202.055
0.145509,0.134516,0.0854139,3.67978,7.90423,202.06
0.132262,0.0303183,0.0612817,7.46158,6.76227,202.227
0.102857,0.196148,0.0854825,16.7865,9.1067,202.235
0.129602,0.154852,0.075404,7.4315,6.09259,202.248
0.0846041,0.328161,0.109999,26.8584,9.7266,202.343
0.103089,0.100324,0.0669432,17.6437,8.50645,202.374
0.079319,0.382643,0.116674,30.4604,9.34055,202.386
0.102823,0.206842,0.0896818,16.3085,9.34984,202.404
0.138401,0.213722,0.107626,4.51394,5.97112,202.471
0.0930078,0.345629,0.144658,20.6482,10.515,202.492
0.100393,0.277526,0.104521,17.1857,8.71295,202.497
0.0809816,0.269117,0.0864268,29.6694,10.6411,202.498
0.123872,0.0602204,0.0685921,9.90759,9.1338,202.531
0.132114,0.229012,0.146916,5.9141,10.6521,202.568
0.130624,0.21305,0.0900357,6.30846,6.27705,202.707
0.125132,0.25511,0.14667,7.47951,9.13108,202.728
0.148979,0.00537499,0.0605401,3.36076,8.62104,202.741
0.155656,0.195639,0.124604,0.83971,6.01835,202.746
0.132857,0.241082,0.12229,5.6365,7.91528,202.83
0.0967542,0.188501,0.0815877,19.2526,10.1128,202.858
0.0833281,0.33668,0.096706,27.8289,8.89408,202.879
0.0832331,0.204033,0.0710144,28.0532,8.67668,202.892
0.130202,0.212355,0.111379,6.66679,8.93307,203.041
0.112784,0.094055,0.061529,13.7873,7.64331,203.095
0.0974629,0.039097,0.0622841,20.0413,9.60603,203.101
0.140384,0.0537889,0.0563595,5.07306,5.52977,203.155
0.111978,0.0234393,0.0642326,13.8226,11.1955,203.206
0.140729,0.240459,0.159713,3.43592,7.11645,203.296
0.0945931,0.283927,0.0967696,20.6507,7.51414,203.302
0.155782,0.124584,0.0758785,1.54379,4.62182,203.497
0.120649,0.219278,0.116173,9.46074,8.16525,203.567
0.1058,0.080429,0.0593727,16.6345,7.68922,203.572
0.0888519,0.035147,0.0602296,25.0328,9.96551,203.58
0.0893791,0.143473,0.0684706,24.6484,9.49889,203.584
0.103452,0.216078,0.0793201,16.1789,7.32359,203.662
0.0769557,0.0902166,0.061183,34.1642,9.37766,203.669
0.106343,0.275368,0.134941,14.2963,9.31682,203.683
0.154686,0.0875617,0.0733794,1.26472,9.88972,203.807
0.097499,0.191532,0.0709496,19.8119,7.05908,203.813
0.0814721,0.2147,0.0755358,29.2589,10.0059,203.814
0.140447,0.217219,0.144565,3.04285,9.04586,203.822
0.135034,0.179158,0.0969464,5.31666,6.77524,203.857
0.136685,0.242885,0.134107,4.2804,6.56748,203.956
0.13613,0.226217,0.143368,4.8266,9.15999,203.96
0.0920617,0.0471087,0.062505,23.6544,8.84717,204.016
0.0933609,0.322278,0.123807,20.5965,10.8224,204.033
0.0769625,0.369503,0.113697,32.1627,10.3153,204.079
0.154503,0.197942,0.14607,0.725103,9.30659,204.098
0.141503,0.197417,0.118769,3.16294,8.04692,204.14
0.15628,0.199451,0.155608,0.00728401,7.20563,204.168
0.115863,0.251568,0.124061,10.6322,10.0045,204.216
0.131925,0.21926,0.141889,5.47067,11.1851,204.263
0.10822,0.0756448,0.0651945,15.3652,7.77412,204.325
0.0933774,0.147349,0.0744962,21.2038,11.6945,204.33
0.115106,0.121131,0.0673644,12.5215,7.71598,204.394
0.12098,0.0881284,0.0597802,10.9888,6.42895,204.412
0.125695,0.240885,0.112593,7.88122,7.65783,204.414
0.103713,0.265058,0.121088,15.9865,10.0441,204.444
0.12847,0.210344,0.121139,6.85632,11.5986,204.467
0.150262,0.220843,0.153966,1.28556,6.79927,204.56
0.126278,0.242942,0.149667,7.81399,8.01775,204.581
0.144284,0.0158261,0.0583006,4.47408,8.42906,204.589
0.109159,0.274145,0.11804,13.7221,7.24416,204.628
0.13335,0.152762,0.0845119,6.62918,6.45439,204.64
0.153087,0.0688271,0.0663712,2.69717,5.1734,204.661
0.0900841,0.333177,0.130448,22.2844,10.0227,204.677
0.126981,0.0348074,0.0653258,8.57707,10.4225,204.685
0.156656,0.190742,0.118181,0.714264,5.3457,204.695
0.137634,0.214798,0.123101,4.72459,6.89086,204.704
0.0886954,0.316141,0.111965,23.9657,10.1395,204.731
0.0887452,0.247903,0.0758258,24.2146,7.7973,204.794
0.0775405,0.0126047,0.0588819,34.5405,9.32648,204.812
0.159056,0.161648,0.105896,0.248747,6.84955,204.863
0.125608,0.26374,0.15428,7.95861,8.01808,204.893
0.113199,0.273277,0.142378,11.5001,9.27376,204.919
0.152526,0.0925507,0.060866,2.90464,5.39023,205.001
0.119171,0.188947,0.08488,10.4535,6.07561,205.008
0.10516,0.317268,0.147095,14.777,9.67223,205.038
0.125594,0.242701,0.130924,7.12924,7.68296,205.206
0.134966,0.059478,0.0671757,6.22866,7.54095,205.337
0.107644,0.22725,0.081404,14.9493,6.69425,205.341
0.115396,0.0183072,0.0628781,12.492,10.2733,205.398
0.0975978,0.292425,0.0999179,18.5398,8.36821,205.406
0.154965,0.187422,0.145986,0.571383,10.2243,205.406
0.116404,0.144217,0.0759682,11.1388,7.03381,205.447
0.0885688,0.29108,0.102856,23.4115,11.1223,205.456
0.0865499,0.0567794,0.0641163,26.8552,11.2866,205.465
0.162216,0.0262932,0.0666341,0.845785,10.0367,205.492
0.103112,0.281395,0.118552,15.1193,10.156,205.562
0.130016,0.211007,0.097753,6.63394,7.13121,205.591
0.0885172,0.11057,0.0606661,25.8375,8.1981,205.661
0.105303,0.288389,0.12373,14.5577,10.6318,205.671
0.138937,0.00945605,0.0636382,5.84109,10.298,205.721
0.112819,0.221885,0.0822227,12.2278,6.71123,205.792
0.0865174,0.299452,0.08923,25.2084,8.1086,205.868
0.0780983,0.387467,0.12064,31.3115,9.58835,205.884
0.147751,0.1823,0.112471,2.17686,6.36842,205.956
0.112107,0.0590387,0.0620288,13.0847,9.98378,205.999
0.12547,0.255802,0.131138,7.52801,8.46623,206.042
0.103605,0.312322,0.145511,15.0251,8.89647,206.056
0.108316,0.00389264,0.0572189,15.8289,9.00598,206.074
0.147077,0.1783,0.0953636,2.34817,7.18951,206.153
0.0988411,0.309357,0.124896,17.5262,10.3113,206.155
0.120622,0.259222,0.164955,8.72204,12.5699,206.164
0.148135,0.155392,0.0841389,2.02209,7.94897,206.186
0.143201,0.174932,0.108753,3.13202,8.91275,206.19
0.151225,0.0387184,0.0654113,2.54243,10.0634,206.191
0.1431,0.189012,0.129524,3.04433,8.89054,206.197
0.148083,0.165486,0.0867224,2.50776,5.27982,206.23
0.154688,0.155799,0.0818669,1.85017,4.56374,206.232
0.128413,0.0182461,0.0616354,8.11759,8.36159,206.238
0.11689,0.00599018,0.0591076,12.1363,8.37439,206.298
0.0918385,0.332755,0.135553,21.8316,9.4694,206.313
0.143566,0.165469,0.0819869,3.97838,6.56974,206.326
0.144478,0.167168,0.101125,3.66357,6.99675,206.359
0.0921857,0.337857,0.123753,21.6816,8.6989,206.458
0.146614,0.151367,0.101475,2.54611,10.7752,206.487
0.0897028,0.303031,0.119025,22.6552,12.8287,206.663
0.0758227,0.120161,0.0641717,35.1482,9.05331,206.665
0.0744892,0.316215,0.0871568,35.4766,9.84159,206.678
0.162402,0.0965234,0.0649187,0.0456326,4.62171,206.695
0.0907148,0.0444783,0.0610927,24.589,8.64344,206.721
0.0932871,0.262269,0.0939369,21.1424,8.08264,206.769
0.131429,0.172367,0.07696,6.91448,6.52632,206.796
0.119227,0.250801,0.129863,9.33723,8.86228,206.801
0.0949654,0.0461198,0.060619,21.5015,10.6138,206.815
0.10129,0.178234,0.080276,17.1546,9.76484,206.883
0.121584,0.205617,0.0955235,9.03299,6.27394,206.883
0.0933198,0.348705,0.16378,20.2357,10.1343,206.905
0.119971,0.257016,0.114322,9.48563,7.53808,206.912
0.158864,0.0519789,0.0589264,1.05059,6.83337,206.945
0.105357,0.303567,0.151059,14.0024,10.8937,206.997
0.0823474,0.400995,0.139779,27.4554,10.9354,207.021
0.160394,0.0351998,0.0526513,1.08733,5.48262,207.026
0.132881,0.22657,0.132493,5.1333,7.77313,207.047
0.112326,0.0015862,0.0608894,13.2907,11.7476,207.056
0.131331,0.173967,0.0946886,6.64795,7.69536,207.123
0.132911,0.228455,0.142761,5.13442,8.13872,207.128
0.118775,0.286143,0.155654,9.24951,7.43131,207.153
0.0924909,0.31498,0.124522,21.0868,9.91225,207.157
0.116638,0.246392,0.128278,10.07,8.95811,207.163
0.0855876,0.359065,0.129994,25.2255,9.03899,207.2
0.125613,0.246326,0.157463,7.68933,9.94713,207.213
0.128087,0.240621,0.165157,6.49339,11.3879,207.298
0.152871,0.0470589,0.060012,2.35791,7.10423,207.319
0.110235,0.316976,0.161112,12.7453,8.57186,207.324
0.146678,0.202228,0.151846,2.6801,8.07031,207.387
0.0961435,0.29897,0.0951502,19.5271,7.92302,207.403
0.127139,0.0354745,0.0669957,8.86866,10.1606,207.43
0.133329,0.239517,0.108217,5.80557,6.95696,207.435
0.115368,0.220682,0.0894001,11.9092,7.71229,207.448
0.0878008,0.316187,0.118281,24.5621,9.35307,207.519
0.0921298,0.0835434,0.0589058,23.5292,7.61584,207.611
0.0854127,0.330801,0.121076,25.7569,11.58,207.62
0.101753,0.259974,0.113879,16.2992,10.5172,207.631
0.086895,0.113435,0.0681535,26.752,9.06891,207.637
0.092367,0.286499,0.0919435,21.0936,8.41563,207.645
0.0886057,0.0512531,0.0615041,25.3889,9.8276,207.658
0.11416,0.267798,0.155785,11.516,9.79054,207.691
0.11503,0.217851,0.0978658,11.5606,8.18323,207.7
0.145187,0.0114723,0.0550288,4.18059,7.63774,207.738
0.120292,0.250617,0.115196,9.17654,6.3705,207.754
0.0768302,0.118566,0.062944,34.6961,9.34494,207.794
0.13216,0.201659,0.12288,5.90023,11.6492,207.794
0.0974303,0.311124,0.147352,18.0384,10.9212,207.822
0.143992,0.0198399,0.0580355,4.35489,8.8907,207.84
0.154941,0.186835,0.129724,0.290925,9.53224,207.893
0.138223,0.186341,0.108258,4.12579,7.68431,207.919
0.112264,0.129487,0.0727294,13.217,7.69341,207.946
0.13799,0.0868138,0.0666887,5.61725,6.80636,207.976
0.158993,0.0546584,0.0697383,1.88403,6.49536,207.981
0.0728137,0.376798,0.102891,36.0623,10.3654,208.011
0.140376,0.0394771,0.0582559,5.64449,5.87275,208.027
0.116679,0.244961,0.120672,10.556,9.2967,208.045
0.0943723,0.297086,0.0925186,20.6514,7.16019,208.098
0.148991,0.0908032,0.0776173,2.65236,10.2903,208.112
0.114437,0.236094,0.116774,11.7654,8.91841,208.219
0.0816684,0.32938,0.105071,28.3461,10.0914,208.23
0.0949519,0.321005,0.14626,19.2131,11.9726,208.266
0.096612,0.331725,0.14674,18.6387,10.6587,208.27
0.152435,0.174805,0.123417,1.51609,8.67949,208.346
0.0919787,0.0284725,0.0603072,23.6592,9.34134,208.381
0.119088,0.251599,0.144856,9.35554,10.5616,208.384
0.0934385,0.331249,0.11138,20.1445,8.86875,208.386
0.117009,0.217113,0.0977562,10.2491,9.31915,208.405
0.109759,0.231216,0.0995464,13.5649,7.61004,208.41
0.131518,0.24162,0.153818,5.38399,10.6836,208.421
0.145385,0.229697,0.136305,2.23028,7.09425,208.421
0.135184,0.101903,0.066972,6.76319,5.71782,208.426
0.0830713,0.0757745,0.0655382,29.4461,9.86748,208.432
0.106055,0.0413656,0.0538094,16.7892,7.55135,208.445
0.158014,0.174258,0.109251,0.368088,5.5287,208.456
0.110082,0.215637,0.0931018,13.6776,8.20115,208.467
0.120951,0.226393,0.0981614,9.45436,7.19452,208.497
0.108181,0.0279146,0.0624656,15.2157,8.45158,208.531
0.114303,0.256648,0.117155,11.8161,8.29768,208.532
0.0849142,0.297139,0.0922143,26.8346,9.15683,208.538
0.108193,0.078309,0.0582498,15.5569,6.57865,208.561
0.130655,0.0769286,0.0597686,7.4896,6.47629,208.57
0.125449,0.155569,0.0692053,8.19462,6.03641,208.622
0.10759,0.331925,0.147291,13.5431,8.35464,208.657
0.124773,0.243599,0.161032,7.96972,11.6696,208.665
0.110017,0.303629,0.148109,12.7992,9.41264,208.667
0.112257,0.255476,0.13776,11.8227,12.3072,208.685
0.140667,0.178944,0.118278,3.71063,11.8306,208.712
0.137733,0.205449,0.109696,4.95525,6.23733,208.74
0.136958,0.0731448,0.0706208,5.19015,10.0059,208.77
0.0878311,0.393587,0.160087,23.5221,9.36059,208.786
0.082677,0.362512,0.114834,27.5978,10.4464,208.794
0.145968,0.225702,0.133446,2.6154,6.44119,208.806
0.0760274,0.384572,0.114829,33.8535,9.91045,209.023
0.126753,0.134168,0.0663466,8.09476,6.95883,209.033
0.1323,0.230256,0.156949,5.49014,10.5872,209.06
0.13492,0.0580835,0.0667312,6.55873,7.78408,209.08
0.0717499,0.413142,0.113635,37.5986,10.0296,209.111
0.127318,0.0867892,0.0680448,8.74814,6.09926,209.143
0.124307,0.0714517,0.0709822,9.10535,8.04181,209.148
0.124787,0.235997,0.148129,7.08949,11.7543,209.162
0.137621,0.143062,0.0699436,5.18131,4.90015,209.166
0.108086,0.315121,0.153887,13.1195,8.65571,209.17
0.131576,0.259888,0.16136,5.63704,7.44653,209.216
0.128982,0.137244,0.0731317,7.99244,6.0704,209.217
0.0751899,0.322484,0.093695,34.5255,10.8246,209.26
0.149505,0.176629,0.127009,1.41656,11.1162,209.303
0.132703,0.222336,0.151275,5.04451,10.0994,209.308
0.14743,0.180236,0.0902921,2.14055,6.12543,209.35
0.117616,0.259147,0.149967,9.01532,12.1314,209.368
0.126023,0.258691,0.159365,7.24542,8.77524,209.41
0.0792525,0.0680436,0.0589224,32.1639,9.35073,209.419
0.0991577,0.106415,0.0682553,19.7286,8.25584,209.455
0.10155,0.157083,0.0734264,17.5842,9.1736,209.468
0.0997827,0.311093,0.144986,17.442,9.86944,209.488
0.0925741,0.0777298,0.066759,22.4566,11.2216,209.543
0.159783,0.151953,0.0885378,0.0646067,5.88866,209.595
0.144235,0.198532,0.141144,2.98658,11.6573,209.615
0.128429,0.19361,0.10476,7.83204,7.42211,209.623
0.108696,0.27622,0.162452,12.3536,14.6703,209.646
0.073013,0.248321,0.0768668,37.4194,9.30276,209.68
0.0814431,0.383861,0.139288,28.7188,10.2823,209.695
0.0975551,0.318039,0.129654,18.2771,8.47814,209.722
0.145066,0.215828,0.149419,2.58671,7.14667,209.75
0.125745,0.132587,0.0747134,8.96658,8.26403,209.758
0.11457,0.247103,0.114985,11.5379,7.98336,209.776
0.108173,0.197953,0.092487,14.5935,8.69714,209.828
0.107496,0.176385,0.082287,14.0986,9.98685,209.85
0.131643,0.238387,0.146263,5.9709,10.2079,209.904
0.115058,0.0729621,0.0674892,12.4471,8.37847,209.927
0.116279,0.284544,0.141412,10.509,7.56041,209.934
0.155025,0.194242,0.130939,0.647428,8.5337,209.963
0.115588,0.218406,0.113943,10.6524,12.8575,210.012
0.116671,0.234538,0.106145,10.726,8.70122,210.032
0.126339,0.192896,0.107385,7.65516,10.7871,210.086
0.0796956,0.411107,0.147446,29.4878,11.059,210.096
0.0844055,0.369333,0.148185,26.2547,10.4725,210.208
0.137839,0.198823,0.124245,4.73077,8.06134,210.287
0.0768167,0.249731,0.0751519,33.4532,9.02889,210.287
0.105054,0.33025,0.163932,14.7011,9.9921,210.295
0.121824,0.166918,0.0834165,9.25114,8.9517,210.317
0.116255,0.177883,0.0814609,11.4604,6.4144,210.325
0.146485,0.0508628,0.0656895,3.50117,9.22007,210.367
0.11038,0.204929,0.0902863,13.286,8.74912,210.403
0.119256,0.155683,0.081282,10.2948,8.8031,210.41
0.142503,0.21032,0.158891,3.68017,8.70186,210.41
0.0984326,0.278798,0.106388,18.7431,8.57831,210.42
0.155985,0.191026,0.154596,0.225136,9.49906,210.456
0.119501,0.157521,0.0681283,10.9238,6.17563,210.459
0.11666,0.130709,0.0749143,11.8235,7.9827,210.5
0.0915323,0.22767,0.0812869,22.9216,9.43273,210.507
0.101654,0.265374,0.112958,16.7085,10.1642,210.539
0.135535,0.0836789,0.0648893,6.46059,5.28732,210.625
0.153759,0.10939,0.0786628,1.58342,9.26121,210.683
0.104574,0.279259,0.121786,15.2581,8.00074,210.731
0.116765,0.258569,0.142683,10.3312,9.23154,210.758
0.132943,0.224593,0.117141,5.6972,7.99756,210.772
0.122277,0.236034,0.111216,8.87867,9.15891,210.779
0.0850185,0.386546,0.146489,25.3279,10.6666,210.782
0.0836702,0.373676,0.140314,26.3512,11.4585,210.855
0.0958112,0.0403954,0.0655973,21.115,9.5873,210.874
0.148178,0.0709852,0.0694443,3.13122,7.81639,210.907
0.104435,0.0189505,0.0628684,16.2307,12.6303,210.932
0.133145,0.159849,0.0746925,6.12565,4.889,210.949
0.112314,0.0713085,0.0695796,13.7774,9.25849,211.017
0.141044,0.213385,0.140491,3.50119,8.2397,211.06
0.146563,0.188108,0.132812,2.98662,9.91038,211.065
0.107548,0.289726,0.148285,13.8304,10.2386,211.127
0.0880188,0.0955645,0.0684547,25.3635,10.8993,211.14
0.0854669,0.337955,0.108488,25.7853,10.3822,211.14
0.0786243,0.427031,0.144006,30.2622,10.535,211.171
0.153491,0.130157,0.0912816,1.63468,8.75951,211.197
0.082974,0.230465,0.0774348,28.2301,9.86369,211.262
0.106922,0.151468,0.0761011,15.8061,7.8341,211.338
0.128699,0.203119,0.122441,6.94775,11.5954,211.359
0.143642,0.151951,0.0908405,3.84336,7.57498,211.395
0.140745,0.23053,0.144782,3.95697,8.914,211.468
0.140975,0.207586,0.153866,3.55332,10.4892,211.473
0.152933,0.14027,0.0838288,1.77207,8.0261,211.49
0.070103,0.431202,0.109899,39.7601,9.98375,211.525
0.143507,0.207517,0.155888,2.5457,12.9431,211.527
0.0922686,0.318396,0.13144,21.9916,9.52119,211.529
0.103271,0.00409515,0.0575988,17.7725,10.0388,211.545
0.140584,0.218351,0.135841,3.86807,8.89313,211.583
0.129119,0.220717,0.132942,6.70042,10.1049,211.595
0.115947,0.278835,0.124977,10.6303,8.25621,211.625
0.150315,0.184489,0.113299,1.90139,9.61611,211.625
0.13912,0.19531,0.144726,3.96658,13.8748,211.636
0.111463,0.182803,0.0913556,12.6585,11.3532,211.689
0.122505,0.240432,0.131072,8.13681,8.81747,211.729
0.104366,0.16881,0.0818673,16.2441,8.71776,211.783
0.0802342,0.0586789,0.0613711,31.8974,10.1011,211.8
0.155579,0.188708,0.151677,0.547435,9.32658,211.804
0.10907,0.274832,0.104716,13.4921,7.43576,211.808
0.135204,0.0707338,0.0573795,6.18023,6.36297,211.826
0.121646,0.165992,0.0743342,9.98371,6.36854,211.843
0.0686371,0.397164,0.0945067,41.5587,9.37242,211.853
0.120861,0.238538,0.122079,9.95298,7.83058,211.858
0.153227,0.16123,0.0994754,1.92813,5.81661,211.871
0.107573,0.182026,0.0780995,14.778,9.63328,211.888
0.138753,0.0909714,0.0768853,5.7165,7.31438,211.89
0.144998,0.154479,0.0802593,3.24995,6.97952,211.951
0.156905,0.0226113,0.0673849,1.6427,10.1115,211.955
0.0965235,0.250575,0.0983509,19.889,9.90338,211.959
0.109433,0.239476,0.0968757,13.1409,8.46879,211.965
0.148714,0.19893,0.145701,1.13975,11.415,211.982
0.154857,0.218766,0.144013,0.921498,7.82078,211.997
0.112651,0.228128,0.109691,12.2916,8.24869,212.075
0.0947925,0.155634,0.0648147,21.621,6.09827,212.082
0.130204,0.00504604,0.0581674,8.01864,6.91812,212.134
0.0815222,0.400787,0.16043,28.652,10.9226,212.169
0.10951,0.286907,0.15129,12.5333,11.6904,212.169
0.0889835,0.187781,0.0758277,24.2421,9.88274,212.234
0.140003,0.214979,0.148489,3.45153,10.1784,212.284
0.110332,0.299652,0.12136,12.1186,7.21891,212.294
0.121541,0.30156,0.151581,8.36582,7.22464,212.295
0.155259,0.119287,0.0813396,1.19362,7.48176,212.295
0.0983053,0.236989,0.0842352,18.012,8.5963,212.389
0.0791128,0.0697609,0.0645379,32.2069,10.1371,212.454
0.11222,0.13619,0.0652707,13.1811,6.80071,212.474
0.147727,0.160946,0.0775838,2.39592,5.94789,212.476
0.135535,0.0890412,0.061892,6.43682,5.35894,212.517
0.16029,0.105269,0.0855493,0.769644,6.4679,212.538
0.13802,0.204271,0.127761,4.37157,7.18552,212.55
0.145184,0.0559332,0.0719507,3.45441,11.7826,212.55
0.0887092,0.329614,0.102368,23.7251,8.63758,212.607
0.103094,0.300535,0.157108,15.2,11.3494,212.626
0.0901157,0.328979,0.118825,22.4806,9.24231,212.648
0.109833,0.240788,0.0903487,13.6638,7.92854,212.667
0.117044,0.241556,0.0939484,10.2612,6.14582,212.676
0.150822,0.199673,0.105895,1.99285,5.61374,212.77
0.0965532,0.24089,0.0923258,19.4742,8.69867,212.779
0.128912,0.176364,0.0919632,7.14694,7.5692,212.854
0.105058,0.08548,0.0660985,16.2976,7.82859,212.857
0.138434,0.21736,0.0999622,4.84265,5.33265,212.87
0.0872187,0.107083,0.0636574,26.1195,8.93463,212.873
0.0909619,0.0149117,0.0589302,24.5591,8.38375,212.886
0.119322,0.157587,0.0852047,10.1962,8.777,212.902
0.148995,0.12944,0.0763241,2.78232,7.72446,212.917
0.156884,0.0807091,0.0684889,1.61658,7.52834,212.919
0.151186,0.182165,0.125951,1.82877,8.34282,212.927
0.13452,0.052274,0.0650932,6.65848,9.55228,212.974
0.0737819,0.414757,0.110147,35.4768,9.09482,213.002
0.119533,0.235076,0.111834,9.40617,9.97616,213.007
0.0748619,0.401691,0.129621,34.9628,10.4103,213.058
0.0912754,0.143784,0.062688,23.5542,7.73603,213.063
0.0753695,0.356213,0.0921455,34.4062,8.18981,213.091
0.115792,0.259477,0.118307,10.2532,9.63337,213.105
0.0812881,0.383291,0.120059,28.9748,10.6372,213.111
0.15245,0.182304,0.0944248,1.58575,6.82519,213.136
0.144476,0.178392,0.129201,2.64227,12.1974,213.168
0.151163,0.0809816,0.0761124,2.31178,8.52732,213.183
0.0897061,0.355501,0.130492,22.4805,10.6993,213.253
0.133272,0.158255,0.0880633,6.15643,6.01156,213.288
0.101209,0.157399,0.0727466,17.0726,9.20952,213.349
0.0698014,0.453821,0.124055,39.9444,10.8729,213.349
0.106887,0.0960894,0.0666502,15.2422,8.38102,213.435
0.123886,0.185447,0.0848826,8.51886,8.14811,213.463
0.110666,0.207416,0.0762673,13.2558,6.31745,213.538
0.0767282,0.107974,0.0666156,34.4858,10.6103,213.544
0.117241,0.255728,0.15096,9.79251,13.5337,213.556
0.104226,0.274992,0.110965,15.6286,7.25423,213.682
0.105919,0.288417,0.138735,14.8814,8.55883,213.712
0.113818,0.264424,0.164128,11.1549,10.1709,213.729
0.103728,0.308228,0.122412,15.2623,8.76004,213.788
0.137484,0.226175,0.119487,4.94898,7.81009,213.838
0.0904986,0.294591,0.0955699,22.0897,9.83676,213.853
0.0912477,0.34372,0.132555,21.6725,10.8963,213.862
0.108561,0.0479745,0.0635136,15.2508,8.25433,213.863
0.150532,0.209745,0.121486,1.08461,7.80808,213.871
0.130544,0.081482,0.0647354,7.17987,8.62905,213.897
0.0951814,0.0671619,0.0584262,21.5442,8.49046,213.997
0.0818768,0.332379,0.109248,28.165,10.9684,214.014
0.0706875,0.186475,0.0655806,40.746,9.42759,214.018
0.14552,0.158438,0.0831144,3.05409,4.8708,214.034
0.150039,0.0702063,0.0723259,2.32174,10.9665,214.043
0.159503,0.161953,0.106495,0.393963,5.71333,214.057
0.112129,0.256778,0.104278,12.36,6.91397,214.065
0.0951521,0.215822,0.0886815,20.5682,9.64626,214.107
0.115579,0.137942,0.0759003,11.4205,10.3922,214.113
0.129585,0.152777,0.0774399,7.74604,5.43197,214.149
0.127942,0.0429477,0.0618388,8.96474,7.02238,214.174
0.123969,0.0834237,0.0634691,9.99965,6.72242,214.203
0.110214,0.196261,0.093185,13.0543,8.37757,214.209
0.0857368,0.377701,0.144019,25.9307,9.29795,214.268
0.0980884,0.282591,0.0905177,18.1251,7.2134,214.275
0.0698658,0.329054,0.0815453,40.5485,9.94138,214.295
0.162106,0.10534,0.0724859,0.50016,6.72629,214.295
0.0938457,0.020975,0.0605837,22.2192,8.13784,214.314
0.142092,0.0851591,0.0685386,4.45712,6.68643,214.317
0.162509,0.0848674,0.0789833,0.865193,7.76291,214.333
0.122723,0.183667,0.0993136,8.45839,11.6701,214.346
0.0956023,0.115528,0.0724709,20.8455,11.2074,214.362
0.139083,0.0324143,0.0633517,5.51627,8.60114,214.364
0.094983,0.232027,0.0938587,20.2397,9.22492,214.366
0.132274,0.243934,0.150822,5.27752,7.3881,214.378
0.151498,0.215058,0.155821,1.61944,6.65788,214.38
0.106443,0.0434222,0.0551976,16.9365,7.89863,214.383
0.0759511,0.159533,0.0707662,34.4375,11.9788,214.396
0.115213,0.228391,0.0977343,11.0284,6.02945,214.452
0.107157,0.22976,0.104802,14.2622,8.43302,214.488
0.12455,0.259947,0.155686,7.0551,10.9733,214.491
0.145534,0.231829,0.151013,2.48113,6.34418,214.516
0.154878,0.043142,0.0545412,2.36838,5.9523,214.529
0.13871,0.210743,0.15552,4.48977,8.25645,214.554
0.139454,0.00253046,0.0656051,5.64144,10.2441,214.555
0.128188,0.20033,0.0884977,7.90741,6.05008,214.591
0.138311,0.15149,0.0967244,4.63488,10.7513,214.632
0.0830325,0.27116,0.0769083,28.2007,7.28797,214.644
0.122025,0.0804374,0.0660254,10.5075,6.93308,214.662
0.153778,0.166028,0.0921934,1.03718,4.16584,214.679
0.116539,0.273461,0.158926,10.2059,8.88975,214.682
0.11818,0.258587,0.132051,9.91249,10.6322,214.692
0.107482,0.26689,0.143584,13.0545,12.6163,214.696
0.158229,0.0719414,0.0601591,1.76274,4.6019,214.723
0.115436,0.208841,0.0957946,11.6263,8.9779,214.757
0.155521,0.199294,0.155146,0.586669,7.54436,214.76
0.0995204,0.295124,0.134989,17.7206,10.3819,214.772
0.142592,0.0787812,0.0743099,4.46485,7.39775,214.838
0.146085,0.175332,0.113458,2.4716,9.73639,214.854
0.102777,0.264752,0.108057,16.1839,8.0563,214.868
0.0874582,0.225224,0.0705017,25.7275,7.90668,214.88
0.0790364,0.409166,0.119477,30.0224,8.15823,214.882
0.125406,0.0537306,0.0693694,8.28896,12.3192,214.89
0.131254,0.0570164,0.0561469,7.22391,6.06485,214.897
0.125886,0.155915,0.0890951,8.69896,7.15178,214.905
0.153237,0.0677431,0.0710832,2.76281,7.49051,214.979
0.0853166,0.358304,0.138389,25.9445,11.2436,214.987
0.0713049,0.191211,0.0689672,39.5561,10.733,215.013
0.088664,0.348503,0.153623,22.9784,14.4653,215.027
0.0779459,0.397091,0.152409,30.672,14.7498,215.04
0.105443,0.300453,0.163925,14.9698,10.4187,215.055
0.117041,0.215793,0.0950849,10.9948,9.68874,215.093
0.157583,0.165872,0.122622,0.74128,7.69257,215.112
0.0956549,0.0740261,0.0565986,21.3768,7.51447,215.142
0.122185,0.244881,0.140689,8.05393,9.58897,215.151
0.0933622,0.260511,0.102724,20.8539,12.4545,215.159
0.100591,0.310544,0.128564,16.1948,10.0763,215.184
0.099983,0.277633,0.0959219,17.8517,8.61967,215.195
0.0897126,0.383732,0.140845,22.0991,8.38381,215.223
0.0976704,0.132362,0.0736228,19.416,10.5644,215.279
0.107247,0.319651,0.149754,13.8044,8.27268,215.284
0.101188,0.228398,0.0897943,17.1511,7.30673,215.308
0.0917022,0.114813,0.0708822,22.642,12.0102,215.319
0.0914325,0.353507,0.1228,21.651,8.7353,215.333
0.107312,0.321145,0.148327,13.5962,8.87179,215.334
0.0706123,0.425925,0.122238,38.9824,11.8768,215.343
0.149279,0.157855,0.0741598,2.51902,5.59761,215.369
0.146539,0.110345,0.063318,3.24756,5.93899,215.378
0.100685,0.268915,0.0874572,17.1856,6.16781,215.38
0.117936,0.178663,0.0796922,10.3838,8.9139,215.402
0.145723,0.205398,0.113281,2.80719,7.41924,215.407
0.148146,0.172521,0.121592,2.486,8.31257,215.408
0.141293,0.204364,0.15562,3.75774,10.5881,215.443
0.136097,0.248503,0.152416,4.68012,8.36272,215.449
0.0927721,0.212229,0.0808933,21.1348,10.5725,215.474
0.0898616,0.108142,0.0675403,24.9497,8.05392,215.536
0.0729998,0.112974,0.064565,38.6333,9.36969,215.544
0.0880426,0.390198,0.140526,23.7105,9.38446,215.564
0.110847,0.196489,0.0776976,13.6322,7.13072,215.626
0.121333,0.114409,0.0774516,9.79174,11.5416,215.635
0.0840789,0.141004,0.0737222,27.0035,12.7465,215.654
0.14967,0.0102871,0.0664992,3.7278,8.47497,215.656
0.091378,0.309027,0.113453,21.7023,11.262,215.657
0.15409,0.154362,0.110086,1.56936,7.91921,215.718
0.128556,0.248364,0.129993,6.22346,8.33122,215.746
0.159214,0.0259592,0.0536299,1.4313,5.19518,215.77
0.126358,0.00674646,0.0570847,9.36282,6.18988,215.808
0.132247,0.228846,0.156514,5.15873,10.8749,215.816
0.0774216,0.196954,0.0713851,33.8828,9.48131,215.818
0.109589,0.260218,0.103401,13.2691,6.22372,215.829
0.135714,0.14987,0.08812,5.6488,7.86238,215.859
0.107926,0.255596,0.113762,13.0811,10.5213,215.866
0.11615,0.173881,0.0702267,11.6375,6.47475,215.887
0.113338,0.187294,0.0921764,12.9797,8.75354,215.908
0.138353,0.203251,0.122678,4.96436,8.65335,215.915
0.0999487,0.23596,0.0882111,17.1535,9.61296,215.918
0.102808,0.071873,0.064239,17.8908,8.04838,215.922
0.119647,0.0319462,0.0586543,11.3443,6.56849,215.944
0.155905,0.174161,0.107595,0.114586,8.87028,215.947
0.136094,0.24049,0.125161,4.61129,6.38097,215.992
0.103605,0.0192955,0.0539705,17.5122,7.63678,216.008
0.110033,0.293963,0.147295,12.5468,10.6165,216.041
0.1082,0.210412,0.0880918,14.8999,7.43697,216.102
0.144138,0.14568,0.0884232,3.66944,8.80438,216.103
0.0988754,0.0679733,0.0648489,19.7161,8.99817,216.118
0.146349,0.219866,0.12046,2.22228,6.65613,216.13
0.141299,0.146131,0.0894698,4.41092,7.71981,216.158
0.150021,0.229378,0.157189,1.67071,7.59129,216.182
0.120567,0.254254,0.148221,8.69838,12.0713,216.196
0.0912383,0.256685,0.0800861,22.2565,8.0036,216.221
0.13371,0.108714,0.0788181,6.98524,8.79199,216.249
0.14851,0.0630811,0.0562788,3.55883,5.0837,216.251
0.158815,0.173073,0.0953947,0.0734522,4.71827,216.259
0.143387,0.14411,0.0960611,3.15961,9.25826,216.26
0.132977,0.214617,0.133522,5.54211,9.77434,216.275
0.121354,0.252174,0.14876,8.76691,11.0167,216.291
0.081315,0.0730497,0.0632519,30.1676,10.8083,216.309
0.084318,0.254543,0.078636,27.0887,7.95297,216.344
0.0819473,0.0630414,0.0604704,30.5688,8.40118,216.349
0.138585,0.180126,0.0975566,4.51735,8.44653,216.367
0.102326,0.113701,0.060416,17.3666,7.64734,216.393
0.140814,0.180124,0.123057,3.29148,11.2908,216.406
0.0893023,0.375335,0.159446,22.0591,11.6582,216.411
0.145419,0.132776,0.0862338,3.38507,6.82479,216.454
0.0715162,0.109225,0.0648432,39.9729,11.9581,216.455
0.134236,0.0812247,0.0619469,6.8881,7.98669,216.462
0.114512,0.250042,0.143372,10.8072,13.8463,216.533
0.0980408,0.125503,0.0728265,19.4592,9.55446,216.565
0.138892,0.167626,0.0793632,4.80595,6.71787,216.591
0.144822,0.159499,0.0813538,3.39525,6.1076,216.606
0.0918618,0.0400733,0.0624277,23.1095,9.63872,216.609
0.147171,0.168816,0.0991439,2.24483,7.51599,216.646
0.149507,0.164847,0.103059,2.1797,6.37626,216.651
0.115778,0.245105,0.125826,10.0891,10.9619,216.687
0.115672,0.173073,0.0831462,11.7997,7.70228,216.711
0.128587,0.216632,0.130638,6.43227,11.4441,216.749
0.126031,0.23271,0.0947865,7.67026,6.05958,216.761
0.104888,0.315416,0.148786,14.6763,10.1555,216.774
0.118244,0.275959,0.16483,9.92424,9.7233,216.786
0.0697174,0.434253,0.11915,39.9958,11.9106,216.829
0.0863234,0.318256,0.106698,25.104,9.43284,216.831
0.118489,0.0879601,0.0655391,11.9435,6.18237,216.832
0.0979299,0.162221,0.0805538,19.7916,8.57338,216.897
0.149796,0.210272,0.127506,1.991,6.67754,216.902
0.113198,0.250095,0.141399,11.3997,11.019,216.912
0.115874,0.265876,0.125977,10.7211,8.47886,216.917
0.0717233,0.418986,0.111318,37.974,10.0987,216.921
0.116519,0.117842,0.0665091,11.595,8.85484,216.968
0.117825,0.0997992,0.0696839,11.5072,8.07515,217.06
0.145215,0.219418,0.115307,2.99236,6.6715,217.067
0.116017,0.204378,0.0896833,11.0697,7.23863,217.089
0.0805516,0.345933,0.128494,28.9358,14.278,217.106
0.148996,0.224548,0.141048,1.64215,6.42433,217.108
0.124461,0.202686,0.0778296,8.89584,6.41421,217.141
0.0946865,0.1132,0.0694113,21.9764,8.8013,217.158
0.111545,0.0892553,0.0639009,13.7897,9.03051,217.217
0.0719058,0.450173,0.155708,36.7729,13.6827,217.217
0.128814,0.256209,0.131305,6.31231,6.16695,217.218
0.0914618,0.371278,0.12867,21.587,8.7869,217.225
0.137692,0.228806,0.137996,4.98645,6.98225,217.263
0.152729,0.17222,0.122365,1.10667,8.39154,217.264
0.083254,0.352955,0.13668,26.046,13.1372,217.282
0.087138,0.0823116,0.0627834,26.266,9.118,217.32
0.149273,0.00359693,0.0637208,3.51311,8.13229,217.326
0.0749232,0.368546,0.0958881,34.4204,9.39196,217.341
0.126177,0.0147135,0.0641945,9.24313,8.87587,217.344
0.15458,0.177717,0.135033,0.022067,11.7238,217.385
0.116721,0.179531,0.0823779,11.5915,6.12573,217.397
0.135769,0.17341,0.0890202,5.39949,5.43826,217.451
0.0857947,0.353501,0.114193,25.0284,9.82245,217.467
0.0988001,0.323427,0.158532,17.6123,10.1822,217.471
0.11202,0.262001,0.106275,12.1861,6.50761,217.477
0.133763,0.206575,0.135844,5.2289,9.11055,217.487
0.0878289,0.164603,0.073404,25.3619,9.20858,217.493
0.118954,0.0170542,0.057531,11.5673,7.05371,217.497
0.0897521,0.385314,0.134804,22.9796,8.3122,217.532
0.145349,0.228512,0.122434,2.74087,6.33307,217.605
0.0832377,0.314616,0.101534,27.8783,10.8583,217.624
0.0883301,0.0407847,0.0658138,25.0592,11.0453,217.63
0.113871,0.271999,0.149099,11.4844,8.31208,217.649
0.127832,0.0193931,0.0661838,8.80727,10.3074,217.653
0.074958,0.0897543,0.0643557,36.4735,9.91927,217.714
0.156765,0.182141,0.13873,0.751866,7.95798,217.808
0.0901394,0.329925,0.135015,22.2395,10.0712,217.84
0.110341,0.145853,0.0812801,13.0168,10.7753,217.848
0.105551,0.0506424,0.0659032,16.4066,8.91736,217.859
0.0646239,0.32927,0.0795167,47.2083,9.76384,217.879
0.0893273,0.327475,0.146141,22.7175,13.5945,217.881
0.0690594,0.456474,0.124553,40.8798,10.0794,217.885
0.117955,0.173765,0.0798808,10.9287,8.42759,217.893
0.100526,0.17111,0.079472,17.2378,11.8529,217.908
0.118306,0.287159,0.129739,9.43144,7.78503,217.947
0.159675,0.128635,0.0845174,0.610863,5.63505,217.983
0.161961,0.0391441,0.0644256,0.282848,9.56035,218.002
0.0845742,0.0780121,0.0578155,28.3369,8.31187,218.004
0.0708862,0.2261,0.0755321,39.5945,11.8138,218.06
0.0982803,0.281324,0.126748,18.5239,9.71871,218.096
0.147111,0.213832,0.136325,2.87308,6.9055,218.109
0.123202,0.225529,0.127279,8.96133,8.66706,218.117
0.0829699,0.142206,0.0694651,28.5759,11.0163,218.118
0.0903554,0.24867,0.0756874,23.3749,6.60286,218.12
0.102242,0.0582235,0.0654855,17.8758,11.7758,218.13
0.158414,0.027832,0.0654494,1.83947,6.6742,218.131
0.100533,0.103366,0.0686721,18.4672,9.52235,218.144
0.103926,0.304382,0.114266,15.0262,6.54621,218.184
0.094583,0.113209,0.0616399,21.6551,8.41388,218.225
0.0958011,0.0723099,0.0614208,21.6548,7.36935,218.253
0.116247,0.245644,0.107015,10.7725,8.54711,218.321
0.142167,0.179286,0.0947475,3.08184,8.72955,218.33
0.0998125,0.0544546,0.0610371,19.434,7.77899,218.33
0.149353,0.219036,0.141444,1.09344,7.01033,218.342
0.115183,0.0558103,0.0683051,12.7791,7.42816,218.357
0.102961,0.330359,0.150591,15.3927,9.46505,218.377
0.0663445,0.386596,0.0966884,44.0308,10.3508,218.387
0.120959,0.0475406,0.0596403,10.09,8.40443,218.396
0.0988421,0.177684,0.0766035,18.8122,10.9431,218.413
0.120758,0.243154,0.146678,8.23685,12.5354,218.425
0.130625,0.208496,0.134119,6.71535,9.28153,218.426
0.0724839,0.0270354,0.0574366,39.6638,9.41477,218.436
0.152882,0.147116,0.0767838,1.90131,5.83272,218.448
0.103634,0.223438,0.0958764,15.2857,11.0129,218.473
0.0904448,0.0849272,0.0661814,23.8999,12.1485,218.502
0.142487,0.0590237,0.0714375,4.78743,9.08589,218.503
0.125144,0.0729078,0.0663518,9.43516,6.11033,218.544
0.102333,0.120651,0.0722469,17.4433,9.10631,218.566
0.125639,0.126052,0.0671723,8.3621,7.41439,218.595
0.120651,0.192268,0.0957569,9.56179,8.60017,218.605
0.125361,0.194465,0.1053,7.0207,11.3888,218.621
0.150372,0.0963651,0.0747472,2.29799,7.40075,218.637
0.085173,0.410464,0.159189,25.6844,9.81129,218.643
0.154053,0.121198,0.066852,1.62723,5.40225,218.652
0.0766583,0.330688,0.105721,32.4442,12.8236,218.691
0.0816431,0.38305,0.11811,28.0189,9.85827,218.729
0.0786934,0.407423,0.141754,30.6846,11.8393,218.742
0.149039,0.226473,0.161179,1.85241,8.45101,218.771
0.104325,0.187133,0.0775654,16.4901,6.43293,218.777
0.0952701,0.319,0.144173,19.2053,10.4434,218.777
0.111612,0.268531,0.157029,11.7371,13.4421,218.794
0.117497,0.148598,0.0834469,10.0959,11.4845,218.822
0.154572,0.20724,0.144952,0.380548,7.20943,218.831
0.161182,0.0717746,0.0673174,0.285213,8.03598,218.878
0.131765,0.229132,0.141771,5.45675,10.1076,218.887
0.0891888,0.00813555,0.0625667,25.6,9.03976,218.89
0.0955094,0.0122466,0.0595051,21.8526,9.96224,218.938
0.150461,0.191552,0.140325,1.54542,7.59078,218.943
0.10226,0.117338,0.0739035,17.8881,9.37369,218.96
0.143387,0.162496,0.104706,3.04565,7.55185,218.961
0.127443,0.179636,0.0803091,7.97234,7.36805,218.973
0.124739,0.157432,0.0754739,8.03725,8.57885,218.994
0.140519,0.195136,0.133614,3.77324,11.3405,218.996
0.153257,0.201598,0.162589,0.627266,11.1946,219.021
0.105107,0.322731,0.143495,14.4653,9.62172,219.05
0.133015,0.11428,0.0643717,6.99743,6.48203,219.125
0.107276,0.279657,0.142461,13.5792,11.8551,219.134
0.0736931,0.169759,0.0714987,36.7901,12.5907,219.136
0.155731,0.18425,0.147283,0.0875536,7.0084,219.142
0.138047,0.209859,0.151372,4.16226,9.42111,219.16
0.158289,0.0456765,0.0703484,1.97067,7.32755,219.167
0.113385,0.260333,0.126869,11.8843,8.95781,219.181
0.13499,0.161354,0.098471,5.10331,9.67382,219.216
0.114538,0.0674331,0.0709466,12.8123,10.4217,219.22
0.110957,0.237067,0.102086,12.1145,9.03254,219.237
0.101339,0.181898,0.0839268,17.3434,9.01357,219.244
0.139324,0.232777,0.162614,3.26214,10.0288,219.27
0.0793657,0.0233285,0.0653046,31.1518,14.7902,219.272
0.14246,0.178724,0.0858227,3.64185,6.52379,219.294
0.158609,0.176295,0.144083,0.976399,7.83981,219.295
0.119037,0.0208192,0.0639023,11.9907,9.73697,219.332
0.155554,0.179121,0.1149,0.756955,9.40365,219.335
0.0856402,0.2191,0.0822113,26.2253,9.16881,219.34
0.111261,0.0723333,0.0696056,13.6585,11.658,219.352
0.110109,0.231963,0.081196,13.7112,6.66687,219.365
0.119745,0.252941,0.120208,9.44903,8.61318,219.369
0.131599,0.242214,0.147614,5.78549,10.5545,219.398
0.141264,0.0111975,0.0530766,5.38496,5.36183,219.445
0.0757019,0.297543,0.0836258,34.2408,8.64766,219.446
0.149274,0.00258069,0.0551685,3.95932,7.283,219.476
0.130952,0.22545,0.144166,5.21057,12.1097,219.477
0.137552,0.180606,0.108239,4.80304,9.95381,219.481
0.0790031,0.232184,0.0813658,31.0296,10.89,219.503
0.147197,0.0741268,0.0743368,3.02965,8.32596,219.507
0.160167,0.0262582,0.0553792,1.81635,4.44251,219.508
0.0985215,0.313585,0.124574,17.7373,10.781,219.517
0.152512,0.0646349,0.0656476,2.50028,5.41609,219.543
0.0768147,0.39491,0.142119,32.0018,11.5943,219.557
0.0831345,0.376955,0.145109,26.7814,13.7,219.567
0.0659785,0.326321,0.0794161,45.945,9.37346,219.603
0.0929286,0.291887,0.112637,20.8651,12.2978,219.609
0.0859341,0.209709,0.0831476,26.8344,9.25175,219.613
