beta,permeability,xi,init_days,delay,value
0.0629226,0.99669,0.132543,0.363377,16.3217,35.9877
0.0629968,0.994376,0.128985,0.632094,16.6563,36.0147
0.0628177,0.998896,0.149072,0.931668,16.8354,36.0239
0.0629232,0.995477,0.139259,0.583805,16.1044,36.0294
0.0632064,0.981924,0.124182,0.974748,16.6397,36.031
0.0628881,0.995626,0.142494,0.659336,16.9718,36.0431
0.0628549,0.996703,0.146305,0.621939,16.4229,36.062
0.0630809,0.990242,0.128238,0.418097,16.363,36.0768
0.0628091,0.998374,0.15265,0.393353,16.1807,36.1012
0.0632512,0.975655,0.163437,0.817342,17.7671,36.1023
0.0633118,0.976912,0.12189,0.929825,16.1321,36.1054
0.0633224,0.97672,0.121968,0.720453,16.0995,36.1099
0.0629987,0.990297,0.136771,0.0560723,16.1827,36.135
0.0632454,0.981792,0.12009,0.614979,16.9584,36.1399
0.0620373,0.988469,0.162115,1.89838,17.373,36.1431
0.0631712,0.985653,0.122038,0.245239,16.5761,36.1458
0.0632752,0.975701,0.159075,0.530023,17.7355,36.1644
0.0629429,0.99309,0.133373,0.0751676,16.3206,36.1737
0.0633919,0.972873,0.120341,0.779439,16.2405,36.1771
0.0634017,0.974449,0.101698,0.8321,15.3154,36.1834
0.0631874,0.979801,0.16135,0.841282,17.3727,36.1845
0.063031,0.988017,0.14322,0.869134,16.4295,36.1853
0.0630768,0.988764,0.133419,0.458115,16.1173,36.1967
0.0629004,0.997133,0.162563,0.207961,17.9327,36.2031
0.0631376,0.987822,0.1226,0.880994,16.8546,36.2042
0.0630643,0.986909,0.13452,0.0843606,16.6856,36.2071
0.0631294,0.984269,0.135384,0.435241,16.2675,36.2152
0.0629886,0.994029,0.136406,0.798601,16.9988,36.2163
0.0635583,0.966073,0.100724,0.969008,15.1398,36.2178
0.0634675,0.970332,0.116751,0.104489,16.2416,36.2202
0.0633086,0.97054,0.165134,0.0276849,17.6229,36.2217
0.0639461,0.949584,0.0877973,0.901542,15.6894,36.2242
0.0633997,0.968052,0.155594,0.966614,17.3842,36.2245
0.0631401,0.987686,0.127365,0.159883,16.1342,36.2275
0.0619204,0.998582,0.161507,1.53873,17.1043,36.2279
0.0620012,0.997189,0.116356,1.93077,16.5257,36.239
0.0621542,0.989906,0.110319,1.89401,16.6503,36.2463
0.0621269,0.984597,0.156457,1.74192,17.981,36.2465
0.0634446,0.966594,0.163101,0.238571,17.1537,36.2497
0.0628918,0.993374,0.146081,0.929941,16.2476,36.2509
0.0621721,0.990617,0.0976611,1.91349,15.2868,36.2552
0.0627951,0.996875,0.15182,0.902954,16.6435,36.2567
0.0633541,0.974929,0.108155,0.925441,15.532,36.2609
0.0632047,0.979569,0.136731,0.167323,16.3016,36.2618
0.0628235,0.996608,0.156022,0.592381,16.8252,36.2638
0.0630742,0.985948,0.135413,0.528587,16.2515,36.2667
0.0635266,0.958282,0.160951,0.0281092,17.5979,36.2686
0.0620998,0.984272,0.165094,1.36716,17.0298,36.2691
0.0629213,0.992194,0.151053,0.464462,16.5958,36.2705
0.0630709,0.986166,0.127195,0.811036,16.3077,36.2748
0.0632847,0.976546,0.123144,0.671614,16.6848,36.2779
0.0628978,0.992824,0.140097,0.277907,16.2108,36.2801
0.063164,0.982115,0.138156,0.0950205,16.8478,36.2816
0.062637,0.970304,0.0846843,1.5451,15.508,36.2818
0.062658,0.967207,0.0853539,1.68636,15.905,36.2833
0.0633885,0.9748,0.119399,0.780017,16.7129,36.2837
0.0638592,0.951699,0.09072,0.10139,15.1636,36.2861
0.0619933,0.99509,0.148273,1.77916,17.6418,36.2863
0.0630131,0.988393,0.163809,0.00438469,17.1642,36.2872
0.0625454,0.973283,0.0875858,1.0824,15.7438,36.2883
0.0630208,0.987973,0.163756,0.755884,17.0057,36.2888
0.0636382,0.962291,0.0956481,0.764059,15.7115,36.292
0.0630409,0.990291,0.160592,0.311114,17.3072,36.2936
0.0632671,0.978967,0.12793,0.888571,16.6171,36.2961
0.0620222,0.992794,0.147112,1.35793,17.1279,36.2978
0.063438,0.969665,0.117598,0.618116,16.6471,36.2987
0.0635459,0.960607,0.155881,0.967978,17.4315,36.3003
0.0630045,0.995451,0.126223,0.794845,16.6463,36.3013
0.0633374,0.974009,0.123137,0.00732533,16.7544,36.3022
0.0633993,0.967959,0.153729,0.990896,17.6906,36.3037
0.0628696,0.99446,0.139045,0.747403,16.2425,36.3044
0.0634083,0.976167,0.0977038,0.144845,15.2007,36.3102
0.0633445,0.975345,0.124676,0.993919,16.0053,36.3121
0.0624322,0.97666,0.0909898,1.9239,15.9038,36.3176
0.0628538,0.996401,0.164406,0.0104191,17.6244,36.3181
0.0629978,0.990428,0.128129,0.872043,16.526,36.3187
0.0629011,0.99182,0.141213,0.188979,16.4623,36.3206
0.0632374,0.978795,0.134473,0.652778,16.6205,36.3212
0.0640586,0.944812,0.0870008,0.336971,15.0147,36.3219
0.0630489,0.986139,0.14077,0.735286,16.1491,36.322
0.0634956,0.966337,0.119768,0.434764,16.3358,36.3229
0.062104,0.983241,0.161351,1.21731,17.9382,36.3234
0.0632618,0.977988,0.110875,0.921004,15.9984,36.3236
0.0632385,0.97445,0.164569,0.613246,17.864,36.3244
0.0630742,0.987295,0.11647,0.16153,15.471,36.3251
0.0633251,0.974393,0.155347,0.904517,17.6145,36.3264
0.0619655,0.997877,0.149084,1.62148,17.5942,36.3273
0.0620876,0.988592,0.160718,1.59135,17.7979,36.3315
0.0636079,0.953887,0.160759,0.408807,17.1374,36.3337
0.0633052,0.980092,0.117458,0.13011,16.3152,36.3339
0.0624137,0.978965,0.0884765,1.98494,15.9192,36.3342
0.0635297,0.958194,0.157681,0.938446,17.1163,36.3345
0.0620867,0.983944,0.164129,1.93285,17.1459,36.3347
0.0635845,0.957106,0.160913,0.912603,17.9174,36.3409
0.0631481,0.981291,0.143321,0.63207,16.2005,36.3414
0.0633643,0.978653,0.100633,0.922713,15.472,36.3429
0.06341,0.974393,0.11417,0.650548,16.0385,36.3446
0.0648422,0.910737,0.0646286,0.484052,14.4393,36.3447
0.0634764,0.965569,0.155988,0.295418,17.3541,36.3498
0.0630986,0.987373,0.157837,0.838256,17.2904,36.3514
0.063318,0.977119,0.1095,0.764946,15.9452,36.3516
0.0621115,0.987348,0.148963,1.50321,17.6465,36.3544
0.0629259,0.992541,0.163429,0.110211,17.3494,36.3567
0.064308,0.93104,0.0821678,0.837142,15.4787,36.3568
0.0623641,0.983506,0.0915871,1.08421,15.949,36.3577
0.0639074,0.948684,0.0924864,0.911077,15.1333,36.3581
0.0619421,0.998227,0.128395,1.59815,16.0253,36.3588
0.0634425,0.970485,0.11487,0.0143413,16.7499,36.3593
0.0631392,0.988005,0.106272,0.296723,15.0816,36.3599
0.063519,0.956295,0.164556,0.980063,17.018,36.3623
0.0630457,0.986221,0.137657,0.866381,16.7166,36.3624
0.0630267,0.992164,0.11134,0.926669,15.5522,36.3631
0.063578,0.962426,0.115066,0.877851,16.1253,36.3632
0.0611483,0.999467,0.0870279,2.70795,15.3525,36.3653
0.0633709,0.97294,0.108772,0.0272201,15.2641,36.3656
0.0635924,0.962811,0.10266,0.492118,15.08,36.3659
0.0627287,0.997308,0.1541,0.0167398,16.9821,36.3661
0.0635473,0.970106,0.0937579,0.635384,15.4228,36.3674
0.0620932,0.988758,0.151624,1.2167,17.1166,36.3694
0.0634035,0.97276,0.122609,0.569375,16.9995,36.3696
0.0631106,0.982981,0.127023,0.779556,16.6237,36.3698
0.0628437,0.993729,0.142637,0.497707,16.1103,36.37
0.0631605,0.985735,0.106467,0.389662,15.5019,36.3707
0.0634835,0.969882,0.112734,0.701174,16.5989,36.3728
0.0628094,0.998514,0.164037,0.951517,17.9249,36.3776
0.062059,0.998396,0.0992082,1.18681,15.1873,36.3779
0.06405,0.941626,0.0868228,0.758961,15.7754,36.381
0.0619247,0.99596,0.154635,1.38772,17.5905,36.3813
0.0622235,0.984961,0.110428,1.93637,16.3119,36.3815
0.0635473,0.968248,0.100437,0.0273131,15.3497,36.382
0.0645975,0.924205,0.067877,0.936223,14.7348,36.3825
0.0623957,0.98373,0.0884382,1.123,15.5259,36.383
0.0629557,0.995797,0.114606,0.38505,15.1648,36.3841
0.0634438,0.966891,0.130917,0.374634,16.7008,36.3847
0.0619595,0.999368,0.143342,1.22434,17.4263,36.3866
0.0634085,0.970726,0.127604,0.438648,16.9592,36.3876
0.0631909,0.984642,0.111561,0.647042,15.1656,36.3877
0.0629552,0.950487,0.0792813,1.19188,15.24,36.3914
0.0639105,0.949296,0.0924547,0.603801,15.8718,36.3915
0.0632846,0.942353,0.0644368,1.27007,14.1858,36.3932
0.0635424,0.964362,0.10328,0.871576,15.1736,36.3933
0.0627271,0.964844,0.0812027,1.98269,15.1647,36.3956
0.0629734,0.990936,0.150395,0.672481,16.718,36.3961
0.0641693,0.940805,0.0834457,0.794935,15.3711,36.3977
0.0634549,0.971173,0.0983703,0.383344,15.2929,36.3988
0.0630768,0.983955,0.142668,0.295046,16.2886,36.3992
0.0630305,0.985872,0.152975,0.901082,16.4529,36.4007
0.0636952,0.959027,0.0991866,0.97077,15.8002,36.4017
0.0627921,0.999482,0.138399,0.411678,16.7211,36.4029
0.063474,0.933,0.061962,1.35504,14.2704,36.404
0.063037,0.986119,0.138912,0.244137,16.9248,36.4042
0.0631438,0.988331,0.106373,0.684276,15.1297,36.4045
0.0630426,0.985435,0.129238,0.729267,16.1732,36.4051
0.0636419,0.962536,0.111007,0.872401,16.4042,36.4078
0.0635444,0.92783,0.0619869,1.87396,14.2774,36.4081
0.0650018,0.902283,0.0633068,0.242921,14.0155,36.4083
0.0643351,0.933702,0.073295,0.237939,14.659,36.4104
0.0621235,0.987008,0.159541,1.20273,17.4362,36.4113
0.0640386,0.945563,0.0843416,0.742587,15.7225,36.4138
0.0621562,0.983411,0.147593,1.91551,17.6939,36.4143
0.0629901,0.99549,0.125127,0.867425,16.9799,36.4155
0.06296,0.988906,0.143468,0.22733,16.9771,36.4167
0.0619717,0.997232,0.119596,1.54311,16.4387,36.4176
0.0634704,0.966364,0.155911,0.732371,17.4555,36.4186
0.0631957,0.97794,0.145257,0.738556,16.2208,36.4188
0.0634598,0.966181,0.148324,0.902493,17.2927,36.4195
0.0620486,0.984977,0.160272,1.54721,17.2741,36.42
0.0636299,0.954944,0.161207,0.444111,17.885,36.42
0.0632463,0.98048,0.112218,0.0779339,15.4976,36.4203
0.0636863,0.963324,0.0946385,0.35894,15.7044,36.4203
0.0611446,0.997146,0.100271,2.55283,16.1632,36.4206
0.0635935,0.95415,0.158112,0.52788,17.3048,36.4212
0.0631447,0.978953,0.158017,0.847155,16.6606,36.4229
0.0629051,0.99773,0.128214,0.162794,16.1312,36.424
0.0647691,0.91613,0.065219,0.285544,14.7367,36.424
0.0632023,0.975209,0.156841,0.847988,16.4819,36.4244
0.0630701,0.983599,0.154241,0.0602842,16.9755,36.4264
0.0631511,0.979562,0.163198,0.741374,17.4243,36.4271
0.0631926,0.980689,0.121816,0.315295,16.0973,36.433
0.0629076,0.991114,0.162126,0.569728,16.9791,36.433
0.0635936,0.966793,0.0985818,0.51411,15.652,36.4345
0.063172,0.983569,0.153795,0.421664,17.2224,36.4349
0.0632761,0.939437,0.0651026,1.63632,14.7359,36.4361
0.0635801,0.960342,0.153063,0.614472,17.2847,36.4365
0.0634934,0.958801,0.158132,0.834146,17.2133,36.4378
0.0631751,0.978019,0.154764,0.262438,16.6692,36.4378
0.0633896,0.971557,0.147758,0.357293,17.1567,36.4395
0.0631949,0.986399,0.107992,0.820356,15.0923,36.4416
0.0649112,0.907628,0.0642379,0.851173,14.1848,36.4427
0.0632032,0.976044,0.152128,0.923549,16.8337,36.4428
0.0621784,0.978966,0.159006,1.28127,17.3284,36.4429
0.0637447,0.958256,0.0965898,0.839607,15.5629,36.4431
0.0612532,0.99284,0.0853482,2.25106,15.2976,36.4453
0.0634635,0.964849,0.149242,0.490068,17.225,36.4457
0.0638893,0.9537,0.0809685,0.792054,14.9548,36.4458
0.0641597,0.940158,0.0852414,0.935828,15.3681,36.4461
0.0634783,0.966119,0.152267,0.472883,17.9147,36.4461
0.0632988,0.969168,0.157502,0.637463,16.3467,36.4473
0.0632632,0.977716,0.113135,0.0360201,15.1155,36.4474
0.0621593,0.992587,0.0926294,1.68646,15.8766,36.448
0.0622184,0.986897,0.107139,1.94715,16.2426,36.4481
0.0631234,0.98101,0.127204,0.784565,16.9767,36.4501
0.0635914,0.962254,0.0991319,0.682593,15.2528,36.4508
0.0636196,0.956986,0.149302,0.0268166,17.3362,36.4536
0.0635535,0.96574,0.111105,0.74671,16.0006,36.4539
0.0632017,0.983078,0.119133,0.681779,16.556,36.4544
0.0620451,0.99462,0.103733,1.92548,15.7245,36.4552
0.062351,0.984835,0.0920557,1.35515,15.1183,36.4561
0.0627932,0.964365,0.0727067,1.40333,14.8148,36.4582
0.0621945,0.991225,0.0913994,1.82351,15.6844,36.4585
0.0630241,0.986973,0.161022,0.129024,17.4887,36.4588
0.0613247,0.990834,0.0813346,2.9996,15.9405,36.4596
0.0635686,0.965586,0.1161,0.632284,16.3377,36.4598
0.0636347,0.950516,0.162741,0.950048,17.3557,36.4598
0.0643425,0.932254,0.0742281,0.259725,14.2129,36.4612
0.0638766,0.948748,0.0936739,0.401285,15.0435,36.4644
0.0619417,0.962959,0.0638203,2.60353,14.26,36.4651
0.0635007,0.958815,0.156195,0.529411,17.374,36.4666
0.0650887,0.897068,0.0621166,0.502313,14.8892,36.4669
0.063265,0.974575,0.146228,0.149956,16.2187,36.4673
0.0631576,0.979157,0.126226,0.653722,16.9888,36.47
0.0620047,0.998289,0.1115,1.68156,16.2313,36.4707
0.0621301,0.988075,0.148197,1.12672,17.5975,36.4707
0.0631815,0.980507,0.154105,0.415274,17.5298,36.471
0.0622622,0.976236,0.156075,1.78922,17.8375,36.4712
0.062222,0.978209,0.160423,1.98075,17.0772,36.4713
0.0635682,0.959568,0.127287,0.427138,16.6745,36.4713
0.0630083,0.992454,0.110538,0.80352,15.0231,36.4715
0.0620226,0.986063,0.161113,1.99306,17.0749,36.4716
0.0620491,0.993491,0.147358,1.8648,17.8734,36.4721
0.0643407,0.936506,0.0702213,0.454594,14.5753,36.4721
0.0619595,0.995544,0.131422,1.01764,16.6075,36.4734
0.0621166,0.995841,0.112057,1.56259,16.8581,36.4744
0.0628213,0.996837,0.1652,0.99439,16.4929,36.4752
0.0622051,0.987603,0.0945704,1.57698,15.2065,36.4753
0.0635172,0.962323,0.126502,0.542247,16.7724,36.4762
0.0633415,0.972212,0.12572,0.738314,16.5259,36.4769
0.0629699,0.988858,0.130708,0.778744,16.1433,36.4773
0.0623698,0.984967,0.0902887,1.2709,15.8572,36.4786
0.0640477,0.943403,0.0849419,0.527194,15.944,36.479
0.0631935,0.9819,0.137117,0.935441,16.0694,36.4794
0.06301,0.992098,0.155928,0.541268,17.9552,36.4799
0.0648792,0.905748,0.0662992,0.0349008,14.0156,36.4836
0.0622646,0.981806,0.11392,1.65954,16.1019,36.4839
0.0631245,0.991867,0.124459,0.904267,16.5749,36.4845
0.062975,0.994507,0.110904,0.753451,15.6912,36.4849
0.0637127,0.948028,0.163509,0.0109055,17.7047,36.4849
0.0624177,0.975723,0.103596,1.0325,16.154,36.4851
0.0633015,0.970874,0.150609,0.0586954,16.5988,36.4852
0.0635154,0.97297,0.0945949,0.750795,15.3368,36.4854
0.0636649,0.922069,0.0594574,1.76136,14.1508,36.4876
0.0635662,0.960515,0.122617,0.778787,16.393,36.488
0.0632001,0.987607,0.121896,0.669805,16.7098,36.4889
0.0633166,0.973172,0.13983,0.883969,16.837,36.4889
0.0631193,0.981857,0.135014,0.327948,16.3626,36.489
0.0635952,0.95327,0.156364,0.261392,17.7189,36.4892
0.0621709,0.980188,0.151452,1.73819,17.4919,36.4893
0.0629728,0.988993,0.15982,0.274639,16.255,36.4895
0.0638133,0.954854,0.0953203,0.32092,15.5899,36.4899
0.0644379,0.925077,0.0798244,0.726825,15.7783,36.4909
0.0629015,0.997688,0.121164,0.608997,15.0028,36.4941
0.0621426,0.986149,0.123908,1.76299,16.9004,36.4941
0.0626377,0.971133,0.0753067,1.56534,14.2915,36.4944
0.0626605,0.970823,0.074972,1.68989,14.5246,36.495
0.0627929,0.998237,0.139419,0.743098,16.5554,36.4958
0.0621098,0.991066,0.0999644,1.45381,15.1277,36.4967
0.0618613,0.997108,0.162288,1.00783,17.3963,36.4978
0.0629083,0.990898,0.157687,0.890968,16.2949,36.4979
0.0649032,0.903911,0.0658869,0.9017,14.4124,36.4995
0.0604122,0.99612,0.0747805,3.47256,15.5492,36.4995
0.0625571,0.968867,0.0894457,1.14018,15.0499,36.4996
0.0637532,0.952885,0.113144,0.680468,16.9383,36.5003
0.0638508,0.955409,0.079553,0.325692,14.2021,36.5013
0.0637317,0.956129,0.0932709,0.916825,15.31,36.5017
0.0633524,0.973485,0.160825,0.942059,17.5632,36.5033
0.0622093,0.976872,0.157134,1.11705,17.4382,36.5033
0.0621763,0.994904,0.0942761,1.15533,15.928,36.5039
0.0622877,0.97439,0.152313,1.73281,17.4994,36.5046
0.0634246,0.969635,0.129992,0.671886,16.1009,36.5067
0.0633197,0.969728,0.145581,0.102693,16.467,36.508
0.0623659,0.978715,0.107902,1.67705,16.1026,36.5083
0.0611148,0.999365,0.091432,2.79194,15.0207,36.5091
0.0632405,0.978788,0.107272,0.824583,15.4187,36.512
0.0636859,0.923463,0.0593336,1.96406,14.2029,36.5123
0.0632987,0.970234,0.157482,0.148012,16.1676,36.5127
0.0621849,0.977709,0.165015,1.44918,17.7006,36.5136
0.0633356,0.969908,0.14604,0.707573,16.7411,36.5161
0.0633412,0.968566,0.158078,0.708599,17.6656,36.5182
0.0631411,0.991297,0.124754,0.861147,16.4836,36.5185
0.0637061,0.951989,0.144982,0.49636,17.7109,36.5188
0.0633654,0.966299,0.149689,0.972693,16.3101,36.5189
0.0639802,0.947295,0.0804694,0.720266,14.0177,36.5196
0.0631413,0.980043,0.157095,0.393806,16.3186,36.5203
0.0628566,0.999575,0.115703,0.401755,15.2747,36.5216
0.0635944,0.952558,0.155914,0.57642,17.9658,36.5216
0.0635679,0.960469,0.147318,0.264306,17.764,36.5219
0.0636477,0.954388,0.145947,0.922126,17.3259,36.5249
0.0634473,0.967567,0.104437,0.0224644,15.7479,36.5249
0.063055,0.994394,0.130589,0.870778,16.24,36.5253
0.0631292,0.980672,0.157558,0.0306846,16.0531,36.5257
0.063405,0.971503,0.109886,0.0964425,15.221,36.5259
0.0635647,0.967047,0.110164,0.703505,16.5585,36.5263
0.0631256,0.979113,0.127757,0.00830565,16.0115,36.527
0.0626962,0.962854,0.0870129,1.11673,15.4833,36.5273
0.0622485,0.991529,0.0926437,1.65208,15.7073,36.5286
0.062332,0.981624,0.108598,1.45234,16.1546,36.5289
0.0639206,0.950085,0.0813397,0.847836,14.5828,36.5298
0.0631984,0.982987,0.160074,0.69722,17.3202,36.5316
0.0630867,0.950556,0.0666822,1.63036,14.5465,36.532
0.0621172,0.989438,0.141864,1.65553,17.8007,36.5332
0.0637801,0.961037,0.0906424,0.280138,15.6765,36.5335
0.06124,0.996735,0.0866672,2.4229,15.5468,36.5337
0.0620153,0.990596,0.149015,1.01042,17.7579,36.5338
0.0636654,0.966537,0.0916904,0.186693,15.3336,36.534
0.0624132,0.939978,0.0570145,2.70972,14.7307,36.534
0.0636462,0.952394,0.149555,0.556286,17.333,36.5372
0.0631724,0.983497,0.137598,0.408231,16.0376,36.5372
0.0620508,0.993647,0.101686,1.33312,15.6463,36.5377
0.0623275,0.972829,0.151889,1.3543,17.6873,36.538
0.0619734,0.997249,0.140493,1.54936,17.9158,36.5393
0.0628116,0.999531,0.133308,0.805116,16.5635,36.5406
0.0653662,0.886499,0.0583977,0.194992,14.1405,36.5445
0.0629695,0.997319,0.115509,0.373837,15.9865,36.545
0.0620977,0.984121,0.150483,1.83876,17.2186,36.5461
0.0619991,0.996404,0.105536,1.42786,15.8055,36.5464
0.0630769,0.985198,0.116156,0.0320893,15.1431,36.5472
0.0629712,0.99624,0.13953,0.248503,16.3225,36.5477
0.0634191,0.97325,0.0973653,0.15722,15.406,36.5515
0.0635522,0.963494,0.123693,0.0542129,16.4952,36.5517
0.0620599,0.981471,0.164861,1.44807,17.5718,36.5524
0.0634574,0.966412,0.116753,0.260592,16.3481,36.5535
0.0629934,0.994899,0.162965,0.997235,17.9442,36.5541
0.0637675,0.914079,0.0600563,1.73749,14.5157,36.5548
0.0624836,0.972148,0.0941058,1.49836,15.9567,36.5558
0.063292,0.98234,0.117668,0.14393,16.4764,36.5581
0.0622407,0.989001,0.108894,1.49097,16.9001,36.5585
0.0620025,0.994348,0.118254,1.35867,16.1468,36.5589
0.0639033,0.947141,0.0899548,0.16925,15.6552,36.5591
0.0637708,0.914565,0.0602983,1.45724,14.1569,36.5599
0.0631802,0.979777,0.111872,0.120182,15.8095,36.56
0.063348,0.965713,0.154842,0.128696,16.3353,36.5606
0.0633042,0.972408,0.132361,0.00154045,16.4017,36.561
0.0622303,0.981592,0.139065,1.59829,17.7374,36.5613
0.0637424,0.945092,0.157948,0.651095,17.5709,36.5618
0.0629634,0.988645,0.130394,0.21339,16.8932,36.562
0.0631305,0.986946,0.164145,0.818214,17.2837,36.5635
0.0635172,0.964011,0.103253,0.0799576,15.1841,36.5637
0.0629455,0.986581,0.144552,0.421627,16.1074,36.5644
0.0637967,0.944166,0.153706,0.586122,17.9138,36.5648
0.0637896,0.958099,0.0877399,0.0833444,15.3335,36.5649
0.0646256,0.919531,0.0699991,0.147317,14.0391,36.5649
0.0630347,0.983658,0.137486,0.499985,16.3878,36.5652
0.0638634,0.948074,0.0977206,0.402767,15.1528,36.5657
0.0638194,0.915425,0.0588243,1.37919,14.2819,36.5666
0.0622267,0.982483,0.117099,1.42644,16.8136,36.5676
0.0634529,0.967671,0.131387,0.428209,16.1592,36.5681
0.0636504,0.962938,0.111023,0.761045,16.5525,36.5687
0.0632031,0.985859,0.126909,0.342165,16.3306,36.5692
0.063208,0.976772,0.135678,0.920872,16.2252,36.5693
0.0620868,0.986669,0.145733,1.62208,17.0408,36.5694
0.0630064,0.985038,0.141872,0.327773,16.0538,36.5695
0.0634409,0.967198,0.13448,0.689845,16.8046,36.5706
0.0613821,0.991118,0.0781659,2.8947,15.9481,36.5707
0.062921,0.99487,0.15315,0.933798,16.1867,36.5712
0.0639841,0.946466,0.0855053,0.968936,15.0606,36.5712
0.0625687,0.972955,0.0886337,1.29175,15.1339,36.5729
0.0631752,0.986953,0.118193,0.711033,16.236,36.5747
0.0628189,0.961642,0.0717194,1.80646,14.9807,36.5747
0.0632232,0.972168,0.165294,0.566353,16.692,36.5761
0.0620075,0.996501,0.150499,1.63534,17.0001,36.5762
0.0635246,0.964768,0.107386,0.0735379,15.7934,36.5762
0.0645942,0.921375,0.070455,0.546999,14.8312,36.5768
0.0636073,0.949984,0.160422,0.147713,17.3202,36.5773
0.0630775,0.993156,0.109357,0.226064,15.3322,36.5773
0.0631126,0.980714,0.147879,0.670834,16.5363,36.5781
0.0623241,0.987221,0.0926966,1.82551,15.3263,36.5784
0.0622585,0.977271,0.158325,1.99006,17.3343,36.5784
0.0623832,0.978423,0.107551,1.18043,16.8193,36.5795
0.0628861,0.998984,0.149289,0.263152,16.9091,36.5797
0.0632566,0.976616,0.150594,0.505271,17.3223,36.5806
0.06215,0.958044,0.0599547,2.36993,14.2474,36.5808
0.0621399,0.986067,0.138894,1.64307,17.3597,36.5819
0.0622018,0.984068,0.110407,1.39776,16.9941,36.5822
0.0634374,0.962718,0.145354,0.933435,16.5903,36.5827
0.0630698,0.982602,0.139457,0.446304,16.5265,36.5831
0.0623577,0.987581,0.0884242,1.2424,15.5129,36.584
0.0619437,0.996439,0.115284,1.86129,16.192,36.585
0.0619687,0.997931,0.163292,1.4054,17.9814,36.5864
0.0628855,0.995294,0.159866,0.404873,16.4861,36.5878
0.0622863,0.973869,0.149723,1.27654,17.3441,36.5878
0.0636718,0.954795,0.154946,0.431191,17.0544,36.5879
0.0630625,0.987633,0.120964,0.992011,15.1575,36.588
0.0620966,0.982959,0.152334,1.94025,17.3691,36.5881
0.0629942,0.985807,0.130732,0.540588,16.5506,36.5882
0.0637436,0.958582,0.0834916,0.372447,14.6667,36.5884
0.063663,0.955943,0.152838,0.828546,17.3335,36.5891
0.0637883,0.945631,0.150641,0.701215,17.1414,36.5891
0.0612193,0.993274,0.0994176,2.02552,16.6559,36.5893
0.0633975,0.966156,0.14914,0.820901,16.9062,36.5894
0.0632155,0.972348,0.164707,0.699002,16.4434,36.5895
0.0634445,0.959923,0.159332,0.963316,17.0858,36.5896
0.0629288,0.999184,0.164416,0.0699627,17.0623,36.59
0.0645696,0.917191,0.0716428,0.959089,14.1381,36.59
0.0634676,0.967566,0.153889,0.361727,17.6593,36.5901
0.0645018,0.927471,0.0674514,0.0178692,14.1796,36.5903
0.0621185,0.994251,0.101532,1.35628,15.0383,36.5908
0.0636215,0.928523,0.0599745,1.62817,14.1212,36.591
0.0620241,0.992054,0.125276,1.08391,16.0963,36.592
0.063397,0.969044,0.13799,0.193067,16.2306,36.5921
0.0618908,0.998049,0.149696,1.95054,17.6493,36.5928
0.0640457,0.940289,0.0864073,0.845847,15.699,36.5936
0.0626014,0.969647,0.0889188,1.27887,15.9155,36.5947
0.0630251,0.990761,0.109766,0.694746,15.1936,36.5962
0.0640981,0.93685,0.086672,0.418606,15.7574,36.5975
0.0627715,0.959289,0.0854321,1.53102,15.4244,36.5983
0.063356,0.968356,0.154272,0.850307,17.2848,36.5992
0.0625292,0.978217,0.0763652,1.63207,14.0868,36.5995
0.0619817,0.98802,0.160545,1.02698,17.5548,36.6003
0.0635885,0.959581,0.164362,0.319923,17.474,36.6008
0.0626945,0.962703,0.0876835,1.53642,15.6199,36.6012
0.0622471,0.983035,0.0981253,1.1454,15.9933,36.6016
0.0632911,0.968657,0.163501,0.678473,17.0883,36.6017
0.0635335,0.968639,0.103343,0.173262,15.9073,36.6021
0.0628216,0.990687,0.149964,0.291455,16.8822,36.6029
0.0636084,0.959,0.145987,0.250562,17.3148,36.6032
0.0630969,0.992054,0.111843,0.682148,15.8574,36.6035
0.0620436,0.990612,0.114279,1.5766,16.0139,36.6042
0.063086,0.981344,0.135489,0.748499,16.0598,36.6047
0.0634914,0.964712,0.132394,0.476002,16.7775,36.6056
0.0634659,0.967447,0.109354,0.623093,15.3528,36.6057
0.0627515,0.962168,0.0850457,1.10323,15.7004,36.6066
0.0643031,0.927127,0.0828633,0.671048,15.4495,36.6069
0.0634068,0.940149,0.0623744,1.02984,14.3319,36.608
0.0616495,0.977762,0.0758172,2.95259,15.5316,36.609
0.0628667,0.961303,0.0784344,1.96819,15.4796,36.6091
0.0622662,0.975867,0.162108,1.01236,17.8225,36.6092
0.0621845,0.975768,0.160263,1.97391,17.6365,36.6096
0.0611078,0.998312,0.104181,2.6516,16.1561,36.6102
0.0628235,0.965239,0.0721901,1.77012,14.8099,36.6103
0.0631904,0.980197,0.108896,0.630657,15.794,36.6103
0.064407,0.932441,0.0720051,0.721732,14.9381,36.6113
0.0634402,0.967868,0.10784,0.371583,15.6713,36.6114
0.0636168,0.959152,0.0992451,0.207838,15.6107,36.6116
0.0620761,0.995393,0.103611,1.55264,15.6743,36.6119
0.0622776,0.977799,0.153483,1.41002,17.7724,36.6128
0.0620923,0.992204,0.138452,1.52978,17.867,36.6132
0.063041,0.956566,0.0681738,1.28883,14.8763,36.6133
0.06226,0.98363,0.114221,1.65343,16.1432,36.6135
0.061916,0.998252,0.144536,1.01768,17.7133,36.6137
0.0609876,0.997847,0.141627,2.84449,17.0163,36.6138
0.0637097,0.961763,0.0847245,0.453617,14.5737,36.614
0.0617613,0.969076,0.0753479,2.88684,15.4882,36.6147
0.0636315,0.958832,0.0980567,0.0559231,15.6916,36.615
0.0620253,0.991484,0.142956,1.77307,17.9102,36.616
0.0635726,0.971313,0.0956966,0.982336,15.6964,36.6167
0.0604018,0.99287,0.0759121,3.288,15.2833,36.6168
0.0641309,0.898148,0.0562066,1.01194,14.8999,36.6174
0.0629028,0.988026,0.1496,0.31127,16.2508,36.6175
0.0633854,0.965199,0.145433,0.771524,16.2534,36.618
0.0630486,0.987067,0.113227,0.279311,15.3279,36.6187
0.0629417,0.999165,0.116766,0.0754026,15.3393,36.6198
0.0632025,0.98296,0.103218,0.592374,15.1188,36.6206
0.0631925,0.979839,0.146711,0.349293,16.4191,36.6207
0.0629265,0.990989,0.160154,0.188093,17.561,36.6208
0.0639804,0.904779,0.0566882,1.67531,14.7486,36.6215
0.0612735,0.989828,0.0877888,2.94632,15.0691,36.6231
0.061311,0.987357,0.0971746,2.44469,16.3163,36.6232
0.0639877,0.90363,0.0580568,1.14293,14.8578,36.6239
0.0630934,0.992401,0.130478,0.152276,16.184,36.6242
0.0634126,0.965973,0.148157,0.396464,16.6699,36.626
0.0635704,0.961136,0.160619,0.700709,17.5335,36.6261
0.0619658,0.959927,0.0638887,2.51531,14.8197,36.6267
0.0630647,0.949359,0.0761898,1.84337,15.0507,36.627
0.063376,0.970615,0.10404,0.0913849,15.5757,36.6272
0.0622213,0.979927,0.164525,1.0854,17.451,36.6273
0.0643952,0.927192,0.0711968,0.606949,14.1492,36.6291
0.0631791,0.988208,0.10179,0.484509,15.7647,36.6303
0.0627356,0.966045,0.0789782,1.09098,15.8026,36.6304
0.0642031,0.940174,0.0765218,0.627872,14.8443,36.6305
0.0638966,0.955024,0.0806078,0.0711581,14.7239,36.631
0.0621803,0.984266,0.118316,1.49272,16.1601,36.6313
0.0635785,0.957802,0.145833,0.440124,17.1768,36.6316
0.0630975,0.982691,0.160692,0.573196,16.179,36.6317
0.0623506,0.940442,0.0586102,2.20916,14.6623,36.633
0.0629882,0.996157,0.107248,0.343506,15.4712,36.6333
0.0640094,0.940874,0.0924228,0.546253,15.4914,36.6336
0.063507,0.960689,0.133019,0.239789,16.8363,36.6338
0.0630586,0.942399,0.0781361,1.94567,15.1127,36.634
0.0638255,0.940818,0.155056,0.576846,17.1976,36.6341
0.061279,0.99612,0.0799243,2.67339,15.4954,36.6344
0.0623017,0.976286,0.150254,1.39589,17.1701,36.6344
0.0629311,0.994615,0.153204,0.417913,16.1626,36.635
0.0621765,0.98774,0.0947144,1.67956,15.2824,36.6354
0.064105,0.93663,0.0855596,0.0735037,15.5122,36.6356
0.0654325,0.893096,0.052013,0.404417,13.7892,36.6369
0.0622619,0.977696,0.159609,1.50669,17.7822,36.6369
0.0619625,0.960215,0.0635375,2.68156,14.9315,36.6373
0.0636884,0.954475,0.154945,0.820111,17.0325,36.638
0.0639348,0.908337,0.0584548,1.0981,14.1349,36.638
0.0651465,0.898223,0.0617039,0.374185,14.6736,36.6382
0.0631415,0.981233,0.155199,0.270333,16.6369,36.6384
0.0633483,0.968586,0.138218,0.400028,16.311,36.639
0.0619734,0.98849,0.15975,1.79118,17.6434,36.6393
0.0637629,0.946708,0.16092,0.626826,17.334,36.6397
0.0611989,0.994359,0.0971938,2.50288,16.3503,36.6397
0.063441,0.96346,0.136829,0.775704,16.3282,36.6398
0.0643615,0.928651,0.0825249,0.787322,15.3793,36.6415
0.0624594,0.941689,0.0559901,2.17655,14.7369,36.6417
0.0649723,0.906843,0.063934,0.295468,14.0556,36.6418
0.063818,0.948607,0.111977,0.312945,16.7953,36.6432
0.0613339,0.988783,0.0810186,2.84257,15.9984,36.6433
0.0620935,0.996696,0.101552,1.67052,15.5779,36.6449
0.0623268,0.941474,0.0601122,2.25285,14.4602,36.6458
0.0655695,0.878247,0.0561439,0.282113,14.6095,36.6463
0.0632145,0.974704,0.122828,0.0176697,16.7265,36.6474
0.0620369,0.990531,0.142699,1.41953,17.6927,36.6486
0.0644315,0.928267,0.0782114,0.699351,15.2478,36.6493
0.0607153,0.98516,0.0617875,3.27039,14.6338,36.6493
0.0635984,0.93028,0.0607058,1.29576,14.6521,36.6496
0.0615794,0.983313,0.0680876,2.15292,14.4702,36.6496
0.0620401,0.991582,0.117518,1.73005,16.3393,36.6506
0.0619942,0.992145,0.11444,1.23976,16.4111,36.6507
0.0609764,0.997595,0.143864,2.29115,17.8924,36.6512
0.0616717,0.974337,0.0738039,2.72811,15.4319,36.6514
0.0622832,0.971978,0.157221,1.59987,17.1469,36.6518
0.0631912,0.937166,0.0752056,1.48422,15.8276,36.6521
0.0613627,0.952128,0.0528933,3.87355,14.0221,36.6535
0.0623692,0.975256,0.110518,1.48618,16.9934,36.6537
0.065672,0.871521,0.0563258,0.959845,14.2521,36.6543
0.0632872,0.980823,0.126714,0.611666,16.3101,36.655
0.0636862,0.952453,0.124164,0.603725,16.6927,36.6557
0.0632591,0.97392,0.131967,0.412864,16.7265,36.6563
0.062783,0.964262,0.0748955,1.72962,14.5191,36.6579
0.0641585,0.897638,0.0559769,1.78638,14.3437,36.6582
0.0650878,0.898468,0.0633792,0.715787,14.8823,36.6586
0.0609516,0.997729,0.154275,2.13976,17.9597,36.6604
0.0632779,0.96886,0.155782,0.0337966,16.0193,36.6604
0.0628348,0.959189,0.0745147,1.82521,14.1653,36.6621
0.063716,0.924372,0.0580565,1.80929,14.3689,36.6635
0.0656734,0.875553,0.0508532,0.589183,13.7443,36.6644
0.0624114,0.97071,0.136547,1.72848,17.2623,36.6649
0.063598,0.970869,0.0948197,0.759625,15.7212,36.6663
0.0629762,0.909774,0.0525633,2.49836,14.8784,36.6668
0.0625265,0.97689,0.0886266,1.63937,15.3918,36.668
0.061888,0.997117,0.147476,1.21782,16.2514,36.6682
0.0622703,0.977854,0.159174,1.87942,17.9303,36.6682
0.0617082,0.967428,0.0775054,2.94746,15.3252,36.6689
0.0632102,0.97441,0.160518,0.615676,17.5113,36.6692
0.0624521,0.970779,0.104651,1.62951,16.5256,36.6695
0.0630553,0.982302,0.127952,0.531126,16.8269,36.6706
0.0614814,0.945237,0.0522382,3.95367,14.5025,36.6712
0.0604245,0.999411,0.0738988,3.48652,15.0733,36.6712
0.0631718,0.981295,0.119356,0.883041,15.7117,36.6727
0.0646504,0.914052,0.0754142,0.830882,15.1144,36.6729
0.0636222,0.957723,0.113732,0.52545,16.1034,36.674
0.0633,0.973116,0.147794,0.0690222,16.5081,36.6742
0.0634671,0.96541,0.105802,0.899376,15.2014,36.6745
0.0620693,0.992718,0.10603,1.30822,15.9481,36.675
0.063017,0.944044,0.079108,1.48086,15.4476,36.6751
0.0627677,0.992783,0.158873,0.423248,16.7465,36.6753
0.0653591,0.882254,0.0601636,0.00292146,14.308,36.6754
0.0634495,0.963128,0.134282,0.864938,16.1656,36.6767
0.0616643,0.981875,0.0673167,2.38959,14.0396,36.6771
0.061749,0.972318,0.0740972,2.29098,15.2224,36.6774
0.0649465,0.906358,0.0650973,0.773291,14.9197,36.6776
0.064042,0.94889,0.0827472,0.559495,15.5186,36.6781
0.0633489,0.968242,0.153949,0.860629,17.9279,36.6784
0.0638325,0.943316,0.145784,0.429002,17.3667,36.6784
0.063579,0.966332,0.107866,0.769985,16.5507,36.6787
0.0628843,0.956038,0.074093,1.53403,14.2599,36.6789
0.0622008,0.982695,0.110107,1.46106,16.8393,36.6789
0.0636971,0.959483,0.106346,0.439781,16.5814,36.679
0.0613172,0.987018,0.0841705,2.64884,15.386,36.6795
0.0623045,0.971254,0.151196,1.23256,17.2038,36.6806
0.0624779,0.970682,0.0905862,1.3783,15.7413,36.6807
0.0619643,0.989344,0.157888,1.67049,17.5729,36.681
0.0638682,0.949359,0.0883745,0.61737,15.1675,36.681
0.0645522,0.926962,0.0664263,0.313623,14.7252,36.6811
0.0619292,0.995527,0.134256,1.58813,16.6808,36.6822
0.0637661,0.94456,0.164592,0.679686,17.6037,36.6823
0.0619218,0.991326,0.160542,1.31974,17.8471,36.6828
0.0626393,0.969215,0.0877174,1.7945,15.1162,36.6831
0.0616099,0.976373,0.079022,2.76375,15.0992,36.6835
0.0633382,0.933042,0.0718049,1.68555,15.827,36.6835
0.06362,0.958254,0.100763,0.914461,15.6894,36.6837
0.0605545,0.988221,0.0703008,3.68105,15.2272,36.6847
0.0646242,0.913002,0.0777429,0.7835,15.8949,36.685
0.0623772,0.987319,0.0871601,1.32737,15.5844,36.6856
0.0623757,0.969528,0.143981,1.30801,17.8196,36.6856
0.06208,0.998615,0.108211,1.7333,16.23,36.6858
0.0623652,0.981011,0.107872,1.88906,16.1214,36.6859
0.0635816,0.96396,0.0938195,0.368224,15.7557,36.6864
0.0639464,0.945746,0.0869492,0.189388,15.6,36.688
0.062907,0.994049,0.158214,0.510317,17.1055,36.6886
0.0621952,0.983049,0.117733,1.83202,16.7924,36.6889
0.0624349,0.964788,0.149898,1.06541,17.1246,36.6895
0.0611366,0.960364,0.0563485,3.86375,14.0241,36.6903
0.063032,0.983054,0.129769,0.660019,16.6519,36.6904
0.063421,0.979529,0.0978977,0.800038,15.043,36.6904
0.0638848,0.940645,0.147954,0.344635,17.8988,36.6914
0.0636344,0.956635,0.114796,0.464738,16.3739,36.6918
0.0624205,0.984176,0.0850133,1.33465,15.425,36.6918
0.0630512,0.980666,0.139403,0.173451,16.9166,36.6921
0.0606273,0.985819,0.0699157,3.24733,15.5479,36.6921
0.063173,0.990673,0.122095,0.254354,16.0831,36.6921
0.0619322,0.994957,0.137225,1.15208,16.4596,36.6923
0.0643008,0.926428,0.082041,0.224704,15.3154,36.6926
0.0611819,0.997498,0.0966896,2.71717,16.71,36.6926
0.062046,0.98837,0.145743,1.91387,17.9865,36.6934
0.0636061,0.957092,0.120887,0.73907,16.1774,36.6936
0.061256,0.989936,0.10006,2.74307,16.9847,36.6937
0.0615045,0.976424,0.0804161,2.87057,15.4454,36.6937
0.0633718,0.968658,0.125143,0.116813,16.4025,36.694
0.0654765,0.883714,0.0572556,0.0976413,14.6225,36.6947
0.0622098,0.98275,0.114648,1.62143,16.7298,36.6954
0.0631188,0.981992,0.155043,0.212028,17.2541,36.6958
0.0627835,0.993674,0.162967,0.361986,16.9644,36.6961
0.0621387,0.949392,0.0629409,2.88089,14.3969,36.6964
0.0630874,0.941394,0.0782007,1.31833,15.123,36.6967
0.0635776,0.929749,0.0620979,1.37889,14.1591,36.6967
0.0638466,0.914455,0.0591697,1.91599,14.3194,36.697
0.0623163,0.977099,0.133831,1.46455,17.103,36.6976
0.0638728,0.947409,0.0893449,0.342431,15.0128,36.6983
0.0633691,0.979778,0.0965317,0.903406,15.0046,36.6984
0.0638068,0.942224,0.160559,0.184266,17.4915,36.6991
0.0616525,0.97531,0.0739054,2.00067,15.4645,36.6996
0.0620898,0.984135,0.147767,1.45068,17.9709,36.6998
0.0632783,0.971111,0.144517,0.711402,16.088,36.7
0.0628278,0.990429,0.146989,0.28002,16.5841,36.7002
0.0636857,0.9638,0.0814524,0.814331,14.0758,36.7007
0.0612669,0.991538,0.0821699,2.90662,15.2302,36.7008
0.063229,0.946611,0.0663645,1.52896,14.3046,36.7009
0.0637101,0.957356,0.0912723,0.802883,15.5336,36.7011
0.0612513,0.990154,0.097037,2.92207,16.6084,36.7012
0.0620093,0.998215,0.142349,1.89496,17.1585,36.7013
0.0648546,0.90362,0.0675789,0.704232,14.2284,36.7014
0.0634627,0.971981,0.0952094,0.633044,15.4648,36.7018
0.0644805,0.925564,0.0730708,0.536523,14.6941,36.703
0.0619728,0.988895,0.156607,1.19212,17.9103,36.703
0.0611561,0.999689,0.096524,2.6086,16.8328,36.7034
0.0637019,0.946585,0.149731,0.468106,17.0504,36.7043
0.0634679,0.973388,0.0866254,0.549222,14.2293,36.7061
0.0620753,0.989517,0.1113,1.23036,16.0573,36.7067
0.0623198,0.975341,0.155613,1.80822,17.6115,36.7067
0.06437,0.934727,0.0726022,0.861431,14.6301,36.7081
0.0629418,0.94897,0.0820651,1.37511,15.1909,36.7085
0.0608348,0.971412,0.0679927,3.62209,15.3747,36.7086
0.0624855,0.974627,0.101873,1.3367,16.0651,36.7103
0.0636585,0.956598,0.157119,0.175372,17.831,36.7111
0.063128,0.98811,0.155313,0.0804136,17.7742,36.7118
0.0613159,0.988415,0.0971273,2.00278,16.2596,36.7121
0.0624314,0.978677,0.104006,1.98146,16.9495,36.7125
0.0622744,0.942465,0.0609956,2.61168,14.5829,36.7127
0.063849,0.94644,0.110755,0.987792,16.5983,36.7128
0.061707,0.974748,0.0723578,2.96239,15.5327,36.7129
0.0653671,0.889419,0.0585087,0.0307811,14.3174,36.713
0.0651218,0.901574,0.0620056,0.695295,14.9089,36.7132
0.0640601,0.947454,0.0868117,0.948202,15.7942,36.7139
0.063731,0.920798,0.0604941,1.18139,14.2802,36.7141
0.0637475,0.943605,0.154893,0.513786,17.3279,36.7142
0.062557,0.965664,0.103048,1.64306,16.2397,36.7143
0.0635315,0.960914,0.137364,0.588455,16.7098,36.7147
0.0611011,0.992106,0.131792,2.21155,17.9936,36.7147
0.06552,0.880049,0.0579079,0.871653,14.0923,36.715
0.0622033,0.985156,0.107346,1.44273,16.0232,36.7153
0.0633758,0.968222,0.107181,0.115059,15.154,36.7161
0.0626317,0.963086,0.0886294,1.92662,15.6605,36.7165
0.0626343,0.971315,0.0804578,1.99027,15.1185,36.7166
0.0616734,0.973044,0.0741039,2.68216,15.4269,36.7172
0.0618381,0.972094,0.0656436,2.93227,14.8923,36.7178
0.0632081,0.983883,0.133496,0.551459,16.5551,36.7178
0.0635755,0.949615,0.164584,0.535417,17.5737,36.718
0.0628055,0.965518,0.0773915,1.5618,15.2831,36.7183
0.063513,0.964627,0.109743,0.61115,15.4524,36.7186
0.0633113,0.93684,0.0675517,1.80512,14.7308,36.7189
0.0611863,0.994309,0.102223,2.64263,16.2107,36.719
0.0630021,0.983471,0.161764,0.253005,17.8708,36.7192
0.0623229,0.969924,0.150442,1.8342,17.0078,36.7201
0.0609626,0.996985,0.144701,2.22721,17.2847,36.7207
0.0632089,0.977485,0.15524,0.282377,16.6508,36.7208
0.0640349,0.908201,0.0547799,1.29656,14.0415,36.7212
0.0635126,0.962733,0.10165,0.376692,15.0859,36.7213
0.062436,0.966137,0.144078,1.17268,17.1092,36.7221
0.0633576,0.968471,0.123058,0.904135,16.6751,36.7222
0.0628706,0.956049,0.0725628,1.67448,14.9324,36.7222
0.0633479,0.964624,0.160156,0.236561,16.9934,36.7223
0.062787,0.999631,0.123786,0.692338,15.7455,36.7229
0.0618168,0.999136,0.15489,1.95303,17.9118,36.7233
0.0630832,0.98607,0.108815,0.842507,15.1374,36.7235
0.0624189,0.967005,0.152871,1.50459,17.5821,36.7237
0.0630731,0.907625,0.0505507,2.72322,14.6147,36.7239
0.0620898,0.989865,0.10268,1.06793,15.2712,36.7246
0.0637845,0.940823,0.158617,0.798783,17.679,36.726
0.0631341,0.98827,0.158972,0.655807,17.7768,36.7265
0.0622075,0.952615,0.0608175,2.1516,14.5084,36.7267
0.0633195,0.968296,0.145279,0.658252,16.8834,36.7269
0.0621698,0.983739,0.119579,1.98256,16.5334,36.7273
0.0637402,0.950474,0.162165,0.708511,17.6717,36.7278
0.0627657,0.966038,0.0828643,1.89058,15.8448,36.728
0.0619214,0.963931,0.0656303,2.81311,14.1849,36.7283
0.0623427,0.977108,0.096599,1.01539,15.6329,36.73
0.0620134,0.997474,0.146559,1.31727,17.2465,36.7304
0.0643205,0.939139,0.0700415,0.00824818,14.0415,36.7313
0.0618545,0.999239,0.150743,1.72138,16.5948,36.7314
0.0629136,0.991643,0.124056,0.792942,15.6241,36.7317
0.0636077,0.957588,0.131633,0.409405,16.0298,36.7319
0.0632122,0.983758,0.156171,0.762385,17.9553,36.7323
0.0624424,0.966499,0.140734,1.93206,17.4242,36.7324
0.0623676,0.978688,0.0884948,1.0745,15.2331,36.7325
0.0632144,0.980908,0.118195,0.274068,16.3841,36.7326
0.0622599,0.98855,0.109053,1.49626,16.7184,36.7334
0.0610481,0.998589,0.10584,2.85321,16.5206,36.7335
0.0628515,0.992442,0.137616,0.801141,16.7723,36.7336
0.0626197,0.973202,0.0860868,1.5007,15.5659,36.7342
0.0626237,0.969477,0.075861,1.32603,14.1848,36.7345
0.0630247,0.947758,0.079899,1.35775,15.4365,36.7352
0.0637112,0.949367,0.143577,0.31948,17.2493,36.7353
0.0625436,0.970121,0.0990678,1.32964,16.5183,36.7354
0.0645985,0.924794,0.0690158,0.668404,14.2945,36.7356
0.0622487,0.982004,0.0950514,1.43092,15.5765,36.7359
0.0599902,0.98243,0.0538346,4.85889,14.3777,36.7362
0.0632391,0.970946,0.162083,0.768094,17.1173,36.7363
0.0619241,0.994736,0.116817,1.52261,16.1606,36.7366
0.0620524,0.994766,0.095526,1.2935,15.1723,36.7368
0.0649108,0.905488,0.0627102,0.0972602,14.3385,36.7376
0.0596779,0.990108,0.0652132,4.91998,15.452,36.7376
0.0653762,0.889214,0.0592033,0.577048,14.0241,36.7378
0.0604876,0.992415,0.0708678,3.95965,15.1231,36.7379
0.063386,0.966808,0.150631,0.793869,17.9153,36.7381
0.0607293,0.984054,0.0607714,3.82608,14.1584,36.739
0.0635638,0.963024,0.0950751,0.804976,15.9979,36.739
0.0633405,0.929604,0.0733977,1.25069,15.7664,36.7397
0.0638696,0.945566,0.107081,0.810722,16.1158,36.7398
0.0631514,0.977028,0.137762,0.661718,16.6386,36.7402
0.0649393,0.899768,0.0665253,0.605632,14.4026,36.7402
0.0637388,0.948771,0.130727,0.708056,16.0572,36.7408
0.0623662,0.973487,0.145285,1.04755,17.3465,36.7409
0.0636843,0.923286,0.0612559,1.58028,14.7796,36.741
0.0632147,0.971292,0.161955,0.510077,16.0707,36.7411
0.0619497,0.996399,0.139631,1.26499,16.5024,36.7419
0.063586,0.955875,0.129285,0.677079,16.4392,36.742
0.0608337,0.979867,0.0591012,3.55782,14.4854,36.7424
0.065236,0.897337,0.0585025,0.416935,14.939,36.7428
0.0618638,0.964518,0.0648869,2.33825,14.6189,36.7437
0.0623784,0.975174,0.0956305,1.24639,15.4,36.7451
0.0641797,0.941484,0.0772005,0.871112,14.8926,36.7451
0.0613716,0.993607,0.0718635,2.29903,14.4974,36.7452
0.061186,0.997847,0.0947587,2.50531,16.9479,36.7452
0.064062,0.939638,0.0926087,0.74518,15.8702,36.7454
0.0639126,0.936684,0.152319,0.273462,17.9814,36.7458
0.0623939,0.980869,0.105547,1.61734,16.6453,36.7462
0.0607839,0.979384,0.0604911,3.39086,14.4743,36.7462
0.0630525,0.984103,0.12541,0.736732,16.8247,36.7464
0.0610219,0.997331,0.143798,2.77081,17.3638,36.7467
0.0626598,0.926397,0.0541541,2.07846,14.4984,36.7472
0.0637093,0.960163,0.10589,0.51857,16.8913,36.7476
0.0646905,0.909452,0.0765049,0.616731,15.3971,36.7476
0.0630628,0.992179,0.138034,0.349708,16.7225,36.7477
0.0617111,0.968401,0.0782578,2.81723,15.4348,36.748
0.0635073,0.959666,0.131118,0.270762,16.3678,36.7482
0.0633889,0.966378,0.130667,0.112525,16.0014,36.7485
0.0609275,0.978559,0.0579336,3.17606,14.8442,36.7491
0.0632696,0.971502,0.156245,0.368217,17.1612,36.7492
0.0640484,0.949339,0.0780956,0.727114,14.7643,36.7494
0.0623429,0.969205,0.147951,1.08645,17.7802,36.7494
0.0639317,0.944981,0.108328,0.385714,16.2102,36.7494
0.0621516,0.991678,0.10251,1.84989,15.7447,36.7503
0.0611453,0.966403,0.0555451,3.07775,14.9166,36.7503
0.0638552,0.946762,0.0918094,0.925852,15.4729,36.7507
0.0623447,0.974413,0.155231,1.61265,17.2881,36.7508
0.0630888,0.986992,0.147586,0.780825,16.808,36.7509
0.0635413,0.957407,0.14857,0.848469,16.4115,36.752
0.0612614,0.997918,0.0855923,2.68504,15.4951,36.7522
0.0636806,0.955921,0.125544,0.36824,16.8749,36.7527
0.0623794,0.972007,0.152643,1.82709,17.5738,36.7529
0.0631136,0.99441,0.127318,0.16589,16.2232,36.7531
0.0631538,0.986431,0.137851,0.820476,16.2172,36.7531
0.0637651,0.949819,0.138065,0.847513,17.1777,36.7537
0.0651275,0.905069,0.055372,0.110085,13.2184,36.7538
0.0633281,0.981527,0.115714,0.553236,16.7554,36.7538
0.0636664,0.954963,0.128544,0.927983,16.3635,36.7541
0.0623849,0.971946,0.118137,1.60148,16.4809,36.7548
0.0630993,0.986401,0.14746,0.997287,16.6844,36.7554
0.0624224,0.972499,0.112645,1.85147,16.0256,36.7557
0.063551,0.964339,0.153576,0.767288,17.8995,36.7563
0.063782,0.950167,0.0920557,0.572245,15.8315,36.7563
0.0627535,0.993124,0.154182,0.482352,16.6523,36.7566
0.063665,0.956467,0.158887,0.668989,17.0132,36.7567
0.0611925,0.992783,0.08711,2.86678,15.5194,36.7569
0.0646441,0.915974,0.0744369,0.557437,15.8829,36.7573
0.0628335,0.920047,0.054008,2.36579,14.7472,36.7584
0.0621323,0.987789,0.102122,1.21614,15.5654,36.7584
0.0634407,0.965739,0.106782,0.0683512,15.1234,36.7589
0.0636068,0.952445,0.147622,0.915261,17.8118,36.759
0.0631397,0.976188,0.161825,0.614249,17.0899,36.7591
0.0633247,0.976903,0.15686,0.315822,17.614,36.7592
0.0615342,0.98346,0.0710975,2.7289,14.9191,36.7592
0.0636994,0.95455,0.156462,0.378616,17.82,36.7594
0.063126,0.977942,0.159726,0.560452,17.1484,36.76
0.0633007,0.966595,0.163303,0.0895111,16.2326,36.7601
0.0633798,0.977103,0.0962868,0.662501,15.4936,36.7603
0.0621294,0.993912,0.115837,1.71351,16.4364,36.7603
0.0641193,0.903922,0.0534619,1.09269,14.5966,36.7605
0.0645305,0.920762,0.0796354,0.206968,15.0968,36.7607
0.0628981,0.958775,0.0807939,1.09763,15.6487,36.7608
0.0622699,0.950372,0.0600083,2.12834,14.207,36.7612
0.0629777,0.99857,0.137587,0.382508,16.5454,36.7612
0.0639093,0.940234,0.14392,0.340082,17.5789,36.7628
0.0655549,0.879638,0.0574042,0.651534,14.8085,36.7629
0.0622923,0.977072,0.117241,1.32198,16.672,36.7629
0.0631313,0.983228,0.151545,0.823986,17.0642,36.7636
0.0631737,0.975979,0.147552,0.638667,16.6332,36.7638
0.0629267,0.991142,0.120504,0.714202,15.5976,36.7642
0.0635843,0.950165,0.15768,0.213652,17.0982,36.7647
0.0631302,0.98899,0.160528,0.400268,17.0435,36.7651
0.0622536,0.987063,0.111919,1.41293,16.4358,36.7653
0.0630422,0.981418,0.161353,0.251013,16.7936,36.7657
0.0636332,0.957444,0.129374,0.0798573,16.5612,36.7657
0.0628677,0.964777,0.0693183,1.38501,14.6494,36.7658
0.0636313,0.95999,0.0931622,0.612597,15.7978,36.766
0.061231,0.991709,0.0963575,2.54976,16.7653,36.7663
0.060972,0.994939,0.147553,2.6367,17.925,36.7664
0.064451,0.927274,0.0762443,0.439889,15.9083,36.7665
0.0638898,0.941589,0.14596,0.0414384,17.0497,36.7665
0.0628075,0.991545,0.147355,0.460597,16.3852,36.767
0.0621543,0.992579,0.101657,1.1572,15.2614,36.7671
0.0616352,0.934214,0.0509709,3.32531,14.7555,36.7675
0.0622691,0.982432,0.143653,1.78701,17.9694,36.7681
0.0610109,0.998489,0.146116,2.15403,17.554,36.7683
0.064736,0.909651,0.0742028,0.387722,15.0774,36.7688
0.0623277,0.985165,0.0958332,1.47744,15.8688,36.7691
0.0612414,0.958577,0.0539992,3.94577,14.8342,36.7693
0.0629587,0.989299,0.11966,0.842236,15.8638,36.7694
0.0610938,0.990842,0.144711,2.81564,17.8711,36.7695
0.062362,0.976783,0.137817,1.84626,17.9227,36.7695
0.0607255,0.984439,0.0607055,3.20152,14.8888,36.7696
0.0631309,0.977448,0.141054,0.8746,16.7499,36.7699
0.0636186,0.950712,0.149633,0.654005,17.8995,36.7703
0.0635135,0.965709,0.161815,0.73865,17.2986,36.7706
0.0611791,0.990972,0.101343,2.82096,16.6573,36.7708
0.061086,0.996153,0.12651,2.08762,17.2844,36.7709
0.0617576,0.929398,0.0503511,3.9383,14.7868,36.771
0.0636209,0.967107,0.099213,0.308411,15.9906,36.7717
0.0627647,0.967359,0.074563,1.36767,14.9717,36.7719
0.0620017,0.962974,0.0639509,2.07184,14.1014,36.772
0.0653121,0.89411,0.0573148,0.625952,14.676,36.772
0.0621222,0.983946,0.141847,1.72569,17.9273,36.7727
0.0609639,0.995698,0.143181,2.98114,17.8096,36.7727
0.0623619,0.967479,0.15762,1.26117,17.5829,36.7728
0.0643348,0.889409,0.0543417,1.45011,14.245,36.7728
0.0605602,0.991546,0.0706575,3.07054,15.0153,36.7739
0.0636098,0.954499,0.130515,0.547624,16.1858,36.7742
0.0616583,0.979572,0.0662104,2.74113,14.4622,36.7748
0.0632542,0.976164,0.149485,0.0912426,16.648,36.7753
0.0630296,0.985361,0.120355,0.0108125,15.1968,36.7754
0.0637777,0.946182,0.140971,0.33079,17.7038,36.776
0.061126,0.996866,0.0858238,2.70125,15.4389,36.7763
0.0610271,0.973057,0.0571269,3.69955,14.4016,36.7768
0.0635222,0.965683,0.158265,0.242624,17.6442,36.777
0.0611673,0.958273,0.055734,3.66696,14.7514,36.778
0.0629647,0.953479,0.0730315,1.80241,14.0742,36.7782
0.0633003,0.978433,0.15867,0.793119,17.8462,36.779
0.0634685,0.965555,0.0994452,0.856259,15.716,36.7793
0.0641931,0.936487,0.0874211,0.650622,15.3829,36.7798
0.0623527,0.968719,0.143259,1.71676,17.9806,36.7806
0.0634377,0.93888,0.0627008,1.64115,14.9628,36.7809
0.0635518,0.961694,0.109099,0.56808,15.0617,36.7813
0.0623789,0.967943,0.143879,1.99433,17.8654,36.7816
0.0626387,0.961413,0.100424,1.09806,16.4611,36.7817
0.061828,0.998509,0.15193,1.14702,17.4941,36.7818
0.0632275,0.949731,0.0640223,1.31761,14.9003,36.7823
0.0629753,0.953736,0.0727163,1.2144,14.7028,36.7824
0.0611291,0.991207,0.128539,2.93919,17.2919,36.7826
0.0631704,0.978408,0.163776,0.999523,16.8289,36.7829
0.0621092,0.986251,0.134908,1.86431,16.3767,36.7831
0.0632601,0.985432,0.108063,0.924896,15.0199,36.7834
0.0624604,0.965589,0.137042,1.84764,17.0994,36.7834
0.0622632,0.982508,0.145285,1.71506,17.8099,36.7838
0.0603152,0.99939,0.0745111,3.07201,15.9173,36.7839
0.0630894,0.979758,0.151811,0.187964,16.0526,36.7843
0.0621398,0.989364,0.134202,1.06718,17.2807,36.7845
0.062483,0.965394,0.133863,1.43977,17.0733,36.7847
0.0643691,0.927756,0.0834454,0.443671,15.1554,36.7848
0.0638381,0.949513,0.113304,0.723095,16.8843,36.7863
0.0633801,0.982071,0.0978575,0.945898,15.7435,36.7864
0.0624,0.973273,0.137645,1.09435,17.0984,36.787
0.0632683,0.982646,0.0986878,0.117476,15.9425,36.7875
0.0620413,0.983962,0.155707,1.91522,17.9551,36.7876
0.0606708,0.978399,0.0718555,3.23811,15.6092,36.7878
0.0640482,0.93702,0.0876787,0.381027,15.1553,36.789
0.0639021,0.940541,0.121351,0.302786,16.9746,36.7903
0.0613179,0.985724,0.0992479,2.95183,16.3472,36.7911
0.0638719,0.940824,0.142832,0.273785,17.5674,36.7913
0.0620772,0.951284,0.0641537,2.01124,14.3847,36.7917
0.0615926,0.982301,0.0778633,2.5252,15.9443,36.7931
0.0609226,0.998243,0.142343,2.49793,17.2342,36.7933
0.0611875,0.988515,0.128149,2.80502,17.9325,36.7934
0.0640423,0.943951,0.0913626,0.137289,15.3808,36.7937
0.0651599,0.896544,0.06258,0.940761,14.5269,36.7938
0.0636871,0.950769,0.126231,0.50463,16.0514,36.7939
0.0602955,0.99629,0.0777553,3.4204,15.2093,36.7945
0.0630645,0.989047,0.147344,0.727495,16.6169,36.7949
0.0629486,0.989163,0.12233,0.407574,15.1807,36.7949
0.0634411,0.974387,0.110107,0.234598,16.9105,36.7957
0.0599985,0.981894,0.0540049,4.31955,14.1301,36.7958
0.0623265,0.971746,0.162877,1.10377,17.9118,36.7961
0.0611685,0.998521,0.0946063,2.8383,16.9435,36.7963
0.0610793,0.996023,0.134674,2.98892,17.8822,36.7969
0.0611058,0.988902,0.144849,2.09934,17.5287,36.7977
0.0622765,0.977976,0.114669,1.98796,16.9004,36.7977
0.0633893,0.969993,0.140401,0.859194,16.0072,36.7978
0.0619671,0.959326,0.0718029,2.49119,15.0867,36.798
0.0634122,0.97207,0.130194,0.197913,16.9863,36.7983
0.0642269,0.939964,0.083402,0.418265,15.5434,36.7984
0.0628661,0.955918,0.0745043,1.57238,14.1484,36.7989
0.0611149,0.99134,0.138012,2.5864,17.3399,36.799
0.0624494,0.971325,0.111893,1.07544,16.1754,36.7993
0.0614873,0.990597,0.0698659,2.17326,14.6362,36.7995
0.0620266,0.994943,0.130337,1.41656,16.0914,36.7999
0.0623624,0.936596,0.0605545,2.53916,14.3243,36.8007
0.0634791,0.972692,0.0859676,0.327171,14.7244,36.8008
0.0631155,0.978043,0.158273,0.463636,17.4522,36.8009
0.0640854,0.942357,0.0822401,0.771354,15.6162,36.8011
0.0646268,0.915869,0.0780969,0.266449,15.9435,36.8011
0.0640473,0.938932,0.104534,0.614274,16.0401,36.8014
0.0638573,0.943166,0.138553,0.811997,17.0166,36.8015
0.0604937,0.996913,0.0695866,3.59444,15.163,36.8017
0.0622587,0.981246,0.155666,1.07067,17.8717,36.8017
0.0605554,0.986107,0.0706536,3.05076,15.434,36.8019
0.0628904,0.987806,0.157277,0.129889,16.8753,36.802
0.0613919,0.983932,0.095844,2.44035,16.1754,36.8021
0.0625837,0.977097,0.0815236,1.02906,15.7834,36.8021
0.0634112,0.963471,0.152295,0.35605,17.1349,36.8022
0.0620464,0.996439,0.142276,1.82103,17.4762,36.8031
0.0647152,0.908479,0.0753888,0.107486,15.6557,36.8036
0.0621693,0.988951,0.12053,1.94589,16.2427,36.8037
0.0613066,0.997396,0.0729437,2.02922,14.709,36.804
0.0640225,0.940999,0.104413,0.344085,16.9529,36.8042
0.0641334,0.901913,0.0560724,1.64002,14.517,36.8049
0.0630639,0.99326,0.103497,0.310341,15.9405,36.8049
0.064508,0.879247,0.0516452,1.61344,14.0639,36.805
0.0631496,0.975663,0.130203,0.167696,16.8485,36.8056
0.0619004,0.993905,0.151833,1.81264,17.1664,36.806
0.061061,0.999231,0.131858,2.51187,17.546,36.8066
0.0641878,0.936068,0.074034,0.392285,14.5428,36.807
0.0646945,0.914515,0.0738933,0.336845,15.3722,36.8071
0.0631942,0.985988,0.132577,0.776457,16.6254,36.8073
0.0630984,0.949178,0.0769884,1.65438,15.6764,36.8074
0.0628495,0.922331,0.0525093,2.63907,14.4883,36.8075
0.0639725,0.942988,0.107721,0.328331,16.4788,36.8083
0.0640152,0.93868,0.0901327,0.245869,15.6864,36.8084
0.0621858,0.985913,0.125529,1.02017,16.3686,36.8086
0.0637916,0.950399,0.122029,0.66088,16.5499,36.8092
0.0619449,0.965178,0.0651143,2.75235,14.9988,36.8098
0.0635526,0.958145,0.146338,0.480502,16.597,36.8111
0.062191,0.981073,0.13344,1.05222,16.1312,36.8111
0.0622189,0.986001,0.105169,1.56829,16.452,36.8114
0.063502,0.961109,0.123606,0.45457,16.2353,36.8119
0.0626423,0.972762,0.0726675,1.14527,14.4876,36.8121
0.0616422,0.969135,0.0766559,2.86333,15.9379,36.8127
0.063502,0.969822,0.089359,0.470674,14.2864,36.8131
0.0611812,0.995936,0.0834256,2.20016,15.1683,36.8135
0.0624838,0.967181,0.133931,1.04785,17.6232,36.8136
0.0622498,0.977411,0.129194,1.65534,16.1833,36.8142
0.0620012,0.958273,0.0690435,2.95733,15.5744,36.8142
0.0610235,0.996329,0.131725,2.0738,17.9125,36.8143
0.0633516,0.964962,0.147727,0.793627,16.7281,36.8145
0.062122,0.984204,0.140255,1.41047,16.0166,36.815
0.0625198,0.960981,0.141847,1.48323,17.7799,36.8153
0.0633712,0.967401,0.105311,0.942868,15.2288,36.8154
0.061172,0.996469,0.0958159,2.77434,16.0873,36.8155
0.0626197,0.976224,0.0753248,1.21194,14.8157,36.8157
0.0648343,0.904854,0.0737615,0.62676,15.281,36.8158
0.0620479,0.990056,0.100518,1.81123,15.0451,36.8168
0.0637937,0.949542,0.141616,0.913429,17.7999,36.8171
0.0623853,0.976844,0.0880273,1.5512,15.8955,36.8171
0.0611758,0.997678,0.101957,2.22019,16.935,36.8176
0.0634148,0.963763,0.131949,0.937577,16.6459,36.8178
0.0620918,0.991754,0.127337,1.20999,16.1373,36.8181
0.0633302,0.966093,0.14851,0.46476,16.7261,36.8182
0.0647389,0.906836,0.0754291,0.117644,15.237,36.8186
0.0631969,0.975679,0.154363,0.372474,17.5398,36.8186
0.0633877,0.965864,0.123433,0.449073,16.8992,36.8187
0.0645609,0.916728,0.0805328,0.816488,15.2013,36.8188
0.0622768,0.970066,0.154127,1.34555,17.2753,36.8189
0.06248,0.967192,0.114579,1.16133,16.5865,36.8193
0.0634465,0.9642,0.115058,0.692584,16.9493,36.8195
0.062691,0.999533,0.149186,0.890761,16.1142,36.8195
0.0613661,0.982658,0.0848721,2.06359,15.52,36.8197
0.0619413,0.954148,0.0715987,2.19158,15.5786,36.8203
0.0656801,0.875953,0.0556755,0.31117,14.4846,36.8205
0.0631771,0.939758,0.0672122,1.80666,14.1141,36.8208
0.0631435,0.984403,0.119657,0.55801,16.0052,36.8209
0.0614159,0.952437,0.0520796,3.00247,14.3156,36.8215
0.0643675,0.923188,0.0804222,0.530322,15.1082,36.8215
0.0634571,0.96517,0.0999663,0.803295,15.8108,36.8215
0.0629603,0.94832,0.0777593,1.84931,15.0006,36.8218
0.0636136,0.958313,0.106855,0.954406,15.3604,36.822
0.0638396,0.954072,0.0866213,0.62025,15.0019,36.8221
0.063663,0.953256,0.136043,0.494742,16.7351,36.8231
