beta,permeability,xi,init_days,delay,value
0.0705012,0.0731268,0.0725359,15.0002,14.0327,31.4915
0.0697605,0.183195,0.0817071,15.4191,14.2024,31.6795
0.0706364,0.0414726,0.068913,15.0486,14.9555,31.8362
0.0726422,0.133574,0.0779476,13.9033,14.6372,31.8406
0.0711493,0.17398,0.0837604,14.7948,14.0804,31.879
0.0724117,0.157142,0.0814012,13.9368,14.2929,31.892
0.0703381,0.109762,0.0732051,15.0161,14.3993,31.9739
0.0707116,0.047051,0.0678511,15.4251,14.8134,31.9886
0.0664624,0.135035,0.0789736,18.101,15.2281,32.1521
0.0720294,0.227459,0.092102,13.2854,14.8737,32.2028
0.0674548,0.155588,0.0822537,17.9108,15.2847,32.3588
0.0669387,0.0632948,0.0735505,18.6281,15.7485,32.3771
0.0731973,0.2351,0.097508,12.0084,14.6322,32.3875
0.0649793,0.0346125,0.0688092,20.0124,15.9602,32.3879
0.0715867,0.100592,0.0721519,14.0056,14.6699,32.3961
0.0706293,0.220082,0.0880441,14.1191,14.322,32.3967
0.0684713,0.188221,0.0794892,16.1549,14.5505,32.3984
0.0649392,0.024718,0.0678938,20.576,15.3659,32.4074
0.0693373,0.231625,0.0868861,15.9634,14.8968,32.4148
0.0659923,0.212288,0.0875857,18.1978,15.8061,32.4234
0.0651007,0.197776,0.0868018,19.6612,15.4416,32.4511
0.0721782,0.207613,0.0914719,13.8967,14.3325,32.4629
0.0721756,0.0361443,0.0702434,14.1302,14.5926,32.4916
0.0649868,0.0176155,0.0684322,20.2355,15.1168,32.5152
0.065776,0.25752,0.0932279,18.7621,15.9793,32.5338
0.0656085,0.117772,0.0747434,19.0556,15.1845,32.5519
0.067385,0.178306,0.0881427,17.858,15.4312,32.5522
0.0646924,0.0763724,0.07374,20.9697,15.5703,32.5962
0.072433,0.146577,0.0817857,13.886,14.446,32.5977
0.0649227,0.220305,0.0869325,19.4204,15.1765,32.6018
0.0695138,0.203664,0.0853699,15.6319,14.9554,32.6125
0.0660191,0.0354489,0.0683185,19.4807,15.0649,32.6527
0.0634841,0.1419,0.0783028,21.779,15.2185,32.6534
0.0688449,0.157267,0.077287,16.6355,14.298,32.6849
0.0666484,0.10032,0.0783432,18.3763,15.3399,32.6974
0.0669757,0.0320303,0.0719635,18.6639,15.6485,32.7548
0.0684411,0.205245,0.0817457,16.2225,14.571,32.7843
0.0734698,0.0104088,0.0710754,13.7619,14.7075,32.8106
0.0633647,0.151719,0.0769321,21.8917,15.0654,32.8106
0.0684174,0.203198,0.0905598,16.0794,15.2245,32.8275
0.063317,0.158513,0.0778374,21.1364,15.57,32.8429
0.0658144,0.250973,0.096037,18.8425,15.499,32.8526
0.0647428,0.100315,0.0738265,20.4561,15.5979,32.8571
0.0753606,0.149077,0.0857722,11.7395,14.3957,32.8666
0.0727059,0.10664,0.0782571,13.1171,14.9079,32.8851
0.0699739,0.145315,0.0810576,15.7724,14.3457,32.8927
0.0638123,0.0681103,0.0731181,21.6057,15.5251,32.9096
0.0736548,0.0208081,0.0689234,13.4384,14.848,32.9123
0.067042,0.212656,0.0908029,17.6035,15.4743,32.9151
0.066466,0.167006,0.0820369,18.9324,15.7836,32.9405
0.0650339,0.0385422,0.0690316,20.9098,15.1959,32.9427
0.0698001,0.158065,0.0815918,15.3069,14.816,32.9738
0.0723025,0.160344,0.0843228,13.2845,14.8317,32.9802
0.0691355,0.0847854,0.0733771,16.4963,14.2647,32.9854
0.0645625,0.103076,0.0775474,20.7817,15.9881,32.9909
0.0682217,0.222642,0.0902075,16.2813,15.1391,33.0146
0.0729397,0.259964,0.100859,12.1295,14.2294,33.0525
0.0666129,0.304533,0.106072,17.6969,15.9425,33.0604
0.065936,0.235525,0.0950493,18.7037,15.4818,33.068
0.0752292,0.158774,0.0872296,11.7889,14.0001,33.0685
0.0690077,0.0726271,0.0753562,16.4914,15.931,33.0993
0.0629915,0.224594,0.0855943,21.752,15.8664,33.1247
0.0660881,0.21511,0.0844722,18.8285,15.8075,33.1338
0.0659506,0.0242226,0.0718955,19.254,15.0506,33.1455
0.073233,0.0378929,0.0675472,13.3826,14.0106,33.1719
0.0679494,0.0877858,0.0714797,17.1649,14.834,33.1727
0.0705181,0.259243,0.0951852,14.2322,14.5723,33.1745
0.0663831,0.131916,0.0808432,18.3546,15.8362,33.1877
0.0669715,0.0756777,0.0768362,18.8053,15.9218,33.1936
0.0611796,0.217468,0.091831,23.5859,16.0496,33.2102
0.0650537,0.214453,0.0916757,19.3528,15.5774,33.2181
0.0733242,0.216607,0.0886799,12.6142,14.2336,33.2497
0.0715139,0.273964,0.0980756,13.7007,14.4051,33.266
0.0683104,0.0197404,0.0656033,17.9602,14.5709,33.2777
0.0628937,0.0313091,0.07507,22.7305,16.8357,33.28
0.0690598,0.274825,0.0932678,15.688,14.009,33.2905
0.0637773,0.280974,0.0961753,20.3058,15.71,33.3029
0.0652379,0.152627,0.0776631,19.0702,15.045,33.3052
0.0750815,0.163235,0.0862315,11.136,14.5587,33.3099
0.0635572,0.294253,0.106123,20.9393,16.7618,33.3342
0.0621376,0.218845,0.0914453,22.7058,16.8242,33.3489
0.0634376,0.154245,0.0817619,21.4287,15.2339,33.35
0.063386,0.176343,0.0788811,21.3596,15.53,33.3735
0.0633848,0.173045,0.0833107,21.9724,15.8751,33.3831
0.0655267,0.133269,0.0829951,19.516,15.8954,33.3837
0.0620808,0.00563647,0.0707636,23.9169,16.0387,33.3883
0.0627997,0.254056,0.0961135,21.2035,16.9048,33.4089
0.0616412,0.313682,0.104332,22.4084,16.7669,33.4121
0.0703043,0.26872,0.0983046,14.1897,14.0479,33.4173
0.0621874,0.21196,0.0845845,22.724,15.2517,33.4201
0.0704562,0.0415119,0.0726996,15.2011,15.1107,33.4248
0.0773718,0.0754926,0.0750319,10.3908,14.7042,33.426
0.0605955,0.153065,0.0833518,24.1196,16.642,33.431
0.0622723,0.212707,0.0826556,22.7035,15.8504,33.4312
0.0721627,0.20652,0.0850443,13.9403,14.5538,33.4391
0.0771027,0.115822,0.0728352,10.6453,13.8803,33.4433
0.0652067,0.211879,0.0896869,19.4554,15.7843,33.4494
0.0681287,0.0777109,0.0678296,17.2478,14.9058,33.454
0.0703738,0.261393,0.0915579,14.2056,14.7641,33.4572
0.0721254,0.185471,0.0898161,13.8514,14.9523,33.4688
0.0683811,0.214511,0.0951024,16.5894,15.607,33.476
0.0619175,0.0383076,0.0756302,23.8554,16.1586,33.4825
0.0616693,0.10115,0.077284,23.7415,16.4621,33.486
0.0667931,0.0938413,0.0698716,18.6826,14.777,33.522
0.0640025,0.210739,0.0895863,20.5023,15.2691,33.5235
0.0637224,0.285032,0.092927,20.2865,15.8337,33.5272
0.060839,0.307694,0.103748,23.7114,16.4104,33.5297
0.0632277,0.181702,0.0886021,21.722,16.2954,33.6082
0.0754523,0.142026,0.0806012,11.4676,14.1251,33.6189
0.0638056,0.282927,0.0966493,20.7286,15.7889,33.6373
0.0636059,0.292895,0.107489,20.5208,16.0548,33.6509
0.0800703,0.14941,0.0809834,8.36062,13.1746,33.6558
0.0767649,0.15575,0.088057,10.1943,14.7088,33.6616
0.0755719,0.100254,0.0764333,11.1781,14.2921,33.6683
0.0745558,0.235466,0.0947044,11.1398,14.3795,33.6731
0.0695914,0.0471215,0.0664912,16.64,14.5652,33.6778
0.0758634,0.105031,0.078689,11.9366,14.5473,33.6796
0.0805995,0.0927605,0.0727638,8.40422,13.7902,33.6823
0.0631975,0.169817,0.0795418,21.8136,15.8775,33.6934
0.0673646,0.154698,0.0867164,17.3272,15.9633,33.6953
0.0675139,0.130217,0.0839423,17.7663,15.9621,33.6992
0.0632974,0.340369,0.115946,20.8653,16.7931,33.7181
0.0694473,0.226141,0.0833528,15.3376,14.3323,33.7296
0.0706808,0.196055,0.0833934,14.2675,14.5156,33.7347
0.0744179,0.109896,0.0771826,12.2374,14.3578,33.7362
0.0693515,0.224214,0.0905225,15.9787,15.809,33.7396
0.0611334,0.236454,0.090019,23.714,16.6515,33.7408
0.0723499,0.167796,0.0890868,13.9082,14.5595,33.7462
0.0654333,0.312409,0.106886,18.5478,15.6848,33.7474
0.0600071,0.0950797,0.0793432,25.7552,16.5286,33.7484
0.0701412,0.0957354,0.0809054,15.0075,15.7138,33.7492
0.0627783,0.288778,0.0961051,21.6845,15.6599,33.7553
0.0769379,0.120746,0.0796881,10.775,14.7507,33.7554
0.076557,0.169587,0.0894111,10.7468,14.4189,33.7591
0.0612908,0.21696,0.0823039,23.4412,15.8571,33.7709
0.0703337,0.242319,0.0971421,14.2158,15.1901,33.7951
0.0679717,0.278034,0.105977,16.8837,15.9098,33.796
0.0721844,0.165783,0.0835832,13.0961,14.8559,33.8055
0.0583059,0.140942,0.0795709,27.9864,16.1418,33.8211
0.0620266,0.0426347,0.0727451,23.5481,16.6986,33.8253
0.0729452,0.112956,0.073988,13.9201,14.676,33.8258
0.0714783,0.265166,0.096974,13.3983,14.2817,33.838
0.0611316,0.223818,0.0888822,23.1606,16.9286,33.8459
0.0622895,0.178088,0.0816251,22.3545,15.3416,33.8488
0.0703349,0.275312,0.0999723,14.2317,14.0695,33.8539
0.0636592,0.287515,0.0918877,20.1044,15.9855,33.8854
0.0716511,0.0517333,0.0742772,14.5335,15.3005,33.8906
0.0829883,0.0499841,0.0702465,7.69688,13.3779,33.8913
0.0759231,0.0981417,0.0773515,11.2871,14.3821,33.8932
0.0669696,0.256012,0.102037,17.9039,15.6722,33.8937
0.0643699,0.319538,0.114715,19.994,16.106,33.901
0.0585817,0.266318,0.0927133,26.821,16.8108,33.9017
0.0615511,0.331786,0.111502,22.3935,16.3501,33.9035
0.0599988,0.318056,0.102353,24.7575,16.2311,33.908
0.0599972,0.117025,0.0812109,25.5504,16.8133,33.9288
0.0620866,0.0250476,0.0676441,23.6639,15.7816,33.9301
0.0609723,0.0474785,0.0758164,24.7844,16.8674,33.9328
0.0629551,0.0570477,0.0673235,22.2153,15.182,33.9332
0.0662396,0.163833,0.078429,18.0591,15.1141,33.9436
0.0713082,0.172062,0.0820301,14.8576,14.9876,33.9467
0.0770915,0.116982,0.0742511,10.2608,13.6445,33.9498
0.0618176,0.285712,0.104433,22.7864,16.2301,33.9689
0.0623598,0.130921,0.0848807,22.8246,16.8974,33.9724
0.0644486,0.10165,0.080537,20.2688,16.9674,33.9933
0.0692249,0.0777747,0.0788839,16.46,15.6536,34.0017
0.0615939,0.135893,0.0729499,23.6312,15.2247,34.0028
0.0655842,0.125051,0.0829779,19.0179,15.8813,34.0117
0.0764104,0.210003,0.0974744,10.6756,14.1585,34.0141
0.0679673,0.236391,0.0910433,16.8596,15.7134,34.0229
0.0656367,0.301687,0.107155,18.7833,15.5132,34.0252
0.0613037,0.172528,0.0838168,23.502,16.4368,34.0342
0.0618385,0.278066,0.0893351,22.3905,15.6006,34.0371
0.0618296,0.291865,0.102985,22.9595,16.3929,34.0441
0.0680165,0.0941533,0.067618,17.1486,14.7923,34.0529
0.0763216,0.0371515,0.0749833,11.169,14.3681,34.0537
0.0677399,0.0925639,0.0730227,17.5642,15.3396,34.058
0.0669734,0.242276,0.0847715,17.9015,14.9538,34.0593
0.0645788,0.0789777,0.0750465,20.5834,15.199,34.0621
0.0714907,0.0871584,0.0696519,14.9487,14.1954,34.065
0.0701618,0.144203,0.0739698,15.4097,14.0591,34.0684
0.0619171,0.286867,0.0918134,22.4153,15.3536,34.0725
0.0785447,0.129692,0.0839346,9.6749,14.1924,34.0739
0.0680727,0.0985389,0.069243,17.7131,14.5838,34.0821
0.0762571,0.212916,0.0931902,10.9599,14.886,34.0824
0.070772,0.0545474,0.0663564,15.4625,14.8094,34.0927
0.0620196,0.230597,0.0817313,22.4853,15.4975,34.1008
0.0627668,0.121452,0.0768298,22.4943,15.171,34.11
0.0618415,0.124401,0.0744968,23.7929,15.917,34.1142
0.0725382,0.119576,0.0743019,13.721,14.7523,34.1153
0.0610902,0.0173874,0.07047,24.8099,16.4064,34.117
0.0720902,0.191509,0.0927746,13.6196,15.7479,34.1172
0.0618647,0.246158,0.0993337,22.3431,16.6565,34.1283
0.0682473,0.0532982,0.0721714,17.837,15.0191,34.1327
0.0610628,0.266767,0.0941186,23.5288,16.2502,34.1343
0.0693328,0.0434255,0.0764804,16.2405,15.4498,34.1463
0.078667,0.107261,0.078828,9.25676,14.5964,34.1514
0.0607882,0.140507,0.0763964,24.8142,15.4136,34.1515
0.0635849,0.289635,0.109781,20.7302,16.4411,34.1534
0.0839692,0.128205,0.082462,6.65844,13.6276,34.158
0.0652445,0.1924,0.0797843,19.1118,15.8125,34.1611
0.0751059,0.200315,0.0914793,11.3646,14.0172,34.1646
0.0733376,0.192588,0.0851021,12.9708,14.8559,34.1646
0.066117,0.235379,0.0896393,18.1741,15.444,34.1674
0.0780913,0.174908,0.0823091,9.26488,13.6539,34.1734
0.0668254,0.268978,0.105382,17.6673,15.3896,34.1758
0.0752557,0.174441,0.0925019,11.3683,14.8759,34.1764
0.0624423,0.138472,0.0726897,22.7004,15.7474,34.1794
0.0642209,0.00920939,0.0697198,21.0324,15.8806,34.1797
0.0602642,0.240511,0.0888702,24.9654,16.7789,34.1885
0.0645923,0.0934569,0.0791085,20.0115,15.7874,34.1965
0.0764643,0.194825,0.0903719,10.3855,14.8702,34.1979
0.0586387,0.266998,0.0944385,26.7302,16.4124,34.2098
0.0628813,0.215062,0.0952111,21.0962,16.8128,34.214
0.0656947,0.112661,0.0817397,19.4224,15.1364,34.2166
0.0625124,0.335772,0.101048,21.0452,15.8802,34.2173
0.0707397,0.211926,0.096608,14.3392,15.7184,34.218
0.0600733,0.296022,0.102659,24.8044,16.211,34.2223
0.061786,0.0654666,0.0733313,23.3576,16.9779,34.2229
0.0682585,0.246261,0.0893745,16.7959,14.7569,34.224
0.0700397,0.287996,0.109398,14.1424,15.8303,34.2264
0.0593465,0.259474,0.0962439,25.2527,16.5598,34.2291
0.0683784,0.181315,0.0814196,16.7516,14.9709,34.2385
0.0756502,0.101753,0.0831445,11.6459,14.075,34.2436
0.067851,0.0903398,0.0723692,17.1291,14.114,34.2701
0.0649248,0.0193711,0.0731189,20.351,16.4041,34.2788
0.0625883,0.165773,0.0797091,22.4824,15.027,34.2793
0.0626138,0.292329,0.0904697,21.5397,15.2115,34.2797
0.0598018,0.35214,0.109718,24.0402,16.4941,34.2813
0.0604242,0.387815,0.117138,23.2342,16.05,34.2841
0.0758052,0.261988,0.105175,10.6376,14.0179,34.2966
0.0657822,0.0470192,0.075661,19.161,16.2103,34.297
0.0612469,0.211787,0.0812496,23.4296,15.7878,34.299
0.0756074,0.145782,0.0854768,11.698,14.7932,34.2992
0.0720507,0.177223,0.091268,13.2751,15.5383,34.3182
0.0769635,0.129027,0.0865581,10.5603,14.0367,34.3183
0.0717513,0.0303261,0.0743846,14.4749,15.6589,34.3225
0.0704218,0.228969,0.0901639,14.5073,14.511,34.3361
0.0772479,0.100222,0.0826102,10.6396,14.1318,34.3376
0.0592764,0.109545,0.0771483,26.839,16.0841,34.3378
0.0702411,0.071725,0.0795485,15.6175,15.3494,34.3437
0.0617043,0.104214,0.0753436,23.4358,16.1545,34.348
0.074485,0.0423512,0.0727758,12.6364,14.3783,34.3506
0.059483,0.244037,0.0880859,25.6104,16.9499,34.3538
0.0703925,0.246408,0.0956988,14.3307,15.0099,34.3558
0.0718705,0.0198729,0.0702209,14.1825,14.5257,34.3568
0.0672717,0.0293092,0.0667239,18.1467,14.6181,34.3575
0.0765412,0.175963,0.080564,10.0502,13.0392,34.3579
0.0694635,0.0210025,0.0630486,16.1462,14.5304,34.3667
0.0610202,0.258313,0.100752,23.37,16.5629,34.3671
0.0618676,0.0805778,0.0740919,23.4763,16.5161,34.3694
0.0573778,0.191016,0.0831612,28.6138,16.985,34.3715
0.0653602,0.324174,0.114395,18.3543,16.6299,34.3715
0.0665405,0.168684,0.0860508,18.5128,15.3817,34.3778
0.0631843,0.367966,0.11696,20.1626,16.7389,34.3817
0.0652541,0.146445,0.0847173,19.7928,15.9248,34.3991
0.0610161,0.287203,0.0906413,23.0847,15.9837,34.3993
0.0685142,0.157863,0.0897451,16.6999,15.8643,34.405
0.0741181,0.132591,0.0759937,12.8571,14.7152,34.4097
0.0762732,0.0636159,0.0772174,11.1519,14.986,34.4166
0.0709875,0.147222,0.0818315,14.2915,14.2639,34.4291
0.0805191,0.114294,0.079285,8.9146,13.1138,34.4326
0.0673515,0.146194,0.0859567,17.981,15.8896,34.4463
0.07341,0.0575447,0.0758623,13.0252,14.7724,34.4488
0.0619684,0.208802,0.0918263,22.4172,16.1658,34.4498
0.0643607,0.17604,0.0775604,20.1349,15.2799,34.4506
0.0717454,0.0341923,0.0754308,14.085,15.2037,34.4508
0.0635754,0.270089,0.0995812,20.5784,16.0646,34.457
0.0635003,0.10316,0.0769161,21.09,15.3178,34.4575
0.0602231,0.27539,0.094639,24.8072,16.427,34.461
0.0728797,0.288528,0.107348,12.2576,14.4355,34.4616
0.0719714,0.189125,0.0854056,13.273,14.9207,34.4634
0.0683744,0.176473,0.0819406,16.8106,15.7028,34.4659
0.0782084,0.150822,0.086356,9.93812,14.0656,34.4668
0.0690226,0.267274,0.0890901,15.6276,14.2326,34.4739
0.081704,0.164643,0.0866717,7.38253,13.12,34.4813
0.0706932,0.0170843,0.0710287,15.3213,14.5621,34.4839
0.0801499,0.156921,0.0825045,8.07531,13.5846,34.4856
0.0644971,0.114049,0.0862844,20.4922,16.1542,34.488
0.067807,0.274554,0.0905399,16.9291,14.4615,34.5061
0.0663642,0.126545,0.07621,18.5323,15.5751,34.5119
0.0674925,0.325983,0.117666,16.4868,15.3399,34.5142
0.0728796,0.28914,0.103999,12.4913,14.7507,34.5163
0.0698077,0.191302,0.087092,15.5787,14.9145,34.5164
0.0628187,0.257929,0.09462,21.1372,15.1474,34.5187
0.0837917,0.135447,0.0812343,6.39375,13.1916,34.52
0.0675133,0.144821,0.0767612,17.1204,15.4782,34.5237
0.0777467,0.0284168,0.0686567,10.9628,14.854,34.533
0.0616868,0.13676,0.0809733,23.4085,16.2629,34.5353
0.0790689,0.0987035,0.0709055,9.79378,13.5169,34.5378
0.0712,0.30541,0.103494,13.1083,14.5167,34.5397
0.077776,0.0197377,0.0683079,10.5382,14.8428,34.5572
0.0573245,0.210746,0.0862383,28.9313,16.7808,34.5607
0.0666894,0.0730166,0.0796219,18.3022,16.2767,34.5619
0.071717,0.257221,0.0910896,13.1124,14.1488,34.562
0.0678106,0.0985275,0.0675667,17.8861,14.3939,34.5652
0.0750029,0.16907,0.0916007,11.3979,14.2977,34.5661
0.0715875,0.245331,0.102992,13.9303,15.8744,34.5672
0.0648559,0.242354,0.0976042,19.95,15.3122,34.5692
0.0769633,0.157872,0.0901169,10.6681,14.0111,34.5716
0.0735499,0.20835,0.0865321,12.3837,14.3043,34.5748
0.0659263,0.201609,0.0844024,18.4208,15.1518,34.5756
0.0637645,0.24412,0.0839148,20.5165,15.9777,34.5765
0.0639367,0.191295,0.0909868,20.2904,16.7513,34.5833
0.0654467,0.125336,0.0848459,19.3496,16.3039,34.5864
0.0669849,0.240913,0.101693,17.6654,15.0832,34.5905
0.0641713,0.0203717,0.071138,21.7836,15.0542,34.5907
0.0615187,0.165998,0.0741021,23.9319,15.1021,34.5915
0.0646795,0.250409,0.105283,19.465,16.1386,34.5949
0.0716694,0.0485484,0.0686467,14.8515,14.8874,34.5951
0.0637726,0.297139,0.0963702,20.1777,15.7459,34.5991
0.0687173,0.173922,0.0917361,16.5373,15.6297,34.5994
0.0646273,0.0674513,0.075859,20.4401,15.2645,34.6027
0.0602836,0.263201,0.0936617,24.0035,16.4583,34.6043
0.0690843,0.09084,0.0833434,16.0993,15.3102,34.6144
0.0717442,0.0571801,0.0724185,14.62,15.4447,34.6201
0.0566931,0.182389,0.0808125,29.9445,16.5767,34.6276
0.0566593,0.201612,0.0827492,29.3207,16.4097,34.637
0.0643138,0.330825,0.108513,19.5807,15.1622,34.6386
0.067449,0.196566,0.094245,17.6034,15.9276,34.642
0.0590848,0.294237,0.108311,25.0516,17.8534,34.6555
0.0600229,0.13184,0.0727235,25.1612,15.3728,34.6556
0.0651593,0.222692,0.0937662,19.8769,15.5324,34.6599
0.0735665,0.17361,0.0893943,12.9803,15.4725,34.6609
0.0652564,0.131517,0.0843481,19.1878,16.8983,34.6627
0.0749172,0.226044,0.0981213,11.8835,14.0225,34.6656
0.0781492,0.155714,0.0882994,9.8335,14.7506,34.6668
0.0736613,0.155036,0.0892238,12.4339,14.5799,34.6703
0.0653925,0.122575,0.0728021,19.6041,15.4107,34.6708
0.0699658,0.301737,0.0989504,14.8153,14.4449,34.6735
0.0779898,0.0184121,0.0683319,10.6496,14.5847,34.675
0.0570135,0.0766075,0.073395,29.738,16.7561,34.6771
0.0602929,0.206465,0.0863953,24.9885,16.0144,34.6811
0.0742176,0.0885906,0.0791867,12.5027,15.1744,34.6823
0.0686236,0.343869,0.120093,15.02,15.0989,34.6831
0.0603764,0.189697,0.0833091,24.882,16.3278,34.6834
0.0707864,0.0635211,0.0722903,15.0619,14.2393,34.6845
0.06869,0.338157,0.120498,15,15.4612,34.6904
0.0728014,0.085188,0.076355,13.3644,15.2535,34.6951
0.0607969,0.305148,0.097041,23.3946,16.9289,34.7012
0.0752221,0.132131,0.0785986,11.4501,14.0802,34.7014
0.0731832,0.247458,0.103389,12.6561,14.7538,34.707
0.0778335,0.201972,0.0843081,9.5283,13.456,34.7198
0.0658383,0.216264,0.0860127,18.5043,15.304,34.7206
0.063029,0.374528,0.118733,20.6146,16.1509,34.7306
0.0626683,0.075265,0.0720856,22.5672,15.5679,34.732
0.0758926,0.109165,0.0788947,11.0188,14.9706,34.7352
0.0632585,0.190962,0.0878674,21.9557,15.8224,34.7436
0.0667065,0.0716659,0.0779829,18.1894,16.8476,34.7512
0.0644898,0.275783,0.106805,19.5305,16.3559,34.7517
0.073079,0.228648,0.100769,12.8155,15.2258,34.7536
0.0603277,0.247564,0.0830465,24.8944,15.6049,34.7582
0.0713737,0.0999831,0.0698614,14.4334,14.0453,34.7594
0.0638689,0.245552,0.0946011,20.1628,16.3559,34.7617
0.0795325,0.0149675,0.0666188,9.37943,13.7348,34.7621
0.0619462,0.110062,0.0735112,23.3246,15.1488,34.7696
0.0648376,0.236237,0.103698,19.9215,16.1898,34.7712
0.065115,0.190732,0.0964554,19.6162,16.7124,34.774
0.0692218,0.0533723,0.064797,16.9508,14.354,34.7764
0.0703169,0.263113,0.0986274,14.8464,15.6119,34.7766
0.0714212,0.279728,0.111181,13.3855,15.9769,34.7819
0.0565418,0.231909,0.0858511,29.4561,16.2197,34.7832
0.0604252,0.169232,0.0926661,24.1262,17.8983,34.7834
0.0654478,0.323796,0.112807,18.6877,15.3039,34.7838
0.0608805,0.146828,0.0757655,24.0586,15.4242,34.7852
0.0791091,0.0712019,0.0738569,9.72373,14.715,34.7921
0.0581838,0.184629,0.086167,27.3697,16.9595,34.7927
0.0759508,0.239491,0.106581,10.6047,14.0081,34.7933
0.0682114,0.253248,0.0864453,16.7584,14.0932,34.7953
0.070242,0.299229,0.0990848,14.3668,14.3403,34.7966
0.0691281,0.104921,0.079413,16.6157,15.0494,34.7975
0.0583099,0.34257,0.104463,26.9614,16.6159,34.7995
0.0694924,0.0434216,0.0717318,16.3308,14.1739,34.8036
0.0678556,0.257065,0.0923791,16.5393,15.888,34.8038
0.0575055,0.345476,0.100932,27.121,16.7707,34.8041
0.0809548,0.0486727,0.0741936,8.5704,14.3982,34.8057
0.0633919,0.308186,0.103627,20.9881,16.462,34.8061
0.0583084,0.112742,0.0771118,27.7483,16.1221,34.8083
0.0576361,0.326919,0.0961584,27.3811,16.3007,34.8087
0.0645229,0.320798,0.0987352,19.5045,15.9337,34.8106
0.0606988,0.184819,0.0794496,24.2375,15.7621,34.8141
0.0703154,0.268224,0.0900774,14.5438,14.2296,34.817
0.0667963,0.0383519,0.0735035,18.6028,15.9061,34.8201
0.0741625,0.262524,0.0996175,11.8614,14.984,34.8219
0.0658053,0.254444,0.102198,18.8856,15.7783,34.8227
0.0595184,0.233891,0.0948137,25.1724,16.3679,34.8228
0.0570981,0.281026,0.0898657,28.7794,16.192,34.8247
0.0605308,0.149995,0.0785648,24.63,16.6921,34.8259
0.0631652,0.203552,0.0958996,21.4409,16.2957,34.8299
0.0649679,0.218704,0.0932959,19.0294,16.996,34.8342
0.078296,0.144975,0.0887407,9.35249,14.938,34.8353
0.0703507,0.0937922,0.0838557,15.69,15.1368,34.8368
0.0678498,0.0686773,0.0704449,17.6321,15.3355,34.8372
0.0762588,0.062817,0.0737151,11.6752,14.1991,34.8382
0.0745977,0.0248373,0.0742412,12.6594,15.7656,34.8441
0.077575,0.238436,0.105885,9.74958,14.7439,34.845
0.0643579,0.302182,0.0977275,19.8123,15.9064,34.8451
0.0680426,0.0296246,0.0680878,17.026,15.8269,34.8451
0.0659007,0.213085,0.0997832,18.6446,16.5317,34.8528
0.0604328,0.382578,0.111821,23.1973,16.0809,34.8532
0.0693942,0.249503,0.101261,15.9026,15.5129,34.8578
0.0669217,0.226327,0.097644,17.4422,16.1489,34.8594
0.0571129,0.0492111,0.070516,29.9178,16.2721,34.86
0.0593729,0.0330497,0.0701237,26.3946,16.6376,34.8602
0.0765513,0.00912025,0.0664475,11.9073,14.2875,34.8624
0.0780054,0.18439,0.0848651,9.52722,13.9532,34.8627
0.0651299,0.19304,0.0963665,19.0396,16.9197,34.8808
0.0731518,0.209634,0.0944278,12.1803,15.2392,34.8812
0.0637121,0.243374,0.0842942,20.7546,15.7844,34.8842
0.0592911,0.032839,0.0775308,26.8165,17.136,34.8851
0.0652686,0.343303,0.115469,18.0236,15.5273,34.8853
0.0614268,0.329845,0.106875,22.9058,16.4255,34.8872
0.0717464,0.0906206,0.0787936,14.8751,14.9098,34.8915
0.0602077,0.237709,0.0871837,24.0901,16.3218,34.8924
0.05829,0.153667,0.0771722,27.0876,16.5453,34.8974
0.0622438,0.21034,0.0937261,22.6076,16.7185,34.8998
0.0705603,0.193231,0.0917486,14.9215,15.493,34.8999
0.0764079,0.186688,0.079668,10.93,13.9619,34.9053
0.0756884,0.118784,0.0717525,11.9835,13.509,34.9078
0.0748477,0.0518546,0.0695723,12.6256,14.6925,34.9121
0.065841,0.233444,0.0984235,18.0423,15.0499,34.9132
0.0683107,0.187833,0.0834375,16.2911,14.9147,34.9149
0.0598249,0.312946,0.113874,24.3205,17.6069,34.9302
0.073957,0.112694,0.0832744,12.956,14.8483,34.9361
0.0675107,0.339184,0.122148,16.5032,15.4565,34.9382
0.0650978,0.352108,0.122108,18.5435,16.8951,34.9386
0.0605367,0.346108,0.105817,23.8007,16.4326,34.9396
0.064123,0.0275739,0.0653064,21.6234,15.0021,34.9397
0.0717536,0.231059,0.103637,13.6985,15.7061,34.948
0.0861802,0.0928331,0.0789489,5.86185,13.6014,34.9559
0.0609945,0.0301631,0.0698494,24.0767,16.7138,34.9559
0.0661226,0.189442,0.0970508,18.3983,16.6841,34.9611
0.0584812,0.0472777,0.0800033,27.912,17.9289,34.9652
0.0679086,0.285174,0.111182,16.718,15.8512,34.9672
0.059506,0.202374,0.0840207,25.7644,16.4994,34.9673
0.0607659,0.28101,0.108646,23.9669,17.0012,34.9694
0.0611722,0.187576,0.0857678,23.2845,16.2907,34.9698
0.0590371,0.166209,0.0855911,26.1312,16.6688,34.9743
0.0737633,0.199047,0.0937741,12.0378,14.4657,34.9763
0.0659711,0.246888,0.0868487,18.1199,15.3918,34.9815
0.0666243,0.131124,0.0756091,18.6779,14.3013,34.9898
0.0688531,0.100181,0.0696416,16.4706,14.0486,34.9917
0.0596067,0.378811,0.116056,24.6243,16.9655,34.9931
0.0736615,0.147282,0.0899926,12.225,15.4531,34.9933
0.0577839,0.265117,0.0896167,27.4146,16.491,34.9935
0.0648308,0.28407,0.10194,19.5669,15.3829,34.9968
0.0688749,0.136374,0.0776892,16.1372,15.2898,34.9978
0.0697314,0.128896,0.0830436,15.0647,15.0785,35.0014
0.0617642,0.0444255,0.0743812,23.0672,16.0557,35.0029
0.0750488,0.0348816,0.0748464,12.9721,14.723,35.0132
0.0619697,0.0669246,0.0727271,23.0709,16.968,35.0197
0.0713107,0.0819781,0.0797955,14.9571,15.0072,35.0273
0.066414,0.191779,0.0786321,18.2297,14.0793,35.0293
0.061667,0.29628,0.0886527,22.3833,15.4736,35.0302
0.0630186,0.0356235,0.0730248,22.2689,15.4105,35.0314
0.068832,0.297036,0.0935033,15.997,14.8047,35.0329
0.0663582,0.318972,0.118076,17.5086,16.3952,35.0349
0.0618373,0.10141,0.0758372,23.7841,16.124,35.0374
0.0765958,0.201018,0.0949773,10.7825,14.785,35.038
0.0648927,0.236647,0.104284,19.8218,16.3226,35.0387
0.0662039,0.145186,0.0798394,18.2706,15.1832,35.0396
0.0585241,0.0426341,0.0734415,27.1144,16.969,35.0405
0.0774437,0.251536,0.109404,9.23543,14.0614,35.0455
0.0623018,0.0233242,0.0688538,23.4172,15.6072,35.0464
0.0667945,0.231351,0.0906864,17.7896,15.8499,35.0522
0.0594231,0.220467,0.0860543,25.7471,16.5393,35.0538
0.0676971,0.0841039,0.0806478,17.4067,16.2025,35.0562
0.0635204,0.329414,0.107649,20.2055,15.3667,35.0591
0.0610252,0.424016,0.125868,22.7705,16.0277,35.0591
0.0772815,0.0970392,0.0745087,10.3136,14.478,35.0617
0.060341,0.260055,0.0849714,24.9819,15.5139,35.0621
0.0635735,0.0855768,0.0683023,21.9174,15.4186,35.0646
0.0835425,0.164224,0.0895785,6.17088,13.9364,35.0692
0.0685048,0.331861,0.110948,15.7048,15.9891,35.0745
0.0620442,0.243566,0.0816528,22.6142,15.6753,35.0758
0.07086,0.0143776,0.0721459,15.5448,15.9668,35.0784
0.0661518,0.00987331,0.0640574,19.1549,14.7978,35.0827
0.0678927,0.270814,0.0944869,16.7111,14.5266,35.0836
0.0798602,0.149497,0.0890042,8.31235,14.5662,35.0844
0.0734982,0.158617,0.0908074,12.6066,15.8233,35.0864
0.0690851,0.293096,0.0983685,15.5758,14.7017,35.0865
0.0598826,0.304434,0.104681,24.4189,16.3938,35.0882
0.0829184,0.061763,0.0693472,7.25922,13.4156,35.0902
0.0599327,0.130745,0.0728335,25.6492,15.771,35.0921
0.0584168,0.0725845,0.0755309,27.1786,16.414,35.097
0.0761286,0.0454584,0.0636216,11.1744,13.7222,35.0975
0.0728642,0.139067,0.0844036,13.0382,14.2143,35.1013
0.0576596,0.283716,0.10116,27.1233,17.2657,35.1087
0.0602427,0.241479,0.0810087,24.8835,15.5176,35.1095
0.0570704,0.0255587,0.0770671,29.1583,17.1941,35.1109
0.0755373,0.284912,0.110496,10.6503,14.1781,35.114
0.0769736,0.150889,0.0788208,10.964,13.9594,35.1165
0.0612891,0.233491,0.0809678,23.937,15.4639,35.1169
0.0609831,0.232538,0.0872032,23.7253,16.641,35.1255
0.0690175,0.135446,0.0707253,16.0876,14.8336,35.1264
0.0654928,0.320396,0.0989123,18.2715,15.5823,35.1328
0.0598447,0.346014,0.102102,24.6324,16.6747,35.1343
0.0611834,0.247709,0.0823193,23.7927,15.2149,35.1366
0.0651484,0.194177,0.0981766,19.7161,16.1703,35.1398
0.0808047,0.0610684,0.068361,8.89298,13.181,35.1411
0.063185,0.171419,0.0855337,21.5342,15.5657,35.1416
0.0633307,0.349405,0.121812,20.6371,16.6761,35.146
0.0620026,0.239977,0.0912908,22.9194,15.222,35.147
0.070047,0.281336,0.100906,14.1797,14.7246,35.1476
0.0691264,0.0559659,0.0721777,16.9763,14.2725,35.1498
0.0571227,0.0356993,0.0717126,29.4023,16.8125,35.1528
0.0592628,0.255291,0.104347,25.5379,17.1419,35.1586
0.0681877,0.203904,0.0975083,16.1844,15.9912,35.1587
0.0787352,0.128454,0.0826476,9.43277,14.2438,35.1598
0.0759517,0.0502885,0.0769968,11.0221,15.812,35.16
0.0715251,0.100368,0.0765999,14.7838,15.1085,35.1627
0.0734655,0.22032,0.0875493,12.7228,14.4476,35.1672
0.0791265,0.0647341,0.0667802,9.55962,13.6234,35.1692
0.0646971,0.0971243,0.0691224,20.491,15.2494,35.1712
0.068727,0.337879,0.118426,15.1696,15.2845,35.1789
0.0619589,0.22783,0.0866362,22.8949,16.9309,35.1832
0.0701625,0.257705,0.106201,14.6821,15.5037,35.1867
0.0587199,0.196767,0.0866556,26.4038,16.5379,35.1885
0.0686862,0.101991,0.0791615,16.0528,15.0223,35.1895
0.0750951,0.169284,0.0754993,11.1949,13.1507,35.1899
0.0687478,0.156482,0.0923517,16.7136,15.2912,35.1945
0.062002,0.272808,0.0950105,22.8476,15.7687,35.1946
0.0746458,0.243298,0.105736,11.9195,14.6001,35.1977
0.0682363,0.255981,0.101042,16.2581,15.1293,35.1981
0.0632766,0.314833,0.113425,20.0886,16.6556,35.2028
0.0691119,0.135427,0.0767949,16.7163,14.472,35.2064
0.0596155,0.367835,0.124069,24.859,17.7198,35.2068
0.0678524,0.121122,0.0870053,17.0993,15.3586,35.2115
0.0864576,0.0717616,0.0771367,5.61952,13.0456,35.2133
0.0647668,0.0198124,0.0718995,20.2119,16.0033,35.2147
0.0708304,0.0596608,0.067203,15.7636,14.7923,35.2174
0.0700455,0.278523,0.0992504,14.4103,14.5809,35.2236
0.0702507,0.257489,0.0988358,14.8279,14.4569,35.2263
0.0779984,0.2084,0.0998493,9.38895,14.3911,35.2293
0.0674897,0.112067,0.0854035,17.4898,16.936,35.2304
0.0777626,0.0442037,0.0634827,10.865,13.8515,35.2366
0.0779064,0.208116,0.0846647,9.8824,13.5998,35.2368
0.0704133,0.225474,0.093035,14.1829,14.1744,35.2397
0.0663064,0.317711,0.101239,17.3121,15.9371,35.2424
0.0740416,0.276374,0.103354,11.4387,14.0181,35.2459
0.0678587,0.253999,0.106488,16.645,16.5425,35.2482
0.0633436,0.11102,0.0853497,21.7811,16.5046,35.2501
0.0604869,0.151051,0.0777892,24.2552,16.0238,35.2506
0.0752341,0.128366,0.0849145,11.3788,15.6745,35.2516
0.084976,0.0567171,0.0733837,6.61554,13.314,35.2517
0.0558021,0.241998,0.0856138,30.8594,16.343,35.2532
0.0697263,0.202602,0.0981074,15.9792,15.3173,35.2551
0.0604815,0.148862,0.085021,24.9692,16.0911,35.2592
0.0618287,0.110638,0.0694032,23.8572,15.4942,35.2635
0.0777111,0.215534,0.0940378,9.03251,14.2246,35.2648
0.0715726,0.242765,0.0888831,13.9041,14.4462,35.2651
0.0681718,0.0757384,0.0736346,17.7996,15.0431,35.2665
0.0663153,0.31497,0.101098,17.9087,15.9265,35.2673
0.0621437,0.250918,0.0846726,22.3867,15.405,35.2737
0.0634875,0.129067,0.0709284,21.1156,15.4013,35.2802
0.0586175,0.0105989,0.0739583,27.7226,17.6195,35.2807
0.0563146,0.255854,0.0979995,29.1066,17.9304,35.2838
0.063023,0.170106,0.0886422,21.573,16.3152,35.2851
0.0861166,0.117891,0.0811932,5.14471,13.5357,35.2893
0.0687511,0.164478,0.0931465,16.4512,15.7188,35.2915
0.0656578,0.114646,0.0723823,19.9787,14.8979,35.2967
0.0820555,0.106552,0.0775249,7.68991,13.1333,35.2975
0.0711935,0.142468,0.0906486,14.4401,15.802,35.2983
0.0643656,0.148631,0.0922555,20.1465,16.4322,35.3021
0.0707667,0.174668,0.0781636,14.9798,14.8401,35.3033
0.0743765,0.096437,0.0712986,12.4483,14.5834,35.3039
0.0824867,0.103045,0.0804666,7.17565,13.9882,35.3063
0.0755963,0.270278,0.104416,10.3444,14.4034,35.3106
0.0766108,0.183802,0.0973661,10.3847,14.1763,35.3106
0.0784564,0.162762,0.0836262,9.25574,13.7789,35.3119
0.0613707,0.351555,0.105955,22.5656,16.0991,35.3123
0.0809644,0.0788456,0.076323,8.38264,13.1768,35.3129
0.0770728,0.0889648,0.0745608,10.6268,14.1639,35.3141
0.0618436,0.0565258,0.0663662,23.7664,15.6599,35.3157
0.0603532,0.213858,0.077238,24.6082,15.6811,35.3172
0.0722993,0.031015,0.0721596,14.1104,14.3634,35.318
0.0703536,0.276152,0.105333,14.3773,15.8943,35.3192
0.0647397,0.121205,0.080954,20.4768,15.709,35.3223
0.0598568,0.125411,0.0855828,25.699,17.2988,35.3241
0.0565472,0.250038,0.0861574,29.4426,16.8692,35.3265
0.060982,0.11169,0.0758633,24.6725,15.6301,35.3277
0.0630313,0.232326,0.080725,21.1977,15.4451,35.3279
0.0669083,0.235297,0.097981,17.6688,16.8078,35.3302
0.0666297,0.0919206,0.0788198,18.4577,16.2186,35.332
0.0598943,0.0970182,0.0727306,25.649,16.9212,35.3322
0.0723504,0.132883,0.076341,13.0943,14.2809,35.333
0.0745452,0.233462,0.0909468,11.4196,14.2336,35.3335
0.0581511,0.376492,0.110958,26.8652,16.7658,35.3349
0.0752843,0.120414,0.0838765,11.2286,15.0624,35.3395
0.066457,0.138723,0.0696827,18.9535,14.4052,35.341
0.061296,0.171134,0.090801,23.4167,16.8146,35.3411
0.0654722,0.281005,0.101783,18.8554,15.025,35.3439
0.0660986,0.360768,0.111032,17.2787,15.9802,35.3468
0.0637451,0.293126,0.103002,20.0574,15.737,35.3477
0.0601456,0.296233,0.0954124,24.3615,16.6229,35.3511
0.0761786,0.0177074,0.0660524,11.8686,14.6908,35.3524
0.0773484,0.0793908,0.0723228,10.7462,13.4006,35.3552
0.066712,0.0850668,0.0800466,18.443,16.3025,35.3552
0.0593793,0.211655,0.0943499,25.356,17.4154,35.356
0.0682927,0.205092,0.0988803,16.1718,15.9621,35.3564
0.0659515,0.0425442,0.0665168,19.2154,14.6481,35.3573
0.0603023,0.219216,0.0795381,24.0199,15.1812,35.3585
0.0584478,0.038051,0.0769531,27.567,17.7026,35.36
0.0717252,0.215031,0.0923185,13.0998,14.7515,35.3615
0.0776254,0.207609,0.0927434,9.50536,14.1529,35.3639
0.0621533,0.237065,0.0945405,22.611,16.5329,35.3661
0.0595706,0.188763,0.0911157,25.9554,17.0624,35.3662
0.0662628,0.167279,0.0913874,18.7983,15.0443,35.3677
0.0706993,0.225497,0.0823903,14.6405,14.9725,35.3711
0.0577372,0.290831,0.0981544,27.9111,16.3444,35.3713
0.0647609,0.265748,0.109571,19.1746,16.2601,35.3739
0.0570513,0.263852,0.0888114,28.077,16.5439,35.3788
0.064942,0.182701,0.0847825,19.8918,15.1772,35.3799
0.0701629,0.112924,0.08762,15.3054,15.0832,35.381
0.072934,0.116241,0.0833836,13.3779,14.0686,35.3811
0.0583967,0.329607,0.10505,26.4606,16.853,35.3812
0.0587276,0.235787,0.0845231,26.9423,16.4052,35.3853
0.0564031,0.0142951,0.0739663,30.3262,17.3664,35.3865
0.0597235,0.133457,0.0830646,25.6653,16.2846,35.388
0.068766,0.187558,0.0816611,16.2615,14.1504,35.3905
0.0668933,0.120566,0.0706152,18.5625,14.316,35.3945
0.0591714,0.0708482,0.0754113,26.0862,16.4133,35.3947
0.0668397,0.257758,0.105322,17.7006,16.2505,35.3949
0.0576752,0.289359,0.0978077,27.1798,16.8302,35.3956
0.0695677,0.0264418,0.0774844,16.9226,15.0236,35.3957
0.060861,0.277157,0.108144,23.9344,17.8075,35.3975
0.0740343,0.289869,0.104065,11.5329,14.5588,35.399
0.0692637,0.0164574,0.0680648,16.5763,15.6287,35.4005
0.0861486,0.109914,0.0841686,5.83319,13.521,35.4016
0.0667914,0.276968,0.0867108,17.8167,14.9283,35.4036
0.0622705,0.155523,0.0735154,22.1276,15.8694,35.4039
0.0721011,0.173612,0.0947728,13.226,15.8406,35.4041
0.0720189,0.184297,0.092327,13.2015,14.1846,35.4069
0.0680816,0.0158918,0.0762486,17.3569,16.8254,35.4076
0.0695513,0.231489,0.102468,15.307,15.0257,35.4087
0.0751212,0.203961,0.0914628,11.658,14.4741,35.4088
0.0777662,0.219003,0.0858235,9.47864,13.5925,35.4093
0.0739601,0.313352,0.11771,11.2426,14.3074,35.4093
0.0819286,0.134921,0.0883924,7.33613,14.2474,35.4127
0.0699449,0.160803,0.0826515,15.5128,15.2685,35.4182
0.0608425,0.101655,0.0739001,24.5233,15.1575,35.4186
0.0819713,0.116403,0.076103,7.57929,13.8906,35.4233
0.0663993,0.302286,0.11507,17.1547,16.9295,35.4238
0.0579275,0.189969,0.092796,27.6617,17.0653,35.4262
0.072684,0.0863678,0.0791766,13.9228,14.2149,35.4308
0.0686471,0.331437,0.124611,15.914,15.3252,35.4314
0.0588018,0.171263,0.0844673,26.3888,16.8158,35.4422
0.057082,0.0678304,0.0751183,29.4158,16.1928,35.4482
0.0688998,0.313926,0.0994598,15.024,14.785,35.4509
0.0608518,0.258574,0.0986605,23.5117,16.0273,35.4509
0.0613122,0.34893,0.109247,22.6935,16.048,35.4535
0.0644527,0.139649,0.0907358,20.4348,16.1874,35.4538
0.0724328,0.11704,0.0799285,13.4615,14.5542,35.4591
0.0608587,0.277776,0.0910258,23.8329,16.0218,35.4594
0.0670404,0.226666,0.10102,17.1519,15.5995,35.4636
0.0641882,0.129146,0.0862272,20.9535,16.3296,35.4643
0.0779659,0.168639,0.0914019,9.33549,14.0918,35.4657
0.0741568,0.256092,0.100425,11.1082,14.9094,35.467
0.0727228,0.264962,0.103759,12.7679,15.7711,35.4683
0.060297,0.182897,0.0929778,24.8259,17.8403,35.4724
0.0750918,0.197273,0.0981365,11.5153,14.7303,35.4756
0.0599329,0.285771,0.104382,24.7296,17.1755,35.4828
0.0654965,0.320962,0.113906,18.4134,15.0416,35.4836
0.0722697,0.166778,0.093964,13.7864,15.9214,35.4839
0.0582196,0.325457,0.106756,26.9699,17.8281,35.4839
0.0597808,0.375615,0.115925,24.1201,16.9733,35.4875
0.0603653,0.180638,0.0897847,24.6855,16.8616,35.4935
0.0618733,0.0174487,0.0699583,23.8377,16.5539,35.4947
0.0587484,0.388161,0.126318,25.0705,17.9125,35.4956
0.0648309,0.107458,0.07911,20.3139,15.937,35.4957
0.0762729,0.214372,0.0905987,10.9498,14.2734,35.5
0.0582639,0.355195,0.108834,26.9061,16.1677,35.5002
0.0746466,0.0877778,0.0739617,12.9713,14.0508,35.5006
0.06325,0.183893,0.0842192,21.2105,16.8949,35.5016
0.0671079,0.39083,0.128155,16.1562,15.2473,35.5026
0.0625578,0.27174,0.0950849,21.9114,16.8385,35.5028
0.0658134,0.0400251,0.0773916,19.5023,15.0258,35.5038
0.0581446,0.362197,0.114756,26.5817,17.2723,35.5061
0.0629479,0.406983,0.135351,20.6548,16.5935,35.5072
0.0680579,0.0167901,0.0678802,17.9174,15.2176,35.5075
0.0617431,0.112746,0.08543,23.086,16.9118,35.5104
0.0568214,0.328422,0.105924,28.3465,17.8243,35.5125
0.0762345,0.0683298,0.0735864,11.3113,14.4304,35.5137
0.0648679,0.211719,0.0931387,19.1186,15.2596,35.5167
0.0706644,0.23828,0.106578,14.8359,15.0241,35.5267
0.0604995,0.151046,0.0882101,24.2141,17.1454,35.5282
0.0697075,0.332612,0.114262,14.2696,15.1306,35.5312
0.0755559,0.116096,0.0685226,11.6897,13.5079,35.5332
0.0705847,0.184567,0.0908586,14.9863,15.1666,35.5353
0.0903678,0.104783,0.0838869,3.73942,13.1173,35.546
0.0608268,0.288475,0.109379,23.3868,17.4756,35.5469
0.0637906,0.221389,0.101598,20.8118,16.1633,35.5515
0.0603586,0.173848,0.0845346,24.3752,16.1158,35.5542
0.0638481,0.013438,0.0690163,21.9658,16.5858,35.5577
0.0648079,0.263169,0.100328,19.481,16.0939,35.5593
0.0839842,0.10723,0.081184,6.10814,13.4542,35.5601
0.0820406,0.113164,0.0855949,7.59508,14.9722,35.5604
0.0644934,0.262914,0.103737,19.6523,16.592,35.5606
0.0573443,0.380581,0.117916,27.7906,17.6399,35.5644
0.0743024,0.247978,0.104097,11.4124,15.5325,35.5686
0.0727741,0.0751073,0.0748697,13.8072,15.3018,35.5686
0.0700273,0.318384,0.100181,14.5098,14.1655,35.5691
0.0609485,0.0880711,0.0747184,24.7766,15.5607,35.5729
0.0819295,0.133427,0.0764828,7.58315,13.2672,35.5757
0.0686161,0.192645,0.087206,16.2875,15.5194,35.5782
0.0716717,0.0588224,0.0805412,14.0258,15.3729,35.5783
0.0735953,0.153231,0.0924736,12.841,15.2709,35.579
0.0746106,0.194688,0.0951054,11.586,15.0432,35.5847
0.0610007,0.430201,0.132483,22.9783,16.1974,35.5884
0.0623506,0.222448,0.0864633,22.5952,15.6081,35.5897
0.0666761,0.0942014,0.0864523,18.6036,16.1158,35.5897
0.0603198,0.267379,0.0894767,24.3926,15.0449,35.5921
0.0603691,0.385044,0.111282,23.2434,16.9051,35.6008
0.0553508,0.180105,0.079244,31.7602,16.8483,35.6113
0.0878221,0.131121,0.0836249,4.31509,13.3569,35.6119
0.0785584,0.109228,0.0752201,9.12617,13.8312,35.6141
0.0748742,0.168201,0.0815011,11.0153,14.9966,35.618
0.0577732,0.265727,0.0958955,27.8087,16.0417,35.6182
0.0696164,0.22507,0.100666,15.0666,15.5923,35.6204
0.0722739,0.216525,0.094324,13.2331,14.8471,35.6207
0.0673027,0.35733,0.11281,16.823,15.6903,35.621
0.0652237,0.208984,0.0791256,19.1874,14.5217,35.6223
0.0602075,0.235245,0.0976043,24.4499,17.6265,35.6233
0.0819807,0.111576,0.0847672,7.12047,14.7389,35.6303
0.0782957,0.166049,0.0763888,9.44141,13.8524,35.6306
0.0797362,0.17882,0.0968459,8.19617,14.9863,35.6313
0.0781769,0.197147,0.0991382,9.80297,14.4419,35.6333
0.0552432,0.19096,0.0886756,31.645,17.1051,35.6333
0.0754896,0.277884,0.109211,10.7118,14.3707,35.6383
0.0610749,0.403725,0.120964,22.7653,16.0433,35.6428
0.0697416,0.179973,0.0748804,15.6454,14.0979,35.6481
0.0679405,0.228417,0.100187,16.6847,16.1018,35.6488
0.0591639,0.15187,0.0776398,26.0156,16.7723,35.6503
0.0595407,0.257828,0.083785,25.1143,15.0965,35.654
0.0812052,0.0288223,0.0712979,8.74595,13.126,35.6613
0.0654071,0.297785,0.106749,18.9791,15.3867,35.6617
0.0757099,0.0652272,0.0768091,11.2414,15.9987,35.6632
0.0673727,0.134579,0.0902355,17.6687,16.7875,35.6674
0.059933,0.310336,0.109101,24.5764,17.8948,35.6677
0.0713022,0.0885124,0.0769209,14.8288,14.7051,35.6698
0.0656379,0.286026,0.0883963,18.3133,14.9676,35.67
0.0625768,0.30297,0.10168,21.1881,15.7014,35.6723
0.059089,0.0884651,0.0852203,26.1461,17.4058,35.6811
0.0640664,0.361731,0.111799,19.0052,15.4102,35.6816
0.0591554,0.291262,0.0913783,25.8969,16.4205,35.6869
0.063671,0.310571,0.106028,20.366,15.6787,35.6879
0.0777335,0.20599,0.0910987,9.53362,14.8349,35.689
0.078285,0.171639,0.0770876,9.88117,13.5484,35.6896
0.058171,0.351021,0.100396,26.2602,16.3195,35.6908
0.0597874,0.349525,0.101404,24.643,16.8507,35.6913
0.0672334,0.149064,0.0859072,17.4502,15.1213,35.6931
0.0612349,0.193707,0.0756285,23.1943,15.2228,35.6952
0.0609152,0.315134,0.10673,23.8767,16.3866,35.7021
0.0651258,0.366173,0.108422,18.3378,15.5701,35.703
0.0692507,0.197906,0.0918873,15.5877,15.109,35.7059
0.0621991,0.0263331,0.0736267,23.3058,16.9284,35.7069
0.0830758,0.192809,0.0916856,6.78557,13.543,35.7092
0.0669055,0.00758719,0.0741026,18.0278,16.2155,35.71
0.0643316,0.297971,0.103994,19.5017,16.0562,35.7116
0.0688771,0.279227,0.0971193,15.3625,15.7531,35.7131
0.0764588,0.207329,0.102099,10.187,14.5311,35.7135
0.0707039,0.166331,0.0879264,14.1954,15.2487,35.717
0.0752778,0.167596,0.0808205,11.9617,14.0312,35.7179
0.0820105,0.124446,0.0880123,7.72012,14.2805,35.7191
0.0613407,0.207035,0.0959251,23.8921,16.7497,35.722
0.0723666,0.117523,0.0863987,13.8584,15.2595,35.723
0.077339,0.122754,0.0713487,10.0759,13.0763,35.7241
0.056212,0.308911,0.102758,29.1905,17.1141,35.7304
0.0652758,0.305551,0.111316,18.3438,16.7674,35.7311
0.0591282,0.0820553,0.072559,26.3551,16.2333,35.7331
0.0551444,0.225015,0.0910438,31.2913,17.2763,35.7332
0.0710082,0.337054,0.126032,13.3421,15.9429,35.7335
0.0650718,0.203939,0.0797725,19.6022,14.3366,35.7343
0.0916134,0.0111666,0.069483,3.15085,13.3639,35.7351
0.0635157,0.0755672,0.0737508,21.1022,16.1132,35.7366
0.0862463,0.0940425,0.0824921,5.47231,13.9287,35.7366
0.0614744,0.180807,0.0812486,23.274,16.2019,35.7377
0.0692517,0.234806,0.0895333,15.51,15.3073,35.7404
0.083554,0.135547,0.0876091,6.12437,14.1774,35.7434
0.064921,0.0183926,0.0750004,20.058,15.4897,35.7447
0.0760989,0.0111511,0.0743587,11.9189,15.4332,35.7474
0.0568362,0.141579,0.0744705,29.6493,16.5283,35.7476
0.0755694,0.0857191,0.0806205,11.1005,14.2339,35.7488
0.0598316,0.333406,0.117205,24.8385,17.6651,35.7586
0.062915,0.0334143,0.079608,22.1335,16.6218,35.7588
0.0672597,0.344361,0.126479,16.2058,16.4839,35.7614
0.0586173,0.43082,0.133431,25.2142,17.7895,35.7628
0.0694472,0.181046,0.0830218,15.4968,14.3752,35.7657
0.0596611,0.219797,0.0781544,25.2858,15.8771,35.7675
0.0655759,0.301215,0.0923417,18.3902,14.2629,35.7692
0.0762378,0.212469,0.0809402,10.2793,13.8634,35.7692
0.0788277,0.0795472,0.0813161,9.84918,14.95,35.7699
0.0594462,0.0520842,0.0775417,26.8662,16.773,35.7742
0.0574926,0.130287,0.0873702,28.162,17.4228,35.7766
0.0728301,0.265472,0.112751,12.8489,15.231,35.7789
0.0606556,0.134591,0.0742846,24.7111,15.1137,35.7815
0.0767912,0.157051,0.0732998,10.4269,13.3957,35.7815
0.0611513,0.269647,0.0959249,23.0233,16.758,35.7839
0.0727759,0.25967,0.101836,12.4841,15.0158,35.785
0.06408,0.362968,0.115528,19.3856,16.4148,35.789
0.0736678,0.0194672,0.0739042,13.9099,14.667,35.791
0.0827075,0.0371435,0.0709898,7.84303,14.7947,35.794
0.0619121,0.0388645,0.0686708,23.2026,16.7781,35.7984
0.0661306,0.167828,0.0767524,18.8019,15.267,35.8
0.0591542,0.0888221,0.0796867,26.0588,17.2964,35.8007
0.0856037,0.131977,0.0840981,5.59512,13.1389,35.8015
0.0825697,0.10873,0.0793592,7.1422,13.8001,35.8028
0.0661711,0.214864,0.0764084,18.7579,14.8416,35.8067
0.0809237,0.0399907,0.0770337,8.6245,14.644,35.8089
0.0652544,0.312205,0.117938,18.3858,16.9553,35.8099
0.0650037,0.384428,0.137777,18.5075,16.412,35.8124
0.0790366,0.233095,0.103845,8.96097,14.337,35.816
0.0684345,0.0288234,0.0769837,17.4203,15.4485,35.817
0.0613597,0.136878,0.0776409,23.2938,16.3957,35.8215
0.0917033,0.00718577,0.0720166,3.71217,13.4069,35.8219
0.0698262,0.128168,0.0766229,15.2534,15.8418,35.8225
0.0703951,0.239594,0.107306,14.6282,15.6766,35.8228
0.0759326,0.104714,0.0762409,11.7476,14.4721,35.828
0.0641126,0.0137062,0.0728022,21.5383,16.2518,35.8302
0.0760913,0.199495,0.0993392,10.6925,15.7272,35.8305
0.0718681,0.185404,0.0940693,13.0123,15.5203,35.8308
0.0873155,0.0220454,0.0728847,5.52529,13.3585,35.8314
0.0673531,0.337003,0.121984,16.1306,15.1724,35.832
0.0593439,0.297406,0.0884019,25.6968,15.7689,35.8323
0.0674951,0.304509,0.120955,16.6774,16.6005,35.8343
0.0686763,0.116214,0.0868255,16.362,15.1468,35.8357
0.0601286,0.306503,0.103658,24.6546,16.2832,35.8361
0.061835,0.263192,0.0900621,22.0084,16.7571,35.8374
0.055907,0.171588,0.0851546,30.8463,17.538,35.8385
0.070307,0.0456282,0.0788841,15.626,15.0711,35.8395
0.0645819,0.277267,0.10396,19.871,15.6591,35.8396
0.0624859,0.346494,0.119508,21.5777,16.8091,35.8396
0.0554929,0.319394,0.105399,30.4285,17.3885,35.8398
0.0576954,0.0681494,0.0765413,28.7217,17.2942,35.8398
0.0621713,0.161159,0.0921892,22.7925,17.4498,35.8398
0.0619732,0.0112943,0.0784005,23.5472,17.5525,35.8399
0.0639029,0.414226,0.136724,19.2351,16.574,35.8423
0.072345,0.117265,0.083416,13.852,15.3274,35.8489
0.063639,0.329083,0.105582,20.0323,15.6731,35.8516
0.05673,0.17454,0.0839854,29.6367,16.1569,35.8528
0.0725486,0.148348,0.0880189,13.8912,15.582,35.854
0.061586,0.302314,0.0887262,22.6326,15.8549,35.8591
0.0618127,0.136202,0.0720584,23.3655,15.049,35.8591
0.0679838,0.244041,0.10833,16.5415,16.955,35.8594
0.0766675,0.186607,0.0778329,10.5399,13.3092,35.8635
0.0650956,0.390813,0.125761,18.8634,15.8125,35.8712
0.0636083,0.312665,0.106506,20.3919,16.7202,35.8718
0.0777257,0.190686,0.0929758,9.77906,14.3289,35.8742
0.0621929,0.0609501,0.0704878,23.0007,15.0186,35.8772
0.0773621,0.120927,0.0706668,10.7585,13.9024,35.8785
0.064173,0.188257,0.0760932,20.8295,15.9989,35.8789
0.0840261,0.0943478,0.0778432,6.17474,13.0525,35.8808
0.0767509,0.121147,0.0794108,10.2194,14.8574,35.8846
0.0591578,0.1154,0.0727262,26.0257,16.4758,35.8847
0.0615577,0.123388,0.0774254,23.6165,15.0124,35.887
0.0590488,0.303258,0.0943074,25.2817,16.7614,35.8879
0.0659839,0.379112,0.137109,17.5152,16.0446,35.8891
0.0558647,0.0162297,0.069358,31.1607,16.8744,35.8898
0.0694764,0.223693,0.104786,15.1175,15.9691,35.8909
0.0742497,0.295385,0.111853,11.4175,14.0857,35.891
0.0785721,0.123274,0.0888177,9.52157,14.7744,35.8917
0.0572326,0.388635,0.119377,27.0803,17.1799,35.893
0.0745254,0.262377,0.109487,11.1573,14.5756,35.897
0.0685566,0.205771,0.0895144,16.0853,15.0452,35.8989
0.0620257,0.404477,0.133288,21.1209,16.2023,35.9012
0.0792544,0.0519179,0.0650189,9.73864,13.4894,35.9012
0.0648172,0.114395,0.0792521,20.5577,15.7127,35.9029
0.0659542,0.384323,0.131683,17.1864,16.2464,35.9044
0.0604287,0.189533,0.0743306,24.3666,15.8578,35.9126
0.0587182,0.246262,0.0854245,26.9349,16.8987,35.9143
0.0609133,0.268096,0.103144,23.8085,17.5154,35.9168
0.0586052,0.254565,0.0997037,26.2505,17.4864,35.9186
0.0634788,0.297578,0.103367,20.5891,15.4856,35.9192
0.0657046,0.0592833,0.0795506,19.8813,15.764,35.9206
0.0681047,0.19598,0.0854733,16.2962,15.8038,35.9267
0.0721594,0.0385404,0.0743537,14.6884,14.7832,35.9285
0.0606785,0.133916,0.0743842,24.1457,16.9818,35.9288
0.0776459,0.0605758,0.0700112,10.2264,14.645,35.9338
0.0666631,0.132196,0.0765362,18.3116,14.2129,35.9363
0.0602176,0.297588,0.0900696,24.4483,15.758,35.9397
0.0658143,0.236213,0.093909,18.5708,16.8117,35.945
0.0589947,0.321573,0.116235,25.7911,17.4801,35.9497
0.059287,0.107008,0.0731827,26.5435,15.3304,35.9593
0.0714453,0.267593,0.100093,13.3626,15.8351,35.9603
0.075874,0.102193,0.0661803,11.2861,13.0173,35.962
0.0794779,0.216086,0.0927853,8.10619,13.9548,35.9636
0.058355,0.121749,0.0826896,27.5137,16.9928,35.964
0.0616045,0.12539,0.0794331,23.4234,15.2508,35.9646
0.0674533,0.359844,0.117525,16.3218,15.7538,35.9649
0.0741931,0.241544,0.103791,11.0594,15.8106,35.9675
0.0846668,0.0730378,0.0706406,6.64667,13.6202,35.9676
0.0625209,0.0976285,0.0763956,22.2443,15.3417,35.9688
0.0817238,0.147066,0.0865001,7.94979,13.8654,35.9696
0.0654907,0.272985,0.111496,18.2231,16.4024,35.9706
0.0777325,0.210054,0.0915428,9.01741,14.3145,35.9722
0.069485,0.0652083,0.0731748,16.3047,14.6129,35.9737
0.0609408,0.261572,0.0879422,23.9349,15.3664,35.9743
0.0575823,0.0789057,0.0829849,28.8685,17.9058,35.9781
0.0643,0.313048,0.105943,19.598,15.7384,35.9785
0.0674054,0.0255575,0.0729408,18.1284,15.6486,35.9807
0.0570935,0.446647,0.13195,27.4727,17.2441,35.9834
0.0730961,0.0221399,0.0687179,13.0249,14.3712,35.9863
0.057022,0.236573,0.0960743,28.1478,17.1876,35.9864
0.0763108,0.0353887,0.0667082,11.4265,14.1988,35.9877
0.0791704,0.239918,0.106829,8.56109,14.2658,35.9883
0.0678873,0.0444854,0.078335,17.7077,15.1057,35.9906
0.0780439,0.0304309,0.0693119,10.9887,13.9485,35.9925
0.0714479,0.25164,0.108109,13.6179,15.3174,35.9932
0.0600131,0.0956069,0.0819479,25.7399,17.155,35.9935
0.0837797,0.121551,0.0833551,6.66681,13.7154,35.9954
0.0607529,0.0666107,0.0831603,24.7995,17.9835,35.9956
0.0713142,0.2796,0.106372,13.5907,14.9061,35.9988
0.070305,0.0395225,0.078985,15.9915,16.8591,35.9995
0.0696052,0.161055,0.0925003,15.9359,16.3522,35.9996
0.0577107,0.0730652,0.0770244,28.1292,17.2003,36.0007
0.0755922,0.0767324,0.0731616,11.8318,14.6627,36.004
0.0645995,0.0687675,0.0837266,20.3347,16.3817,36.0052
0.0576908,0.288394,0.107594,27.9278,17.2396,36.0071
0.0585629,0.105296,0.0777819,27.8179,16.6587,36.0077
0.0809155,0.039415,0.0698901,8.18214,13.1304,36.0079
0.0778869,0.226066,0.105039,9.01268,14.6835,36.0094
0.0667806,0.314241,0.109883,17.8846,15.9385,36.0114
0.0620169,0.384498,0.13473,21.3505,17.6522,36.0168
0.0584652,0.243411,0.102105,26.8092,17.0819,36.0172
0.0835773,0.129948,0.0847284,6.2921,14.0874,36.0185
0.0643479,0.157074,0.0822865,20.4618,16.9744,36.0206
0.0661168,0.162671,0.0895763,18.684,15.8553,36.0208
0.0613671,0.329701,0.116812,22.164,17.5129,36.0228
0.0662386,0.145288,0.082468,18.8999,16.9536,36.0233
0.0663897,0.319073,0.11689,17.8986,15.3632,36.0239
0.0586568,0.0141402,0.0784846,27.0024,17.1312,36.0248
0.0646558,0.313904,0.0978056,19.5776,15.8724,36.0284
0.0632147,0.142495,0.0808086,21.2379,15.0784,36.0308
0.0572158,0.175132,0.0870787,28.0217,17.3372,36.0311
0.0755991,0.103541,0.0849582,11.1011,15.9108,36.0322
0.0554283,0.338725,0.108918,30.327,17.8152,36.0354
0.0672559,0.166746,0.0772689,17.4761,15.5897,36.0376
0.0673967,0.213341,0.0984881,17.9423,15.4088,36.0396
0.0771957,0.064291,0.0792551,10.8956,15.5602,36.0399
0.0623676,0.200098,0.0894407,22.9771,16.357,36.0403
0.0849534,0.045835,0.0759118,6.74295,13.7601,36.0428
0.0617233,0.26335,0.110775,22.7221,17.8232,36.0444
0.0812026,0.0420647,0.0735931,8.32355,13.8732,36.0452
0.06088,0.268314,0.0886925,23.8952,16.9728,36.0462
0.0652106,0.367453,0.109038,18.359,15.3831,36.0467
0.0812618,0.0184183,0.0705268,8.94153,13.1446,36.0467
0.0613143,0.226389,0.0981518,23.5863,16.3775,36.0491
0.0645328,0.12986,0.0847625,20.7059,15.5849,36.0514
0.0605685,0.31182,0.113587,23.7687,17.8621,36.0537
0.0696925,0.334472,0.109472,14.8549,14.3952,36.0544
0.0703831,0.233397,0.0969247,14.7905,14.0328,36.0597
0.0591762,0.34132,0.101104,25.7743,16.8367,36.0608
0.0667372,0.321446,0.11386,17.0459,15.0039,36.0638
0.0669636,0.0954734,0.0729387,18.9566,14.4681,36.0648
0.0572622,0.392914,0.109306,27.4823,16.7055,36.0662
0.0607946,0.262028,0.0948932,23.5574,16.9937,36.0666
0.0763004,0.212062,0.0805241,10.0066,13.7186,36.0675
0.0709009,0.345031,0.125133,13.3294,15.8404,36.0685
0.0793955,0.188531,0.0963673,8.32016,14.9176,36.0693
0.0885294,0.0628966,0.0743127,4.6016,13.5254,36.0715
0.0728127,0.251708,0.105415,12.8813,14.2661,36.0723
0.0642412,0.15597,0.0943103,20.5322,16.4937,36.0725
0.0738755,0.327675,0.116838,11.5433,14.1716,36.0728
0.0605263,0.36054,0.11924,23.7583,17.7976,36.0734
0.0732591,0.25999,0.102912,12.0878,14.9818,36.0763
0.0674723,0.136393,0.0781386,17.5258,14.1611,36.0775
0.0606822,0.329708,0.0981423,23.6216,15.3001,36.0813
0.059039,0.150844,0.0707141,26.4079,15.0976,36.0814
0.0612582,0.0114388,0.0766927,24.1001,16.7859,36.0817
0.0604047,0.369441,0.120119,23.6092,16.3923,36.0825
0.0559228,0.182103,0.08504,30.2659,17.4818,36.0831
0.064396,0.137228,0.0919915,20.1106,16.0792,36.084
0.0805952,0.109984,0.0859027,8.01985,14.9305,36.0847
0.0677404,0.0831317,0.0834892,17.4564,15.298,36.0853
0.0680619,0.232571,0.0911301,16.117,14.255,36.0857
0.0609896,0.31474,0.0970162,23.0962,15.1644,36.0881
0.0743627,0.218354,0.100294,11.0011,15.0568,36.0882
0.0688017,0.275932,0.112617,15.9453,16.3477,36.0886
0.0581067,0.18738,0.0914076,27.3842,17.6554,36.0887
0.0656793,0.23274,0.103009,18.0305,16.3745,36.0892
0.075796,0.226827,0.102821,10.2379,15.6342,36.0895
0.0673362,0.364003,0.130832,16.6045,15.0705,36.09
0.0671919,0.212221,0.0998416,17.361,15.378,36.0904
0.0883018,0.105233,0.0851366,4.94741,13.2198,36.0928
0.0602064,0.292622,0.0999341,24.5695,16.8166,36.0945
0.0597954,0.380573,0.115247,24.2417,16.4445,36.0977
0.0645063,0.255289,0.0975809,19.2803,16.8174,36.0979
0.0832661,0.170878,0.095734,6.56162,14.4001,36.1007
0.0652858,0.317256,0.123041,18.0234,16.1054,36.1021
0.0688537,0.0955017,0.0856473,16.5325,16.5427,36.1032
0.06713,0.218755,0.0766063,17.0739,14.2264,36.1032
0.068506,0.160513,0.0910569,16.7233,16.2956,36.1047
0.0669408,0.221231,0.0823744,17.3882,14.9253,36.1056
0.0657124,0.316917,0.110927,18.9036,15.8944,36.1085
0.0654243,0.0925767,0.0708795,19.2636,15.6374,36.1092
0.0571664,0.24538,0.0964273,28.0821,17.4193,36.1103
0.0579617,0.411425,0.130618,26.462,17.8207,36.1109
0.0739855,0.286956,0.114942,11.5936,14.3711,36.1115
0.0815231,0.176455,0.0911242,7.54312,13.2345,36.1122
0.0641325,0.391539,0.12019,19.3098,15.437,36.1133
0.0740593,0.172261,0.089283,12.9281,14.696,36.115
