beta,permeability,xi,init_days,delay,value
0.0819857,0.157567,0.132045,0.460135,17.2846,50.5796
0.0758699,0.22885,0.150141,3.64195,18.8902,50.7217
0.0817911,0.161901,0.137515,0.658803,17.2163,50.8431
0.0758897,0.225554,0.155254,3.73478,18.2931,50.8874
0.0799129,0.179246,0.125522,1.18494,17.8114,50.8893
0.0819944,0.154524,0.159839,0.151499,18.7365,50.8942
0.0736083,0.270952,0.163894,4.56214,18.5503,50.9074
0.0757149,0.236201,0.147313,3.22777,18.1875,50.9179
0.0738565,0.25916,0.156223,4.72298,18.384,50.9349
0.0777541,0.207517,0.165266,2.09103,18.4116,50.9403
0.0752344,0.259014,0.164934,3.19573,18.9727,50.9585
0.073728,0.264234,0.155169,4.34246,18.8986,50.9631
0.0802229,0.163646,0.115612,1.05897,17.1233,50.9766
0.0798107,0.182343,0.131396,1.18545,17.6857,51.0092
0.0821047,0.149304,0.162196,0.913455,18.1169,51.0256
0.0757238,0.231652,0.151234,3.83901,18.2783,51.0313
0.0815327,0.179737,0.164901,0.47427,18.3444,51.0443
0.0754977,0.249015,0.152967,3.35701,18.4173,51.0539
0.0816342,0.171229,0.143843,0.841414,17.9953,51.0635
0.0779625,0.200223,0.148949,2.32804,18.9745,51.0731
0.0819307,0.159336,0.159131,0.611776,18.0136,51.0837
0.0821204,0.14863,0.160739,0.351765,18.7016,51.0842
0.0803281,0.158535,0.115144,1.38913,17.1688,51.086
0.0820977,0.151951,0.157461,0.61102,18.1562,51.0957
0.0758867,0.231107,0.155737,3.57247,18.3338,51.107
0.075412,0.253459,0.156075,3.2003,18.0769,51.1077
0.0758032,0.233312,0.146507,3.40674,18.5124,51.1186
0.0754806,0.244941,0.151598,3.41697,18.3039,51.1192
0.0721283,0.282807,0.149888,5.86945,18.1383,51.1245
0.0774593,0.21718,0.153042,2.4137,18.3181,51.1319
0.0758212,0.231992,0.144542,3.6108,18.1181,51.1397
0.0820901,0.15379,0.155894,0.271742,18.1866,51.1445
0.0722062,0.280394,0.149788,5.27798,18.9975,51.1462
0.0757739,0.22742,0.159974,3.77794,18.6558,51.1529
0.0752963,0.258033,0.158307,3.72994,18.8974,51.1668
0.0825291,0.132629,0.117558,0.572072,17.0773,51.1836
0.0821513,0.0541079,0.0883716,1.16003,17.9271,51.2122
0.0736444,0.276083,0.165501,4.32559,18.7001,51.2133
0.0738521,0.26413,0.162515,4.16695,18.7341,51.2164
0.075566,0.248594,0.159747,3.27371,18.7609,51.221
0.0800107,0.175822,0.147856,1.43855,18.25,51.2272
0.0839644,0.0562518,0.0964953,0.891747,17.217,51.2302
0.0775426,0.210336,0.15302,2.86443,18.0184,51.2313
0.0723103,0.276993,0.142784,5.87984,18.3991,51.2387
0.079762,0.17704,0.155909,1.80684,18.0458,51.2436
0.0818605,0.167099,0.136161,0.358537,17.5232,51.2467
0.0779601,0.19826,0.144954,2.45377,18.2062,51.2518
0.0739405,0.261325,0.151872,4.13435,18.5912,51.2591
0.0822796,0.144784,0.132923,0.988983,17.3275,51.2626
0.0823952,0.0434295,0.0835975,1.28346,17.4089,51.2628
0.0798523,0.0853911,0.0907571,2.05031,17.4856,51.2648
0.0800424,0.166899,0.121048,1.95949,17.3563,51.2657
0.0738882,0.253762,0.151878,4.11892,18.3412,51.2712
0.077401,0.228177,0.159349,2.24326,18.6378,51.2725
0.0820458,0.146215,0.160562,0.133222,18.4358,51.2751
0.0814092,0.184584,0.164495,0.464097,18.2782,51.2766
0.0798279,0.170279,0.163013,1.04343,18.413,51.2782
0.0803903,0.153738,0.115084,1.14123,17.2466,51.2869
0.0820726,0.158831,0.155435,0.0157424,18.9328,51.2907
0.0817216,0.17293,0.134874,0.989083,17.3062,51.2919
0.0777688,0.194772,0.16052,2.21859,18.071,51.2971
0.0777305,0.198074,0.15505,2.71159,18.487,51.2988
0.0821907,0.145444,0.156034,0.40637,18.3866,51.3083
0.0755635,0.231702,0.158292,3.76579,18.719,51.3324
0.0703995,0.315173,0.152897,6.89798,18.5535,51.3338
0.0740313,0.253799,0.138893,4.52317,18.4877,51.3357
0.0824401,0.138612,0.126937,0.736119,17.5235,51.341
0.0723233,0.27464,0.14598,5.84889,18.9106,51.3456
0.0819346,0.163112,0.138744,0.247875,17.5875,51.353
0.0814511,0.183658,0.146309,0.0931455,17.1886,51.356
0.0761094,0.2182,0.147571,3.7594,18.4763,51.3601
0.0822994,0.143808,0.133874,0.864333,17.0597,51.3635
0.0723439,0.270518,0.141631,5.72012,18.9759,51.3772
0.0814476,0.176372,0.164483,0.869565,18.3024,51.3776
0.0822688,0.138573,0.121304,0.472499,17.09,51.3777
0.0778022,0.209354,0.150158,2.34525,18.5195,51.3921
0.0779318,0.196373,0.143715,2.85921,18.3716,51.4041
0.0796108,0.17961,0.164937,1.18971,18.1649,51.4054
0.0778004,0.199746,0.147046,2.40408,18.0341,51.406
0.0816659,0.175045,0.15901,0.984945,18.3209,51.4091
0.0763831,0.188987,0.135548,3.95546,18.7512,51.4098
0.0819584,0.159134,0.155002,0.0129687,18.8921,51.412
0.083325,0.0907356,0.106838,0.846362,17.6498,51.4163
0.0795981,0.198305,0.162129,1.48804,18.0684,51.4287
0.0760142,0.212348,0.145037,3.76635,18.1275,51.4304
0.0703752,0.318178,0.15218,6.22189,18.3209,51.4366
0.0762141,0.209455,0.142129,3.61937,18.0872,51.4377
0.0721788,0.277479,0.149168,5.42562,18.8065,51.446
0.0827187,0.123454,0.115177,0.32111,17.3348,51.4476
0.079944,0.178914,0.120627,1.8829,17.8924,51.4483
0.078072,0.189897,0.141838,2.2789,18.5609,51.4517
0.0741777,0.246648,0.140046,4.76175,18.0793,51.4545
0.0739289,0.248389,0.150766,4.1052,18.2219,51.4561
0.0802549,0.155689,0.120176,1.14286,17.7267,51.4565
0.0722242,0.278597,0.153485,5.24864,18.9343,51.4572
0.071934,0.291632,0.161641,5.09105,18.8906,51.4602
0.0777243,0.204334,0.145312,2.12063,18.0933,51.4723
0.0779036,0.196506,0.144354,2.50475,18.4694,51.4738
0.0775339,0.216244,0.130199,2.69308,17.9936,51.4758
0.0800264,0.159957,0.155027,1.11856,18.4149,51.4762
0.0738009,0.257002,0.148536,4.70167,18.6135,51.4785
0.0743508,0.225958,0.142851,4.33557,18.7629,51.4802
0.0721603,0.285128,0.158996,5.67936,18.1943,51.4826
0.0817141,0.0753696,0.0957227,1.83176,17.3733,51.4932
0.0776631,0.200848,0.151806,2.63396,18.8658,51.4946
0.0744053,0.221363,0.141013,4.82926,18.3963,51.4969
0.0821845,0.154356,0.164151,0.548305,18.785,51.499
0.0796126,0.19714,0.159032,1.80027,18.138,51.5003
0.0719932,0.28805,0.159654,5.47018,18.8918,51.5053
0.0740775,0.245464,0.15529,4.45576,18.2314,51.5087
0.0821607,0.140353,0.158464,0.0769632,18.1071,51.5111
0.0822108,0.145191,0.165283,0.870351,18.6702,51.5132
0.082161,0.0566826,0.0904513,1.00088,17.7964,51.5206
0.0778423,0.195802,0.145817,2.03428,18.9809,51.5241
0.0755629,0.249164,0.153171,3.45149,18.1364,51.5318
0.0725,0.264528,0.145222,5.77684,18.4894,51.532
0.0766536,0.173926,0.125942,3.46605,18.2393,51.5431
0.0817206,0.168785,0.148667,0.698895,17.0868,51.5465
0.0762488,0.210685,0.138173,3.25498,18.9538,51.5496
0.0819067,0.158299,0.124087,0.934043,17.6355,51.5579
0.0795988,0.102471,0.0925178,2.27498,17.1812,51.5708
0.0769765,0.0662051,0.073241,4.67911,17.1037,51.5744
0.0761789,0.211653,0.137379,3.34834,18.5695,51.5748
0.0827111,0.0309981,0.0797023,1.57675,17.4563,51.5801
0.077493,0.204853,0.162583,2.79937,18.1866,51.5808
0.0812646,0.101688,0.103668,1.64538,17.8999,51.5821
0.0799845,0.166388,0.121471,1.40386,17.6001,51.5838
0.076332,0.195499,0.140651,3.44184,18.9302,51.585
0.0816687,0.175803,0.158695,0.964816,18.6722,51.5981
0.0805934,0.136428,0.109987,1.72837,17.8919,51.6015
0.0773356,0.0439432,0.0680831,4.63048,17.1602,51.6047
0.0800495,0.165605,0.145947,1.72632,18.5126,51.607
0.0778239,0.194175,0.146669,2.58949,18.5592,51.6087
0.0724997,0.264454,0.134448,5.65003,18.7116,51.6098
0.0770097,0.0648122,0.0729539,4.80276,17.7491,51.615
0.0821904,0.15,0.117221,0.961895,17.5612,51.6158
0.0723606,0.272649,0.154234,5.46445,18.0527,51.6245
0.0752469,0.252966,0.164328,3.5965,18.4271,51.6257
0.0807507,0.130349,0.110886,1.86737,17.9626,51.6258
0.0822607,0.144439,0.163295,0.662557,18.1007,51.6287
0.0832468,0.0954146,0.111108,0.921402,17.6273,51.6351
0.0782107,0.172045,0.144898,2.87059,18.6517,51.6397
0.0779482,0.182326,0.153106,2.80852,18.9154,51.6479
0.0783613,0.168262,0.135818,2.70326,18.7455,51.6499
0.078438,0.172952,0.111531,2.02982,17.609,51.6515
0.0804092,0.053775,0.083978,2.63279,17.0416,51.6551
0.0724111,0.263215,0.13865,5.13228,18.9176,51.6618
0.0810977,0.113506,0.103836,1.04628,17.2198,51.6628
0.0702564,0.32587,0.153798,6.95548,18.0253,51.6639
0.0757493,0.232466,0.14027,3.33886,18.8106,51.6646
0.0780244,0.188627,0.141186,2.89895,18.7987,51.6714
0.0745862,0.216729,0.133099,4.59724,18.2277,51.6738
0.0725018,0.263678,0.146892,5.06131,18.0016,51.674
0.077469,0.123805,0.116918,3.24173,18.113,51.6767
0.0822853,0.138199,0.147575,0.992146,18.5077,51.6788
0.0794512,0.106299,0.121468,2.84582,18.0821,51.6789
0.0773218,0.217437,0.159524,2.02443,18.2112,51.6799
0.0799197,0.175607,0.146402,1.0495,18.7776,51.6819
0.0801093,0.174402,0.154348,1.64344,18.9119,51.6853
0.0763119,0.206622,0.135287,3.44998,18.8044,51.6857
0.0763736,0.185649,0.138084,3.99408,18.3676,51.6881
0.0740418,0.238656,0.143898,4.41848,18.2165,51.6959
0.0736723,0.278402,0.159082,4.89056,18.9721,51.696
0.0804,0.147524,0.145062,1.50226,18.9459,51.6971
0.0779985,0.187985,0.122274,2.04891,17.3565,51.7001
0.0759448,0.219801,0.159391,3.30018,18.6809,51.7038
0.0791667,0.0340377,0.0706581,3.06078,17.3467,51.7038
0.0726144,0.257818,0.134828,5.70074,18.6655,51.7045
0.0824357,0.0404692,0.0873051,1.88028,17.9649,51.7093
0.0724953,0.258478,0.137269,5.21654,18.6642,51.7102
0.0781937,0.185612,0.142339,2.16432,18.3228,51.7117
0.0759562,0.213001,0.143021,3.79114,18.469,51.7132
0.0817155,0.0753127,0.120605,1.26807,18.0991,51.7171
0.0721973,0.280197,0.13754,5.28876,18.2372,51.7237
0.0808681,0.0341168,0.0741609,2.80738,17.7452,51.7275
0.0754399,0.239143,0.158438,3.92861,18.7362,51.7277
0.0773105,0.235792,0.164411,2.82193,18.7526,51.7297
0.0720964,0.18712,0.10254,6.4604,18.3418,51.7308
0.0782977,0.16436,0.139008,2.73093,18.1059,51.732
0.07218,0.283261,0.164952,5.81038,18.5322,51.7324
0.0722693,0.281948,0.15658,5.64534,18.155,51.7343
0.079946,0.166439,0.163427,1.00227,18.2591,51.7346
0.074421,0.223515,0.141666,4.35129,18.3107,51.7358
0.0740715,0.247959,0.13492,4.54387,18.2404,51.7361
0.0723963,0.264055,0.143387,5.95761,18.4992,51.7362
0.0826602,0.132826,0.11259,0.34736,17.6386,51.7363
0.0745816,0.20642,0.135041,4.98847,18.6852,51.7408
0.0720514,0.292607,0.143414,5.3954,18.2748,51.7446
0.0831827,0.0935829,0.139438,0.0636496,18.7179,51.7542
0.0794189,0.111561,0.0987166,2.82315,17.2736,51.7619
0.0754453,0.256081,0.155001,3.3891,18.188,51.7621
0.0769436,0.0662539,0.0725521,4.05683,17.2143,51.7656
0.0817616,0.169509,0.152018,0.102365,18.5199,51.7657
0.0761828,0.209003,0.134451,3.43917,18.3535,51.7668
0.0777918,0.199504,0.130255,2.60498,17.1663,51.7668
0.0725716,0.254881,0.136693,5.37153,18.8175,51.7677
0.0780245,0.184165,0.120561,2.70377,17.994,51.7694
0.0800057,0.0808235,0.0843696,2.37146,17.1107,51.7722
0.0747382,0.200596,0.125278,4.35676,18.0826,51.7748
0.0738938,0.245965,0.14686,4.28431,18.6557,51.7784
0.0707952,0.188587,0.0962376,7.10894,18.3161,51.7801
0.0802126,0.164115,0.149238,1.1404,18.4954,51.7821
0.0706695,0.199523,0.0964176,7.76232,18.431,51.7876
0.0827793,0.119765,0.110104,0.803304,17.0841,51.7925
0.0784232,0.158259,0.134189,2.86318,18.9331,51.7952
0.0756804,0.240401,0.142313,3.77304,18.4801,51.7962
0.0744418,0.230777,0.112249,4.08359,17.3803,51.7968
0.0784105,0.159053,0.133384,2.43886,18.176,51.7974
0.0817934,0.0711986,0.0912914,1.07398,17.4547,51.7981
0.0707982,0.188514,0.0946083,7.18785,18.7407,51.7982
0.0708127,0.290987,0.141247,6.3143,18.1841,51.7989
0.0776165,0.123006,0.0927032,3.15918,17.3532,51.7995
0.0835087,0.0797918,0.100157,0.79399,17.6234,51.8045
0.0744612,0.227625,0.139403,4.80689,18.2112,51.8048
0.0742311,0.228804,0.147174,4.73356,18.1104,51.8049
0.0828127,0.0300213,0.0794206,1.35877,17.4208,51.8088
0.0809697,0.118116,0.102763,1.68792,17.8753,51.8089
0.0726975,0.253266,0.133721,5.3608,18.7536,51.809
0.0833633,0.0873635,0.101624,0.208436,17.3548,51.81
0.0810072,0.0248065,0.0753993,2.62495,17.965,51.8108
0.070613,0.298645,0.137687,6.56706,18.169,51.812
0.0759476,0.231782,0.152514,3.77134,18.1253,51.8131
0.07187,0.200424,0.111086,6.83497,18.519,51.8131
0.0779773,0.183928,0.143224,2.40836,18.3772,51.814
0.0739722,0.261766,0.146843,4.15729,18.2368,51.8177
0.0766643,0.17517,0.13094,3.73673,18.9412,51.8205
0.0823962,0.131995,0.146598,0.712541,18.744,51.8255
0.0725926,0.251564,0.134478,5.21253,18.0149,51.8262
0.0775279,0.211637,0.13313,2.94926,17.6765,51.8274
0.0716945,0.220181,0.150465,6.82386,19.6308,51.8281
0.0721774,0.277958,0.156863,5.69967,18.3284,51.8311
0.0757298,0.219263,0.153314,3.98334,18.9709,51.8313
0.077657,0.118287,0.0934893,3.50071,17.3361,51.8331
0.0778792,0.194711,0.140397,2.2152,18.2499,51.8337
0.0688414,0.341163,0.148932,7.79191,18.4614,51.8383
0.0795279,0.18999,0.146342,1.84908,17.6069,51.8402
0.0806343,0.0482611,0.0803462,2.27907,17.7039,51.8421
0.0753406,0.259279,0.155658,3.02282,18.3486,51.8429
0.0830496,0.0997583,0.110748,0.29522,17.0304,51.8433
0.0778518,0.100679,0.109782,3.27019,18.4943,51.8436
0.0794464,0.192624,0.144982,1.67291,17.6923,51.8447
0.0795173,0.197885,0.142839,1.1214,17.5454,51.8479
0.0803961,0.153484,0.109632,1.61115,17.2036,51.8529
0.0807714,0.138686,0.108749,1.41551,17.9479,51.8536
0.073608,0.283272,0.16166,4.94166,18.3847,51.8543
0.0777884,0.0131768,0.0655573,4.79386,17.4699,51.855
0.0762419,0.216546,0.13701,3.94469,18.8068,51.8558
0.0725324,0.159797,0.0921055,6.42931,18.0214,51.8576
0.0782866,0.173717,0.146324,2.44675,18.554,51.8585
0.0731293,0.21394,0.15995,5.20709,19.9514,51.8613
0.0734066,0.285901,0.159122,4.48489,18.0868,51.8654
0.0760688,0.218906,0.115333,3.75536,17.3373,51.8677
0.0742952,0.23188,0.132503,4.11542,18.7112,51.8678
0.0755211,0.0601455,0.067391,5.29049,17.785,51.8693
0.0786377,0.153059,0.10765,2.25644,17.495,51.8786
0.0825308,0.1267,0.155375,0.938709,18.7593,51.8788
0.0746453,0.11928,0.0766604,5.94018,17.1825,51.8807
0.0744439,0.228771,0.131457,4.77379,18.7338,51.885
0.0737027,0.169851,0.10893,5.98843,18.9779,51.8857
0.0822531,0.142259,0.138637,0.446667,17.2336,51.8859
0.0755177,0.152058,0.106478,4.03666,18.112,51.8885
0.0777824,0.213913,0.158737,2.64409,18.6711,51.8901
0.0827285,0.131187,0.122295,0.258856,17.6387,51.8903
0.0723972,0.274964,0.133852,5.63533,18.7793,51.8924
0.0782436,0.178398,0.146977,2.59262,18.9342,51.8927
0.0776575,0.196586,0.15248,2.7341,18.2903,51.8947
0.0740028,0.243756,0.159957,4.71043,18.9186,51.8952
0.0745736,0.206334,0.131495,4.57064,18.0923,51.8957
0.0739649,0.255236,0.124157,4.78897,17.9288,51.8967
0.0786291,0.149656,0.125669,2.30729,18.1294,51.9003
0.0778769,0.183882,0.154791,2.778,18.7298,51.9011
0.0817369,0.16571,0.152289,0.800501,18.2175,51.9012
0.081763,0.16115,0.154337,0.124814,18.1708,51.9043
0.0773954,0.223547,0.147327,2.41329,18.6291,51.9058
0.0824477,0.143977,0.152193,0.0864326,18.1132,51.9099
0.0831099,0.109411,0.112361,0.532467,17.6684,51.9113
0.07218,0.269378,0.15174,5.98179,18.3796,51.9148
0.0759937,0.0278735,0.0631229,5.23058,17.0742,51.9181
0.0820127,0.158788,0.147145,0.530179,17.358,51.9188
0.0778455,0.188072,0.146953,2.61424,18.6039,51.9204
0.0756848,0.220267,0.156353,3.35718,18.8887,51.921
0.0777642,0.207366,0.118209,2.17018,17.9222,51.9218
0.0801512,0.162014,0.163754,1.24157,18.1147,51.9269
0.0782632,0.1818,0.142253,2.94825,18.8824,51.9278
0.0751964,0.255722,0.164573,3.80838,18.2202,51.9305
0.080738,0.128301,0.139026,1.07896,18.7806,51.9308
0.0802192,0.16172,0.129523,1.3824,17.5833,51.931
0.0790613,0.123328,0.127158,2.75689,18.2773,51.931
0.0823532,0.14059,0.165129,0.319085,18.1401,51.9311
0.0764187,0.197021,0.130588,3.29737,18.0519,51.9339
0.08094,0.137137,0.107979,1.01758,17.1126,51.9343
0.0826902,0.116764,0.148938,0.700414,18.7395,51.9365
0.0843634,0.0377261,0.095665,0.0664081,17.3974,51.9371
0.071248,0.153882,0.0860566,7.27024,18.0551,51.9381
0.0661063,0.377453,0.16434,9.14702,19.2929,51.9385
0.0732476,0.200326,0.117752,5.56313,18.0217,51.9386
0.0814576,0.185602,0.162345,0.302862,18.0174,51.94
0.0705758,0.300895,0.137234,6.40568,18.3532,51.9422
0.0801436,0.172808,0.142002,1.70794,18.4123,51.943
0.0785383,0.154455,0.136967,2.40779,18.4541,51.9449
0.0740698,0.240765,0.158687,4.01425,18.1631,51.9465
0.0722008,0.267494,0.144244,5.30104,18.4274,51.9466
0.0761616,0.197854,0.148446,3.62181,18.8989,51.9467
0.0806157,0.145339,0.106825,1.70985,17.7471,51.9474
0.0705041,0.300802,0.146826,6.49554,18.5642,51.9482
0.0821224,0.146554,0.119166,0.345809,17.533,51.9494
0.0779591,0.186055,0.159688,2.92426,18.2539,51.9498
0.077211,0.135185,0.112951,3.06906,18.7598,51.9522
0.0692991,0.306554,0.131937,7.21817,18.2312,51.9535
0.0715813,0.225147,0.11747,6.47425,18.7124,51.9563
0.0828133,0.113255,0.154046,0.564286,18.6185,51.9592
0.0828267,0.111027,0.154259,0.193286,18.6981,51.9617
0.0724378,0.264942,0.151791,5.73213,18.8825,51.9629
0.0790644,0.124113,0.12421,2.37282,18.1576,51.9666
0.0796314,0.0112781,0.0647912,3.46798,17.5391,51.9677
0.0811774,0.106444,0.130545,1.00454,18.3864,51.9682
0.0677785,0.335298,0.16146,8.472,19.9219,51.9682
0.0756268,0.141129,0.111038,4.61283,18.0124,51.9718
0.0756254,0.144361,0.107685,4.68924,18.2201,51.9721
0.0812793,0.0971687,0.102196,1.13489,17.6534,51.9723
0.0782067,0.173494,0.115275,2.99826,17.2995,51.9741
0.0704109,0.309602,0.145982,6.86208,18.4714,51.9764
0.0837211,0.0629302,0.100806,0.873195,17.9644,51.9774
0.0802103,0.163861,0.131286,1.07198,17.8947,51.9779
0.0763831,0.20534,0.133265,3.12859,18.2487,51.9787
0.0786021,0.160438,0.104184,2.23511,17.7201,51.9788
0.0801575,0.0677843,0.0888871,2.90752,17.3837,51.9788
0.0746551,0.208702,0.126511,4.79085,18.2424,51.9789
0.071868,0.204866,0.146364,6.46887,19.234,51.9801
0.0806841,0.129614,0.141739,1.79846,18.2701,51.9843
0.081732,0.0791073,0.120054,1.04531,18.3664,51.9849
0.0825113,0.141511,0.115686,0.510253,17.5041,51.9849
0.0777751,0.206184,0.13815,2.77499,18.1202,51.9865
0.0762456,0.215055,0.143964,3.83243,18.1942,51.9876
0.0788387,0.139375,0.102728,2.9968,17.2689,51.9878
0.0772685,0.136499,0.110484,3.08836,18.7446,51.9884
0.0756112,0.249742,0.164269,3.26842,18.6346,51.9888
0.082528,0.127726,0.164391,0.989818,18.3596,51.992
0.0818896,0.163652,0.15197,0.612182,17.7928,51.992
0.0783364,0.174868,0.13709,2.42331,18.8496,51.9925
0.0820431,0.164727,0.165363,0.367528,18.8157,51.9942
0.0794906,0.103956,0.116199,2.83498,18.49,51.9967
0.0826334,0.120338,0.123506,0.201024,17.355,51.998
0.0714742,0.137837,0.0822698,7.77811,18.7403,51.9993
0.0821129,0.141378,0.153203,0.28164,18.3412,52.0003
0.0816924,0.177755,0.140453,0.67277,17.9224,52.001
0.0819985,0.165993,0.156939,0.341453,18.7311,52.0017
0.0786031,0.154223,0.125945,2.5588,18.3599,52.0021
0.0742173,0.137384,0.095902,5.11675,18.8056,52.0048
0.0775218,0.208963,0.148473,2.69495,18.5238,52.005
0.0817526,0.155891,0.163693,0.684756,18.1465,52.0058
0.0821052,0.147468,0.141101,0.131774,17.4001,52.0074
0.0796644,0.1909,0.142168,1.66071,17.0421,52.0078
0.0758775,0.210629,0.149962,3.91611,18.6635,52.0081
0.0811229,0.117861,0.105101,1.67905,17.1546,52.0092
0.0810198,0.111856,0.107918,1.46335,17.8899,52.018
0.0828712,0.108317,0.149112,0.0509932,18.4194,52.0182
0.07627,0.190318,0.136508,3.67632,18.4614,52.0186
0.0704706,0.308406,0.15796,6.87734,18.1595,52.0201
0.0728679,0.23708,0.125741,5.64452,18.3287,52.0201
0.0787878,0.0511975,0.0784384,3.65881,17.2885,52.0211
0.0828328,0.116795,0.107889,0.771068,17.6882,52.0234
0.0791189,0.132229,0.0978583,2.75372,17.0562,52.0302
0.0677633,0.34319,0.164091,8.05529,19.8274,52.0313
0.0774966,0.121984,0.107192,3.19518,18.5651,52.0318
0.0746198,0.221074,0.108709,4.17086,17.4077,52.0326
0.0830805,0.114042,0.0931171,0.583163,16.5019,52.034
0.0809373,0.118632,0.141524,1.85123,18.917,52.0349
0.0757703,0.234597,0.129455,3.96497,17.758,52.0373
0.0759385,0.222904,0.165359,3.46459,18.8615,52.0376
0.0695053,0.191939,0.0911201,8.34939,18.692,52.0408
0.0772185,0.137138,0.12473,3.47471,18.4789,52.0432
0.0731946,0.208767,0.154853,5.92171,19.8958,52.0448
0.0799647,0.165762,0.144184,1.36201,18.5972,52.0466
0.0818664,0.0746551,0.0954073,1.4408,17.3489,52.0477
0.0723826,0.264451,0.153116,5.45745,18.2661,52.0481
0.0789102,0.136132,0.138144,2.70497,18.7631,52.0483
0.0703566,0.222172,0.104974,7.80096,18.1437,52.0512
0.0727982,0.255401,0.129778,5.90122,18.9463,52.0562
0.0742152,0.243243,0.13074,4.53353,18.2581,52.0572
0.0813639,0.181159,0.158111,0.716138,17.1001,52.0591
0.0716843,0.215284,0.114098,6.14262,18.3474,52.0594
0.0830163,0.0995579,0.112919,0.928158,17.6884,52.0634
0.076476,0.180778,0.138768,3.47735,18.7634,52.0657
0.0708099,0.19009,0.0988429,7.79772,18.4217,52.0737
0.0739032,0.156579,0.104218,5.71524,18.9728,52.0806
0.0728082,0.236203,0.125603,5.12859,18.5438,52.0811
0.0742924,0.0516629,0.0621242,6.15595,17.2155,52.0821
0.0828528,0.117613,0.121182,0.324097,17.8639,52.0846
0.0806577,0.134361,0.143786,1.05085,18.2885,52.0851
0.0760655,0.209783,0.120256,3.86027,17.6919,52.0854
0.0739205,0.256285,0.127372,4.11964,17.2166,52.0859
0.0708153,0.291802,0.146941,6.58897,18.9217,52.0865
0.0731097,0.0369495,0.0561173,7.09179,17.3368,52.0869
0.069657,0.181523,0.0855297,8.86374,18.0901,52.0891
0.0825946,0.125248,0.144845,0.723433,18.4987,52.0897
0.0764773,0.183472,0.13995,3.03173,18.206,52.0908
0.072933,0.24053,0.127514,5.32704,18.8894,52.0925
0.0719378,0.194065,0.109475,6.90121,18.7997,52.0929
0.0803787,0.14501,0.150642,1.40696,18.837,52.0962
0.0838601,0.0655722,0.0930211,0.652932,17.2999,52.0963
0.0767027,0.179299,0.103916,3.4825,17.1827,52.0973
0.0811895,0.106301,0.128953,1.56488,18.7555,52.0976
0.081723,0.171409,0.153161,0.390974,17.8424,52.0987
0.0829542,0.108584,0.105606,0.775151,17.4299,52.0991
0.0757025,0.233904,0.138728,3.71757,18.9181,52.0997
0.069238,0.306335,0.163848,7.0915,19.3095,52.1003
0.0802948,0.159828,0.139612,1.78962,18.9361,52.1012
0.0735931,0.272331,0.148089,4.86468,18.3633,52.1028
0.0815978,0.167178,0.157383,0.210625,18.1629,52.1053
0.0793291,0.197211,0.139942,1.55143,17.2607,52.1054
0.0811131,0.110829,0.133467,1.38188,18.7685,52.1078
0.0733745,0.193766,0.146731,5.71005,19.6347,52.1095
0.0742909,0.142586,0.0830929,5.80288,17.2655,52.1104
0.0717537,0.213883,0.115859,6.84659,18.6581,52.1112
0.0691778,0.322398,0.138524,7.50455,18.812,52.1116
0.0728937,0.225155,0.132955,5.35962,18.4412,52.1129
0.0816341,0.161812,0.16143,0.0810644,18.0942,52.113
0.0678854,0.329246,0.156765,8.8216,19.8586,52.1133
0.0801083,0.159177,0.140546,1.04796,18.2495,52.1134
0.0695707,0.188604,0.0901771,8.37189,18.6045,52.1142
0.0741694,0.227234,0.137611,4.52413,18.3032,52.1159
0.0790626,0.21444,0.164934,1.95966,18.3292,52.1171
0.0749012,0.194261,0.126762,4.29784,18.5536,52.118
0.077615,0.120462,0.112232,3.98219,18.2278,52.118
0.0759673,0.118932,0.0955345,4.26621,18.3925,52.1182
0.0804618,0.136994,0.137141,1.46226,18.8421,52.1188
0.0721761,0.27224,0.141394,5.144,18.09,52.1198
0.0794926,0.0209623,0.0659369,3.52582,17.3421,52.12
0.0810617,0.121677,0.104039,1.41411,17.1864,52.1208
0.075229,0.162108,0.119264,4.05228,18.9114,52.1209
0.070188,0.139049,0.078092,8.06652,18.4163,52.121
0.0704065,0.218037,0.101505,7.9913,18.4746,52.1211
0.0692028,0.311006,0.134648,7.08753,18.5434,52.1233
0.0791948,0.118312,0.0996074,2.86782,17.6638,52.1242
0.0758742,0.0480966,0.0641717,5.4003,17.4434,52.1242
0.0765532,0.193159,0.104488,3.91892,17.9987,52.1242
0.0813942,0.188145,0.140791,0.665349,17.1866,52.1244
0.0759917,0.120673,0.109721,4.63501,18.7804,52.1254
0.0767584,0.171872,0.124393,3.69669,18.152,52.1254
0.0803594,0.149694,0.160616,1.93743,18.0235,52.1256
0.0752975,0.0826783,0.0711709,5.84918,17.8156,52.1261
0.0765587,0.176289,0.136842,3.41068,18.6571,52.1264
0.078167,0.189645,0.135022,2.2097,18.2119,52.1267
0.0768542,0.16167,0.130715,3.97297,18.5646,52.1273
0.0777068,0.106836,0.110913,3.94006,18.0045,52.1276
0.0705937,0.291215,0.146594,6.38315,18.0508,52.1285
0.081529,0.0921768,0.0932814,1.49046,17.4632,52.129
0.0829968,0.00747929,0.077429,1.20594,17.9987,52.1303
0.0830364,0.102137,0.139107,0.912896,18.2914,52.1307
0.0752638,0.26942,0.163129,3.18607,18.2909,52.131
0.07641,0.207213,0.129222,3.47977,18.8468,52.1311
0.0802,0.152157,0.115725,1.3446,17.0721,52.1318
0.0709922,0.2826,0.134474,6.05382,18.5883,52.133
0.0716971,0.118464,0.0784314,7.94583,18.1328,52.1344
0.0813785,0.185918,0.13987,0.323734,17.7363,52.1352
0.0704316,0.31456,0.138703,6.77304,18.5566,52.1354
0.0735724,0.180255,0.116446,5.87062,18.3789,52.1358
0.0828871,0.120173,0.119299,0.273249,17.8061,52.138
0.0781045,0.172311,0.142504,2.79805,18.1517,52.1383
0.0826867,0.117168,0.11093,0.412688,17.069,52.1384
0.07615,0.207883,0.121178,3.04165,17.5512,52.1384
0.0691896,0.315751,0.140861,7.55814,18.7054,52.1396
0.0754491,0.153991,0.121231,4.19229,18.2718,52.14
0.0757142,0.219933,0.146409,3.15385,18.442,52.1401
0.079665,0.0893953,0.0947721,2.61576,17.5466,52.1408
0.0793371,0.107664,0.115189,2.81231,18.3082,52.141
0.0755053,0.0727778,0.0677618,5.54999,17.6373,52.1423
0.0805171,0.138818,0.14847,1.95121,18.2119,52.1427
0.07143,0.240679,0.162389,6.91871,19.7045,52.143
0.0787243,0.160978,0.105921,2.79759,17.6185,52.1462
0.0758506,0.132727,0.098673,4.58107,18.3338,52.1471
0.0777413,0.105684,0.108103,3.23677,18.1296,52.1483
0.0763694,0.106922,0.0833683,4.84793,17.4095,52.1492
0.0711579,0.263595,0.128904,6.51141,18.3213,52.1504
0.080383,0.0665252,0.0813856,2.16497,17.6523,52.1508
0.0794461,0.195405,0.130598,1.54184,17.7733,52.1508
0.0710454,0.28111,0.135328,6.18324,18.8177,52.1538
0.0808771,0.118201,0.143309,1.74358,18.9865,52.1552
0.0742439,0.240917,0.110537,4.47053,17.204,52.1555
0.0710859,0.267446,0.131283,6.76096,18.8518,52.1557
0.0801348,0.067628,0.0815849,2.48884,17.2509,52.1565
0.0818202,0.0762954,0.0881634,1.9551,17.5256,52.1565
0.078298,0.185221,0.109733,2.7672,17.1099,52.1567
0.0824109,0.143681,0.112895,0.73009,17.9289,52.1567
0.0763927,0.186944,0.142515,3.17484,18.7279,52.1581
0.0763405,0.19234,0.145419,3.6487,18.48,52.1583
0.0739873,0.243702,0.163365,4.34284,18.2276,52.1585
0.0774758,0.12921,0.116243,3.21377,18.1523,52.16
0.0771887,0.141146,0.131382,3.54589,18.7587,52.1603
0.0739505,0.263919,0.160307,4.11181,18.0429,52.1604
0.0699524,0.253379,0.151711,7.88015,19.8637,52.1617
0.0743145,0.134871,0.093487,5.0236,18.6722,52.1627
0.0755169,0.24573,0.142425,3.94592,18.8164,52.1689
0.0791423,0.0372854,0.0732423,3.51763,17.367,52.1695
0.0736809,0.26218,0.150049,4.72477,18.2066,52.1703
0.0828591,0.129018,0.111507,0.963857,17.0044,52.1703
0.0818845,0.0624263,0.114544,1.24032,18.8477,52.1711
0.0812364,0.106437,0.0971508,1.36418,17.0824,52.1719
0.0706705,0.287132,0.138024,6.60814,18.1607,52.1724
0.0704319,0.212299,0.10194,7.96221,18.7553,52.1731
0.0746407,0.221892,0.130768,4.48977,18.0651,52.1731
0.0813239,0.105473,0.10344,1.06131,17.7052,52.1737
0.07855,0.161222,0.113904,2.90157,17.6119,52.1744
0.0755326,0.0667709,0.069053,5.38495,17.094,52.1781
0.0744402,0.224872,0.14363,4.38144,18.5903,52.1804
0.0823574,0.130859,0.145127,0.343867,18.0517,52.181
0.0727091,0.237373,0.12614,5.45768,18.3012,52.1816
0.0743367,0.225696,0.148638,4.36832,18.6654,52.1826
0.083186,0.110798,0.111593,0.638995,17.4825,52.1826
0.0724404,0.252559,0.144313,5.07358,18.6682,52.1829
0.0709092,0.288797,0.14213,6.75441,18.2024,52.1832
0.076386,0.200816,0.116728,3.52256,17.3752,52.1839
0.0716571,0.219376,0.156229,6.56649,19.2206,52.1881
0.0759932,0.116124,0.0959811,4.80456,18.0569,52.1887
0.0806406,0.136343,0.150316,1.11098,18.9104,52.1892
0.0794534,0.202036,0.14464,1.8982,17.5594,52.1897
0.0822981,0.045745,0.0905713,1.99019,17.9724,52.1899
0.07773,0.01704,0.0671985,4.31116,17.9471,52.1909
0.0693433,0.299653,0.159863,7.00362,19.2113,52.192
0.075563,0.242056,0.129035,3.58267,17.65,52.1923
0.0838865,0.0553706,0.0940071,0.70737,17.228,52.194
0.0783658,0.174339,0.142235,2.43779,18.823,52.1953
0.0763186,0.10493,0.0775358,4.23281,17.2317,52.1956
0.0692709,0.307315,0.130322,7.38715,18.0789,52.1957
0.08168,0.0777423,0.124486,1.9151,18.8564,52.1985
0.0761056,0.120016,0.0880381,4.88231,17.4151,52.199
0.0780447,0.102664,0.0831481,3.21056,17.8055,52.2028
0.073328,0.205435,0.117129,5.3884,18.7862,52.2054
0.0762957,0.191696,0.129916,3.49619,18.2378,52.2056
0.081067,0.128523,0.102865,1.35866,17.1537,52.2063
0.0757464,0.227375,0.140059,3.85168,18.9442,52.2067
0.0815363,0.09043,0.101611,1.70081,17.3706,52.2068
0.0819249,0.0685747,0.114258,1.77118,18.553,52.2071
0.0800171,0.0740319,0.110093,2.08555,18.9388,52.2089
0.0716729,0.215784,0.118191,6.82704,18.1013,52.2092
0.0816931,0.17805,0.132412,0.316691,17.3033,52.2098
0.0826578,0.117669,0.154666,0.719992,18.8124,52.2111
0.0825862,0.129908,0.155808,0.849159,18.2389,52.2121
0.0754863,0.256554,0.152831,3.54354,18.4873,52.2146
0.0790337,0.130727,0.125475,2.34609,18.5287,52.2152
0.0753483,0.164821,0.118133,4.36877,18.2443,52.2159
0.0804183,0.0592422,0.0768034,2.0551,17.96,52.2166
0.0812111,0.00976071,0.0765231,2.48732,17.9756,52.219
0.0761972,0.114127,0.0792229,4.30209,17.9023,52.2216
0.0809508,0.0303452,0.0717718,2.16549,17.7572,52.2219
0.080707,0.134302,0.149355,1.18503,18.2983,52.2222
0.0761871,0.219244,0.147345,3.20506,18.7653,52.2223
0.0742461,0.142551,0.0841125,5.01177,17.7671,52.223
0.0769322,0.160331,0.128928,3.06081,18.0294,52.2231
0.0776202,0.225516,0.161233,2.92206,18.5491,52.2238
0.0793844,0.206723,0.135122,1.31488,17.1112,52.2242
0.0787088,0.165971,0.103758,2.92876,17.1814,52.2245
0.074107,0.146833,0.106402,5.33253,18.2241,52.225
0.0797768,0.181345,0.146227,1.88503,17.6418,52.2267
0.081092,0.113712,0.110349,1.83687,17.7795,52.2269
0.0733121,0.203717,0.121842,5.40561,18.3241,52.2276
0.0797682,0.176996,0.144026,1.2092,18.223,52.2297
0.0775199,0.212252,0.145167,2.57729,18.1955,52.2297
0.0719054,0.205814,0.145466,6.6489,19.0129,52.2299
0.0775191,0.122924,0.105817,3.78594,18.3834,52.2305
0.0781388,0.181445,0.133599,2.83756,18.6121,52.2312
0.0822943,0.153128,0.152095,0.556093,18.1749,52.2315
0.071126,0.25954,0.12799,6.01959,18.6728,52.2324
0.0825852,0.132131,0.0964279,0.260399,16.0976,52.2343
0.0722912,0.177185,0.10601,6.68762,18.9501,52.2377
0.0803269,0.147719,0.111876,1.78017,17.1038,52.2382
0.0716721,0.308643,0.162237,5.46261,18.4492,52.2389
0.0709504,0.272154,0.134598,6.19795,18.9788,52.2389
0.0831857,0.0110074,0.076925,1.40636,17.9241,52.2392
0.0804914,0.143913,0.132257,1.10643,18.3759,52.2398
0.0831354,0.106175,0.0919748,0.0710472,16.2102,52.2408
0.0806979,0.12894,0.11539,1.54368,17.2057,52.2417
0.0742747,0.235458,0.119741,4.16325,17.4083,52.2445
0.0741275,0.14089,0.0991435,5.51786,18.3773,52.2452
0.0764446,0.175933,0.136373,3.42927,18.0493,52.2465
0.0800937,0.0682557,0.0892142,2.52343,17.1442,52.2465
0.0787416,0.148351,0.130383,2.02401,18.4794,52.2466
0.0774234,0.13614,0.0964854,3.49215,17.894,52.2477
0.0776514,0.204606,0.137326,2.265,17.2934,52.2507
0.0748334,0.112336,0.0779353,5.70768,17.4431,52.2512
0.0726662,0.0630516,0.0598787,7.94959,17.961,52.2525
0.0809863,0.119327,0.100229,1.16227,17.5597,52.2527
0.0798816,0.0854725,0.108767,2.62313,18.3251,52.2542
0.0824682,0.127567,0.113762,0.876893,17.1287,52.2556
0.0660628,0.386285,0.16084,9.78511,19.7127,52.2569
0.0794243,0.111632,0.123468,2.77498,18.4802,52.2601
0.0729453,0.13219,0.0849106,6.76475,18.4389,52.2623
0.0717107,0.318277,0.163844,5.66843,18.8235,52.2637
0.0768049,0.156607,0.126865,3.91388,18.6611,52.2664
0.080845,0.137167,0.090858,1.09916,16.3258,52.2675
0.0828929,0.117865,0.106132,0.105933,17.3379,52.268
0.0758651,0.128629,0.0899186,4.50714,17.3931,52.2689
0.0716363,0.219051,0.112393,6.76164,18.5551,52.2696
0.0804163,0.161372,0.156448,1.02196,18.7837,52.2702
0.0778234,0.186416,0.161959,2.10555,18.8758,52.2703
0.076402,0.203051,0.115462,3.75684,17.149,52.2711
0.0791606,0.115799,0.116539,2.23271,18.1037,52.2725
0.0706433,0.285305,0.143217,6.34701,18.6882,52.2735
0.0728049,0.148259,0.0779858,6.09208,17.4776,52.2738
0.0831469,0.0995613,0.137424,0.0489816,18.0933,52.2744
0.0828723,0.123261,0.0977247,0.785862,16.8308,52.2745
0.0715052,0.137776,0.083506,7.87236,18.0091,52.2747
0.084121,0.0571071,0.0911326,0.541857,17.6212,52.2756
0.0709331,0.174964,0.0951604,7.14777,18.0737,52.2764
0.0772825,0.0546561,0.0674673,4.12786,17.2223,52.2765
0.0842782,0.0505476,0.0797805,0.515389,16.2756,52.2767
0.081484,0.104371,0.0971296,1.07886,17.7345,52.2786
0.079033,0.121003,0.116273,2.27499,18.2858,52.2789
0.0761882,0.193487,0.147926,3.48247,18.2747,52.279
0.0678804,0.326078,0.161269,8.92032,19.4548,52.2794
0.078951,0.13988,0.098326,2.42194,17.1751,52.2795
0.072493,0.164518,0.0913433,6.77663,18.8831,52.2828
0.0824945,0.137581,0.132927,0.554143,17.3168,52.2836
0.080302,0.152975,0.110438,1.84572,17.1039,52.2838
0.0761821,0.116296,0.104451,4.39219,18.8581,52.2848
0.08153,0.180565,0.132923,0.643733,17.5735,52.285
0.0735051,0.184027,0.151145,5.55334,19.506,52.285
0.0797782,0.0943319,0.0863468,2.20498,17.4252,52.2852
0.078951,0.0465918,0.0700191,3.21215,17.4871,52.2855
0.077397,0.134732,0.123202,3.6012,18.1266,52.2856
0.0833278,0.0803052,0.134794,0.341217,18.0538,52.2857
0.0747256,0.193914,0.12307,4.10561,18.4693,52.2868
0.0763747,0.18955,0.113955,3.52222,17.4027,52.2878
0.0677499,0.32714,0.164716,8.35312,19.5145,52.2887
0.0709058,0.290708,0.140668,6.15259,18.1342,52.2896
0.0803535,0.155459,0.151863,1.62324,18.6387,52.2898
0.0782291,0.172009,0.131208,2.44338,18.9784,52.2902
0.0685246,0.176049,0.0798158,9.44201,18.5326,52.2923
0.0804806,0.15703,0.155014,1.60146,18.0457,52.2935
0.0678794,0.227884,0.091319,9.80959,18.7625,52.2935
0.0662691,0.374003,0.158783,9.09207,19.3332,52.2948
0.0835718,0.0933301,0.102292,0.582102,17.3115,52.2961
0.0759078,0.207507,0.141638,3.24491,18.1003,52.2975
0.0833123,0.0813625,0.136959,0.496497,18.3925,52.2977
0.0783738,0.176936,0.104695,2.68105,17.512,52.2979
0.0740208,0.26051,0.141868,4.9156,18.1306,52.2985
0.0798642,0.182407,0.143827,1.77371,17.5527,52.2986
0.071577,0.226427,0.148252,6.37075,19.8586,52.299
0.0709251,0.270815,0.136239,6.57946,18.7594,52.2992
0.0814479,0.107112,0.0990813,1.23179,17.8355,52.3001
0.071947,0.20728,0.107513,6.84389,18.3654,52.3012
0.0726111,0.259474,0.125802,5.79069,18.8655,52.3025
0.0768635,0.165857,0.117844,3.75399,18.8505,52.3027
0.0803161,0.164574,0.136037,1.85921,18.5946,52.3028
0.0815779,0.168906,0.158702,0.913613,17.8421,52.304
0.0752279,0.0895498,0.0696721,5.51818,17.6741,52.3043
0.0724188,0.265997,0.163917,5.47327,19.2067,52.3051
0.0761138,0.207715,0.131021,3.67249,18.4134,52.3058
0.0773322,0.230059,0.141438,2.93443,17.8675,52.3063
0.0788897,0.138263,0.121288,2.19404,18.8015,52.3063
0.0727056,0.144083,0.0964333,6.03964,18.8226,52.3066
0.0737426,0.265745,0.139033,4.99758,18.0808,52.3078
0.0763031,0.109437,0.101658,4.22949,18.2606,52.3094
0.0780547,0.104016,0.0846135,3.41512,17.9855,52.3095
0.0742738,0.143798,0.0872925,5.82711,17.6297,52.3103
0.0704262,0.218428,0.136848,7.20177,19.8517,52.3105
0.0734827,0.184886,0.106954,5.38294,18.8919,52.3109
0.0784802,0.159239,0.145761,2.00507,18.028,52.3112
0.068095,0.210076,0.0901845,9.13139,18.5295,52.313
0.0812075,0.1921,0.149637,0.585438,17.2693,52.313
0.082909,0.109732,0.140272,0.892075,18.1018,52.3131
0.0745653,0.204378,0.125558,4.45378,18.5472,52.3131
0.071168,0.253199,0.130131,6.2628,18.5165,52.3154
0.0802867,0.15935,0.163298,1.8266,18.3747,52.3161
0.0829326,0.115072,0.105392,0.134185,17.4229,52.3171
0.0808041,0.12459,0.150006,1.22877,18.9338,52.3185
0.0794751,0.181076,0.16436,1.3088,18.5044,52.319
0.0783041,0.159302,0.14136,2.68411,18.9005,52.3202
0.0739603,0.257998,0.121972,4.92011,17.9577,52.3206
0.0775673,0.113458,0.102617,3.70199,18.7376,52.3209
0.0802551,0.0746356,0.0824327,2.87732,17.1757,52.3221
0.075923,0.228596,0.133758,3.12799,18.3335,52.3222
0.0823018,0.141474,0.111691,0.491014,17.8705,52.3224
0.0807155,0.124528,0.133022,1.91273,18.1438,52.3224
0.0833705,0.0986385,0.090547,0.510445,16.216,52.3224
0.0708953,0.290014,0.125861,6.47657,18.5147,52.3233
0.0802084,0.146944,0.151736,1.92108,18.0533,52.3238
0.0816734,0.0812314,0.0894518,1.34652,17.1011,52.3249
0.0691101,0.320086,0.145646,7.86007,18.9882,52.3265
0.0836839,0.0620914,0.102723,0.499581,17.2995,52.3271
0.0793522,0.199995,0.158362,1.40651,17.0215,52.3295
0.0807785,0.130152,0.136282,1.24377,18.5054,52.3317
0.0765788,0.17771,0.106878,3.42657,17.5933,52.3318
0.0758287,0.132641,0.0855992,4.21781,17.5072,52.3332
0.0716345,0.220985,0.145565,6.70731,19.1137,52.3349
0.0794049,0.105739,0.105259,2.76564,18.1172,52.3351
0.0708404,0.283058,0.164061,6.95726,19.4242,52.3355
0.0775737,0.208053,0.128126,2.90144,17.446,52.3362
0.0692209,0.120652,0.0702214,9.28597,18.9187,52.3371
0.0784231,0.0630016,0.0991995,3.97403,18.5349,52.3374
0.0745225,0.116526,0.102065,5.70087,18.5865,52.3386
0.0676837,0.340138,0.157117,8.83637,19.5147,52.3387
0.0789408,0.154664,0.103945,2.60293,17.3491,52.3392
0.0807415,0.140549,0.116287,1.68287,17.709,52.3399
0.0713062,0.253236,0.120285,6.02671,18.6902,52.3401
0.0728299,0.226388,0.123227,5.2548,18.2068,52.3424
0.0806931,0.130676,0.153111,1.30944,18.0024,52.3424
0.0710972,0.171697,0.087245,7.9008,18.3425,52.3428
0.0807498,0.122142,0.140637,1.63504,18.2182,52.3428
0.0725688,0.259449,0.115215,5.95669,17.9197,52.3439
0.0728587,0.222795,0.127972,5.40735,18.1828,52.3441
0.0727268,0.247555,0.12213,5.66064,18.5842,52.3445
0.0788071,0.156575,0.109444,2.50945,17.9907,52.3458
0.069261,0.118897,0.0690064,9.93432,18.3629,52.3466
0.072734,0.230977,0.127604,5.00827,18.969,52.3467
0.0762839,0.189732,0.130211,3.46907,18.0791,52.3481
0.076702,0.180116,0.108475,3.8794,17.7952,52.3483
0.0767141,0.0752986,0.0958656,4.46162,18.1035,52.3525
0.0726261,0.155196,0.0892236,6.24362,18.0349,52.3529
0.0807154,0.127236,0.150897,1.36629,18.3775,52.3536
0.0785985,0.152515,0.14519,2.42721,18.6904,52.3537
0.0838131,0.0671234,0.123418,0.420053,18.1785,52.3542
0.071341,0.250441,0.16351,6.81061,19.7522,52.3545
0.0777061,0.111644,0.117629,3.69935,18.4167,52.3546
0.0724594,0.275378,0.142393,5.47318,18.7332,52.355
0.073489,0.29463,0.163429,4.21653,18.3021,52.3556
0.08135,0.193434,0.150875,0.584342,17.66,52.3557
0.0752,0.175887,0.0978862,4.53251,17.5435,52.356
0.0737388,0.278311,0.149471,4.36671,18.7798,52.3566
0.0759533,0.124434,0.104287,4.22938,18.0328,52.3575
0.0821483,0.161427,0.159838,0.809523,18.6491,52.358
0.0745759,0.202533,0.127575,4.28163,18.7336,52.3581
0.0795061,0.0211362,0.0691449,3.87902,17.5696,52.3586
0.076662,0.164136,0.124202,3.53114,18.4723,52.359
0.0803474,0.0548176,0.102081,2.33084,18.326,52.3602
0.0742193,0.146996,0.104269,5.715,18.836,52.3615
0.0742524,0.249366,0.145995,4.73385,18.7098,52.3615
0.0736899,0.281643,0.157683,4.20572,18.1378,52.362
0.0807929,0.128921,0.148399,1.34959,18.5196,52.3621
0.0822961,0.14384,0.141833,0.967701,17.355,52.3623
0.073096,0.121986,0.0838481,6.53872,18.1115,52.3623
0.0805828,0.142641,0.104656,1.55283,17.6,52.3628
0.0753941,0.162758,0.110899,4.97933,18.2089,52.363
0.075941,0.127572,0.104344,4.42424,18.2683,52.363
0.0792726,0.0329062,0.0722191,3.91572,17.9257,52.3632
0.079757,0.0832778,0.0884564,2.55731,17.0227,52.3643
0.0782354,0.173956,0.157201,2.64486,18.4165,52.3655
0.0783196,0.169611,0.155294,2.00175,18.6008,52.3671
0.076119,0.204348,0.120898,3.95241,17.8001,52.3683
0.0832159,0.0165668,0.0652397,1.72272,16.5619,52.3687
0.0743971,0.21454,0.128053,4.1226,18.3226,52.3692
0.0743729,0.129949,0.0997864,5.45866,18.7398,52.3698
0.0732808,0.111587,0.0745121,6.07979,17.7418,52.3708
0.0789006,0.134201,0.0993651,2.13854,17.0658,52.3716
0.0675413,0.351044,0.141887,8.89651,18.4138,52.3729
0.0694156,0.197045,0.0897804,8.81034,18.54,52.373
0.073957,0.163071,0.0892067,5.47851,17.1681,52.3772
0.0827512,0.112184,0.15757,0.752449,18.967,52.3774
0.0711777,0.27528,0.125853,6.27274,18.4144,52.3784
0.0823596,0.0523533,0.089331,1.83345,17.9243,52.3795
0.0679438,0.32504,0.155197,8.0569,19.6328,52.3797
0.0756544,0.251035,0.160941,3.17292,18.0979,52.3825
0.0776041,0.206217,0.13936,2.13924,17.1198,52.3827
0.0778369,0.185608,0.162663,2.68617,18.1291,52.3832
0.0746633,0.112828,0.0811325,5.09985,17.8387,52.3838
0.0779513,0.00733289,0.0600713,4.23114,17.0917,52.3843
0.0754655,0.156974,0.103687,4.84582,18.1635,52.3851
0.0842318,0.0536328,0.0779811,0.40885,16.5417,52.3852
0.0806575,0.0413317,0.074377,2.58697,17.3821,52.3856
0.0826073,0.118956,0.142008,0.346419,18.6096,52.3862
0.0827361,0.130135,0.157659,0.259963,18.5101,52.3874
0.0803784,0.159441,0.153081,1.93664,18.3683,52.3874
0.0829767,0.0272893,0.0664145,1.98225,16.0885,52.3876
0.0821427,0.156146,0.142565,0.291655,17.6963,52.3877
0.0779931,0.0947321,0.109764,3.96087,18.7733,52.3886
0.0827202,0.128583,0.156908,0.938579,18.2959,52.3886
0.0749233,0.198005,0.118581,4.01306,18.0693,52.389
0.0805292,0.153608,0.105818,1.28255,17.9299,52.3904
0.0677166,0.341899,0.133392,8.35145,18.8612,52.3911
0.0783218,0.178142,0.123277,2.81702,17.8149,52.3917
0.0759134,0.0527053,0.063306,5.8397,17.9555,52.3922
0.0745667,0.120582,0.0877593,5.14475,18.2042,52.3927
0.0663038,0.372169,0.157591,9.10764,19.6727,52.3932
0.0784036,0.179221,0.105745,2.57274,17.8927,52.3938
0.0792755,0.0312199,0.0668144,3.9992,17.1504,52.3941
0.0694269,0.283883,0.156239,7.72679,19.6596,52.3946
0.0831778,0.100287,0.101432,0.657208,17.3768,52.3954
0.0726005,0.2592,0.111902,5.63082,17.8855,52.3966
0.0707059,0.279066,0.138696,6.34156,18.4235,52.3972
0.0739915,0.264613,0.152867,4.7548,18.9876,52.3996
0.0738248,0.170163,0.112141,5.11241,18.9267,52.4017
0.0737903,0.165884,0.114163,5.16767,18.1435,52.4026
0.0795786,0.0169987,0.0686156,3.01907,17.6559,52.4028
0.0821223,0.16276,0.159971,0.871563,18.2826,52.4051
0.0743242,0.0492056,0.059683,6.99081,17.4015,52.4054
0.079269,0.129649,0.0997722,2.10234,17.1161,52.4055
0.0770002,0.241271,0.163119,2.13245,18.0595,52.406
0.0693319,0.313036,0.136339,7.95031,18.4292,52.4068
0.0743644,0.140743,0.0831794,5.25371,17.6568,52.4073
0.0771325,0.14134,0.131144,3.76559,18.2737,52.4075
0.0728321,0.250102,0.133756,5.79422,18.3186,52.4076
0.0781708,0.191646,0.111508,2.23947,17.9706,52.4078
0.0803608,0.145566,0.132461,1.42079,18.0134,52.408
0.0767715,0.18081,0.0998726,3.4877,17.1912,52.4083
0.0733127,0.199186,0.160908,5.18734,19.2869,52.4084
0.0679465,0.318666,0.151354,8.55938,19.8392,52.4087
0.0779198,0.180158,0.14439,2.55688,18.3391,52.4094
0.0804835,0.132129,0.135338,1.43316,18.8773,52.4094
0.074207,0.145776,0.0886883,5.26483,17.1423,52.4095
0.0768341,0.160993,0.158405,3.24037,19.7231,52.4099
0.0751729,0.168293,0.146763,4.66391,19.425,52.4111
0.0743806,0.234674,0.14782,4.49485,18.5532,52.4111
0.0819413,0.0690948,0.11238,1.98081,18.52,52.4122
0.0779888,0.188613,0.134238,2.66003,18.6284,52.4154
0.0759327,0.126642,0.083206,4.8238,17.6809,52.416
0.0799613,0.170368,0.114177,1.13965,17.5104,52.4163
0.0835372,0.0889656,0.104913,0.463218,17.3346,52.4171
0.0756959,0.249566,0.158711,3.34506,18.9259,52.4189
0.0812028,0.106597,0.0951879,1.83453,17.8285,52.4191
0.0740676,0.0691153,0.0628121,6.35207,17.0905,52.4193
0.0836401,0.0817428,0.0853447,0.066838,16.1344,52.4194
0.0796457,0.0214568,0.0568414,3.17512,16.8724,52.4201
0.0804097,0.156631,0.133554,1.4353,18.6579,52.4205
0.0830596,0.109726,0.0893462,0.641317,16.9521,52.4205
0.0744231,0.12656,0.102232,5.43184,18.1901,52.4207
0.0751266,0.0810419,0.0728303,5.58781,17.7595,52.4224
0.08077,0.130244,0.134688,1.55309,18.1079,52.4226
0.0767295,0.170738,0.163754,3.7689,19.0397,52.4232
0.0833364,0.101385,0.109024,0.352554,17.1683,52.4233
0.0752143,0.159442,0.112103,4.60304,18.34,52.4269
0.0744679,0.135051,0.0825447,5.58542,17.2461,52.4284
0.0725688,0.163865,0.0823853,6.40904,17.4183,52.4295
0.0825471,0.13631,0.0961869,0.847238,16.5626,52.4299
0.0752609,0.170137,0.0945082,4.62844,17.0099,52.4299
0.0735836,0.189511,0.108484,5.74497,18.5636,52.4308
0.0744818,0.229213,0.14231,4.90925,18.3278,52.4323
0.0679274,0.321595,0.126844,8.88102,18.2211,52.4329
0.0718859,0.292551,0.151352,5.35489,18.9622,52.4332
0.0814312,0.0142966,0.0699496,2.11041,17.5987,52.4341
0.0833509,0.0798732,0.139578,0.559954,18.9155,52.4344
0.0786491,0.147913,0.110352,2.34806,17.825,52.4345
0.0779411,0.188219,0.129214,2.11106,17.9956,52.4345
0.0677103,0.146251,0.070448,10.7228,18.9135,52.4352
0.0689808,0.331025,0.133311,7.33047,18.9194,52.4355
0.0793778,0.124788,0.0959315,2.36483,17.4227,52.4356
0.0732489,0.213839,0.115564,5.36926,18.5038,52.4363
0.0708761,0.279634,0.143886,6.56944,18.3155,52.4374
0.0821476,0.0491541,0.0902823,1.58388,17.2148,52.4379
0.0838806,0.0541198,0.100536,0.741407,17.3678,52.4381
0.0777473,0.208176,0.115603,2.43885,17.3607,52.4382
0.0712531,0.242563,0.16304,6.9764,19.5667,52.4384
0.0830104,0.0974799,0.114284,0.505376,17.6472,52.4387
0.0744295,0.23671,0.143374,4.90763,18.3129,52.4402
0.0802103,0.0780887,0.0828265,2.32826,17.4543,52.4407
0.0719089,0.117405,0.0680933,7.09572,17.9989,52.4408
0.0823833,0.145746,0.140149,0.0343136,18.8029,52.4409
0.0820888,0.146706,0.117966,0.193805,17.1528,52.442
0.0679677,0.308542,0.158159,8.63736,19.2461,52.4446
0.0764711,0.205125,0.131146,3.102,18.1494,52.4478
0.0828379,0.106658,0.149817,0.682681,18.8342,52.4495
0.0788715,0.128127,0.121793,2.14597,18.9951,52.4499
0.0739043,0.269476,0.150928,4.18793,18.7413,52.45
0.0802981,0.148234,0.159699,1.83607,18.8836,52.4508
0.0797483,0.0956635,0.0949108,2.45515,17.5658,52.4514
0.0745805,0.11046,0.0939355,5.71687,18.8462,52.4517
0.0827751,0.130464,0.156847,0.353433,18.7184,52.4521
0.0801578,0.0701046,0.105477,2.86968,18.1112,52.4525
0.0793768,0.209801,0.135333,1.35801,17.6826,52.4527
0.0830618,0.114809,0.104239,0.622991,17.0435,52.453
0.0688683,0.333732,0.153924,7.5727,18.7359,52.4541
0.0709407,0.276644,0.123768,6.62959,18.056,52.4574
0.0749988,0.194007,0.117956,4.84605,18.87,52.4575
0.067927,0.321684,0.160311,8.34248,19.56,52.459
0.0677274,0.320629,0.164827,8.44623,19.4008,52.4601
0.0770358,0.251006,0.164972,2.9022,18.1054,52.4602
0.0735921,0.284392,0.151494,4.87494,18.9436,52.4603
0.0785808,0.153202,0.112881,2.68948,17.0334,52.4615
0.0697398,0.266985,0.161049,7.31251,19.1577,52.4617
0.0664569,0.357025,0.156542,9.13756,19.077,52.4625
0.0786405,0.162627,0.0909573,2.17697,16.9768,52.4627
0.0702291,0.236208,0.107384,7.38055,18.1356,52.4642
0.0787003,0.0596486,0.0715304,3.21945,17.1836,52.4657
0.0791293,0.127446,0.13435,2.29087,18.0755,52.4658
0.0789722,0.0339729,0.0726723,3.64976,17.8989,52.4671
0.0821561,0.064928,0.0899041,1.80551,17.2083,52.4675
0.0766674,0.0827746,0.0951503,4.25573,18.3156,52.4689
0.069492,0.284289,0.150836,7.24842,19.3228,52.469
0.0788947,0.0396428,0.0766469,3.59762,17.7761,52.4694
0.0708834,0.268905,0.130281,6.543,18.7695,52.4694
0.0759227,0.120755,0.111754,4.4434,18.4848,52.4707
0.0778594,0.00705466,0.0625528,4.57787,17.4559,52.4725
0.0678322,0.313598,0.159347,8.28933,19.8317,52.4726
0.0759792,0.116069,0.108089,4.42873,18.6207,52.4727
0.0740713,0.15721,0.0899148,5.36837,17.3885,52.4727
0.0777721,0.109331,0.105515,3.39215,18.0655,52.4728
0.0755805,0.14258,0.100503,4.61663,18.3021,52.4743
0.0781541,0.179271,0.109286,2.34483,17.0866,52.4747
0.0757488,0.0533485,0.0628374,5.84454,17.0217,52.4758
0.076289,0.00701209,0.0613286,5.71585,17.0785,52.4766
0.069052,0.136529,0.072119,9.21509,18.1025,52.4772
0.0831451,0.106425,0.0949867,0.594435,16.1533,52.4773
0.0799432,0.0793853,0.112679,2.75034,18.9971,52.4774
0.076027,0.116112,0.0844537,4.42426,17.3618,52.4779
0.0765245,0.0151511,0.0569325,5.65695,17.9948,52.4783
0.0730037,0.211101,0.123107,5.44954,18.6451,52.4785
0.0812051,0.0977559,0.122532,1.43636,18.7942,52.4785
0.0804026,0.162131,0.139667,1.94519,18.4549,52.4787
0.0701931,0.23638,0.105882,7.94464,18.1308,52.4788
0.0807851,0.126758,0.126661,1.5892,18.7261,52.4791
0.084015,0.0555099,0.124498,0.111943,18.7753,52.4803
0.0724164,0.265441,0.162088,5.66184,19.2592,52.4808
0.0823843,0.125106,0.146046,0.162971,18.2672,52.4813
0.0739608,0.158385,0.0877315,5.89828,17.5976,52.4817
0.0773154,0.131516,0.0956531,3.1798,17.1801,52.4818
0.0742469,0.1459,0.105343,5.26931,18.8809,52.4819
0.0771362,0.0659462,0.0729222,4.0744,17.5885,52.4842
0.0756872,0.216831,0.157552,3.32936,18.272,52.4849
0.0757162,0.0491418,0.0632977,5.0741,17.0462,52.4853
0.0732817,0.216336,0.1154,5.06273,18.8896,52.4864
0.0701071,0.240515,0.108039,7.1558,18.8169,52.4871
0.0741037,0.15406,0.096278,5.21512,18.9453,52.4877
0.0782,0.193924,0.1494,2.8165,18.1583,52.4889
0.0758314,0.140142,0.0916794,4.08199,17.2705,52.4899
0.0718087,0.316564,0.156884,5.0351,18.8146,52.4902
0.0663631,0.365924,0.150931,9.13716,19.7222,52.4903
0.0783813,0.182804,0.145186,2.25005,18.2016,52.492
0.0732715,0.192775,0.112488,5.60932,18.7553,52.4928
0.0705101,0.295966,0.154057,6.05174,18.7733,52.4934
0.0694803,0.287017,0.15294,7.39008,19.0072,52.4939
0.0680533,0.312405,0.150054,8.92464,19.6138,52.496
0.0664259,0.358284,0.152987,9.82741,19.7337,52.4963
0.0792815,0.210186,0.1369,1.71823,17.0886,52.4969
0.0744085,0.225336,0.109562,4.52913,17.2372,52.4975
0.0811847,0.10384,0.0964935,1.61424,17.3508,52.4994
0.0777532,0.204885,0.141357,2.38477,17.3966,52.4995
0.0783971,0.179365,0.146193,2.8146,18.6032,52.5002
0.0794108,0.110713,0.11552,2.94837,18.9933,52.5005
0.0796902,0.180689,0.145449,1.96715,17.7975,52.5023
0.0735906,0.184248,0.146951,5.0689,19.7101,52.5028
0.0796826,0.0861831,0.117746,2.65393,18.5309,52.5035
0.0777129,0.104838,0.0985754,3.31929,18.4852,52.5035
0.0751383,0.178822,0.0963001,4.65334,17.6195,52.5039
0.0739518,0.239395,0.157803,4.65254,18.0097,52.5045
0.0819479,0.171655,0.161615,0.392,18.654,52.5048
0.083811,0.0690333,0.123773,0.956146,18.2915,52.5049
0.0732911,0.215077,0.114442,5.43044,18.1986,52.5051
0.0790491,0.0513749,0.0739209,3.55349,17.3416,52.5051
0.0663886,0.357826,0.152521,9.29402,19.5515,52.5058
0.0753837,0.0847511,0.0685921,5.23342,17.3006,52.5067
0.0727374,0.230454,0.13719,5.00927,18.8393,52.5082
0.0792096,0.111908,0.115478,2.54265,18.0462,52.509
0.0675692,0.335303,0.161141,8.77287,19.2328,52.5092
0.0781193,0.172388,0.153613,2.36914,18.3561,52.5105
0.0800435,0.0817978,0.0826368,2.83201,17.6727,52.5105
0.0775135,0.0468442,0.0588581,4.65875,16.7636,52.5106
0.0673788,0.268944,0.135841,9.44611,19.2723,52.511
0.0832913,0.0833886,0.142288,0.535436,18.5405,52.5112
0.0768683,0.167797,0.120465,3.18308,18.4603,52.5126
0.0769068,0.165439,0.107298,3.6281,17.7283,52.5133
0.0709325,0.280668,0.153739,6.01806,19.3574,52.514
0.0699612,0.161045,0.0799451,8.61628,18.418,52.5145
0.0775757,0.114045,0.0920018,3.91882,17.8046,52.5161
0.0827869,0.108741,0.141616,0.32487,18.4209,52.5171
0.0717997,0.200443,0.111398,6.67889,18.2868,52.5194
0.0755721,0.254203,0.154303,3.68169,18.1786,52.5197
0.0807872,0.0389767,0.0811211,2.10114,17.2311,52.5204
0.0791268,0.12535,0.118564,2.63648,18.5716,52.5208
0.0739248,0.241114,0.159363,4.70976,18.242,52.5208
0.0734189,0.096049,0.0777258,6.30237,18.0443,52.5209
0.0679021,0.309192,0.164056,8.42254,19.5959,52.5214
0.079917,0.0851765,0.112972,2.13774,18.9974,52.5232
0.0781404,0.186582,0.131347,2.16681,17.5551,52.5234
0.0764284,0.182144,0.124781,3.5123,18.8015,52.5265
0.0707339,0.282195,0.146167,6.63403,18.2087,52.5267
0.0712211,0.152235,0.0905995,7.40819,18.1796,52.5269
0.0794752,0.112165,0.121684,2.40015,18.5204,52.527
0.0823398,0.0414071,0.108123,1.84639,18.9061,52.5279
0.0815263,0.0844843,0.130592,1.48117,18.1223,52.5289
0.0840925,0.0507923,0.117998,0.449314,18.1374,52.5297
0.0695696,0.194652,0.0903892,8.63152,18.2943,52.5302
0.0647889,0.299771,0.114546,11.2103,19.8909,52.5302
0.0788816,0.152712,0.0996651,2.80758,17.3763,52.5304
0.0707169,0.300306,0.127445,6.46525,18.8452,52.5306
0.0826994,0.129334,0.105778,0.805853,17.3183,52.5314
0.0676231,0.246284,0.100648,9.43779,18.2448,52.5325
0.0808279,0.0380695,0.071976,2.61487,17.6431,52.5327
0.0674366,0.357724,0.145086,8.29938,18.2486,52.5331
0.0832949,0.108614,0.109332,0.532349,17.0586,52.5334
0.0770032,0.167974,0.101709,3.14733,17.4211,52.5335
0.0831013,0.105213,0.117475,0.0749536,17.5909,52.5335
0.0819417,0.153912,0.145757,0.521385,18.5454,52.5339
0.0712497,0.243018,0.128828,6.64523,18.4392,52.5339
0.0773227,0.1406,0.118408,3.5874,18.032,52.5342
0.080218,0.151292,0.160927,1.49062,18.1818,52.5347
0.0780353,0.0092411,0.064322,4.70231,17.0671,52.5348
0.0731722,0.22671,0.119129,5.80659,18.0397,52.5349
0.0779473,0.096559,0.0808981,3.67357,17.1301,52.5353
0.0783822,0.174315,0.146272,2.75612,18.6665,52.5355
0.081361,0.114534,0.0970473,1.98044,17.3169,52.5362
0.0800043,0.15369,0.157775,1.8181,18.1788,52.5374
0.0733427,0.105658,0.0739813,6.72927,17.9234,52.5384
0.0722156,0.183342,0.110265,6.81534,18.283,52.539
0.0757058,0.241673,0.129007,3.81339,17.9538,52.54
0.0710272,0.181727,0.0903911,7.67293,18.8105,52.5401
0.0691279,0.313023,0.141579,7.83407,18.4266,52.541
0.0807171,0.144715,0.139341,1.80554,18.9185,52.5414
0.0663187,0.361558,0.151085,9.00073,19.3297,52.5417
0.0811187,0.197602,0.155215,0.90384,17.1026,52.5419
0.075687,0.217825,0.152289,3.44852,18.8473,52.5422
