beta,permeability,xi,init_days,delay,value
0.0520292,0.973692,0.134057,8.6629,10.6583,55.8471
0.0513196,0.974578,0.116881,9.85433,10.0911,55.938
0.0522744,0.956726,0.101502,8.82056,9.39729,55.9446
0.0532001,0.943439,0.106656,7.70861,9.39355,55.976
0.0518693,0.985501,0.137635,8.31253,10.9402,55.9806
0.0511424,0.98852,0.120391,9.30924,10.4759,56.0071
0.0567327,0.866884,0.114775,4.66979,9.64701,56.0218
0.0554505,0.897237,0.11032,5.23916,9.52872,56.0236
0.0512085,0.98067,0.124541,9.97472,10.7578,56.0559
0.0621148,0.785409,0.126177,0.633592,9.52762,56.0665
0.0621662,0.783766,0.131252,0.487162,9.32314,56.0763
0.0533322,0.932583,0.12308,7.68088,10.2743,56.0893
0.0540065,0.939111,0.146694,6.81918,10.4321,56.1187
0.0608949,0.793047,0.118916,1.39257,9.52662,56.1229
0.0616724,0.805299,0.145491,0.484843,9.48054,56.1322
0.0590142,0.845184,0.131097,2.79941,9.80768,56.1386
0.0621727,0.783107,0.12368,0.714975,9.21342,56.1438
0.0542385,0.922125,0.125992,6.56558,10.9004,56.1448
0.0539287,0.944858,0.150686,6.86413,10.3878,56.1452
0.0539786,0.937626,0.1471,6.46809,10.944,56.1459
0.0567422,0.86742,0.125931,4.09809,10.2144,56.1496
0.0621373,0.785264,0.106183,0.726557,8.32393,56.1528
0.0530288,0.957413,0.134941,7.58082,10.0248,56.1603
0.0621336,0.782793,0.126784,0.296049,9.34094,56.1635
0.0533783,0.929055,0.10677,7.74356,9.83747,56.1657
0.0518546,0.991047,0.142405,8.08787,10.156,56.1659
0.0596,0.810355,0.0938682,2.15816,8.80153,56.1703
0.0532317,0.942693,0.103445,7.52769,9.53164,56.172
0.0532242,0.941457,0.124929,7.075,10.0607,56.1726
0.053092,0.949603,0.127251,7.17883,10.9774,56.1777
0.0601295,0.841344,0.1441,1.68287,9.19404,56.1781
0.0615893,0.81872,0.148837,0.880908,9.33423,56.185
0.0503935,0.992985,0.128426,10.0039,11.966,56.1896
0.0603447,0.820264,0.139669,1.22902,9.77466,56.1934
0.0563037,0.900892,0.125713,4.04923,9.32572,56.1942
0.0569001,0.856566,0.110289,4.94296,9.45622,56.1963
0.0606924,0.806802,0.124432,1.28037,9.81744,56.1972
0.0580033,0.843954,0.119367,3.64593,9.97756,56.1972
0.05953,0.815724,0.0948875,2.49863,8.75297,56.1976
0.0521123,0.968491,0.110448,8.56391,9.06721,56.202
0.0602979,0.826367,0.140657,1.1619,9.39609,56.2031
0.058877,0.849267,0.138073,2.49189,9.80456,56.2084
0.060457,0.814385,0.132543,1.79006,9.12906,56.2086
0.0621847,0.78361,0.109176,0.0547514,8.99921,56.2092
0.0574575,0.876075,0.133218,3.46432,9.84614,56.2213
0.0523059,0.95272,0.131705,8.53819,11.1587,56.2243
0.0511803,0.98669,0.140663,9.86243,11.0523,56.2268
0.0534961,0.922288,0.0976986,7.4505,9.98774,56.2332
0.0527226,0.982685,0.152509,7.87412,10.6371,56.2371
0.0528175,0.974127,0.144053,7.87531,10.1324,56.2387
0.0590157,0.843336,0.134746,2.73369,9.86405,56.2392
0.0519172,0.979974,0.156848,8.7832,11.3351,56.2427
0.0582082,0.833497,0.113133,3.7617,9.08037,56.2487
0.0556683,0.88144,0.122583,5.51799,10.8001,56.2526
0.0622853,0.779168,0.106205,0.968327,8.12484,56.2538
0.0565053,0.88512,0.140243,4.88468,10.1134,56.2598
0.0512958,0.978137,0.102479,9.42078,9.29924,56.2609
0.0621687,0.784933,0.125974,0.553873,9.48188,56.2824
0.0531133,0.949439,0.116252,7.9652,9.6263,56.2845
0.0575301,0.873746,0.15287,3.62079,10.603,56.2861
0.0618417,0.804225,0.138115,0.142609,9.9618,56.2972
0.0554416,0.896333,0.122264,5.01287,10.4909,56.3005
0.0556912,0.877244,0.104999,5.50922,9.41494,56.3023
0.0538486,0.948078,0.147673,6.14648,10.7836,56.3032
0.0576193,0.869915,0.152085,3.87146,10.2015,56.3077
0.061678,0.804323,0.149167,0.853031,9.02292,56.3077
0.0581064,0.842067,0.0917195,3.61321,8.37784,56.3091
0.061805,0.805621,0.137537,0.88907,9.0849,56.3156
0.0513907,0.97106,0.116256,9.47149,10.2425,56.3158
0.0567263,0.870156,0.105631,4.04712,9.80207,56.3187
0.0512219,0.979567,0.142325,9.85328,11.7619,56.3219
0.0523363,0.949185,0.0966354,8.98285,9.00459,56.3314
0.0539248,0.95182,0.146142,6.53061,10.483,56.3321
0.0519753,0.981612,0.149626,8.60345,11.8532,56.3324
0.0540668,0.932888,0.114523,6.30315,9.23557,56.3327
0.0607277,0.801565,0.116367,1.92458,9.11314,56.3347
0.0510874,0.991581,0.118262,9.56706,10.3479,56.335
0.0510179,0.997621,0.141869,9.68391,11.189,56.3368
0.0565804,0.879051,0.130038,4.42187,10.1452,56.341
0.0540643,0.932555,0.120064,6.75354,9.2776,56.3427
0.0610439,0.78733,0.112972,1.85929,9.33861,56.344
0.0525305,0.987862,0.16277,7.82939,10.8747,56.3444
0.055505,0.896559,0.110301,5.64362,9.85753,56.3468
0.0610548,0.786747,0.113841,1.01342,9.22274,56.3478
0.0568558,0.862833,0.106546,4.40653,9.75607,56.3523
0.0610553,0.78506,0.114659,1.01384,9.31268,56.3523
0.0521766,0.960573,0.135524,8.28576,11.1169,56.3558
0.0583082,0.830125,0.107779,3.62108,9.78441,56.3564
0.053199,0.945369,0.111789,7.44114,9.84788,56.3571
0.0557397,0.877007,0.11966,5.53109,10.6174,56.3606
0.0557208,0.878959,0.120131,5.3778,10.4384,56.3613
0.0577165,0.861362,0.139675,3.35041,10.683,56.3664
0.0565458,0.88328,0.124071,4.70318,9.29949,56.3669
0.0568472,0.859655,0.127284,4.85955,10.7967,56.3769
0.050999,0.996799,0.150918,9.73942,11.8509,56.3797
0.0530962,0.946387,0.148712,7.18125,11.3181,56.3813
0.0593566,0.822039,0.125548,2.92185,9.42654,56.3888
0.0579522,0.850285,0.0964519,3.24791,8.3638,56.3893
0.0504991,0.986489,0.125244,10.9367,11.7913,56.3912
0.056464,0.884522,0.130308,4.52984,9.24224,56.3967
0.0557739,0.875595,0.0848946,5.89138,8.49323,56.3973
0.0541589,0.926655,0.146376,6.73199,10.1743,56.3977
0.0524001,0.947913,0.116458,8.00003,10.096,56.3999
0.0498209,0.989693,0.101149,11.9839,10.8221,56.4016
0.0606976,0.803338,0.133342,1.88097,9.67376,56.4028
0.056724,0.869863,0.093461,4.48869,8.23085,56.4038
0.0623958,0.772226,0.0966371,0.776422,8.54399,56.4039
0.0554746,0.894157,0.0992462,5.00795,8.45509,56.4055
0.060585,0.812134,0.119992,1.79764,9.25319,56.4076
0.0504397,0.992235,0.126796,10.43,11.7382,56.4089
0.0522026,0.959997,0.132234,8.05465,11.7532,56.4148
0.0513341,0.976694,0.116486,9.35857,10.6077,56.4218
0.0566028,0.878437,0.140973,4.25987,10.4045,56.4229
0.0593172,0.823019,0.139746,2.50849,10.1113,56.4266
0.0618888,0.79568,0.117667,0.857878,8.28891,56.4312
0.0590374,0.842346,0.155597,2.15516,10.701,56.4326
0.0590181,0.839553,0.157899,2.65969,10.6936,56.4327
0.0549086,0.928267,0.153646,5.66036,10.7698,56.4411
0.054353,0.9131,0.103397,6.50345,9.92599,56.4422
0.0546139,0.897666,0.0954055,6.88939,9.91083,56.443
0.0605116,0.817705,0.124206,1.51273,9.69209,56.447
0.0530214,0.954318,0.124383,7.7115,10.3622,56.4505
0.0602083,0.828763,0.135833,1.80483,9.22411,56.4521
0.0524755,0.939062,0.125854,8.99958,11.7437,56.4533
0.0549315,0.932723,0.163225,5.6707,10.0914,56.4535
0.0515561,0.955917,0.121436,9.82724,11.7297,56.4541
0.0593622,0.821296,0.135841,2.06728,10.4614,56.4549
0.0531487,0.943706,0.117003,7.03519,9.5919,56.4578
0.0564899,0.883283,0.106999,4.67709,8.60461,56.4581
0.0539204,0.943341,0.1583,6.3654,10.644,56.4622
0.0534908,0.918401,0.11257,7.77817,10.5002,56.463
0.0529672,0.960087,0.164527,7.73549,11.7357,56.4635
0.0576143,0.866315,0.135675,3.94105,9.28269,56.4671
0.0566692,0.874582,0.0958936,4.41543,8.32557,56.4718
0.0551826,0.911203,0.131786,5.21407,10.7898,56.4724
0.0622952,0.774383,0.103251,0.383869,8.17223,56.4729
0.0533113,0.935823,0.118048,7.08343,10.9014,56.4794
0.049704,0.996081,0.115954,11.7454,11.5754,56.4808
0.0615064,0.825089,0.149234,0.0156868,9.53073,56.4815
0.0538584,0.95761,0.126183,6.83846,9.94277,56.4824
0.0524134,0.946967,0.119777,8.02785,10.4259,56.4854
0.0606887,0.807693,0.110086,1.59583,8.90285,56.4867
0.0525226,0.938665,0.0894439,8.22179,9.19297,56.4867
0.05615,0.904307,0.132891,4.26876,9.63792,56.49
0.056742,0.872371,0.111741,4.68504,9.25964,56.4921
0.0541625,0.930343,0.125415,6.32569,10.5775,56.4922
0.0606852,0.808999,0.106517,1.11961,8.50481,56.4922
0.0539003,0.941633,0.152926,6.45795,10.0166,56.4967
0.0516224,0.951626,0.0922473,9.06817,9.44915,56.497
0.0538784,0.945151,0.12863,6.7658,9.64978,56.4989
0.0549033,0.941354,0.134906,5.83649,9.63815,56.5027
0.0603939,0.823001,0.118515,1.76031,8.95804,56.5039
0.0569092,0.857777,0.0877097,4.47191,8.09362,56.5063
0.0584943,0.881091,0.148536,2.38709,9.59877,56.5067
0.0622092,0.777745,0.130634,0.202646,9.5546,56.5085
0.0565633,0.883753,0.112728,4.84631,9.85608,56.5096
0.0526136,0.997256,0.158832,7.0781,10.6934,56.512
0.0533662,0.932062,0.123427,7.45342,10.9195,56.5123
0.0587321,0.862643,0.160327,2.2696,10.5387,56.5123
0.0575874,0.871851,0.163737,3.67331,10.2168,56.5125
0.059893,0.856006,0.156776,1.34905,9.06473,56.5138
0.0588238,0.862296,0.137709,2.87149,9.1119,56.5156
0.054508,0.900904,0.120633,6.46219,10.5315,56.5156
0.0515538,0.953895,0.0922229,9.88574,9.74522,56.5162
0.0532542,0.935453,0.134391,7.27554,10.728,56.5164
0.0589557,0.84131,0.13317,2.06349,9.2675,56.518
0.058807,0.86231,0.131965,2.28643,9.75208,56.5181
0.0511969,0.987335,0.139771,9.36896,11.1903,56.5182
0.0521575,0.964214,0.136475,8.58356,10.484,56.5188
0.0527156,0.971987,0.153365,7.8478,10.5002,56.5193
0.0511725,0.992476,0.103021,9.07659,9.79848,56.5193
0.05237,0.945142,0.112722,8.38338,10.8014,56.5225
0.0515679,0.955998,0.119234,9.43926,11.1633,56.523
0.0541402,0.935212,0.136789,6.45869,10.1539,56.5242
0.0519312,0.978273,0.161126,8.83106,11.0064,56.527
0.0519397,0.985609,0.143169,8.60063,10.4856,56.5273
0.0512634,0.983877,0.119472,9.67028,10.9187,56.5329
0.0620528,0.786649,0.116673,0.803683,8.02988,56.5343
0.0605714,0.809174,0.150936,1.71187,10.1382,56.535
0.0560043,0.860477,0.0961091,5.97642,9.37825,56.535
0.0622809,0.779791,0.120757,0.0722164,9.05708,56.5361
0.0624693,0.767134,0.107034,0.585736,8.68934,56.5367
0.0573849,0.885104,0.161972,3.8518,10.7748,56.5396
0.0580406,0.840966,0.134665,3.78117,10.5864,56.5403
0.0583707,0.822953,0.103161,3.53359,9.52178,56.5409
0.0505621,0.982807,0.104958,10.0154,10.189,56.5433
0.0543734,0.916795,0.125678,6.19114,10.4382,56.5439
0.0604532,0.818134,0.154439,1.26481,10.4977,56.5445
0.0609289,0.790353,0.123082,1.8119,9.83117,56.545
0.0584549,0.820937,0.106426,3.00783,9.80719,56.5455
0.0593597,0.821357,0.106048,2.78113,8.07501,56.5494
0.0619246,0.791949,0.130746,0.977042,9.28255,56.551
0.0566528,0.876304,0.135818,4.05702,10.8419,56.5522
0.0562399,0.906409,0.123925,4.4309,9.18862,56.5532
0.0529965,0.964038,0.10962,7.14326,9.68458,56.5539
0.0512478,0.975506,0.134029,9.49578,11.2173,56.5542
0.0562323,0.89722,0.14289,4.36029,10.8061,56.5548
0.0627224,0.757485,0.0848362,0.670619,7.47732,56.5558
0.0591697,0.835789,0.146073,2.15263,10.9814,56.5567
0.0565381,0.877269,0.116443,4.33241,9.43804,56.5578
0.0568188,0.868187,0.0913066,4.87819,8.08682,56.5591
0.0536168,0.910427,0.109512,7.74896,10.5267,56.5594
0.0528514,0.976699,0.148463,7.33163,10.2251,56.5598
0.0555846,0.892141,0.0893223,5.24724,8.73995,56.5614
0.0506825,0.968083,0.115892,10.8772,11.0633,56.5622
0.0561194,0.90986,0.156672,4.46817,10.2785,56.5634
0.0574944,0.882498,0.164802,3.05137,10.4123,56.5635
0.0562049,0.899849,0.145291,4.64688,10.7335,56.5643
0.0562889,0.898009,0.140618,4.81684,10.4819,56.5682
0.0592191,0.833942,0.0992297,2.0647,8.19591,56.5724
0.0517624,0.990056,0.150127,8.65241,10.5495,56.5725
0.0586216,0.873918,0.139561,2.67263,9.9303,56.5739
0.058482,0.881378,0.146592,2.00532,9.73864,56.5739
0.0523018,0.957207,0.121647,8.65168,10.6181,56.5753
0.0590715,0.845681,0.127197,2.65929,9.29735,56.5776
0.0602432,0.831711,0.164472,1.57498,10.6348,56.5831
0.0627512,0.755515,0.0925689,0.150266,8.13567,56.5838
0.0617772,0.806517,0.124506,0.552648,8.76088,56.5851
0.0518592,0.984678,0.147727,8.38402,11.2288,56.5872
0.0555899,0.885258,0.133624,5.54787,10.1447,56.5902
0.0619537,0.79471,0.145906,0.89444,9.55707,56.5908
0.0596023,0.808364,0.0995548,2.14094,8.97107,56.591
0.0561573,0.906633,0.13568,4.34471,9.45814,56.5918
0.0533303,0.933393,0.141311,7.83929,11.9506,56.6014
0.0511061,0.996683,0.118955,9.83106,10.3206,56.6019
0.061726,0.806853,0.136708,0.943335,9.50103,56.6029
0.0579504,0.852837,0.106126,3.11096,8.12673,56.604
0.0615492,0.810312,0.15969,0.738537,9.34344,56.6064
0.053807,0.89932,0.090145,7.49643,9.28716,56.6064
0.062543,0.761974,0.121185,0.580555,9.86624,56.6067
0.0589127,0.852956,0.11872,2.82191,8.79339,56.607
0.0575839,0.873058,0.144367,3.95875,10.0016,56.6075
0.0577942,0.862927,0.14154,3.0688,10.4059,56.6095
0.0628122,0.75321,0.0772689,0.774112,7.21303,56.6112
0.0567523,0.86868,0.0998458,4.01401,9.93365,56.6113
0.0528124,0.96806,0.119873,7.42093,9.11154,56.616
0.0539518,0.94056,0.160717,6.24741,10.7927,56.6169
0.0621392,0.788582,0.12748,0.649695,9.52848,56.6218
0.0540246,0.939636,0.127015,6.91553,10.6758,56.6224
0.0537223,0.905525,0.0798285,7.11833,8.39558,56.623
0.0513282,0.977929,0.113767,9.92081,10.9635,56.6258
0.0504632,0.988859,0.14528,10.9412,12.5151,56.6269
0.062773,0.755259,0.0816839,0.387629,7.99219,56.6271
0.0546132,0.897192,0.107249,6.15164,9.04194,56.6303
0.0585974,0.815092,0.0725967,3.18828,7.99991,56.6322
0.0537229,0.906793,0.0968632,7.53323,9.52656,56.6337
0.0524658,0.993083,0.163251,7.94324,10.5023,56.6339
0.0515349,0.957963,0.118605,9.02081,11.066,56.635
0.0608579,0.800343,0.100491,1.24794,8.98531,56.6361
0.0580765,0.840035,0.125042,3.8608,10.5337,56.6373
0.0503494,0.994126,0.148836,10.1922,12.6208,56.6394
0.0540078,0.943666,0.129488,6.05819,10.9476,56.6397
0.0585215,0.869392,0.149004,2.19982,9.44857,56.6404
0.0527699,0.976734,0.157637,7.5356,10.3819,56.6413
0.0514911,0.956955,0.12273,9.7783,11.4865,56.6421
0.0538727,0.952441,0.125649,6.89058,9.75706,56.6441
0.0523268,0.953496,0.111134,8.25308,10.8879,56.647
0.0533802,0.932026,0.118366,7.19605,10.2195,56.6477
0.0620439,0.787603,0.158888,0.0917926,10.3362,56.6477
0.0562544,0.897944,0.12339,4.34693,9.31073,56.6487
0.0607259,0.804249,0.110014,1.37197,9.66725,56.6512
0.0607529,0.80614,0.0986962,1.455,8.73535,56.6524
0.0518355,0.991602,0.131562,8.11887,10.0986,56.6526
0.0618154,0.802551,0.118627,0.585535,8.86611,56.6528
0.0532872,0.935491,0.148775,7.87751,11.9892,56.6558
0.0550505,0.867619,0.090398,6.5664,9.87768,56.6614
0.0527279,0.985952,0.139238,7.57689,10.2487,56.6614
0.0561317,0.857646,0.0667628,5.59582,7.86483,56.6616
0.0562759,0.900952,0.139984,4.90122,10.5404,56.6641
0.0582824,0.828904,0.121456,3.94495,10.956,56.6661
0.0537244,0.966661,0.149926,6.47305,10.3498,56.6679
0.0604397,0.816546,0.121383,1.45837,8.88445,56.6688
0.0520684,0.966128,0.127259,8.37734,10.1942,56.67
0.053786,0.897549,0.0909142,7.62135,9.3285,56.671
0.0552379,0.91542,0.133096,5.01962,10.2194,56.6721
0.0546197,0.893241,0.113198,6.7685,10.3916,56.6723
0.0508102,0.957881,0.10221,10.4015,10.3378,56.6724
0.0525937,0.932863,0.11325,8.56678,10.4812,56.673
0.0528398,0.979461,0.147482,7.01274,10.367,56.6746
0.0605959,0.811195,0.147206,1.72422,10.685,56.6761
0.0576863,0.864608,0.137659,3.26641,9.39403,56.6771
0.0518923,0.980148,0.152796,8.50305,11.7229,56.6774
0.0530482,0.951205,0.117191,7.08514,10.7062,56.6782
0.0555889,0.888615,0.0963016,5.03335,9.99663,56.6792
0.0626239,0.764036,0.0828382,0.167751,7.33562,56.6799
0.0538519,0.958201,0.138078,6.0975,10.6347,56.6806
0.0548585,0.940643,0.155363,5.22159,10.0458,56.6821
0.055503,0.892301,0.0922816,5.17534,8.6666,56.6873
0.0548674,0.880914,0.0922848,6.9935,9.03588,56.6876
0.053231,0.942576,0.11427,7.6449,10.4605,56.688
0.0536966,0.906479,0.076134,7.25137,8.86284,56.6898
0.0553621,0.903393,0.120647,5.07702,10.5236,56.691
0.0513516,0.969416,0.0939047,9.42503,9.31908,56.6911
0.054763,0.953466,0.162575,5.75703,10.4815,56.6915
0.0590037,0.843284,0.140774,2.67604,9.77803,56.6938
0.0538668,0.955148,0.138423,6.68208,10.9815,56.6954
0.0555166,0.895125,0.12381,5.84696,10.6906,56.6962
0.0565231,0.888633,0.102427,4.67774,8.19335,56.6969
0.0567705,0.86777,0.120348,4.79372,9.77812,56.6975
0.0549372,0.93567,0.139492,5.44407,9.98048,56.6992
0.0603272,0.826162,0.118504,1.1473,8.21702,56.6994
0.0589145,0.846734,0.146763,2.5306,10.0665,56.7006
0.0616899,0.804285,0.12716,0.00472725,8.77745,56.7008
0.0523212,0.947842,0.0999707,8.01091,9.80191,56.7013
0.0555968,0.890938,0.0866748,5.21305,8.72994,56.7014
0.0512419,0.975227,0.135427,9.84732,11.7051,56.7032
0.0579376,0.854316,0.112291,3.70784,9.57328,56.7051
0.0549092,0.876283,0.104008,6.25651,10.3064,56.7077
0.0555695,0.887851,0.119918,5.24622,9.42383,56.7089
0.0529533,0.971488,0.113067,7.4965,9.07906,56.7094
0.0617413,0.809733,0.131271,0.975665,9.68881,56.7104
0.057238,0.887716,0.140514,3.05155,9.21795,56.7113
0.0516195,0.954449,0.0866133,9.61322,9.63691,56.7113
0.05109,0.993218,0.163264,9.86158,11.2858,56.7116
0.052957,0.954877,0.13356,7.04799,10.0421,56.712
0.0562999,0.902451,0.119649,4.02278,9.85056,56.7144
0.0620797,0.786646,0.153126,0.897715,10.3898,56.7159
0.05772,0.866941,0.114067,3.6653,9.99921,56.7166
0.0574101,0.887331,0.147249,3.41092,9.73144,56.7166
0.0504655,0.992374,0.0854909,10.8529,9.06315,56.718
0.0585571,0.873301,0.150793,2.70139,9.7772,56.7189
0.0601253,0.834904,0.153507,1.21647,9.37694,56.7204
0.0552864,0.913711,0.103914,5.88461,8.48766,56.7205
0.0572641,0.894847,0.139528,3.05423,9.57683,56.7211
0.0504989,0.986382,0.0846862,10.171,9.57017,56.7222
0.0574238,0.880949,0.145521,3.47007,9.24869,56.7231
0.0572866,0.899996,0.144825,3.36163,9.60715,56.7239
0.0628081,0.755596,0.0750577,0.722003,7.46905,56.7239
0.0602125,0.826546,0.162049,1.00681,10.3872,56.7244
0.0517957,0.989312,0.157772,8.22701,10.827,56.7253
0.0621968,0.781956,0.113327,0.2014,9.5286,56.7257
0.0610558,0.787147,0.0858689,1.00233,8.20949,56.726
0.0584774,0.818574,0.0993719,3.03866,9.69355,56.726
0.0571074,0.849533,0.0757895,4.02074,7.98832,56.727
0.0535937,0.979819,0.160005,6.10547,10.6931,56.7275
0.0627461,0.755,0.079372,0.637583,7.1373,56.7281
0.0518758,0.932953,0.0862052,9.61912,9.73542,56.7299
0.0615333,0.820193,0.143611,0.442724,9.59524,56.731
0.0588479,0.8481,0.152355,2.21503,10.6217,56.7322
0.0543536,0.917302,0.089626,6.67541,8.76582,56.7325
0.0574985,0.884523,0.139459,3.97684,9.36148,56.7326
0.0539545,0.886942,0.0895894,7.61475,9.6372,56.7331
0.0614029,0.817492,0.150452,0.626957,9.19533,56.7345
0.0576821,0.865336,0.138348,3.25651,9.8003,56.7362
0.0538731,0.895081,0.0735802,7.16241,8.25217,56.7362
0.0511901,0.981074,0.116064,9.138,10.1934,56.7372
0.0602758,0.831421,0.158613,1.23254,10.8303,56.7375
0.0601185,0.840358,0.155312,1.82657,9.44495,56.7376
0.0581421,0.834927,0.125409,3.62391,10.4002,56.738
0.0562109,0.844961,0.0941366,5.2128,9.36936,56.7389
0.0572282,0.843934,0.0721259,4.63067,7.31505,56.743
0.0540289,0.948828,0.1148,6.92935,9.24591,56.7451
0.0546577,0.892921,0.108291,6.71446,10.2982,56.7451
0.0520882,0.9661,0.139269,8.57678,11.2816,56.7474
0.060043,0.838747,0.155373,1.76906,9.7787,56.7476
0.0610501,0.788018,0.108797,1.91378,9.10422,56.7489
0.0611962,0.781093,0.112057,1.89552,9.03656,56.7492
0.0536354,0.908624,0.100808,7.54939,9.28299,56.7493
0.0565814,0.87358,0.136343,4.30251,10.4549,56.7512
0.05652,0.886015,0.100762,4.07799,8.14557,56.7513
0.0511845,0.992893,0.122093,9.2902,10.6599,56.7519
0.0532539,0.940186,0.134173,7.87679,10.6554,56.7522
0.0577478,0.868802,0.105122,3.71155,8.8835,56.7536
0.0546757,0.896788,0.102641,6.09317,9.14212,56.754
0.0588145,0.851892,0.119808,2.22513,8.31635,56.7545
0.0613353,0.773298,0.0872818,1.6304,8.58932,56.7574
0.0513857,0.969714,0.123146,9.92367,10.2361,56.7578
0.0535287,0.920406,0.0893514,7.77723,9.08279,56.7596
0.0559077,0.930593,0.142363,4.95751,9.5617,56.7606
0.0582614,0.827356,0.105611,3.50977,9.39994,56.7625
0.0536126,0.90856,0.113416,7.86465,10.7544,56.7628
0.0563559,0.900466,0.129401,4.37363,9.26732,56.763
0.054693,0.889866,0.104242,6.5264,9.13265,56.7651
0.0511203,0.992473,0.154358,9.11637,11.5175,56.7666
0.0532151,0.941877,0.097017,7.43336,8.15719,56.7677
0.0527423,0.987921,0.145246,7.30512,10.9448,56.7689
0.0537575,0.949958,0.159776,6.07046,10.0021,56.7735
0.052367,0.94546,0.0949364,8.16165,9.37577,56.7736
0.0545006,0.900773,0.114795,6.85566,10.0372,56.7744
0.0535613,0.913928,0.105008,7.79558,10.9983,56.7749
0.0566401,0.881303,0.117239,4.07754,9.31556,56.7763
0.0562176,0.900911,0.124483,4.24224,9.44985,56.7779
0.049171,0.989393,0.0911053,12.3714,10.2276,56.78
0.0555553,0.889616,0.138749,5.76029,10.9557,56.7801
0.0569485,0.855774,0.116245,4.0264,10.0247,56.7818
0.0559915,0.921329,0.140533,4.3171,9.94294,56.782
0.0536313,0.91566,0.0970964,7.58158,9.95382,56.7833
0.0521951,0.967931,0.10747,8.82429,9.02657,56.7839
0.0566906,0.866737,0.112646,4.74135,9.01121,56.7858
0.0570893,0.909731,0.155656,3.56465,9.12119,56.7862
0.0608607,0.794918,0.137656,1.93908,10.2387,56.7862
0.0510809,0.990451,0.158552,9.68626,11.7291,56.7863
0.0527254,0.922689,0.100236,8.09159,10.4763,56.7897
0.0510497,0.996133,0.112622,9.08705,10.1755,56.7912
0.0622255,0.777356,0.103207,0.166445,8.22815,56.7912
0.0491316,0.995039,0.0943673,12.6582,10.4801,56.7916
0.0620274,0.787681,0.158519,0.159101,10.5713,56.7923
0.0557634,0.876839,0.0907929,5.67496,9.90009,56.7925
0.056582,0.883477,0.136249,4.6726,10.9113,56.7941
0.0578626,0.859279,0.139354,3.3579,10.114,56.7944
0.0490908,0.995819,0.0781264,12.9049,9.01572,56.7952
0.0623316,0.777663,0.0895554,0.285602,7.42639,56.7957
0.0551916,0.916847,0.160728,5.12604,11.2775,56.7962
0.0515056,0.954895,0.121641,9.6483,11.4232,56.7963
0.0558133,0.875771,0.114938,5.68986,10.0909,56.7989
0.0575964,0.868393,0.137095,3.15573,10.9642,56.8021
0.0620842,0.793004,0.112476,0.0341828,8.07469,56.8028
0.0533373,0.933801,0.14143,7.48079,11.1331,56.8032
0.0569995,0.854358,0.0988583,4.69406,9.50583,56.8035
0.0611776,0.838846,0.164938,0.80313,9.9895,56.8045
0.0527877,0.978395,0.159614,7.90146,10.316,56.8054
0.0534621,0.92785,0.0869469,7.39025,8.57381,56.8054
0.0537098,0.902116,0.108637,7.31206,10.6539,56.8057
0.0560607,0.916535,0.14543,4.31626,9.89727,56.8073
0.060378,0.819431,0.12179,1.50377,9.79213,56.8079
0.0543366,0.919174,0.113312,6.92936,10.3114,56.8087
0.0560653,0.904766,0.163397,4.91155,10.0878,56.8093
0.055401,0.895125,0.126912,5.02796,10.8808,56.8121
0.05349,0.925612,0.0964672,7.89229,9.01679,56.8126
0.0549146,0.929825,0.14388,5.50901,10.0342,56.8155
0.0520315,0.968738,0.147144,8.67844,11.6727,56.8164
0.0538332,0.89233,0.0904233,7.71418,9.43855,56.8172
0.0561966,0.846158,0.0953227,5.17926,9.15404,56.8175
0.0549138,0.929547,0.143445,5.63199,10.6251,56.8181
0.0619269,0.794794,0.158517,0.438782,10.7489,56.8191
0.0527478,0.974998,0.130264,7.81321,9.91308,56.8192
0.0522168,0.959387,0.135829,8.23498,10.3416,56.8194
0.0514514,0.957365,0.115104,9.44935,10.5131,56.8216
0.0505201,0.988618,0.0834735,10.5263,9.90607,56.8233
0.0529531,0.955047,0.15376,7.03576,11.4116,56.8245
0.0588267,0.85198,0.122754,2.83189,8.16724,56.8248
0.062244,0.777464,0.11633,0.817126,8.29874,56.8259
0.0564933,0.888814,0.100436,4.27475,8.80264,56.8303
0.0549117,0.929116,0.125466,5.79499,9.74642,56.8307
0.0555624,0.895263,0.107918,5.8737,9.73318,56.8312
0.0519467,0.973676,0.139317,8.52395,10.5262,56.8319
0.0544706,0.907689,0.141368,6.9079,11.9504,56.833
0.0589517,0.846284,0.120612,2.26485,9.62749,56.8345
0.0518735,0.994828,0.162971,8.12156,11.9866,56.8345
0.0537327,0.966192,0.129822,6.22809,9.54168,56.8355
0.0492516,0.981581,0.0985814,12.807,11.9339,56.8358
0.0593505,0.827186,0.106859,2.9506,9.33818,56.8367
0.052265,0.952355,0.113537,8.99752,10.3121,56.8372
0.0566608,0.875702,0.142526,4.30688,10.5696,56.8374
0.0556601,0.885127,0.112505,5.8239,9.01978,56.838
0.0560711,0.85247,0.107668,5.57548,10.2783,56.8381
0.0560689,0.909419,0.151281,4.65342,10.6903,56.8381
0.0584115,0.824651,0.10001,3.83202,9.87153,56.8385
0.0619583,0.79481,0.159573,0.204358,10.529,56.8386
0.0553812,0.899506,0.10396,5.14566,9.62747,56.8387
0.0527792,0.97333,0.123275,7.72928,9.63036,56.8391
0.0592971,0.821995,0.117633,2.2408,9.09263,56.8405
0.0591277,0.837153,0.137085,2.61976,10.423,56.8408
0.0542966,0.923459,0.100193,6.28757,9.34119,56.8422
0.053946,0.941481,0.16364,6.29241,10.3311,56.8442
0.0554026,0.897452,0.0996233,5.05121,8.03248,56.8443
0.0527349,0.977301,0.162487,7.36287,10.6047,56.8449
0.0520707,0.966021,0.143362,8.40857,11.0465,56.8462
0.0612473,0.775451,0.112962,1.1917,9.51332,56.8473
0.0512103,0.978945,0.101532,9.97175,9.55509,56.848
0.0544687,0.908474,0.0833431,6.10972,8.4686,56.8498
0.0604701,0.822665,0.121123,1.47562,9.03747,56.8537
0.0573467,0.896215,0.132131,3.71131,9.68634,56.8537
0.0571364,0.909155,0.150689,3.75787,9.50076,56.8576
0.0600267,0.788092,0.0822383,2.74585,8.3426,56.8578
0.0539588,0.941017,0.135017,6.0673,9.97947,56.8592
0.0520284,0.985435,0.10893,8.1611,9.61451,56.8599
0.0560672,0.854713,0.0929918,5.32118,9.24076,56.8602
0.0528699,0.961551,0.134752,7.28896,10.3684,56.8603
0.0516405,0.997139,0.153334,8.26103,10.4425,56.8612
0.0612555,0.776771,0.102842,1.87363,9.06116,56.8622
0.0512397,0.976026,0.126803,9.14654,10.0462,56.8638
0.0573035,0.892712,0.150088,3.72381,9.68853,56.8639
0.0555804,0.885401,0.144759,5.14585,11.4661,56.864
0.0621902,0.780208,0.154305,0.0268624,10.2799,56.8642
0.0546127,0.896534,0.109828,6.54283,9.60444,56.8649
0.0625104,0.765712,0.126462,0.0936165,9.2582,56.8655
0.0518103,0.983758,0.141128,8.69509,10.1657,56.8683
0.0527958,0.977761,0.156665,7.35976,11.1956,56.8685
0.052594,0.933616,0.119232,8.52305,11.8817,56.8709
0.0607456,0.799119,0.100286,1.13038,8.18482,56.8711
0.0600125,0.846516,0.141047,1.03237,9.49328,56.8726
0.0591316,0.843743,0.104419,2.67234,8.51802,56.8748
0.0561891,0.898922,0.143746,4.31742,9.26165,56.8749
0.0504358,0.990639,0.0870592,10.9399,9.68537,56.875
0.0593922,0.773747,0.0532118,3.63174,6.00664,56.876
0.0622404,0.775938,0.11032,0.728771,8.80708,56.8761
0.051406,0.961203,0.12609,9.79378,11.3502,56.8764
0.0520371,0.973738,0.112796,8.11903,10.2027,56.8774
0.0567865,0.870013,0.100646,4.83172,8.40139,56.8783
0.0575105,0.878869,0.124241,3.95495,9.09774,56.8787
0.0559811,0.920656,0.139945,4.66718,9.95586,56.8793
0.0558883,0.871678,0.0723381,5.37246,7.0553,56.8805
0.0623481,0.779149,0.105575,0.857154,8.3546,56.8816
0.0614339,0.768234,0.070933,1.8749,7.42802,56.8821
0.0531809,0.945778,0.154053,7.72393,11.1258,56.8821
0.052027,0.97289,0.121677,8.188,9.07077,56.8829
0.0557374,0.881579,0.118307,5.2991,10.2431,56.8832
0.0598987,0.798011,0.0756368,2.6134,7.7558,56.8834
0.0567705,0.865097,0.104053,4.5865,8.22148,56.8846
0.0563089,0.903965,0.15457,4.59778,10.2713,56.8852
0.0523657,0.953219,0.0910113,8.88829,9.55638,56.8856
0.0594663,0.81515,0.126617,2.37038,10.5273,56.886
0.0552648,0.91615,0.12305,5.28636,9.83093,56.8864
0.0608282,0.800023,0.0875169,1.96978,7.65231,56.8892
0.0603985,0.821801,0.148023,1.78056,9.76598,56.8894
0.0532571,0.941706,0.113174,7.40971,10.2751,56.8904
0.0498803,0.976788,0.109697,11.1622,11.3914,56.8911
0.0619542,0.802596,0.109925,0.0704819,8.08403,56.892
0.0561563,0.907075,0.145505,4.07352,9.23558,56.8924
0.0560125,0.919649,0.156142,4.75888,10.4183,56.8929
0.0545765,0.905503,0.0874041,6.30507,8.24428,56.8929
0.0562338,0.895505,0.137164,4.90123,9.81536,56.8946
0.0575119,0.876536,0.124145,3.39405,9.1675,56.8953
0.0527357,0.979896,0.162851,7.37711,11.0371,56.8955
0.0538947,0.958851,0.145813,6.57351,10.4817,56.8959
0.0602383,0.829103,0.119494,1.87873,8.63031,56.9006
0.0558715,0.933301,0.152802,4.93552,9.4892,56.9009
0.0564773,0.886277,0.161978,4.76545,11.9998,56.9043
0.0527335,0.97755,0.139148,7.99971,10.17,56.9047
0.0507892,0.958348,0.113727,10.1011,11.1055,56.9077
0.0491324,0.987482,0.0947696,12.4,10.6402,56.9085
0.0537288,0.953453,0.137953,6.43023,9.45369,56.9096
0.054274,0.929935,0.109133,6.45472,9.52574,56.9117
0.0506288,0.980938,0.106127,10.9982,10.2027,56.9119
0.057844,0.862794,0.117189,3.09601,9.35466,56.912
0.0536796,0.973034,0.146877,6.50686,10.0792,56.9154
0.0588357,0.855806,0.122737,2.17989,8.18324,56.9161
0.0626149,0.76524,0.0848294,0.929445,7.64548,56.9162
0.0587635,0.868071,0.140231,2.18739,9.4184,56.9164
0.0527569,0.970721,0.133662,7.754,9.32164,56.9166
0.051426,0.970362,0.0787393,9.26065,8.97474,56.9179
0.0559984,0.909637,0.146134,4.7915,9.37463,56.9193
0.0531698,0.943564,0.121841,7.83416,9.06486,56.9199
0.0602201,0.780054,0.0689899,2.85155,7.20868,56.9206
0.0587588,0.864815,0.118879,2.39615,8.81233,56.9209
0.0615952,0.757278,0.0881488,1.45855,8.62356,56.9209
0.0588882,0.85169,0.146891,2.70198,10.985,56.9209
0.0569582,0.855269,0.115206,4.09811,9.65665,56.9211
0.0615386,0.761837,0.0765035,1.74226,7.63574,56.9217
0.0628388,0.749656,0.104639,0.350182,9.88226,56.9227
0.0524425,0.94765,0.101322,8.14181,9.89704,56.9231
0.0593642,0.82536,0.138399,2.54347,10.742,56.9237
0.051935,0.990954,0.119368,8.97363,9.75485,56.9241
0.0568412,0.867657,0.0956203,4.62395,8.3821,56.9244
0.0571442,0.909066,0.142788,3.86934,9.41193,56.9269
0.059105,0.845688,0.123857,2.43567,9.20254,56.9271
0.058917,0.855849,0.153237,2.09416,10.8361,56.9298
0.0508512,0.953814,0.0823342,10.8482,9.95023,56.9301
0.0584285,0.871946,0.164485,2.39555,9.997,56.9307
0.0530642,0.957755,0.15737,7.03279,11.0117,56.932
0.0575426,0.820538,0.0932518,4.30762,9.13518,56.9321
0.0492476,0.985156,0.0906964,12.3087,10.3466,56.9321
0.0586399,0.807376,0.102347,3.31234,9.90678,56.9322
0.0540783,0.935109,0.120744,6.07458,10.994,56.935
0.0505731,0.97615,0.113423,10.1761,10.1061,56.9364
0.0560682,0.908061,0.1508,4.89581,9.3935,56.9366
0.0550983,0.925092,0.128991,5.26356,10.9465,56.9369
0.0529253,0.966151,0.129178,7.85953,9.72522,56.9371
0.0538401,0.897946,0.0802901,7.53691,8.73815,56.9381
0.050895,0.949824,0.0946052,10.152,10.0165,56.9388
0.0514739,0.964319,0.0776103,9.83295,8.38568,56.9394
0.0521362,0.969437,0.0974628,8.34843,9.06073,56.9402
0.0622216,0.779733,0.154096,0.375731,10.9363,56.9414
0.0599454,0.844167,0.144858,1.05427,9.57876,56.9414
0.0590717,0.835602,0.161975,2.4396,10.3147,56.9432
0.0571111,0.84823,0.117892,4.18426,10.8573,56.9435
0.0594985,0.820793,0.0974566,2.46162,8.08879,56.9438
0.0512214,0.977939,0.103083,9.80056,9.83276,56.9453
0.0540723,0.946148,0.11817,6.34473,9.11592,56.9455
0.052533,0.930523,0.0978314,8.00639,9.27946,56.9459
0.0620883,0.795872,0.108187,0.337317,8.55045,56.9472
0.052427,0.94876,0.127881,8.85284,11.4958,56.948
0.058864,0.848993,0.111519,2.88433,8.42366,56.9484
0.0629274,0.749103,0.0951339,0.614849,8.92095,56.9492
0.0576661,0.860102,0.126036,3.97207,9.0197,56.9495
0.0571207,0.845969,0.0946964,4.83187,8.68415,56.95
0.0568412,0.855887,0.12508,4.56473,10.2787,56.9506
0.0522111,0.958111,0.0974978,8.88304,9.02751,56.9513
0.0546967,0.897182,0.0853045,6.59241,8.0562,56.9515
0.059729,0.863065,0.156657,1.1465,9.11205,56.9515
0.051603,0.958234,0.0896963,9.50204,9.49368,56.9526
0.0591057,0.846846,0.127949,2.15791,9.81438,56.9533
0.0613369,0.774732,0.0881877,1.99136,8.28443,56.9533
0.059246,0.832693,0.136747,2.63067,10.6242,56.9546
0.0613668,0.773787,0.0889365,1.463,8.0977,56.9556
0.0621971,0.789454,0.105365,0.0659406,8.24521,56.9564
0.0620882,0.784151,0.142871,0.5605,9.18445,56.9567
0.059934,0.793329,0.0791751,2.68149,8.34482,56.9572
0.0523435,0.945672,0.110546,8.1573,10.5057,56.9573
0.0537967,0.964805,0.137395,6.37671,10.3266,56.9589
0.0565458,0.881176,0.0952234,4.08747,8.45416,56.9609
0.0534073,0.923681,0.141071,7.85949,11.6094,56.9611
0.0588952,0.804707,0.0586656,3.88957,6.11545,56.9637
0.0601237,0.784488,0.0757428,2.25356,7.0584,56.965
0.0589203,0.855461,0.151403,2.55959,10.7657,56.9655
0.0512464,0.986362,0.0915835,9.97479,9.60763,56.9659
0.057631,0.872315,0.141409,3.07015,9.49127,56.9672
0.0570402,0.911198,0.153273,3.121,9.02388,56.9681
0.0620434,0.785316,0.113439,0.536716,8.75599,56.969
0.0623757,0.777005,0.0914451,0.779027,8.92912,56.9698
0.0577503,0.85934,0.10395,3.61821,8.62672,56.97
0.0570719,0.845999,0.094794,4.7153,8.13649,56.9703
0.0518682,0.993943,0.15022,8.77152,10.98,56.9708
0.0552924,0.914996,0.0990731,5.30163,8.42307,56.9723
0.0601068,0.837669,0.157696,1.88132,9.72819,56.9723
0.0506964,0.973549,0.0698246,10.636,8.75328,56.9732
0.0558413,0.866779,0.0968044,5.53322,9.60789,56.9738
0.049913,0.973344,0.0998992,11.5607,10.4455,56.9738
0.0588668,0.802971,0.0656618,3.76249,7.6844,56.9743
0.0535424,0.92463,0.09853,7.74741,9.35227,56.975
0.0592747,0.828239,0.104645,2.2034,9.24316,56.9764
0.057422,0.827332,0.091425,4.66012,9.32446,56.9764
0.0549798,0.939561,0.156848,5.1321,10.4273,56.9771
0.0592009,0.828543,0.13612,2.18038,10.4363,56.9776
0.0550007,0.872218,0.0710331,6.23682,8.99868,56.9792
0.0609801,0.793812,0.102613,1.40236,8.71073,56.9795
0.0525885,0.93496,0.120066,8.07498,11.1513,56.9805
0.058745,0.858247,0.123362,2.80841,8.96605,56.9806
0.0553497,0.913825,0.115894,5.23094,9.47823,56.9821
0.0606504,0.809659,0.144356,1.825,10.4274,56.9821
0.0497806,0.9951,0.112289,11.5977,11.5976,56.9824
0.0590824,0.845744,0.118262,2.83541,9.80243,56.9829
0.0529438,0.954279,0.155859,7.45515,11.9031,56.9832
0.0576489,0.86669,0.118377,3.07321,8.02407,56.9853
0.0515032,0.964157,0.115739,9.15607,10.4792,56.9861
0.0566995,0.868903,0.148846,4.81091,11.7973,56.9867
0.0601605,0.782017,0.0726057,2.49447,7.62158,56.9876
0.058871,0.796863,0.0928289,3.32167,9.92973,56.9885
0.0609572,0.796621,0.0948858,1.81604,8.52868,56.9888
0.0577403,0.865206,0.109722,3.8167,9.52316,56.9889
0.0621935,0.781247,0.160422,0.952664,10.6911,56.9894
0.0591616,0.831988,0.163821,2.98429,10.0477,56.9909
0.0620682,0.78582,0.116571,0.539092,9.80792,56.9912
0.0623141,0.779171,0.11657,0.77903,9.41786,56.9912
0.05432,0.925377,0.104888,6.83582,9.95379,56.9914
0.0512266,0.936219,0.0553875,10.7312,7.86387,56.992
0.0621796,0.781323,0.0997494,0.433819,7.44209,56.9924
0.0563844,0.884264,0.149607,4.55611,10.2732,56.9926
0.0539803,0.939507,0.162989,6.24341,10.1388,56.9934
0.0585216,0.864841,0.154924,2.87792,9.79725,56.9934
0.0614279,0.814441,0.162281,0.104351,9.89086,56.9935
0.0591727,0.82961,0.109837,2.04924,8.32903,56.9937
0.0576017,0.874383,0.142912,3.45502,9.84956,56.9942
0.0558972,0.863804,0.0891492,5.41853,8.3693,56.9956
0.0602795,0.836879,0.133068,1.35383,9.30407,56.9959
0.0600923,0.784263,0.1014,2.72857,9.67553,56.9961
0.0582704,0.832538,0.115687,3.80576,9.20615,56.997
0.0563658,0.895367,0.107432,4.27077,8.46944,56.9973
0.0601103,0.830061,0.140522,1.32371,9.83025,56.9975
0.0607002,0.800814,0.114693,1.98972,9.86963,56.9977
0.0607738,0.806521,0.0974988,1.19554,8.57924,56.9997
0.0550573,0.922528,0.1645,5.29831,11.8026,57.0005
0.05123,0.983045,0.124519,9.78418,11.664,57.0007
0.0547264,0.954198,0.134094,5.10944,9.03997,57.0011
0.0520861,0.98181,0.131143,8.9937,10.197,57.0035
0.0609648,0.7936,0.0782728,1.35603,7.94355,57.004
0.0513762,0.97469,0.0836138,9.50677,8.74839,57.0042
0.0551202,0.924935,0.114098,5.96733,9.76168,57.0063
0.0612428,0.837781,0.155727,0.931982,9.93203,57.0074
0.0570087,0.852844,0.113854,4.24307,10.4119,57.0086
0.0518345,0.934591,0.0949422,9.92209,10.9755,57.01
0.0535354,0.923572,0.0854034,7.94569,8.62671,57.0122
0.0571164,0.903859,0.154835,3.77794,9.27738,57.0127
0.0616035,0.75657,0.0979097,1.93524,9.17718,57.0135
0.0504973,0.987055,0.115807,10.6672,11.9273,57.0137
0.0538049,0.90643,0.0652645,7.00511,7.85509,57.014
0.0601508,0.843994,0.126576,1.3817,8.97814,57.0141
0.0573562,0.829409,0.107352,4.25107,10.6344,57.0149
0.0572798,0.838936,0.0788014,4.25514,8.87393,57.0155
0.0589461,0.85022,0.145964,2.54737,9.25903,57.0178
0.0557517,0.873862,0.0859284,5.48323,8.46931,57.0185
0.0530438,0.955226,0.140777,7.53717,11.4167,57.0192
0.0619768,0.799365,0.140374,0.947314,9.29034,57.0192
0.0593055,0.826985,0.0923764,2.53964,7.34423,57.0202
0.0598628,0.85384,0.165076,1.5978,9.10462,57.0207
0.0572045,0.901413,0.137966,3.27315,9.99877,57.0223
0.0491874,0.990328,0.0998477,12.3592,11.6129,57.0231
0.0571254,0.840785,0.0893769,4.37441,8.22459,57.024
0.0597201,0.797014,0.109261,2.0745,9.26289,57.0246
0.052381,0.950723,0.0904284,8.09045,8.34611,57.0255
0.056889,0.863908,0.121756,4.67056,10.7477,57.0267
0.0513768,0.962571,0.131627,9.96499,11.9148,57.0269
0.0578218,0.86343,0.137242,3.83405,10.3962,57.0279
0.054116,0.925624,0.131791,6.16869,10.438,57.0279
0.0557883,0.871065,0.0860751,5.14053,8.92433,57.029
0.0543189,0.924652,0.126347,6.12915,10.5084,57.0292
0.059534,0.820492,0.0944938,2.00092,8.31416,57.0295
0.060987,0.795381,0.115036,1.57675,9.45927,57.0305
0.0524759,0.94661,0.0915809,8.1407,9.37172,57.0305
0.053153,0.951677,0.0976094,7.77563,8.42551,57.0308
0.0522953,0.959738,0.13659,8.76761,11.0712,57.0309
0.0557409,0.874381,0.110632,5.07892,10.1807,57.0324
0.0575467,0.866794,0.155359,3.0621,10.1372,57.0326
0.0559352,0.931059,0.159403,4.30026,10.4135,57.0326
0.0601019,0.837417,0.158887,1.7517,9.12511,57.033
0.0512345,0.986541,0.128102,9.60444,10.876,57.0333
0.0514078,0.973657,0.128573,9.75114,11.8732,57.0343
0.0517708,0.940249,0.0952913,9.0969,10.8677,57.0346
0.0536706,0.966384,0.139165,6.10263,9.3842,57.0363
0.0572999,0.882678,0.156947,3.47522,10.9933,57.0389
0.0591704,0.842352,0.100052,2.40129,8.9297,57.039
0.0614166,0.76769,0.108476,1.89542,9.48183,57.039
0.0513589,0.971762,0.119619,9.27858,11.2547,57.0407
0.0585804,0.86806,0.139688,2.18224,9.17855,57.0414
0.0604215,0.8277,0.105402,1.28286,8.92923,57.0434
0.0550216,0.867072,0.0886168,6.34227,9.44663,57.0442
0.053602,0.910837,0.0863003,7.86959,9.94262,57.0445
0.052727,0.976088,0.136612,7.61917,10.7166,57.0446
0.0520962,0.961991,0.132533,8.37048,10.4879,57.0447
0.0505612,0.984554,0.101946,10.4128,10.1747,57.0467
0.0559471,0.85919,0.0962037,5.79497,9.23056,57.047
0.062025,0.789798,0.103103,0.747965,8.80136,57.0481
0.0538784,0.897999,0.0660892,7.17708,7.32478,57.0484
0.053424,0.929714,0.134587,7.6972,11.8681,57.0486
0.054186,0.924417,0.105164,6.84762,9.86019,57.0486
0.0576923,0.862958,0.102545,3.15672,8.09704,57.0486
0.0609733,0.796299,0.115905,1.07264,9.24923,57.0491
0.0551008,0.929402,0.132581,5.82487,10.1997,57.0511
0.0604126,0.82659,0.105162,1.88726,8.81512,57.0513
0.0497945,0.986179,0.130258,11.7305,12.6369,57.0514
0.0533208,0.937456,0.110932,7.08946,10.7844,57.0521
0.055967,0.859901,0.0900732,5.40503,9.0149,57.0547
0.0528078,0.979774,0.158823,7.44729,10.8365,57.0561
0.0555325,0.891664,0.103939,5.01478,8.74427,57.057
0.0506862,0.967514,0.0938285,10.7369,10.2272,57.0572
0.0585886,0.81202,0.0788225,3.19956,8.83504,57.0574
0.0600752,0.831718,0.153046,1.76513,9.50821,57.0596
0.0514855,0.955299,0.120886,9.45901,11.8106,57.0597
0.0599563,0.857456,0.145725,1.08688,9.73995,57.0599
0.0538761,0.897955,0.065843,7.83029,7.82141,57.0609
0.0568385,0.856645,0.107525,4.91205,9.24449,57.0613
0.0605919,0.817139,0.121677,1.67434,9.35409,57.0626
0.0558188,0.876393,0.0977878,5.94856,9.55296,57.0628
0.0498596,0.98354,0.124675,11.8361,12.545,57.0635
0.0522589,0.958178,0.103997,8.16448,10.3301,57.0643
0.0523865,0.9543,0.119566,8.90689,10.4207,57.0644
0.0562116,0.914698,0.130199,4.17255,9.65987,57.065
0.0630891,0.742444,0.0693272,0.706582,7.46592,57.0662
0.0500779,0.959775,0.0931125,11.1573,10.7248,57.0667
0.0577094,0.860756,0.164585,3.01739,10.0437,57.0678
0.0544356,0.914847,0.128762,6.56041,10.7325,57.0679
0.0573862,0.883397,0.148483,3.16222,10.4691,57.0692
0.0484808,0.995972,0.0880453,13.0806,10.3728,57.0698
0.053647,0.915928,0.0976866,7.57671,9.30517,57.0698
0.0508619,0.955761,0.076943,10.9595,9.98428,57.0703
0.0562934,0.904553,0.133553,4.83684,10.0047,57.0706
0.0516969,0.937679,0.114955,9.35348,11.7626,57.0709
0.0561426,0.918549,0.136922,4.87133,9.67075,57.0717
0.0548823,0.928086,0.148062,5.3944,10.1631,57.0725
0.0540866,0.936704,0.148092,6.50222,11.5606,57.0729
0.0590575,0.847708,0.13403,2.73984,9.33546,57.073
0.0584258,0.82435,0.0963481,3.3564,8.22965,57.0738
0.0542267,0.879534,0.0582976,7.20365,7.70958,57.0749
0.0549601,0.870438,0.0896892,6.11566,9.45892,57.0753
0.0590657,0.850425,0.127424,2.88276,9.4373,57.0755
0.0590022,0.847378,0.103578,2.89331,8.41917,57.0763
0.0528375,0.979337,0.124778,7.39591,10.4794,57.0766
0.0588256,0.862917,0.143593,2.34029,9.94255,57.0769
0.0522569,0.959422,0.0835682,8.12503,8.73449,57.077
0.0551869,0.917313,0.159715,5.30759,10.9166,57.0774
0.0614353,0.814067,0.151152,0.946676,9.39925,57.0775
0.0527609,0.92022,0.0799099,8.02367,9.31969,57.078
0.0607271,0.812139,0.101143,1.44595,8.5767,57.0786
0.0590321,0.793459,0.0620214,3.63041,7.0313,57.0789
0.062557,0.768369,0.114177,0.442304,9.07795,57.0791
0.0504716,0.996471,0.0906085,10.5808,9.81251,57.0812
0.0616837,0.818052,0.14975,0.264316,9.81419,57.0815
0.0591866,0.835141,0.157953,2.80467,10.7445,57.0821
0.0564588,0.893906,0.0971982,4.22019,8.33107,57.0822
0.0554661,0.842531,0.0582804,6.43336,7.14221,57.083
0.0540252,0.945993,0.122545,6.32199,10.9178,57.0844
0.0580246,0.844181,0.119914,3.38248,10.6011,57.0847
0.058795,0.800966,0.0731862,3.8117,7.05348,57.0848
0.0544299,0.916246,0.0989784,6.52919,9.22633,57.0872
0.0537126,0.907311,0.101264,7.53044,9.10163,57.0874
0.0516976,0.94633,0.0941815,9.94996,10.7999,57.0883
0.0548068,0.878268,0.0989295,6.03744,9.07175,57.0884
0.0616612,0.809809,0.120787,0.92534,8.49076,57.0904
0.0622591,0.775662,0.137523,0.523003,9.77404,57.0917
0.0561739,0.915992,0.15799,4.0684,10.2258,57.0918
0.0597724,0.804775,0.110084,2.90198,9.10703,57.092
0.0585944,0.863662,0.129949,2.96621,8.5796,57.0931
0.0611461,0.786566,0.0920368,1.89667,8.81431,57.0932
0.0505567,0.986904,0.119339,10.6848,11.0962,57.0933
0.058533,0.876125,0.163537,2.31756,10.9217,57.0938
0.0569883,0.848114,0.124508,4.978,10.8163,57.0947
0.0551954,0.924074,0.11345,5.76914,9.8622,57.0952
0.0582006,0.840456,0.0862967,3.91037,8.45091,57.0954
0.0548643,0.878438,0.100659,6.80379,9.70351,57.096
0.0536604,0.902926,0.111341,7.51081,10.1011,57.0967
0.05812,0.846215,0.0902028,3.4463,8.7198,57.0973
0.0564103,0.83707,0.0653104,5.3893,7.84213,57.0977
0.0573287,0.883468,0.126094,3.4307,8.97601,57.0981
0.0498704,0.98715,0.0731318,11.5856,8.48775,57.0989
0.062859,0.750709,0.100005,0.83534,8.10858,57.099
0.0558456,0.873882,0.0918207,5.97614,9.76129,57.0994
0.0516867,0.943878,0.0946987,9.71747,10.3007,57.0995
0.0562858,0.891404,0.137151,4.9971,9.9618,57.1002
0.0552489,0.920087,0.140964,5.71224,10.238,57.1005
0.0553379,0.908637,0.101991,5.27721,9.63464,57.1006
0.0505867,0.971204,0.121968,10.9083,11.1424,57.1012
0.0585571,0.818794,0.100297,3.57001,9.68717,57.1013
0.057104,0.900446,0.148562,3.18795,9.77352,57.1029
0.0550236,0.919781,0.13613,5.31575,10.9464,57.1032
0.0518432,0.986708,0.120634,8.07131,10.1388,57.1043
0.0550877,0.930783,0.131932,5.26689,10.4576,57.1047
0.0526594,0.99254,0.137296,7.31645,10.12,57.1057
0.0550831,0.925192,0.162058,5.39129,11.0835,57.1058
0.051322,0.984049,0.115134,9.62727,10.8537,57.1065
0.0562177,0.904469,0.136792,4.32001,10.683,57.1071
0.0547314,0.894164,0.11091,6.32008,10.5241,57.1084
0.0535481,0.914735,0.0890994,7.55568,8.0154,57.1092
0.0515784,0.946361,0.110881,9.87053,10.5155,57.1094
0.0564195,0.89951,0.103447,4.32429,8.95818,57.1099
0.0595159,0.807583,0.115332,2.94918,9.3264,57.1107
0.0537279,0.908497,0.0976006,7.50919,9.85305,57.1108
0.0601819,0.839734,0.129991,1.78006,8.73604,57.1118
0.0572949,0.892463,0.153803,3.09564,10.0263,57.1143
0.0553798,0.90373,0.116913,5.39357,10.486,57.1155
0.0535911,0.974134,0.142404,6.98689,9.13272,57.1171
0.05424,0.923862,0.148432,6.14506,10.2564,57.1181
0.0508247,0.957096,0.0896435,10.7573,9.93783,57.1186
0.0579144,0.853138,0.153566,3.37142,10.9972,57.1193
0.0526338,0.995124,0.140323,7.30269,10.9845,57.121
0.053171,0.95656,0.105436,7.00686,9.86038,57.1211
0.0585224,0.815753,0.0765005,3.31239,7.09686,57.125
0.0521263,0.976011,0.144682,8.00312,11.0779,57.1251
0.0524685,0.936106,0.103434,8.35975,9.54504,57.1289
0.055421,0.848363,0.0605451,6.65732,7.22399,57.1289
0.0613048,0.834168,0.139982,0.472722,8.35014,57.1289
0.0530846,0.943978,0.112288,7.48329,9.25927,57.1292
0.0560296,0.861016,0.0679187,5.1013,7.4703,57.1295
0.0558598,0.863622,0.11745,5.71771,10.2015,57.1308
0.0529275,0.953872,0.161124,7.06077,11.9431,57.1317
0.0593217,0.832852,0.123455,2.21375,9.09604,57.1324
0.0573197,0.90152,0.141636,3.41008,9.16511,57.1327
0.060183,0.774238,0.0950999,2.72965,9.62933,57.1337
0.0542615,0.927903,0.121296,6.3047,10.9829,57.1338
0.0549309,0.879196,0.097503,6.45068,9.21433,57.1347
0.0618206,0.748192,0.0682815,1.9885,7.67041,57.1347
0.0537155,0.912632,0.0735968,7.26709,8.71935,57.1353
0.0542489,0.931158,0.104506,6.85991,9.73711,57.1365
0.0615394,0.762183,0.104176,1.18989,9.61269,57.1374
0.0528655,0.96898,0.161908,7.54635,10.8092,57.1377
0.0591176,0.840479,0.138301,2.77382,9.89984,57.1379
0.0517187,0.948412,0.102034,9.85314,10.5706,57.138
0.0559101,0.923715,0.139694,4.72021,9.49757,57.1392
0.0557595,0.940609,0.163033,4.26734,9.884,57.1393
0.0613873,0.818344,0.138633,0.698119,8.35843,57.1394
0.0621225,0.791741,0.0940395,0.020046,7.22982,57.1405
0.0591818,0.838615,0.146582,2.98857,10.9567,57.141
0.0504706,0.987882,0.138735,10.3435,12.2151,57.1411
0.0574412,0.876286,0.120712,3.17911,8.48359,57.1421
0.056198,0.905243,0.137866,4.838,10.7286,57.1428
0.0571315,0.837226,0.104761,4.53713,9.70308,57.1432
0.055106,0.913864,0.163573,5.70952,10.0234,57.1432
0.0600552,0.780254,0.0981105,2.23917,9.15802,57.1438
0.0615724,0.823977,0.131264,0.842351,8.02032,57.1456
0.0596073,0.804517,0.117755,2.75897,9.64492,57.1456
0.0578148,0.804931,0.0850608,4.16927,9.24969,57.1463
0.0614407,0.828332,0.124141,0.680215,8.47452,57.1464
0.0515398,0.95202,0.0886115,9.17397,9.00074,57.1465
0.0585202,0.824978,0.0713075,3.31441,7.58845,57.1471
0.0621862,0.782983,0.157537,0.796035,10.4413,57.1475
0.0627358,0.750357,0.0990852,0.0139893,8.7237,57.1477
0.0620423,0.797945,0.115045,0.789096,8.05512,57.1486
0.0557254,0.882364,0.110966,5.10822,9.14135,57.1488
0.0605466,0.805475,0.130956,1.85291,9.19687,57.1492
0.0498284,0.98774,0.105553,11.2806,11.5496,57.1494
0.0573099,0.828242,0.0825269,4.11845,8.89783,57.1501
0.052025,0.914645,0.0823547,9.40185,9.43757,57.1502
0.0580192,0.852581,0.119694,3.22327,9.06137,57.1505
0.0618055,0.812179,0.141982,0.690801,9.69926,57.1507
0.0619612,0.743804,0.0678946,1.98067,7.44552,57.1524
0.0623301,0.774862,0.137444,0.327013,10.3318,57.1547
0.0525023,0.941261,0.119977,8.4486,10.9212,57.1548
0.0538671,0.896097,0.0976113,7.33767,10.7899,57.1552
0.0516863,0.952587,0.0895844,9.67274,9.04373,57.1554
0.060357,0.817099,0.163427,1.02143,10.1438,57.1559
0.0521249,0.973566,0.137948,8.64678,11.7797,57.1586
0.0617132,0.809703,0.133392,0.531932,8.51714,57.1587
0.0516918,0.954926,0.0703215,9.24994,8.3656,57.1592
0.0494947,0.965617,0.0577229,12.8288,8.30518,57.1606
0.0553408,0.89893,0.126372,5.66288,9.20149,57.1607
0.0602535,0.777027,0.0963049,2.98567,9.06002,57.1609
0.0626532,0.762738,0.0868234,0.910802,8.62244,57.1619
0.0549927,0.925318,0.119057,5.25142,9.81345,57.1629
0.0529204,0.967713,0.109004,7.05908,9.75619,57.163
0.0509148,0.96066,0.0658055,10.9531,8.32594,57.1633
0.0600806,0.833823,0.159687,1.48593,10.0498,57.1634
0.0618958,0.79866,0.15231,0.236567,10.5322,57.1636
0.0515102,0.95705,0.0957566,9.56482,10.3402,57.1638
0.0528962,0.919002,0.0623006,8.57855,7.12868,57.165
0.0556336,0.88161,0.146287,5.26373,11.3423,57.1656
0.0583178,0.878284,0.161193,2.97177,9.5706,57.1656
0.0544278,0.905298,0.100005,6.93842,9.00467,57.1666
0.0576157,0.868542,0.100555,3.60144,8.68368,57.1668
0.0608764,0.797907,0.0952236,1.61227,7.5276,57.1671
0.0556969,0.883557,0.113333,5.63134,9.38042,57.1676
0.0550356,0.868458,0.0706739,6.29861,8.57486,57.1679
0.0521324,0.973842,0.115271,8.27196,10.5826,57.1682
0.058875,0.844933,0.144569,2.61664,9.11299,57.1684
0.0551741,0.924454,0.100387,5.90348,8.7356,57.1694
0.0543026,0.861164,0.0805146,7.6529,9.8209,57.1697
0.057271,0.89899,0.149274,3.30631,10.9586,57.1702
0.0609129,0.795456,0.126763,1.95455,9.30532,57.1707
0.0542884,0.922984,0.156172,6.70858,11.4458,57.1711
0.0586403,0.874644,0.159194,2.56874,10.7029,57.1713
0.0554387,0.907543,0.0920278,5.03687,8.5919,57.1714
0.0548683,0.885803,0.0823913,6.23766,8.79531,57.173
0.0623284,0.772531,0.140716,0.430954,10.6414,57.1732
0.0521138,0.977123,0.133472,8.88667,10.0818,57.1736
0.0579424,0.846988,0.124754,3.49656,10.763,57.1753
0.0550446,0.86911,0.0846541,6.33283,9.5158,57.1757
0.0616829,0.818776,0.149147,0.40074,9.41883,57.1759
0.0622004,0.782308,0.158626,0.906588,10.498,57.1764
0.0605591,0.815925,0.144359,1.81168,10.2917,57.1764
0.0545192,0.90923,0.0949699,6.57584,9.44568,57.1766
0.055711,0.946555,0.160539,4.90351,9.80151,57.1767
0.0550799,0.919111,0.112332,5.48594,8.56298,57.1771
0.0608225,0.793611,0.139545,1.96136,10.8163,57.1773
0.0544399,0.915199,0.117423,6.23869,10.2231,57.1774
0.0629954,0.738759,0.0939999,0.612266,8.00324,57.1775
0.0547861,0.886144,0.124478,6.76858,11.9453,57.1779
0.0521205,0.965312,0.119135,8.57722,9.62195,57.178
0.0538094,0.954765,0.140802,6.77968,9.96521,57.1783
0.0521853,0.968351,0.0876328,8.91464,8.88092,57.1789
0.0517994,0.938712,0.107933,9.33978,11.6831,57.1796
0.0558503,0.922147,0.145435,4.24991,9.5702,57.1796
0.0564894,0.893373,0.111643,4.38755,9.99368,57.1805
0.0519174,0.988808,0.139835,8.90104,11.1564,57.1814
0.0547323,0.942785,0.137495,5.0487,9.03515,57.1815
0.0571419,0.846223,0.0807736,4.73388,7.64231,57.182
0.0623493,0.777142,0.0816816,0.224058,7.033,57.1821
0.0566078,0.884531,0.137517,4.06183,10.2956,57.1827
0.050097,0.962467,0.0744147,11.6268,9.01272,57.1828
0.0621472,0.787803,0.0966361,0.622472,8.5724,57.1829
0.057548,0.869629,0.117862,3.77989,8.7048,57.1841
0.0517912,0.993934,0.111722,8.4074,9.84307,57.1841
0.0556623,0.88529,0.0759045,5.26086,7.56149,57.1849
0.0531104,0.941521,0.147696,7.09738,11.7608,57.186
0.0617975,0.794299,0.14377,0.789922,9.58486,57.187
0.0608284,0.805422,0.102173,1.47238,8.14593,57.188
0.0511879,0.996365,0.118418,9.86333,10.2014,57.1883
0.0547626,0.946034,0.133973,5.0885,9.34835,57.1885
0.0502319,0.953478,0.0726782,11.7031,9.701,57.1887
0.0604424,0.828723,0.128911,1.42679,9.45617,57.1893
0.0523363,0.94541,0.126915,8.54944,10.7956,57.1909
0.0615342,0.808135,0.158945,0.223479,9.84403,57.191
0.0500996,0.967342,0.0732563,11.6619,9.31501,57.1916
0.0598487,0.801015,0.10633,2.26194,9.5255,57.1916
0.0569378,0.854659,0.134653,4.70486,10.2287,57.1925
0.0546426,0.898959,0.108255,6.12705,10.4193,57.1933
0.0609102,0.794132,0.0804111,1.42086,7.5893,57.1944
0.0569437,0.852406,0.115589,4.66672,9.23967,57.1949
0.0577073,0.873471,0.0986599,3.04928,8.45851,57.1959
0.0562534,0.907386,0.10517,4.55604,8.94068,57.197
0.0539776,0.933736,0.164268,6.26717,11.8995,57.1972
0.062511,0.760686,0.0992594,0.212485,8.61596,57.1974
0.0601236,0.835982,0.159175,1.34538,10.3463,57.1974
0.0538793,0.943857,0.158477,6.36666,11.714,57.2011
0.0513857,0.968126,0.154739,9.05921,12.1042,57.2012
0.0601613,0.781729,0.0778176,2.23279,8.71972,57.2023
0.0624443,0.770999,0.130292,0.670504,9.72847,57.2023
0.0529254,0.905735,0.079799,8.51184,9.13561,57.2026
0.0537613,0.903377,0.0976721,7.56155,10.7972,57.2026
0.0559428,0.925776,0.152022,4.03612,10.9127,57.2032
0.0575248,0.886449,0.15034,3.09568,10.0032,57.2033
0.0541335,0.939242,0.125767,6.09708,10.4684,57.2041
0.0564822,0.831021,0.0764424,5.96382,8.7649,57.2041
0.056386,0.900696,0.098601,4.60384,8.25964,57.2046
0.0583614,0.829663,0.0999734,3.62647,9.12241,57.2057
0.0541953,0.937572,0.0921226,6.9005,8.64454,57.2057
0.0530396,0.904589,0.0690106,8.68711,8.29847,57.2064
0.0560489,0.905698,0.14965,4.7489,9.21285,57.2071
0.0547298,0.890669,0.123736,6.35837,11.2455,57.2074
0.0526543,0.997607,0.14394,7.89587,10.3268,57.2075
0.0626126,0.76535,0.0700344,0.0946068,6.69335,57.2076
0.0558578,0.919279,0.146156,4.65899,9.35602,57.2079
0.0537024,0.900884,0.102117,7.43339,10.2813,57.2089
0.0577686,0.864841,0.131097,3.67232,10.4717,57.209
0.0537904,0.964189,0.118408,6.91811,9.65574,57.2091
0.0527424,0.990894,0.121536,7.32851,9.00354,57.2095
0.0521129,0.96907,0.0874626,8.60373,8.42491,57.212
0.0552115,0.921133,0.108589,5.73675,8.08762,57.2126
0.0574975,0.868698,0.160368,3.16343,10.4862,57.2133
0.0601814,0.828432,0.119336,1.39598,8.79095,57.2141
0.051738,0.936677,0.0974006,9.41265,10.0462,57.2141
0.0633704,0.729085,0.084998,0.276942,8.94557,57.2142
0.0588145,0.804783,0.0733638,3.09668,7.7047,57.2143
0.059534,0.810095,0.123949,2.38843,10.1093,57.2148
0.0537948,0.89443,0.1002,7.3241,10.3182,57.2154
0.0588173,0.864517,0.158677,2.58862,10.5472,57.2158
0.0578762,0.800177,0.0851221,4.74797,9.84989,57.2158
0.0600419,0.851146,0.127367,1.51818,8.44713,57.2159
0.0564594,0.897962,0.11855,4.65792,9.18709,57.2171
0.057041,0.911277,0.145472,3.77041,9.92627,57.2175
0.0622681,0.773924,0.101572,0.349059,8.84065,57.2182
0.0625302,0.764108,0.103529,0.188737,9.86994,57.2184
