beta,permeability,xi,init_days,delay,value
0.0678468,0.293947,0.165919,0.472581,11.1184,23.965
0.067715,0.29397,0.161811,0.936391,11.6715,23.9754
0.067565,0.306849,0.163037,0.0495178,11.7545,23.9759
0.0675831,0.311452,0.165233,0.404996,11.0791,23.9862
0.0659618,0.317095,0.166086,1.24309,11.9661,24.0094
0.0678084,0.289479,0.160342,0.929482,11.0443,24.0246
0.0677313,0.297727,0.161434,0.374099,11.1881,24.0267
0.0676692,0.291587,0.160934,0.835765,11.6879,24.029
0.0678306,0.287885,0.163374,0.938882,11.5554,24.0408
0.0676929,0.304919,0.164315,0.72672,11.3363,24.0543
0.0677014,0.291752,0.157281,0.852401,11.9325,24.0724
0.0677216,0.288215,0.160945,0.583746,11.11,24.0785
0.0660475,0.31091,0.162334,1.26653,11.1681,24.0816
0.0679619,0.287013,0.166259,0.579551,11.8363,24.0967
0.0676388,0.312104,0.166436,0.669751,11.6055,24.1176
0.0677925,0.291078,0.156706,0.301778,11.1439,24.1219
0.067773,0.284855,0.154792,0.775545,11.0627,24.1325
0.067706,0.291018,0.165636,0.0028216,11.2113,24.1389
0.0661197,0.30379,0.159096,1.44238,11.6601,24.1428
0.0679382,0.276245,0.154375,0.761591,11.2019,24.1508
0.0680194,0.279701,0.162531,0.263003,11.899,24.157
0.0660298,0.323887,0.166428,1.6661,11.2179,24.1605
0.0673883,0.320631,0.166459,0.531976,11.8937,24.1675
0.067562,0.310762,0.161644,0.402433,11.3078,24.169
0.066084,0.315518,0.162039,1.35782,11.3706,24.1729
0.067846,0.27825,0.155668,0.104047,11.4518,24.1747
0.0659732,0.326242,0.164718,1.88656,11.3616,24.1748
0.0677815,0.287512,0.166327,0.177088,11.8912,24.1778
0.0661566,0.300273,0.157296,1.29746,11.1977,24.1782
0.0661414,0.306054,0.157942,1.25041,11.3959,24.182
0.0660546,0.313106,0.158967,1.2319,11.2364,24.1886
0.0661418,0.302991,0.163528,1.82963,11.5286,24.1972
0.0661484,0.306565,0.15806,1.26531,11.8571,24.1993
0.066305,0.302596,0.164911,1.12265,11.218,24.2079
0.067888,0.277255,0.157735,0.242023,11.556,24.2112
0.0678997,0.285206,0.155749,0.223073,11.8834,24.2122
0.0661369,0.316605,0.164376,1.3254,11.5103,24.224
0.0661997,0.297234,0.157412,1.87914,11.678,24.2246
0.0645494,0.325873,0.166388,2.452,11.9023,24.2269
0.0662536,0.297406,0.162432,1.94079,11.7218,24.2329
0.0679112,0.277037,0.159995,0.0146483,11.0007,24.2351
0.0678695,0.296408,0.162427,0.294439,11.1709,24.2355
0.0678229,0.289798,0.154886,0.469209,11.3394,24.2359
0.0674487,0.322842,0.166536,0.0971112,11.9152,24.2368
0.0677228,0.296041,0.15589,0.971417,11.4886,24.2372
0.0677473,0.303373,0.160747,0.709302,11.448,24.2381
0.0660124,0.326773,0.166396,1.57292,11.6624,24.2439
0.0659756,0.324505,0.162079,1.19395,11.8022,24.2513
0.0658578,0.317252,0.164441,1.25201,11.9941,24.2573
0.0660859,0.304654,0.164818,1.95128,11.4039,24.2663
0.0674903,0.298483,0.166057,0.707497,11.7012,24.2761
0.0659087,0.314032,0.161314,1.76598,11.3195,24.2808
0.067087,0.336543,0.156657,0.674156,10.585,24.2815
0.0663989,0.292909,0.160519,1.83466,11.3835,24.2834
0.0659482,0.322284,0.160815,1.68344,11.9003,24.2884
0.0679477,0.271096,0.148793,0.864434,11.5357,24.2899
0.0680491,0.270016,0.155864,0.0608988,11.8397,24.2905
0.0680164,0.278083,0.156295,0.14113,11.0834,24.2926
0.0676995,0.28881,0.166171,0.471677,11.537,24.293
0.0678014,0.282433,0.162937,0.67182,11.3996,24.2934
0.0659664,0.308023,0.162892,1.30464,11.4821,24.2985
0.0663001,0.290048,0.155488,1.91103,11.5105,24.2987
0.067775,0.279513,0.158275,0.790257,11.2271,24.3005
0.0643938,0.341985,0.164931,2.52806,11.9167,24.3054
0.0671052,0.332283,0.154905,0.404183,10.0965,24.3056
0.0673897,0.314542,0.146055,0.0756541,10.509,24.3077
0.0663651,0.297374,0.160125,1.2038,11.3537,24.308
0.0670298,0.338274,0.158069,0.930308,10.0414,24.309
0.0661457,0.318715,0.164304,1.35772,11.2746,24.3103
0.064615,0.314265,0.157995,2.87793,11.901,24.3151
0.0646412,0.315768,0.159569,2.3283,11.3963,24.316
0.0676725,0.302354,0.156831,0.4068,11.9437,24.3186
0.06805,0.277725,0.157836,0.193571,11.2279,24.3191
0.0679273,0.282162,0.151906,0.185799,11.5772,24.3252
0.0661828,0.303462,0.154448,1.11012,11.0439,24.3289
0.0672608,0.318381,0.148929,0.650836,10.0219,24.3299
0.066071,0.323329,0.164355,1.89713,11.7116,24.3301
0.0680745,0.272542,0.155102,0.0294653,11.9326,24.3306
0.0658912,0.316654,0.160756,1.03759,11.3014,24.332
0.0675059,0.296393,0.164181,0.72065,11.5627,24.3332
0.0644861,0.339533,0.166422,2.27329,11.5025,24.3341
0.0662985,0.293957,0.164592,1.87029,11.5844,24.3363
0.0680252,0.273676,0.151209,0.965076,11.6104,24.3406
0.0661116,0.301441,0.154142,1.30978,11.3247,24.3424
0.0662591,0.291437,0.158576,1.00238,11.8614,24.3433
0.064618,0.32361,0.160302,2.14252,11.3081,24.3452
0.0673357,0.313859,0.148345,0.260344,10.7601,24.3453
0.0645994,0.316739,0.162723,2.7759,11.924,24.3467
0.0668386,0.355213,0.165997,0.316683,10.8614,24.3486
0.0659246,0.314251,0.159533,1.81375,11.2525,24.349
0.0645029,0.337555,0.164766,2.24017,11.7657,24.3504
0.0629813,0.350842,0.166296,3.08082,11.7299,24.351
0.0674814,0.305068,0.143254,0.750813,10.7021,24.3515
0.0675285,0.30958,0.159652,0.954653,11.085,24.3526
0.0663497,0.300326,0.159988,1.38939,11.2462,24.3553
0.0671707,0.323529,0.149985,0.85531,10.5338,24.3568
0.0669819,0.344354,0.162827,0.120824,10.4917,24.357
0.0669736,0.341203,0.157754,0.429032,10.993,24.3579
0.0671927,0.325929,0.149145,0.78793,10.8318,24.3627
0.0670064,0.344739,0.16239,0.385079,10.1709,24.3643
0.0669032,0.346741,0.161387,0.939607,10.0306,24.3657
0.0675243,0.302577,0.142302,0.950042,10.4764,24.3679
0.0645476,0.324078,0.157487,2.34908,11.9683,24.3715
0.0669682,0.348167,0.16377,0.760998,10.9707,24.3718
0.067127,0.332559,0.151837,0.280632,10.0323,24.3733
0.06731,0.317969,0.164859,0.117474,11.2012,24.3754
0.0680682,0.283337,0.163568,0.647557,11.6472,24.3759
0.064378,0.346972,0.166452,2.20829,11.1816,24.3764
0.0669898,0.345341,0.163156,0.671356,10.7894,24.3767
0.0668526,0.348831,0.165416,0.0161236,10.7866,24.3778
0.0680251,0.269514,0.158892,0.830554,11.4078,24.3783
0.0664541,0.279899,0.151672,1.44805,11.633,24.3787
0.0677665,0.28409,0.151799,0.80713,11.6907,24.3791
0.0664491,0.28381,0.157697,1.23995,11.6384,24.3796
0.0673934,0.311388,0.142948,0.588737,10.5271,24.3811
0.0664344,0.286818,0.159701,1.2837,11.434,24.3845
0.0661219,0.299104,0.153253,1.74531,11.2693,24.3845
0.0663851,0.293438,0.15642,1.51256,11.4077,24.3848
0.0630328,0.347784,0.165464,3.03249,11.1013,24.3858
0.0670882,0.329592,0.155681,0.629704,10.9686,24.3867
0.0672311,0.332248,0.153169,0.766124,10.9367,24.389
0.0646988,0.319559,0.160161,2.00575,11.1911,24.3899
0.0669402,0.350433,0.160801,0.242708,10.4026,24.3926
0.0647105,0.32047,0.164389,2.9857,11.2036,24.3929
0.0646726,0.310003,0.158754,2.23641,11.2516,24.3941
0.0680524,0.266283,0.15557,0.577778,11.3208,24.3943
0.0678106,0.291428,0.152863,0.96251,11.7588,24.3944
0.0674206,0.315259,0.162155,0.129765,11.3784,24.3951
0.0669148,0.346507,0.157956,0.778415,10.7103,24.3952
0.0643915,0.337569,0.162041,2.87084,11.4517,24.396
0.0643559,0.330605,0.163756,2.64171,11.8073,24.3977
0.0674328,0.310222,0.141677,0.0617065,10.6449,24.3985
0.067337,0.315144,0.143876,0.139925,10.2288,24.3985
0.0673354,0.312473,0.163848,0.391085,11.0126,24.4028
0.0673759,0.316831,0.163038,0.506341,11.7823,24.4034
0.0646363,0.326711,0.161572,2.25472,11.8715,24.4038
0.0675232,0.293998,0.162184,0.955784,11.3983,24.4054
0.0671183,0.339473,0.154902,0.953671,10.5465,24.407
0.0672292,0.332964,0.152398,0.444911,10.3719,24.408
0.0659333,0.325357,0.160514,1.25625,11.6557,24.411
0.0662786,0.287644,0.157088,1.41649,11.9434,24.4125
0.067633,0.300759,0.139852,0.215017,10.6338,24.4141
0.0669669,0.337883,0.161787,0.682516,10.6162,24.4173
0.0643843,0.341896,0.163461,2.00298,11.4856,24.4179
0.0669368,0.35341,0.16487,0.868618,10.245,24.4185
0.0681411,0.265757,0.152534,0.295804,11.0282,24.4206
0.06581,0.325159,0.162271,1.24526,11.6566,24.4214
0.065829,0.335157,0.164908,1.17052,11.6496,24.423
0.0681296,0.276629,0.162407,0.0617389,11.1912,24.4231
0.0679517,0.283781,0.151201,0.508864,11.2222,24.4233
0.0664127,0.287607,0.152869,1.57503,11.6174,24.4237
0.066991,0.333549,0.152401,0.427461,10.2941,24.4256
0.0630633,0.346258,0.162328,3.46677,11.8034,24.4261
0.0670707,0.34323,0.156348,0.868927,10.7145,24.4263
0.0676924,0.292313,0.137892,0.685417,10.8576,24.4279
0.0678462,0.288386,0.151602,0.449565,11.3036,24.4282
0.0665048,0.281426,0.156595,1.54262,11.358,24.4309
0.0676315,0.297449,0.141879,0.796628,10.0746,24.4325
0.0677274,0.28728,0.136801,0.630199,10.6625,24.4339
0.0675249,0.298341,0.157634,0.781751,11.4878,24.4349
0.0679471,0.280895,0.149924,0.281698,11.7759,24.4353
0.0681171,0.265398,0.149178,0.955841,11.3004,24.4366
0.0672924,0.315089,0.142611,0.387549,10.7415,24.4369
0.0664415,0.277013,0.147342,1.04719,11.7442,24.4371
0.0672018,0.33431,0.151356,0.783405,10.9577,24.4375
0.0630364,0.345709,0.161829,3.23243,11.0439,24.4387
0.0675964,0.304572,0.144021,0.28682,10.3729,24.4394
0.0647686,0.310764,0.156246,2.11476,11.1191,24.4394
0.0662839,0.312343,0.163239,1.12742,11.7526,24.44
0.0664168,0.27528,0.146561,1.62415,11.5613,24.4401
0.063132,0.331926,0.158869,3.51286,11.2609,24.4403
0.0676005,0.304777,0.143733,0.629485,10.4547,24.4413
0.0678202,0.292885,0.152851,0.011579,11.4016,24.4416
0.0671126,0.324624,0.150746,0.96352,10.1198,24.4422
0.0679631,0.270597,0.15966,0.154744,11.936,24.4427
0.066505,0.281113,0.156815,1.7743,11.7209,24.4428
0.0670486,0.338337,0.152547,0.835635,10.6985,24.4455
0.0672356,0.318422,0.143581,0.793364,10.0133,24.4466
0.0664749,0.27386,0.147615,1.22255,11.3055,24.4468
0.0675614,0.322547,0.16604,0.413336,11.5315,24.447
0.0668049,0.352713,0.160719,0.240646,10.3652,24.4495
0.0669818,0.335655,0.161056,0.810342,10.2869,24.4498
0.0677899,0.279121,0.150425,0.856175,11.6852,24.4503
0.0642226,0.346056,0.166073,2.44216,11.305,24.4512
0.0674327,0.307829,0.147768,0.390215,10.5031,24.4523
0.0673626,0.324284,0.147119,0.91516,10.7358,24.453
0.0671557,0.340169,0.153813,0.731841,10.1133,24.456
0.0670527,0.336825,0.151232,0.867649,10.2942,24.4574
0.0669141,0.356372,0.162386,0.6283,10.996,24.4581
0.0645388,0.317519,0.163654,2.92254,11.3884,24.4583
0.0669772,0.33895,0.163254,0.806828,10.8096,24.4585
0.0646324,0.331669,0.16489,2.23837,11.3719,24.4606
0.0646286,0.321783,0.155264,2.96911,11.7089,24.4611
0.0678677,0.288545,0.151446,0.985386,11.2269,24.4627
0.066925,0.337955,0.157311,0.144603,10.9044,24.4636
0.0645711,0.312076,0.155634,2.53038,11.5124,24.4643
0.0663157,0.280162,0.148351,1.37983,11.5683,24.4658
0.0674173,0.309413,0.139539,0.61695,10.2211,24.4662
0.0669611,0.344676,0.165961,0.600856,10.2468,24.4662
0.0663439,0.290641,0.164511,1.19831,11.8493,24.4675
0.0672725,0.327497,0.157322,0.205407,10.3198,24.4676
0.0631219,0.330678,0.158049,3.99939,11.5907,24.4677
0.0675573,0.295151,0.137719,0.662891,10.3704,24.4683
0.0660784,0.325025,0.163376,1.01529,11.9675,24.4687
0.0669391,0.356378,0.16381,0.930994,10.3006,24.4701
0.0677856,0.28082,0.134131,0.924575,10.0185,24.4705
0.0647347,0.313615,0.164777,2.83627,11.6208,24.4724
0.0670383,0.333802,0.160825,0.12829,10.068,24.4732
0.0679953,0.292963,0.162018,0.963398,11.3082,24.4751
0.06438,0.326494,0.164018,2.98341,11.8848,24.4775
0.0681878,0.269622,0.159378,0.10196,11.3998,24.4781
0.0677575,0.288794,0.134863,0.872311,10.0692,24.4808
0.067755,0.282524,0.135714,0.965055,10.6553,24.4814
0.0680091,0.267529,0.158965,0.332778,11.8445,24.4816
0.067012,0.330105,0.153835,0.213269,10.609,24.4839
0.068127,0.273339,0.163863,0.400603,11.9278,24.4845
0.0680284,0.275358,0.148192,0.0288877,11.3178,24.4851
0.0670078,0.331746,0.156949,0.815157,10.0852,24.4856
0.0670954,0.328676,0.158056,0.931775,10.079,24.4856
0.0670529,0.339907,0.152447,0.250084,10.7431,24.4857
0.0647264,0.321672,0.16644,2.2541,11.9708,24.486
0.0664726,0.289276,0.159542,1.00391,11.0208,24.4877
0.0672634,0.327261,0.158274,0.282382,10.2308,24.4881
0.0677812,0.27891,0.133521,0.341926,10.6693,24.4887
0.0630826,0.33286,0.161332,3.40646,11.9906,24.4892
0.0660619,0.31702,0.156538,1.57334,11.0393,24.4895
0.0670297,0.346441,0.165279,0.682203,10.1282,24.4897
0.0671069,0.340478,0.163283,0.0180242,10.4084,24.4898
0.0677805,0.273966,0.153687,0.0539267,11.693,24.4907
0.0667968,0.36474,0.165575,0.998049,10.5099,24.4909
0.0647782,0.309498,0.154466,2.58,11.7882,24.4919
0.0661437,0.311648,0.154637,1.05002,11.5351,24.4923
0.0679078,0.284116,0.149729,0.113518,11.2331,24.4936
0.0676411,0.316305,0.162409,0.848583,11.3492,24.4936
0.0680019,0.270368,0.146267,0.975592,11.3666,24.4944
0.0671362,0.332266,0.148365,0.585054,10.8863,24.4956
0.0677214,0.286586,0.133861,0.700789,10.6774,24.4978
0.0670053,0.35374,0.160736,0.0635197,10.0619,24.5011
0.0657798,0.33152,0.163074,1.33174,11.453,24.5017
0.0670085,0.341212,0.164865,0.789244,10.1082,24.5027
0.0674338,0.31628,0.153238,0.883157,10.436,24.5032
0.0674548,0.2988,0.138219,0.236385,10.6499,24.5053
0.0676145,0.316593,0.161771,0.282441,11.6506,24.507
0.0670658,0.324325,0.147558,0.96878,10.5373,24.5072
0.062992,0.340842,0.162129,3.73287,11.7494,24.5074
0.0629282,0.35678,0.165333,3.96389,11.5537,24.5091
0.0661924,0.317891,0.161418,1.19147,11.4726,24.5095
0.0672406,0.328453,0.159197,0.950387,10.5226,24.5101
0.0643147,0.336109,0.161631,2.59755,11.3241,24.5104
0.063136,0.335635,0.164657,3.70223,11.6474,24.5116
0.0664352,0.293552,0.156982,1.26429,11.2962,24.5117
0.0646539,0.313078,0.152195,2.93674,11.1387,24.5117
0.0676867,0.300694,0.13842,0.264322,10.5564,24.5122
0.0671169,0.337521,0.150777,0.574439,10.0096,24.5126
0.066184,0.312989,0.15617,1.84253,11.9404,24.5135
0.0663661,0.282096,0.14646,1.86124,11.3229,24.5145
0.0675883,0.290687,0.13568,0.364188,10.9344,24.5149
0.0648501,0.298002,0.155963,2.64541,11.2579,24.5157
0.0681608,0.272159,0.163152,0.35383,11.8621,24.5158
0.0677428,0.294649,0.136276,0.787639,10.7229,24.5167
0.0631472,0.34038,0.16004,3.3511,11.8811,24.5171
0.0631506,0.340749,0.16117,3.8716,11.2881,24.5171
0.0674619,0.319989,0.149055,0.267836,10.7446,24.5171
0.0643282,0.32994,0.166029,2.62452,11.5229,24.518
0.0646688,0.317654,0.153345,2.86193,11.6862,24.5189
0.0647101,0.325333,0.162466,2.20993,11.2824,24.5194
0.064696,0.309482,0.162775,2.38383,11.7445,24.5221
0.0677969,0.272222,0.153101,0.105192,11.9934,24.5238
0.0658107,0.316185,0.16367,1.50688,11.7112,24.524
0.0656362,0.338479,0.150676,1.84807,10.8513,24.5252
0.0682339,0.262035,0.156096,0.327989,11.8472,24.5258
0.0646315,0.33362,0.165472,2.03524,11.4439,24.5268
0.0663594,0.303195,0.158747,1.60146,11.6975,24.5281
0.0656604,0.33714,0.149674,1.49006,10.797,24.532
0.067156,0.325561,0.144372,0.486518,10.4453,24.5334
0.0648686,0.296421,0.155554,2.98927,11.893,24.5356
0.0648871,0.297798,0.156945,2.43286,11.1252,24.5357
0.0629182,0.345954,0.164906,3.08686,11.9915,24.5359
0.0674345,0.300025,0.161422,0.821421,11.3132,24.5371
0.0678726,0.280472,0.135243,0.0564395,10.7843,24.5371
0.066429,0.277381,0.154892,1.95114,11.8838,24.5375
0.0676071,0.309357,0.146449,0.593372,10.6748,24.538
0.0675647,0.310977,0.158452,0.317676,11.9411,24.5381
0.0679139,0.27361,0.146959,0.75959,11.7381,24.5387
0.0682062,0.251062,0.144749,0.504706,11.4234,24.539
0.0681604,0.260843,0.145328,0.32483,11.9498,24.5397
0.0663667,0.302624,0.158506,1.74414,11.8814,24.5398
0.0668118,0.347892,0.162611,0.126498,10.2676,24.54
0.0648506,0.304038,0.160399,2.96451,11.7003,24.5401
0.0682313,0.262969,0.154822,0.0966515,11.7474,24.5402
0.0647985,0.314587,0.165234,2.13438,11.6477,24.542
0.0669567,0.354698,0.158897,0.887676,10.8818,24.5421
0.0676273,0.284421,0.160051,0.497249,11.1094,24.5453
0.0680578,0.258162,0.151248,0.89505,11.2921,24.5469
0.0677225,0.280534,0.134166,0.889914,10.3047,24.547
0.0647441,0.323195,0.163119,2.02942,11.7115,24.5476
0.0645769,0.31421,0.163641,2.57386,11.1657,24.5476
0.0663778,0.277953,0.153216,1.29513,11.9591,24.5476
0.068078,0.266758,0.145063,0.935014,11.0397,24.5493
0.0646154,0.317729,0.153018,2.90992,11.0784,24.5503
0.0670954,0.3449,0.163723,0.0857333,10.3261,24.5525
0.0678771,0.271678,0.147087,0.62206,11.6147,24.553
0.0665375,0.283074,0.156132,1.66985,11.0678,24.5535
0.065559,0.341722,0.153368,1.99309,10.5105,24.5556
0.0667009,0.36781,0.163723,0.300261,10.0584,24.5558
0.0676424,0.310834,0.157875,0.615289,11.8264,24.5562
0.0665467,0.275827,0.155377,1.17208,11.6018,24.5566
0.0647169,0.299657,0.150013,2.5135,11.7373,24.5575
0.0655988,0.338591,0.150431,1.76999,10.6192,24.5583
0.0678129,0.274492,0.132984,0.571565,10.9937,24.5583
0.06814,0.27295,0.164796,0.328405,11.4738,24.5602
0.0667416,0.356003,0.163699,0.194157,10.1455,24.5606
0.0682042,0.246304,0.143627,0.130141,11.6084,24.5618
0.0660649,0.328794,0.164731,1.85482,11.9416,24.5618
0.0665071,0.27444,0.145723,1.09375,11.4902,24.5626
0.0663442,0.303008,0.156139,1.15728,11.5018,24.5628
0.0680102,0.259692,0.144217,0.926936,11.7635,24.5633
0.0680934,0.267936,0.162588,0.680782,11.4142,24.5636
0.0657464,0.331754,0.146528,1.37032,10.1817,24.5637
0.0677209,0.294033,0.143584,0.899338,10.9942,24.5637
0.065741,0.3213,0.164939,1.16431,11.9239,24.5641
0.067354,0.32839,0.156341,0.000177192,10.6409,24.5653
0.0681484,0.267656,0.161908,0.558896,11.4185,24.5669
0.0678634,0.277144,0.165222,0.810596,11.5291,24.5698
0.0661665,0.296886,0.166207,1.6909,11.0732,24.5706
0.0672405,0.311115,0.141992,0.18582,10.5368,24.5711
0.0671358,0.346239,0.158042,0.229688,10.5039,24.5713
0.0677048,0.294196,0.143925,0.945639,10.9097,24.5713
0.0674065,0.322337,0.14425,0.367227,10.6023,24.5721
0.0666761,0.367819,0.163731,0.418759,10.9389,24.5729
0.0664541,0.280726,0.146539,1.44529,11.2983,24.5751
0.0645712,0.319524,0.153513,2.98936,11.5189,24.5759
0.0630951,0.334832,0.165171,3.93669,11.977,24.576
0.0649461,0.287897,0.147947,2.87556,11.1784,24.5774
0.0656452,0.33255,0.16552,1.27649,11.9712,24.5784
0.0672602,0.327059,0.144584,0.79995,10.1293,24.5785
0.0643984,0.348279,0.164716,2.7937,11.6293,24.5791
0.0679678,0.270781,0.129729,0.24537,10.4151,24.5793
0.0682287,0.246942,0.144159,0.125627,11.0119,24.5796
0.0669874,0.354677,0.166094,0.0711711,10.7805,24.5805
0.0645445,0.330917,0.15698,2.22312,11.0246,24.5816
0.0664439,0.276336,0.156095,1.67553,11.0509,24.5818
0.0654891,0.352284,0.157875,1.58395,10.8402,24.5829
0.0673155,0.326921,0.160836,0.970945,10.5416,24.5832
0.0679809,0.272767,0.131947,0.82272,10.0937,24.5835
0.0681852,0.262687,0.159209,0.310532,11.1557,24.5838
0.0674545,0.320939,0.144714,0.504402,10.9383,24.5838
0.0673497,0.327388,0.165366,0.306293,11.3192,24.5842
0.0667527,0.35329,0.164327,0.721238,10.0178,24.5846
0.0629721,0.356247,0.163828,3.55196,11.4314,24.585
0.0663319,0.288075,0.146846,1.29992,11.2875,24.5854
0.0677156,0.281099,0.136104,0.286974,10.8321,24.5862
0.0632595,0.326119,0.159722,3.4568,11.6431,24.5865
0.0662202,0.322631,0.166527,1.57504,11.5508,24.5866
0.0662697,0.293995,0.148327,1.00946,11.7017,24.5876
0.0679462,0.287542,0.149912,0.18954,11.5128,24.5889
0.0663813,0.277346,0.153827,1.67902,11.5869,24.589
0.0632141,0.335869,0.160065,3.59924,11.8148,24.589
0.0679317,0.265777,0.128669,0.919741,10.6505,24.5897
0.0632456,0.317103,0.153668,3.80044,11.2208,24.5898
0.0631464,0.326813,0.155084,3.01361,11.4004,24.5901
0.067789,0.295211,0.138723,0.226836,10.1441,24.5914
0.06792,0.267159,0.145674,0.0201936,11.5514,24.5923
0.0677068,0.277717,0.15645,0.853789,11.7897,24.5924
0.0655667,0.339342,0.150345,1.60154,10.1105,24.5927
0.0673161,0.332988,0.15388,0.118711,10.2817,24.593
0.0671352,0.333931,0.163142,0.740707,10.9015,24.5935
0.064539,0.312283,0.154282,2.26043,11.6732,24.5936
0.0657131,0.327367,0.145275,1.89025,10.8919,24.5955
0.0660171,0.331047,0.163487,1.51064,11.0446,24.5959
0.0659636,0.30347,0.158215,1.16052,11.7929,24.5961
0.0656613,0.338404,0.148318,1.47848,10.211,24.5966
0.0671748,0.331449,0.145311,0.663506,10.7905,24.5969
0.0682533,0.263193,0.154552,0.891425,11.6007,24.5969
0.0676966,0.294755,0.133607,0.651322,10.5759,24.598
0.0678833,0.279715,0.137473,0.24984,10.9981,24.5982
0.0657449,0.325027,0.145366,1.7673,10.5451,24.5983
0.0679934,0.291074,0.156616,0.453975,11.0996,24.6015
0.0675652,0.315506,0.147768,0.547843,10.1398,24.6019
0.0670091,0.337622,0.165023,0.571007,10.8941,24.6033
0.0678243,0.271344,0.156698,0.731446,11.0027,24.6035
0.066488,0.291488,0.158051,1.2204,11.7894,24.6036
0.0674161,0.326552,0.15567,0.392727,10.2952,24.6049
0.0680193,0.256364,0.14889,0.15684,11.9051,24.6051
0.0681923,0.260361,0.146073,0.993863,11.1615,24.6055
0.0653944,0.356786,0.161367,1.85102,10.2021,24.606
0.0682409,0.259016,0.149094,0.14636,11.0094,24.6062
0.0673615,0.304119,0.143559,0.516165,10.5445,24.6064
0.0648343,0.3133,0.163766,2.35785,11.4523,24.607
0.0674318,0.31075,0.158552,0.502745,11.9094,24.609
0.0681098,0.27954,0.155254,0.220195,11.8829,24.6098
0.0665336,0.282504,0.153268,1.87959,11.8792,24.6104
0.0679813,0.300729,0.166407,0.0321359,11.143,24.6106
0.0677709,0.298143,0.141491,0.523936,10.6391,24.6106
0.0664431,0.268433,0.145443,1.65064,11.6048,24.6121
0.0645853,0.30734,0.156411,2.32347,11.4787,24.6135
0.0680799,0.270936,0.145434,0.360844,11.8875,24.6159
0.0630405,0.334647,0.158203,3.91209,11.5797,24.6164
0.064436,0.319588,0.158805,2.06835,11.8555,24.6167
0.0657294,0.330676,0.14473,1.61005,10.9878,24.6174
0.0676833,0.30147,0.136024,0.165843,10.2967,24.6189
0.0645241,0.312459,0.156572,2.6849,11.6472,24.619
0.0649302,0.295758,0.150526,2.5517,11.6608,24.6204
0.0679166,0.27891,0.130399,0.667562,10.1285,24.621
0.0679536,0.276499,0.135088,0.883231,10.8386,24.6214
0.0673592,0.330823,0.155587,0.164629,10.2968,24.6225
0.0654097,0.353317,0.154405,1.39532,10.2826,24.6225
0.066917,0.353643,0.15473,0.648103,10.7959,24.6227
0.0676326,0.283331,0.13373,0.0398194,10.714,24.6233
0.0659179,0.319055,0.156822,1.65903,11.2237,24.6235
0.0681655,0.275206,0.15639,0.621399,11.415,24.6243
0.0662112,0.285083,0.149218,1.74524,11.2033,24.6259
0.0670645,0.323877,0.152377,0.529498,10.9664,24.6259
0.0672304,0.313768,0.148957,0.740709,10.7597,24.6267
0.0672526,0.32562,0.142762,0.0624344,10.7903,24.6268
0.0664129,0.296694,0.154469,1.12173,11.9044,24.6278
0.0675143,0.302442,0.147748,0.0906778,10.2195,24.6278
0.0655039,0.343465,0.148832,1.31014,10.6567,24.6285
0.0673197,0.330626,0.162565,0.432982,10.0543,24.6286
0.0674144,0.305449,0.148192,0.822727,10.3822,24.6292
0.0678602,0.268077,0.155186,0.270468,11.6106,24.6296
0.0671133,0.346644,0.164407,0.419394,10.2559,24.6314
0.0673809,0.306405,0.159179,0.242849,11.9232,24.6316
0.0646792,0.303133,0.149281,2.66989,11.0371,24.6317
0.0682279,0.242964,0.143026,0.862017,11.0307,24.6321
0.0670963,0.32234,0.152572,0.88791,10.5414,24.6334
0.0615931,0.361893,0.165205,4.9238,11.582,24.6338
0.0659464,0.33405,0.162711,1.65628,11.2889,24.6347
0.0653593,0.364157,0.163347,1.16599,10.6331,24.6349
0.0633319,0.317348,0.151366,3.80891,11.8023,24.6354
0.0678003,0.295715,0.136475,0.862859,10.5382,24.6358
0.0653904,0.351405,0.156711,1.92436,10.0148,24.6373
0.0680133,0.257762,0.127278,0.30239,10.5734,24.6376
0.0677142,0.278836,0.130699,0.466814,10.4846,24.6378
0.0676222,0.306154,0.137443,0.493515,10.3154,24.6384
0.0663699,0.295579,0.149659,1.2805,11.4101,24.6394
0.0616958,0.355805,0.163375,4.11586,11.6498,24.6399
0.0663675,0.307749,0.164573,1.73394,11.9379,24.6406
0.0658924,0.323425,0.15805,1.8789,11.6418,24.6407
0.0679074,0.264949,0.128321,0.72824,10.7351,24.6408
0.0664716,0.269404,0.149643,1.58183,11.0752,24.641
0.0616771,0.360349,0.165583,4.32061,11.5694,24.641
0.0657647,0.321912,0.143397,1.76062,10.5557,24.6418
0.0681445,0.253282,0.140754,0.908342,11.7258,24.6419
0.0682618,0.249427,0.144119,0.859786,11.3651,24.6423
0.0654556,0.347197,0.149783,1.38816,10.5647,24.6431
0.0657623,0.32623,0.142221,1.46568,10.495,24.6447
0.0679478,0.263986,0.127045,0.449489,10.6389,24.645
0.0680735,0.274722,0.146372,0.652647,11.4444,24.645
0.0647914,0.290207,0.149211,2.19045,11.6518,24.6458
0.067082,0.336586,0.146612,0.299137,10.438,24.6463
0.0680017,0.272815,0.133682,0.0483557,10.7671,24.6466
0.0632521,0.328005,0.152584,3.91188,11.5974,24.647
0.0653965,0.356085,0.162269,1.98034,10.0515,24.6472
0.0682188,0.269448,0.155438,0.308265,11.6865,24.6472
0.0649989,0.280359,0.144517,2.67634,11.3205,24.6474
0.0677722,0.279354,0.164141,0.0980538,11.8684,24.6476
0.0654499,0.352821,0.153225,1.7637,10.9725,24.6485
0.0670806,0.33652,0.14658,0.941301,10.3519,24.6485
0.0633672,0.309755,0.149063,3.29148,11.5805,24.6488
0.067498,0.313749,0.158751,0.393104,11.5933,24.6491
0.0669061,0.341501,0.150993,0.367037,10.6047,24.6491
0.0649264,0.302509,0.156927,2.1243,11.6629,24.6491
0.068162,0.263991,0.144592,0.36698,11.3322,24.6498
0.0663288,0.27385,0.148039,1.41052,11.1886,24.6509
0.0676447,0.289642,0.151822,0.463607,11.3214,24.6515
0.0645285,0.339,0.160761,2.51991,11.2153,24.6519
0.0653554,0.36154,0.163819,1.01431,10.3504,24.652
0.066091,0.293552,0.152506,1.3826,11.655,24.6521
0.0674974,0.291602,0.135142,0.0726184,10.886,24.6532
0.0681742,0.266371,0.148501,0.113536,11.1874,24.6535
0.0665415,0.275926,0.147177,1.43565,11.621,24.654
0.0657705,0.321066,0.143131,1.78159,10.4407,24.6541
0.0660059,0.310531,0.13679,1.18178,10.7577,24.6568
0.0657688,0.320992,0.142856,1.94143,10.4644,24.657
0.0658428,0.316128,0.142091,1.85143,10.3793,24.6582
0.0670177,0.337804,0.166155,0.0474302,10.4543,24.6591
0.0672849,0.30904,0.164324,0.0799083,11.3089,24.6599
0.0657082,0.341898,0.165886,1.597,11.5886,24.66
0.0682735,0.252645,0.148826,0.7171,11.5133,24.6615
0.0669783,0.346904,0.150375,0.671782,10.5039,24.6629
0.0674695,0.311833,0.137737,0.0795476,10.8781,24.6639
0.0643462,0.350567,0.164577,2.36125,11.6923,24.6643
0.063285,0.330959,0.159264,3.45454,11.1112,24.6648
0.0616787,0.352491,0.161672,4.56479,11.0625,24.665
0.0676771,0.27905,0.158124,0.393271,11.1908,24.6655
0.0669528,0.336351,0.16457,0.713686,10.4224,24.6657
0.0665559,0.261805,0.140599,1.03874,11.5016,24.6661
0.066719,0.357632,0.158979,0.423629,10.7884,24.6679
0.0643839,0.322942,0.163152,2.5496,11.2283,24.6686
0.0645175,0.331131,0.155988,2.51874,11.3228,24.669
0.0668713,0.35992,0.157003,0.59681,10.9157,24.6693
0.0672176,0.312494,0.147041,0.269564,10.7799,24.6697
0.0675431,0.319901,0.160958,0.131172,11.2277,24.67
0.0681922,0.269985,0.152835,0.791124,11.8187,24.6707
0.0671591,0.3353,0.165787,0.543284,10.7944,24.671
0.068285,0.250739,0.1499,0.400008,11.9421,24.6716
0.0649035,0.306078,0.15906,2.86737,11.5653,24.6716
0.0633398,0.324469,0.158423,3.12323,11.5907,24.6728
0.0681455,0.269987,0.165076,0.723842,11.0517,24.6734
0.0653501,0.359289,0.154759,1.29294,10.4929,24.6739
0.0657553,0.336611,0.163335,1.92146,11.2788,24.6748
0.0665588,0.270831,0.142923,1.05077,11.055,24.6752
0.068111,0.285767,0.166034,0.527384,11.8372,24.6757
0.0678699,0.266466,0.130008,0.173103,10.8282,24.6769
0.068241,0.260667,0.158659,0.932499,11.4943,24.6783
0.0672292,0.338776,0.149671,0.289307,10.902,24.6799
0.0656966,0.326523,0.14055,1.42219,10.3121,24.68
0.0668953,0.345471,0.151682,0.504282,10.5302,24.6801
0.0633406,0.320271,0.152143,3.76816,11.3661,24.6809
0.0652178,0.37543,0.164256,1.00153,10.0843,24.6819
0.0681306,0.258141,0.126093,0.509338,10.7324,24.6826
0.0676922,0.282108,0.13789,0.754551,10.1315,24.6826
0.0662806,0.307258,0.15199,1.1968,11.4959,24.6837
0.0664701,0.289181,0.165063,1.85713,11.7585,24.6848
0.0682121,0.258716,0.143446,0.358126,11.3215,24.6848
0.0676104,0.321038,0.162176,0.706216,11.6324,24.685
0.0670942,0.337318,0.146107,0.850919,10.7371,24.6859
0.0675037,0.29151,0.161929,0.25614,11.3548,24.6863
0.0671196,0.330358,0.162286,0.30687,10.9853,24.6865
0.0618029,0.342727,0.157563,4.4777,11.8801,24.6877
0.0655407,0.337226,0.144396,1.99428,10.9292,24.6889
0.0675225,0.299759,0.133204,0.0492504,10.1657,24.6892
0.0676406,0.284606,0.130615,0.778006,10.0643,24.6902
0.065866,0.316095,0.137921,1.02022,10.2478,24.6905
0.0656978,0.337566,0.153815,1.45288,10.4162,24.6906
0.0646933,0.328527,0.159315,2.98097,11.4811,24.6921
0.0676965,0.301799,0.153425,0.313574,11.2456,24.6927
0.0661052,0.307443,0.136043,1.73268,10.6381,24.6938
0.0673641,0.300425,0.137141,0.691947,10.4443,24.6943
0.0658446,0.325691,0.148597,1.45583,10.6499,24.6945
0.0659698,0.332726,0.161496,1.98571,11.4567,24.6949
0.0682981,0.242059,0.139839,0.399866,11.1064,24.6954
0.0657019,0.322064,0.139829,1.55138,10.3933,24.6956
0.0656729,0.326657,0.139895,1.63591,10.6694,24.6965
0.0679884,0.277442,0.134748,0.610706,10.7015,24.6966
0.066012,0.298199,0.161933,1.28024,11.5905,24.6969
0.0632122,0.323706,0.160822,3.14952,11.7927,24.6971
0.0674679,0.296208,0.157274,0.810119,11.122,24.6977
0.0676348,0.283312,0.153713,0.233066,11.6887,24.698
0.0658773,0.311966,0.138083,1.25611,10.5482,24.6982
0.064912,0.294663,0.15814,2.98658,11.0796,24.7
0.0657855,0.319643,0.1447,1.52082,10.5365,24.7014
0.067355,0.308305,0.13658,0.369854,10.7004,24.7022
0.0661133,0.311195,0.152432,1.10151,11.7914,24.703
0.0682205,0.244953,0.122165,0.486155,10.6315,24.7046
0.0653783,0.364743,0.158417,1.11285,10.1756,24.7054
0.0665492,0.285205,0.153699,1.5443,11.0712,24.7061
0.0652868,0.361491,0.157763,1.71056,10.1241,24.7076
0.0681041,0.253211,0.123381,0.686858,10.6058,24.7082
0.067258,0.328655,0.165127,0.674449,11.2279,24.7086
0.0663142,0.281424,0.157577,1.73278,11.3426,24.7092
0.0648961,0.291618,0.156379,2.85129,11.7509,24.7095
0.0615726,0.361906,0.163747,4.32348,11.6703,24.7096
0.0648936,0.297007,0.159636,2.83234,11.2329,24.7111
0.0658741,0.314038,0.13704,1.69456,10.1164,24.7112
0.0668098,0.343799,0.161759,0.644864,10.7453,24.7119
0.0676661,0.322552,0.165734,0.729718,11.2413,24.7138
0.0681482,0.259518,0.126135,0.232717,10.2892,24.714
0.0660603,0.29428,0.153974,1.86425,11.8778,24.7146
0.067873,0.290618,0.133887,0.684129,10.9719,24.7152
0.0680155,0.253331,0.14554,0.518971,11.8391,24.7165
0.0653622,0.365002,0.157985,1.72313,10.3245,24.7168
0.0648136,0.299228,0.160427,2.42763,11.9933,24.7173
0.0633905,0.303286,0.14774,3.64569,11.6398,24.7176
0.0676192,0.287085,0.140154,0.0945115,10.2235,24.7177
0.0666114,0.265706,0.142124,1.34755,11.7791,24.7179
0.0645387,0.315322,0.166433,2.07984,11.4714,24.7183
0.0677856,0.290169,0.143793,0.872862,10.4907,24.7191
0.0681632,0.250511,0.139433,0.644999,11.3037,24.7192
0.0675708,0.316686,0.14425,0.283937,10.8671,24.7197
0.0673878,0.331092,0.151221,0.973691,10.4709,24.7203
0.065322,0.355902,0.154334,1.66901,10.0152,24.7203
0.065466,0.341005,0.152678,1.94307,10.4218,24.7209
0.06715,0.316149,0.142752,0.952792,10.3447,24.7211
0.0615777,0.371762,0.166408,4.19339,11.5155,24.7212
0.066488,0.291239,0.166361,1.12376,11.9801,24.7218
0.0676902,0.278758,0.161027,0.0958689,11.4022,24.7219
0.067466,0.30078,0.155649,0.497461,11.0139,24.7228
0.0649679,0.276931,0.142051,2.2664,11.9182,24.7239
0.0629638,0.33918,0.158372,3.96433,11.9915,24.7251
0.06683,0.370812,0.164283,0.101971,10.1291,24.7254
0.0643875,0.345296,0.161393,2.26628,11.9825,24.7264
0.0649393,0.287288,0.154034,2.56566,11.9145,24.7265
0.0682107,0.247955,0.138765,0.765357,11.0697,24.7269
0.0632555,0.336606,0.164268,3.036,11.3165,24.7273
0.0683063,0.245843,0.146346,0.695697,11.0011,24.7274
0.067367,0.332489,0.149433,0.172827,10.6936,24.7275
0.0681822,0.267061,0.16396,0.234985,11.0371,24.7288
0.0629411,0.362392,0.164938,3.10496,11.986,24.7295
0.0677446,0.310153,0.156888,0.460798,11.7434,24.7298
0.0650774,0.278987,0.148528,2.33836,11.3761,24.73
0.0634654,0.303034,0.147878,3.80162,11.9332,24.7303
0.0654998,0.338136,0.15088,1.42881,10.5231,24.7306
0.064942,0.301726,0.151968,2.91181,11.8033,24.7309
0.0664893,0.271568,0.155881,1.95491,11.9994,24.7319
0.068022,0.267936,0.134126,0.888833,10.4935,24.7321
0.0653544,0.354695,0.162733,1.41401,10.4629,24.7328
0.0680327,0.293578,0.158175,0.305917,11.8072,24.7356
0.0669802,0.35205,0.151687,0.319134,10.9345,24.736
0.0668186,0.366869,0.159897,0.266631,10.8481,24.736
0.0655765,0.342801,0.146174,1.43444,10.7693,24.7364
0.0664705,0.281092,0.144046,1.09314,11.3926,24.7367
0.0674541,0.293168,0.137802,0.996307,10.2169,24.7369
0.0672001,0.33871,0.147993,0.396669,10.7669,24.7369
0.0680538,0.273319,0.132187,0.301459,10.0119,24.7371
0.0659875,0.302739,0.137144,1.0077,10.78,24.7373
0.0634517,0.310766,0.153515,3.67317,11.2586,24.7375
0.0674656,0.324748,0.145402,0.596225,10.8128,24.7376
0.0680355,0.284044,0.148069,0.504781,11.0274,24.738
0.0675493,0.293493,0.153225,0.736059,11.043,24.7382
0.0679479,0.299882,0.158042,0.722749,11.2477,24.7383
0.0629982,0.337063,0.15672,3.25964,11.9767,24.7383
0.0664105,0.269899,0.150091,1.43021,11.2655,24.7385
0.064873,0.304444,0.163708,2.45203,11.4531,24.7392
0.0616994,0.347888,0.16165,4.68992,11.2255,24.7397
0.0655703,0.330368,0.143297,1.29887,10.6084,24.7398
0.0673539,0.31485,0.13749,0.57617,10.5446,24.7401
0.068267,0.246629,0.14838,0.226792,11.3816,24.7417
0.0682577,0.238542,0.138417,0.573887,11.7273,24.7422
0.0682217,0.244478,0.146661,0.546962,11.7462,24.7423
0.0647983,0.323256,0.162128,2.72848,11.2452,24.7456
0.0675056,0.323252,0.149416,0.881015,10.275,24.7464
0.061734,0.348116,0.163421,4.51656,11.6644,24.7481
0.0657223,0.341598,0.146771,1.03796,10.0079,24.7487
0.0649586,0.301219,0.156055,2.89811,11.0176,24.7514
0.0646906,0.299277,0.156371,2.71481,11.4989,24.7523
0.0682794,0.258308,0.147965,0.937715,11.5149,24.7527
0.0641591,0.342099,0.163874,2.92509,11.7954,24.7528
0.0659296,0.305017,0.135021,1.44152,10.0751,24.754
0.0664748,0.261864,0.142231,1.98558,11.0069,24.7542
0.0679396,0.305934,0.164004,0.81369,11.4424,24.7559
0.0659436,0.30259,0.164614,1.42884,11.4833,24.7562
0.0657549,0.328973,0.139536,1.78879,10.5169,24.7569
0.0618144,0.342929,0.160438,4.59402,11.9566,24.7569
0.0657938,0.313907,0.138096,1.73287,10.4976,24.7577
0.0653819,0.35338,0.1499,1.72786,10.3362,24.7583
0.0655617,0.330557,0.144443,1.09237,10.2925,24.7584
0.0677321,0.273123,0.129955,0.298624,10.3805,24.7584
0.0616488,0.352989,0.164867,4.40976,11.7098,24.7585
0.0665929,0.273065,0.156325,1.20319,11.5935,24.7588
0.0615555,0.359135,0.166344,4.50942,11.5629,24.7588
0.0673821,0.303419,0.157547,0.297907,11.595,24.7591
0.0676095,0.307755,0.155292,0.647148,11.3243,24.7592
0.0634788,0.308253,0.152407,3.07475,11.3942,24.7596
0.0634318,0.301239,0.148095,3.47868,11.3416,24.7598
0.0683167,0.239846,0.12119,0.387485,10.8795,24.76
0.0644592,0.320573,0.153913,2.9269,11.2395,24.7602
0.068088,0.251794,0.122619,0.493961,10.77,24.7605
0.0681981,0.256041,0.125072,0.837038,10.1103,24.7615
0.0663807,0.267564,0.145653,1.99905,11.6364,24.7617
0.0654318,0.362594,0.155774,1.37734,10.6372,24.7637
0.0661719,0.292509,0.147787,1.13933,11.9696,24.7648
0.0672354,0.344545,0.158863,0.326276,10.9775,24.7649
0.0683059,0.240132,0.137284,0.00931326,11.4478,24.765
0.0671275,0.35165,0.166284,0.636839,10.1461,24.7653
0.0681537,0.276204,0.151814,0.00906416,11.0528,24.7655
0.0680628,0.252775,0.141446,0.344102,11.8171,24.7658
0.0644438,0.317197,0.155424,2.5494,11.6626,24.7662
0.0674277,0.295443,0.1661,0.676519,11.9409,24.7664
0.0683223,0.240287,0.137444,0.936453,11.758,24.7669
0.067185,0.327391,0.162131,0.0738108,10.2071,24.7672
0.0674441,0.316615,0.158171,0.489154,10.7887,24.7673
0.0664113,0.28636,0.144354,1.16771,11.7028,24.7675
0.0660055,0.302437,0.13304,1.45924,10.8095,24.7676
0.0673948,0.297819,0.140931,0.414205,10.9827,24.7678
0.0657367,0.341636,0.151338,1.21046,10.2367,24.7697
0.066593,0.263259,0.139437,1.54101,11.6608,24.7698
0.0631192,0.323852,0.153962,3.15733,11.1686,24.7701
0.0675755,0.316952,0.142426,0.351708,10.4963,24.7702
0.0683119,0.24913,0.141142,0.997169,11.4213,24.7708
0.0673084,0.336053,0.165106,0.66,10.8264,24.7712
0.0633653,0.3144,0.147263,3.26035,11.7706,24.7713
0.0652713,0.361647,0.155931,1.50057,10.7202,24.7719
0.0676045,0.28524,0.152873,0.836489,11.192,24.7721
0.0661129,0.292858,0.134435,1.38403,10.0339,24.7729
0.0674701,0.292027,0.138269,0.203336,10.4468,24.7733
0.0673445,0.32567,0.162884,0.99703,11.5656,24.7735
0.0658145,0.333393,0.160738,1.98329,11.9591,24.7735
0.0644882,0.336892,0.157392,2.1623,11.2014,24.7739
0.0672708,0.34225,0.160551,0.181684,10.2234,24.7742
0.0679591,0.256758,0.148818,0.610819,11.819,24.7747
0.0650486,0.271711,0.139878,2.7483,11.2294,24.7747
0.0666029,0.26278,0.139313,1.20168,11.8416,24.7758
0.0658429,0.320342,0.135885,1.79046,10.2102,24.7762
0.0654033,0.365436,0.15679,1.71923,10.7149,24.7766
0.0671836,0.348159,0.165891,0.264193,10.9582,24.777
0.0675149,0.30006,0.13249,0.383206,10.7999,24.7776
0.0631413,0.349836,0.163249,3.85054,11.2454,24.7778
0.0646543,0.30084,0.148703,2.87381,11.624,24.7778
0.0655075,0.352337,0.162423,1.1561,10.3524,24.7785
0.0617979,0.347336,0.163386,4.85995,11.5718,24.7787
0.0681477,0.282243,0.157036,0.609523,11.0551,24.7789
0.0671253,0.350916,0.154516,0.74712,10.2241,24.7792
0.0633476,0.324204,0.161775,3.79455,11.4071,24.7803
0.0672085,0.347034,0.16014,0.562426,10.4771,24.7803
0.0618056,0.33741,0.154453,4.8101,11.9118,24.7805
0.0673307,0.336689,0.15074,0.831253,10.3351,24.7805
0.0683377,0.241378,0.144513,0.202146,11.2168,24.7805
0.0677183,0.306863,0.141031,0.72808,10.6064,24.7805
0.0681221,0.275764,0.146849,0.730865,11.5488,24.7811
0.0682374,0.255458,0.140783,0.519531,11.4041,24.7814
0.0655882,0.343045,0.145045,1.75194,10.0147,24.7821
0.0632692,0.328056,0.150966,3.92759,11.9405,24.7821
0.066071,0.295663,0.131756,1.70207,10.2857,24.783
0.0664659,0.293649,0.151551,1.98379,11.5172,24.7832
0.0682235,0.273848,0.160107,0.736719,11.2694,24.7834
0.0680454,0.271223,0.127037,0.704566,10.5543,24.7837
0.0667928,0.356853,0.154944,0.547935,10.1042,24.7846
0.064932,0.294072,0.144685,2.89939,11.5992,24.7854
0.0658262,0.311357,0.161335,1.94148,11.3813,24.7859
0.0660777,0.304876,0.140952,1.98065,10.4272,24.786
0.068003,0.263262,0.133154,0.98901,10.9981,24.7867
0.067929,0.27118,0.136523,0.760231,10.9062,24.7874
0.0649819,0.299378,0.154711,2.43007,11.9969,24.788
0.0646213,0.335005,0.159551,2.1759,11.4499,24.7883
0.0653979,0.346356,0.156056,1.70607,10.1621,24.7883
0.0682338,0.273017,0.157286,0.186363,11.8489,24.7891
0.0665253,0.274065,0.141727,1.10734,11.0392,24.7897
0.0656401,0.339498,0.143341,1.6678,10.4149,24.7897
0.0671454,0.319838,0.141533,0.166376,10.839,24.79
0.0617901,0.350784,0.155794,4.67108,11.9878,24.7903
0.0679324,0.308678,0.166287,0.480147,11.5048,24.7906
0.0675851,0.292866,0.130643,0.310546,10.6981,24.7907
0.0674703,0.292541,0.13937,0.344868,10.4113,24.7908
0.0682009,0.266676,0.146338,0.853599,11.1001,24.7912
0.065658,0.345858,0.157624,1.17891,10.1439,24.7925
0.0672413,0.342839,0.151147,0.102868,10.4246,24.7929
0.0683509,0.247398,0.149922,0.985527,11.6479,24.7945
0.0646379,0.307424,0.163373,2.91954,11.0602,24.7946
0.0675474,0.287284,0.137703,0.388893,10.3265,24.7947
0.0675505,0.320234,0.154787,0.96467,10.2824,24.795
0.0650357,0.277247,0.148926,2.83157,11.9406,24.7953
0.0656927,0.325968,0.149427,1.33575,10.7166,24.7955
0.0668535,0.362935,0.155811,0.0155304,10.5095,24.7955
0.065318,0.3553,0.152423,1.06939,10.6912,24.7963
0.0647582,0.318361,0.150909,2.78868,11.4352,24.7977
0.0650337,0.271811,0.142584,2.93027,11.3158,24.7977
0.0642696,0.341071,0.145149,2.32303,10.6035,24.7993
0.065337,0.364442,0.153987,1.97354,10.4719,24.7995
0.0676239,0.3099,0.153393,0.411377,10.4183,24.7999
0.0651127,0.275588,0.147089,2.05015,11.4447,24.8002
0.0675377,0.322428,0.14918,0.354197,10.9056,24.8003
0.0682301,0.237054,0.140589,0.0131399,11.6802,24.8005
0.0652023,0.377342,0.160568,1.87223,10.26,24.8007
0.0646266,0.301699,0.156987,2.97878,11.5266,24.8013
0.0663358,0.315394,0.161422,1.99134,11.1163,24.8025
0.0627789,0.354158,0.163404,3.32636,11.923,24.8034
0.0658777,0.308433,0.138899,1.8136,10.398,24.8042
0.0659021,0.32949,0.149116,1.58858,10.9567,24.8042
0.0654847,0.362436,0.15458,1.22241,10.0081,24.8044
0.0665234,0.289341,0.151874,1.70727,11.2483,24.8046
0.0674151,0.312655,0.136076,0.192577,10.1477,24.8055
0.067957,0.266138,0.134259,0.912341,10.7689,24.8057
0.0681856,0.24214,0.138629,0.409151,11.9427,24.8059
0.067108,0.315446,0.148016,0.853228,10.9895,24.806
0.0632856,0.333482,0.15505,3.70181,11.1485,24.8062
0.0660543,0.31517,0.14411,1.6748,10.9477,24.8062
0.0650861,0.273556,0.146552,2.29272,11.3368,24.8063
0.0652934,0.358101,0.162534,1.57218,10.2119,24.8065
0.0682982,0.246808,0.138304,0.671889,11.3064,24.8067
0.0658952,0.330895,0.14526,1.83991,10.4465,24.8072
0.0660263,0.299153,0.130671,1.36973,10.5189,24.8074
0.0658494,0.319436,0.147467,1.78532,10.4244,24.8078
0.0682229,0.271712,0.166034,0.650721,11.259,24.8083
0.0664594,0.283734,0.164281,1.52233,11.5071,24.8092
0.0659761,0.300133,0.134516,1.13285,10.7735,24.8094
0.0651243,0.269907,0.140835,2.05006,11.9601,24.8094
0.0635827,0.29328,0.146306,3.3869,11.2195,24.8095
0.0666087,0.251817,0.140676,1.90438,11.803,24.8103
0.0661341,0.303663,0.140307,1.10123,10.6331,24.811
0.0681281,0.244271,0.141484,0.567067,11.4679,24.811
0.0676777,0.277262,0.15942,0.533343,11.0185,24.8116
0.0682191,0.237859,0.14224,0.881167,11.1597,24.8122
0.06558,0.352134,0.160951,1.1742,10.858,24.8124
0.0677862,0.276852,0.146588,0.0724404,11.783,24.8128
0.0618094,0.346981,0.163795,4.254,11.6786,24.8129
0.0647472,0.330314,0.166203,2.15846,11.4206,24.8131
0.0657192,0.329081,0.138058,1.07706,10.43,24.8131
0.0670188,0.322886,0.152596,0.693788,10.588,24.8133
0.0658783,0.332251,0.149273,1.3943,10.7035,24.8134
0.0664496,0.266563,0.140369,1.20922,11.6873,24.8134
0.0665971,0.366931,0.164952,0.625641,10.8546,24.8136
0.0682211,0.257503,0.125878,0.377896,10.6173,24.814
0.0663434,0.300349,0.147758,1.45101,11.2009,24.8145
0.0682784,0.234011,0.138157,0.137433,11.7987,24.8149
0.0659188,0.302589,0.133883,1.01101,10.6164,24.815
0.0674606,0.303709,0.133331,0.565932,10.6748,24.8155
0.0659679,0.305902,0.152391,1.89734,11.5585,24.8172
0.0666276,0.267627,0.154322,1.13932,11.843,24.8175
0.0674695,0.314423,0.157593,0.0621191,10.8344,24.8176
0.0664307,0.26421,0.146758,1.22879,11.8376,24.8179
0.0682167,0.275615,0.165933,0.813403,11.1679,24.8183
0.0680839,0.271139,0.132711,0.987936,10.6581,24.8187
0.0674787,0.296164,0.132428,0.0555035,10.4405,24.8192
0.065748,0.317209,0.162143,1.84998,11.1003,24.8194
0.0666938,0.256829,0.14381,1.34412,11.3521,24.8198
0.0681521,0.254721,0.156457,0.355681,11.577,24.8203
0.0677705,0.298095,0.147166,0.530227,10.7629,24.8207
0.0683626,0.241652,0.138148,0.768738,11.7517,24.8209
0.0664867,0.285972,0.144245,1.16816,11.0133,24.8211
0.0647406,0.294666,0.14556,2.36987,11.7476,24.8229
0.0670752,0.349867,0.151496,0.399496,10.4985,24.8231
0.0615715,0.356277,0.164806,4.14511,11.2135,24.8231
0.065448,0.366951,0.160229,1.50783,10.8468,24.8233
0.0664761,0.268018,0.152933,1.50845,11.4065,24.8234
0.0634111,0.312109,0.146569,3.80459,11.6674,24.8234
0.0619844,0.323818,0.14891,4.29415,11.5995,24.8235
0.0655713,0.332536,0.164672,1.28452,11.9145,24.8237
0.063105,0.351737,0.160619,3.4696,11.233,24.824
0.0677277,0.294774,0.15034,0.477497,11.2896,24.8243
0.067727,0.272581,0.131825,0.478905,10.8327,24.8254
0.0657857,0.325561,0.157814,1.9343,11.681,24.8255
0.0673636,0.334685,0.14809,0.883115,10.8573,24.8257
0.0679993,0.289319,0.148041,0.649383,11.3038,24.8257
0.0634927,0.309859,0.154652,3.35913,11.7442,24.8264
0.0651273,0.27665,0.1459,2.40894,11.7236,24.8268
0.0680115,0.258019,0.130741,0.102682,10.6275,24.8275
0.0664986,0.296961,0.162561,1.80355,11.1351,24.8277
0.0675901,0.318502,0.158857,0.762623,11.4438,24.8279
0.0679958,0.255279,0.123051,0.610473,10.2736,24.8281
0.0646638,0.306855,0.147577,2.43441,11.1097,24.8282
0.06461,0.320987,0.150808,2.18945,11.6641,24.8288
0.0634219,0.300028,0.149047,3.47022,11.5939,24.8288
0.065929,0.319104,0.148238,1.91026,10.5764,24.8295
0.0680478,0.254666,0.152502,0.302663,11.3782,24.8295
0.0673209,0.316913,0.157198,0.801633,10.642,24.8298
0.0655189,0.356601,0.163724,1.92064,10.3371,24.83
0.0645617,0.335372,0.156531,2.88991,11.6559,24.8302
0.0654781,0.341001,0.144709,1.57767,10.3652,24.8316
0.0647804,0.296422,0.158757,2.98462,11.2326,24.8321
0.0676767,0.280241,0.137906,0.0896764,10.3462,24.8323
0.0645985,0.325075,0.15212,2.34849,11.9012,24.8324
0.0681464,0.256585,0.139568,0.618096,11.2417,24.8324
0.0681305,0.27981,0.150746,0.732508,11.3338,24.8326
0.0675032,0.287709,0.135473,0.736888,10.0107,24.8331
0.0632302,0.343885,0.163958,3.65764,11.8777,24.8338
0.0651224,0.380364,0.164129,1.47704,10.8036,24.8342
0.0629542,0.366504,0.166464,3.77484,11.2636,24.8344
0.0675724,0.288401,0.15181,0.734054,11.2899,24.8344
0.064579,0.305751,0.150221,2.75099,11.792,24.8352
0.0667135,0.25563,0.140683,1.47052,11.8599,24.8354
0.0617269,0.354294,0.15658,4.08083,11.2614,24.8356
0.0630978,0.336699,0.153022,3.66952,11.0784,24.836
0.0630336,0.350901,0.158404,3.63899,11.6136,24.8364
0.067849,0.277644,0.145821,0.524091,11.5088,24.8365
0.0671265,0.317367,0.154217,0.176671,10.0259,24.8369
0.0659278,0.327803,0.141175,1.23092,10.9452,24.8376
0.0663741,0.312859,0.166286,1.66931,11.9749,24.8377
0.0675679,0.320127,0.15951,0.987417,11.8566,24.8384
0.0663549,0.313194,0.159565,1.26835,11.2709,24.8387
0.0649049,0.3117,0.158286,2.19551,11.5515,24.839
0.0671298,0.317603,0.155372,0.672985,10.8718,24.839
0.0635073,0.308618,0.154182,3.75452,11.6709,24.8392
0.0648801,0.307406,0.14894,2.79284,11.43,24.8392
0.0656271,0.329036,0.162124,1.40932,11.1312,24.8406
0.0633464,0.321061,0.162139,3.00348,11.274,24.8408
0.0673756,0.334635,0.166201,0.498184,11.5963,24.8411
0.0677954,0.293646,0.131376,0.0786754,10.2013,24.8416
0.0658999,0.307278,0.139907,1.82421,10.5264,24.8422
0.0634867,0.296508,0.147715,3.86544,11.6029,24.8423
0.0648624,0.292099,0.143029,2.73201,11.7595,24.8427
0.0681879,0.256261,0.122588,0.589287,10.6619,24.8437
0.0640704,0.348484,0.165304,2.6819,11.065,24.8441
0.0664359,0.305324,0.166263,1.43024,11.2611,24.8448
0.0653072,0.379064,0.162901,1.5959,10.8326,24.8458
0.0650386,0.291455,0.155673,2.50471,11.5977,24.8464
0.0677483,0.318192,0.162169,0.770847,11.2483,24.847
0.0683578,0.249536,0.146159,0.450919,11.887,24.8481
0.0639114,0.370674,0.157594,2.56201,10.4101,24.8481
0.0670819,0.320308,0.156482,0.0143219,10.0961,24.8482
0.0656963,0.348385,0.151021,1.37136,10.9453,24.8494
0.0643836,0.331778,0.141948,2.81364,10.4769,24.8504
0.0678386,0.270909,0.144835,0.714062,11.003,24.8507
0.0680011,0.30323,0.166492,0.0539737,11.4827,24.8507
0.0681448,0.248162,0.120596,0.124531,10.454,24.8515
0.0667197,0.246089,0.136384,1.12145,11.0455,24.8518
0.0653775,0.36169,0.151261,1.69294,10.9126,24.8522
0.0676651,0.307891,0.152934,0.936348,10.8598,24.8527
0.0679603,0.304892,0.162509,0.884939,11.0114,24.8534
0.0677335,0.306193,0.1391,0.150403,10.4821,24.8536
0.0650319,0.270235,0.142725,2.20404,11.5427,24.8538
0.0663632,0.283508,0.127396,1.91245,10.6348,24.8539
0.0634968,0.30941,0.150694,3.60949,11.8912,24.8541
0.0679854,0.2844,0.131484,0.619023,10.4377,24.8541
0.0679615,0.282257,0.128803,0.309879,10.5255,24.8543
0.0666663,0.254461,0.145329,1.6671,11.7624,24.8543
0.0673853,0.326152,0.164729,0.198553,10.0791,24.8546
0.0660157,0.322498,0.142829,1.48038,10.0087,24.8547
0.0640677,0.358456,0.154185,2.25652,10.5044,24.8548
0.0659434,0.303469,0.15325,1.15491,11.2573,24.8554
0.0680265,0.274534,0.12646,0.228067,10.7063,24.8554
0.0649623,0.3012,0.149351,2.83841,11.895,24.8557
0.0683623,0.228667,0.138918,0.885397,11.0167,24.8558
0.065786,0.336198,0.15719,1.13015,10.3264,24.8566
0.0665603,0.256546,0.145388,1.75929,11.8962,24.8567
0.067958,0.280815,0.13953,0.398889,10.4752,24.8572
0.0619107,0.336727,0.158501,4.59736,11.0777,24.8578
0.0633389,0.310677,0.156389,3.62011,11.5683,24.858
0.0672628,0.346041,0.163439,0.495403,10.0942,24.8585
0.0659319,0.302678,0.155934,1.96055,11.7,24.8588
0.0678634,0.300864,0.151357,0.329526,11.3378,24.8597
0.0669385,0.333896,0.164413,0.85452,10.9678,24.8602
0.0646866,0.336135,0.163598,2.14485,11.7041,24.8602
0.0678025,0.295204,0.146926,0.846692,10.8485,24.8614
0.0633285,0.327018,0.15111,3.26017,11.2182,24.8617
0.0617637,0.343978,0.154274,4.23899,11.4767,24.8619
0.0676645,0.325454,0.16502,0.950764,11.168,24.8629
0.0682893,0.255196,0.141436,0.530546,11.2785,24.8631
0.0681235,0.26997,0.130001,0.60026,10.8069,24.8635
0.0663415,0.269475,0.145086,1.76093,11.3921,24.8638
0.0642492,0.342216,0.147933,2.07451,10.7445,24.8639
0.0681398,0.244784,0.139278,0.946787,11.0043,24.8641
0.0681983,0.256556,0.159521,0.594372,11.3742,24.8644
0.0680897,0.255517,0.130935,0.767564,10.2374,24.8649
0.0677568,0.303907,0.137289,0.800442,10.7922,24.8658
0.0634926,0.292129,0.144552,3.12999,11.9418,24.8659
0.0656284,0.325058,0.145041,1.10138,10.3432,24.8663
0.0640791,0.350843,0.148319,2.00543,10.554,24.8665
0.0675679,0.303242,0.132666,0.575157,10.0608,24.8666
0.065709,0.332875,0.160242,1.45832,11.8821,24.8666
0.0656292,0.335943,0.155949,1.39025,10.6524,24.8666
0.0630924,0.355339,0.162901,3.56288,11.0999,24.8667
0.0660173,0.319343,0.137056,1.72205,10.0973,24.8668
0.065942,0.303835,0.152922,1.77762,11.6101,24.8668
0.0629861,0.342336,0.155387,3.43814,11.1972,24.8669
0.0671982,0.312362,0.164999,0.535477,11.6619,24.8673
0.0652974,0.372949,0.156883,1.23661,10.3725,24.8674
0.064868,0.292344,0.142798,2.84661,11.7076,24.8677
0.0681374,0.247445,0.149879,0.00680057,11.1791,24.8685
0.0675646,0.305836,0.153861,0.287316,11.4611,24.8686
0.0671836,0.351878,0.163721,0.884884,10.6823,24.8694
0.067697,0.321765,0.162486,0.165539,11.2653,24.8696
0.0664615,0.279204,0.162164,1.58603,11.6043,24.8696
0.0678641,0.286875,0.143814,0.483803,10.6046,24.8716
0.0648914,0.312742,0.152653,2.9912,11.3345,24.8716
0.0663834,0.275074,0.129906,1.43592,10.6038,24.8717
0.0661317,0.311087,0.142981,1.92859,10.2447,24.8718
0.0677686,0.269434,0.155425,0.451529,11.0938,24.8729
0.065561,0.352965,0.164345,1.21541,10.688,24.873
0.0680467,0.29548,0.158292,0.350266,11.5917,24.8733
0.0673499,0.31948,0.160648,0.554355,10.6168,24.8735
0.0678089,0.294404,0.147093,0.406721,10.426,24.8736
0.0674569,0.323297,0.141308,0.63799,10.6997,24.8738
0.0656295,0.350988,0.159792,1.28824,10.9703,24.8739
0.0673126,0.322841,0.162713,0.891332,10.733,24.874
0.0676974,0.310808,0.149014,0.222774,10.5365,24.8744
0.0618656,0.342244,0.162144,4.50814,11.9616,24.8749
0.0681857,0.257191,0.15997,0.520806,11.6,24.875
0.0651229,0.265438,0.137355,2.52521,11.3253,24.876
0.0663003,0.295033,0.132134,1.60081,10.3634,24.8763
0.0643089,0.34337,0.14368,2.86722,10.6463,24.8764
0.066393,0.266103,0.148134,1.65365,11.8737,24.8779
0.0644247,0.316632,0.164853,2.02132,11.6604,24.878
0.0677981,0.270871,0.146351,0.241224,11.8514,24.8783
0.0660834,0.294127,0.128177,1.02811,10.0462,24.8785
0.0680978,0.271842,0.132828,0.755504,10.6879,24.8804
0.0648057,0.300266,0.162817,2.69658,11.6755,24.8807
0.0615441,0.3577,0.165094,4.13327,11.3068,24.8808
0.0659351,0.330214,0.151685,1.5154,10.3511,24.8814
0.0660111,0.323998,0.147761,1.33693,10.8806,24.8816
0.0618636,0.344434,0.162309,4.80218,11.8748,24.882
0.0704649,0.00551337,0.0693267,0.692954,9.56544,24.8829
0.0662254,0.293806,0.128614,1.00061,10.1801,24.883
0.0683424,0.260177,0.152145,0.0625764,11.4,24.8835
0.0616635,0.346932,0.158525,4.42452,11.2182,24.8839
0.0659494,0.327956,0.142017,1.65771,10.6315,24.8842
0.067796,0.303328,0.140462,0.468882,10.2281,24.8844
0.0671944,0.322182,0.140008,0.286442,10.7293,24.8846
0.0655505,0.352837,0.164916,1.32347,10.9545,24.8847
0.0683465,0.231399,0.121789,0.242843,10.0294,24.8854
0.0663724,0.286299,0.131828,1.82776,10.2496,24.8855
0.0662351,0.295995,0.138914,1.14001,10.8892,24.8858
0.0651072,0.381593,0.163797,1.92874,10.2337,24.886
0.0657289,0.33869,0.162192,1.64024,11.0356,24.8861
0.0619002,0.327245,0.153944,4.83184,11.6769,24.8862
0.0665164,0.259325,0.146911,1.08509,11.5702,24.8865
0.0681367,0.271322,0.14232,0.606017,11.5964,24.887
0.0643754,0.329181,0.138991,2.52179,10.02,24.8872
0.0674353,0.331344,0.148397,0.0818142,10.396,24.8873
0.0654537,0.350228,0.163954,1.5224,10.7497,24.8877
0.0639092,0.371074,0.155245,2.75491,10.1105,24.8882
0.0657717,0.339723,0.159155,1.5018,10.2834,24.8883
0.0679653,0.289165,0.146411,0.559655,11.1803,24.8887
0.0660602,0.296602,0.137747,1.81662,10.6587,24.8891
0.0682346,0.273549,0.154355,0.43981,11.8426,24.8892
0.0645227,0.348373,0.16566,2.25501,11.314,24.8894
0.0664917,0.260523,0.139285,1.04713,11.947,24.8894
0.0684059,0.236705,0.141208,0.298849,11.0109,24.8894
0.0662284,0.27893,0.153915,1.95224,11.9,24.8897
0.0656413,0.330279,0.152763,1.07424,10.7287,24.89
0.0704823,0.00340117,0.070693,0.827451,9.95098,24.8902
0.0632861,0.306677,0.151683,3.24334,11.0296,24.8905
0.0678309,0.2893,0.145332,0.354301,10.2547,24.8907
0.0664914,0.294437,0.151038,1.8594,11.2051,24.8911
0.0682412,0.274486,0.162723,0.829663,11.5766,24.8911
0.0664131,0.280812,0.130337,1.64156,10.5037,24.8917
0.0653094,0.352119,0.156268,1.9202,10.73,24.8919
0.0661229,0.315469,0.143497,1.06751,10.1758,24.8919
0.0663304,0.272632,0.12562,1.72594,10.5224,24.8922
