beta,permeability,xi,init_days,delay,value
0.0371438,0.995467,0.0505497,0.948057,19.3201,29.6681
0.0371516,0.991492,0.0503154,0.655447,19.7791,29.6746
0.0372239,0.976241,0.0501493,0.10681,19.447,29.6902
0.0371502,0.985901,0.0501418,0.723524,19.4629,29.6939
0.0371704,0.9935,0.0506289,0.833284,19.238,29.6947
0.0371333,0.988196,0.0502712,0.338515,19.8765,29.6959
0.0371455,0.992225,0.0513297,0.875611,19.98,29.7036
0.0372128,0.981399,0.0503098,0.704159,19.4206,29.7083
0.0371158,0.989139,0.0507434,0.972006,19.8935,29.7205
0.0372194,0.980411,0.0503045,0.575486,19.5435,29.7207
0.0371346,0.989808,0.051036,0.610249,19.2696,29.7208
0.0372055,0.97399,0.0507682,0.910316,19.3214,29.7271
0.0371178,0.987634,0.0503268,0.747126,19.5931,29.7286
0.0371416,0.982949,0.0506029,0.596545,19.2233,29.7313
0.0371771,0.976291,0.0503952,0.158614,19.717,29.7343
0.0372181,0.967296,0.0502167,0.465228,19.3871,29.7403
0.0371562,0.982344,0.0510246,0.389547,19.3723,29.7406
0.0371702,0.987778,0.0513559,0.713841,19.0875,29.7414
0.0371964,0.971629,0.0503641,0.868701,19.8685,29.7416
0.0372089,0.986909,0.0504189,0.744062,19.031,29.7426
0.0371417,0.988825,0.0520169,0.0875924,19.3843,29.7452
0.0371549,0.993458,0.0514849,0.0155506,19.6278,29.7466
0.0371832,0.976715,0.0512478,0.943994,19.9526,29.7468
0.0372012,0.973415,0.0510519,0.499008,19.9867,29.7471
0.0371344,0.988147,0.0516843,0.252456,19.6447,29.7471
0.0371467,0.997564,0.051503,0.866428,19.3807,29.7502
0.0371708,0.989408,0.0513482,0.462778,19.3913,29.7522
0.0371405,0.972562,0.0503329,0.34296,19.0373,29.7576
0.0372054,0.96633,0.0502739,0.387661,19.8136,29.7577
0.037157,0.991854,0.051624,0.202435,19.1932,29.7577
0.0371016,0.994101,0.0521023,0.453561,19.1443,29.7583
0.0371766,0.995565,0.0509287,0.0802722,19.139,29.7595
0.0371981,0.969156,0.050674,0.880635,19.8839,29.7611
0.0371666,0.985495,0.0516804,0.290158,19.3684,29.765
0.0371876,0.969986,0.0506603,0.276907,19.5292,29.7656
0.0371402,0.979375,0.0510696,0.650839,19.7023,29.7672
0.037166,0.96489,0.0501615,0.645647,19.6935,29.77
0.0371855,0.970971,0.051071,0.941469,19.8246,29.7731
0.0371049,0.979629,0.0510996,0.00912066,19.5604,29.7742
0.0370556,0.992431,0.0518432,0.799343,19.1787,29.7753
0.037115,0.98858,0.0522861,0.750762,19.5674,29.7783
0.0370868,0.984975,0.0509474,0.0608635,19.6116,29.7784
0.0370898,0.994099,0.0525154,0.569412,19.8397,29.7799
0.037201,0.97274,0.0514427,0.530209,19.7812,29.7808
0.0370877,0.982217,0.0512343,0.365342,19.1126,29.7816
0.037192,0.964337,0.0504795,0.479012,19.46,29.7824
0.0372021,0.962021,0.0503657,0.40264,19.6621,29.7826
0.0372205,0.990709,0.0503451,0.467647,19.1339,29.7855
0.03711,0.973727,0.0509986,0.932163,19.2316,29.7863
0.0371238,0.984355,0.0520699,0.0093164,19.9138,29.7872
0.0371342,0.968376,0.050264,0.325439,19.0048,29.7873
0.0370946,0.986717,0.0518147,0.156734,19.4653,29.7874
0.0370661,0.988626,0.0512706,0.746733,19.0886,29.789
0.037058,0.99208,0.051134,0.67695,19.3162,29.79
0.0370561,0.992645,0.0521561,0.101014,19.6753,29.7901
0.037155,0.966709,0.050648,0.502955,19.5464,29.7918
0.0372185,0.976544,0.0510043,0.353685,19.0347,29.7961
0.037085,0.984932,0.0518162,0.803039,19.4897,29.7966
0.037096,0.986019,0.0519895,0.247603,19.3369,29.797
0.037167,0.968262,0.0509597,0.383188,19.8815,29.7971
0.0371122,0.987067,0.0525044,0.44974,19.06,29.7971
0.0370888,0.989694,0.0524455,0.61002,19.7933,29.801
0.0370542,0.98728,0.0520539,0.398891,19.2527,29.8011
0.0371245,0.984952,0.0524157,0.7876,19.7692,29.8014
0.0372237,0.971928,0.0510872,0.194937,19.7559,29.802
0.0370383,0.991146,0.0521991,0.726587,19.1584,29.802
0.0370676,0.985502,0.0511035,0.328415,19.3751,29.8022
0.0371076,0.984595,0.0521696,0.415769,19.7469,29.8027
0.0371607,0.954491,0.0502738,0.996494,19.2322,29.8027
0.0370932,0.985454,0.0520443,0.815156,19.8392,29.8028
0.0371182,0.983556,0.052373,0.18732,19.5871,29.8042
0.037142,0.983912,0.052441,0.181202,19.3858,29.8065
0.0370574,0.987911,0.0521805,0.654181,19.5013,29.8071
0.0371943,0.953602,0.0501691,0.20235,19.1529,29.8072
0.0371027,0.987245,0.0526482,0.375862,19.3069,29.8074
0.0371259,0.963226,0.0507843,0.558042,19.3846,29.8078
0.0372048,0.979569,0.051286,0.662981,19.9004,29.8098
0.0371585,0.985145,0.0521469,0.304114,19.6251,29.8099
0.0371449,0.872833,0.0501703,0.141504,19.8938,29.8102
0.0371958,0.963633,0.0511968,0.954818,19.0631,29.8114
0.0371833,0.954119,0.0502975,0.626978,19.0716,29.8123
0.0370996,0.97287,0.0503046,0.473368,19.2825,29.8146
0.0371854,0.957907,0.0506232,0.172439,19.99,29.8166
0.0370725,0.97893,0.0512947,0.242294,19.3287,29.8167
0.0370675,0.987225,0.0523431,0.438099,19.4226,29.8172
0.0371076,0.88917,0.05023,0.554858,19.9239,29.8177
0.0371186,0.964865,0.0503987,0.189776,19.6024,29.8179
0.0371248,0.96233,0.0504433,0.578443,19.3682,29.8182
0.0370797,0.975385,0.0517253,0.54503,19.9564,29.8191
0.0370647,0.982557,0.0521194,0.687361,19.0498,29.8206
0.0370221,0.993996,0.0519032,0.135931,19.8286,29.8213
0.0370325,0.991486,0.0513337,0.177207,19.1257,29.8226
0.0371496,0.952055,0.0502911,0.748868,19.4541,29.8228
0.0370261,0.993458,0.0514217,0.475994,19.7324,29.823
0.0370746,0.973989,0.0517394,0.198829,19.4331,29.8234
0.0372625,0.946909,0.0503071,0.0271027,19.7636,29.8244
0.0371294,0.960044,0.0509716,0.671311,19.5616,29.8246
0.0371551,0.948672,0.0504189,0.488768,19.0949,29.8246
0.0371917,0.947197,0.0501657,0.758072,19.1083,29.8246
0.0372127,0.950205,0.0503451,0.414773,19.5589,29.8248
0.0372013,0.953647,0.0505632,0.49184,19.5908,29.825
0.0371308,0.876154,0.0506286,0.37561,19.1244,29.8253
0.0371247,0.960042,0.0504408,0.736477,19.4561,29.8254
0.0371099,0.980127,0.0522984,0.78421,19.1477,29.8257
0.0370315,0.9943,0.0529186,0.147414,19.3385,29.8258
0.0371297,0.98469,0.0527171,0.501904,19.2585,29.8258
0.0370702,0.98955,0.050178,0.663707,19.3376,29.8259
0.0372345,0.968498,0.051113,0.381016,19.3347,29.8265
0.03707,0.977722,0.050945,0.467899,19.842,29.8275
0.0370848,0.974743,0.0518182,0.922116,19.6024,29.8282
0.0370478,0.895909,0.0514303,0.592765,19.303,29.8286
0.0371578,0.870998,0.0503056,0.432447,19.4925,29.8288
0.0371006,0.886434,0.0501951,0.242362,19.8867,29.8293
0.0370027,0.994957,0.0528323,0.917708,19.4049,29.8297
0.0371342,0.991571,0.0525953,0.977605,19.0978,29.8299
0.0364949,0.927389,0.0504833,1.932,19.6348,29.8303
0.0371374,0.881121,0.0503369,0.158008,19.2312,29.832
0.0363735,0.96031,0.0519111,1.86592,19.4867,29.8321
0.0370649,0.891029,0.0511526,0.252397,19.4249,29.8321
0.0370858,0.969996,0.0511134,0.393105,19.7623,29.8323
0.0364246,0.955263,0.0505057,1.30824,19.4694,29.8324
0.037087,0.897824,0.0503823,0.401492,19.0544,29.8327
0.0363983,0.953285,0.0516712,1.09822,19.1959,29.8329
0.0371444,0.869912,0.050759,0.246916,19.6327,29.8332
0.0364113,0.958169,0.0507088,1.93492,19.2381,29.8341
0.0371068,0.967508,0.0515138,0.64199,19.502,29.8341
0.0371156,0.885883,0.0506526,0.71306,19.1912,29.8344
0.0369993,0.997568,0.0521944,0.406417,19.0099,29.8345
0.0370678,0.986244,0.0502869,0.67931,19.6429,29.8347
0.037094,0.981854,0.052512,0.841021,19.3388,29.8352
0.0370481,0.984246,0.0509946,0.114024,19.8531,29.8354
0.035846,0.993093,0.0502003,2.85762,19.6153,29.8356
0.0371586,0.866082,0.0506651,0.573291,19.6991,29.8356
0.0370592,0.898733,0.0513877,0.629351,19.8431,29.8361
0.0364916,0.926132,0.0506963,1.97015,19.6978,29.8361
0.0371434,0.867495,0.0509751,0.102004,19.6722,29.8364
0.0370954,0.965686,0.0508855,0.105368,19.3268,29.8367
0.0358458,0.993662,0.0507699,2.24432,19.7386,29.8369
0.037095,0.881636,0.0510366,0.433228,19.3125,29.8374
0.0370276,0.908298,0.0515048,0.932777,19.1535,29.8379
0.0363921,0.956281,0.0513818,1.62097,19.6437,29.838
0.0372397,0.950835,0.050719,0.940445,19.0669,29.8386
0.0370612,0.905459,0.0503873,0.543199,19.8821,29.8389
0.0371543,0.943738,0.0504763,0.415417,19.6456,29.8393
0.0370283,0.90922,0.0513323,0.379079,19.2345,29.8396
0.0370922,0.973541,0.0519533,0.488383,19.3478,29.8407
0.0364778,0.931129,0.0508878,1.67404,19.2434,29.8408
0.0370508,0.906114,0.0501088,0.90252,19.335,29.841
0.036995,0.917708,0.0512777,0.317363,19.5053,29.8414
0.0370361,0.908564,0.051263,0.757392,19.4972,29.8419
0.0358346,0.992983,0.0509867,2.94002,19.8561,29.8421
0.0363952,0.965698,0.0505509,1.17789,19.7046,29.8422
0.0372166,0.976606,0.0513258,0.230761,19.8484,29.8429
0.0364015,0.957883,0.0507592,1.67052,19.6679,29.843
0.0370992,0.882338,0.0513661,0.82937,19.0435,29.8431
0.0364089,0.963175,0.0503862,1.22289,19.1441,29.8432
0.0370315,0.909712,0.0513481,0.824033,19.4561,29.8433
0.0370278,0.98744,0.0513559,0.551647,19.2803,29.8433
0.0370524,0.977591,0.05146,0.620422,19.9359,29.8434
0.0371139,0.989356,0.0532578,0.412905,19.024,29.8437
0.0363691,0.969727,0.051165,1.60855,19.873,29.8437
0.0363703,0.972857,0.05064,1.41567,19.0119,29.8437
0.0371931,0.851074,0.0506254,0.974313,19.773,29.8441
0.0371135,0.898404,0.0501379,0.43187,19.1779,29.8444
0.036327,0.970952,0.0527273,1.23016,19.5675,29.8444
0.0371375,0.969221,0.0519522,0.115407,19.4264,29.8448
0.0370719,0.981427,0.0525102,0.70274,19.9181,29.845
0.0371705,0.985693,0.052061,0.835699,19.0632,29.8451
0.0370452,0.996045,0.0537096,0.693467,19.3455,29.8452
0.0369658,0.922689,0.0519649,0.0823736,19.8488,29.8454
0.0365214,0.926377,0.0501344,1.09458,19.823,29.8462
0.0370676,0.899496,0.0513238,0.100566,19.6213,29.8468
0.0370817,0.886094,0.0516621,0.431019,19.1261,29.8469
0.0370366,0.993262,0.0533452,0.309163,19.6553,29.8473
0.0364338,0.948671,0.0502289,1.47259,19.4805,29.8473
0.0369205,0.926877,0.0536146,0.959507,19.1364,29.8481
0.0365812,0.897238,0.0502975,1.58182,19.8304,29.8481
0.0370074,0.903261,0.0522193,0.739568,19.349,29.8484
0.0370455,0.909668,0.0510573,0.834388,19.5648,29.8488
0.0371721,0.952047,0.0508582,0.535597,19.2268,29.849
0.0370939,0.884696,0.0503529,0.659603,19.4139,29.8495
0.0370388,0.979997,0.0513145,0.57634,19.3207,29.8497
0.0371301,0.887756,0.0505108,0.405131,19.8418,29.85
0.0370606,0.987751,0.0531167,0.0843574,19.2074,29.85
0.0363611,0.973016,0.0508612,1.93701,19.684,29.85
0.036418,0.958625,0.0511718,1.52227,19.8978,29.8505
0.0370833,0.963358,0.0517971,0.976033,19.8457,29.8506
0.0371281,0.987997,0.0530088,0.139781,19.3579,29.8508
0.0365178,0.917142,0.0502296,1.67817,19.0108,29.8514
0.037127,0.887488,0.0506174,0.320467,19.4126,29.8515
0.0364167,0.944337,0.051822,1.60923,19.1713,29.8518
0.0365639,0.992665,0.050161,1.9757,19.5404,29.8518
0.0364585,0.933861,0.0508572,1.53129,19.6803,29.8519
0.0370273,0.897897,0.0517681,0.186428,19.5622,29.852
0.0371596,0.860626,0.0512985,0.689617,19.2221,29.8528
0.0363096,0.983351,0.0521225,1.61677,19.5754,29.8529
0.0365075,0.928858,0.0504681,1.23687,19.5411,29.853
0.0363104,0.982441,0.0522537,1.85631,19.5726,29.8532
0.037124,0.892294,0.0505157,0.170533,19.876,29.8538
0.0372235,0.993381,0.0506935,0.77022,19.9804,29.8538
0.0371623,0.954046,0.0510686,0.971611,19.2865,29.8541
0.0370385,0.913892,0.0507744,0.923077,19.1191,29.8541
0.0363853,0.969179,0.0510723,1.15732,19.1204,29.8544
0.0371562,0.872323,0.0507505,0.227603,19.2576,29.8544
0.0370959,0.977976,0.0526225,0.488607,19.7012,29.8544
0.037087,0.891853,0.0513701,0.743808,19.6754,29.8545
0.0363597,0.967226,0.0514592,1.71663,19.8115,29.8545
0.0369146,0.926673,0.0537589,0.862681,19.3326,29.8545
0.0369158,0.932237,0.0531827,0.607697,19.1107,29.8548
0.0369369,0.931258,0.0521652,0.275923,19.9759,29.8553
0.0370759,0.892972,0.0501953,0.0679169,19.6843,29.8554
0.0371187,0.950412,0.0506516,0.599556,19.5605,29.8554
0.0371539,0.991298,0.0523024,0.250108,19.6137,29.8554
0.0359137,0.968398,0.0501042,2.58689,19.5937,29.8556
0.0372511,0.947439,0.0507087,0.404559,19.4947,29.8557
0.0364564,0.956089,0.0504707,1.26526,19.4925,29.8559
0.0364673,0.9539,0.0503175,1.96151,19.3953,29.856
0.0364616,0.953439,0.0504655,1.83202,19.9886,29.8561
0.0371602,0.85718,0.0513148,0.817282,19.6415,29.8564
0.0365186,0.996954,0.0505922,1.65326,19.1411,29.8564
0.0371289,0.945464,0.0509492,0.743365,19.1741,29.8564
0.0363574,0.963792,0.0518774,1.27386,19.6315,29.8564
0.0371181,0.949116,0.0502202,0.881413,19.517,29.8567
0.0371754,0.946342,0.0507211,0.947981,19.1788,29.8569
0.0370736,0.967137,0.0506144,0.231646,19.4728,29.8572
0.0370312,0.994735,0.0537213,0.428539,19.7323,29.8577
0.0365031,0.920808,0.0511106,1.60359,19.2481,29.858
0.0370439,0.89703,0.0510782,0.613804,19.9694,29.8581
0.0370587,0.979507,0.0505086,0.459331,19.8136,29.8584
0.0363625,0.983373,0.0501585,1.50077,19.6041,29.8584
0.0369219,0.92815,0.0536673,0.23741,19.007,29.8586
0.0370735,0.995827,0.0538494,0.765975,19.4884,29.8587
0.0370849,0.908618,0.0505522,0.996139,19.4826,29.8588
0.0365721,0.895133,0.0507282,1.95729,19.9293,29.8594
0.0364299,0.958595,0.0510318,1.91628,19.8047,29.8595
0.0370087,0.91281,0.0509184,0.12306,19.972,29.8597
0.0369828,0.925533,0.0514785,0.0229682,19.2769,29.8598
0.0358815,0.990726,0.0503516,2.50867,19.0505,29.8598
0.0358483,0.989707,0.051157,2.08687,19.596,29.8599
0.0370434,0.972541,0.05235,0.887794,19.5993,29.8599
0.0371858,0.94322,0.050614,0.0974179,19.3964,29.8607
0.0364681,0.926229,0.0517766,1.85749,19.9188,29.8609
0.0370895,0.987187,0.0532893,0.601643,19.0692,29.861
0.0363573,0.977946,0.0511857,1.81364,19.2309,29.8613
0.0369697,0.996637,0.0533874,0.105429,19.7907,29.8613
0.0370131,0.898977,0.0525751,0.219879,19.5946,29.8614
0.036326,0.981649,0.0520609,1.8298,19.8242,29.8615
0.0370428,0.890622,0.0522846,0.429901,19.4387,29.8618
0.0370504,0.914208,0.05086,0.442263,19.9394,29.8618
0.0369245,0.939008,0.0519778,0.111602,19.0938,29.8619
0.0370127,0.923633,0.0506291,0.702663,19.7737,29.862
0.0365006,0.917449,0.0514647,1.62166,19.526,29.862
0.0371331,0.879851,0.0510541,0.340212,19.9081,29.8622
0.0370716,0.963875,0.0512345,0.77219,19.8174,29.8622
0.0358548,0.993859,0.0508705,2.10839,19.27,29.8623
0.0370904,0.890859,0.051484,0.209998,19.5033,29.8623
0.0370425,0.916284,0.0506946,0.523269,19.4944,29.8624
0.0369949,0.932639,0.0501879,0.795361,19.7443,29.8624
0.0363707,0.974862,0.0511829,1.80144,19.3817,29.8625
0.0362777,0.996403,0.0520167,1.92402,19.3175,29.8627
0.0364045,0.968069,0.0510648,1.40819,19.707,29.8627
0.037112,0.968646,0.0521019,0.0584289,19.2835,29.8628
0.0371269,0.943915,0.050529,0.215124,19.6118,29.8629
0.0363193,0.994477,0.0506665,1.15345,19.5792,29.8629
0.0365515,0.916606,0.0502292,1.10048,19.4814,29.8629
0.0370493,0.917228,0.0502214,0.23723,19.678,29.8631
0.0365176,0.930415,0.0503384,1.93362,19.9973,29.8632
0.0370757,0.905266,0.0511754,0.317663,19.2082,29.8632
0.0369245,0.928186,0.0536701,0.336202,19.5205,29.8634
0.0362878,0.988664,0.0527825,1.85763,19.6658,29.8634
0.0372319,0.987218,0.050767,0.358327,19.2469,29.8634
0.037126,0.960498,0.0516307,0.149662,19.0135,29.8636
0.0363774,0.975207,0.0508458,1.40394,19.1967,29.8636
0.0358723,0.989478,0.0506501,2.67635,19.1276,29.8636
0.0370069,0.926037,0.0505877,0.730481,19.1684,29.8636
0.0371807,0.949023,0.0509656,0.329665,19.4207,29.8637
0.0369637,0.936762,0.0508508,0.140004,19.9422,29.8637
0.0369903,0.924223,0.0516456,0.678091,19.6084,29.8638
0.0370858,0.9115,0.0505939,0.0538012,19.6529,29.8639
0.0372492,0.935231,0.0502695,0.355095,19.2071,29.8641
0.037062,0.985169,0.0532385,0.413117,19.4609,29.8643
0.0369767,0.997628,0.0521542,0.381626,19.4329,29.8643
0.0370599,0.91409,0.0508331,0.0581951,19.9055,29.8645
0.0369495,0.931219,0.052265,0.502079,19.4152,29.8648
0.0364013,0.945498,0.0525197,1.03469,19.1859,29.8648
0.037213,0.862973,0.0502318,0.548086,19.8302,29.8649
0.0370639,0.964124,0.0509432,0.418364,19.9307,29.8649
0.0370789,0.911976,0.0503372,0.561439,19.7257,29.8649
0.0369801,0.923798,0.0508631,0.712084,19.7411,29.8651
0.0369718,0.919011,0.051787,0.784758,19.2555,29.8653
0.0370047,0.9962,0.0538033,0.957309,19.6445,29.8655
0.036868,0.960531,0.0515711,0.514507,19.7594,29.8656
0.0371462,0.860374,0.0519676,0.647448,19.0403,29.8658
0.0363906,0.96286,0.0518899,1.25204,19.9371,29.8659
0.0368966,0.934195,0.0535192,0.0181109,19.0686,29.866
0.035877,0.992702,0.0504626,2.68336,19.81,29.8663
0.0370272,0.976023,0.0525547,0.368521,19.8049,29.8663
0.036883,0.951567,0.0520525,0.785114,19.2688,29.8665
0.037287,0.945937,0.0508755,0.505749,19.9633,29.8666
0.0371456,0.861966,0.0509877,0.479826,19.5066,29.8668
0.0370527,0.966672,0.0523142,0.850567,19.235,29.8668
0.0369948,0.986998,0.0529173,0.726829,19.7815,29.8671
0.0369169,0.95229,0.0509602,0.432309,19.8335,29.8672
0.0363606,0.961656,0.0517895,1.43359,19.4206,29.8672
0.0370357,0.980346,0.0529173,0.588984,19.9354,29.8674
0.0363001,0.984423,0.0521246,1.71614,19.6317,29.8676
0.0365312,0.988545,0.0503476,1.99939,19.6438,29.8676
0.036933,0.954049,0.0502902,0.835908,19.5861,29.8679
0.036371,0.960318,0.0525581,1.06277,19.0582,29.8679
0.0372478,0.951486,0.0511275,0.376084,19.7539,29.8681
0.0365802,0.891159,0.0507714,1.66041,19.4158,29.8681
0.0363383,0.973862,0.0515011,1.63655,19.3179,29.8685
0.0371195,0.867984,0.0515395,0.577399,19.6909,29.8685
0.0368401,0.971812,0.0517491,0.867535,19.4619,29.8687
0.0370623,0.980646,0.0501485,0.718116,19.775,29.8687
0.037279,0.824055,0.0501546,0.231106,19.4139,29.8687
0.0362785,0.990674,0.0532264,1.36737,19.0758,29.8687
0.0370769,0.975654,0.0526164,0.799645,19.3416,29.8687
0.0371057,0.96794,0.052163,0.34475,19.1566,29.8689
0.0368794,0.941182,0.0541859,0.704286,19.8695,29.8692
0.0368968,0.9452,0.052523,0.0264823,19.5917,29.8694
0.0358509,0.988872,0.0512452,2.38948,19.0504,29.8694
0.0370337,0.919732,0.0514061,0.547581,19.4393,29.8695
0.0363525,0.982085,0.0511473,1.757,19.1832,29.8698
0.0369995,0.993071,0.0536821,0.612737,19.0196,29.8698
0.0359046,0.987389,0.0500924,2.19984,19.6011,29.8698
0.0370991,0.908956,0.0507057,0.968287,19.3795,29.87
0.0371577,0.885951,0.0504358,0.636342,19.342,29.8701
0.037152,0.936826,0.0508784,0.275783,19.0575,29.8703
0.0369809,0.917982,0.0528919,0.163409,19.9085,29.8706
0.0363413,0.980763,0.0521632,1.74058,19.6465,29.8706
0.0369923,0.985892,0.053458,0.512999,19.4556,29.8707
0.0371098,0.913947,0.0503926,0.453895,19.8058,29.8709
0.036475,0.958285,0.0502502,1.71373,19.0551,29.871
0.0371225,0.966285,0.0521612,0.773073,19.1097,29.8711
0.036349,0.968668,0.0515259,1.7168,19.0239,29.8711
0.0365919,0.887858,0.0509018,1.13383,19.2255,29.8711
0.0370939,0.914574,0.0503084,0.503807,19.5368,29.8711
0.0365407,0.915165,0.0507603,1.26382,19.9154,29.8712
0.0371027,0.894571,0.0512137,0.0982933,19.2736,29.8713
0.0364274,0.939402,0.0522876,1.84425,19.2337,29.8713
0.0364608,0.946287,0.0510677,1.24697,19.5304,29.8713
0.0372268,0.996332,0.0506497,0.0377855,19.9174,29.8713
0.0368296,0.972061,0.0521258,0.65271,19.6872,29.8714
0.0371727,0.921939,0.0503964,0.848057,19.9862,29.8715
0.036518,0.933821,0.050335,1.46855,19.7773,29.8715
0.0369408,0.925296,0.0523923,0.941058,19.8154,29.8716
0.037178,0.852288,0.0506333,0.803637,19.9944,29.8717
0.0371187,0.87058,0.0506014,0.648913,19.1737,29.8718
0.0364444,0.935208,0.0507066,1.44729,19.844,29.8718
0.0369404,0.933034,0.0514883,0.90089,19.1178,29.8723
0.0370338,0.971177,0.0514111,0.769506,19.2731,29.8724
0.0369569,0.931102,0.0526291,0.21247,19.2516,29.8726
0.0368902,0.941931,0.0535718,0.600485,19.8769,29.8727
0.0371421,0.941873,0.0510922,0.968626,19.0184,29.8728
0.0370775,0.973118,0.0525413,0.820182,19.3841,29.8728
0.0370887,0.877555,0.0513566,0.625985,19.3078,29.8731
0.0371034,0.90609,0.0507868,0.987645,19.7702,29.8731
0.0371041,0.878111,0.0520721,0.985728,19.6707,29.8732
0.0365309,0.919099,0.0508248,1.50364,19.6104,29.8734
0.0364215,0.970726,0.0503405,1.17845,19.0894,29.8736
0.0370697,0.973254,0.0525775,0.78957,19.0695,29.8737
0.0371879,0.881587,0.050151,0.308735,19.8402,29.8738
0.0369919,0.933184,0.0506358,0.715909,19.2004,29.8741
0.0368069,0.953183,0.0556332,0.396014,19.4216,29.8741
0.0364004,0.945081,0.0522296,1.11881,19.3625,29.8743
0.0368864,0.945221,0.0531833,0.432558,19.3675,29.8743
0.0371151,0.927372,0.0501385,0.897488,19.9128,29.8744
0.0370565,0.963604,0.0515134,0.787153,19.8785,29.8744
0.0370748,0.882622,0.0509631,0.644528,19.4744,29.8746
0.0365335,0.922122,0.0506259,1.82967,19.2661,29.8747
0.0365454,0.915201,0.0507249,1.63589,19.7622,29.8748
0.0371774,0.853343,0.0502767,0.515587,19.0265,29.8748
0.0358611,0.980618,0.0504787,2.68446,19.9048,29.875
0.0371193,0.869783,0.0506423,0.313503,19.2335,29.8753
0.0370017,0.982406,0.0525751,0.954498,19.5673,29.8753
0.0371357,0.861859,0.0515244,0.962753,19.4071,29.8754
0.0369457,0.930311,0.0532285,0.226207,19.8012,29.8754
0.0370712,0.957035,0.0521403,0.809297,19.7138,29.8756
0.0369611,0.91824,0.0521819,0.799851,19.8398,29.8758
0.0370004,0.98265,0.0525778,0.610186,19.0215,29.8758
0.0362729,0.982285,0.0541591,1.57335,19.8758,29.8759
0.0368804,0.943658,0.0539984,0.875997,19.3753,29.876
0.0369905,0.985652,0.0522235,0.223341,19.9238,29.8761
0.0371165,0.870563,0.050603,0.664911,19.609,29.8761
0.0372698,0.947175,0.0509966,0.183105,19.5041,29.8762
0.0370819,0.920471,0.0506326,0.790919,19.866,29.8762
0.0358224,0.991626,0.0507512,2.48715,19.2452,29.8764
0.0364002,0.945351,0.0520284,1.77944,19.547,29.8764
0.0371684,0.873817,0.050923,0.730251,19.8996,29.8765
0.0369498,0.94895,0.0504517,0.661925,19.7713,29.8765
0.0368428,0.965744,0.051904,0.111471,19.3813,29.8766
0.0363758,0.980264,0.0507901,1.08146,19.274,29.8766
0.036289,0.993975,0.0524475,1.99558,19.4742,29.8767
0.0371563,0.924591,0.0504379,0.302627,19.6964,29.8768
0.0370738,0.886704,0.0505788,0.894915,19.4099,29.877
0.037084,0.900917,0.051457,0.823399,19.6099,29.8771
0.0370561,0.959659,0.0510128,0.549565,19.5472,29.8772
0.036878,0.946419,0.0535398,0.357906,19.3557,29.8774
0.0370261,0.973097,0.0519747,0.243671,19.1775,29.8774
0.0363077,0.971008,0.053181,1.08301,19.2782,29.8775
0.0364387,0.960683,0.0510605,1.75208,19.639,29.8778
0.0363773,0.950425,0.0527561,1.20988,19.2413,29.8778
0.0365129,0.911853,0.051033,1.33405,19.28,29.8778
0.0368432,0.951048,0.0544227,0.722897,19.5898,29.8778
0.0362852,0.993652,0.0527912,1.54974,19.6242,29.878
0.0369356,0.937136,0.0510776,0.139065,19.6939,29.878
0.0359005,0.979037,0.0505908,2.76572,19.0472,29.878
0.0368796,0.934901,0.0547263,0.289877,19.1991,29.8781
0.0368214,0.966465,0.0531146,0.213191,19.46,29.8782
0.0365075,0.946231,0.0501847,1.64041,19.6774,29.8785
0.0369306,0.918802,0.0536166,0.147816,19.3954,29.8785
0.036484,0.920904,0.0511581,1.077,19.7306,29.8786
0.037175,0.95738,0.0516966,0.052311,19.0816,29.8786
0.0368528,0.943715,0.0549685,0.494595,19.9227,29.8786
0.0365357,0.981727,0.0502816,1.8895,19.6343,29.8788
0.0368425,0.951091,0.0545222,0.534383,19.1757,29.8788
0.0371059,0.875127,0.0503576,0.99536,19.9363,29.8788
0.0369556,0.994846,0.0538904,0.677958,19.1407,29.8789
0.0370821,0.952019,0.0512798,0.272085,19.3564,29.879
0.0370446,0.88897,0.0516231,0.451191,19.5782,29.8791
0.0370875,0.901702,0.0513924,0.625534,19.7803,29.8791
0.0370111,0.977642,0.0523088,0.796969,19.0238,29.8792
0.0370298,0.894951,0.0515616,0.852094,19.5036,29.8793
0.037054,0.922794,0.0509275,0.406847,19.3514,29.8794
0.0372157,0.837881,0.0511899,0.11091,19.7268,29.8795
0.0369197,0.925075,0.0542284,0.0344382,19.1829,29.8796
0.0370103,0.909008,0.0509358,0.10226,19.6396,29.8797
0.0365835,0.889829,0.0510847,1.29067,19.888,29.8797
0.0370022,0.926781,0.0521812,0.045003,19.5064,29.8799
0.036879,0.931654,0.0549598,0.195791,19.5085,29.88
0.0371401,0.902443,0.0504395,0.295752,19.8297,29.88
0.0363914,0.978137,0.0507388,1.35363,19.4804,29.88
0.0373522,0.930068,0.0501443,0.55035,19.1204,29.8801
0.0370399,0.986572,0.0503481,0.698465,19.08,29.8801
0.0369908,0.929942,0.0517498,0.593823,19.1886,29.8801
0.0365619,0.906556,0.0509551,1.51219,19.8638,29.8802
0.0371254,0.906641,0.0505615,0.234533,19.8778,29.8803
0.0363956,0.945183,0.0524199,1.85579,19.1016,29.8804
0.0363591,0.971854,0.0524841,1.59467,19.1301,29.8805
0.0370591,0.899352,0.052146,0.413388,19.2575,29.8805
0.0371478,0.914585,0.0501851,0.0837461,19.5194,29.8805
0.0369811,0.931231,0.0522199,0.327592,19.9058,29.8807
0.0364488,0.971533,0.0503229,1.84285,19.268,29.8809
0.0364368,0.932678,0.0521057,1.55057,19.9739,29.8809
0.0372062,0.84348,0.0502397,0.150527,19.973,29.8809
0.0370953,0.944435,0.0509129,0.265954,19.9236,29.881
0.037168,0.848694,0.0518162,0.698682,19.6266,29.881
0.0363262,0.989377,0.0517336,1.74419,19.6042,29.881
0.0370519,0.883303,0.0528146,0.177787,19.5992,29.881
0.0369599,0.932036,0.0529155,0.210784,19.5505,29.8812
0.037029,0.927482,0.0515927,0.7535,19.5039,29.8813
0.0365137,0.930392,0.0508103,1.0987,19.7359,29.8813
0.03682,0.97036,0.0523643,0.321407,19.1189,29.8813
0.0367496,0.99249,0.0531854,0.184449,19.6884,29.8813
0.0366728,0.997699,0.0502198,1.19071,19.6704,29.8813
0.0371539,0.899028,0.0503665,0.661636,19.8396,29.8814
0.0367842,0.962456,0.0553898,0.540746,19.5863,29.8815
0.0370854,0.905527,0.0513356,0.816403,19.3881,29.8816
0.0365174,0.987521,0.0501006,1.97398,19.1211,29.8817
0.0363983,0.943582,0.0525897,1.76347,19.5792,29.8817
0.0370323,0.906171,0.0502347,0.195551,19.7367,29.8817
0.0362448,0.996725,0.0531238,1.19923,19.5974,29.882
0.0369942,0.936303,0.0504903,0.69207,19.6521,29.882
0.0371379,0.872285,0.0518278,0.417258,19.5061,29.882
0.0363348,0.97589,0.0511992,1.52522,19.8453,29.882
0.0371567,0.915525,0.0502436,0.138352,19.3377,29.8821
0.037099,0.986869,0.0535482,0.109972,19.8372,29.8822
0.0370886,0.924564,0.0503789,0.409534,19.6636,29.8823
0.0363561,0.993104,0.0500892,1.88729,19.4704,29.8823
0.0372328,0.960333,0.0518071,0.507174,19.1903,29.8825
0.0371468,0.874536,0.0515148,0.968135,19.0208,29.8826
0.0368806,0.945461,0.0542088,0.124552,19.2765,29.8827
0.0367817,0.958096,0.0560122,0.339906,19.0326,29.8828
0.0372093,0.903398,0.0501313,0.344605,19.6107,29.8828
0.0370183,0.907339,0.0507066,0.529307,19.2833,29.8829
0.0369473,0.936475,0.0527857,0.905024,19.4279,29.8829
0.0370927,0.92211,0.0501184,0.634852,19.0017,29.8829
0.0363542,0.97521,0.0524912,1.58145,19.7713,29.883
0.03707,0.883654,0.0509366,0.846784,19.7432,29.8831
0.0370437,0.979583,0.0504908,0.0224858,19.7868,29.8832
0.0364253,0.936831,0.0527443,1.91756,19.9767,29.8834
0.0370755,0.946017,0.0509206,0.819631,19.7725,29.8837
0.0370342,0.966514,0.0517488,0.80489,19.212,29.8838
0.0367253,0.99576,0.0537407,0.969318,19.8109,29.8838
0.0368247,0.956105,0.0546914,0.46543,19.4508,29.8838
0.0362855,0.997202,0.0524295,1.04869,19.0471,29.8839
0.0363373,0.960519,0.053418,1.39376,19.997,29.8839
0.037044,0.962894,0.0516563,0.923022,19.2345,29.884
0.0369039,0.954815,0.0516005,0.0885161,19.8843,29.8842
0.0370275,0.967489,0.0516603,0.532058,19.1258,29.8842
0.0371643,0.910177,0.0502713,0.092689,19.337,29.8842
0.0372392,0.963981,0.0515303,0.628662,19.4536,29.8842
0.0372468,0.829343,0.0506604,0.637949,19.7784,29.8843
0.035872,0.976017,0.0503195,2.79178,19.3896,29.8844
0.0371809,0.86829,0.0512125,0.181746,19.2364,29.8847
0.037036,0.967612,0.0511746,0.127657,19.8997,29.8848
0.0368328,0.955355,0.0537586,0.00491353,19.7048,29.8849
0.0370289,0.917882,0.0520687,0.669517,19.4889,29.885
0.0365071,0.917166,0.051776,1.80558,19.5775,29.8851
0.0363895,0.94562,0.0532205,1.45251,19.5957,29.8851
0.0369434,0.94728,0.0510875,0.547315,19.9659,29.8851
0.0368717,0.97179,0.050643,0.149751,19.3877,29.8852
0.0358825,0.979751,0.0510774,2.34824,19.5165,29.8854
0.0370664,0.954925,0.051798,0.31182,19.7484,29.8854
0.036848,0.960458,0.0522264,0.273721,19.5561,29.8855
0.036738,0.991244,0.0537747,0.889442,19.7011,29.8855
0.0364192,0.973001,0.0511519,1.55605,19.5688,29.8855
0.0367504,0.989787,0.0531473,0.341313,19.7776,29.8855
0.0368232,0.947909,0.0556538,0.541558,19.9207,29.8855
0.0371898,0.900868,0.0503008,0.563944,19.2634,29.8856
0.0358781,0.973825,0.0510041,2.09226,19.4566,29.8859
0.0369574,0.940949,0.0514145,0.0462679,19.0689,29.8859
0.0364455,0.973349,0.0506306,1.03423,19.9542,29.8859
0.036769,0.964855,0.0557882,0.0148153,19.238,29.886
0.0371807,0.987491,0.0520197,0.230621,19.0997,29.886
0.0370503,0.965766,0.0507818,0.0585652,19.5027,29.886
0.0371902,0.966349,0.0523281,0.897962,19.7004,29.886
0.0372492,0.836652,0.0506646,0.57441,19.4819,29.8861
0.0372019,0.882427,0.0503605,0.57074,19.2826,29.8861
0.0369647,0.912211,0.0524989,0.21521,19.3642,29.8861
0.0364185,0.965526,0.0514657,1.79787,19.0775,29.8862
0.0370796,0.924026,0.0501487,0.892997,19.2438,29.8864
0.0367562,0.984723,0.0537809,0.271716,19.3724,29.8864
0.036875,0.948524,0.0538979,0.735641,19.6676,29.8865
0.0365091,0.939986,0.0505894,1.13708,19.0457,29.8868
0.0369889,0.917955,0.0529914,0.490099,19.9032,29.8868
0.0372066,0.945877,0.0511517,0.638019,19.0195,29.8868
0.0367831,0.978725,0.0534355,0.839937,19.559,29.8869
0.0364215,0.976827,0.0502649,1.6592,19.6836,29.8869
0.0370468,0.964404,0.0509101,0.213854,19.4993,29.887
0.0368463,0.958501,0.0534174,0.570537,19.0171,29.8871
0.0369478,0.915888,0.0528438,0.378803,19.537,29.8871
0.0358371,0.985438,0.0514017,2.59379,19.8311,29.8872
0.0369727,0.932234,0.0527324,0.707883,19.2043,29.8873
0.0365304,0.97882,0.0500941,1.39806,19.133,29.8874
0.0368505,0.972539,0.0508295,0.0871717,19.4736,29.8875
0.0358997,0.971243,0.0510575,2.03537,19.7359,29.8875
0.0369436,0.939046,0.0530006,0.998519,19.1929,29.8877
0.037119,0.93176,0.0509505,0.657358,19.5156,29.8878
0.0369338,0.957987,0.0504228,0.507481,19.3641,29.8879
0.0368193,0.953396,0.0554915,0.208925,19.1912,29.888
0.0362341,0.990377,0.0549951,1.38307,19.4248,29.8881
0.0371366,0.886919,0.0512653,0.707671,19.9291,29.8881
0.0371916,0.884032,0.0505194,0.813152,19.4479,29.8883
0.0371652,0.874495,0.0513124,0.0573886,19.3302,29.8883
0.0369331,0.923723,0.0541027,0.848818,19.1577,29.8883
0.0369924,0.991014,0.0539356,0.710789,19.2362,29.8885
0.0366201,0.99578,0.0504941,1.18435,19.4243,29.8885
0.0370765,0.878201,0.0516496,0.0497024,19.1765,29.8886
0.0370979,0.896374,0.0516269,0.23805,19.5467,29.8886
0.0370637,0.950395,0.0512767,0.252212,19.9915,29.8886
0.0368828,0.970402,0.0509515,0.249882,19.9227,29.8887
0.0372602,0.991489,0.0502248,0.361271,19.0905,29.8887
0.0364617,0.994959,0.0501967,1.87263,19.1035,29.8887
0.0372267,0.855029,0.0506457,0.449836,19.2593,29.8887
0.0371802,0.882694,0.0507213,0.637178,19.2027,29.8888
0.0370389,0.918523,0.0519187,0.556043,19.2591,29.8888
0.0363077,0.967348,0.0541236,1.86711,19.6141,29.889
0.0359261,0.960891,0.0509021,2.71904,19.8588,29.8891
0.0363828,0.98277,0.0512472,1.4753,19.2831,29.8892
0.0367635,0.967615,0.0558747,0.817377,19.8825,29.8893
0.0370172,0.968502,0.0518613,0.222495,19.9961,29.8893
0.0369238,0.919152,0.0535597,0.865178,19.2665,29.8893
0.0368942,0.947749,0.0514911,0.781636,19.5169,29.8894
0.0367963,0.980691,0.0528533,0.167588,19.5864,29.8896
0.0368729,0.939235,0.0536719,0.92571,19.4353,29.8896
0.0364434,0.972031,0.0507903,1.94428,19.8945,29.8897
0.0371317,0.861431,0.0514622,0.453032,19.2774,29.8897
0.0368177,0.962367,0.0535121,0.932219,19.1937,29.8897
0.036454,0.954552,0.0512179,1.36818,19.8891,29.8898
0.0363855,0.946779,0.0533547,1.71491,19.9817,29.8898
0.0364548,0.967362,0.0507236,1.18439,19.2477,29.8898
0.0370548,0.939616,0.0510788,0.641658,19.7253,29.8901
0.0368584,0.953829,0.0538072,0.266059,19.7539,29.8901
0.0369634,0.929439,0.0531166,0.542816,19.4031,29.8904
0.0370589,0.944282,0.050943,0.28448,19.4773,29.8905
0.0370161,0.933149,0.0506607,0.323348,19.1451,29.8905
0.0370405,0.984479,0.0536223,0.600196,19.3682,29.8905
0.0371538,0.909699,0.0505899,0.0775822,19.9861,29.8906
0.0372858,0.93627,0.050442,0.284441,19.2579,29.8906
0.0371618,0.890147,0.0508028,0.147472,19.4583,29.8906
0.037284,0.942977,0.0509346,0.948904,19.7774,29.8907
0.0369317,0.947513,0.0517058,0.770163,19.8586,29.8907
0.0363707,0.979282,0.0520603,1.36421,19.4114,29.8908
0.0367767,0.973757,0.0541009,0.21439,19.5872,29.8908
0.0369986,0.934597,0.0518722,0.168005,19.1692,29.8909
0.0370505,0.971294,0.0528762,0.112222,19.0319,29.8909
0.0368372,0.961755,0.0534852,0.95225,19.6343,29.891
0.0369678,0.937967,0.0519462,0.167966,19.8703,29.891
0.0363448,0.990661,0.0512587,1.94283,19.8457,29.891
0.0370079,0.896766,0.0521618,0.687563,19.2897,29.891
0.0363702,0.966589,0.0526572,1.02508,19.7143,29.8912
0.0365158,0.911428,0.050332,1.49187,19.4063,29.8912
0.0363765,0.955305,0.0531104,1.28254,19.7126,29.8914
0.0362924,0.971655,0.0542127,1.05731,19.5597,29.8915
0.0370373,0.974971,0.0507027,0.755117,19.9455,29.8916
0.0368332,0.967087,0.0518238,0.0946311,19.2909,29.8917
0.0369568,0.91926,0.0538017,0.417206,19.8156,29.8917
0.0370531,0.956656,0.05206,0.265329,19.4807,29.8917
0.0368236,0.967078,0.0524173,0.360785,19.0661,29.8917
0.0363815,0.954507,0.0530303,1.81079,19.2175,29.8918
0.036506,0.952294,0.0503116,1.99634,19.3206,29.8919
0.0370908,0.91778,0.0511196,0.337359,19.3119,29.8919
0.0370747,0.940688,0.0511422,0.586491,19.7052,29.8919
0.0368106,0.97941,0.0525484,0.990471,19.4998,29.892
0.0370586,0.89618,0.0525729,0.272289,19.9929,29.892
0.0371053,0.909668,0.0511075,0.906508,19.0112,29.892
0.0371415,0.85437,0.052214,0.220121,19.9412,29.892
0.0369789,0.921313,0.0531645,0.277594,19.0085,29.892
0.0364819,0.987721,0.0501543,1.13541,19.9713,29.8921
0.036555,0.972986,0.050437,1.46243,19.3092,29.8921
0.0364188,0.948345,0.0524107,1.19185,19.5525,29.8922
0.0369912,0.926866,0.0526472,0.483442,19.2526,29.8922
0.0364664,0.938444,0.051768,1.36243,19.5617,29.8924
0.0365222,0.94573,0.0502541,1.09706,19.6373,29.8924
0.0363674,0.986325,0.0515418,1.314,19.7184,29.8924
0.0367856,0.965546,0.0552982,0.804333,19.9278,29.8924
0.0372029,0.896918,0.0503733,0.559111,19.2674,29.8926
0.0372824,0.975795,0.050253,0.645126,19.6648,29.8927
0.0363013,0.984685,0.0535317,1.85149,19.0164,29.8927
0.0368537,0.971104,0.0507648,0.164423,19.124,29.8927
0.0371092,0.920363,0.0508989,0.222148,19.1754,29.8928
0.0367888,0.971374,0.054239,0.196513,19.6962,29.8931
0.0364998,0.91525,0.0521668,1.43063,19.8549,29.8932
0.0366004,0.91044,0.0503215,1.34416,19.7913,29.8932
0.037075,0.94724,0.0521479,0.998378,19.8163,29.8933
0.0371674,0.942965,0.0512308,0.683356,19.4769,29.8933
0.0368028,0.974296,0.0523894,0.789286,19.968,29.8934
0.0367102,0.975892,0.0573692,0.836514,19.6717,29.8935
0.0365116,0.905897,0.0521954,1.55883,19.9493,29.8936
0.0370625,0.881574,0.0516463,0.00555654,19.4435,29.8937
0.0369304,0.942242,0.0502288,0.646966,19.5884,29.8938
0.0365668,0.891982,0.0507906,1.03539,19.5528,29.8938
0.0370547,0.953891,0.0517831,0.103247,19.9999,29.8939
0.0367948,0.973296,0.0537895,0.284698,19.8365,29.8939
0.0369417,0.994708,0.053037,0.912654,19.8635,29.894
0.0363716,0.986527,0.0513343,1.88936,19.74,29.894
0.0364926,0.986323,0.0502475,1.0681,19.0782,29.894
0.0367726,0.984277,0.0534316,0.565752,19.4479,29.8941
0.0370126,0.934706,0.0514309,0.292035,19.0246,29.8941
0.0370405,0.943834,0.0514327,0.822167,19.3406,29.8942
0.0367357,0.969114,0.0568238,0.933308,19.831,29.8942
0.0370163,0.964624,0.0516333,0.444773,19.1952,29.8942
0.0368221,0.964632,0.0528368,0.403864,19.6196,29.8942
0.0372126,0.909812,0.0502029,0.114012,19.5146,29.8944
0.0370209,0.975745,0.0532858,0.354725,19.4776,29.8944
0.0365613,0.926088,0.050373,1.10036,19.6464,29.8945
0.0367674,0.994052,0.0522911,0.0212797,19.4475,29.8946
0.0363351,0.960001,0.0540469,1.55349,19.0862,29.8948
0.0371499,0.97427,0.0529124,0.861397,19.024,29.8948
0.0365132,0.910319,0.0507567,1.87925,19.7023,29.8949
0.0370216,0.896319,0.0515277,0.986784,19.9495,29.895
0.0372251,0.968105,0.051769,0.929901,19.9577,29.895
0.0371235,0.983583,0.0535758,0.2549,19.5988,29.895
0.0363258,0.993432,0.0520618,1.44,19.1963,29.8953
0.0370055,0.93736,0.0517809,0.732997,19.7259,29.8953
0.0372522,0.827779,0.0507748,0.269015,19.5783,29.8954
0.0369178,0.948075,0.0524465,0.487256,19.628,29.8954
0.035831,0.985919,0.0516103,2.78266,19.4934,29.8955
0.0367312,0.972633,0.0565968,0.439121,19.5317,29.8956
0.03713,0.92215,0.0511728,0.338001,19.4371,29.8956
0.037069,0.93641,0.050459,0.20527,19.7301,29.8957
0.036409,0.98346,0.0507251,1.91186,19.347,29.8958
0.0364446,0.989035,0.0505617,1.52882,19.9082,29.8958
0.0371691,0.899408,0.0508519,0.303482,19.6777,29.8959
0.0363764,0.94787,0.0536303,1.27368,19.4995,29.8959
0.0370437,0.95015,0.0511086,0.168665,19.6367,29.896
0.0364886,0.918824,0.0503866,1.73272,19.569,29.896
0.0369919,0.991424,0.0541,0.502868,19.5278,29.896
0.0358397,0.98295,0.0520416,2.9048,19.066,29.8961
0.0365257,0.974832,0.050392,1.0257,19.5917,29.8961
0.0358503,0.98108,0.0502048,2.78237,19.6825,29.8961
0.0363994,0.942129,0.0533376,1.19724,19.0675,29.8962
0.0370524,0.963166,0.0527203,0.667182,19.7068,29.8962
0.0370275,0.991045,0.0501706,0.57654,19.8062,29.8962
0.0371019,0.96744,0.0527267,0.00591929,19.0649,29.8964
0.0364021,0.957227,0.0524394,1.40056,19.6062,29.8964
0.0368854,0.950295,0.0538833,0.505344,19.6754,29.8965
0.0369763,0.92351,0.0504541,0.425231,19.9755,29.8965
0.0370566,0.937385,0.0513869,0.860518,19.9149,29.8966
0.0364571,0.925399,0.0527458,1.86363,19.9178,29.8967
0.0370487,0.880034,0.0533706,0.270333,19.471,29.8967
0.03648,0.930685,0.0519867,1.94726,19.9144,29.8967
0.0372062,0.838748,0.0507896,0.248111,19.5536,29.8968
0.0368673,0.945821,0.0530044,0.381581,19.4728,29.897
0.037022,0.893569,0.0517533,0.60146,19.1722,29.8971
0.0365163,0.978349,0.0508085,1.55043,19.8674,29.8971
0.0369112,0.919501,0.0551119,0.179497,19.3099,29.8971
0.0364795,0.993389,0.0508909,1.16702,19.3136,29.8971
0.0368283,0.955769,0.0536971,0.664077,19.2249,29.8971
0.0357949,0.995514,0.0513996,2.87247,19.5602,29.8972
0.0372052,0.95054,0.05145,0.953542,19.2571,29.8972
0.0371337,0.886523,0.0516198,0.747546,19.5441,29.8973
0.0365131,0.922588,0.0516368,1.92204,19.7469,29.8973
0.0370695,0.874005,0.0531147,0.433388,19.8378,29.8975
0.0372095,0.97454,0.0519053,0.264414,19.2888,29.8975
0.0358589,0.988096,0.0514641,2.95077,19.6207,29.8977
0.0371051,0.913789,0.0512009,0.427676,19.8131,29.898
0.0365017,0.959215,0.0503561,1.48778,19.3835,29.898
0.0368954,0.971134,0.0507336,0.628325,19.4343,29.8981
0.0365398,0.99302,0.0510782,1.45536,19.8215,29.8982
0.0368583,0.958256,0.0534553,0.118917,19.9831,29.8982
0.0370186,0.966231,0.0526917,0.0122282,19.2059,29.8983
0.0369688,0.986527,0.0540906,0.529593,19.2118,29.8983
0.0371602,0.890004,0.0511389,0.232286,19.1459,29.8983
0.0371307,0.952612,0.0518704,0.472221,19.525,29.8984
0.0370748,0.909938,0.0517802,0.18967,19.6784,29.8984
0.0365204,0.975589,0.0508287,1.64812,19.2813,29.8984
0.0371259,0.916943,0.0510814,0.604842,19.7069,29.8985
0.0371112,0.967558,0.052688,0.995014,19.9605,29.8985
0.0369555,0.988588,0.0537493,0.314476,19.2059,29.8986
0.0362844,0.971631,0.0547939,1.48824,19.775,29.8986
0.036526,0.934929,0.0507858,1.7132,19.9694,29.8987
0.0369353,0.93014,0.0539013,0.108059,19.2072,29.8987
0.0370599,0.950129,0.0521022,0.330549,19.5879,29.8987
0.0369311,0.944267,0.0533684,0.462475,19.7028,29.8987
0.0358318,0.988306,0.05212,2.09085,19.882,29.8988
0.0371596,0.855438,0.0501143,0.153973,19.7127,29.8988
0.0365792,0.948269,0.0501671,1.13074,19.9771,29.8989
0.0368152,0.985894,0.0511906,0.73369,19.5924,29.8989
0.0369359,0.937338,0.0505343,0.257543,19.0407,29.8989
0.0368989,0.926544,0.0550494,0.514737,19.9202,29.899
0.0370461,0.980017,0.053489,0.294461,19.3267,29.8991
0.0365773,0.91037,0.0508375,1.61393,19.1864,29.8991
0.0365041,0.982016,0.0510331,1.55351,19.7985,29.8991
0.0369047,0.949874,0.0530146,0.300649,19.6578,29.8991
0.0370672,0.934092,0.0514,0.0698231,19.675,29.8992
0.0363513,0.981555,0.0525677,1.3519,19.2344,29.8993
0.0371478,0.902271,0.0510512,0.545269,19.4067,29.8993
0.037079,0.956378,0.0523609,0.916969,19.3161,29.8993
0.0364497,0.995725,0.050138,1.74545,19.3152,29.8993
0.0371433,0.903476,0.0510651,0.945841,19.1727,29.8994
0.0358872,0.968952,0.0511502,2.82116,19.0289,29.8994
0.0364285,0.960566,0.0517263,1.4627,19.4226,29.8994
0.0365753,0.948216,0.0502088,1.44445,19.4059,29.8994
0.0370155,0.919802,0.052578,0.160657,19.077,29.8995
0.0362896,0.985183,0.0519559,1.56938,19.3947,29.8995
0.0362105,0.993139,0.0556241,1.39467,19.3174,29.8995
0.0370151,0.947581,0.0518351,0.759038,19.6747,29.8997
0.0357963,0.994704,0.0513411,2.80769,19.0387,29.8997
0.0370106,0.895906,0.0519626,0.984235,19.9248,29.8998
0.0369288,0.946983,0.0533067,0.675428,19.8176,29.8998
0.0370462,0.972107,0.0503304,0.83982,19.0129,29.8998
0.0365908,0.922984,0.0502957,1.5535,19.6928,29.8998
0.0358039,0.992496,0.0515466,2.3227,19.7178,29.8999
0.0365374,0.953586,0.0500898,1.06277,19.542,29.8999
0.037168,0.93258,0.0510303,0.341312,19.8283,29.8999
0.0358896,0.979296,0.0511372,2.0468,19.2105,29.8999
0.0369718,0.942582,0.0523555,0.656105,19.3996,29.8999
0.0365466,0.962236,0.0503615,1.90907,19.5096,29.9
0.037019,0.889375,0.054209,0.551592,19.3927,29.9
0.0369971,0.926687,0.0526917,0.60679,19.9361,29.9
0.0368428,0.949069,0.0537649,0.811486,19.3119,29.9001
0.0368783,0.943444,0.0526893,0.237232,19.3398,29.9001
0.0365452,0.934483,0.0505071,1.93823,19.5719,29.9002
0.0370051,0.908289,0.0533776,0.0633969,19.1413,29.9003
0.0368915,0.96058,0.0501565,0.296579,19.7371,29.9003
0.0372444,0.956417,0.0518021,0.0185023,19.335,29.9003
0.0364366,0.969322,0.0512452,1.95205,19.4937,29.9004
0.0364007,0.940635,0.0523939,1.62522,19.6611,29.9004
0.0364461,0.985077,0.0507181,1.0501,19.6288,29.9005
0.0363964,0.942384,0.0522238,1.30882,19.5767,29.9006
0.0370454,0.944465,0.0509173,0.695574,19.3985,29.9006
0.0369369,0.962179,0.0503132,0.627902,19.0706,29.9006
0.0368029,0.979898,0.0517666,0.53553,19.3399,29.9007
0.0369789,0.977651,0.0521962,0.818205,19.214,29.9007
0.0366106,0.897977,0.0504423,1.08184,19.1626,29.9008
0.0371245,0.91649,0.0512042,0.658817,19.4528,29.9008
0.0369641,0.909309,0.0543773,0.295689,19.9355,29.9008
0.0372196,0.836101,0.0502777,0.382568,19.5742,29.9009
0.0370139,0.950077,0.0517311,0.647139,19.7213,29.9009
0.0370775,0.92832,0.0514053,0.3675,19.6168,29.901
0.037013,0.97485,0.0512318,0.0217866,19.3448,29.901
0.0363834,0.989896,0.0513092,1.18388,19.5669,29.901
0.0369984,0.972355,0.0530055,0.077779,19.4463,29.901
0.0363616,0.991529,0.0515692,1.7121,19.7043,29.9011
0.0370598,0.923915,0.0516873,0.722737,19.7001,29.9013
0.0370192,0.984892,0.0538106,0.457693,19.2602,29.9013
0.0371754,0.921444,0.0508297,0.336558,19.9936,29.9013
0.036835,0.959056,0.054908,0.997126,19.4658,29.9015
0.0362533,0.986953,0.0534774,1.19627,19.0149,29.9015
0.0372448,0.860363,0.0502605,0.807097,19.6257,29.9015
0.0369978,0.964936,0.0519689,0.436716,19.4249,29.9015
0.036971,0.978404,0.0523964,0.00452875,19.6367,29.9016
0.0370153,0.890893,0.0531876,0.871905,19.0636,29.9018
0.0363638,0.953168,0.0519451,1.58485,19.2974,29.9018
0.0367152,0.993317,0.0547714,0.899352,19.1565,29.9019
0.0370185,0.955087,0.051544,0.200688,19.8914,29.9019
0.0364516,0.9708,0.0509649,1.2962,19.8648,29.902
0.0370698,0.948718,0.0502004,0.395593,19.1168,29.902
0.0370939,0.964355,0.0526044,0.368689,19.4246,29.902
0.0370763,0.948183,0.0523124,0.374394,19.7309,29.902
0.0370094,0.973258,0.0513722,0.379585,19.5916,29.902
0.0370277,0.963613,0.0511114,0.253776,19.7462,29.902
0.0364259,0.986681,0.0510126,1.39801,19.5878,29.9021
0.0365328,0.9943,0.0512315,1.69066,19.6645,29.9021
0.0370114,0.949136,0.051743,0.181973,19.7696,29.9021
0.0372894,0.946896,0.0511445,0.433501,19.1622,29.9022
0.0370288,0.881191,0.0544865,0.680279,19.5479,29.9023
0.0370092,0.939564,0.0521184,0.214894,19.5534,29.9024
0.0371369,0.911289,0.0513042,0.152472,19.7473,29.9024
0.0369442,0.955426,0.0508081,0.569364,19.2823,29.9025
0.0367525,0.972578,0.0553467,0.978136,19.9266,29.9025
0.0362851,0.995825,0.0506818,1.30954,19.4755,29.9025
0.0368391,0.963774,0.0536155,0.838347,19.1128,29.9026
0.0371683,0.853304,0.052103,0.173383,19.4701,29.9026
0.0365771,0.939431,0.0502275,1.00949,19.2202,29.9027
0.0370344,0.939962,0.0509121,0.458055,19.6869,29.9029
0.0367161,0.98327,0.055847,0.462723,19.9967,29.9029
0.0368616,0.966964,0.0523562,0.450214,19.4915,29.9029
0.036992,0.991402,0.054236,0.308025,19.8998,29.9029
0.0370216,0.952832,0.0518912,0.357289,19.0291,29.9029
0.0372724,0.934519,0.050515,0.953467,19.7158,29.9029
0.0363848,0.961612,0.0527798,1.92914,19.6343,29.903
0.0371684,0.862603,0.0518145,0.589882,19.4532,29.903
0.0370837,0.869898,0.0527922,0.991348,19.9094,29.9031
0.0371109,0.898841,0.0517024,0.00776346,19.6709,29.9031
0.0369588,0.944883,0.0523825,0.926316,19.2653,29.9031
0.0371939,0.841271,0.0509427,0.307751,19.1447,29.9032
0.0364969,0.94996,0.0508653,1.34651,19.4749,29.9033
0.0371449,0.851823,0.0524167,0.814309,19.6345,29.9033
0.0369625,0.9842,0.053237,0.870073,19.2345,29.9033
0.0370982,0.960176,0.0524084,0.824142,19.153,29.9033
0.0366135,0.98189,0.0502568,1.90698,19.3973,29.9033
0.036965,0.946538,0.0525971,0.438353,19.7332,29.9034
0.0365961,0.884917,0.0510326,1.60781,19.5541,29.9034
0.0367929,0.991753,0.0521408,0.900109,19.8436,29.9035
0.0363589,0.994141,0.0520233,1.82385,19.8462,29.9036
0.0368911,0.944476,0.0518021,0.244906,19.663,29.9037
0.0365294,0.992996,0.0512322,1.16182,19.2493,29.9038
0.0368176,0.955982,0.0540908,0.463411,19.667,29.9039
0.0363935,0.994914,0.051305,1.21613,19.2454,29.9039
0.0369861,0.945104,0.0520907,0.356239,19.9382,29.9039
0.0369017,0.95155,0.0534073,0.322511,19.8084,29.904
0.0370471,0.89166,0.0507708,0.912437,19.0566,29.9041
0.0370586,0.933578,0.0516436,0.756268,19.0379,29.9041
0.0364742,0.990409,0.0509707,1.52437,19.6036,29.9041
0.0371105,0.884957,0.05238,0.0164838,19.3169,29.9041
0.0363968,0.940391,0.0527186,1.26732,19.054,29.9043
0.0364627,0.995889,0.0513201,1.64729,19.0091,29.9044
0.0368954,0.930645,0.0549998,0.016748,19.0613,29.9044
0.0370451,0.918421,0.0521713,0.0677071,19.3218,29.9044
0.0362318,0.996661,0.0549723,1.09707,19.0282,29.9044
0.0369575,0.912595,0.0544269,0.57258,19.8138,29.9045
0.0367951,0.987315,0.0526475,0.673662,19.0814,29.9045
0.0369216,0.96029,0.0511105,0.722095,19.3377,29.9046
0.0367384,0.985224,0.0548843,0.975776,19.7688,29.9047
0.0369668,0.917956,0.0538816,0.663202,19.5704,29.9047
0.0370064,0.957316,0.0520723,0.853548,19.8781,29.9047
0.0372192,0.868711,0.0506162,0.173148,19.3799,29.905
0.0367757,0.994945,0.0519179,0.827728,19.3601,29.905
0.0365857,0.950779,0.0501121,1.99247,19.7461,29.905
0.0369778,0.897343,0.0549148,0.0498618,19.2359,29.905
0.0368752,0.947108,0.0522435,0.0996303,19.1181,29.9051
0.0359866,0.941139,0.0506318,2.81327,19.4715,29.9051
0.0370286,0.893685,0.053784,0.90914,19.6279,29.9051
0.0364884,0.959193,0.0507712,1.55821,19.4793,29.9051
0.0370242,0.886793,0.0534211,0.235986,19.7207,29.9052
0.037022,0.95379,0.0513442,0.679477,19.5508,29.9052
0.0366032,0.914553,0.0502791,1.76838,19.7877,29.9053
0.0367625,0.970683,0.0550052,0.45698,19.3083,29.9053
0.0369369,0.948204,0.0525146,0.806707,19.6974,29.9053
0.0362509,0.980066,0.0553469,1.66462,19.0662,29.9053
0.0370037,0.955943,0.0518223,0.479565,19.4049,29.9053
0.0370225,0.885446,0.0538926,0.932231,19.0255,29.9054
0.0358987,0.964455,0.0511773,2.42416,19.4929,29.9055
0.0363849,0.960107,0.0502029,1.28772,19.1139,29.9056
0.0371041,0.864379,0.0524093,0.274736,19.2443,29.9057
0.0362814,0.982906,0.0525042,1.87249,19.3946,29.9057
0.0367264,0.995461,0.0532806,0.810722,19.2996,29.9058
0.0370191,0.906172,0.0532874,0.6461,19.4875,29.9058
0.0363627,0.99417,0.0515163,1.37116,19.2807,29.9059
0.0365138,0.989773,0.0513151,1.98744,19.4038,29.9059
0.0367474,0.977892,0.0555964,0.895695,19.4018,29.906
0.0371238,0.932057,0.0516268,0.39995,19.0373,29.906
0.0364825,0.962531,0.0508051,1.37875,19.8184,29.9061
0.0367297,0.986325,0.0551442,0.520595,19.0319,29.9062
0.0369646,0.946019,0.0517358,0.0735142,19.2333,29.9062
0.037086,0.934419,0.0520083,0.111526,19.2645,29.9062
0.0369369,0.990954,0.0544777,0.900431,19.3583,29.9063
0.0363793,0.950575,0.0535911,1.43877,19.3279,29.9063
0.0363588,0.994449,0.0513662,1.33328,19.093,29.9063
0.0368244,0.981131,0.0508773,0.806848,19.8703,29.9064
0.0364928,0.983905,0.0515231,1.36857,19.9169,29.9064
0.0368522,0.934645,0.0555383,0.730089,19.7368,29.9065
0.0367985,0.990983,0.05169,0.31638,19.6013,29.9066
0.0369682,0.979632,0.0529925,0.358224,19.3607,29.9067
0.0370708,0.940043,0.0520371,0.955675,19.239,29.9067
0.0370698,0.937167,0.0517886,0.926466,19.3396,29.9067
0.0369406,0.995925,0.0547276,0.882085,19.7815,29.9068
0.0365304,0.94599,0.0505953,1.42187,19.6225,29.9068
0.0367322,0.996178,0.0539957,0.706329,19.6394,29.9068
0.0370149,0.941636,0.0507893,0.444694,19.2294,29.9069
0.0367341,0.982384,0.0555292,0.120015,19.5307,29.907
0.0364897,0.914919,0.0526665,1.6825,19.7522,29.907
0.0370464,0.939829,0.0501777,0.126118,19.4174,29.907
0.0370134,0.956086,0.0521322,0.881858,19.6403,29.9071
0.0363446,0.955567,0.0542237,1.26044,19.9319,29.9071
0.0367838,0.971448,0.053663,0.928717,19.6103,29.9071
0.0369476,0.908861,0.0540174,0.263498,19.1963,29.9072
0.0370059,0.889494,0.0542084,0.782783,19.2115,29.9072
0.0369163,0.950868,0.0535963,0.54152,19.4997,29.9073
0.0372581,0.855995,0.0501455,0.0209547,19.495,29.9073
0.0370966,0.905935,0.0518292,0.700524,19.2364,29.9074
0.0370256,0.958287,0.0525779,0.61866,19.1029,29.9075
0.0363593,0.995309,0.0514995,1.22573,19.6319,29.9076
0.0363691,0.960737,0.0508258,1.5934,19.4054,29.9076
0.0364735,0.954995,0.0512328,1.8587,19.3357,29.9076
0.0358512,0.990242,0.0517008,2.65526,19.8995,29.9077
0.0364799,0.98573,0.0517263,1.36695,19.0916,29.9078
0.036954,0.928526,0.0506358,0.648211,19.4707,29.9079
0.0364788,0.945933,0.0515142,1.5671,19.7301,29.908
0.0367304,0.983823,0.0555209,0.521041,19.7292,29.908
0.0365307,0.952084,0.0505367,1.01509,19.5086,29.9081
0.0371795,0.848183,0.0500878,0.715795,19.2901,29.9081
0.0369135,0.924529,0.0549503,0.662172,19.9667,29.9081
0.0364695,0.933348,0.0523231,1.74815,19.4761,29.9083
0.0358575,0.976244,0.0510884,2.51031,19.7734,29.9084
0.0365825,0.88524,0.0511811,1.5667,19.5937,29.9084
0.0368094,0.958351,0.0558262,0.506638,19.5646,29.9085
0.0367571,0.973186,0.0563046,0.693137,19.6257,29.9086
0.0370986,0.915224,0.0516554,0.332799,19.9379,29.9086
0.0371072,0.986447,0.0539157,0.767868,19.3619,29.9087
0.0364124,0.991238,0.0503637,1.21218,19.0525,29.9087
0.0370431,0.941676,0.0502944,0.297578,19.2964,29.9087
0.0370098,0.891372,0.0545538,0.500765,19.4764,29.9088
0.0370306,0.889449,0.054128,0.443154,19.0775,29.9088
0.036983,0.896303,0.0543685,0.0677337,19.1228,29.9088
0.0357839,0.99735,0.0523357,2.57056,19.8457,29.9089
0.036758,0.986743,0.0540911,0.398664,19.6291,29.909
0.0358996,0.963548,0.0512417,2.06338,19.8172,29.909
0.0371189,0.932759,0.0517327,0.897321,19.6337,29.9091
0.0369916,0.951368,0.051945,0.142382,19.5599,29.9091
0.0364293,0.975419,0.0514016,1.535,19.5039,29.9091
0.0364025,0.994495,0.0507867,1.29217,19.9022,29.9092
0.0367078,0.981455,0.0572029,0.102225,19.4256,29.9094
0.0372345,0.971971,0.051512,0.810832,19.2671,29.9094
0.0367798,0.971048,0.0555385,0.0239138,19.1174,29.9095
0.0371971,0.967339,0.0525417,0.844778,19.9539,29.9095
0.0370292,0.945229,0.0520452,0.806878,19.6662,29.9096
0.0369336,0.991688,0.0536533,0.169614,19.0647,29.9096
0.0358992,0.972162,0.0513574,2.99878,19.2106,29.9097
0.0363621,0.961804,0.050994,1.22485,19.784,29.9097
0.0372393,0.917981,0.0502372,0.60629,19.3959,29.9097
0.0372251,0.910763,0.0502361,0.524024,19.1326,29.9097
0.0370272,0.977386,0.0504506,0.490298,19.6111,29.9097
0.0370156,0.934919,0.0523213,0.941445,19.487,29.9098
0.0367255,0.98582,0.0555159,0.573677,19.6204,29.9099
0.0365617,0.909229,0.0512694,1.23466,19.9862,29.9099
0.0363857,0.994387,0.0502993,1.99138,19.431,29.91
0.0369945,0.929622,0.0528549,0.972368,19.3273,29.91
0.0369469,0.982136,0.0528104,0.677977,19.3593,29.91
0.0364985,0.919282,0.0523229,1.32158,19.3404,29.91
0.0363896,0.943174,0.0537471,1.1507,19.3992,29.9102
0.0369963,0.99092,0.0508677,0.881904,19.8629,29.9102
0.0369824,0.946817,0.0525699,0.46879,19.2487,29.9103
0.0368301,0.986167,0.0505636,0.890387,19.9637,29.9104
0.0370945,0.985851,0.053844,0.646693,19.8226,29.9104
0.0368166,0.983173,0.0524736,0.417063,19.8758,29.9104
0.0372568,0.917519,0.0501464,0.101612,19.1423,29.9106
0.0358752,0.976792,0.0517382,2.05043,19.8906,29.9106
0.0370806,0.890906,0.052893,0.0452061,19.9035,29.9108
0.0363754,0.945095,0.0531341,1.18032,19.8208,29.9108
0.036955,0.953086,0.0511164,0.691807,19.9462,29.9108
0.0371495,0.922123,0.0512953,0.913572,19.2781,29.9109
0.036866,0.974622,0.0516976,0.49345,19.9238,29.9109
0.0369808,0.900013,0.0532092,0.541734,19.0253,29.911
0.036817,0.943275,0.0562466,0.0296303,19.0981,29.911
0.0370878,0.929146,0.0520271,0.749566,19.5215,29.911
0.0370743,0.87504,0.0518344,0.998054,19.0636,29.911
0.0363478,0.955174,0.052301,1.50106,19.8011,29.911
0.0370436,0.925591,0.0521692,0.120101,19.6491,29.911
0.0369556,0.957696,0.0505559,0.48138,19.0739,29.9111
0.0369749,0.897352,0.0547117,0.317018,19.9957,29.9112
0.0370546,0.918909,0.0521892,0.106955,19.7376,29.9112
0.0368656,0.958494,0.0544792,0.0811032,19.5904,29.9113
0.0365214,0.963018,0.0508885,1.11876,19.0752,29.9114
0.0370667,0.967024,0.0529754,0.125861,19.9218,29.9115
0.036923,0.937168,0.0509365,0.498605,19.6094,29.9116
0.036875,0.967881,0.0521043,0.788923,19.3492,29.9117
0.0364781,0.91915,0.0504249,1.83499,19.7699,29.9117
0.0367137,0.980947,0.0571754,0.0161914,19.8531,29.9119
0.0373232,0.936256,0.0508393,0.676253,19.7576,29.9119
0.0365217,0.945119,0.0509451,1.47023,19.0565,29.9119
0.0364528,0.978276,0.0510827,1.01589,19.4617,29.912
0.0370102,0.911295,0.0533763,0.245656,19.039,29.912
0.0364819,0.913114,0.0521259,1.50461,19.5935,29.912
0.0364539,0.982435,0.0510494,1.68213,19.5948,29.9122
0.0359254,0.95575,0.0507579,2.46448,19.5848,29.9122
0.0371366,0.859498,0.0502536,0.392607,19.7745,29.9122
0.0367063,0.984941,0.0559605,0.913256,19.5486,29.9123
0.0365271,0.937039,0.0511831,1.07431,19.4595,29.9124
0.0371366,0.943466,0.0517409,0.398254,19.0377,29.9124
0.0362636,0.992782,0.0520503,1.92862,19.5224,29.9125
0.0370953,0.955776,0.0524109,0.764041,19.0785,29.9126
0.0369435,0.925096,0.0515302,0.141481,19.2002,29.9126
0.0363828,0.97844,0.0522746,1.89964,19.6725,29.9126
0.0364944,0.97608,0.0512352,1.71639,19.1974,29.9126
0.0363512,0.967196,0.0508324,1.42432,19.8917,29.9127
