beta,permeability,xi,init_days,delay,value
0.0386448,0.9936,0.0502105,0.238088,19.503,12.2495
0.0386295,0.997109,0.0507843,0.957543,19.0852,12.2636
0.0386116,0.993101,0.050316,0.239284,19.6321,12.2643
0.0386313,0.996671,0.0507889,0.365777,19.3808,12.2655
0.0387155,0.991557,0.0502882,0.877858,19.8681,12.2681
0.0386087,0.993645,0.0505777,0.962715,19.6047,12.2724
0.0385519,0.995713,0.0505655,0.290298,19.0379,12.2766
0.0387723,0.992367,0.0502898,0.426251,19.1995,12.2796
0.0386111,0.991446,0.0505554,0.802107,19.6601,12.2813
0.0386053,0.995267,0.0510228,0.765066,19.1056,12.2821
0.0388265,0.994254,0.0502883,0.409789,19.2155,12.2831
0.0387787,0.996033,0.0505732,0.907867,19.1785,12.2845
0.0388131,0.997883,0.0506029,0.481954,19.3408,12.286
0.038606,0.9954,0.0511676,0.374695,19.5961,12.2866
0.038616,0.994901,0.0511628,0.373769,19.3692,12.2872
0.0388059,0.996715,0.0506218,0.527756,19.6166,12.2897
0.0385095,0.997699,0.0509039,0.369968,19.2742,12.2899
0.038765,0.993832,0.0506225,0.569233,19.643,12.2926
0.0385184,0.996821,0.0509571,0.532731,19.8967,12.2941
0.0386821,0.989802,0.0508114,0.87137,19.8039,12.296
0.0388323,0.993527,0.0504214,0.658689,19.0925,12.296
0.03862,0.986116,0.0503751,0.806644,19.2039,12.2971
0.0387792,0.989188,0.0503898,0.857631,19.0502,12.2984
0.0386027,0.996446,0.0515486,0.142299,19.6976,12.2988
0.0388416,0.989232,0.0501915,0.384447,19.1958,12.2991
0.038793,0.988777,0.0503513,0.551865,19.4586,12.3007
0.038671,0.997048,0.0513806,0.00585956,19.4734,12.3034
0.0387008,0.985231,0.0506078,0.170143,19.8846,12.3038
0.0387849,0.998256,0.051029,0.851598,19.5544,12.3042
0.038721,0.994,0.0510072,0.67627,19.6703,12.3046
0.0386151,0.996786,0.0516885,0.276886,19.8314,12.3063
0.0385563,0.993629,0.051199,0.143164,19.0992,12.3093
0.0388072,0.995738,0.0509166,0.202795,19.2608,12.3151
0.0385269,0.992491,0.0510601,0.283656,19.9504,12.3157
0.0388493,0.992298,0.0505098,0.498567,19.0194,12.3166
0.038619,0.996109,0.0518076,0.636654,19.4768,12.3168
0.0387171,0.98365,0.0507014,0.487874,19.1138,12.3196
0.0388097,0.986097,0.0504629,0.044206,19.8674,12.3205
0.038637,0.992081,0.0515804,0.547558,19.4231,12.3215
0.0386571,0.995022,0.0516373,0.77906,19.6378,12.3216
0.0386957,0.996485,0.051554,0.433269,19.2848,12.3221
0.0388266,0.997117,0.0509633,0.465631,19.5976,12.3247
0.0385645,0.993598,0.0517385,0.973338,19.102,12.3278
0.0388179,0.983176,0.0503845,0.153194,19.4425,12.3281
0.0385941,0.985506,0.0510033,0.115127,19.3645,12.3303
0.0386328,0.981121,0.050731,0.394702,19.4125,12.3307
0.0386549,0.991261,0.0516036,0.768874,19.8293,12.3311
0.0389309,0.998233,0.0504781,0.687743,19.1357,12.3326
0.0384643,0.995215,0.0506531,0.861656,19.4177,12.3348
0.0385914,0.979461,0.0504526,0.71898,19.8199,12.3371
0.0386663,0.976436,0.0505545,0.299142,19.9763,12.3374
0.0387795,0.97873,0.0504723,0.283853,19.4542,12.3395
0.0387699,0.989024,0.0511185,0.616716,19.1255,12.3402
0.0386901,0.976351,0.0507651,0.735896,19.2939,12.3403
0.0389897,0.998106,0.0502754,0.0400503,19.1718,12.3415
0.038612,0.987481,0.0516805,0.423479,19.9632,12.3419
0.038613,0.979219,0.0506848,0.646131,19.7235,12.3423
0.0387665,0.973596,0.0503071,0.45448,19.6735,12.3425
0.0384478,0.996828,0.0507609,0.962272,19.2968,12.3425
0.0387621,0.992896,0.0514371,0.279385,19.881,12.3447
0.0385419,0.985498,0.0509656,0.587134,19.5956,12.345
0.0384927,0.991116,0.0508807,0.0805034,19.765,12.3451
0.038694,0.9797,0.0510439,0.611056,19.8624,12.3459
0.0386875,0.974303,0.050662,0.269739,19.7852,12.346
0.0387802,0.996308,0.0515157,0.653044,19.8682,12.3465
0.0386234,0.974574,0.0503306,0.0761811,19.61,12.347
0.0388225,0.990439,0.0510163,0.298173,19.4033,12.3494
0.0385591,0.993823,0.0523609,0.162662,19.4911,12.3512
0.0384725,0.997016,0.0521778,0.556533,19.4793,12.3512
0.0388042,0.971526,0.0501868,0.425763,19.669,12.3528
0.0386351,0.9852,0.0517466,0.107991,19.1712,12.353
0.0385622,0.986842,0.0515709,0.376279,19.1597,12.3533
0.0387711,0.996794,0.0516861,0.0978292,19.8916,12.3534
0.0385351,0.98853,0.0516333,0.0986572,19.9869,12.3539
0.0386235,0.991591,0.0521687,0.18719,19.1221,12.3541
0.0386967,0.968284,0.0502048,0.359044,19.7919,12.3542
0.0387625,0.975613,0.0506264,0.261279,19.199,12.3545
0.0386728,0.971612,0.0505489,0.355306,19.2578,12.358
0.038501,0.996483,0.0525219,0.756424,19.5747,12.3592
0.0387782,0.97726,0.0507236,0.55902,19.4648,12.3594
0.0385425,0.981398,0.0502277,0.760352,19.8858,12.3605
0.0388791,0.976457,0.0502036,0.107232,19.0938,12.3605
0.0388753,0.98157,0.0504693,0.98303,19.89,12.3637
0.0386496,0.972525,0.0506668,0.144325,19.7566,12.3638
0.0386456,0.998215,0.0526237,0.721472,19.0991,12.3658
0.0388092,0.969076,0.0502602,0.186734,19.8979,12.3668
0.0388329,0.981517,0.0508266,0.154901,19.1896,12.3688
0.0387822,0.974608,0.0507309,0.616543,19.3958,12.3698
0.0385334,0.989446,0.0521471,0.174025,19.3333,12.3699
0.0386146,0.971323,0.0502157,0.669618,19.8702,12.3715
0.0387081,0.973803,0.0511029,0.272403,19.0215,12.3724
0.03865,0.982171,0.0518802,0.479454,19.3799,12.3747
0.0387266,0.981594,0.0514656,0.581841,19.4756,12.3754
0.0384984,0.989998,0.0520586,0.0419597,19.7886,12.3771
0.0386318,0.982752,0.0520038,0.5532,19.0912,12.3777
0.0389421,0.982152,0.0502718,0.169463,19.6606,12.3813
0.0384202,0.99597,0.0506355,0.641128,19.0291,12.3819
0.0389447,0.987392,0.050501,0.684647,19.8675,12.382
0.0386328,0.985251,0.0522556,0.664371,19.0261,12.3821
0.0387549,0.96131,0.0503144,0.709307,19.3417,12.3824
0.0388666,0.971453,0.0503835,0.829614,19.9398,12.3837
0.03846,0.989287,0.0502125,0.214067,19.1082,12.3857
0.0386584,0.970391,0.0510443,0.292569,19.0585,12.3862
0.0385207,0.985291,0.0517301,0.646976,19.024,12.3862
0.0390303,0.989842,0.0502309,0.0678917,19.2078,12.3879
0.0384267,0.99524,0.0513238,0.0709225,19.7252,12.388
0.0389351,0.992418,0.0508742,0.154605,19.9611,12.3885
0.0388764,0.971788,0.0503862,0.173664,19.1677,12.3889
0.0386782,0.966897,0.05085,0.249156,19.4234,12.3901
0.0387803,0.997169,0.0521068,0.629298,19.4049,12.3909
0.0384062,0.997485,0.051082,0.186585,19.2633,12.3909
0.0389828,0.986501,0.0503518,0.451748,19.0067,12.391
0.0389563,0.987932,0.050574,0.966038,19.8848,12.3913
0.0386149,0.997878,0.0531869,0.441621,19.622,12.3923
0.038691,0.963441,0.0505828,0.582964,19.0102,12.3925
0.0389246,0.99853,0.0512874,0.196432,19.9893,12.3926
0.0386021,0.979336,0.0519517,0.161896,19.7762,12.393
0.0385372,0.987798,0.0525819,0.22849,19.7906,12.3931
0.0384907,0.990662,0.052588,0.932606,19.581,12.3941
0.0383973,0.998781,0.0513822,0.977209,19.2391,12.3942
0.0385035,0.988363,0.0523814,0.602611,19.8302,12.3946
0.0384798,0.990603,0.0521938,0.442855,19.6923,12.3946
0.0384623,0.988311,0.0506239,0.0375874,19.119,12.3958
0.0389962,0.983946,0.0502146,0.692363,19.4581,12.3959
0.0387381,0.974726,0.0513827,0.230294,19.0706,12.3962
0.0386446,0.985208,0.0524234,0.561661,19.0019,12.3962
0.0385226,0.995966,0.0534976,0.923395,19.9323,12.3973
0.0386153,0.970285,0.0509519,0.233487,19.4827,12.3975
0.038755,0.963599,0.0507544,0.330639,19.2997,12.3977
0.038959,0.982755,0.0503994,0.624231,19.8403,12.3979
0.0386951,0.970222,0.0513374,0.546625,19.4425,12.398
0.0387265,0.986782,0.0520924,0.666134,19.447,12.3984
0.0386761,0.987856,0.0524357,0.57448,19.0411,12.3992
0.0387229,0.994054,0.0525049,0.807965,19.3591,12.3992
0.0387558,0.994181,0.0522641,0.31935,19.7329,12.3994
0.0388306,0.977779,0.0510737,0.871314,19.9841,12.3997
0.0390347,0.991361,0.0504117,0.10368,19.6546,12.4001
0.0385349,0.989029,0.052908,0.627027,19.491,12.4002
0.0388614,0.965588,0.0503564,0.859336,19.6081,12.4004
0.0390024,0.99592,0.0508335,0.268493,19.2213,12.4005
0.0384357,0.996617,0.0526796,0.0208342,19.0107,12.4006
0.0385853,0.975159,0.0514977,0.351941,19.4752,12.4017
0.0387536,0.984179,0.0518717,0.505583,19.8116,12.4021
0.0389224,0.973938,0.0503146,0.47801,19.0798,12.4028
0.0384972,0.991881,0.0531126,0.232184,19.1835,12.4034
0.0388049,0.985526,0.0516081,0.400042,19.1119,12.4034
0.0387795,0.987065,0.0518571,0.527833,19.3688,12.4035
0.0386034,0.987607,0.0529117,0.700901,19.816,12.4042
0.0387704,0.98125,0.0516655,0.921331,19.7908,12.4042
0.038782,0.978173,0.0514713,0.00543306,19.7897,12.4058
0.0384457,0.99719,0.053437,0.709858,19.8167,12.4059
0.0385182,0.981108,0.0510096,0.911171,19.4546,12.4068
0.0384062,0.996388,0.0516573,0.229521,19.3425,12.407
0.0389647,0.991109,0.0508802,0.408541,19.0606,12.4072
0.0386418,0.969413,0.0513854,0.518814,19.8365,12.4077
0.0385117,0.980813,0.050728,0.99883,19.3227,12.4087
0.0384665,0.992719,0.0529653,0.515577,19.3841,12.4089
0.0385474,0.992378,0.0534458,0.273387,19.6359,12.4102
0.0390299,0.983771,0.0502187,0.223882,19.2596,12.4115
0.0388111,0.980167,0.0514545,0.519574,19.2021,12.4116
0.0387873,0.957254,0.0504954,0.178801,19.2776,12.4118
0.0389248,0.968643,0.0502035,0.345048,19.9412,12.4123
0.0389229,0.990879,0.0511736,0.517683,19.4688,12.4124
0.038423,0.991863,0.050692,0.078202,19.2646,12.4136
0.0385735,0.973942,0.0511342,0.724156,19.4963,12.4141
0.038552,0.979062,0.0520259,0.524855,19.7761,12.4143
0.0385701,0.97413,0.0510661,0.744729,19.0285,12.4144
0.0387688,0.968215,0.0511847,0.129077,19.6005,12.4144
0.0384149,0.992483,0.0504052,0.360241,19.1839,12.4144
0.0388189,0.992934,0.0519703,0.987861,19.418,12.4157
0.0387178,0.980374,0.0520771,0.832277,19.0076,12.4158
0.0388073,0.981001,0.0515749,0.69055,19.6661,12.4165
0.0388461,0.97235,0.050965,0.0444749,19.3478,12.417
0.0386652,0.96008,0.0503104,0.693674,19.1537,12.4174
0.0385447,0.992531,0.0536029,0.594133,19.7654,12.4174
0.0385947,0.981504,0.0526469,0.997549,19.9325,12.4179
0.0389007,0.995838,0.0516206,0.797185,19.6444,12.4185
0.0389595,0.994967,0.0512598,0.983998,19.6321,12.4194
0.0385906,0.985865,0.0530793,0.0344548,19.7167,12.4199
0.0385587,0.973049,0.0504611,0.739907,19.4445,12.42
0.0387986,0.99104,0.0520849,0.427519,19.8893,12.42
0.0387563,0.959018,0.0508302,0.746941,19.4765,12.4201
0.038938,0.998519,0.0515694,0.438118,19.7164,12.4202
0.0384949,0.984851,0.0519126,0.456646,19.6991,12.4213
0.03864,0.973524,0.0520512,0.722607,19.1053,12.4221
0.0385799,0.979896,0.0525856,0.311247,19.2464,12.4223
0.0388533,0.990976,0.0517378,0.00509564,19.3416,12.4224
0.0386548,0.967679,0.0515624,0.524543,19.3876,12.4224
0.0387645,0.96075,0.0509607,0.891236,19.1717,12.4225
0.0388652,0.998285,0.0520047,0.38223,19.3454,12.4227
0.0390288,0.985468,0.050463,0.617207,19.0194,12.4236
0.0389172,0.965616,0.0503109,0.034993,19.3266,12.4265
0.0386751,0.980034,0.0524805,0.795823,19.143,12.4271
0.0387159,0.981034,0.0523021,0.00753835,19.3029,12.4281
0.0385253,0.990542,0.053626,0.507819,19.5673,12.4284
0.0386988,0.973194,0.0520477,0.777568,19.1886,12.4291
0.0384329,0.993074,0.0524901,0.451809,19.9088,12.4291
0.0385537,0.98358,0.0530787,0.674098,19.1069,12.4315
0.0386238,0.970967,0.0520317,0.803426,19.4375,12.4328
0.0384351,0.995929,0.0537418,0.0366216,19.6001,12.4331
0.0385325,0.992916,0.0539652,0.505303,19.7162,12.4342
0.0387834,0.994834,0.0525374,0.0319535,19.2499,12.4346
0.038749,0.974597,0.0518964,0.918514,19.7104,12.4346
0.038511,0.976893,0.050485,0.29117,19.8281,12.4356
0.038446,0.993535,0.0534619,0.672538,19.1553,12.4356
0.0388639,0.972577,0.0510691,0.554838,19.4203,12.4358
0.0385213,0.982967,0.0529608,0.370839,19.5773,12.4368
0.0385941,0.988686,0.0535434,0.966912,19.4701,12.4369
0.0387162,0.960745,0.0513208,0.756506,19.0245,12.4396
0.0386818,0.957803,0.0510524,0.730139,19.295,12.4403
0.0391273,0.997056,0.050371,0.752604,19.1323,12.4407
0.0384407,0.986252,0.0508644,0.638175,19.774,12.4415
0.038521,0.991087,0.0539355,2.13333e-05,19.9404,12.4416
0.0386481,0.989215,0.0533232,0.993561,19.2725,12.4428
0.0390739,0.987994,0.0504515,0.594898,19.0894,12.4437
0.0389542,0.990075,0.0513512,0.91402,19.0154,12.4438
0.0387714,0.948133,0.0503651,0.624404,19.431,12.4439
0.0388985,0.992987,0.0518218,0.747294,19.9865,12.4441
0.0383581,0.997072,0.0505818,0.515662,19.3176,12.4442
0.0386437,0.974233,0.0525597,0.980148,19.5112,12.4448
0.0389148,0.96587,0.0505673,0.345503,19.5769,12.4458
0.0383927,0.993996,0.0519023,0.147734,19.6642,12.4462
0.0386596,0.973354,0.0525457,0.677174,19.5844,12.4478
0.0385336,0.991804,0.0541524,0.413027,19.8206,12.4493
0.0386335,0.964851,0.0518265,0.843891,19.8035,12.4506
0.0387327,0.984055,0.0526893,0.438528,19.3674,12.4508
0.0389987,0.971117,0.0502956,0.261175,19.7283,12.4515
0.0386925,0.977781,0.0526343,0.152717,19.3753,12.4519
0.037963,0.99851,0.050583,1.8987,19.5616,12.452
0.038753,0.955374,0.0511227,0.687048,19.7852,12.4523
0.0385895,0.989626,0.053857,0.620695,19.0038,12.4528
0.0385537,0.971697,0.0511438,0.272713,19.881,12.4536
0.0380342,0.997918,0.0503639,1.3952,19.7332,12.4539
0.0390466,0.995867,0.0510672,0.303618,19.9184,12.4544
0.0390053,0.995242,0.0513726,0.787267,19.5986,12.4545
0.038744,0.947658,0.0505212,0.405556,19.1307,12.4549
0.0386244,0.985904,0.0534873,0.282366,19.1413,12.4549
0.0387255,0.990034,0.0530271,0.76891,19.036,12.4549
0.0384488,0.988677,0.0526807,0.647467,19.4821,12.455
0.0387229,0.959144,0.051505,0.365529,19.4195,12.4563
0.03901,0.986882,0.051047,0.894564,19.4642,12.4563
0.0387783,0.946454,0.0504652,0.158099,19.2408,12.4566
0.038574,0.993878,0.0542247,0.38768,19.7416,12.4569
0.0384666,0.97976,0.0503474,0.349901,19.9127,12.4586
0.0388073,0.98093,0.0520933,0.31349,19.4038,12.4589
0.0387209,0.95956,0.0515917,0.311422,19.3431,12.459
0.0388399,0.978306,0.0517527,0.911624,19.7387,12.4591
0.0388105,0.971736,0.0517325,0.263544,19.6178,12.4599
0.0384676,0.996477,0.0547745,0.449991,19.3778,12.46
0.0389194,0.997951,0.0521603,0.850112,19.9586,12.4603
0.0386248,0.959859,0.0503235,0.222402,19.6057,12.4608
0.0384564,0.981794,0.0509267,0.684267,19.7773,12.461
0.0390195,0.993018,0.0512512,0.579331,19.9031,12.4611
0.0384761,0.982623,0.0519964,0.40894,19.4233,12.4612
0.038446,0.987897,0.0525573,0.975517,19.877,12.4613
0.0379768,0.994703,0.0504552,1.22279,19.1973,12.4616
0.0388857,0.9976,0.0523513,0.191118,19.5119,12.4616
0.0386241,0.996108,0.0541085,0.396838,19.8987,12.4618
0.0385787,0.998348,0.0544946,0.156262,19.4622,12.4619
0.0386671,0.958902,0.0515418,0.989983,19.7987,12.4619
0.0384661,0.989741,0.0540592,0.9167,19.0914,12.462
0.0388332,0.976545,0.0517693,0.39694,19.7977,12.4621
0.0388743,0.96785,0.0511417,0.349325,19.409,12.463
0.0384848,0.987021,0.0539121,0.309362,19.5529,12.4631
0.0383655,0.995703,0.0518724,0.24461,19.0011,12.4636
0.0387204,0.997109,0.0534686,0.867642,19.8165,12.464
0.0386934,0.96097,0.0518268,0.492541,19.3796,12.4657
0.0386459,0.994399,0.0539711,0.15332,19.8584,12.4668
0.0388042,0.984655,0.0523657,0.416722,19.153,12.4668
0.0387532,0.980856,0.0526054,0.397778,19.6276,12.4669
0.0389213,0.979665,0.0513523,0.327511,19.8081,12.4672
0.0385508,0.96942,0.0508186,0.92713,19.2436,12.4672
0.0387864,0.981359,0.0523784,0.560341,19.1518,12.4678
0.0389117,0.971234,0.0510668,0.650286,19.0741,12.4679
0.0384924,0.976741,0.0509882,0.394508,19.8777,12.4679
0.0386531,0.998072,0.0540897,0.0694359,19.8321,12.4681
0.0385209,0.981838,0.0536083,0.41162,19.3241,12.4681
0.0390947,0.99504,0.0508288,0.805687,19.7679,12.4687
0.0386242,0.984669,0.0536433,0.233284,19.0822,12.469
0.0388938,0.987757,0.0519282,0.132742,19.5927,12.4698
0.0383864,0.989648,0.0503927,0.578002,19.4147,12.4699
0.0387835,0.981336,0.0524303,0.49937,19.8418,12.4702
0.0384798,0.977089,0.0507445,0.733087,19.2445,12.4705
0.0387025,0.949083,0.0502312,0.468639,19.4,12.4708
0.0388952,0.98039,0.0516005,0.797226,19.6952,12.4708
0.0384934,0.978134,0.0515866,0.300602,19.3927,12.471
0.0386745,0.952685,0.0503322,0.195814,19.7027,12.4713
0.038738,0.983383,0.0528797,0.760644,19.8043,12.4715
0.0385267,0.975848,0.0521571,0.872482,19.4003,12.4715
0.0387176,0.955776,0.0515172,0.947414,19.2969,12.4722
0.0389867,0.966351,0.0504174,0.749861,19.9824,12.4723
0.0384611,0.97906,0.0504757,0.482929,19.6672,12.4724
0.0388932,0.966245,0.0510602,0.088389,19.6459,12.4727
0.0385695,0.968276,0.0513916,0.151281,19.4731,12.4729
0.0388033,0.940871,0.0503209,0.538706,19.2351,12.4733
0.03875,0.957251,0.0516505,0.819744,19.409,12.4733
0.0388802,0.984616,0.0519183,0.655413,19.1155,12.4734
0.0385643,0.993477,0.0545226,0.493752,19.9597,12.4735
0.0386437,0.995645,0.0541427,0.531528,19.8645,12.4735
0.0384523,0.987042,0.0530135,0.163921,19.5988,12.4738
0.038421,0.987227,0.0518792,0.699751,19.828,12.4739
0.039137,0.990688,0.0504128,0.65217,19.2566,12.4744
0.0385366,0.992834,0.0546771,0.405891,19.3164,12.4745
0.0388472,0.975128,0.0517662,0.281121,19.0351,12.4748
0.0383412,0.997663,0.0518229,0.0786325,19.5017,12.4749
0.0384878,0.9834,0.0532885,0.368144,19.3051,12.4752
0.0391189,0.98378,0.0502929,0.416166,19.8851,12.4754
0.038382,0.994346,0.0527505,0.137356,19.2654,12.4756
0.038557,0.973264,0.0526888,0.876339,19.1833,12.4757
0.0389615,0.95712,0.0502645,0.0223742,19.9246,12.4761
0.0387026,0.982902,0.053202,0.182866,19.3901,12.4767
0.0389533,0.995597,0.0520665,0.848956,19.6597,12.477
0.0384039,0.994714,0.0537886,0.873663,19.3884,12.4772
0.0386337,0.989119,0.0539384,0.209713,19.9466,12.4779
0.0385803,0.967523,0.051779,0.824636,19.5314,12.4781
0.0383533,0.994028,0.0508797,0.683178,19.8916,12.4782
0.0384545,0.983955,0.0522627,0.491019,19.0021,12.4784
0.0388393,0.973858,0.0518241,0.114055,19.5888,12.4788
0.038577,0.974394,0.0532202,0.633023,19.5822,12.4794
0.0386553,0.956863,0.0512902,0.951066,19.4317,12.4796
0.0383955,0.99509,0.0536852,0.634158,19.5479,12.48
0.0385396,0.97072,0.0513189,0.983946,19.888,12.4803
0.0386604,0.956446,0.0514164,0.591975,19.483,12.4813
0.0385053,0.980425,0.053256,0.723825,19.8554,12.4819
0.0389417,0.986256,0.0517211,0.446829,19.6899,12.482
0.0385522,0.966886,0.0506491,0.72914,19.1839,12.4823
0.0380702,0.990638,0.0502293,1.38289,19.1924,12.4824
0.038734,0.94472,0.0504756,0.156887,19.0016,12.4827
0.0390366,0.969865,0.0503964,0.331137,19.5801,12.4828
0.038966,0.975358,0.0510716,0.655405,19.735,12.4828
0.0384448,0.986808,0.0529974,0.224189,19.3707,12.4829
0.0389024,0.996887,0.0524991,0.220013,19.9379,12.4832
0.0386443,0.982692,0.0536357,0.0101616,19.4398,12.4833
0.0387765,0.984145,0.0527667,0.642485,19.3507,12.484
0.0386549,0.996248,0.0542143,0.956548,19.2531,12.4845
0.038654,0.968921,0.0528271,0.797623,19.1698,12.4846
0.0388299,0.942469,0.0506582,0.31323,19.078,12.4849
0.0384738,0.997611,0.0553126,0.399649,19.4531,12.4849
0.03903,0.970261,0.0504832,0.196511,19.6315,12.4853
0.038996,0.98976,0.0515998,0.366266,19.5289,12.4857
0.0387361,0.957854,0.0519212,0.716,19.6318,12.4861
0.0389476,0.99354,0.0521153,0.977641,19.4857,12.4865
0.0385252,0.978081,0.0534262,0.6783,19.987,12.4869
0.0383907,0.987321,0.0506424,0.993147,19.388,12.4872
0.0383816,0.994107,0.0531271,0.897428,19.4127,12.4877
0.0386951,0.956617,0.0518856,0.686808,19.4575,12.4882
0.0390215,0.98455,0.0512367,0.395664,19.034,12.4882
0.0389565,0.952971,0.0502923,0.280221,19.9071,12.4884
0.0391017,0.984663,0.0506029,0.7655,19.9518,12.489
0.0390812,0.975311,0.0504459,0.691945,19.9904,12.4892
0.0387712,0.976863,0.052592,0.307235,19.2105,12.4893
0.0386201,0.977525,0.053629,0.673755,19.0098,12.4899
0.0386942,0.96157,0.0523097,0.493826,19.3885,12.4899
0.038925,0.96191,0.0508723,0.29803,19.7447,12.49
0.0388984,0.991426,0.0523383,0.733654,19.9451,12.4903
0.0389711,0.994026,0.0520082,0.629247,19.7728,12.4904
0.038575,0.981374,0.0539879,0.975186,19.5904,12.4904
0.0380848,0.995324,0.0504589,1.97596,19.3018,12.4905
0.0387051,0.980324,0.0532688,0.0321234,19.9092,12.4908
0.0389829,0.957051,0.0502996,0.418598,19.3409,12.4918
0.0383846,0.987198,0.0504174,0.910377,19.0571,12.4919
0.038653,0.962246,0.0524315,0.838497,19.9545,12.4921
0.0387937,0.970126,0.0522044,0.520712,19.0113,12.4925
0.0391479,0.996747,0.0507985,0.26792,19.6569,12.4934
0.0388147,0.982579,0.0525423,0.163942,19.7625,12.4939
0.0387007,0.947615,0.0505914,0.037192,19.0349,12.4942
0.0391281,0.992675,0.0507744,0.849866,19.6644,12.4943
0.038802,0.992314,0.0530648,0.453172,19.44,12.4948
0.0384713,0.997201,0.0554599,0.266242,19.2801,12.4949
0.0385556,0.983102,0.0542247,0.721363,19.0813,12.4949
0.038422,0.981376,0.0502639,0.794961,19.3334,12.495
0.0386755,0.965649,0.0527313,0.739283,19.8525,12.4952
0.0388726,0.970176,0.0516452,0.635146,19.8892,12.496
0.0387055,0.949339,0.0512153,0.974952,19.5826,12.4963
0.0384085,0.983231,0.050363,0.304266,19.2119,12.4965
0.0387612,0.948824,0.051389,0.559766,19.1161,12.4965
0.0387706,0.992097,0.0533046,0.885019,19.5989,12.4968
0.0389873,0.975635,0.0511382,0.688677,19.7984,12.4976
0.038642,0.983557,0.0539123,0.482524,19.9723,12.4977
0.0384096,0.994811,0.0548799,0.389616,19.4071,12.4978
0.0384023,0.985641,0.051428,0.355035,19.4765,12.4983
0.0383323,0.995353,0.0514314,0.605676,19.6907,12.4985
0.0384006,0.994591,0.0544634,0.396061,19.5467,12.4987
0.0387876,0.9451,0.0511206,0.920941,19.679,12.4987
0.038645,0.955455,0.0511722,0.944311,19.7403,12.4993
0.0384513,0.977151,0.0504926,0.46878,19.4007,12.4994
0.0386199,0.963378,0.0525442,0.722305,19.4514,12.4996
0.0380553,0.996883,0.0508358,1.78867,19.5546,12.4998
0.0386765,0.981335,0.0536253,0.906475,19.0971,12.4999
0.0386877,0.977298,0.0533671,0.415034,19.4803,12.5005
0.0388674,0.950607,0.0510376,0.084047,19.1425,12.5006
0.0385346,0.966794,0.0506817,0.993275,19.1662,12.5007
0.0380978,0.98821,0.0502122,1.71691,19.2061,12.5009
0.0385548,0.962922,0.0502376,0.554459,19.6957,12.5012
0.0386788,0.979406,0.0535349,0.370418,19.5057,12.5012
0.0386043,0.966243,0.052892,0.197704,19.0506,12.502
0.0390613,0.990881,0.0512909,0.863635,19.0082,12.5023
0.0384516,0.987054,0.0541375,0.490042,19.761,12.5026
0.0384892,0.997462,0.0556029,0.701974,19.6093,12.5027
0.0387259,0.957878,0.0522103,0.249391,19.3333,12.5028
0.0386429,0.994971,0.0545021,0.311446,19.2062,12.5029
0.0389718,0.949517,0.0502285,0.697357,19.7843,12.5031
0.0387038,0.970686,0.052991,0.355948,19.9405,12.5033
0.0385937,0.960677,0.0510365,0.145778,19.9836,12.5034
0.0384214,0.991439,0.0544306,0.61233,19.437,12.5034
0.0383681,0.99348,0.0530304,0.219678,19.0016,12.5035
0.0387795,0.942444,0.0510063,0.506586,19.7627,12.5035
0.0387895,0.941292,0.0509171,0.629364,19.834,12.5037
0.0388934,0.952453,0.0509359,0.770356,19.8529,12.5042
0.0385732,0.966678,0.0522428,0.601743,19.5303,12.5044
0.0386492,0.988661,0.0542312,0.68117,19.279,12.5047
0.0389001,0.992048,0.0525455,0.777638,19.2155,12.5047
0.0386972,0.989726,0.0538784,0.464074,19.8362,12.5052
0.038854,0.982971,0.0524258,0.0200944,19.2285,12.5054
0.0385254,0.966283,0.050392,0.610022,19.9077,12.5057
0.0384524,0.995288,0.0555382,0.416231,19.7992,12.5066
0.0385331,0.976062,0.0536841,0.633747,19.8277,12.5075
0.0389719,0.988171,0.0519767,0.6044,19.1746,12.5077
0.0386843,0.981327,0.0537014,0.493999,19.5749,12.508
0.0388812,0.939437,0.0505701,0.52533,19.1346,12.5082
0.0384901,0.975491,0.0520578,0.165216,19.2299,12.5085
0.037975,0.989666,0.0508753,1.98433,19.6079,12.5086
0.0387895,0.948729,0.0515452,0.0880755,19.6079,12.5087
0.038538,0.965402,0.0506768,0.00935903,19.8239,12.5087
0.0384823,0.971522,0.050401,0.165465,19.6289,12.5089
0.0387461,0.952682,0.0518975,0.602217,19.1452,12.5089
0.0386044,0.9598,0.0513849,0.377324,19.592,12.509
0.0388222,0.948367,0.0513289,0.971071,19.4958,12.5091
0.038575,0.968415,0.0529333,0.0716493,19.6324,12.5092
0.0387395,0.941394,0.0505553,0.468026,19.9424,12.5095
0.0379068,0.993959,0.050772,1.89092,19.4524,12.5099
0.038675,0.978063,0.0536296,0.531401,19.2575,12.5103
0.0390979,0.981339,0.0507433,0.202317,19.4363,12.5104
0.0387259,0.948708,0.0516622,0.351843,19.4112,12.5111
0.0380515,0.984898,0.0504769,1.81091,19.4841,12.5113
0.039082,0.964322,0.0502369,0.929911,19.1768,12.512
0.0379896,0.993212,0.0511625,1.51187,19.4423,12.5121
0.0384812,0.996835,0.0557284,0.173649,19.9219,12.5122
0.0384155,0.993165,0.0550908,0.724809,19.3609,12.5123
0.0391549,0.987302,0.0505637,0.517565,19.7022,12.5123
0.038838,0.965056,0.0519177,0.710805,19.0795,12.5128
0.0383423,0.990382,0.0504239,0.751558,19.7789,12.513
0.0385196,0.976484,0.053633,0.845099,19.4807,12.5131
0.0386156,0.967563,0.0532589,0.536273,19.882,12.5133
0.0386206,0.992813,0.054744,0.186505,19.1915,12.5133
0.038859,0.966963,0.0518369,0.446244,19.8151,12.5136
0.0391679,0.987846,0.0505178,0.348344,19.788,12.5145
0.0384858,0.978872,0.0532398,0.455271,19.659,12.515
0.038842,0.992512,0.0530679,0.134279,19.0946,12.5153
0.038359,0.995841,0.0539209,0.812844,19.4021,12.5161
0.0389497,0.963345,0.0510714,0.48852,19.1592,12.5161
0.0391928,0.985298,0.0502607,0.348807,19.2141,12.5163
0.0388524,0.966087,0.0518885,0.696284,19.369,12.5164
0.0390696,0.989577,0.0513323,0.468254,19.8061,12.5164
0.0386892,0.986557,0.0539718,0.721766,19.8148,12.517
0.0385949,0.968687,0.0534439,0.806353,19.2979,12.5172
0.038314,0.995375,0.051346,0.0100448,19.5809,12.5174
0.037946,0.996881,0.0515782,1.85453,19.3357,12.5177
0.0386154,0.982016,0.0543138,0.109811,19.8819,12.5179
0.0389363,0.947265,0.0505871,0.940107,19.114,12.5179
0.0383776,0.987006,0.0516279,0.834763,19.1901,12.5179
0.0388869,0.944084,0.0508753,0.0742303,19.0454,12.5182
0.0387655,0.944506,0.0514266,0.168341,19.8939,12.5185
0.0388894,0.934904,0.0504706,0.388423,19.383,12.5185
0.0384164,0.986841,0.0532932,0.715706,19.7282,12.5186
0.0389626,0.996136,0.0524695,0.677079,19.8993,12.5188
0.0383934,0.995177,0.0551737,0.874476,19.2247,12.5189
0.0388686,0.932691,0.0504611,0.0189668,19.8996,12.5195
0.0380736,0.980008,0.0502378,1.00413,19.2279,12.5198
0.0390423,0.987552,0.0515115,0.412649,19.598,12.5198
0.0385595,0.965753,0.0520116,0.328958,19.4762,12.5201
0.0383438,0.98954,0.0506032,0.642543,19.8778,12.5205
0.0384703,0.979229,0.052977,0.440518,19.2381,12.5208
0.0387132,0.944915,0.0510518,0.727156,19.4528,12.521
0.0389826,0.963182,0.0509049,0.488351,19.3918,12.5212
0.0390669,0.988174,0.0513566,0.595954,19.1826,12.5215
0.0386416,0.971757,0.0537058,0.500927,19.3257,12.5223
0.0388452,0.983856,0.0527397,0.579516,19.723,12.5223
0.0387197,0.969096,0.0531057,0.626119,19.2321,12.5227
0.038382,0.98668,0.0521355,0.114234,19.6892,12.5227
0.038474,0.995565,0.0558187,0.671842,19.636,12.5228
0.0388435,0.974996,0.0523833,0.978903,19.896,12.5229
0.0390907,0.98765,0.0511709,0.0131696,19.0167,12.5232
0.038522,0.965118,0.0505901,0.58307,19.5974,12.5236
0.0385563,0.966776,0.0523577,0.95845,19.6652,12.5237
0.0385551,0.99861,0.0556258,0.647068,19.0676,12.5238
0.038987,0.99708,0.0523602,0.823369,19.4992,12.5242
0.0386748,0.990434,0.0543338,0.764005,19.8568,12.5243
0.038993,0.95682,0.0506123,0.581994,19.9947,12.5244
0.0390666,0.970662,0.0507835,0.397314,19.3537,12.5244
0.0380119,0.997369,0.0514838,1.32841,19.9989,12.5247
0.0387227,0.962037,0.0527885,0.147934,19.4198,12.5247
0.038421,0.992073,0.0553107,0.976686,19.3904,12.5254
0.0386574,0.95657,0.0525255,0.797981,19.6957,12.5259
0.0386938,0.950427,0.0519575,0.938031,19.2488,12.5259
0.0389204,0.937219,0.0504808,0.923165,19.4013,12.5263
0.0388965,0.93813,0.0506776,0.517322,19.1628,12.5265
0.0387033,0.94398,0.0507588,0.404209,19.6864,12.5268
0.0384179,0.980099,0.0515025,0.458747,19.0595,12.527
0.0385082,0.969158,0.0514495,0.226198,19.1694,12.5271
0.0386216,0.987023,0.0546628,0.911371,19.9655,12.5271
0.0384058,0.995717,0.0558439,0.945436,19.0242,12.5276
0.0390095,0.98318,0.051721,0.702769,19.0621,12.5278
0.0390014,0.984397,0.0518318,0.264179,19.842,12.5279
0.038891,0.938608,0.050751,0.827079,19.268,12.5279
0.0380451,0.98949,0.0509788,1.55465,19.5123,12.528
0.0388405,0.9371,0.0509524,0.558944,19.0251,12.5282
0.0383253,0.994377,0.0524554,0.986249,19.0894,12.5286
0.0387924,0.948449,0.0517977,0.0350647,19.7544,12.5286
0.0379735,0.983917,0.0506697,1.04219,19.1999,12.5287
0.0386781,0.953531,0.0523404,0.992006,19.8039,12.5288
0.0385533,0.980653,0.0546326,0.0281297,19.1437,12.5294
0.0390147,0.958635,0.0506055,0.0212994,19.0244,12.5296
0.0388255,0.936029,0.0509145,0.0977178,19.5264,12.5296
0.0390507,0.967405,0.0507789,0.952453,19.8893,12.5297
0.0381258,0.996168,0.0507175,1.94994,19.0115,12.53
0.0384933,0.977047,0.0535144,0.375163,19.4441,12.53
0.0389244,0.930733,0.050246,0.856017,19.8928,12.5303
0.0386987,0.942968,0.050408,0.72603,19.0497,12.5308
0.0389972,0.956541,0.0506526,0.881496,19.3408,12.5311
0.0389239,0.952555,0.0510276,0.671144,19.0284,12.5314
0.0387403,0.939581,0.0507403,0.560368,19.7175,12.5315
0.0387965,0.957009,0.052201,0.972451,19.9585,12.5316
0.0386081,0.981201,0.0545407,0.805812,19.8924,12.5322
0.0388138,0.981866,0.0530051,0.216404,19.7623,12.5324
0.0383696,0.986881,0.051949,0.224926,19.5136,12.5326
0.0386933,0.947073,0.0513938,0.497948,19.2771,12.5327
0.0381663,0.989291,0.0501997,1.69096,19.6894,12.5332
0.0385235,0.97112,0.052889,0.437344,19.8402,12.5337
0.0390451,0.959997,0.0505358,0.0984727,19.8512,12.5348
0.0384223,0.988487,0.0546989,0.302574,19.0842,12.5348
0.0379112,0.995038,0.0517465,1.3822,19.7291,12.5351
0.038333,0.997506,0.0542074,0.923857,19.0571,12.5351
0.0385597,0.966116,0.052724,0.381887,19.6057,12.5353
0.0384595,0.984318,0.0546631,0.432467,19.2295,12.5354
0.0390966,0.968689,0.0505948,0.634768,19.6039,12.5355
0.0388524,0.97829,0.0526151,0.000188952,19.1166,12.5356
0.0379077,0.990041,0.0505388,1.71902,19.5441,12.5356
0.0388237,0.932058,0.0507368,0.150488,19.3815,12.5359
0.0386288,0.99737,0.0551462,0.65539,19.8939,12.536
0.0387018,0.947586,0.0517695,0.736374,19.5353,12.5361
0.0387838,0.93457,0.0506941,0.199086,19.5195,12.5364
0.0385775,0.984374,0.0549621,0.195057,19.8291,12.5364
0.0387988,0.960933,0.0523799,0.547294,19.5239,12.5369
0.0386104,0.971536,0.0539759,0.563092,19.6993,12.5372
0.0383197,0.991447,0.0510101,0.196559,19.7233,12.5374
0.0387823,0.971456,0.0529104,0.436945,19.3698,12.5384
0.0384826,0.967894,0.0504675,0.723797,19.595,12.5389
0.0384551,0.982258,0.0540782,0.0557983,19.8099,12.5389
0.0391669,0.988976,0.0508414,0.595895,19.9138,12.539
0.0388372,0.93067,0.0506722,0.892988,19.4521,12.5392
0.0383171,0.994731,0.0527607,0.587015,19.4673,12.5393
0.0388919,0.95062,0.0513072,0.134762,19.2285,12.5399
0.0379118,0.988634,0.050419,1.69256,19.0205,12.5399
0.0386059,0.963893,0.0533634,0.284333,19.0938,12.5402
0.0387066,0.990998,0.0543062,0.273274,19.5466,12.5403
0.0388694,0.991684,0.0531784,0.371019,19.2209,12.5403
0.0385558,0.998714,0.0558918,0.326859,19.3568,12.5405
0.0385295,0.963039,0.0508531,0.208075,19.6264,12.5406
0.0382904,0.995563,0.0513508,0.0277993,19.0779,12.5415
0.0383793,0.991125,0.0541566,0.961936,19.3764,12.5417
0.0388354,0.978874,0.052844,0.9304,19.2729,12.5421
0.0385342,0.961712,0.0506934,0.944625,19.5417,12.5425
0.0380468,0.976616,0.0504055,1.61594,19.3999,12.5429
0.038406,0.994464,0.0559483,0.757229,19.6349,12.543
0.0389865,0.967194,0.0513238,0.574126,19.9785,12.5431
0.0384094,0.979064,0.0513916,0.857298,19.8546,12.5434
0.0386662,0.947315,0.0510497,0.252891,19.6354,12.5436
0.0387919,0.980004,0.0532351,0.227783,19.9929,12.5437
0.0384468,0.980289,0.0533222,0.0932651,19.578,12.5442
0.0390981,0.983504,0.0511887,0.352795,19.6124,12.5444
0.0391635,0.971415,0.0502464,0.836249,19.2221,12.5447
0.0387985,0.997719,0.0539914,0.897244,19.6702,12.5447
0.0388625,0.935142,0.0510156,0.827288,19.2077,12.5448
0.0385858,0.969288,0.0539734,0.681987,19.3719,12.545
0.0388404,0.986768,0.053201,0.239716,19.0288,12.5455
0.0390123,0.94329,0.0502149,0.148789,19.3427,12.5461
0.0387636,0.964068,0.052897,0.0102305,19.4735,12.5462
0.0385263,0.963011,0.0509535,0.327364,19.2541,12.5465
0.0385599,0.988977,0.0554661,0.173321,19.3514,12.5468
0.0387063,0.993142,0.0544846,0.437687,19.6374,12.547
0.0385738,0.99195,0.0555269,0.910837,19.4943,12.547
0.0386877,0.981977,0.054199,0.00685386,19.3613,12.5474
0.0388871,0.989689,0.053066,0.175026,19.482,12.5477
0.0387248,0.956269,0.0528455,0.227216,19.9183,12.548
0.0387276,0.978161,0.0537298,0.541759,19.8961,12.5481
0.0385805,0.976915,0.0546274,0.716589,19.0482,12.5482
0.038488,0.990833,0.0558673,0.720483,19.7101,12.5483
0.0386384,0.950486,0.0511915,0.816029,19.148,12.5484
0.0385147,0.964715,0.0511525,0.651718,19.4622,12.549
0.0386956,0.950037,0.0524083,0.373563,19.8327,12.5494
0.0387117,0.962784,0.0532625,0.252282,19.343,12.5497
0.0385127,0.971775,0.0532984,0.107598,19.2572,12.5497
0.0385325,0.980177,0.0549881,0.535322,19.0696,12.5504
0.0382708,0.996062,0.0504993,0.103936,19.7118,12.5505
0.0379572,0.981644,0.0504372,1.14366,19.805,12.5512
0.0387452,0.940141,0.0514537,0.566575,19.6842,12.5512
0.0388813,0.973888,0.0524205,0.27339,19.4008,12.5513
0.0385687,0.97638,0.0546532,0.91347,19.0488,12.5513
0.0387419,0.949065,0.0523317,0.77469,19.3957,12.5514
0.0385988,0.951945,0.0503367,0.202526,19.1106,12.5514
0.0384072,0.976521,0.0503703,0.190353,19.1262,12.5515
0.0392108,0.990474,0.0506288,0.436738,19.8242,12.5516
0.0389809,0.961153,0.0512034,0.000498578,19.2365,12.5517
0.0387044,0.976525,0.053912,0.903045,19.972,12.5519
0.0379677,0.985822,0.0513214,1.16497,19.7367,12.552
0.0384798,0.972042,0.0522499,0.743666,19.3371,12.5521
0.0379832,0.986123,0.0513161,1.38849,19.5422,12.5521
0.0386011,0.953682,0.0509655,0.0472419,19.782,12.5522
0.0383247,0.988521,0.0508702,0.519161,19.5254,12.5529
0.0380057,0.982713,0.051054,1.19281,19.3456,12.553
0.0389268,0.931362,0.0505564,0.842023,19.6695,12.553
0.0389231,0.961798,0.0516486,0.196381,19.407,12.5532
0.0386588,0.951747,0.0522062,0.878025,19.1654,12.5535
0.0391057,0.985321,0.0512987,0.948799,19.9749,12.5535
0.0388122,0.988325,0.0535715,0.643612,19.0893,12.5536
0.038045,0.993032,0.0514983,1.25039,19.6574,12.5538
0.0386871,0.956584,0.0530101,0.550094,19.3509,12.5539
0.0385741,0.980128,0.0549951,0.0292531,19.0953,12.5539
0.0388185,0.997824,0.0539874,0.137499,19.1011,12.554
0.0387554,0.992395,0.0541696,0.0107294,19.7551,12.554
0.0384935,0.998708,0.0565279,0.0556222,19.9647,12.5546
0.0383073,0.995222,0.0533381,0.239065,19.185,12.5547
0.0386826,0.95431,0.0528644,0.610341,19.2086,12.5549
0.0388964,0.929949,0.0507299,0.184764,19.6701,12.5552
0.0391055,0.977035,0.0510136,0.423861,19.1582,12.5553
0.0387428,0.966284,0.0532633,0.903065,19.7889,12.5553
0.0389052,0.977186,0.0524576,0.0122382,19.3086,12.5556
0.0384968,0.992455,0.0561261,0.779532,19.8354,12.5557
0.0384834,0.994519,0.0563154,0.503135,19.3166,12.5559
0.0379343,0.988545,0.0514319,1.17108,19.1099,12.5559
0.0385533,0.973892,0.0545725,0.895624,19.2539,12.5564
0.0387101,0.990859,0.0544848,0.833866,19.7349,12.5566
0.0384989,0.998487,0.0565122,0.342479,19.4829,12.5567
0.037978,0.993807,0.0519525,1.53753,19.9705,12.5567
0.0383465,0.98709,0.0519645,0.475678,19.626,12.5569
0.0386304,0.950549,0.0512388,0.670561,19.1108,12.557
0.038102,0.979462,0.0505994,1.01786,19.8743,12.5571
0.0387918,0.944326,0.0520241,0.14809,19.3899,12.5577
0.0385387,0.960224,0.0509672,0.262353,19.9524,12.5578
0.0383648,0.988226,0.0533476,0.294331,19.5329,12.5582
0.038625,0.968306,0.0540669,0.645282,19.0358,12.5583
0.0389554,0.961886,0.0514913,0.4353,19.861,12.5586
0.0386884,0.941753,0.0506949,0.903422,19.9695,12.5588
0.0388854,0.937554,0.0511615,0.831188,19.9311,12.5591
0.0392204,0.996855,0.0506543,0.707738,19.1947,12.5592
0.038764,0.979842,0.0536486,0.890465,19.3045,12.5598
0.0385223,0.963749,0.051559,0.881577,19.5612,12.5609
0.0386611,0.982994,0.0546402,0.235887,19.9546,12.561
0.0384979,0.993813,0.0563395,0.949234,19.9507,12.5612
0.0385693,0.953594,0.0501996,0.264389,19.1611,12.5615
0.0385808,0.959947,0.0525528,0.783801,19.6244,12.562
0.0389333,0.996987,0.0532394,0.0982855,19.4343,12.5621
0.0388284,0.951326,0.0521178,0.0309421,19.343,12.5624
0.038566,0.984607,0.0554619,0.253649,19.672,12.5629
0.0380129,0.981916,0.05115,1.57899,19.1111,12.5631
0.0387939,0.950256,0.0523661,0.0744352,19.9381,12.5632
0.0385152,0.983159,0.0554808,0.739853,19.4932,12.5636
0.0382935,0.996624,0.0536231,0.0601911,19.0541,12.5637
0.038473,0.975583,0.0535503,0.491437,19.9642,12.5638
0.0388915,0.946748,0.051466,0.913767,19.2493,12.5641
0.0384567,0.968884,0.0507795,0.870168,19.1571,12.5641
0.0385454,0.985724,0.0556718,0.138052,19.2837,12.5644
0.0386612,0.967352,0.0540272,0.848386,19.8147,12.5645
0.0391259,0.997917,0.0517572,0.486207,19.5404,12.5649
0.0386606,0.943655,0.0505049,0.867398,19.3087,12.565
0.0382925,0.994314,0.0524165,0.846293,19.6854,12.5651
0.0391692,0.966217,0.0502411,0.383632,19.2283,12.5655
0.0386955,0.99675,0.0549681,0.448693,19.8816,12.5655
0.0386777,0.995819,0.0550758,0.712617,19.5318,12.5661
0.0382655,0.996166,0.051547,0.936897,19.5865,12.5663
0.0385432,0.957971,0.0507832,0.671722,19.5983,12.5667
0.0386827,0.971128,0.0540963,0.42662,19.7817,12.5667
0.0380913,0.97751,0.0507238,1.18706,19.76,12.5669
0.037948,0.995942,0.0523194,1.98693,19.7112,12.567
0.0384276,0.978475,0.0529211,0.0929917,19.4915,12.5671
0.0382902,0.992085,0.0512795,0.930879,19.0143,12.5679
0.0382837,0.99174,0.0503148,0.849421,19.8248,12.5681
0.038473,0.972086,0.0526295,0.501802,19.1928,12.5685
0.0384185,0.987359,0.0553298,0.512299,19.6801,12.5685
0.0385143,0.977651,0.0550722,0.244263,19.6356,12.5685
0.0387745,0.932052,0.0507758,0.520831,19.3961,12.5685
0.0386237,0.950782,0.0515065,0.218061,19.8546,12.5688
0.0386708,0.961064,0.0536374,0.319658,19.2007,12.5695
0.0387724,0.951289,0.0526411,0.252404,19.6558,12.5695
0.0380365,0.972794,0.0505517,1.0378,19.136,12.5696
0.0381993,0.987039,0.0502955,1.61349,19.0423,12.5699
0.0378999,0.986329,0.0503805,1.08975,19.8807,12.5699
0.0385737,0.971673,0.0546007,0.357286,19.3297,12.5699
0.038651,0.992731,0.055219,0.411661,19.4275,12.57
0.0384911,0.965055,0.0512309,0.366459,19.8868,12.5701
0.0386548,0.958818,0.0534989,0.166446,19.3146,12.5702
0.0381289,0.997283,0.0512169,1.50947,19.9859,12.5707
0.0383494,0.983764,0.0513286,0.90724,19.0149,12.5708
0.0387843,0.93771,0.0517583,0.804689,19.2522,12.5708
0.0379997,0.991546,0.0519779,1.39012,19.7852,12.571
0.0390098,0.990038,0.0524358,0.0948531,19.3581,12.5711
0.0390045,0.979459,0.05212,0.986963,19.8741,12.5717
0.0381431,0.972721,0.0502626,1.34258,19.3485,12.5719
0.039133,0.962789,0.0504872,0.775395,19.6849,12.572
0.0389504,0.942243,0.0509428,0.100152,19.6585,12.572
0.0382154,0.998332,0.0506313,1.80392,19.9112,12.5724
0.0387677,0.930946,0.0505158,0.933578,19.0642,12.5726
0.0384346,0.970099,0.0503908,0.205977,19.9248,12.5729
0.0384928,0.969756,0.0527873,0.0154164,19.8936,12.5729
0.0380731,0.993174,0.0515631,1.16209,19.2613,12.573
0.0387219,0.954452,0.0531314,0.87402,19.1049,12.5732
0.0384145,0.993564,0.0565827,0.379128,19.1387,12.5734
0.0383672,0.990454,0.0546984,0.0521926,19.0135,12.5735
0.0386278,0.949566,0.0514622,0.0542535,19.0172,12.5738
0.038555,0.995142,0.0562149,0.581144,19.1629,12.574
0.0385551,0.963365,0.0530987,0.620402,19.1307,12.5743
0.0386063,0.954775,0.0523335,0.742295,19.3599,12.5751
0.0391352,0.963871,0.0505385,0.534235,19.7668,12.5752
0.0382546,0.997924,0.052274,0.497384,19.8189,12.5753
0.0382548,0.998314,0.0503958,1.4111,19.9095,12.5753
0.0387869,0.964113,0.053074,0.714108,19.2063,12.5763
0.0388009,0.953582,0.0525935,0.0580431,19.5871,12.5763
0.0380865,0.972774,0.0506129,1.33149,19.925,12.5764
0.0381734,0.984573,0.0504889,1.41323,19.8779,12.5764
0.0383725,0.978516,0.0506118,0.786428,19.7409,12.5765
0.0382689,0.998272,0.0536093,0.823765,19.2033,12.577
0.0392383,0.993991,0.0505643,0.571566,19.1876,12.577
0.0384971,0.981187,0.0555802,0.525287,19.4971,12.577
0.0383528,0.986512,0.0531378,0.615687,19.2528,12.5773
0.0383958,0.983424,0.0536876,0.0301995,19.1587,12.5774
0.0388028,0.982131,0.0536743,0.209034,19.1683,12.5775
0.0390296,0.97085,0.0516677,0.411366,19.0129,12.5776
0.0384786,0.981538,0.0554414,0.505685,19.8124,12.5781
0.0384084,0.977909,0.0525177,0.754492,19.4037,12.5784
0.0384053,0.988772,0.0556297,0.782514,19.186,12.5786
0.0381293,0.972799,0.0504478,1.9544,19.6545,12.5787
0.0386337,0.992845,0.0554898,0.452978,19.5931,12.5791
0.0386091,0.972942,0.0548182,0.883897,19.1712,12.5793
0.0388002,0.984942,0.0538388,0.430558,19.9526,12.5793
0.0388577,0.965148,0.0525862,0.188464,19.4306,12.5793
0.0383018,0.990201,0.0518913,0.0461574,19.4771,12.5797
0.0390623,0.986689,0.05198,0.03946,19.2334,12.5798
0.0390413,0.941736,0.050349,0.996282,19.527,12.5798
0.0388839,0.92865,0.0510991,0.412653,19.9521,12.5799
0.0390101,0.952331,0.050985,0.51931,19.6759,12.58
0.0384662,0.972554,0.0529666,0.0835588,19.9152,12.5802
0.0383016,0.992346,0.0530552,0.819652,19.8756,12.5803
0.0383754,0.991309,0.0555489,0.372212,19.149,12.5804
0.0385726,0.957128,0.0520506,0.896495,19.2873,12.5805
0.0384154,0.994618,0.0568647,0.706141,19.9725,12.5806
0.0384489,0.975962,0.053412,0.744617,19.7571,12.5806
0.0390767,0.992877,0.0521222,0.17159,19.7093,12.5807
0.0378802,0.989976,0.051167,1.22087,19.3231,12.5809
0.0378506,0.996018,0.0519096,1.65024,19.5158,12.5809
0.0387116,0.973656,0.0541153,0.683049,19.623,12.5811
0.0386541,0.953919,0.0531685,0.208594,19.361,12.5813
0.0386523,0.966505,0.0542913,0.657126,19.0998,12.5813
0.0388541,0.930542,0.0513151,0.666994,19.9585,12.5813
0.0386777,0.955264,0.0533851,0.885839,19.0395,12.5814
0.0384778,0.985734,0.0560639,0.153059,19.3997,12.5816
0.0389574,0.975646,0.0523852,0.525672,19.9886,12.5819
0.0385807,0.95365,0.051333,0.322631,19.5932,12.5819
0.0388649,0.983466,0.053356,0.727374,19.3158,12.5822
0.0392117,0.976319,0.0504801,0.650303,19.4095,12.5822
0.0387571,0.936413,0.0516279,0.752792,19.5097,12.5823
0.0383808,0.977332,0.0509621,0.787392,19.7361,12.5823
0.0387572,0.969018,0.053574,0.905425,19.2914,12.5823
0.038848,0.962065,0.0525796,0.0562207,19.6389,12.5823
0.0384451,0.97491,0.0530301,0.238553,19.1912,12.5826
0.0383328,0.997667,0.0560833,0.143579,19.8666,12.5828
0.0389804,0.957738,0.0514447,0.264292,19.9432,12.5828
0.0390123,0.990931,0.0525793,0.362032,19.4775,12.5829
0.0379152,0.985619,0.0511839,1.7398,19.4586,12.583
0.0389964,0.974794,0.0521254,0.770144,19.723,12.5831
0.0381739,0.985944,0.0506102,1.24529,19.4619,12.5831
0.0385044,0.959709,0.0506187,0.3252,19.382,12.5832
0.0384952,0.988564,0.0563016,0.431407,19.5174,12.5836
0.0380336,0.977171,0.0511155,1.73928,19.2674,12.5837
0.0379756,0.991617,0.0522417,1.16988,19.3092,12.5838
0.0388097,0.938463,0.0519991,0.715184,19.3139,12.5842
0.0388462,0.982078,0.0534469,0.956509,19.7241,12.5843
0.0384286,0.982855,0.0549781,0.900681,19.6825,12.5848
0.0387309,0.972342,0.0539518,0.978647,19.2993,12.5851
0.0390196,0.965405,0.0515606,0.545715,19.2525,12.5852
0.0388625,0.970854,0.0528589,0.0924695,19.3881,12.5856
0.0391076,0.975138,0.0512592,0.0109896,19.8445,12.5858
0.0385515,0.958616,0.0519532,0.975099,19.8841,12.586
0.0388687,0.993818,0.0538942,0.384013,19.7867,12.5861
0.0383375,0.984057,0.0516564,0.175147,19.0989,12.5862
0.0385006,0.989438,0.0564164,0.0752145,19.3999,12.5862
0.0388676,0.920454,0.050571,0.960831,19.4807,12.5863
0.0391104,0.986505,0.0516747,0.26375,19.2356,12.5865
0.0390361,0.94631,0.0506445,0.686079,19.2674,12.5866
0.038545,0.954612,0.0505994,0.304103,19.4845,12.5867
0.0389668,0.987689,0.0528948,0.40998,19.9829,12.5868
0.0384458,0.967543,0.0507845,0.904317,19.8925,12.5868
0.0387722,0.942698,0.052404,0.760273,19.4713,12.5868
0.0389412,0.920433,0.0504946,0.922227,19.3431,12.5869
0.0386636,0.972876,0.0545873,0.919472,19.1956,12.5869
0.039069,0.948704,0.050533,0.44636,19.6505,12.5872
0.0385671,0.951499,0.0504545,0.578729,19.354,12.5874
0.0382822,0.990841,0.0513929,0.477721,19.4371,12.5878
0.0387635,0.937896,0.0520662,0.21953,19.9934,12.5878
0.0385789,0.956838,0.0524717,0.0397516,19.998,12.5881
0.0383367,0.981548,0.0504689,0.474752,19.9371,12.5882
0.0385364,0.956353,0.0508695,0.403024,19.6575,12.5883
0.0389398,0.923864,0.0506315,0.543269,19.8808,12.5884
0.0385351,0.954257,0.050259,0.290962,19.2832,12.5885
0.0381496,0.990042,0.0510107,1.04248,19.4983,12.5887
0.0383021,0.998114,0.0553111,0.805728,19.3595,12.5891
0.0387693,0.969342,0.0535782,0.34167,19.2961,12.5897
0.0379484,0.986715,0.0520048,1.93895,19.8686,12.5898
0.0389522,0.992838,0.0532382,0.569954,19.3714,12.5898
0.0386911,0.940614,0.0514398,0.312249,19.6209,12.5903
0.0389274,0.929736,0.0509337,0.680917,19.9973,12.5903
0.0382836,0.993166,0.0501789,1.6167,19.8279,12.591
0.0380621,0.979797,0.0513488,1.72578,19.9354,12.591
0.038915,0.938791,0.0513297,0.617849,19.6937,12.591
0.0384394,0.982987,0.0553714,0.0565715,19.3873,12.591
0.0384932,0.972062,0.0541342,0.860741,19.8583,12.5913
0.039036,0.957131,0.0511611,0.112223,19.0361,12.5916
0.0390425,0.937057,0.0503048,0.272833,19.723,12.5917
0.0390705,0.99269,0.0522878,0.142451,19.5679,12.5919
0.0385807,0.988685,0.0559758,0.543782,19.7951,12.5921
0.0390612,0.945784,0.0505215,0.266735,19.2003,12.5922
0.0390409,0.953136,0.050963,0.0889314,19.0747,12.5922
0.0384718,0.99104,0.0566967,0.981617,19.5689,12.5925
0.0380093,0.970477,0.050247,1.03153,19.773,12.5928
0.0383281,0.983753,0.0513141,0.153647,19.7304,12.5934
0.0379139,0.992846,0.0525927,1.04887,19.7777,12.5938
0.0381404,0.969437,0.0504497,1.65921,19.0267,12.594
0.0379285,0.985317,0.0515792,1.72692,19.4138,12.5941
0.0383291,0.990707,0.0541843,0.77433,19.2952,12.5941
0.0387262,0.935841,0.0512378,0.110854,19.0807,12.5942
0.0381154,0.968839,0.0505854,1.5899,19.0093,12.5943
0.0390013,0.935419,0.0505809,0.147772,19.175,12.5945
0.0388959,0.980916,0.0531944,0.694546,19.5642,12.5949
0.0387616,0.994929,0.05478,0.0362206,19.8376,12.595
0.0390987,0.948964,0.0504536,0.246344,19.3702,12.5951
0.0380843,0.994337,0.0517729,1.83895,19.3985,12.5953
0.0388414,0.978866,0.0534807,0.699724,19.9523,12.5954
0.0380742,0.998004,0.0519849,1.33711,19.7768,12.5955
0.0391786,0.985973,0.0512103,0.929519,19.6701,12.5955
0.038486,0.976681,0.0550483,0.701844,19.2888,12.5965
0.0380154,0.980059,0.0515554,1.73751,19.3702,12.5966
0.0382971,0.991595,0.0533994,0.222178,19.6469,12.5966
0.0386083,0.975271,0.0552459,0.984823,19.8735,12.5967
0.0387347,0.956291,0.0535226,0.668454,19.1275,12.5975
0.0387228,0.937724,0.0516445,0.00621422,19.1264,12.5976
0.0389562,0.971956,0.0524194,0.948328,19.4545,12.5977
0.0386211,0.965324,0.0545153,0.148558,19.3998,12.5977
0.0383544,0.979153,0.0510829,0.449355,19.802,12.5979
0.0381018,0.96631,0.0504823,1.84036,19.6559,12.598
0.0381362,0.972374,0.0506565,1.9726,19.7718,12.5981
0.0386086,0.948258,0.0512894,0.0867566,19.6672,12.5984
0.0387521,0.929816,0.0506234,0.840336,19.6073,12.5986
0.0389445,0.946016,0.0514382,0.624526,19.6585,12.5987
0.0388971,0.950149,0.0519558,0.073872,19.5278,12.5987
0.0388428,0.949378,0.0523765,0.592494,19.2379,12.5993
0.0390175,0.961244,0.0515592,0.733478,19.2294,12.5995
0.0388429,0.971195,0.0531969,0.975888,19.5151,12.5997
0.0384174,0.981463,0.054703,0.736581,19.3917,12.5998
0.0384285,0.97298,0.0525269,0.272088,19.8533,12.5999
0.0384185,0.989286,0.0564219,0.901009,19.6187,12.6
0.0381158,0.97562,0.0509496,1.31703,19.0306,12.6
0.0383586,0.976838,0.050373,0.16279,19.5061,12.6003
0.0388196,0.955321,0.0527866,0.684162,19.6893,12.6003
0.0387653,0.971059,0.0538098,0.180149,19.7613,12.6004
0.0380834,0.990472,0.0517127,1.70412,19.8038,12.6004
0.037869,0.991586,0.051893,1.28978,19.3333,12.6004
0.038509,0.957322,0.0507109,0.472267,19.0757,12.6005
0.0391004,0.986703,0.0519156,0.514283,19.7412,12.6006
0.0384093,0.971278,0.0510576,0.271712,19.9078,12.6009
0.037963,0.993519,0.052685,1.01898,19.8585,12.601
0.0390862,0.938914,0.0501868,0.717541,19.6828,12.6012
0.0389092,0.941802,0.0515981,0.893438,19.684,12.6012
0.0385039,0.957313,0.0505369,0.728599,19.2298,12.6012
0.0379438,0.987573,0.0522905,1.85492,19.5891,12.6015
0.0383954,0.975231,0.0521716,0.657889,19.3258,12.6017
0.0392548,0.994112,0.0505652,0.427766,19.178,12.6017
0.0383155,0.98706,0.0526788,0.480252,19.3822,12.6019
0.0385237,0.998805,0.0504929,0.466224,18.8129,12.6019
0.0385528,0.967441,0.0545035,0.785108,19.9856,12.602
0.039038,0.98488,0.0523583,0.875468,19.1115,12.6021
0.0388851,0.957293,0.0523566,0.784631,19.215,12.6023
0.0387808,0.964383,0.0534603,0.589506,19.1141,12.6025
0.0384917,0.995034,0.0571296,0.0695739,19.9425,12.603
0.0383349,0.982509,0.051773,0.247633,19.1917,12.6031
0.0383201,0.985788,0.052436,0.354038,19.0842,12.6033
0.0379578,0.995531,0.0528851,1.53399,19.8109,12.6034
0.0384828,0.968025,0.053051,0.0503976,19.4313,12.604
0.0386723,0.948455,0.0529416,0.945988,19.4593,12.6041
0.0384881,0.959962,0.0509252,0.0853928,19.5861,12.6043
0.0391255,0.985072,0.0517015,0.72096,19.1628,12.6043
0.0388315,0.934302,0.0519943,0.689147,19.963,12.6043
0.0390514,0.957135,0.0512227,0.129077,19.3757,12.6044
0.0380603,0.966541,0.0505886,1.92781,19.8594,12.6047
0.0390984,0.950767,0.050656,0.0755263,19.9532,12.605
0.0382995,0.988994,0.0527558,0.0451827,19.4093,12.6051
0.038919,0.986892,0.0534869,0.527446,19.5174,12.6054
0.038907,0.962103,0.0524221,0.0579005,19.8861,12.6055
0.0388341,0.946927,0.0524436,0.391927,19.2904,12.6055
0.0389705,0.952696,0.0515866,0.409666,19.4012,12.6057
0.0386789,0.977985,0.0548729,0.422522,19.377,12.6058
0.0378679,0.987065,0.0507549,1.53675,19.527,12.6058
0.0386563,0.998262,0.055882,0.211185,19.0898,12.6058
0.0384482,0.971876,0.0530802,0.825459,19.2876,12.606
0.0384299,0.974236,0.0531595,0.213406,19.7706,12.606
0.0384019,0.977474,0.0531711,0.947807,19.2981,12.6061
0.0380083,0.99788,0.052684,1.62989,19.8445,12.6063
0.0385912,0.9542,0.0526973,0.321155,19.2595,12.6063
0.0391051,0.977323,0.0515829,0.0934625,19.7522,12.6064
0.038522,0.963676,0.0532267,0.0141902,19.1776,12.607
0.0383279,0.989608,0.0543014,0.548454,19.6521,12.6073
0.0389922,0.951654,0.0514118,0.693518,19.5678,12.6073
0.0385825,0.98376,0.0559824,0.897616,19.2074,12.6074
0.0384753,0.966978,0.0526036,0.781735,19.5872,12.6074
0.0384401,0.964639,0.0502496,0.0963483,19.2429,12.6076
0.0381446,0.965874,0.0504656,1.20155,19.9433,12.6076
0.0389706,0.92371,0.0505928,0.695906,19.2381,12.6077
0.038962,0.971522,0.0524932,0.686151,19.784,12.608
0.038271,0.996917,0.0545755,0.827992,19.0874,12.608
0.0389902,0.982196,0.0527428,0.0159041,19.4542,12.6085
0.0382812,0.988057,0.0512906,0.170257,19.028,12.6086
0.0384734,0.973132,0.0544076,0.317056,19.0187,12.6087
0.0377841,0.99864,0.0512759,1.36086,19.9562,12.6089
0.0381554,0.996006,0.0514263,1.35989,19.8962,12.6092
0.0383301,0.985842,0.0533507,0.61859,19.9212,12.6092
0.0388019,0.936314,0.0522581,0.69783,19.2476,12.6092
0.0389419,0.978138,0.0529551,0.446033,19.2761,12.6093
0.0384529,0.982536,0.0559005,0.115841,19.2754,12.6094
0.0391197,0.974603,0.0514023,0.260869,19.6022,12.6096
0.0380393,0.977354,0.0515386,1.80699,19.8331,12.6096
0.0385108,0.956761,0.0509422,0.698803,19.0379,12.6099
0.0380152,0.990347,0.0523833,1.34369,19.7281,12.61
0.0389152,0.967466,0.0526474,0.576795,19.9037,12.6101
0.0387443,0.928916,0.0505815,0.505745,19.9682,12.6102
0.0379519,0.983474,0.0519567,1.90835,19.8631,12.6102
0.0388404,0.93258,0.0519538,0.977003,19.0728,12.6103
0.0388223,0.923213,0.0508676,0.51491,19.9158,12.6104
0.0388563,0.974207,0.0533603,0.229032,19.7155,12.6104
0.037873,0.996869,0.0530851,1.60503,19.4706,12.6105
0.03904,0.973921,0.0520505,0.425776,19.7102,12.6105
0.0382929,0.989574,0.0529407,0.957985,19.8983,12.6105
0.0390437,0.948365,0.0509671,0.0601302,19.4971,12.6107
0.0389614,0.942973,0.0513473,0.0856438,19.0955,12.611
0.0386939,0.981613,0.0549506,0.846813,19.7141,12.6111
0.0383947,0.980816,0.0541094,0.0128338,19.8192,12.6113
0.0381016,0.995795,0.0518739,1.45101,19.6526,12.6114
0.0386893,0.937249,0.0512506,0.299005,19.546,12.6115
0.0379337,0.978963,0.0509271,1.64026,19.9883,12.6118
0.0383226,0.990848,0.0546519,0.271078,19.9686,12.6118
0.0390021,0.93376,0.0507214,0.658027,19.7848,12.6119
0.0390751,0.985328,0.0521853,0.905982,19.2497,12.612
0.0378475,0.990236,0.0511863,1.14354,19.7748,12.6121
0.0383911,0.972707,0.0512556,0.801368,19.0291,12.6121
0.0381263,0.964026,0.0505137,1.46638,19.2032,12.6121
0.0391013,0.989221,0.0521422,0.76436,19.0022,12.6123
0.0384984,0.998431,0.0506918,0.99383,18.41,12.613
0.0384584,0.983726,0.0563,0.292169,19.8104,12.6131
0.03897,0.957294,0.0518697,0.888955,19.3827,12.6131
0.0387469,0.941637,0.0527963,0.526362,19.5067,12.6133
0.0378477,0.991702,0.051679,1.57592,19.2371,12.6133
0.0378821,0.983594,0.0505206,1.28119,19.2188,12.6134
0.038922,0.933247,0.0513592,0.826495,19.9452,12.6136
0.0391855,0.958307,0.0503516,0.177978,19.3522,12.6137
0.0384914,0.976867,0.0555463,0.390409,19.0875,12.6138
0.0385693,0.995431,0.0503752,0.378807,18.8297,12.6144
0.0381114,0.964252,0.0505859,1.26309,19.3166,12.6144
0.0385045,0.974809,0.0553848,0.301955,19.5985,12.6146
0.0389234,0.939034,0.0515541,0.542722,19.5282,12.615
0.038862,0.922069,0.0512381,0.61653,19.894,12.6151
0.0385857,0.945029,0.0502266,0.728128,19.1603,12.6153
0.0389674,0.998634,0.0536172,0.35704,19.5825,12.6154
0.0381726,0.996834,0.051404,1.19778,19.1489,12.6154
0.0389955,0.947174,0.0513083,0.0411714,19.5353,12.6155
0.0391169,0.961434,0.0510406,0.566641,19.4251,12.6157
0.0386623,0.963007,0.0545934,0.893273,19.3687,12.6159
0.0384663,0.978495,0.0555031,0.222805,19.8463,12.6161
0.0378557,0.986841,0.0506335,1.78511,19.9932,12.6162
0.0383613,0.980137,0.0529838,0.192926,19.8604,12.6162
0.0391055,0.941973,0.0503663,0.826035,19.0136,12.6164
0.0388302,0.954308,0.0528594,0.447926,19.8304,12.6164
0.0389745,0.969629,0.0524342,0.89712,19.9823,12.6166
0.038105,0.99568,0.0519068,1.12809,19.3577,12.6168
0.0390759,0.961793,0.0514181,0.993101,19.5532,12.6168
0.0389193,0.911377,0.05039,0.140271,19.9688,12.6169
0.0387096,0.955784,0.0539576,0.0277708,19.544,12.617
0.0379155,0.996565,0.0532502,1.10231,19.0814,12.6173
0.0388643,0.915671,0.0503264,0.387837,19.5677,12.6173
0.0390964,0.957837,0.0511292,0.247237,19.2567,12.6179
0.0383808,0.981592,0.0541077,0.552184,19.4849,12.618
0.0386956,0.937588,0.0515932,0.85426,19.6258,12.618
0.0384591,0.961932,0.0508676,0.845905,19.7879,12.6182
0.0383347,0.982061,0.0525154,0.931563,19.1798,12.6184
0.0386767,0.9557,0.0540514,0.35207,19.4803,12.6188
0.038808,0.933741,0.0522187,0.881364,19.3738,12.6189
0.03856,0.977587,0.0559513,0.22475,19.7336,12.6191
0.0385298,0.989974,0.0568641,0.343159,19.6738,12.6192
0.0386926,0.948271,0.0534718,0.743991,19.032,12.6192
0.0388231,0.935201,0.0523262,0.867204,19.0028,12.6198
0.0385257,0.978333,0.0560707,0.982679,19.238,12.6199
0.0385022,0.991493,0.0571498,0.537384,19.9615,12.62
0.0380948,0.98421,0.0516501,1.46861,19.3082,12.6204
