beta,permeability,xi,init_days,delay,value
0.0980812,0.216649,0.144132,14.5164,16.6362,127.467
0.102173,0.201966,0.151743,12.7356,16.1721,129.448
0.0987488,0.164429,0.109191,14.8562,15.4896,129.539
0.098022,0.216411,0.14005,14.105,16.7265,129.615
0.112582,0.143615,0.131992,8.55242,15.9982,129.656
0.113033,0.141611,0.124589,8.71858,14.7891,129.777
0.0950948,0.164368,0.102119,16.4722,15.3003,130.088
0.0950625,0.165614,0.102202,16.8642,15.0869,130.117
0.10445,0.0770286,0.087714,12.6054,14.2254,130.151
0.102889,0.154398,0.109457,12.5425,15.6462,130.16
0.104801,0.191207,0.140557,11.2201,15.6064,130.334
0.087738,0.256973,0.134615,20.3534,16.2253,130.388
0.116631,0.0842125,0.105947,7.45884,14.2594,130.55
0.094448,0.222515,0.142826,16.9974,16.1755,130.597
0.109348,0.165037,0.143,9.79579,16.167,130.639
0.091569,0.183564,0.101801,18.3678,15.8078,130.679
0.117979,0.142516,0.140441,6.39728,15.8998,130.713
0.10745,0.151129,0.118544,10.0031,15.4045,130.714
0.115688,0.135267,0.12428,7.48665,14.1699,130.733
0.116632,0.0771448,0.0987822,7.5735,14.2068,130.744
0.0969556,0.15404,0.101544,15.564,15.1272,130.841
0.100769,0.171676,0.116735,13.7007,15.0149,130.978
0.094252,0.224152,0.132128,16.1568,16.501,131.038
0.113022,0.129872,0.112736,8.16762,14.717,131.05
0.105351,0.132195,0.108137,11.5303,15.4661,131.148
0.0967644,0.031045,0.075009,16.583,14.0905,131.16
0.134161,0.0379721,0.0992893,2.71141,13.2538,131.165
0.105429,0.162811,0.115116,11.0613,14.0051,131.229
0.126114,0.0573243,0.103331,4.43223,14.4133,131.266
0.110251,0.152984,0.120139,9.75741,14.4623,131.289
0.137367,0.0380229,0.107739,1.82958,14.3035,131.33
0.106523,0.0626007,0.0821391,11.599,14.6887,131.332
0.125503,0.0838243,0.116505,4.57085,14.3041,131.378
0.106776,0.0529153,0.0804446,11.4447,14.7768,131.519
0.109296,0.0565141,0.087241,10.0005,14.3038,131.565
0.104881,0.190463,0.145045,11.6744,15.6519,131.607
0.104816,0.193852,0.140733,11.2054,15.7768,131.612
0.0899404,0.190229,0.100957,19.6667,15.7683,131.644
0.109385,0.165114,0.144989,9.26676,16.8893,131.651
0.104007,0.0890648,0.0860883,12.6735,14.4002,131.706
0.0958428,0.115636,0.0850176,16.8169,14.689,131.735
0.102331,0.0518144,0.0791488,13.2881,14.1208,131.789
0.105187,0.142647,0.11385,11.1468,15.5783,131.814
0.140883,0.0565467,0.119402,0.171576,14.512,131.846
0.102682,0.0372744,0.0791236,13.9191,14.6956,131.91
0.114569,0.0473298,0.0888693,8.55894,14.0512,131.951
0.104099,0.18545,0.158146,11.1896,17.0358,131.963
0.0879376,0.233813,0.125059,20.096,16.1449,131.973
0.0959539,0.244193,0.148821,15.5527,16.4652,131.989
0.0975657,0.227151,0.154256,14.6299,17.2848,132.021
0.0982233,0.0869498,0.0835654,15.5602,14.3088,132.084
0.0864063,0.251956,0.125396,21.3062,16.444,132.1
0.109385,0.156572,0.13239,9.6352,16.3864,132.105
0.09797,0.0754349,0.0860798,15.2796,15.9165,132.153
0.112473,0.142399,0.123698,8.70612,15.4576,132.155
0.0909023,0.238321,0.126471,18.9741,16.5414,132.181
0.105553,0.149495,0.108035,11.0821,14.1458,132.184
0.0998876,0.0888634,0.082782,14.0972,14.8562,132.252
0.109575,0.143289,0.129814,9.27725,16.2521,132.3
0.123447,0.0613044,0.0960846,5.46859,13.493,132.314
0.0999697,0.078872,0.0824963,14.0417,14.0199,132.334
0.11752,0.0334334,0.0810963,7.57472,13.6212,132.341
0.0960828,0.224147,0.146647,15.8122,16.9586,132.406
0.093555,0.163584,0.0996858,17.3235,15.43,132.491
0.0909797,0.220721,0.120631,18.7283,16.4186,132.494
0.115645,0.105919,0.110028,7.39007,15.6669,132.504
0.121193,0.0173303,0.0813449,6.16065,13.5006,132.541
0.122047,0.0738077,0.114157,5.66163,15.844,132.554
0.138319,0.0242411,0.100791,1.71238,13.5815,132.605
0.0872254,0.276322,0.148061,20.4421,17.2211,132.607
0.118971,0.0845329,0.1021,6.87424,14.8416,132.616
0.0869551,0.18754,0.094438,21.2333,15.3565,132.617
0.102476,0.181104,0.137084,12.3646,16.2068,132.628
0.121496,0.13574,0.133498,5.90613,14.402,132.636
0.104073,0.0965482,0.0891203,12.1012,14.5878,132.638
0.127239,0.0146344,0.0833806,4.55475,13.6848,132.674
0.107147,0.168973,0.127278,10.0128,15.9836,132.74
0.109843,0.139123,0.119659,9.79325,15.7379,132.746
0.126233,0.0554994,0.099069,4.70265,14.9196,132.759
0.111456,0.103518,0.0996508,9.97782,13.2241,132.77
0.100582,0.0358417,0.0784769,14.2047,14.966,132.833
0.0878721,0.248284,0.134466,20.6868,16.8797,132.833
0.0965884,0.0377685,0.0777446,16.8718,15.0441,132.836
0.0886722,0.157811,0.0931261,20.8366,15.115,132.844
0.0898264,0.207711,0.107919,19.0937,15.0483,132.868
0.0959146,0.118466,0.0892005,16.3609,14.7181,132.87
0.142323,0.0202221,0.0964929,0.0957504,13.4376,132.876
0.10364,0.112075,0.0935284,12.4095,14.067,132.905
0.125249,0.104611,0.128641,4.33112,14.2453,132.95
0.0805087,0.00799748,0.0685115,27.2981,15.2275,132.992
0.102549,0.208043,0.142852,12.8487,15.0859,133
0.129434,0.0539315,0.101709,3.8392,14.3748,133.015
0.113063,0.117094,0.101619,8.34433,14.144,133.031
0.114361,0.0853784,0.094043,8.80416,13.2732,133.065
0.0821948,0.283894,0.121773,24.8075,16.1715,133.075
0.0971976,0.0138509,0.0738785,16.9548,14.3411,133.089
0.103441,0.125044,0.100146,12.5907,15.5503,133.095
0.116613,0.106676,0.108046,7.11474,13.8943,133.103
0.0774156,0.301754,0.113569,28.4353,16.8158,133.116
0.122922,0.0508421,0.0968235,5.5477,14.8886,133.118
0.0831009,0.156866,0.0849546,24.27,15.2032,133.151
0.103396,0.119532,0.104504,12.0248,15.1619,133.172
0.0946379,0.215521,0.121696,16.2323,15.3597,133.178
0.0898588,0.0206717,0.0733162,20.7722,15.3786,133.193
0.0858883,0.281265,0.141183,21.776,17.7537,133.214
0.104098,0.0828712,0.0836323,12.7397,14.7372,133.223
0.104685,0.191895,0.138604,11.315,15.304,133.23
0.138422,0.0205948,0.0931069,1.37518,13.796,133.234
0.125747,0.0730752,0.103547,4.32499,14.3083,133.236
0.0837245,0.0816759,0.075929,24.2254,15.9696,133.269
0.108023,0.115791,0.103088,10.6365,15.629,133.285
0.104793,0.189342,0.131083,11.7012,15.1107,133.291
0.0784276,0.303262,0.11865,27.8301,16.6133,133.314
0.134792,0.0109875,0.0870606,2.65659,13.181,133.339
0.0928307,0.222748,0.115693,17.3281,15.0873,133.353
0.094576,0.204051,0.111867,16.6894,15.5731,133.38
0.100688,0.00492394,0.0766678,14.703,15.7343,133.399
0.114897,0.0257201,0.0834666,8.62693,14.6475,133.408
0.0821754,0.27054,0.116864,24.272,16.961,133.409
0.103803,0.128531,0.106789,12.7437,14.5707,133.411
0.104986,0.024388,0.08176,12.8793,14.962,133.416
0.0941465,0.234781,0.133669,16.4784,16.3632,133.42
0.123302,0.0648032,0.103031,5.7479,13.3936,133.446
0.105623,0.113846,0.102425,11.8973,15.1213,133.447
0.095886,0.244768,0.151805,15.768,16.2154,133.45
0.103428,0.115673,0.103353,12.3695,15.0279,133.458
0.107951,0.134195,0.100259,10.5841,14.2836,133.471
0.0977696,0.205461,0.144348,14.8237,17.6525,133.496
0.0923231,0.237978,0.152222,17.0362,17.1827,133.522
0.107935,0.133033,0.0994962,10.349,14.3419,133.552
0.102259,0.206543,0.128005,12.7015,15.5409,133.559
0.0922443,0.277452,0.156664,17.7406,16.5153,133.564
0.103204,0.135268,0.101746,12.0726,15.6146,133.568
0.100145,0.0930403,0.0859874,14.0491,14.1188,133.57
0.0999348,0.0936413,0.089406,14.9913,14.7081,133.581
0.126934,0.0270332,0.0862403,4.19702,13.0112,133.581
0.117502,0.0428945,0.0801412,7.1057,13.2536,133.594
0.105046,0.0282629,0.0843538,12.6135,14.094,133.62
0.107237,0.16672,0.134286,10.7946,15.9301,133.634
0.0889238,0.302489,0.15935,19.738,16.9387,133.635
0.128833,0.0741213,0.108531,3.6293,14.3962,133.671
0.0861965,0.265705,0.125928,21.9986,16.8791,133.68
0.0877396,0.273111,0.14733,20.5989,16.0482,133.704
0.0857574,0.164001,0.0899911,22.7148,15.7794,133.724
0.105565,0.11972,0.100203,11.9379,15.4171,133.747
0.125134,0.0717801,0.111219,4.48774,15.1449,133.766
0.111497,0.102433,0.0970784,9.57996,13.3832,133.771
0.112099,0.0332863,0.0870797,9.50332,14.1784,133.775
0.102389,0.0583149,0.0763398,13.4367,14.417,133.787
0.127091,0.0121348,0.0848087,4.77762,14.4265,133.804
0.0982608,0.230374,0.136823,14.0376,15.3489,133.822
0.115531,0.143769,0.121543,7.55773,14.5243,133.829
0.0826457,0.234743,0.103419,24.375,15.8391,133.849
0.130512,0.0174602,0.0846056,3.018,13.3774,133.856
0.0852624,0.244192,0.110064,22.186,15.6711,133.877
0.11264,0.144793,0.137,8.12706,15.8125,133.877
0.117041,0.068978,0.0853024,7.59618,13.5443,133.878
0.0945293,0.24754,0.138675,16.426,15.3995,133.883
0.107129,0.163866,0.121608,10.2588,15.4003,133.884
0.115857,0.112127,0.10118,7.30775,14.8619,133.893
0.111939,0.0445603,0.0929702,9.9133,14.1931,133.929
0.119279,0.0725439,0.0940958,6.54159,14.0162,133.943
0.0965004,0.0674656,0.0778432,16.4543,14.5073,133.943
0.120797,0.0121223,0.0851287,6.52707,14.667,133.944
0.0954766,0.144173,0.0899613,16.9628,14.8083,133.945
0.0775421,0.293799,0.113533,28.1811,16.1368,133.979
0.0974652,0.243351,0.16487,14.615,17.5245,133.989
0.0828214,0.0231125,0.0700907,25.578,15.5961,134.004
0.120492,0.133427,0.147699,5.88413,16.9312,134.014
0.104346,0.073855,0.0904478,12.0838,14.4039,134.026
0.137469,0.0595351,0.114819,1.26534,13.6954,134.035
0.133547,0.0328969,0.0972392,2.24611,14.1905,134.051
0.0880924,0.211648,0.112783,20.5754,16.3824,134.092
0.0943886,0.221531,0.12757,16.977,16.3929,134.104
0.093502,0.153875,0.100852,17.1418,15.6747,134.121
0.121709,0.126868,0.136665,5.3033,14.2653,134.158
0.103446,0.131032,0.104356,12.2948,15.9959,134.181
0.109556,0.0384141,0.0787745,10.4712,14.5248,134.222
0.110002,0.0253086,0.0781886,10.6424,13.373,134.229
0.0906467,0.274331,0.157292,18.5644,16.5319,134.238
0.105365,0.152014,0.1236,11.4269,15.874,134.247
0.108979,0.102988,0.0959391,10.0736,13.0863,134.254
0.0966869,0.190377,0.109535,15.6158,15.8648,134.259
0.0846973,0.293471,0.144294,22.2368,16.7341,134.262
0.106164,0.197392,0.164192,10.1975,17.1705,134.273
0.112801,0.0229925,0.0821314,9.38005,13.3775,134.289
0.109941,0.0435903,0.0834317,10.3131,13.2783,134.29
0.105813,0.118618,0.0917726,11.8888,14.7632,134.293
0.0990711,0.173047,0.105066,14.9849,14.7973,134.312
0.0772729,0.344721,0.135572,28.6839,16.06,134.32
0.126057,0.0866269,0.115627,4.74889,13.0719,134.323
0.0850152,0.256306,0.12816,22.1485,16.5095,134.334
0.116856,0.0755727,0.0861201,7.72416,13.4885,134.36
0.0958266,0.232357,0.163089,15.5108,17.5022,134.362
0.108344,0.0929738,0.103577,10.3245,15.165,134.373
0.0925065,0.219904,0.125234,17.0463,16.1594,134.38
0.0807348,0.327505,0.146138,25.709,16.4302,134.384
0.125362,0.08155,0.10375,4.75693,14.117,134.389
0.107357,0.0236564,0.0855969,11.3372,14.8969,134.395
0.116178,0.0963687,0.0964307,7.03266,14.5251,134.399
0.112466,0.0088825,0.0848305,9.08464,14.8873,134.399
0.0862971,0.272182,0.144635,21.9569,16.1401,134.431
0.112352,0.00338723,0.080491,9.94491,14.3408,134.432
0.114125,0.0660845,0.0877007,8.03703,14.1991,134.439
0.100873,0.0242624,0.0724805,14.7611,14.8722,134.44
0.101822,0.0821425,0.0989679,13.7187,15.0824,134.447
0.128954,0.0687486,0.103131,3.36178,14.5448,134.452
0.095883,0.253093,0.148693,15.6169,16.5566,134.465
0.086604,0.0750238,0.0784088,22.5919,15.402,134.511
0.0959116,0.235721,0.147514,15.9264,16.8889,134.52
0.102957,0.172121,0.132734,12.7214,15.4346,134.522
0.11175,0.159756,0.146238,8.83454,16.659,134.538
0.118031,0.142837,0.145334,6.1409,15.9759,134.549
0.123418,0.0453357,0.0864212,5.59909,13.7772,134.568
0.10736,0.130933,0.128161,10.6125,16.7526,134.568
0.0764839,0.283657,0.108494,29.7902,16.9771,134.569
0.109589,0.0400378,0.087843,10.1676,14.2252,134.576
0.104597,0.1754,0.130283,11.6476,16.6785,134.578
0.10566,0.108023,0.0983797,11.6112,15.747,134.582
0.105193,0.0155394,0.0847656,12.9116,14.0868,134.592
0.12912,0.0780391,0.122659,3.7,14.8527,134.593
0.0936074,0.169167,0.0944622,17.9297,14.7217,134.603
0.0928512,0.0440591,0.0816109,18.7008,15.56,134.62
0.104803,0.167983,0.125402,11.6826,15.7057,134.622
0.0774207,0.302924,0.119996,28.7957,16.6336,134.623
0.109998,0.0324139,0.0787941,10.7801,13.6645,134.626
0.141858,0.0384551,0.102851,0.360675,13.237,134.628
0.0946629,0.180533,0.116778,16.8058,16.8791,134.647
0.091626,0.0103463,0.075591,19.3542,15.7846,134.667
0.102701,0.180793,0.133703,12.0187,15.8851,134.673
0.108935,0.105683,0.0957785,10.4923,13.1035,134.707
0.107649,0.148924,0.102697,10.354,14.6214,134.735
0.103348,0.121214,0.107986,12.9053,15.4528,134.736
0.11524,0.0149795,0.0727628,8.24826,13.017,134.754
0.114279,0.0624203,0.0895426,8.36292,14.5387,134.758
0.117038,0.0726638,0.0935212,7.73567,13.7898,134.763
0.100235,0.0627512,0.0771979,14.9115,14.2504,134.768
0.0905577,0.249165,0.140175,18.9642,17.5459,134.771
0.104238,0.059715,0.0945485,12.4685,15.4507,134.783
0.0872093,0.177892,0.0935061,21.0368,15.6333,134.784
0.0922823,0.276815,0.153428,17.1991,16.6545,134.789
0.133611,0.0380402,0.104454,2.97805,14.1424,134.799
0.0984162,0.216337,0.126802,14.7661,15.8172,134.801
0.109984,0.0234516,0.0721814,10.0566,13.8041,134.809
0.0820599,0.326913,0.155749,24.8969,16.2573,134.818
0.0906709,0.280371,0.163551,18.2142,16.8298,134.818
0.104428,0.0629881,0.0780527,12.5023,14.6248,134.821
0.132553,0.0705222,0.115868,2.87913,14.6496,134.833
0.112532,0.0236261,0.0757342,9.92048,13.6959,134.848
0.121838,0.0978915,0.103688,5.60314,14.2562,134.862
0.111126,0.0780604,0.0865929,9.77737,14.4312,134.873
0.0981004,0.0600024,0.0848664,15.904,15.8248,134.878
0.0997924,0.197432,0.153682,13.5688,17.6636,134.884
0.105973,0.0885641,0.101649,11.341,15.5372,134.889
0.0868785,0.211513,0.107112,21.2363,15.6136,134.892
0.107761,0.0233531,0.0769067,11.8102,13.5215,134.897
0.118422,0.145248,0.136679,6.41557,14.3127,134.897
0.0851389,0.226769,0.112848,22.5717,16.3129,134.898
0.0797885,0.301475,0.13683,26.975,16.08,134.905
0.106227,0.0663836,0.0955937,11.8264,15.7598,134.914
0.142002,0.0423984,0.112137,0.968518,13.4507,134.925
0.124247,0.130729,0.149912,4.3963,15.0852,134.927
0.0865916,0.226483,0.113547,21.8322,16.7211,134.928
0.109714,0.0329069,0.0758098,10.336,14.0967,134.935
0.111943,0.152351,0.132596,8.01003,16.9744,134.963
0.0789089,0.0659329,0.0714807,28.1185,15.1475,134.968
0.0908384,0.142592,0.0889009,19.3909,14.0083,134.971
0.0738584,0.388087,0.153277,31.5701,17.286,134.996
0.11471,0.149801,0.144334,7.62441,16.971,134.996
0.0984716,0.027111,0.0847531,15.3307,15.9239,135.006
0.0947021,0.188596,0.105157,16.0368,15.4816,135.008
0.0968946,0.187364,0.0994202,15.8296,14.7624,135.012
0.106959,0.201715,0.155865,10.2369,15.9088,135.013
0.0799078,0.100728,0.0784375,27.5479,15.5352,135.044
0.0979327,0.103566,0.0833387,15.4497,14.1346,135.044
0.104119,0.218364,0.153965,11.4035,16.3317,135.048
0.13541,0.0922784,0.141712,1.54078,15.2755,135.055
0.0862376,0.138328,0.0821541,22.2903,14.2652,135.069
0.13362,0.0335773,0.094962,2.15074,14.9339,135.075
0.079507,0.350883,0.150679,26.2614,16.6624,135.084
0.128768,0.0803291,0.114691,3.06266,14.6276,135.087
0.109907,0.159045,0.127325,9.42872,15.8234,135.09
0.102007,0.107744,0.0907741,13.6772,14.2192,135.099
0.110211,0.166252,0.127651,9.98062,14.0837,135.111
0.122705,0.0676608,0.0840602,5.22286,13.9362,135.116
0.0868661,0.200588,0.101853,21.2347,15.2477,135.144
0.109435,0.0472069,0.0938734,10.7507,14.3617,135.148
0.118404,0.119589,0.123093,6.25541,15.4989,135.177
0.111919,0.0585892,0.0811692,9.6763,13.2697,135.177
0.118845,0.104894,0.104749,6.27093,14.7847,135.178
0.118955,0.00472286,0.077978,7.31633,12.6163,135.184
0.0816651,0.33975,0.162767,24.845,17.6105,135.216
0.123267,0.0717667,0.0987549,5.58795,13.6007,135.219
0.0935093,0.0167099,0.0688257,18.936,14.7016,135.222
0.142672,0.00884279,0.0918114,0.221888,13.7967,135.225
0.124675,0.108318,0.141069,4.14325,15.3303,135.229
0.094604,0.209255,0.12964,16.0712,16.6983,135.234
0.130541,0.0393589,0.100566,3.24349,13.6142,135.238
0.120889,0.0339843,0.0918636,6.97147,13.1614,135.246
0.141542,0.0265715,0.108026,0.0752549,14.6941,135.261
0.128464,0.08138,0.119631,3.54506,15.4271,135.263
0.0937998,0.140603,0.0967664,17.2044,15.5074,135.268
0.108623,0.0566771,0.0932993,10.8197,15.4754,135.294
0.0956781,0.257652,0.148691,15.0184,16.0772,135.297
0.115778,0.129768,0.0981196,7.38974,13.7187,135.31
0.0974611,0.241596,0.159367,14.0566,17.5491,135.323
0.127031,0.0162598,0.0823936,4.12228,13.3134,135.374
0.101064,0.155997,0.120916,13.6908,15.4089,135.388
0.0802927,0.0328297,0.0717592,27.8707,15.1778,135.391
0.111186,0.0923213,0.0899808,9.14068,14.9921,135.393
0.102108,0.0599305,0.0805599,13.0654,14.0306,135.393
0.140053,0.0674789,0.134423,0.256715,15.6083,135.407
0.0956298,0.128447,0.102998,16.7393,15.8638,135.409
0.102788,0.133671,0.116421,12.8503,16.5581,135.418
0.107727,0.157175,0.109622,10.8402,14.0844,135.424
0.133321,0.0623725,0.102118,2.33041,13.9497,135.426
0.105231,0.0447798,0.0793309,12.5357,13.7427,135.449
0.100723,0.0421311,0.0831113,14.7369,14.8668,135.458
0.107125,0.0532107,0.0750832,11.9529,13.9429,135.464
0.0982305,0.227676,0.144481,14.1356,15.7526,135.467
0.101514,0.143325,0.0954008,13.9016,14.7365,135.473
0.120934,0.129284,0.139759,5.7321,15.4298,135.492
0.135747,0.0767384,0.127514,1.09529,15.4499,135.492
0.109626,0.17665,0.151672,9.54507,15.2582,135.518
0.0795356,0.336347,0.136634,26.9404,16.3297,135.531
0.0899823,0.0353664,0.0680559,20.5725,14.8243,135.538
0.10197,0.137179,0.0967119,13.4422,13.4272,135.543
0.109896,0.0340786,0.0742502,10.8925,13.4227,135.569
0.100131,0.0506194,0.0862684,14.0655,15.7244,135.575
0.112111,0.168341,0.111375,8.1909,14.3622,135.576
0.101882,0.0972057,0.0924733,13.3017,14.4842,135.577
0.103231,0.143044,0.0966497,12.2496,14.6771,135.579
0.099301,0.0320565,0.075606,15.7928,13.076,135.588
0.11324,0.129127,0.0942147,8.76584,13.3904,135.603
0.0891922,0.239309,0.126513,19.1407,16.5159,135.609
0.104211,0.183265,0.153981,11.2531,17.2307,135.629
0.0889102,0.172167,0.0908537,20.741,14.942,135.63
0.0783881,0.338942,0.134364,27.1569,16.2499,135.631
0.0956686,0.125315,0.0961925,16.432,15.0367,135.632
0.117961,0.135612,0.128144,6.28043,15.4145,135.642
0.107959,0.117119,0.0978963,10.0218,14.3046,135.666
0.109742,0.188814,0.126092,9.22011,14.4446,135.676
0.142028,0.0346995,0.100315,0.0732432,13.9658,135.686
0.0893168,0.243786,0.120186,19.8874,16.2897,135.688
0.0988831,0.0717519,0.080585,15.7326,13.0344,135.693
0.0925346,0.202346,0.13758,17.3461,17.3785,135.702
0.086719,0.0762474,0.0753643,22.013,14.9027,135.705
0.121411,0.120209,0.110703,5.29531,14.8519,135.71
0.122244,0.0625398,0.109501,5.9622,15.6602,135.711
0.0729621,0.389191,0.150665,32.5583,17.6482,135.713
0.104764,0.184202,0.120812,11.0126,15.1664,135.72
0.1093,0.200672,0.147563,9.36996,15.5502,135.721
0.0886039,0.027529,0.0716386,21.2086,14.1533,135.723
0.0919359,0.262448,0.152114,17.5424,17.0332,135.725
0.124082,0.138404,0.153317,4.79214,15.8747,135.732
0.106731,0.215512,0.147188,10.3047,15.9951,135.733
0.0834778,0.267314,0.125599,23.6935,16.1999,135.735
0.112552,0.151305,0.106117,8.73684,14.0275,135.752
0.111154,0.080307,0.0872358,9.59863,14.3127,135.753
0.119255,0.102378,0.118968,6.14838,14.65,135.769
0.0879177,0.232348,0.129863,20.3895,16.8247,135.772
0.105367,0.0101552,0.071532,12.0286,14.8881,135.779
0.112302,0.186572,0.132494,8.86155,14.1251,135.781
0.130117,0.0364162,0.0884253,3.38827,13.1554,135.782
0.11323,0.110578,0.110956,8.5501,14.352,135.783
0.108573,0.137783,0.112646,10.8903,13.3267,135.788
0.118162,0.134245,0.110333,6.74294,14.8856,135.792
0.106148,0.071079,0.0954481,11.686,15.6373,135.801
0.116067,0.107764,0.102579,7.65598,14.1247,135.808
0.102536,0.198026,0.119694,12.6193,15.1676,135.809
0.108743,0.063804,0.0952734,10.1863,15.6269,135.821
0.0865482,0.106543,0.0784536,22.9648,14.6889,135.823
0.086438,0.238808,0.127994,21.132,16.2996,135.835
0.123765,0.00764915,0.0886768,5.06574,14.6915,135.841
0.113056,0.101689,0.100431,8.10583,14.4672,135.86
0.0832925,0.272606,0.143664,23.436,17.1187,135.877
0.0975527,0.273196,0.164147,14.5352,16.7393,135.891
0.1187,0.124013,0.112148,6.4398,14.5478,135.901
0.116948,0.0660688,0.0828596,7.1364,13.9615,135.915
0.119805,0.0785593,0.0913501,6.22845,13.6726,135.919
0.102649,0.165013,0.131435,12.1249,16.433,135.923
0.0910081,0.242944,0.138515,18.7253,16.4577,135.926
0.102112,0.182746,0.134017,12.421,16.9922,135.927
0.078511,0.13562,0.0790725,28.3483,15.6682,135.928
0.0938728,0.133,0.0953993,17.0974,15.5609,135.931
0.0911691,0.0638864,0.0898266,19.1204,15.8825,135.934
0.114378,0.200329,0.162743,7.87716,15.494,135.936
0.0753574,0.32905,0.121097,30.7382,16.5853,135.94
0.118449,0.0962067,0.114739,6.90687,15.1872,135.941
0.102386,0.192939,0.144869,12.993,16.5314,135.951
0.100758,0.186786,0.110141,13.3603,14.8497,135.952
0.123764,0.0227764,0.0883515,5.77102,14.3699,135.955
0.0924432,0.212469,0.143015,17.5056,17.3519,135.956
0.0928097,0.0726652,0.074159,18.8143,14.2971,135.956
0.0894823,0.257073,0.132756,19.5972,15.7727,135.969
0.102378,0.0432555,0.0827104,13.9565,15.8795,135.977
0.0962258,0.110821,0.0894059,16.7071,14.1298,135.982
0.099995,0.128744,0.094544,14.7148,13.3743,135.988
0.132434,0.0883376,0.123372,2.76475,14.4272,135.996
0.111089,0.0697309,0.10638,9.79283,15.5792,136.011
0.0796581,0.285738,0.113175,26.6885,16.3249,136.023
0.0927045,0.251429,0.139267,17.451,15.2586,136.034
0.0881721,0.0739125,0.0743176,21.0566,14.3302,136.039
0.105595,0.143963,0.0987045,11.885,14.1868,136.04
0.0899632,0.0211642,0.0828408,20.8864,15.9148,136.064
0.092796,0.213879,0.119027,17.7916,16.5017,136.068
0.124841,0.118642,0.124194,4.17749,14.8711,136.073
0.134652,0.0156622,0.0971509,2.35561,13.2073,136.077
0.086696,0.210642,0.121732,21.8317,16.0462,136.081
0.114087,0.0403798,0.0994611,8.646,15.8068,136.109
0.10081,0.161757,0.120141,13.8756,15.63,136.116
0.113618,0.0784569,0.0968236,8.33105,14.7331,136.118
0.0930519,0.224313,0.119269,17.2844,15.2423,136.12
0.0941412,0.137447,0.0944556,17.9498,14.1819,136.122
0.0997147,0.161962,0.105977,14.7157,13.1278,136.123
0.114049,0.0404779,0.100168,8.32694,15.9923,136.124
0.136242,0.00397069,0.0842094,2.43119,11.5948,136.127
0.121862,0.104777,0.110737,5.36046,14.0495,136.131
0.105233,0.184764,0.114476,11.4982,14.249,136.133
0.116679,0.0850092,0.0854886,7.6738,13.6166,136.137
0.0837313,0.264138,0.108304,23.3241,15.8297,136.139
0.11512,0.175243,0.141902,7.5579,14.3093,136.145
0.0930002,0.205854,0.117426,17.7237,15.5721,136.146
0.111851,0.0314537,0.0848016,9.67964,14.8902,136.154
0.101073,0.144823,0.0936434,13.7035,14.4495,136.174
0.104731,0.167006,0.126688,11.8707,16.189,136.18
0.106907,0.173902,0.127809,10.344,15.3625,136.181
0.0864089,0.260168,0.110939,21.3981,15.7167,136.182
0.116267,0.105997,0.119858,7.21154,14.4972,136.2
0.11769,0.181056,0.144964,6.07472,14.5464,136.202
0.0985078,0.176061,0.117663,14.4144,16.963,136.202
0.111507,0.199595,0.141733,8.06912,15.7346,136.207
0.125407,0.10332,0.133231,4.38971,14.1013,136.224
0.114603,0.0575186,0.0779509,8.16615,13.0662,136.224
0.0874122,0.284989,0.143324,20.8641,16.5439,136.254
0.124652,0.132757,0.133331,4.60686,14.9727,136.259
0.098061,0.131398,0.0929709,15.2621,13.8452,136.262
0.124477,0.0102947,0.0781276,5.0923,13.8021,136.266
0.121955,0.089917,0.110455,5.93568,14.4134,136.272
0.0944465,0.0684974,0.0915817,17.1073,15.7374,136.289
0.0990771,0.0122733,0.0782606,15.2785,14.347,136.293
0.112362,0.149783,0.119212,8.09716,15.8633,136.301
0.107121,0.0556458,0.0750179,11.173,13.3169,136.307
0.125457,0.0966472,0.128757,4.99861,14.9266,136.312
0.0966112,0.166999,0.112159,15.2627,16.3204,136.313
0.123028,0.0512748,0.0905672,5.79355,13.2707,136.315
0.106236,0.0964128,0.0991939,11.7222,14.5611,136.324
0.0988723,0.0696841,0.0794438,15.8598,13.903,136.326
0.107205,0.174506,0.120689,10.3747,15.5132,136.33
0.0910541,0.0840326,0.0736754,19.7099,14.1603,136.333
0.122092,0.0989097,0.104932,5.78666,14.9518,136.336
0.0793671,0.336459,0.164805,26.4864,17.8254,136.343
0.107597,0.12281,0.106899,10.9806,15.3842,136.347
0.0926089,0.219166,0.131978,17.7126,16.8224,136.349
0.0786532,0.149773,0.0815316,28.3409,15.1655,136.357
0.0946643,0.0668843,0.0742671,17.4256,14.2359,136.361
0.0917971,0.0174773,0.0673885,19.7921,14.4496,136.375
0.0856542,0.191769,0.10257,22.1593,15.8417,136.382
0.117905,0.148984,0.135107,6.6638,15.54,136.383
0.115432,0.00507289,0.0699566,8.28332,13.7391,136.395
0.125267,0.0680092,0.117689,4.55257,15.276,136.399
0.100515,0.212823,0.151794,13.0626,15.5679,136.4
0.0913466,0.220003,0.104073,18.0702,15.6151,136.416
0.0838478,0.218635,0.106755,23.3183,16.8171,136.417
0.0958205,0.24377,0.153852,15.7976,16.7047,136.423
0.102406,0.0446381,0.0746047,13.1814,14.8666,136.432
0.137742,0.0463602,0.099369,1.21495,13.6275,136.436
0.100357,0.201063,0.115474,13.3436,15.0277,136.438
0.103036,0.169198,0.132346,12.5486,15.3273,136.443
0.112205,0.160628,0.123692,8.6142,15.7695,136.451
0.115175,0.13587,0.119313,7.77942,15.4547,136.461
0.115547,0.13077,0.121793,7.97259,14.8537,136.474
0.0974035,0.123652,0.0862357,15.2102,14.583,136.477
0.100817,0.163525,0.104387,13.9834,14.8339,136.494
0.0894005,0.261077,0.130988,19.1046,15.4417,136.496
0.100978,0.178445,0.108604,13.9944,14.6064,136.497
0.0950042,0.19744,0.127999,16.4091,15.9854,136.505
0.0798139,0.301035,0.126332,26.2706,16.7663,136.509
0.0934669,0.190964,0.105578,17.7511,14.648,136.514
0.131453,0.0783858,0.133279,2.7696,16.8091,136.514
0.120475,0.0284195,0.0735878,6.76237,13.487,136.516
0.0942737,0.267985,0.145683,16.42,15.864,136.522
0.0958363,0.135868,0.0973552,16.8258,14.6775,136.525
0.0720174,0.398148,0.155567,33.724,17.4923,136.527
0.116783,0.104813,0.1005,7.8939,13.535,136.53
0.100115,0.210805,0.160391,13.9473,16.7654,136.544
0.10598,0.127858,0.0851442,11.0738,13.7232,136.544
0.0965141,0.019542,0.0800471,16.6966,15.9066,136.549
0.102293,0.210271,0.10908,12.1947,14.656,136.555
0.0721116,0.0140664,0.0687709,35.9323,16.7936,136.556
0.121183,0.114804,0.120549,5.24148,15.5138,136.565
0.102944,0.0651385,0.0848898,13.4143,13.9182,136.573
0.0816764,0.195684,0.0953762,25.5391,15.3178,136.576
0.118873,0.0183486,0.0809193,7.77434,12.5534,136.577
0.102519,0.0670882,0.0888576,13.6308,14.6689,136.589
0.130385,0.0669181,0.100536,3.76459,12.6232,136.59
0.10285,0.0756606,0.0853808,13.2744,13.3942,136.591
0.109671,0.047587,0.0774798,10.5273,13.2173,136.594
0.104846,0.0454374,0.0688263,12.6948,13.5209,136.596
0.12723,0.0118294,0.0870332,4.87964,14.2904,136.597
0.123907,0.0108722,0.0908131,5.12801,14.8894,136.604
0.0894657,0.261841,0.124656,19.1468,15.8187,136.605
0.0913813,0.215624,0.105233,18.9718,15.1926,136.607
0.0886196,0.0124401,0.065485,21.5583,14.0637,136.61
0.0904957,0.282072,0.144509,18.692,16.3176,136.616
0.0922409,0.258791,0.14264,17.6646,16.5722,136.621
0.0821999,0.258525,0.113082,24.3074,16.5607,136.624
0.112163,0.0148103,0.0837458,9.43374,14.5169,136.633
0.130701,0.0312701,0.0996347,3.11054,13.3692,136.637
0.121724,0.098127,0.111394,5.27541,14.9113,136.645
0.0922234,0.267736,0.150796,17.7509,16.1065,136.648
0.0933293,0.0314931,0.0694915,18.905,14.7065,136.653
0.127694,0.0382662,0.0957352,4.9863,12.8015,136.653
0.118866,0.109774,0.107285,6.39095,14.3656,136.657
0.0820005,0.143672,0.0857844,25.227,15.4558,136.672
0.125446,0.0929434,0.109578,4.8702,14.8325,136.68
0.112743,0.134807,0.100882,8.35462,14.139,136.684
0.108318,0.120707,0.0872567,10.9275,13.001,136.685
0.0950113,0.233604,0.133752,16.8275,14.177,136.689
0.104305,0.226295,0.144785,11.5153,15.5305,136.692
0.0981512,0.0473193,0.0814685,15.6777,15.9779,136.697
0.104585,0.200424,0.13163,11.2922,15.6359,136.699
0.100342,0.212266,0.124718,13.5375,15.0273,136.722
0.082632,0.224051,0.118614,24.1775,16.4181,136.733
0.0936765,0.146649,0.0917815,17.1592,15.6897,136.734
0.0819613,0.270785,0.130293,24.435,17.9629,136.737
0.0758759,0.352847,0.136815,29.2228,17.2528,136.74
0.0917981,0.13078,0.10335,18.9623,16.678,136.757
0.0981393,0.211167,0.125231,14.2501,15.8287,136.759
0.0909655,0.238891,0.110568,18.0861,15.7707,136.772
0.123604,0.0539521,0.0904553,5.66748,13.4552,136.773
0.0811175,0.122502,0.0780643,26.3356,15.4878,136.777
0.086661,0.242648,0.119822,21.7396,15.5942,136.797
0.131731,0.00945813,0.0889288,3.91513,12.9381,136.8
0.0972268,0.157501,0.0863545,15.6336,14.2512,136.807
0.086312,0.272169,0.113784,21.4768,15.8926,136.808
0.117871,0.112151,0.134502,6.74193,16.1287,136.812
0.113515,0.139374,0.111136,8.74772,13.8979,136.818
0.0936696,0.00893708,0.0697944,18.6536,14.4772,136.823
0.0963197,0.220004,0.151007,15.9691,16.5806,136.832
0.112625,0.00730449,0.0730095,9.0473,14.0016,136.856
0.107681,0.155603,0.10609,10.8584,14.9155,136.859
0.100204,0.235015,0.122926,13.2623,14.8667,136.867
0.0782427,0.330476,0.127387,27.1699,16.1965,136.874
0.126527,0.0220495,0.0911104,4.72313,14.5352,136.889
0.109687,0.137637,0.12178,9.32139,16.8557,136.9
0.129908,0.0508648,0.0885431,3.30393,13.223,136.902
0.12626,0.0532732,0.0957703,4.12009,13.4594,136.908
0.0808828,0.319836,0.139506,25.531,16.6201,136.908
0.107686,0.00527244,0.0670916,11.1727,13.1113,136.911
0.102813,0.0116515,0.0774318,13.6891,15.7409,136.921
0.109712,0.193793,0.137344,9.11608,14.5245,136.922
0.0893928,0.276251,0.127174,19.2016,15.0088,136.923
0.0953421,0.00358558,0.064971,17.6257,14.0337,136.93
0.12789,0.136107,0.140335,3.4663,14.2817,136.943
0.0989933,0.155594,0.0953323,14.1295,14.8633,136.944
0.131936,0.107868,0.128433,2.42902,14.3339,136.949
0.0931486,0.206377,0.0958055,17.2049,14.7761,136.95
0.114902,0.0199176,0.0785524,8.76842,13.0995,136.951
0.088356,0.0200177,0.0761589,21.5169,15.4986,136.953
0.0964035,0.093865,0.0802339,16.624,14.013,136.953
0.102564,0.20241,0.108765,12.0619,14.1835,136.959
0.106823,0.16309,0.138939,10.1714,16.6687,136.961
0.0833131,0.256443,0.13195,23.9976,17.1464,136.967
0.118331,0.0195543,0.0805539,7.29084,13.6734,136.97
0.109525,0.204188,0.136185,9.84213,14.2918,136.97
0.0776026,0.0959171,0.0734697,29.2101,15.5371,136.983
0.0921951,0.263374,0.137046,17.3613,16.0729,136.996
0.0921512,0.117921,0.0856499,18.0419,15.7892,136.997
0.138483,0.00203684,0.0825042,1.18221,13.8511,136.997
0.111758,0.194833,0.139084,8.42975,15.9355,137
0.121398,0.120655,0.116929,5.0114,14.6979,137.007
0.0856051,0.191688,0.092428,22.8778,15.9623,137.019
0.104556,0.0820961,0.0815345,12.3308,13.6816,137.036
0.114077,0.0753743,0.106057,8.54509,14.9703,137.038
0.120873,0.167792,0.143153,5.19475,14.3822,137.039
0.124197,0.119843,0.1409,4.60338,15.4912,137.046
0.105282,0.157657,0.114442,11.7981,14.2071,137.048
0.141329,0.0669977,0.120357,0.615505,13.4926,137.052
0.121384,0.021858,0.0824759,6.79953,12.2303,137.055
0.111287,0.115583,0.108916,9.7787,13.2113,137.062
0.124308,0.0142879,0.0776318,5.86668,13.4027,137.063
0.0902341,0.181167,0.0875592,19.0377,14.2227,137.064
0.110615,0.123618,0.0981506,9.12125,14.91,137.067
0.130196,0.0790306,0.111425,3.89672,12.5469,137.07
0.0873704,0.198016,0.0966075,21.5407,14.8072,137.075
0.112824,0.139608,0.0945172,8.09975,13.5008,137.082
0.106402,0.202259,0.147206,10.3173,16.4717,137.088
0.0860876,0.139516,0.0962927,22.7739,15.9873,137.117
0.0767339,0.354073,0.163174,28.8074,18.7057,137.123
0.0907223,0.130494,0.0791018,19.5698,14.8482,137.146
0.109383,0.15754,0.149192,9.31374,16.0273,137.149
0.0964889,0.204993,0.127411,15.5972,15.952,137.159
0.0990785,0.018554,0.0786708,15.7214,14.8171,137.16
0.110127,0.128108,0.105283,9.84934,14.5434,137.164
0.107325,0.203143,0.129359,10.3396,14.7566,137.173
0.109724,0.179707,0.153501,9.58217,15.5254,137.189
0.118296,0.13899,0.12981,6.78049,14.4471,137.189
0.108245,0.16737,0.124701,10.7991,13.0313,137.201
0.136249,0.0537524,0.11248,1.81981,15.8411,137.214
0.075739,0.233979,0.0977736,30.7154,16.4696,137.215
0.0837709,0.100814,0.0800793,24.602,15.8247,137.224
0.0833342,0.154874,0.0750333,24.6667,14.8937,137.227
0.120005,0.0740407,0.0887199,6.0133,13.5815,137.232
0.0831355,0.184263,0.0889407,24.2754,15.9535,137.239
0.117646,0.0370457,0.0864542,7.75338,13.1423,137.255
0.0943962,0.227777,0.113626,16.2318,15.3197,137.268
0.0904292,0.176405,0.0974567,19.9499,14.3882,137.277
0.112148,0.195652,0.140807,8.00341,14.025,137.292
0.0849423,0.0988704,0.0849239,23.1414,15.837,137.293
0.120624,0.160205,0.146728,5.02572,15.7324,137.302
0.10911,0.203105,0.147831,9.27045,15.6407,137.302
0.126651,0.0338732,0.0831314,4.32509,13.7851,137.303
0.136274,0.071257,0.116644,1.87748,14.6877,137.303
0.100627,0.206763,0.149297,13.3576,15.4661,137.31
0.08994,0.0331433,0.0695605,20.2854,14.2464,137.311
0.0973349,0.15935,0.0912656,15.9832,14.1305,137.315
0.119193,0.113214,0.109196,6.52222,13.3933,137.322
0.0999227,0.247844,0.147035,13.4628,15.9221,137.328
0.100697,0.00668932,0.0861464,14.6507,15.2046,137.33
0.0975825,0.267509,0.154885,14.1932,16.5927,137.338
0.125368,0.122359,0.12376,4.93069,13.4745,137.341
0.118107,0.130674,0.11189,6.46851,14.4082,137.341
0.128453,0.0969994,0.0963263,3.78107,13.6964,137.342
0.0888809,0.302646,0.159675,19.5345,16.5173,137.343
0.111346,0.0586557,0.0902569,9.98733,14.8873,137.352
0.115073,0.157883,0.145356,7.36397,15.3572,137.353
0.0844617,0.293589,0.161502,22.5823,17.1169,137.37
0.10461,0.0715173,0.0759582,12.1068,13.3725,137.371
0.112552,0.144871,0.120419,8.18476,15.276,137.381
0.107761,0.128891,0.10485,10.9627,14.0871,137.381
0.124385,0.0436864,0.0869157,5.98853,12.0736,137.382
0.101126,0.188806,0.129046,13.7192,14.6179,137.384
0.114294,0.187065,0.144031,7.17559,15.2104,137.384
0.122374,0.0845697,0.0965734,5.6819,13.4255,137.398
0.103216,0.0206747,0.0728491,13.2699,13.2209,137.4
0.121839,0.123499,0.104313,5.13227,13.6027,137.405
0.0829093,0.32641,0.155447,23.7895,17.8601,137.407
0.0983119,0.0859568,0.0769518,15.9146,14.3176,137.411
0.0953937,0.109717,0.102526,16.4417,16.0818,137.413
0.0981725,0.113563,0.0850507,15.2328,13.9857,137.421
0.104651,0.0610268,0.0738972,12.6075,13.3398,137.424
0.0757852,0.236247,0.0889837,30.9971,15.8524,137.43
0.117622,0.0868,0.100243,7.4953,12.5358,137.433
0.116051,0.112032,0.0882178,7.02276,13.4372,137.438
0.108959,0.0730473,0.0770883,10.1975,13.0541,137.442
0.108851,0.0662763,0.091848,10.9004,14.3788,137.448
0.0881029,0.0759524,0.0791512,21.641,15.3493,137.453
0.0739827,0.33868,0.12942,31.0231,17.6157,137.454
0.107884,0.0903916,0.112805,10.981,16.0808,137.458
0.0845271,0.180509,0.0961043,23.8767,15.8171,137.46
0.105664,0.0164954,0.0801495,12.301,13.8229,137.461
0.0738729,0.366804,0.136121,31.1732,17.0336,137.464
0.10993,0.122334,0.120046,9.13665,16.9594,137.468
0.0968607,0.220583,0.12241,15.943,14.9938,137.471
0.0990816,0.0383531,0.0742813,15.1521,13.9657,137.474
0.09251,0.275468,0.145094,17.9248,15.7835,137.475
0.0891374,0.269029,0.114652,19.6417,15.5866,137.489
0.0875192,0.257461,0.122695,20.7906,16.6254,137.492
0.102098,0.223768,0.124987,12.6411,15.2025,137.501
0.102898,0.167687,0.111985,12.916,14.6388,137.502
0.0878463,0.285506,0.13581,20.3569,15.5754,137.508
0.0955143,0.0947288,0.100794,16.809,16.7673,137.512
0.0936798,0.182782,0.109271,17.2007,14.2308,137.514
0.101015,0.184953,0.107965,13.8725,14.6606,137.516
0.0950259,0.201409,0.126805,16.4549,15.2696,137.517
0.130675,0.116532,0.158955,2.3749,16.732,137.527
0.104592,0.187408,0.157462,11.3197,16.3918,137.537
0.101029,0.137669,0.0944832,13.6315,14.5906,137.54
0.0892794,0.266663,0.118689,19.885,15.9982,137.545
0.0949914,0.0484257,0.0841689,17.8332,14.4559,137.547
0.104767,0.0702092,0.0789361,12.7301,13.684,137.549
0.0933653,0.147918,0.103051,17.4731,16.4767,137.553
0.0965136,0.200451,0.108516,15.9646,15.5199,137.553
0.123905,0.113455,0.149001,4.88619,16.448,137.556
0.0813937,0.259163,0.101092,25.7326,15.5152,137.556
0.0885527,0.232545,0.110759,20.4082,14.37,137.559
0.0954204,0.14008,0.0921319,16.431,15.0452,137.562
0.088469,0.3199,0.160286,19.052,17.7159,137.564
0.0856555,0.0355425,0.0644685,23.7936,14.1916,137.57
0.111702,0.182057,0.131461,8.64969,15.8613,137.573
0.141147,0.0347064,0.107809,0.301311,14.7591,137.574
0.0865585,0.101796,0.0792912,22.9974,14.4232,137.576
0.134523,0.10841,0.159433,1.69877,16.0177,137.577
0.108685,0.0588097,0.0910963,10.1295,15.2072,137.578
0.0987623,0.174722,0.106755,14.0462,14.3231,137.58
0.0908735,0.142127,0.0925079,19.9886,14.818,137.582
0.117802,0.13931,0.123487,6.3178,15.0078,137.583
0.0952343,0.157766,0.110807,16.1726,15.1046,137.584
0.0921628,0.282849,0.128865,17.1293,15.7118,137.587
0.0937908,0.16314,0.0936801,17.6848,14.1093,137.589
0.136876,0.0587163,0.12398,1.42568,14.7065,137.595
0.11078,0.0960203,0.110436,9.2757,15.1157,137.598
0.0869575,0.168304,0.10006,21.0505,16.5435,137.601
0.079195,0.218039,0.0946346,27.1877,15.1151,137.608
0.123436,0.0888122,0.104351,5.05106,12.2442,137.619
0.102914,0.186777,0.124262,12.436,14.3808,137.629
0.137661,0.0298166,0.0988329,1.98948,14.4562,137.635
0.108132,0.171032,0.119704,10.6024,13.7284,137.645
0.134518,0.0495543,0.0955006,2.46014,12.9253,137.649
0.116021,0.117322,0.0972504,7.0848,13.1991,137.651
0.0995734,0.147657,0.0987956,14.6587,14.3205,137.661
0.0878395,0.117914,0.0777669,21.0294,14.9046,137.665
0.100552,0.209672,0.11759,13.6306,14.8035,137.665
0.0968812,0.170429,0.0999673,15.4678,14.4035,137.666
0.0832493,0.324711,0.121548,23.8693,15.242,137.667
0.112739,0.135826,0.136974,8.03864,15.8485,137.667
0.079342,0.0374714,0.0686144,28.0526,15.2122,137.668
0.0895434,0.116166,0.0863775,20.1135,14.3326,137.669
0.080581,0.181798,0.0918269,26.0738,15.1765,137.67
0.105127,0.168643,0.117734,11.7124,15.1798,137.674
0.0814037,0.260152,0.111978,25.5207,15.124,137.674
0.108701,0.0793117,0.0833474,10.0374,14.1236,137.683
0.111652,0.192717,0.144,8.30879,15.1163,137.683
0.128217,0.124034,0.147852,3.74644,14.9866,137.683
0.115193,0.116819,0.135209,7.36912,16.3223,137.688
0.130915,0.108621,0.154607,2.549,16.1758,137.688
0.0749451,0.350083,0.143069,30.7232,17.5489,137.688
0.107806,0.0983419,0.116419,10.6886,16.9152,137.691
0.0863126,0.276343,0.138959,21.0199,16.0979,137.693
0.110959,0.0714339,0.10619,9.64778,15.5831,137.694
0.119212,0.0559496,0.102568,6.94017,15.5318,137.702
0.102985,0.0445928,0.0752251,13.429,13.2238,137.709
0.121291,0.131079,0.114793,5.64236,14.4534,137.71
0.118246,0.131836,0.106848,6.44588,14.7481,137.729
0.0907762,0.140386,0.0823292,19.1754,14.0518,137.737
0.141065,0.0541331,0.113455,0.330542,14.9953,137.741
0.12353,0.00996914,0.0876005,5.91384,14.4497,137.745
0.0740898,0.343657,0.133399,31.7021,17.4288,137.746
0.140957,0.0247411,0.109304,0.588249,15.7862,137.749
0.132923,0.0756183,0.105033,2.53511,13.4983,137.756
0.116161,0.110302,0.097955,7.42417,14.905,137.756
0.10423,0.210074,0.129919,11.9093,15.5867,137.766
0.106288,0.114645,0.0831039,11.0531,13.2895,137.771
0.100656,0.141022,0.118447,13.2488,16.8432,137.773
0.0775596,0.286675,0.119938,28.6169,16.3494,137.774
0.11479,0.160092,0.11356,7.15451,14.6269,137.778
0.0811293,0.284811,0.105293,25.6189,15.6012,137.789
0.0977926,0.0711303,0.089176,15.0256,15.3783,137.8
0.0839364,0.25647,0.121534,23.2016,15.1409,137.802
0.117737,0.162863,0.127389,6.30801,14.3171,137.811
0.0959617,0.279547,0.155623,15.2478,15.0477,137.811
0.0935392,0.205007,0.119704,17.5917,14.2706,137.816
0.105143,0.186108,0.129636,11.6328,14.4368,137.82
0.0996925,0.229427,0.148711,13.7797,16.5593,137.841
0.0738383,0.394377,0.149298,31.4564,17.6835,137.853
0.1293,0.0372253,0.106494,3.27896,15.964,137.861
0.133087,0.0734983,0.116071,2.70213,13.1346,137.872
0.0949337,0.169949,0.120201,16.8089,16.7788,137.879
0.115477,0.139762,0.0983731,7.65879,13.5653,137.882
0.127606,0.154596,0.158855,3.35547,14.6186,137.892
0.101667,0.137356,0.1088,13.3326,14.3332,137.895
0.129321,0.0910012,0.104963,3.41907,13.4633,137.899
0.109017,0.212485,0.145853,9.77094,15.3625,137.899
0.120285,0.136898,0.14601,5.27281,16.7666,137.9
0.130135,0.0240384,0.0870983,3.85188,13.4879,137.906
0.088027,0.0243918,0.083227,21.5591,16.3703,137.907
0.136204,0.0881495,0.131551,1.9325,14.3939,137.908
0.140609,0.0518334,0.112323,0.577984,14.4397,137.909
0.128058,0.101091,0.125839,3.25054,15.7399,137.909
0.0802556,0.0156856,0.0763481,27.0911,16.987,137.92
0.101299,0.129124,0.114761,13.5752,15.9371,137.92
0.121042,0.140873,0.151841,5.47509,15.2842,137.923
0.0895816,0.072007,0.068633,20.3355,14.09,137.93
0.10406,0.117447,0.0862965,12.3272,13.41,137.934
0.0884157,0.171518,0.101443,20.059,16.9078,137.937
0.133683,0.0637823,0.116259,2.11352,13.8964,137.939
0.0975663,0.245003,0.152122,14.6026,16.3909,137.94
0.0758526,0.0415601,0.0689536,31.1932,15.0347,137.946
0.0953199,0.120741,0.102206,16.5822,16.2986,137.947
0.12069,0.173474,0.145977,5.39479,14.1094,137.95
0.089187,0.230248,0.134424,19.0432,17.0989,137.953
0.106187,0.214558,0.15251,10.0008,16.5788,137.96
0.0858198,0.140379,0.0863614,22.8904,15.4565,137.967
0.121863,0.123823,0.103565,5.00285,13.59,137.969
0.12064,0.155609,0.137456,5.37014,15.043,137.972
0.104469,0.0306163,0.0825998,12.0342,15.3894,137.972
0.0784903,0.1689,0.0847812,28.8418,15.508,137.983
0.101202,0.140459,0.0990102,13.5393,15.6007,137.986
0.117819,0.126789,0.147333,6.13072,16.0171,137.991
0.097491,0.24753,0.162728,14.712,17.1484,138.002
0.122699,0.0773971,0.112264,5.28137,14.6912,138.01
0.105223,0.142052,0.104367,11.428,14.0125,138.011
0.117175,0.0585639,0.0772982,7.40683,13.8141,138.013
0.110396,0.130029,0.0949129,9.31826,14.9174,138.025
0.0976429,0.162427,0.0970599,15.0284,13.9916,138.027
0.136075,0.0890778,0.135518,1.35212,14.4845,138.029
0.083112,0.329796,0.144399,23.0034,16.3477,138.03
0.103616,0.170009,0.114041,12.7559,13.6141,138.032
0.0955563,0.179991,0.10897,16.4834,14.7784,138.037
0.128451,0.101829,0.101286,3.47003,13.116,138.041
0.0878303,0.052878,0.0901874,21.0534,16.4519,138.047
0.117963,0.115519,0.126488,6.26301,16.5658,138.048
0.0720643,0.365615,0.131108,33.5164,17.9321,138.053
0.0853297,0.193872,0.107523,22.1938,16.527,138.056
0.133085,0.0634144,0.101917,2.72649,13.4703,138.059
0.0837105,0.109004,0.0833494,24.5243,15.4885,138.059
0.0754364,0.113747,0.0789286,31.4234,16.886,138.06
0.0948003,0.256769,0.137636,16.5739,14.3792,138.061
0.126551,0.063733,0.0897533,4.23596,13.4644,138.07
0.115755,0.16166,0.12724,7.99147,13.5002,138.07
0.136776,0.0345613,0.110776,1.39265,15.9179,138.073
0.104214,0.183662,0.161158,11.9849,17.1892,138.08
0.128498,0.100292,0.109497,3.05282,14.883,138.088
0.117427,0.0603949,0.0811247,7.85832,13.0378,138.089
0.086406,0.26594,0.111173,21.4519,15.4851,138.089
0.0898984,0.215017,0.0969861,19.9251,14.8853,138.111
0.086369,0.225639,0.113547,21.396,16.7706,138.117
0.0833056,0.130694,0.085359,24.319,15.453,138.124
0.108663,0.127955,0.0992765,10.2087,13.5182,138.132
0.094335,0.257877,0.124448,16.0057,15.1025,138.139
0.104363,0.197497,0.124701,11.2564,15.0391,138.144
0.100943,0.173236,0.116579,13.6536,15.3701,138.15
0.134531,0.0431411,0.102345,2.59405,12.1739,138.155
0.0711096,0.39899,0.141287,34.7371,17.1752,138.155
0.0975345,0.269559,0.153651,14.7897,16.9108,138.166
0.121874,0.111682,0.103888,5.44033,14.8475,138.172
0.105417,0.149262,0.111502,11.3942,15.6988,138.173
0.0995702,0.148153,0.0981961,14.0853,14.1744,138.177
0.0696597,0.360133,0.111461,36.8735,16.9062,138.18
0.120958,0.0360956,0.0749853,6.66586,12.6136,138.183
0.0926373,0.250268,0.116628,17.4264,15.6033,138.185
0.0819089,0.337934,0.161625,24.1037,16.8774,138.185
0.0981165,0.0721355,0.0821508,15.578,15.5094,138.188
0.139475,0.0266453,0.0941134,1.54412,11.0118,138.193
0.108722,0.125149,0.0979017,10.4473,13.2399,138.197
0.104596,0.237435,0.147779,11.104,14.7712,138.199
0.0995058,0.255897,0.147949,13.6068,16.2735,138.201
0.0859495,0.116947,0.0995008,22.2192,16.3056,138.203
0.0867222,0.21274,0.119763,21.5893,16.005,138.204
0.0878142,0.270069,0.148698,20.6956,16.5172,138.205
0.118562,0.115785,0.134687,6.61933,15.3869,138.209
0.114296,0.140285,0.150631,7.78512,17.6858,138.209
0.072928,0.366013,0.137425,32.4597,17.3812,138.21
0.0909801,0.26589,0.142183,18.65,15.4215,138.21
0.102171,0.203271,0.135081,12.2098,16.62,138.214
0.0877752,0.284949,0.134488,20.9284,15.2395,138.215
0.124616,0.137485,0.131737,4.7907,14.2372,138.228
0.0934748,0.302005,0.156534,16.9091,16.8991,138.231
0.132166,0.0790773,0.134264,2.19038,15.5617,138.237
0.0762683,0.332663,0.121334,29.1303,16.2821,138.237
0.133179,0.0844012,0.127308,2.29964,13.255,138.241
0.0998423,0.113461,0.0777025,14.7063,13.8147,138.242
0.0830614,0.186336,0.0962742,24.1354,15.3028,138.253
0.114357,0.148406,0.143826,7.49213,16.6596,138.266
0.100059,0.135351,0.100427,14.4595,13.386,138.275
0.120926,0.16916,0.153971,5.32946,14.0733,138.278
0.0947771,0.177696,0.108423,16.0391,15.6345,138.281
0.0817663,0.152823,0.099742,25.5101,16.9893,138.296
0.100151,0.229599,0.113602,13.6793,14.2947,138.296
0.0849351,0.118415,0.0698932,23.1455,14.5374,138.311
0.113887,0.0512824,0.0871481,8.44971,14.0461,138.319
0.0980361,0.125795,0.0868474,15.0257,13.1963,138.319
0.103025,0.0373699,0.0700152,13.5561,13.0846,138.323
0.0986148,0.0774138,0.0771477,15.4287,13.1826,138.329
0.0758424,0.359004,0.143376,29.8053,17.0224,138.332
0.117798,0.131703,0.120945,6.7183,15.9697,138.334
0.114135,0.0945004,0.105128,8.78043,13.8774,138.337
0.083043,0.0239318,0.0675462,25.6193,15.4922,138.348
0.107444,0.163123,0.142074,10.1949,15.2218,138.356
0.0972318,0.120463,0.0956924,15.2799,15.9705,138.36
0.103718,0.125754,0.0883951,12.5317,14.6727,138.36
0.110761,0.100323,0.102456,9.65049,15.5588,138.363
0.12917,0.0879961,0.100973,3.20222,13.38,138.364
0.0894777,0.215787,0.105396,19.2014,15.3329,138.369
0.106956,0.0262019,0.0852437,11.9804,15.2339,138.377
0.0754966,0.0956785,0.0809934,31.7671,16.0554,138.383
0.0837111,0.0975753,0.0855604,24.4299,15.5225,138.395
0.0788329,0.256119,0.0932925,27.2934,15.476,138.396
0.133051,0.0613396,0.105217,2.39016,14.2764,138.406
0.113456,0.142028,0.110002,8.37939,13.8798,138.408
0.0995569,0.108311,0.106954,14.4574,15.517,138.414
0.0737871,0.372076,0.136144,31.1062,17.6372,138.417
0.0859394,0.31158,0.161508,21.5448,16.3948,138.425
0.0730039,0.207928,0.0885853,33.018,16.9491,138.427
0.118447,0.133824,0.113804,6.48778,14.9232,138.43
0.0859085,0.308625,0.152803,21.9945,16.1652,138.431
0.0783461,0.32025,0.142561,27.1576,17.8283,138.442
0.120947,0.146134,0.154875,5.66041,15.0981,138.446
0.09079,0.250347,0.122769,18.8839,16.1347,138.447
0.103595,0.11882,0.100044,12.1515,14.986,138.448
0.0995535,0.135823,0.0863762,14.5264,14.3497,138.452
0.117056,0.0519028,0.0816579,7.53586,13.4829,138.452
0.120779,0.154099,0.148035,5.45541,15.9003,138.453
0.0862667,0.256101,0.133243,21.2049,16.7914,138.464
0.0948248,0.247727,0.133271,16.2546,14.3588,138.464
0.0799075,0.262334,0.101847,26.8172,15.5112,138.465
0.100749,0.197814,0.125103,13.1008,14.5344,138.471
0.077471,0.133647,0.0740904,29.0309,15.7743,138.49
0.0955088,0.102512,0.104096,16.8955,16.66,138.491
0.0944146,0.0999049,0.0778102,17.9179,14.3448,138.5
0.109767,0.153045,0.113375,9.60262,15.6218,138.503
0.094974,0.174924,0.112957,16.1961,15.9174,138.511
0.0919352,0.160813,0.0907745,18.7204,15.6115,138.521
0.122577,0.0691001,0.0930956,5.50645,14.6899,138.533
0.102253,0.232732,0.162788,12.8849,15.9112,138.549
0.128626,0.0844624,0.121425,3.0063,14.8894,138.559
0.0886558,0.0325574,0.0708763,21.694,14.8258,138.56
0.115566,0.148891,0.116998,7.23087,14.4622,138.562
0.0893497,0.107557,0.0841482,20.8285,15.9593,138.564
0.133141,0.030466,0.108551,2.60248,15.4645,138.567
0.103725,0.143047,0.112049,12.3097,14.1378,138.571
0.0937911,0.130037,0.103502,17.8186,15.1187,138.578
0.115089,0.160415,0.14905,7.46118,15.754,138.581
0.0778369,0.0543431,0.0750331,29.38,16.7812,138.582
0.0974444,0.265987,0.148686,14.1163,16.9548,138.588
0.113324,0.10079,0.110482,8.65954,15.1989,138.589
0.104828,0.0484543,0.0755324,12.9234,13.9006,138.592
0.111797,0.0307026,0.0844694,9.92921,15.0957,138.593
0.0888785,0.310809,0.13358,19.5926,15.0111,138.6
0.124657,0.126414,0.122538,4.94554,14.964,138.602
0.0686249,0.424903,0.151528,37.648,17.9148,138.603
0.100747,0.218613,0.136896,13.7601,14.1949,138.614
0.0983543,0.206989,0.0988693,14.1479,14.1087,138.617
0.1281,0.11185,0.116901,3.11087,14.8598,138.618
0.123006,0.0439512,0.0839812,5.22286,13.4881,138.62
0.0908939,0.081501,0.0878192,19.0358,15.5233,138.626
0.0999486,0.0518235,0.0884079,14.7368,15.5184,138.629
0.107101,0.186761,0.117607,10.4362,14.5427,138.629
0.0751877,0.362649,0.141068,30.9185,16.1827,138.629
0.0943625,0.248478,0.163574,16.3002,16.3344,138.63
0.102062,0.192998,0.143601,12.0726,16.6544,138.637
0.0841386,0.0542083,0.074402,24.7405,15.4155,138.639
0.0910413,0.115092,0.0781675,19.2338,14.6451,138.639
0.0840288,0.25537,0.118726,23.1425,15.0877,138.641
0.110917,0.113045,0.0993697,9.45188,13.0675,138.645
0.0813992,0.0633925,0.0697841,26.4261,15.1453,138.66
0.120361,0.162716,0.140647,5.50166,15.6349,138.666
0.104868,0.184987,0.147211,11.5755,15.5552,138.671
0.12494,0.102385,0.105873,4.36422,14.966,138.672
0.0995248,0.246073,0.149843,13.7882,16.7207,138.676
0.104653,0.00677349,0.0834194,12.8041,15.4568,138.68
0.0875802,0.260523,0.136947,20.0993,16.6013,138.68
0.117322,0.162126,0.13374,6.06141,15.2812,138.682
0.0727335,0.259218,0.0964855,33.2284,16.7769,138.698
0.0855549,0.321516,0.158277,21.6894,17.5948,138.698
0.0761982,0.30304,0.126388,29.918,17.2654,138.701
0.103949,0.221538,0.165091,11.2904,16.3328,138.707
0.137188,0.0572382,0.0993223,1.19022,13.9734,138.718
0.0894316,0.130514,0.0914034,20.0754,14.4558,138.723
0.132451,0.0823656,0.107677,2.27863,14.4088,138.725
0.137893,0.0605966,0.109176,1.9998,12.151,138.729
0.105424,0.015663,0.0756434,12.7654,13.0558,138.73
0.0720201,0.38529,0.133546,33.9317,17.8924,138.735
0.127471,0.0286662,0.0844764,4.69364,12.9276,138.746
0.0908012,0.112817,0.0926946,19.1275,15.3675,138.747
0.0995422,0.159721,0.102357,14.4626,13.8433,138.747
0.0972097,0.0310591,0.0710735,16.378,13.8541,138.747
0.119492,0.0958263,0.109528,6.2319,13.8466,138.758
0.0977392,0.111022,0.0892342,15.4396,15.0197,138.762
0.107847,0.0182732,0.0718688,11.7269,13.375,138.763
0.0866135,0.20559,0.116023,21.7497,16.3775,138.764
0.128662,0.119201,0.121647,3.71218,13.2512,138.764
0.0862291,0.293804,0.122405,21.88,15.6921,138.776
0.0925826,0.109181,0.0867219,18.1409,14.0004,138.776
0.131312,0.0120509,0.0805309,3.07747,12.084,138.779
0.0819066,0.316727,0.126996,24.6048,16.7642,138.782
0.104885,0.0403503,0.0710163,12.8561,13.1302,138.79
0.0909033,0.137392,0.0829013,19.5247,14.7601,138.793
0.11089,0.15267,0.120396,9.81368,13.4891,138.794
0.0915888,0.225293,0.11861,18.589,14.1339,138.795
0.0949772,0.222599,0.127053,16.4233,14.2852,138.795
0.125385,0.0889438,0.102175,4.286,14.0439,138.804
0.129893,0.0708676,0.10283,3.89376,13.0294,138.807
0.111475,0.214955,0.15893,8.35163,15.3585,138.809
0.0882751,0.23542,0.100444,20.0116,14.7662,138.814
0.076203,0.366006,0.146255,29.2849,16.338,138.816
0.126019,0.111597,0.106214,4.82412,12.7223,138.818
0.135076,0.0278094,0.0877618,2.49747,12.1948,138.824
0.104767,0.0175589,0.0771087,12.3431,14.8421,138.826
0.0986501,0.194262,0.111321,14.9746,15.7566,138.827
0.0885549,0.191028,0.093811,20.0197,14.7569,138.831
0.125552,0.0653123,0.11247,4.58524,15.2558,138.831
0.124768,0.121395,0.137501,4.92513,14.1237,138.833
0.0932627,0.20653,0.102577,17.2049,14.9593,138.833
0.0781612,0.367021,0.142214,27.6752,16.4197,138.845
0.112502,0.16788,0.115445,8.68477,14.4813,138.845
0.12416,0.107053,0.134747,4.13336,16.5995,138.85
0.0904658,0.309409,0.158615,18.7037,16.8697,138.853
0.0857644,0.0153735,0.0694685,23.5366,15.5516,138.857
0.133836,0.0333505,0.100006,2.2609,14.5733,138.858
0.0900313,0.16175,0.10831,19.352,16.981,138.863
0.107037,0.225437,0.146931,10.6287,14.1528,138.864
0.105974,0.120902,0.0877694,11.4476,14.5119,138.866
0.0885871,0.191765,0.0913443,20.7874,14.5607,138.869
0.0871449,0.0587631,0.075939,22.8407,14.3905,138.87
0.100624,0.2065,0.121549,13.1746,14.9607,138.871
0.0886038,0.138108,0.104617,20.592,16.7411,138.873
0.0960585,0.256182,0.148272,15.1254,15.4864,138.879
0.105168,0.045155,0.07241,12.5155,13.2562,138.888
0.0873504,0.133441,0.0899949,21.9116,15.0356,138.895
0.0878081,0.0996855,0.0720149,21.4605,14.0455,138.896
0.107519,0.148061,0.131327,10.612,15.3237,138.903
0.0863483,0.277117,0.147109,21.7472,16.8609,138.907
0.100384,0.203556,0.107387,13.5728,14.2977,138.91
0.0718586,0.382393,0.153865,33.7617,18.0011,138.916
0.0920929,0.283629,0.141012,17.4236,16.8031,138.927
0.088908,0.308574,0.149648,19.0198,16.8713,138.929
0.115979,0.132741,0.0986881,7.18565,13.0795,138.938
0.0702627,0.388506,0.134764,35.8023,17.4878,138.942
