beta,permeability,xi,init_days,delay,value
0.0949881,0.141359,0.148148,1.22477,16.9074,43.5577
0.0844609,0.191582,0.158005,6.34294,17.1508,43.583
0.0763034,0.239198,0.164004,11.7427,18.3964,44.0005
0.097411,0.134448,0.150015,0.661999,16.8798,44.0489
0.0824901,0.23086,0.160681,7.3507,17.3749,44.0943
0.0922743,0.190322,0.156172,2.97718,16.212,44.192
0.0862042,0.196685,0.163607,5.5479,17.0608,44.2227
0.0924027,0.174494,0.151686,2.44734,16.3781,44.2485
0.074947,0.245694,0.163446,12.4086,18.3498,44.2801
0.0778445,0.220821,0.163339,10.9609,18.2203,44.2884
0.0845617,0.188149,0.155444,6.60775,17.6674,44.3879
0.0763187,0.231912,0.163958,11.5015,18.839,44.4061
0.0923406,0.184828,0.157461,2.05211,16.1177,44.4104
0.091059,0.121155,0.125531,3.01909,16.1059,44.4477
0.0951869,0.133553,0.142993,1.86892,16.3517,44.4478
0.073608,0.260974,0.159918,13.6459,18.8695,44.5622
0.0951582,0.133676,0.145589,1.13769,16.0113,44.567
0.0738955,0.218852,0.143968,13.8473,18.2303,44.587
0.0842142,0.220402,0.160809,6.38111,17.9568,44.6026
0.0932904,0.110366,0.127187,2.0647,16.2139,44.6398
0.0971319,0.144686,0.156392,0.0230838,16.9744,44.6506
0.0877104,0.0824435,0.105999,5.79724,16.2445,44.6515
0.084462,0.196113,0.16141,6.90533,17.2497,44.6789
0.0748927,0.255553,0.161648,12.1865,18.0921,44.7283
0.0883402,0.162923,0.160638,4.06825,17.7879,44.7354
0.094879,0.14877,0.146568,1.3609,16.9988,44.7484
0.0736457,0.249321,0.154968,13.5226,18.0204,44.7593
0.0907394,0.150726,0.132634,3.70593,16.0746,44.7891
0.0880869,0.181825,0.165608,4.93312,17.2015,44.7901
0.0798022,0.184433,0.13184,9.85046,17.3075,44.8952
0.0972876,0.00671924,0.0915702,1.18993,15.6351,44.9021
0.0969416,0.159934,0.160601,0.683909,16.031,44.9135
0.0933508,0.103798,0.125164,2.98211,16.2055,44.9201
0.0970976,0.0335819,0.092106,1.66964,15.4254,44.9283
0.0903428,0.181962,0.14759,3.13969,16.2386,44.9295
0.0726294,0.228857,0.142058,14.5132,18.9465,44.938
0.0901255,0.190985,0.15013,3.93912,16.8954,44.9527
0.0726977,0.218958,0.139862,14.3977,18.5395,44.9556
0.0919854,0.208298,0.165005,2.76624,16.8576,44.9656
0.0881996,0.0448959,0.0968488,5.53935,16.204,44.99
0.0991647,0.0429726,0.100152,0.698194,15.0191,44.9911
0.0887705,0.142956,0.127389,4.70187,16.4698,44.992
0.0909737,0.134601,0.126612,3.57736,16.9269,45.0069
0.0825933,0.20341,0.156754,7.26703,17.8453,45.0113
0.0736991,0.240285,0.157191,13.0779,18.8738,45.0143
0.0920481,0.206192,0.165051,2.54667,16.5306,45.0206
0.0885912,0.00892401,0.0914352,5.46674,16.5412,45.0337
0.09821,0.113489,0.114487,0.810882,15.0655,45.035
0.081373,0.182461,0.136199,8.71307,17.1193,45.0383
0.0832859,0.146083,0.131252,7.12049,17.7156,45.0399
0.0893328,0.0993055,0.115283,4.48115,16.8699,45.059
0.092581,0.157338,0.143539,2.19443,16.8779,45.079
0.07521,0.208674,0.148488,12.7986,18.1063,45.0796
0.092712,0.157841,0.146439,2.29885,16.039,45.0873
0.0794173,0.229737,0.145151,9.4002,17.8818,45.0936
0.0943376,0.194277,0.161871,1.64668,16.1877,45.1023
0.0903589,0.179727,0.140946,3.32475,16.701,45.1073
0.0976937,0.112769,0.142019,0.835037,16.5029,45.1128
0.0872662,0.118976,0.113987,5.01441,16.7716,45.1156
0.0974896,0.0067362,0.0895785,1.8154,15.2998,45.1189
0.0738888,0.22521,0.146732,13.6105,18.0341,45.1389
0.0885793,0.159683,0.134184,4.36808,16.9782,45.1542
0.0828002,0.195029,0.144725,7.81324,17.8423,45.1597
0.0795119,0.226858,0.14154,9.51349,17.03,45.1702
0.0968866,0.0318343,0.096653,1.88517,15.7181,45.2235
0.0893373,0.109,0.114053,4.1023,16.247,45.2379
0.0899802,0.206953,0.155137,3.71841,16.1427,45.2409
0.0985603,0.0758444,0.108536,0.814086,15.281,45.2537
0.0950257,0.00953753,0.0885417,2.75374,15.5894,45.2599
0.0950976,0.0150784,0.0865226,2.32489,15.5926,45.2647
0.0919474,0.202984,0.165977,2.022,16.6538,45.2693
0.0734204,0.289857,0.165319,13.8158,18.707,45.2878
0.0881021,0.203069,0.146484,4.19747,16.5154,45.3054
0.08432,0.196285,0.15663,6.17438,17.9486,45.3113
0.0967061,0.0471473,0.0997472,1.11894,15.4662,45.313
0.0983081,0.0904942,0.116031,0.357254,15.5556,45.3254
0.0749658,0.253651,0.155205,12.7638,18.6009,45.3313
0.0826721,0.205256,0.148503,7.56381,17.935,45.3334
0.0977367,0.13297,0.12361,0.795497,15.642,45.3455
0.0969674,0.0354383,0.097102,1.07249,15.0393,45.3581
0.0901296,0.189026,0.151232,3.90536,16.7828,45.3589
0.0826222,0.2095,0.161884,7.27039,17.5549,45.3598
0.0823583,0.239711,0.161129,7.65112,17.8128,45.3626
0.0949839,0.0127659,0.0877199,2.30073,15.7759,45.3708
0.0963415,0.0707923,0.103865,1.80586,15.0025,45.3752
0.0840524,0.226899,0.165654,6.1162,17.4952,45.3911
0.0830934,0.17071,0.134859,7.09001,17.0436,45.3959
0.0977351,0.139299,0.122929,0.495235,15.4024,45.4203
0.0725149,0.236549,0.144829,14.5748,18.0437,45.4214
0.0845582,0.183052,0.14667,6.31498,17.0523,45.4363
0.0768571,0.0331223,0.0894726,12.7099,17.345,45.4368
0.0947541,0.170101,0.157326,1.73946,16.5773,45.4379
0.0801715,0.144244,0.122207,9.90211,17.858,45.4389
0.0947581,0.0240384,0.091561,2.80345,15.5599,45.4521
0.0867451,0.167897,0.125887,5.82281,16.1274,45.4632
0.0689086,0.265559,0.163688,17.9728,19.3823,45.4656
0.0887388,0.164631,0.128993,4.03876,16.1201,45.4765
0.0810968,0.203713,0.150825,8.17876,17.4606,45.4769
0.0858627,0.0887674,0.104517,6.18592,16.7623,45.4825
0.0947733,0.0368817,0.0893965,2.51163,15.4822,45.4899
0.0780908,0.223935,0.134056,10.6217,17.0298,45.5028
0.0849563,0.144912,0.136755,6.50961,17.9162,45.5058
0.0777742,0.0905136,0.101215,11.1876,17.7895,45.5234
0.0977314,0.114764,0.14063,0.806698,16.6832,45.5264
0.0983422,0.0971323,0.116003,0.00709956,15.2304,45.5287
0.0948156,0.146167,0.148311,1.44468,16.4949,45.5704
0.0770033,0.176584,0.121587,11.2945,17.283,45.5802
0.0827774,0.209055,0.149698,7.183,17.5276,45.5868
0.0800023,0.156444,0.123335,9.03409,17.5483,45.5944
0.0803164,0.129152,0.11607,9.33888,17.6041,45.6014
0.0727886,0.201179,0.135207,14.349,18.6888,45.602
0.0871587,0.135882,0.118208,5.08667,16.7714,45.6053
0.0847527,0.171521,0.141437,6.98537,17.3176,45.6092
0.0864887,0.0355431,0.0910328,6.88181,16.6921,45.6189
0.0895991,0.0829599,0.11247,4.38339,16.7014,45.6247
0.0922411,0.189305,0.163423,2.8044,16.8017,45.6415
0.0817463,0.14517,0.123165,8.73577,17.8619,45.6481
0.0855752,0.123427,0.107638,6.70648,16.0694,45.6494
0.09815,0.103817,0.118216,0.186349,15.7602,45.6514
0.0728741,0.192782,0.129684,14.3277,18.7744,45.6571
0.0950904,0.12776,0.140994,1.423,16.1095,45.664
0.0861785,0.182601,0.163513,5.48525,17.6727,45.6803
0.079471,0.210403,0.142353,9.88567,17.1686,45.6834
0.0798145,0.172229,0.132971,9.39768,17.2587,45.6987
0.098523,0.0974399,0.109232,0.787145,15.6814,45.6991
0.0929716,0.00945224,0.0835103,3.57327,15.5987,45.7
0.0722082,0.281171,0.160927,14.6791,18.0398,45.7036
0.088541,0.173956,0.129748,4.41756,16.6712,45.705
0.0955355,0.130685,0.118814,1.9885,15.5587,45.7058
0.0841437,0.22188,0.159648,6.7315,17.0777,45.7128
0.0825583,0.210187,0.152897,7.21309,17.3368,45.7149
0.09028,0.0318216,0.0960482,4.5759,16.9337,45.7309
0.0815117,0.15696,0.12719,8.03598,17.6728,45.7391
0.0895121,0.087915,0.109432,4.11292,16.291,45.7706
0.0795423,0.216659,0.143326,9.10228,17.7842,45.7713
0.0843715,0.204182,0.151592,6.42674,17.21,45.7714
0.0818024,0.135616,0.12014,8.26813,17.0569,45.7837
0.0882548,0.193182,0.137982,4.81965,16.6881,45.7864
0.0859815,0.082045,0.102575,6.41575,16.4066,45.7875
0.0780265,0.226795,0.138752,10.5784,17.3617,45.8015
0.0736851,0.247963,0.161585,13.2941,18.4328,45.8045
0.084172,0.226084,0.158642,6.28166,17.2708,45.8253
0.0737865,0.234093,0.156355,13.317,18.4957,45.8343
0.0827766,0.209458,0.145395,7.04287,17.6121,45.8433
0.0799149,0.169871,0.125813,9.99901,17.6505,45.8466
0.08432,0.0725385,0.0968671,7.87221,16.1123,45.849
0.0963604,0.0745947,0.10417,1.32245,15.1448,45.8522
0.0960621,0.0935199,0.10547,1.86677,15.4389,45.8549
0.082823,0.049211,0.0911124,8.78026,16.5034,45.8565
0.0853333,0.13256,0.114225,6.80294,16.6131,45.8572
0.0868484,0.151963,0.121903,5.90372,16.8028,45.8575
0.0826037,0.210174,0.163468,7.64333,17.1427,45.8613
0.0974135,0.148982,0.128363,0.670159,15.179,45.8622
0.0754074,0.0490699,0.0889837,13.5851,17.1347,45.8662
0.0930117,0.122852,0.130873,2.35685,16.8738,45.8672
0.0840242,0.0905444,0.102632,7.31492,16.8036,45.8718
0.0781871,0.199682,0.129972,10.8389,17.4771,45.8829
0.0722627,0.274828,0.156159,14.1699,18.7228,45.8863
0.0827279,0.20455,0.158326,7.59784,17.6597,45.8866
0.0871595,0.126288,0.120431,5.06505,16.1073,45.8892
0.0864383,0.178889,0.160247,5.39021,17.8372,45.9046
0.0954293,0.129906,0.119098,1.1399,15.6784,45.9201
0.0833764,0.141508,0.126786,7.86691,17.6652,45.9304
0.0722331,0.280615,0.156877,14.3431,18.7234,45.9407
0.0807022,0.258859,0.160814,8.30661,17.6677,45.9417
0.0904445,0.0141722,0.0939222,4.60275,16.5476,45.951
0.0780811,0.208222,0.133792,10.939,17.7106,45.9528
0.0923556,0.190008,0.157693,2.87546,16.6381,45.954
0.0797619,0.180375,0.129813,9.77956,17.6619,45.963
0.0832075,0.0242766,0.0848027,8.01236,16.9904,45.9647
0.0924436,0.178635,0.143029,2.70031,16.8215,45.9698
0.0808765,0.224946,0.148447,8.95664,17.8432,45.9766
0.0908155,0.145996,0.127284,3.15477,16.5774,45.977
0.0977933,0.115907,0.14064,0.359176,16.9476,45.9833
0.0981475,0.0970311,0.118822,0.284916,15.6114,45.9903
0.0973335,0.129337,0.150252,0.544113,16.4541,45.9929
0.0898098,0.0661639,0.103497,4.19411,16.706,45.9931
0.0953871,0.144178,0.120429,1.02244,15.6218,45.9946
0.0813531,0.190458,0.132052,8.84015,17.4287,46.0037
0.0810545,0.223395,0.142871,8.94837,17.3247,46.0067
0.0843764,0.0650888,0.0946151,7.13164,16.7059,46.0077
0.0794425,0.231528,0.140434,9.25451,17.5106,46.0078
0.0963176,0.0722972,0.107033,1.90917,15.3853,46.0275
0.0908411,0.0188045,0.0812391,4.0777,15.5587,46.0288
0.0713965,0.24881,0.137657,15.2742,18.3157,46.0363
0.0846148,0.171486,0.14379,6.0091,17.8351,46.038
0.0874959,0.0981521,0.113178,5.07838,16.3114,46.0505
0.0969053,0.154873,0.162523,0.0306625,16.3373,46.0594
0.075324,0.0573816,0.0905046,13.2813,17.4569,46.0611
0.0973232,0.147066,0.15747,0.84136,16.1326,46.0613
0.0777365,0.237269,0.165079,10.9106,18.6028,46.0616
0.0943957,0.0702039,0.0937649,2.91623,15.6769,46.0617
0.08816,0.194597,0.141219,4.17296,16.1767,46.0701
0.0810349,0.228217,0.145287,8.56343,17.3032,46.0831
0.0854267,0.139479,0.108863,6.25958,16.1698,46.0921
0.0834477,0.135413,0.12713,7.5865,17.8652,46.0952
0.0958273,0.103321,0.114549,1.65016,15.5712,46.1035
0.0887898,0.138979,0.124898,4.83562,16.8387,46.1157
0.0946325,0.039695,0.0946527,2.16257,15.3455,46.1224
0.0815774,0.164708,0.126771,8.60388,17.2097,46.1252
0.0772764,0.153406,0.114366,11.0284,17.1381,46.1266
0.0929831,0.123879,0.131181,2.33099,16.6151,46.1274
0.0666135,0.327652,0.164241,19.2138,19.2338,46.1297
0.0715523,0.207978,0.130091,15.883,18.588,46.1368
0.0974272,0.157259,0.134469,0.0725366,15.8743,46.1394
0.0788008,0.139382,0.11291,10.625,17.0401,46.1428
0.0757168,0.00983462,0.0828823,13.1015,17.8836,46.1468
0.0930939,0.133,0.136149,2.50628,16.5057,46.1504
0.0872176,0.124808,0.113065,5.43751,16.8561,46.1595
0.0975091,0.0177055,0.0864475,1.3459,15.4157,46.1628
0.0964523,0.0773652,0.103099,1.89896,15.2375,46.1653
0.0900211,0.200761,0.159827,3.62802,16.1728,46.1743
0.0702311,0.24006,0.137637,16.2531,18.6577,46.1819
0.0870274,0.149515,0.122151,5.3957,16.2647,46.1876
0.0905136,0.169172,0.13366,3.75893,16.8937,46.1882
0.09164,0.0801692,0.115776,3.07989,16.9949,46.1945
0.0726631,0.223686,0.135644,14.8812,18.3996,46.2021
0.089464,0.0901206,0.116128,4.15714,16.2782,46.209
0.0897904,0.221896,0.161873,3.94504,16.4269,46.2117
0.0866227,0.184142,0.125573,5.69869,16.7442,46.2198
0.0817996,0.00500969,0.0804855,9.05018,16.9195,46.2234
0.0841328,0.0999997,0.096961,7.50001,16.3369,46.2339
0.0904111,0.159241,0.161094,3.76449,17.2192,46.2364
0.0716409,0.198901,0.126111,15.1475,18.7693,46.2367
0.0955683,0.0970491,0.131889,1.55813,16.4336,46.238
0.082259,0.257297,0.165632,7.77284,17.3257,46.2462
0.0766276,0.218094,0.132736,11.6647,17.7815,46.2474
0.0846949,0.182847,0.144386,6.93146,17.3916,46.2551
0.0769005,0.195209,0.121738,11.951,17.3693,46.2552
0.0918292,0.0910798,0.0992345,3.38093,15.1753,46.2656
0.0716865,0.192982,0.129335,15.6629,18.323,46.2829
0.0831609,0.161553,0.131272,7.75104,17.6646,46.2902
0.0771586,0.155484,0.11892,11.2226,17.5796,46.2954
0.0767061,0.0427315,0.093391,12.4845,17.9652,46.3015
0.0658414,0.285459,0.152028,20.9455,19.1027,46.3058
0.0878926,0.219758,0.155595,4.67415,16.2871,46.3065
0.0776595,0.109189,0.103524,11.2298,17.9623,46.3089
0.0806763,0.243461,0.158468,8.12864,17.7749,46.3098
0.084099,0.0945939,0.0997244,7.01778,16.9698,46.3183
0.084379,0.192562,0.165659,6.69732,17.5044,46.3228
0.093081,0.140348,0.130466,2.03214,16.5708,46.328
0.0723292,0.276187,0.160028,14.4318,18.2731,46.328
0.0892074,0.127542,0.116623,4.06112,16.0293,46.3313
0.0677408,0.277953,0.163444,18.6057,19.7626,46.3369
0.0803986,0.120783,0.116743,9.5131,17.9943,46.3433
0.0886483,0.147312,0.132707,4.09614,16.4887,46.3563
0.0845169,0.0598852,0.0905339,7.1516,16.9907,46.3568
0.0936618,0.115131,0.108478,2.97274,15.6473,46.3595
0.0847513,0.18449,0.125985,6.15003,16.9778,46.3675
0.0891468,0.126986,0.115306,4.97197,16.6442,46.3676
0.0880914,0.19599,0.16344,4.25289,17.3555,46.3864
0.0973853,0.0152536,0.0862788,1.25872,15.7018,46.3925
0.0814913,0.0289529,0.0846621,9.65983,16.8746,46.3948
0.0954238,0.137626,0.116168,1.50391,15.6174,46.4027
0.0918795,0.0559685,0.108264,3.97511,16.5118,46.406
0.0912617,0.110391,0.116618,3.38033,16.9869,46.4087
0.0944934,0.170335,0.154573,1.92421,16.9558,46.4216
0.0905843,0.156339,0.132508,3.18014,16.0528,46.4239
0.085178,0.163155,0.116923,6.41006,16.868,46.4274
0.0783841,0.00931147,0.0885165,11.9006,17.955,46.4278
0.0963407,0.0630957,0.103335,1.45968,15.7909,46.4297
0.0851522,0.149885,0.119503,6.41098,16.9,46.4415
0.0833818,0.165988,0.115807,7.44178,16.2562,46.4425
0.0931766,0.129753,0.126868,2.76204,16.101,46.444
0.0737213,0.259136,0.155411,13.495,18.3792,46.4471
0.0950664,0.158343,0.125522,1.95192,15.5956,46.449
0.0916282,0.111386,0.10202,3.09294,15.8432,46.4555
0.0983521,0.0998724,0.108901,0.407233,15.604,46.4572
0.0741341,0.0430376,0.0877594,14.944,17.2355,46.4575
0.085304,0.1501,0.110282,6.99664,16.777,46.469
0.079863,0.172842,0.125863,9.47734,17.4068,46.4893
0.0882434,0.196426,0.137002,4.35347,16.5785,46.5034
0.0863311,0.0561989,0.0961787,6.99481,16.9717,46.5048
0.0838275,0.132551,0.104001,7.08574,16.6722,46.5049
0.0947648,0.145565,0.151807,1.21781,16.5389,46.5085
0.0734635,0.294476,0.162368,13.1644,18.0373,46.5085
0.0955155,0.138439,0.115757,1.06249,15.4588,46.5088
0.0853253,0.150911,0.110556,6.92905,16.0627,46.5111
0.0850928,0.137888,0.132186,6.37292,17.9141,46.5122
0.0782416,0.0387509,0.0920461,11.9044,17.8315,46.513
0.0779989,0.239652,0.138068,10.1577,17.3895,46.5132
0.0767157,0.207458,0.127857,11.1655,17.4506,46.5177
0.0975338,0.155256,0.130608,0.265763,15.5395,46.5259
0.0766373,0.062733,0.0918021,12.9101,17.8879,46.5265
0.0768266,0.214097,0.123632,11.2139,17.1345,46.5338
0.070566,0.187729,0.12324,16.5319,18.9,46.5347
0.0806253,0.268396,0.165223,8.97072,17.4838,46.5408
0.066794,0.295642,0.154152,19.0381,19.0399,46.5433
0.0832256,0.150091,0.138287,7.50193,17.0511,46.5466
0.0925361,0.161371,0.15656,2.19827,16.3255,46.5473
0.0851403,0.163738,0.114112,6.51036,16.143,46.5527
0.0886845,0.0135497,0.0893393,5.87496,16.0948,46.5531
0.0831905,0.180027,0.119688,7.20538,16.8462,46.5549
0.0930612,0.117197,0.129841,2.79202,16.8875,46.5558
0.0933888,0.101306,0.129754,2.29534,16.4144,46.5572
0.0903617,0.19088,0.139839,3.11579,16.977,46.558
0.0701484,0.253946,0.138158,16.4719,18.0205,46.5628
0.0825343,0.206757,0.153527,7.65539,17.4231,46.5643
0.0936979,0.0952359,0.106981,2.39572,15.9382,46.5736
0.0812109,0.0716306,0.0885216,9.83684,16.8431,46.5842
0.0956024,0.109242,0.13259,1.30945,16.4996,46.5957
0.0702506,0.250114,0.136804,16.9012,18.3876,46.6004
0.0877886,0.0766542,0.101387,5.03747,16.8018,46.6023
0.0831015,0.153279,0.13735,7.3627,17.0002,46.6093
0.0882336,0.188148,0.161532,4.68566,17.5775,46.6095
0.0837637,0.119017,0.105525,7.32278,16.0448,46.6109
0.0958492,0.0970104,0.111244,1.30744,15.5262,46.6155
0.0885034,0.0275598,0.0935765,5.3331,16.7903,46.621
0.0976905,0.141868,0.129949,0.494548,15.479,46.6252
0.090505,0.147708,0.158527,3.52687,17.4596,46.6328
0.0921176,0.178091,0.162153,2.50507,16.8882,46.6403
0.0901082,0.195339,0.145102,3.50669,16.699,46.645
0.082356,0.232729,0.156563,7.68764,17.916,46.647
0.0704138,0.216483,0.131975,16.4172,18.0871,46.6481
0.0901921,0.0649784,0.0894902,4.21589,15.922,46.6483
0.0876223,0.103123,0.108005,5.23849,16.0064,46.6549
0.0803169,0.00460195,0.0770107,10.957,16.6357,46.6587
0.07346,0.273976,0.158281,13.6062,18.0714,46.6598
0.0890123,0.133164,0.11795,4.54942,16.5455,46.6667
0.0933042,0.122541,0.125305,2.21557,16.5197,46.6704
0.0912854,0.0968307,0.119918,3.02384,16.3387,46.6747
0.0901579,0.18814,0.143522,3.64911,16.1145,46.695
0.0702496,0.255497,0.132568,16.8394,18.7403,46.696
0.0754895,0.195646,0.122707,12.2549,17.9418,46.6975
0.0836423,0.134925,0.108466,7.53802,16.8502,46.6985
0.0838541,0.106129,0.103901,7.00435,16.6346,46.6993
0.0837754,0.114945,0.108979,7.15064,16.348,46.7017
0.0825386,0.201965,0.15719,7.77666,17.023,46.709
0.0800755,0.147903,0.11924,9.17363,17.9103,46.7092
0.0922063,0.173842,0.155771,2.92697,16.1545,46.7124
0.0785199,0.169723,0.12543,10.0656,17.6332,46.7142
0.0844215,0.049971,0.0930561,7.03931,16.5631,46.7159
0.0778752,0.209129,0.159238,10.8899,18.1274,46.7194
0.0919421,0.0808092,0.0949823,3.34247,15.0813,46.7212
0.0951941,0.12289,0.135183,1.50938,16.4723,46.7239
0.074331,0.0260898,0.0826526,14.7487,17.5196,46.7271
0.0939901,0.0598123,0.112229,2.26023,16.5552,46.7307
0.072322,0.268114,0.149059,14.3448,18.9193,46.7394
0.0958656,0.120486,0.10899,1.87407,15.7595,46.7418
0.0879778,0.0728501,0.101836,5.28539,16.8377,46.7429
0.0887504,0.152037,0.135193,4.58956,16.8408,46.7446
0.0867365,0.142308,0.141808,5.98756,17.756,46.745
0.094607,0.0330938,0.095472,2.79334,15.4074,46.7493
0.0855895,0.118018,0.110626,6.54865,16.9728,46.7493
0.0833507,0.150827,0.128858,7.20115,17.6597,46.7505
0.0943211,0.181214,0.159924,1.991,16.3902,46.756
0.0833779,0.147476,0.129863,7.30367,17.2751,46.7599
0.078073,0.19355,0.158171,10.8359,18.5603,46.7675
0.078261,0.0337292,0.0925903,11.7059,17.2594,46.7705
0.0668419,0.264552,0.152111,19.4728,19.0917,46.7723
0.0803386,0.121083,0.118886,9.92875,17.9038,46.779
0.0946214,0.0577238,0.0895633,2.88239,15.0049,46.7802
0.0947832,0.151178,0.161764,1.94948,16.3301,46.7863
0.0830398,0.183463,0.139592,7.41878,17.4144,46.7946
0.0783313,0.203679,0.126787,10.2699,17.0215,46.801
0.0942118,0.204043,0.162837,1.89166,16.5355,46.8029
0.0971215,0.0223243,0.0899347,1.33756,15.6412,46.8157
0.0766841,0.204541,0.130558,11.5507,17.9413,46.818
0.0921068,0.0720772,0.09216,3.84766,15.6456,46.82
0.0724635,0.264041,0.14243,14.7748,18.9222,46.8229
0.0679,0.273195,0.159379,18.3467,19.3589,46.8284
0.0781693,0.203062,0.137896,10.6106,17.6968,46.831
0.0749507,0.110627,0.0974388,13.8972,17.8713,46.8333
0.0712729,0.260122,0.148922,15.0791,18.4221,46.8392
0.079685,0.181228,0.135012,9.21143,17.3323,46.8394
0.0918676,0.0575133,0.1107,3.80729,16.355,46.8404
0.0867033,0.153204,0.149568,5.11308,17.2004,46.844
0.079194,0.261509,0.155218,9.9707,17.2531,46.8457
0.0825646,0.202425,0.15199,7.41095,17.2007,46.8524
0.0756621,0.172154,0.114654,12.5214,17.8663,46.855
0.0779396,0.225088,0.135625,10.8203,17.3436,46.8574
0.0815729,0.154371,0.124397,8.03606,17.6432,46.8607
0.0781424,0.209184,0.137563,10.9134,17.5691,46.8621
0.0932417,0.140096,0.111962,2.87329,15.7323,46.8627
0.0794694,0.0589564,0.0996173,10.5024,17.9971,46.8767
0.0969741,0.0247789,0.0974617,1.22601,15.0056,46.877
0.0888691,0.145123,0.131304,4.68075,16.0619,46.8876
0.0779017,0.221777,0.142115,10.0017,17.0603,46.8947
0.0904712,0.00601273,0.095938,4.18984,16.0447,46.9031
0.0795062,0.220109,0.135754,9.36504,17.0466,46.9036
0.0863991,0.191846,0.140209,5.948,16.8255,46.9041
0.0822618,0.106149,0.0998778,8.69802,16.5872,46.9069
0.0991775,0.033349,0.10247,0.413348,15.0558,46.9077
0.0790935,0.103859,0.109612,10.4262,17.4377,46.9104
0.09049,0.14599,0.163399,3.84035,17.1182,46.9131
0.0989014,0.0479567,0.105199,0.691626,15.4881,46.9231
0.0764501,0.237456,0.155717,11.6819,18.6173,46.9241
0.0830514,0.180587,0.143198,7.57713,17.3947,46.9262
0.0877163,0.0983064,0.104845,5.85321,16.7703,46.9267
0.0756433,0.1737,0.115271,12.779,17.8061,46.9283
0.0947947,0.171187,0.135115,1.58751,15.1367,46.929
0.0841538,0.238781,0.161929,6.99131,17.8731,46.9399
0.0933235,0.109438,0.132149,2.92251,16.9985,46.942
0.0952396,0.145668,0.126806,1.8111,15.1426,46.9441
0.0833709,0.128419,0.129789,7.82939,17.7222,46.9468
0.0922471,0.176346,0.15172,2.28994,16.7002,46.958
0.075255,0.229512,0.128614,12.2561,17.1944,46.958
0.0881845,0.184992,0.146301,4.61638,16.2425,46.9651
0.0835282,0.131681,0.12357,7.18129,17.6426,46.9663
0.077635,0.261925,0.154845,10.3324,17.4976,46.9738
0.0747911,0.263804,0.15969,12.6221,18.2235,46.975
0.0750694,0.0824273,0.0941695,13.3151,17.2186,46.9754
0.0810724,0.0882868,0.089716,9.70173,16.6349,46.9766
0.0794956,0.217233,0.149548,9.36826,17.1524,46.9769
0.0791024,0.10403,0.109001,10.2976,17.7673,46.9774
0.0965231,0.0815372,0.100077,1.53726,15.2591,46.9789
0.0946219,0.157819,0.151133,1.09616,16.4385,46.9855
0.0938721,0.0841201,0.106355,2.06944,15.9894,46.9905
0.0932059,0.13889,0.117432,2.07354,15.7185,46.9914
0.0849705,0.155817,0.124042,6.04446,16.1879,46.9941
0.0713417,0.231212,0.141396,15.1307,18.5401,46.9977
0.0892223,0.128781,0.11841,4.25832,16.1774,46.9983
0.0735768,0.263121,0.151403,13.6378,18.6309,46.9983
0.0794511,0.0549858,0.096797,10.0926,17.195,47.0004
0.0810809,0.0805124,0.0894233,9.29618,16.7432,47.0018
0.0968893,0.183043,0.161606,0.165941,16.8912,47.003
0.0866985,0.156132,0.130856,5.45975,16.2326,47.0095
0.0943317,0.195052,0.156398,1.87281,16.7715,47.011
0.0812397,0.204881,0.132863,8.11877,17.9616,47.0123
0.0828512,0.190616,0.155344,7.1566,17.0933,47.018
0.0975867,0.136892,0.122549,0.788708,15.4256,47.0183
0.0935958,0.0866993,0.124467,2.65254,16.3067,47.0227
0.0968684,0.186689,0.145355,0.695135,15.5378,47.0279
0.0881558,0.0389697,0.100994,5.79731,16.4877,47.0313
0.0707744,0.158428,0.114985,16.7664,18.3199,47.0332
0.0988453,0.0625376,0.101849,0.582185,15.7003,47.0343
0.072307,0.285466,0.15025,14.9322,18.9928,47.0566
0.0701272,0.250686,0.140519,16.4805,18.9902,47.0569
0.0826591,0.066659,0.0958967,8.02428,16.6439,47.0571
0.0968584,0.186211,0.144392,0.621425,15.3412,47.0639
0.0700106,0.276716,0.143855,16.7764,18.5709,47.0655
0.0888093,0.155231,0.131536,4.25334,16.4112,47.0669
0.0965546,0.0736369,0.102054,1.98482,15.3275,47.0682
0.0925593,0.00255069,0.0980699,3.26253,16.8306,47.0691
0.0979853,0.131052,0.121174,0.983987,15.5652,47.0704
0.0827566,0.183106,0.144899,7.98978,17.4231,47.0756
0.0951531,0.148233,0.142122,1.67376,16.6233,47.0854
0.0904964,0.160868,0.133632,3.84259,16.2453,47.0968
0.0829897,0.195809,0.123314,7.80537,16.7972,47.0988
0.0791894,0.265772,0.154779,9.37136,17.1329,47.1026
0.0816375,0.140653,0.129776,8.25328,17.2537,47.1033
0.0763836,0.220734,0.15558,11.4074,18.8684,47.1193
0.0761475,0.268426,0.164733,11.1289,18.1974,47.1209
0.0951292,0.141128,0.135962,1.13551,16.8658,47.1289
0.0811788,0.0634817,0.0881195,9.92674,16.528,47.1303
0.0919385,0.0981656,0.0961347,3.50984,15.7569,47.1318
0.090863,0.00558738,0.0804669,4.59511,15.1977,47.1328
0.0908991,0.0240948,0.0817888,4.83406,15.6134,47.1408
0.07834,0.174088,0.123041,10.13,17.6389,47.1454
0.0754699,0.21048,0.119146,12.9495,17.4234,47.1459
0.0934758,0.122159,0.112797,2.39644,15.1164,47.1462
0.0677331,0.275681,0.16559,18.0267,19.5914,47.1471
0.0881985,0.174635,0.157054,4.46603,17.8663,47.1485
0.0961244,0.0812226,0.10415,1.72971,15.466,47.154
0.0791161,0.262725,0.161592,9.61038,17.1424,47.1603
0.0933786,0.133591,0.114567,2.66892,15.9813,47.1614
0.0896643,0.229377,0.165445,3.14378,16.6869,47.1697
0.0851236,0.169553,0.11429,6.98981,16.3289,47.1754
0.0707893,0.163876,0.117219,16.6195,18.2248,47.177
0.0776114,0.112515,0.101926,11.4337,17.8291,47.1849
0.0764132,0.0729637,0.097184,12.1411,17.6276,47.1947
0.074941,0.102305,0.0968547,13.0146,17.6874,47.1953
0.0808041,0.235843,0.164668,8.23283,17.3665,47.2004
0.096785,0.158794,0.164409,0.528192,16.1315,47.2008
0.0861778,0.215324,0.163292,5.8561,17.5401,47.2052
0.0771588,0.176207,0.112467,11.5251,17.4733,47.2077
0.0651673,0.240795,0.132137,21.2869,19.3822,47.2116
0.0831336,0.0466466,0.0857336,8.23417,16.4332,47.2146
0.0930323,0.14226,0.120161,2.99248,15.0684,47.2215
0.0767715,0.18805,0.146903,11.0026,18.2992,47.2253
0.0746742,0.133073,0.103063,13.7622,17.3384,47.2269
0.0859614,0.0721337,0.0976029,6.39742,16.8877,47.2398
0.0698973,0.131374,0.106761,17.5969,18.8554,47.2412
0.0943213,0.177931,0.161896,1.92014,16.4618,47.2432
0.0951283,0.121459,0.142966,1.6745,16.5621,47.2474
0.0943695,0.201347,0.160538,1.52901,16.912,47.2487
0.0765055,0.236737,0.139648,11.3047,17.4358,47.253
0.090774,0.159124,0.125407,3.55545,16.3924,47.2533
0.0822453,0.0917216,0.112362,8.76954,17.6303,47.2538
0.0736994,0.0996792,0.0954753,14.7941,17.6297,47.255
0.0978499,0.114679,0.11954,0.309078,15.4544,47.2588
0.0796128,0.0332145,0.0964176,10.6882,17.3533,47.2595
0.0977096,0.11678,0.148841,0.740683,16.9383,47.2595
0.0852085,0.164727,0.113741,6.40374,16.6855,47.2598
0.0876867,0.102996,0.105953,5.79206,16.0641,47.2651
0.0747331,0.125255,0.105348,13.8004,17.3943,47.2662
0.0769783,0.193356,0.123614,11.4069,17.3411,47.273
0.0847529,0.187547,0.130755,6.22181,16.075,47.2748
0.0690623,0.094381,0.0962874,18.7619,18.5222,47.2758
0.0860161,0.0664723,0.102936,6.31775,16.6977,47.2764
0.0955899,0.113293,0.115032,1.1686,15.9533,47.2767
0.0866205,0.181091,0.135386,5.62801,16.3531,47.2813
0.0747386,0.26462,0.16331,12.6078,18.204,47.294
0.0893933,0.114488,0.10918,4.68468,16.6248,47.3005
0.0948332,0.0384115,0.0916997,2.08106,15.104,47.3037
0.0715724,0.225492,0.132861,15.2821,18.2027,47.3047
0.0659314,0.279722,0.144594,20.3912,19.1505,47.3054
0.0847967,0.149689,0.141946,6.59536,17.8349,47.3109
0.0802367,0.125233,0.116519,9.05628,17.6215,47.3138
0.07549,0.0185442,0.0879394,13.3752,17.6643,47.314
0.0912205,0.12822,0.121338,3.67728,16.635,47.3141
0.0747564,0.140312,0.104042,13.3453,17.5856,47.3145
0.0913117,0.116717,0.115278,3.03238,16.3214,47.3167
0.0760216,0.145053,0.10875,12.156,17.5319,47.3184
0.074997,0.261957,0.161278,12.5076,18.4044,47.3276
0.072966,0.173472,0.129625,14.174,18.2826,47.3323
0.0786552,0.163564,0.114978,10.9455,17.7988,47.3362
0.0723667,0.255458,0.147038,14.3093,18.8094,47.3408
0.0803751,0.133197,0.116321,9.51831,17.5772,47.3411
0.0960042,0.103398,0.11246,1.76326,15.4856,47.3451
0.0819404,0.137189,0.106925,8.29392,16.3045,47.3463
0.0882403,0.190253,0.13549,4.92996,16.1537,47.347
0.0777835,0.221116,0.160043,10.4013,18.1809,47.3475
0.0769799,0.198822,0.122444,11.0175,17.1546,47.3477
0.0731465,0.152015,0.121372,14.1354,18.8048,47.351
0.093315,0.129003,0.125141,2.93489,16.542,47.3541
0.0781778,0.0513548,0.0927962,11.1385,17.2283,47.3643
0.0821182,0.100115,0.11613,8.07786,17.552,47.3646
0.0845286,0.181477,0.162035,6.2964,17.7029,47.3649
0.0973146,0.163258,0.128609,0.812765,15.8397,47.3681
0.0778371,0.243894,0.138804,10.1997,17.5947,47.3776
0.0920017,0.0649643,0.0960693,3.10086,15.2005,47.379
0.0729663,0.172156,0.129137,14.7951,18.7465,47.3866
0.0656858,0.306261,0.162939,20.1715,19.7757,47.387
0.0892886,0.10129,0.1206,4.48698,16.4829,47.3918
0.0806455,0.271941,0.162674,8.03004,17.7592,47.3991
0.0780353,0.234076,0.140475,10.4549,17.4348,47.4017
0.0900816,0.198878,0.162499,3.64264,16.4026,47.4094
0.0793781,0.0755004,0.0979707,10.4617,17.1276,47.4128
0.0931238,0.143901,0.127968,2.3898,16.8693,47.4142
0.0779558,0.0767374,0.0993316,11.4472,17.3694,47.4158
0.0779802,0.194286,0.16047,10.0226,18.5426,47.419
0.0932979,0.0994635,0.124842,2.34543,16.0387,47.4194
0.0953414,0.153484,0.121061,1.69955,15.8759,47.4305
0.0861355,0.0571467,0.0944269,6.30036,16.5184,47.4308
0.0926842,0.141494,0.137592,2.07729,16.1337,47.4313
0.0711235,0.277962,0.145071,15.043,18.5364,47.4353
0.0828125,0.203876,0.138963,7.94153,17.4365,47.4357
0.0800496,0.0334673,0.081179,10.9569,16.7817,47.4362
0.0847963,0.152326,0.138627,6.81942,17.2505,47.4377
0.0809118,0.243064,0.155734,8.12927,17.429,47.444
0.0896287,0.0906439,0.104421,4.87447,16.8431,47.4485
0.0904863,0.141194,0.161579,3.28856,17.3786,47.4504
0.0904197,0.148497,0.160109,3.48162,17.4177,47.4552
0.0904182,0.178988,0.13335,3.0987,16.2909,47.4559
0.0942221,0.06524,0.102226,2.03105,15.9261,47.4608
0.0818697,0.128368,0.116699,8.47465,17.7028,47.4712
0.0809197,0.226747,0.16244,8.78478,17.1519,47.4743
0.0973659,0.150946,0.138947,0.641078,15.1343,47.4771
0.0786522,0.164822,0.118135,10.5651,17.0874,47.4791
0.0762688,0.23006,0.161667,11.5198,18.3191,47.4917
0.0716057,0.221309,0.130183,15.2789,18.5744,47.4925
0.0926244,0.177919,0.126218,2.82277,15.7468,47.5001
0.0868387,0.154022,0.13154,5.95021,16.5973,47.5041
0.09073,0.0103506,0.0907716,4.17111,16.1305,47.5062
0.0970527,0.1622,0.151111,0.561477,16.6128,47.5085
0.092441,0.0379513,0.093339,3.38687,15.098,47.5123
0.0650441,0.267736,0.137821,21.0558,19.2667,47.5142
0.0801152,0.163906,0.119014,9.87306,17.2121,47.5255
0.0723841,0.271779,0.160221,14.5067,18.5482,47.5272
0.0847134,0.0602694,0.0889342,7.76103,16.6765,47.5297
0.08452,0.0457081,0.0898335,7.59628,16.8985,47.5401
0.0920791,0.038402,0.103901,3.38755,16.936,47.5404
0.0848147,0.177862,0.141008,6.51643,17.7422,47.5496
0.0967834,0.178373,0.148226,0.644464,15.8717,47.5502
0.0885441,0.141593,0.157204,4.89721,17.5515,47.5504
0.0904217,0.0109572,0.0930297,4.2328,16.0688,47.5538
0.0946491,0.185593,0.155327,1.98799,16.446,47.555
0.0793317,0.22737,0.154766,9.96318,17.2035,47.5556
0.0763226,0.258278,0.160199,11.7883,18.7951,47.5586
0.094929,0.173159,0.132098,1.01177,15.4308,47.5609
0.092615,0.179819,0.126912,2.37304,15.2144,47.5622
0.0700996,0.259551,0.138069,16.1212,18.9973,47.5675
0.0952064,0.138831,0.146553,1.06351,16.8025,47.5684
0.0863082,0.199797,0.153617,5.61851,17.0757,47.5734
0.0898984,0.0961359,0.0931343,4.85933,15.5841,47.5739
0.0678602,0.283967,0.162989,18.2542,19.0172,47.5761
0.0903666,0.187366,0.13587,3.84772,16.2539,47.5782
0.0930759,0.153097,0.114692,2.91424,15.6467,47.5797
0.0880655,0.0718012,0.0982209,5.21685,16.955,47.5833
0.0799735,0.151381,0.12888,9.69878,17.3012,47.5836
0.0933731,0.0932597,0.126337,2.32994,16.5461,47.5842
0.0870093,0.00957863,0.0843757,6.2912,16.177,47.5848
0.0809292,0.243251,0.153844,8.3012,17.0879,47.5858
0.0902502,0.181554,0.15657,3.68214,16.0731,47.5871
0.0691015,0.250953,0.134508,17.9506,18.3531,47.5872
0.093622,0.104072,0.111347,2.89898,15.2008,47.5929
0.0808752,0.218932,0.160626,8.32343,17.2988,47.596
0.0816974,0.17018,0.110912,8.06109,16.14,47.5982
0.0933156,0.101971,0.132893,2.95176,16.659,47.6011
0.0711212,0.280869,0.15673,15.4103,18.223,47.6013
0.0650337,0.258114,0.13827,21.4203,19.8661,47.6059
0.0903496,0.0490034,0.0853319,4.73012,15.6099,47.6131
0.0905482,0.151277,0.133538,3.25399,16.856,47.6181
0.086021,0.0842546,0.0952559,6.1288,16.3437,47.6341
0.0970722,0.160888,0.139026,0.400158,15.6299,47.6355
0.0909558,0.124151,0.121338,3.07454,16.589,47.6365
0.0822614,0.110522,0.0978501,8.33836,16.0771,47.6382
0.0947776,0.182762,0.132059,1.98592,15.0733,47.642
0.087393,0.102901,0.107332,5.27009,16.7745,47.6436
0.0779956,0.0713632,0.0940326,11.1536,17.5345,47.6445
0.0763866,0.252832,0.158996,11.6936,18.9265,47.6465
0.0943227,0.0474468,0.095531,2.05145,15.4725,47.6489
0.0817042,0.163391,0.112876,8.21578,16.3397,47.6498
0.0849748,0.013999,0.0828162,7.63697,16.6852,47.65
0.0772796,0.133036,0.109676,11.7974,17.6641,47.6505
0.0741663,0.0309016,0.0882963,14.7851,17.0924,47.6507
0.0897874,0.202403,0.165518,3.31796,16.5033,47.6517
0.0697081,0.161309,0.10863,17.3485,18.8546,47.6556
0.0945791,0.189874,0.137155,1.53769,15.5475,47.6579
0.0803795,0.13002,0.111378,9.88862,17.3489,47.665
0.0816603,0.164288,0.12644,8.77182,17.6702,47.6692
0.0904484,0.00459487,0.0955046,4.33376,16.6675,47.6713
0.0800592,0.00494632,0.087849,10.1093,17.0129,47.6737
0.0784952,0.155214,0.125382,10.5857,17.6057,47.6756
0.0849366,0.186024,0.124417,6.85126,16.0831,47.6774
0.0875305,0.10291,0.113741,5.52261,16.0001,47.6791
0.0845486,0.171769,0.14586,6.38801,17.7517,47.684
0.0900083,0.0405552,0.10017,4.24893,16.7081,47.6844
0.0896679,0.0930108,0.105055,4.2343,16.7901,47.6865
0.0894576,0.112078,0.108783,4.96783,16.2732,47.6872
0.0866477,0.142223,0.145874,5.99208,17.7043,47.6894
0.0861276,0.227381,0.146271,5.0041,16.806,47.6896
0.0825621,0.201071,0.150494,7.73614,17.7913,47.69
0.0908667,0.155955,0.115477,3.34433,15.5783,47.6989
0.094263,0.0565283,0.101312,2.77441,15.7248,47.7024
0.0925883,0.161864,0.136032,2.34234,16.9115,47.7034
0.0919767,0.0710997,0.0947672,3.2637,15.0613,47.7106
0.088178,0.194217,0.160369,4.65644,17.2538,47.7131
0.0955542,0.112087,0.116395,1.30381,15.415,47.714
0.0733525,0.308243,0.164697,13.0235,18.8396,47.7144
0.0812207,0.0817937,0.0869696,9.31419,16.364,47.7177
0.079286,0.2225,0.165225,9.62464,18.9742,47.7211
0.0850855,0.128227,0.131962,6.75455,17.5271,47.7242
0.0826738,0.216576,0.161076,7.00893,17.6942,47.7252
0.093181,0.133062,0.112527,2.52529,15.9906,47.7301
0.0884771,0.167821,0.15454,4.29623,17.1556,47.7308
0.0971555,0.038258,0.0874858,1.02991,15.7342,47.7365
0.0795967,0.189753,0.134715,9.97078,17.1197,47.7401
0.0882279,0.192123,0.159434,4.71555,17.9961,47.7404
0.0926301,0.165049,0.134681,2.83096,16.9277,47.7415
0.0882787,0.203403,0.146386,4.65439,16.6778,47.7433
0.0728363,0.211894,0.137107,14.3193,18.7522,47.744
0.093069,0.149305,0.113891,2.34577,15.5433,47.7487
0.0916384,0.0939595,0.113549,3.16884,16.2045,47.7581
0.0689196,0.113358,0.0988155,18.5058,18.7679,47.7602
0.0903674,0.19167,0.137285,3.61054,16.0171,47.7615
0.0899065,0.0571147,0.108091,4.94414,16.1243,47.773
0.076956,0.00179705,0.0878339,12.1953,17.9323,47.7739
0.0746806,0.131256,0.10195,13.0664,17.4644,47.7753
0.0722522,0.293839,0.152247,14.7439,18.8261,47.7805
0.0811062,0.225463,0.140221,8.53534,17.3747,47.7832
0.0690264,0.104648,0.0974433,18.6824,18.6232,47.7836
0.0916544,0.0947714,0.110532,3.89993,16.4488,47.784
0.0947839,0.180383,0.135327,1.2074,15.4146,47.7867
0.0780738,0.0641722,0.0967554,11.9576,17.8811,47.7868
0.0725907,0.23951,0.151775,14.6676,18.2487,47.7871
0.094993,0.165357,0.132952,1.62126,15.5266,47.7873
0.0735938,0.283492,0.162515,13.16,18.208,47.7874
0.0928758,0.152339,0.142883,2.25584,16.7808,47.8015
0.0775864,0.109592,0.109035,11.6884,17.8465,47.8026
0.0829524,0.191781,0.147648,7.95893,17.9641,47.8098
0.0841883,0.215318,0.154581,6.42306,17.1102,47.8138
0.0779729,0.0658143,0.100134,11.4123,17.4838,47.8213
0.0793777,0.0587524,0.102641,10.5089,17.7032,47.8224
0.0897868,0.0562856,0.106609,4.83254,16.8722,47.8262
0.0729871,0.184804,0.123842,14.7501,18.4208,47.8264
0.0938969,0.0934194,0.106784,2.90077,15.2659,47.8267
0.0973589,0.14069,0.136964,0.84444,15.0139,47.8359
0.088844,0.0100453,0.0863918,5.93621,16.2409,47.8386
0.0808111,0.249827,0.163905,8.25027,17.2581,47.8395
0.0753026,0.190795,0.147594,12.4539,18.0829,47.8426
0.0868715,0.13223,0.143575,5.96019,17.9784,47.8446
0.0914748,0.101062,0.120353,3.50642,16.3202,47.8451
0.0979965,0.12321,0.113257,0.784646,15.3049,47.8451
0.0973052,0.140775,0.135728,0.643189,15.9708,47.8454
0.0958334,0.102363,0.106811,1.99314,15.2138,47.8467
0.077739,0.269716,0.144508,10.5757,17.0954,47.8496
0.0691493,0.0722153,0.0930731,18.6832,18.365,47.8541
0.0743792,0.183705,0.110492,13.1892,17.5183,47.8554
0.0830827,0.0573618,0.0855535,8.22138,16.8676,47.8554
0.0923646,0.0349329,0.101544,3.28241,16.5257,47.86
0.077862,0.0908688,0.10036,11.7069,17.97,47.86
0.0954571,0.127256,0.113516,1.59368,15.5796,47.8603
0.0842124,0.212343,0.153717,6.18574,17.7918,47.8637
0.0869491,0.130942,0.11891,5.28135,16.6664,47.8652
0.0823074,0.225005,0.161902,7.63085,17.6954,47.8761
0.0968938,0.189717,0.146591,0.35322,15.3242,47.8792
0.0885575,0.0330111,0.0905075,5.98566,16.5701,47.8817
0.0801934,0.157908,0.117774,9.85278,17.4655,47.8842
0.0858844,0.230404,0.16477,5.97677,17.0415,47.8843
0.0794206,0.0701844,0.101505,10.7812,17.441,47.8848
0.0992426,0.0449091,0.103842,0.741805,15.2311,47.8855
0.0762001,0.0971834,0.101549,12.3585,17.2488,47.8893
0.0867017,0.152255,0.130533,5.77697,16.7225,47.8902
0.0751316,0.251916,0.132219,12.2162,17.8161,47.8933
0.0880968,0.069348,0.0989849,5.97255,16.3501,47.8977
0.0947772,0.172618,0.137897,1.46156,15.6557,47.9022
0.0930324,0.123779,0.141564,2.76345,16.2455,47.9044
0.0709718,0.124792,0.108404,16.0924,18.0611,47.9068
0.0844852,0.208825,0.147735,6.38312,17.1507,47.9091
0.0905047,0.0358708,0.08777,4.08308,15.6711,47.9164
0.0780925,0.195343,0.159797,10.2839,18.1462,47.9192
0.0810185,0.0935352,0.0891055,9.931,16.6981,47.922
0.0908126,0.156141,0.135577,3.1083,16.5544,47.9238
0.0863834,0.19728,0.143804,5.70556,16.9054,47.9287
0.0931116,0.00143341,0.085084,3.68065,15.1317,47.9305
0.089122,0.00995176,0.0765724,5.87647,15.0333,47.9347
0.0782383,0.0402953,0.0943719,11.6435,17.729,47.9352
0.0680966,0.082616,0.0920581,19.681,18.6474,47.9355
0.0816289,0.165434,0.123292,8.7609,17.3707,47.939
0.0872106,0.146164,0.111815,5.36091,16.1359,47.9429
0.0849529,0.163019,0.136395,6.89185,17.3572,47.9562
0.0764221,0.259918,0.136291,11.1017,17.4983,47.9642
0.0898181,0.197237,0.164563,3.67454,16.322,47.9699
0.0925254,0.149429,0.142713,2.93449,16.6977,47.9732
0.0712074,0.26378,0.154196,15.4067,18.3712,47.975
0.0734921,0.296125,0.158643,13.3211,18.665,47.9798
0.091576,0.103659,0.111136,3.8022,16.8614,47.9814
0.0778907,0.245744,0.135809,10.3409,17.1287,47.9872
0.0941371,0.063448,0.109681,2.28139,16.2091,47.9898
0.0677794,0.29437,0.156852,18.7221,19.8373,47.9919
0.0866383,0.147202,0.153809,5.79877,17.5506,47.9987
0.0865534,0.191239,0.138345,5.82655,16.1033,47.9993
0.0800439,0.00519733,0.0891062,10.4962,17.4391,48.0007
0.0880869,0.0371994,0.0999792,5.04071,16.4784,48.0015
0.0926825,0.169208,0.14865,2.85855,16.3563,48.0041
0.0866813,0.151334,0.139513,5.7158,17.5212,48.0049
0.0793594,0.0838956,0.100076,10.5201,17.5738,48.0085
0.0782096,0.179808,0.148504,10.4146,18.2858,48.0144
0.0911022,0.133054,0.111815,3.58663,15.1625,48.0187
0.0697162,0.16782,0.112658,17.8689,18.2849,48.0204
0.085652,0.128941,0.103201,6.62396,16.2546,48.021
0.0775412,0.118691,0.102445,11.396,17.4367,48.0224
0.0793899,0.0672142,0.103219,10.6093,17.6417,48.0235
0.0812469,0.0729095,0.0851246,9.04407,16.8638,48.0244
0.0891736,0.00860015,0.0757996,5.65196,15.41,48.0251
0.0950734,0.160221,0.132292,1.63893,15.115,48.0265
0.0881054,0.190699,0.158663,4.23384,17.6892,48.0277
0.0967507,0.170467,0.159285,0.805824,16.5067,48.028
0.0750339,0.218091,0.154719,12.3841,18.3369,48.0308
0.0957944,0.0989953,0.109469,1.44034,15.1628,48.0311
0.090428,0.16068,0.158171,3.59406,17.1943,48.0317
0.0902499,0.174526,0.155538,3.00148,16.0401,48.0374
0.0864634,0.0612884,0.0911419,6.53302,16.6966,48.0408
0.0939171,0.0728611,0.104854,2.8345,15.3495,48.0433
0.0847183,0.154189,0.146681,6.99221,17.1824,48.0435
0.0931336,0.109751,0.134257,2.92504,16.928,48.0447
0.0704883,0.191331,0.124726,16.1861,18.9932,48.0463
0.0866547,0.156092,0.126358,5.83652,16.8177,48.047
0.0703385,0.216802,0.134389,16.953,18.3582,48.0511
0.0756088,0.189063,0.121121,12.1304,17.9261,48.052
0.0954744,0.145512,0.120492,1.64624,15.3527,48.0523
0.0844357,0.212507,0.148673,6.07316,17.2056,48.0523
0.0734867,0.276162,0.153709,13.823,18.8853,48.0548
0.079321,0.0611141,0.101067,10.9313,17.0492,48.0573
0.0928687,0.030925,0.0813324,3.57151,15.0298,48.0605
0.0911476,0.103158,0.12167,3.53667,16.9014,48.0611
0.0812552,0.214266,0.138709,8.4431,17.4863,48.0642
0.0901627,0.208319,0.153578,3.23821,16.4773,48.0651
0.0846756,0.165547,0.139255,6.56262,17.6534,48.0697
0.0708586,0.324613,0.164532,15.7095,18.5883,48.0725
0.0781403,0.203518,0.126591,10.9011,17.3617,48.075
0.0710874,0.281637,0.144878,15.6179,18.225,48.08
0.0770451,0.197441,0.118809,11.4707,17.7232,48.0815
0.0905257,0.146226,0.166246,3.90437,17.9848,48.0836
0.0725279,0.227467,0.149842,14.9376,18.0984,48.0863
0.0808242,0.221343,0.149747,8.62004,17.4314,48.089
0.0770849,0.156832,0.113942,11.5104,17.8854,48.0934
0.0667489,0.274554,0.159559,19.5348,19.2617,48.094
0.0910707,0.117928,0.132362,3.69616,16.0692,48.0977
0.0790887,0.103262,0.110763,10.8801,17.4557,48.1
0.0782104,0.180498,0.131351,10.4302,17.8316,48.1001
0.0842968,0.230825,0.138458,6.48579,16.3374,48.1095
0.0969174,0.0564422,0.0966062,1.11314,15.0949,48.1098
0.092142,0.0824929,0.0957301,3.13764,15.6275,48.1117
0.0886963,0.0159447,0.0913515,5.63169,16.1114,48.1162
0.0956719,0.121938,0.108335,1.81058,15.6916,48.1209
0.076715,0.0664399,0.0905896,12.1656,17.518,48.123
0.0744744,0.176153,0.111607,13.2121,17.1814,48.1355
0.0986718,0.096974,0.105783,0.650559,15.8496,48.1364
0.0841367,0.203472,0.161124,6.15492,17.2252,48.1384
0.0753848,0.206163,0.127731,12.2524,17.6488,48.1389
0.0935959,0.0776079,0.119524,2.04447,16.2303,48.1409
0.0889879,0.134626,0.115106,4.1134,16.1752,48.142
0.0821872,0.0898775,0.110983,8.96204,17.5269,48.144
0.0813092,0.209086,0.138987,8.79519,17.9365,48.1446
0.0862889,0.208602,0.13262,5.52059,16.8259,48.1488
0.0784595,0.19627,0.121659,10.391,17.2974,48.1498
0.0903813,0.0621872,0.088683,4.24908,15.8187,48.1546
0.0906399,0.140327,0.158068,3.79346,17.2965,48.1548
0.0794848,0.195343,0.157435,9.42472,18.2101,48.1559
0.0933773,0.138323,0.114999,2.15068,15.0449,48.1591
0.0746286,0.287181,0.165948,12.7697,18.0358,48.16
0.090527,0.152614,0.133154,3.45685,16.7579,48.1606
0.0680087,0.257335,0.150737,18.6411,19.6619,48.1651
0.0806208,0.23392,0.164648,8.32489,17.0065,48.1653
0.0943962,0.200724,0.157942,1.37449,16.967,48.1679
0.0736297,0.121005,0.0950216,14.7767,17.3935,48.1686
0.0911694,0.0102416,0.0757061,4.21147,15.8313,48.1697
0.095033,0.0374696,0.0846645,2.27523,15.1725,48.1782
0.0826742,0.187523,0.146857,7.63501,17.9701,48.1831
0.0950341,0.0273025,0.0831089,2.19447,15.5726,48.1873
0.0778218,0.263854,0.145616,10.9403,17.1059,48.1938
0.0962819,0.058573,0.117158,1.24111,16.8017,48.1956
0.0915927,0.0814276,0.119089,3.60331,16.2521,48.1959
0.0975477,0.149057,0.136625,0.052168,15.1123,48.1995
0.0845543,0.196619,0.128631,6.20624,16.1486,48.2008
0.0756566,0.00619177,0.0878834,13.4899,17.2953,48.202
0.0810351,0.22217,0.156562,8.91223,17.9245,48.2079
0.073652,0.0985733,0.0958307,14.7103,17.185,48.2181
0.0667768,0.301978,0.165038,19.3694,19.989,48.2195
0.076816,0.220109,0.128223,11.6552,17.146,48.2198
0.0867195,0.161295,0.147623,5.24506,17.044,48.2202
0.0883816,0.194231,0.13099,4.61643,16.8385,48.221
0.0975523,0.136614,0.151636,0.491723,16.5729,48.227
0.0923798,0.17588,0.140547,2.83278,16.1289,48.2278
0.0968404,0.0450632,0.101055,1.19132,15.2255,48.2323
0.0755769,0.163513,0.135128,12.1422,18.6674,48.2334
0.0742896,0.0165438,0.0815253,14.9666,17.5064,48.2335
0.0943612,0.0595186,0.101003,2.61743,15.7897,48.2363
0.079377,0.0549078,0.0986841,10.9073,17.8891,48.2384
0.0950762,0.0255877,0.0826201,2.26598,15.6086,48.2394
0.0973116,0.138567,0.165473,0.0839793,16.7252,48.2406
0.0878436,0.236641,0.158735,4.60047,16.8785,48.2417
0.0948364,0.175864,0.148245,1.47995,16.0948,48.2469
0.0752399,0.084593,0.0889401,13.4634,17.6667,48.2482
0.0899479,0.190082,0.154114,3.63333,16.1288,48.2496
0.0980253,0.0857743,0.134185,0.0676944,16.506,48.2501
0.0781721,0.0254559,0.0915161,11.5791,17.4602,48.2536
0.0688691,0.112477,0.101281,18.9728,18.3089,48.2565
0.0726443,0.248646,0.143445,14.6001,18.6408,48.2568
0.0669572,0.253192,0.153655,19.9913,19.6374,48.2575
0.0934272,0.0895539,0.127376,2.49951,16.7595,48.2649
0.0762637,0.26856,0.148728,11.0112,17.2182,48.272
0.08656,0.180076,0.149862,5.22846,17.2017,48.2736
0.0678076,0.285155,0.154731,18.7056,19.286,48.2744
0.0898745,0.0494386,0.107065,4.43317,16.1348,48.2753
0.0830833,0.168683,0.146608,7.22777,17.4843,48.2776
0.0883299,0.0331253,0.0908255,5.76356,16.3034,48.2779
0.0848529,0.0108347,0.0845834,7.5071,16.0718,48.2787
0.0948513,0.169134,0.156315,1.08111,16.9408,48.2835
0.0986191,0.0948809,0.103659,0.735741,15.1833,48.2842
0.0982628,0.109069,0.119019,0.800553,15.5451,48.2846
0.0880284,0.196322,0.143937,4.10939,16.7492,48.2892
0.07558,0.166055,0.132076,12.8452,18.5132,48.2908
0.0656186,0.313403,0.163586,20.3653,19.3497,48.2934
0.0938728,0.0581371,0.115102,2.61513,16.0699,48.3004
0.0891616,0.138213,0.106653,4.48723,15.7655,48.3022
0.0824727,0.24971,0.15936,7.97952,17.0519,48.3026
0.0986096,0.0638102,0.111212,0.279922,15.1212,48.3057
0.0940577,0.0624639,0.0993862,2.74654,15.7387,48.3096
0.088012,0.210131,0.141403,4.72969,16.981,48.3106
0.0842839,0.23641,0.141237,6.80866,16.2755,48.3183
0.0814887,0.18493,0.126501,8.3787,17.7128,48.3219
0.0886897,0.136284,0.143928,4.79846,17.0538,48.3228
0.0847465,0.184265,0.14753,6.47907,17.6745,48.3262
0.0929715,0.150058,0.115455,2.35964,15.3228,48.329
0.067025,0.252507,0.141736,19.7852,19.8236,48.33
0.0940632,0.214929,0.166042,1.36918,16.6655,48.3308
0.0978541,0.116017,0.136664,0.878573,16.3722,48.3317
0.0844098,0.223103,0.153488,6.43627,17.5939,48.3372
0.0928572,0.157978,0.118213,2.18186,15.1426,48.3379
0.0693289,0.232015,0.119675,17.9396,18.2151,48.3422
0.0798582,0.063197,0.0823325,10.4396,16.0767,48.3424
0.0814021,0.038712,0.0881225,9.50032,16.365,48.3463
0.0865976,0.170425,0.138193,5.71318,16.1107,48.3576
0.0730666,0.0463514,0.0801754,15.7932,17.6235,48.3587
0.0878005,0.0911373,0.10622,5.94766,16.594,48.3624
0.0830227,0.0380083,0.0836032,8.15419,16.0633,48.3641
0.0948274,0.147209,0.14171,1.03834,16.1216,48.3655
0.0809806,0.200901,0.143521,8.00578,17.0716,48.3658
0.0803967,0.156233,0.101827,9.79171,16.1088,48.3661
0.0756578,0.199322,0.111736,12.5693,17.5269,48.367
0.0736477,0.233731,0.152943,13.2218,18.5205,48.3716
0.0851162,0.174133,0.119664,6.17663,16.9294,48.3727
0.0779513,0.0811167,0.0997101,11.69,17.1154,48.378
0.0750695,0.114934,0.092822,13.6163,17.4399,48.3808
0.0775157,0.283677,0.154335,10.3411,17.3014,48.3877
0.0914461,0.0980342,0.122569,3.66265,16.0891,48.3899
0.0724401,0.280331,0.149825,14.6026,18.0651,48.3933
0.0701164,0.104386,0.100013,17.0695,18.1417,48.4056
0.0733481,0.168638,0.103846,14.5381,17.8399,48.4121
0.0738517,0.234548,0.15686,13.9627,18.5944,48.4137
0.0925551,0.181298,0.15189,2.95695,16.0144,48.4143
0.0853899,0.117737,0.108027,6.84994,16.4979,48.4158
0.0826172,0.237069,0.155274,7.5304,17.4216,48.4163
0.092342,0.158389,0.150739,2.31717,16.9911,48.4195
0.0851347,0.140777,0.129765,6.92736,17.9974,48.4224
0.0818798,0.156564,0.104144,8.97889,16.7837,48.4232
0.0973949,0.0281216,0.0849613,1.45257,15.0662,48.4265
0.0848384,0.178288,0.130824,6.25372,16.2738,48.4301
0.0742318,0.192051,0.131534,13.5476,18.9408,48.4312
0.0937801,0.0836856,0.103361,2.39688,15.2246,48.4347
0.0938742,0.0954301,0.0979985,2.69027,15.8126,48.4408
0.072717,0.0679807,0.0878195,15.4351,17.1909,48.4455
0.077058,0.190925,0.113548,11.2774,17.2215,48.4465
0.0918181,0.0788421,0.101687,3.85918,15.9528,48.4519
0.0924972,0.0621976,0.0856779,3.92397,15.9051,48.4591
0.0950308,0.151256,0.153222,1.78247,16.8367,48.4633
0.0738756,0.205108,0.144348,13.4724,18.9817,48.4662
0.0956582,0.0978749,0.123811,1.22498,16.3153,48.4682
0.0987371,0.0951025,0.105593,0.583043,15.5671,48.4778
0.0704407,0.197229,0.125154,16.7262,18.2725,48.4782
0.0951832,0.124394,0.133128,1.08735,16.7876,48.4784
0.0711,0.281879,0.159514,15.9008,18.7281,48.4791
0.0949962,0.176867,0.128533,1.05065,15.6109,48.4806
0.095798,0.0917232,0.114932,1.0277,15.7399,48.4825
0.097231,0.146533,0.140776,0.981513,15.985,48.4827
0.0829195,0.212886,0.127767,7.02235,16.4023,48.4857
0.0875652,0.11482,0.110217,5.70975,16.5943,48.4886
0.0752964,0.204837,0.137903,12.6108,18.893,48.4893
0.0694067,0.211041,0.125685,17.299,18.6262,48.4903
0.0844569,0.215857,0.140026,6.7287,16.967,48.4907
0.068094,0.241914,0.148359,18.8789,19.4795,48.4918
0.0887495,0.13863,0.143984,4.44727,17.1447,48.4935
0.0833354,0.182344,0.112356,7.28421,16.3196,48.4962
0.0979135,0.00263811,0.0758992,1.8319,14.1884,48.4978
0.0744436,0.15684,0.110063,13.4371,17.2109,48.4982
0.0733326,0.0148963,0.0769877,15.0196,17.6386,48.4983
0.0797887,0.00678958,0.0942434,10.7539,17.1381,48.5026
0.0877193,0.22895,0.156691,4.15737,16.1465,48.5028
0.0883707,0.203156,0.137816,4.64177,16.8967,48.5039
0.0805208,0.244735,0.166151,8.76257,17.7636,48.5085
0.0966939,0.200138,0.151943,0.540443,15.893,48.5106
0.074282,0.182947,0.128078,13.0424,18.8319,48.5153
0.0741125,0.193055,0.129749,13.1528,18.0449,48.5159
0.0887159,0.125412,0.148763,4.46171,17.2794,48.5162
0.0762901,0.0852014,0.098537,12.2688,17.5553,48.5193
0.0714769,0.247529,0.129732,15.9435,18.0253,48.5198
0.0750508,0.0747329,0.0954242,13.8389,17.1494,48.5224
0.0805246,0.0914666,0.113016,9.75112,17.7051,48.5268
0.0794442,0.209341,0.150473,9.33116,17.7984,48.5307
0.072389,0.2535,0.142815,14.1315,18.6552,48.5346
0.0751845,0.23,0.130606,12.9164,17.3629,48.5353
0.0767105,0.229711,0.133438,11.641,17.8366,48.5355
0.0913919,0.0849094,0.120827,3.90004,16.6738,48.5383
0.0708816,0.298033,0.164241,15.9426,18.137,48.5384
0.0866172,0.0182817,0.0859005,6.77491,16.8024,48.5389
0.0646858,0.329564,0.160622,21.9021,19.8703,48.5399
0.0923861,0.0337269,0.0891667,3.70693,15.7882,48.5406
0.0730436,0.0364554,0.0801634,15.4211,17.3296,48.543
0.0684776,0.178631,0.114708,18.6828,18.747,48.5475
0.079322,0.0631564,0.104965,10.4695,17.9216,48.5483
0.0913846,0.120117,0.101426,3.2058,15.8582,48.5493
0.0742828,0.0561936,0.0836642,14.8226,17.1824,48.5512
0.0778224,0.22615,0.14946,10.5417,17.4861,48.552
0.0729855,0.164451,0.128601,14.897,18.5356,48.5535
0.0779813,0.227698,0.147778,10.9699,17.092,48.5553
0.0889553,0.0224524,0.076675,5.4531,15.6623,48.5595
0.0695831,0.179682,0.119196,17.9929,18.5346,48.5642
0.0824585,0.221004,0.148621,7.60385,17.2776,48.5674
0.0785575,0.185313,0.117848,10.9617,17.8954,48.5686
0.0766449,0.201719,0.158081,11.0233,18.0281,48.572
0.0820808,0.103127,0.111321,8.35336,17.5988,48.576
0.0933042,0.136116,0.1256,2.79842,16.9499,48.5761
0.076265,0.266223,0.149863,11.4203,17.57,48.5793
0.0930683,0.12172,0.1252,2.48705,16.2353,48.5807
0.0904398,0.163641,0.151793,3.21055,16.5764,48.5845
0.068202,0.0517169,0.0911544,19.2223,18.3375,48.5886
0.0766945,0.223076,0.123452,11.6222,17.659,48.5946
0.0986459,0.0730679,0.102071,0.849174,15.8114,48.5975
0.0795091,0.211886,0.153215,9.06462,17.7684,48.5985
0.0737355,0.106945,0.0916958,14.1056,17.4928,48.6008
0.0709446,0.148262,0.108185,16.6133,18.3556,48.6015
0.0954025,0.122447,0.124757,1.42139,15.4261,48.6038
0.0981199,0.092288,0.136053,0.119702,16.4256,48.6062
0.0836081,0.119766,0.110227,7.50872,16.6056,48.6097
0.0691383,0.268521,0.128367,17.1605,18.2772,48.614
0.0956745,0.108098,0.133262,1.99346,16.1416,48.6194
0.0655619,0.331761,0.160823,20.7402,19.4397,48.621
0.0881363,0.180668,0.150363,4.48046,16.7095,48.6211
0.0743378,0.171155,0.129909,13.1216,18.738,48.6212
0.0922732,0.175071,0.143912,2.67419,16.4494,48.6225
0.0679731,0.268286,0.154071,18.5276,19.9026,48.6225
0.0860103,0.216494,0.145548,5.66811,16.6032,48.6243
0.0861419,0.222688,0.136947,5.02223,16.8472,48.625
0.0926858,0.173576,0.121463,2.09314,15.5176,48.6261
0.07503,0.110398,0.0982956,13.9831,17.4679,48.6264
0.0827961,0.217278,0.127492,7.07694,16.0973,48.6287
0.0951223,0.132239,0.128776,1.56363,15.129,48.6307
0.0739851,0.191088,0.140324,13.8815,18.4346,48.6364
0.0713726,0.22276,0.141554,15.432,18.0787,48.6429
0.0659088,0.261551,0.142222,20.9351,19.0622,48.6459
0.0688352,0.259026,0.166012,17.157,19.6951,48.646
0.0901111,0.0598828,0.101701,4.05902,16.1085,48.6491
0.0898478,0.192303,0.162996,3.85224,16.182,48.6513
0.0965794,0.189632,0.15663,0.864307,15.0599,48.6531
0.0707921,0.166877,0.119421,16.2268,18.8021,48.6543
0.0818486,0.147726,0.122113,8.28383,17.7002,48.6548
0.0803852,0.144485,0.113576,9.9989,17.1806,48.6571
0.0970323,0.0551196,0.0909885,1.58433,15.605,48.6575
0.0881072,0.217634,0.153093,4.2165,16.7633,48.6593
0.0956386,0.1025,0.118668,1.10609,15.6723,48.6605
0.0901796,0.0797983,0.0872569,4.0705,15.272,48.6616
0.0913968,0.132849,0.1021,3.95364,15.5567,48.6623
0.089944,0.0880154,0.0957052,4.40513,15.22,48.6658
0.0748796,0.253652,0.153558,12.4674,18.3414,48.6661
0.0679877,0.256126,0.147445,18.0307,19.1307,48.6682
0.0671139,0.226655,0.137099,19.7144,19.882,48.6698
