beta,permeability,xi,init_days,delay,value
0.0928818,0.397321,0.0736713,0.31574,10.525,52.7859
0.0920856,0.422701,0.0867328,0.798462,10.7045,52.964
0.092244,0.345736,0.0603081,1.99812,10.7848,53.0526
0.0899676,0.440571,0.0831774,1.3289,10.7328,53.1098
0.0893571,0.469897,0.103457,1.47146,11.4528,53.1835
0.0949511,0.319556,0.0544559,0.585764,9.92565,53.2754
0.0918907,0.434753,0.094828,0.649247,11.9658,53.3738
0.0895794,0.385395,0.0631771,2.30781,10.3637,53.3805
0.0871235,0.494493,0.104721,2.64143,11.7292,53.3833
0.0925914,0.400296,0.0790685,0.97677,10.878,53.4062
0.0894098,0.463535,0.0979441,1.46548,11.8114,53.4303
0.0923951,0.416925,0.0773911,0.339649,10.4835,53.4462
0.0896024,0.385185,0.0617792,2.66899,10.3705,53.4684
0.0906065,0.414008,0.0824193,1.36625,11.9159,53.4747
0.0869617,0.507641,0.10577,2.66744,11.0912,53.4975
0.0950943,0.315105,0.0552847,0.945294,10.6323,53.542
0.091749,0.363268,0.0633429,1.47399,10.1894,53.5465
0.0928208,0.328329,0.0532106,1.8089,10.9904,53.5471
0.0919595,0.365911,0.0609635,1.62905,10.7282,53.5549
0.0881347,0.44536,0.0853426,2.32964,11.9203,53.5716
0.090203,0.428466,0.0911419,1.70956,11.7692,53.6318
0.0935583,0.376362,0.0613424,0.270281,9.16704,53.6324
0.0859281,0.482826,0.0853497,3.88326,11.2517,53.6353
0.0867466,0.444912,0.0691098,3.29858,10.9393,53.6662
0.0910747,0.46662,0.108925,0.944623,11.4615,53.6675
0.0911624,0.325723,0.051179,2.19183,10.537,53.6856
0.0908997,0.407142,0.0682932,1.95088,10.7108,53.7105
0.0894787,0.466337,0.0880713,1.72089,10.1537,53.7173
0.0908308,0.332863,0.0520536,2.69541,10.8835,53.7275
0.095268,0.308849,0.0552708,0.552765,10.634,53.7355
0.0899412,0.378034,0.055601,2.52741,9.16293,53.7931
0.0876408,0.404902,0.0596303,3.58572,10.8628,53.8265
0.0866039,0.45333,0.0700307,3.94397,10.7517,53.8785
0.0907299,0.40407,0.0794092,1.57258,11.3151,53.9083
0.0866509,0.521132,0.116535,2.35611,11.8187,53.9441
0.0847976,0.534861,0.124469,3.22186,12.9996,53.9478
0.0854753,0.500755,0.0997968,3.8367,11.1934,53.9796
0.0846354,0.468541,0.0789456,4.2889,11.3378,53.9825
0.0909399,0.401131,0.0772257,1.4084,11.8385,54.0098
0.0917552,0.382401,0.0548846,1.8743,8.4758,54.037
0.0895088,0.401582,0.0594913,2.28165,9.51645,54.06
0.0909992,0.393494,0.0736837,1.32168,10.5922,54.0653
0.0897449,0.392282,0.0574732,2.60555,9.93496,54.088
0.0936569,0.375243,0.0596314,0.492893,9.47672,54.0944
0.0920588,0.43375,0.0822384,0.273584,10.8685,54.1155
0.0885808,0.430002,0.0757369,2.5446,10.077,54.1234
0.088556,0.422132,0.081129,2.24966,11.834,54.1266
0.0862249,0.471619,0.073893,3.46537,10.7742,54.133
0.0873675,0.409971,0.0681013,3.06533,11.9275,54.1472
0.0870326,0.49892,0.114432,2.40442,12.767,54.1587
0.0870094,0.428038,0.0689093,3.85856,10.0201,54.179
0.0906464,0.488743,0.120344,0.117773,11.7106,54.1974
0.08701,0.436156,0.0629539,3.91193,9.90671,54.2063
0.0851764,0.516074,0.111087,3.94877,12.0932,54.2155
0.0908714,0.412622,0.0642894,1.92035,9.88059,54.2775
0.0860859,0.406735,0.0552762,4.33728,10.8494,54.286
0.0868502,0.511217,0.104399,2.97533,11.0951,54.3028
0.0937279,0.358944,0.0622034,0.467608,9.09195,54.3087
0.0889348,0.41811,0.0715701,2.46627,10.2961,54.3104
0.0901815,0.434873,0.0760061,1.64897,10.4283,54.3285
0.0823696,0.513636,0.0818174,5.20995,11.6551,54.3334
0.083978,0.50672,0.0819795,4.00021,10.5739,54.3645
0.0896524,0.394927,0.0558862,2.20607,9.39596,54.3671
0.092025,0.426265,0.10096,0.348699,11.9225,54.3831
0.0918114,0.438707,0.0852828,0.716211,9.9271,54.3949
0.0923914,0.332533,0.0589188,1.85383,10.2119,54.3984
0.0885925,0.434692,0.075479,2.22616,10.5062,54.4092
0.094943,0.314022,0.054663,0.042053,10.2356,54.4133
0.0917151,0.434938,0.0901697,0.168299,10.9723,54.4193
0.0877927,0.396187,0.0574365,3.52235,10.0935,54.457
0.0863073,0.469822,0.0696961,3.07684,9.83914,54.4593
0.0891468,0.482755,0.100301,1.55814,11.8768,54.4669
0.0893533,0.387335,0.0708406,2.58348,11.6527,54.4796
0.0873788,0.421461,0.0606331,3.25123,10.5129,54.4926
0.0868999,0.502683,0.124744,2.41207,12.3481,54.4956
0.083215,0.543304,0.109243,4.14727,12.7913,54.519
0.0870437,0.434598,0.0637307,3.14385,9.31516,54.5267
0.0907234,0.417684,0.0689078,1.39349,10.2234,54.5347
0.0877082,0.404308,0.0555518,3.50031,9.9498,54.5485
0.0828622,0.489255,0.0741496,5.27714,11.2454,54.5546
0.0852494,0.509518,0.115972,3.62985,12.2378,54.5745
0.0902329,0.356262,0.0554252,2.5561,10.8931,54.5842
0.0845661,0.551526,0.117043,3.2677,11.5826,54.5903
0.0901365,0.43793,0.0759372,1.71724,10.8157,54.5999
0.0824215,0.506581,0.0832318,5.83585,11.1137,54.6015
0.0921162,0.371713,0.0528138,1.78526,8.51786,54.6084
0.0902367,0.364507,0.0553526,2.84533,9.86649,54.6168
0.0827453,0.566158,0.127042,4.96774,12.2548,54.6172
0.0849979,0.520905,0.107377,3.52764,11.1288,54.6315
0.0863179,0.452813,0.0819844,3.30026,11.2987,54.6325
0.0875259,0.485662,0.0811355,2.61271,9.93392,54.6375
0.0912918,0.375811,0.0740272,1.26434,11.8593,54.6414
0.0923362,0.409159,0.0868875,0.344921,10.6317,54.6433
0.0940948,0.35439,0.0596896,0.172189,10.337,54.6478
0.09029,0.499902,0.148714,0.4096,12.0463,54.6524
0.0781626,0.607019,0.110943,7.37215,12.3273,54.6576
0.0892173,0.47162,0.0958353,1.66207,10.8342,54.6665
0.0885865,0.43559,0.070348,2.37551,9.29429,54.6681
0.0949329,0.322409,0.0585298,0.480971,10.7265,54.6814
0.0902952,0.500093,0.152533,0.806907,12.0096,54.7047
0.088818,0.492659,0.101944,1.96719,10.5534,54.7118
0.0847419,0.469784,0.067713,4.67151,10.3584,54.7179
0.0870452,0.499946,0.120586,2.46097,12.9603,54.7224
0.0910138,0.469553,0.13117,0.502148,12.246,54.7237
0.0906572,0.340407,0.051527,2.80029,9.30352,54.7327
0.0870553,0.49748,0.122924,2.79246,12.786,54.7351
0.0879837,0.396552,0.052263,3.29079,9.97884,54.7503
0.0835102,0.534541,0.0882957,4.07161,10.5822,54.7608
0.0865123,0.379919,0.0577023,4.95575,11.6052,54.7714
0.0876887,0.474924,0.0877585,2.63164,10.5679,54.7715
0.0828563,0.493172,0.0735455,5.59183,11.8322,54.7777
0.0851023,0.523278,0.0942879,3.28289,10.5135,54.78
0.0911237,0.381204,0.0776253,1.39596,11.9976,54.7802
0.0850928,0.516579,0.107163,3.98466,11.1156,54.7836
0.0795809,0.599252,0.114612,6.62495,12.9073,54.7953
0.0858572,0.487544,0.0844623,3.14502,10.3562,54.7983
0.0834478,0.46145,0.0651911,5.68913,10.0668,54.8054
0.0815929,0.485021,0.0708384,6.77393,11.9621,54.8109
0.0884908,0.505552,0.126125,1.84613,11.6448,54.8153
0.0840728,0.504878,0.0850117,4.11158,11.6382,54.8411
0.0818952,0.537911,0.0955041,5.82373,11.5338,54.8426
0.0841682,0.568735,0.139425,3.71194,12.1747,54.8437
0.090408,0.423193,0.0891535,1.28841,11.3207,54.8484
0.0862185,0.538491,0.12699,2.47355,11.1756,54.8556
0.0901441,0.508739,0.132935,0.397364,11.1388,54.8561
0.0902479,0.427467,0.0817651,1.20922,11.289,54.8568
0.0866703,0.520167,0.130208,2.34206,12.1627,54.8604
0.0848702,0.385937,0.0523042,5.91962,10.1124,54.8678
0.087537,0.469976,0.100282,2.52436,11.1924,54.868
0.0862019,0.386322,0.0614895,4.43994,11.6785,54.8701
0.0928057,0.405253,0.0671853,0.601506,8.32541,54.873
0.0872054,0.499057,0.0995911,2.06408,11.3894,54.8807
0.0885169,0.360928,0.0582567,3.52013,11.8121,54.8905
0.090286,0.355249,0.0544747,2.93483,10.8532,54.8946
0.086066,0.548262,0.142818,2.01878,12.4608,54.9163
0.0870107,0.363768,0.0513686,4.67104,10.5835,54.9235
0.0845452,0.483996,0.0733892,4.06784,10.585,54.924
0.0875143,0.475007,0.0907105,2.31745,10.8293,54.944
0.0835001,0.464961,0.0635547,5.49273,10.8348,54.9455
0.0855065,0.41807,0.0685857,4.39849,11.9762,54.9501
0.0898175,0.437329,0.0940331,1.70242,11.1738,54.9564
0.0901556,0.420907,0.0907819,1.46026,11.7474,54.9597
0.0942428,0.331138,0.0679424,0.796663,11.8217,54.9874
0.0858347,0.494764,0.0751216,3.32527,9.9816,54.9963
0.0933787,0.384135,0.0674237,0.498239,10.9862,54.997
0.0867485,0.507187,0.126339,2.33704,12.7605,55.0071
0.0949182,0.321706,0.0521552,0.193964,8.64233,55.0301
0.0932864,0.39322,0.0592126,0.548894,8.01301,55.0347
0.0870224,0.495861,0.111072,2.87032,11.6348,55.038
0.090454,0.492928,0.113608,0.944593,10.6037,55.0424
0.0861477,0.541872,0.139493,2.51317,12.0427,55.0455
0.0862046,0.462358,0.079561,3.61365,10.6417,55.0583
0.0823322,0.444803,0.0624486,6.89445,11.2444,55.0658
0.0889022,0.486498,0.119144,1.82907,12.9118,55.0779
0.0905616,0.487441,0.114264,0.631578,10.744,55.0845
0.0891355,0.420937,0.0610061,2.42974,9.80157,55.0932
0.0909197,0.412666,0.0619354,1.23215,9.52441,55.1095
0.0900116,0.431819,0.0874049,1.68054,11.2475,55.1156
0.084013,0.511902,0.0784173,4.95452,10.1225,55.1287
0.0866816,0.515425,0.134985,2.21027,12.2608,55.1483
0.0901448,0.437182,0.0919659,1.56055,11.6927,55.1513
0.08888,0.479816,0.113682,1.60991,11.2241,55.1578
0.0905077,0.492075,0.109159,0.849131,10.6711,55.1604
0.0874113,0.485914,0.102399,2.21191,11.3975,55.163
0.0932906,0.375881,0.0700648,0.0953729,9.14577,55.1635
0.085438,0.510637,0.0956801,3.96885,11.3618,55.1648
0.0865148,0.528675,0.124962,2.97831,12.7178,55.1864
0.0849078,0.532811,0.101217,3.77664,11.0421,55.1883
0.088759,0.491846,0.136021,1.34409,12.8489,55.2088
0.0806404,0.531234,0.0815535,6.93804,11.6126,55.2108
0.0873843,0.401562,0.0682931,3.13638,11.4748,55.2125
0.0889371,0.413678,0.0789498,2.42189,11.3288,55.2242
0.0796682,0.514014,0.0729471,7.41611,11.4569,55.2308
0.0834169,0.530602,0.103004,4.20009,12.8706,55.2365
0.079344,0.613257,0.117952,6.58055,12.6461,55.243
0.0862453,0.475103,0.0680708,3.26534,9.73564,55.2441
0.0887781,0.339795,0.0526394,3.57879,10.6802,55.2493
0.0843885,0.550474,0.135034,3.09216,12.2841,55.2518
0.0920982,0.421989,0.0878398,0.844193,11.6153,55.2522
0.0886851,0.491462,0.135404,1.7096,12.3066,55.2544
0.0870454,0.508014,0.0862096,2.50472,9.9163,55.2618
0.0812597,0.511416,0.0684715,6.46591,10.7475,55.2638
0.0895806,0.466614,0.0787342,1.26379,9.76684,55.2697
0.0880855,0.450505,0.0919031,2.11976,11.6194,55.272
0.0841956,0.566297,0.126129,3.1292,11.4798,55.2754
0.0823499,0.454843,0.0559494,6.89638,10.3918,55.2922
0.0880039,0.455935,0.0751631,2.04429,9.36736,55.2944
0.0834081,0.523688,0.111086,4.44978,12.2045,55.2948
0.0868495,0.502388,0.106225,2.61025,11.8007,55.3301
0.092503,0.397573,0.0860871,0.783446,11.5402,55.3302
0.0879967,0.462593,0.087109,2.33644,11.6416,55.3316
0.083362,0.393726,0.0516199,6.3975,11.2489,55.3461
0.0940314,0.338185,0.0693277,0.717309,11.6379,55.3483
0.088903,0.421878,0.0725224,2.97805,10.0847,55.3489
0.0796909,0.527901,0.0658521,7.49159,10.5742,55.3668
0.0858657,0.408443,0.0612409,4.79304,11.1714,55.3754
0.0890131,0.477838,0.100905,1.4037,10.3501,55.3771
0.0860329,0.482844,0.0732594,3.73711,10.1368,55.3831
0.0851678,0.446082,0.062635,4.64807,10.0875,55.3861
0.0855777,0.504145,0.0937759,3.89962,11.5335,55.3875
0.0878898,0.535882,0.15442,1.45917,12.3338,55.3892
0.0907164,0.417118,0.0649687,1.80318,8.99497,55.3892
0.0797138,0.592654,0.106723,6.57931,12.6518,55.395
0.0910213,0.469931,0.122073,0.436309,12.8083,55.3994
0.090085,0.446453,0.0696036,1.65312,8.21343,55.4023
0.0881591,0.520999,0.155591,1.69818,12.1834,55.4049
0.0883471,0.509054,0.130071,1.09791,11.0796,55.4146
0.0925813,0.394488,0.0792727,0.765981,10.2954,55.4155
0.084517,0.408407,0.0586139,5.81671,11.9754,55.418
0.09274,0.38763,0.0897353,0.381848,11.0449,55.4211
0.0831011,0.553295,0.0985901,4.0003,11.1811,55.4235
0.0844334,0.404009,0.0556432,5.15804,10.772,55.432
0.0852498,0.510517,0.104818,3.73439,12.5117,55.4449
0.0800454,0.561697,0.10704,6.88093,12.1499,55.4533
0.0896401,0.464916,0.0808089,1.17451,10.2914,55.4558
0.0896578,0.455007,0.0837396,1.78519,9.01058,55.4707
0.0902362,0.417727,0.0918624,1.04468,11.6929,55.4806
0.0805379,0.535446,0.0874689,6.49386,11.3435,55.488
0.0884921,0.425091,0.0765213,2.30741,10.7754,55.4913
0.0927146,0.342138,0.0544837,1.30504,10.4768,55.4927
0.0852463,0.450351,0.0602294,4.99062,10.6582,55.4946
0.0905746,0.335396,0.0605884,2.87473,11.5156,55.5031
0.0810328,0.517849,0.0795649,6.83252,11.8893,55.5105
0.0809935,0.514765,0.0743816,6.98098,11.3044,55.5107
0.0911796,0.45972,0.118787,0.250416,12.5022,55.5142
0.0927192,0.394413,0.0801855,0.0996217,11.7452,55.5242
0.0826675,0.576358,0.121428,4.70955,12.0732,55.5267
0.0852241,0.371642,0.0512928,5.80282,11.5088,55.5408
0.0861685,0.546416,0.121754,2.79399,11.2494,55.5448
0.084916,0.521535,0.125304,3.02498,12.7623,55.5489
0.0925811,0.400336,0.0938965,0.780822,11.8578,55.5494
0.0819166,0.54013,0.0833138,5.0153,10.7482,55.5508
0.0856144,0.502639,0.0929267,3.68901,11.5422,55.5519
0.0880493,0.371831,0.0645636,3.42737,11.1264,55.5614
0.0837651,0.445178,0.0578273,5.94932,10.1092,55.5625
0.087084,0.420585,0.0651082,3.62368,10.7678,55.5633
0.0889631,0.325877,0.0516798,3.63392,10.8728,55.5653
0.0892406,0.396695,0.0635991,2.84022,10.8263,55.5664
0.0837749,0.507687,0.0975157,4.39391,12.4981,55.5733
0.0876034,0.471748,0.0999878,2.20405,12.5937,55.5741
0.0837565,0.51788,0.0812156,4.80509,10.0085,55.577
0.0821892,0.441654,0.0644186,6.07784,11.8938,55.5792
0.0776942,0.641248,0.120801,7.04167,12.2192,55.5817
0.0885074,0.430931,0.0702716,2.09,9.30338,55.5832
0.083289,0.545731,0.0886996,4.96817,10.2023,55.5875
0.085762,0.562634,0.152319,2.97226,12.588,55.5962
0.0901574,0.361022,0.0611699,2.44051,10.4032,55.5971
0.0881044,0.445501,0.0776973,2.25517,10.9839,55.5975
0.0884763,0.434084,0.0858915,2.79409,11.1458,55.5978
0.076798,0.616166,0.100594,8.2732,12.1524,55.6027
0.0826936,0.562495,0.129203,4.38732,12.2626,55.6084
0.0930325,0.402756,0.0632743,0.0615926,9.53623,55.6116
0.0879595,0.532711,0.128572,1.2422,11.8473,55.6158
0.0812131,0.581825,0.101556,5.16072,11.6731,55.6187
0.0806901,0.524607,0.0892244,6.38484,12.1997,55.6348
0.0889314,0.340231,0.0533922,3.48546,10.722,55.6396
0.0904295,0.405975,0.0867178,1.4445,11.2137,55.6472
0.0922559,0.360255,0.0569573,1.64912,9.4613,55.6501
0.0819252,0.536102,0.087548,5.07225,11.4871,55.6542
0.0913741,0.378192,0.0654523,1.31291,9.98538,55.6587
0.080934,0.594868,0.116527,5.7793,11.1456,55.6643
0.091073,0.464264,0.137983,0.462592,12.2076,55.6697
0.0900516,0.504225,0.162293,0.134383,12.0545,55.6714
0.0927754,0.325219,0.0611325,1.02872,11.8291,55.6781
0.0917204,0.440202,0.110329,0.958002,12.7196,55.6814
0.0846927,0.541794,0.106389,3.20089,11.3934,55.6823
0.0829967,0.561184,0.100672,4.0763,10.3367,55.6861
0.0923675,0.341294,0.0621352,1.74045,10.9766,55.6949
0.0841465,0.484598,0.0854382,4.18509,11.7124,55.7045
0.0815329,0.4865,0.0671067,6.58534,11.1629,55.7116
0.0802656,0.564537,0.0839749,6.26966,10.6367,55.7138
0.0913238,0.456838,0.123764,0.369645,12.1651,55.7146
0.0841243,0.563881,0.144022,3.18329,12.6145,55.7161
0.0875272,0.476948,0.0832888,2.60109,10.7528,55.7173
0.0870959,0.340265,0.0542911,4.67135,11.2638,55.7232
0.0950392,0.298631,0.0552547,0.575188,10.0716,55.7269
0.0826292,0.43667,0.0524455,6.63164,9.5742,55.7307
0.0912875,0.297575,0.0544398,2.91318,11.7654,55.7325
0.0910095,0.310023,0.0563732,2.82301,11.014,55.7389
0.0866965,0.514429,0.120958,2.34404,11.5641,55.7426
0.0940952,0.338691,0.0732342,0.118417,11.8614,55.7452
0.0940778,0.342498,0.0605952,0.109772,10.4376,55.7584
0.0857825,0.478435,0.103482,3.99947,12.967,55.76
0.0855532,0.435102,0.0568513,4.34022,10.4272,55.7734
0.0849025,0.521986,0.118029,3.78094,12.5107,55.7761
0.0829316,0.563859,0.120576,4.57729,12.1808,55.7795
0.0808662,0.599546,0.145758,5.8205,13.7616,55.7807
0.0950902,0.323022,0.0512094,0.712983,8.51286,55.7811
0.0836897,0.517145,0.109228,4.27396,12.6317,55.7811
0.0872424,0.423912,0.0675912,3.11605,11.5855,55.7858
0.0792169,0.617193,0.144098,6.27798,13.4099,55.7879
0.0860511,0.470292,0.0834188,3.3026,10.9259,55.7884
0.0796031,0.535225,0.0630817,7.31967,9.85054,55.7947
0.0876958,0.542589,0.137686,1.83948,11.3432,55.7953
0.0818976,0.485322,0.0562105,6.93549,9.38676,55.8014
0.0905089,0.493649,0.137687,0.663937,12.5447,55.8019
0.0778473,0.54909,0.0750218,8.62958,11.7284,55.806
0.0831901,0.535665,0.119811,4.90741,12.3029,55.812
0.0877031,0.538575,0.142849,1.11979,11.6494,55.8125
0.0826645,0.572324,0.143985,4.91579,13.2206,55.8142
0.0905804,0.357335,0.0549041,2.70522,10.6304,55.8156
0.091185,0.459416,0.135301,0.982824,12.9437,55.8214
0.0803538,0.552701,0.091856,6.61325,12.315,55.8232
0.0800748,0.564287,0.0977759,6.73639,11.2945,55.8272
0.0792802,0.470255,0.0546723,8.13279,10.0382,55.8307
0.0877437,0.460313,0.0987832,2.7935,12.7684,55.8321
0.0778685,0.625467,0.113628,7.14067,12.3005,55.8334
0.0844482,0.410084,0.0603223,5.62245,11.0369,55.8355
0.0782511,0.605498,0.110099,7.1247,12.9695,55.8403
0.0770722,0.598496,0.0905392,8.31929,11.3453,55.8422
0.0794353,0.598948,0.123513,6.72482,12.2713,55.8487
0.0778205,0.560836,0.0727202,8.69686,11.1807,55.854
0.0785004,0.592285,0.0934545,7.97643,11.713,55.8566
0.0850383,0.525181,0.10751,3.1881,12.6067,55.8736
0.0916198,0.453856,0.0854563,0.799178,10.7352,55.8737
0.0811822,0.578179,0.12744,5.23946,12.3328,55.886
0.0763046,0.578154,0.0747634,9.69489,11.9399,55.8932
0.08147,0.561405,0.0969588,5.60296,11.2937,55.8985
0.0908093,0.348304,0.0531907,2.94642,10.6975,55.9127
0.0796432,0.590512,0.121221,6.51176,12.0382,55.9133
0.0846001,0.550349,0.108659,3.04025,10.4692,55.9172
0.088528,0.506771,0.102325,1.19568,10.2698,55.9176
0.0910324,0.46402,0.0992461,0.646851,10.4237,55.9216
0.086691,0.5154,0.100736,2.53174,10.4815,55.9236
0.0939998,0.361829,0.0533551,0.968881,8.30828,55.9237
0.0847442,0.386956,0.0581516,5.29682,11.9176,55.9337
0.0830602,0.540889,0.120557,4.37029,12.8269,55.9384
0.0895096,0.460623,0.0911474,1.65087,11.3897,55.9414
0.082146,0.528253,0.0991294,5.39288,12.2062,55.9462
0.0837152,0.525102,0.0793723,4.0877,10.0973,55.9567
0.0944552,0.328151,0.0574784,0.621756,10.6798,55.9621
0.0821158,0.457695,0.0567456,6.08307,10.8077,55.9738
0.0881742,0.524168,0.111583,1.14417,10.2124,55.9755
0.0883128,0.512349,0.117365,1.18664,10.9687,55.9794
0.0879083,0.462123,0.0798894,2.34575,9.12667,55.9806
0.0835231,0.454336,0.0601511,5.37045,9.63115,55.9816
0.0865892,0.357753,0.0583899,4.26917,11.6521,55.9842
0.0832022,0.478312,0.0618067,5.14737,10.6004,55.9854
0.0881312,0.516438,0.144718,1.86873,12.747,55.9873
0.081214,0.572931,0.108708,5.65457,11.8824,55.9884
0.0873229,0.40534,0.0735619,3.22294,11.1687,55.9905
0.0779414,0.555165,0.0721319,8.20804,11.8607,55.9943
0.0805515,0.547984,0.0804685,6.16867,10.9027,55.9948
0.0830733,0.476921,0.0691192,5.44096,11.9142,55.9972
0.0862126,0.539771,0.15161,2.76522,12.7003,55.9985
0.0787597,0.508732,0.0556289,8.11507,9.43485,55.9996
0.0856464,0.493154,0.0857122,3.11985,11.5926,56.0006
0.0784285,0.590574,0.0907314,7.02258,11.5602,56.0028
0.0741054,0.651091,0.0996502,10.4289,12.2887,56.0069
0.0849118,0.536103,0.0981822,3.51438,11.1793,56.0183
0.0880247,0.52815,0.123934,1.4928,10.1175,56.02
0.0893315,0.466463,0.0878359,1.01595,10.9731,56.0259
0.082061,0.518646,0.100773,5.51004,12.0677,56.0329
0.0853045,0.518052,0.0838201,3.98578,10.9014,56.0334
0.0840398,0.498444,0.101486,4.64238,12.6185,56.0375
0.0780182,0.466349,0.0558527,9.23736,11.7822,56.0387
0.08637,0.459,0.0892074,3.22766,12.2322,56.0483
0.0862573,0.452303,0.0812036,3.46256,11.6204,56.0493
0.0864488,0.527054,0.124646,2.3754,12.9975,56.0524
0.0911606,0.388662,0.0634384,1.49744,9.67212,56.056
0.0843957,0.484909,0.0723803,4.27441,9.89288,56.0596
0.0808128,0.458871,0.0601613,7.15703,11.1253,56.0609
0.0893937,0.377386,0.0725282,2.54475,11.3619,56.0667
0.0817383,0.55709,0.0907905,5.15449,11.5444,56.0691
0.0913181,0.385192,0.0671272,1.49422,9.89448,56.0699
0.080994,0.591424,0.136545,5.36389,13.9531,56.0776
0.0921357,0.342678,0.0634962,1.32724,11.0167,56.0812
0.0807827,0.597404,0.13704,5.38122,12.4536,56.0874
0.0813501,0.563915,0.128585,5.47573,13.4812,56.0898
0.0830591,0.39035,0.0560901,6.10761,11.473,56.0944
0.0883637,0.514823,0.12961,1.364,12.9646,56.0997
0.0933608,0.370182,0.0767681,0.267083,10.9445,56.1093
0.0939828,0.346605,0.0748812,0.333027,11.5238,56.1143
0.0824875,0.510359,0.0904196,5.73352,12.8505,56.1144
0.088395,0.50841,0.150919,1.32834,12.1613,56.1187
0.0878896,0.531456,0.146487,1.03724,11.6787,56.122
0.0811962,0.438042,0.0532747,7.49412,11.2648,56.1257
0.0745327,0.62143,0.0889052,10.1913,12.2524,56.1261
0.0788206,0.491112,0.0650165,8.21378,11.6495,56.132
0.082861,0.567811,0.114242,4.27409,11.7167,56.1327
0.0880055,0.530105,0.162211,1.82861,12.6998,56.1395
0.0780531,0.543119,0.0660702,8.88482,10.1627,56.1408
0.0870187,0.426627,0.0639708,3.33733,10.4458,56.1429
0.0832434,0.54555,0.0938149,4.01603,11.6375,56.1471
0.0842756,0.420404,0.0545295,5.97698,9.78093,56.1488
0.0885033,0.425812,0.0766154,2.1698,11.8628,56.1516
0.0902602,0.504846,0.146701,0.247955,12.9742,56.1547
0.0817143,0.471492,0.0753378,6.52006,12.3699,56.1572
0.0763431,0.644051,0.128935,8.23937,13.8276,56.1589
0.0913937,0.399961,0.054312,1.97071,8.05337,56.162
0.081483,0.486032,0.065054,6.06035,10.2593,56.1626
0.0781943,0.455872,0.0524127,9.83781,11.5504,56.1642
0.0882739,0.441947,0.0771929,2.77219,11.5822,56.166
0.0835379,0.370275,0.0524155,6.55277,11.0142,56.1668
0.0826762,0.573257,0.109199,4.09915,11.3084,56.1739
0.0908028,0.401839,0.0714425,1.51218,9.28999,56.1787
0.0923494,0.326843,0.0635171,1.84062,11.482,56.1799
0.0884164,0.515619,0.112144,1.25359,10.4158,56.1854
0.0897824,0.461968,0.0733371,1.35027,9.28673,56.1863
0.0760934,0.66775,0.12091,8.17515,12.6625,56.1865
0.0786241,0.577004,0.0927777,7.94184,12.4067,56.19
0.0901323,0.505945,0.150933,0.546951,11.793,56.1904
0.0828536,0.564831,0.0996109,4.55002,10.1363,56.1923
0.0808045,0.533214,0.0702868,6.0941,10.5731,56.1958
0.0837187,0.527005,0.0756214,4.55985,9.44695,56.2053
0.0759763,0.673521,0.144885,8.82341,13.9052,56.2075
0.0922993,0.347135,0.0532445,1.22574,8.84681,56.209
0.085042,0.527541,0.119453,3.88986,12.3551,56.2172
0.077099,0.603887,0.0936815,8.09897,12.7674,56.2182
0.086294,0.383147,0.057674,4.38367,11.6285,56.2237
0.0898177,0.512237,0.148116,0.244917,11.4877,56.224
0.081146,0.424335,0.0564676,7.18931,11.5494,56.2241
0.0865525,0.362147,0.0545758,4.08402,10.5381,56.2314
0.0911972,0.456393,0.122431,0.428357,11.4419,56.2319
0.0745635,0.614967,0.0868199,10.7616,12.8593,56.2378
0.0873755,0.410943,0.0591664,3.79198,9.86718,56.241
0.0870403,0.491773,0.12535,2.14862,12.203,56.2421
0.0862992,0.524198,0.141462,2.56115,12.7269,56.2436
0.0862932,0.541436,0.125867,2.68522,11.0124,56.2461
0.0823041,0.593159,0.162496,4.74321,13.3725,56.249
0.0869076,0.494104,0.108704,2.36216,11.0801,56.2543
0.0926742,0.383885,0.0885066,0.414579,11.1764,56.2558
0.0864981,0.460879,0.0752994,3.49347,11.9276,56.2611
0.0843381,0.472153,0.0921728,4.94702,12.8236,56.2692
0.0808355,0.515173,0.0858945,6.32284,12.7132,56.2696
0.085037,0.52753,0.110894,3.33116,11.85,56.271
0.0866691,0.360316,0.0588467,4.49412,11.5729,56.2804
0.080421,0.551695,0.0913064,6.84213,12.1449,56.2827
0.0826899,0.563456,0.123212,4.90769,12.351,56.2837
0.0905847,0.339578,0.0624077,2.42935,11.4393,56.2844
0.0824199,0.519343,0.079486,5.1898,10.9801,56.2865
0.0900021,0.50314,0.143219,0.525201,11.8916,56.2872
0.0899966,0.509752,0.151121,0.256699,12.2546,56.2874
0.0808583,0.527494,0.0771623,6.64524,10.6303,56.2893
0.0845054,0.401572,0.052326,5.438,10.4225,56.2956
0.0798944,0.495068,0.0687365,7.29892,11.0164,56.2958
0.0828083,0.564419,0.147346,4.8067,13.0622,56.2961
0.0815105,0.559321,0.125703,5.51847,13.8352,56.3003
0.0835921,0.526922,0.0864154,4.8423,11.4184,56.3019
0.0804489,0.549104,0.0981872,6.7506,12.2518,56.303
0.0923863,0.328009,0.0616787,1.43803,10.9206,56.3043
0.0861393,0.536048,0.130446,2.84202,11.733,56.3048
0.07447,0.619262,0.0899849,10.2852,12.5801,56.3072
0.0916501,0.443361,0.107911,0.617046,12.1976,56.3132
0.0795277,0.592019,0.114924,6.29541,12.0225,56.3148
0.0880164,0.459432,0.0709202,2.62463,9.8346,56.3214
0.0747658,0.675883,0.138538,9.1181,13.1853,56.322
0.0760381,0.670636,0.139711,8.63089,13.6849,56.3268
0.0913742,0.401953,0.0572826,1.43532,9.06509,56.33
0.089829,0.44503,0.0775025,1.32052,9.65487,56.3326
0.0827754,0.565063,0.137782,4.22351,13.7547,56.3351
0.0870346,0.360402,0.0514894,4.08131,11.9821,56.3374
0.0868233,0.429115,0.0815211,3.37412,12.4942,56.3428
0.0832354,0.529482,0.11588,4.65842,12.52,56.3455
0.0782146,0.539493,0.068254,8.47524,11.5374,56.347
0.0812127,0.575934,0.112425,5.63096,11.0077,56.3514
0.0912899,0.298073,0.0535373,2.91806,11.5002,56.3517
0.0768749,0.531133,0.0751159,9.2592,12.7741,56.3526
0.0752308,0.570332,0.0748435,10.4282,12.5886,56.3555
0.0855686,0.445518,0.0553885,4.94995,9.7909,56.3559
0.0897925,0.520304,0.13143,0.771362,10.5919,56.3577
0.0734543,0.697691,0.131577,10.5664,13.7461,56.3601
0.0873085,0.482283,0.0933057,2.56182,11.3086,56.3617
0.0824551,0.497634,0.0861752,5.11089,11.5751,56.3636
0.0924856,0.391524,0.0896038,0.385128,11.5323,56.3642
0.0904293,0.423129,0.0684232,1.06405,9.09193,56.3646
0.091332,0.388857,0.0689951,1.10631,11.2628,56.3689
0.0936801,0.342549,0.0757601,0.526364,11.6078,56.3719
0.090881,0.47828,0.102094,0.927926,9.25545,56.3779
0.0895217,0.531367,0.164701,0.696287,11.1602,56.3823
0.0883661,0.517938,0.105703,1.87134,10.2882,56.3826
0.0773954,0.519659,0.0538239,9.39036,9.55121,56.3828
0.0830011,0.419658,0.052888,6.67072,10.7392,56.3855
0.0889344,0.415399,0.0742354,2.20556,10.8182,56.3911
0.0881866,0.520303,0.159836,1.0244,12.1305,56.3969
0.0888819,0.487583,0.092206,1.15649,9.95586,56.3969
0.0811558,0.581901,0.100828,5.81787,10.0842,56.4074
0.0752883,0.636968,0.103199,9.79938,12.5787,56.4107
0.0766571,0.633055,0.102945,8.80359,12.8567,56.4162
0.0928086,0.323514,0.0620502,1.51089,11.6713,56.4171
0.0838029,0.579405,0.160323,3.72472,12.2711,56.4217
0.0828279,0.402029,0.0585231,6.55185,11.4805,56.4255
0.0795081,0.598938,0.126731,6.65499,12.5894,56.4268
0.0809652,0.52204,0.0716313,6.32231,11.159,56.428
0.0918706,0.435655,0.0777763,0.555536,9.18485,56.4284
0.087045,0.487324,0.118797,2.00043,12.8784,56.4302
0.078241,0.60784,0.0884815,7.98302,10.5507,56.4359
0.0902775,0.491852,0.139503,0.903889,11.496,56.4377
0.0783278,0.595668,0.120542,7.84668,13.9763,56.4379
0.0866086,0.459981,0.0620396,3.03023,9.7035,56.4384
0.0762126,0.512172,0.0584541,10.1303,11.6693,56.4384
0.075088,0.658991,0.10186,9.10171,11.281,56.4427
0.0917893,0.428233,0.0961263,0.133522,10.7363,56.4429
0.0931164,0.300772,0.0511282,1.98913,9.2309,56.4441
0.0789754,0.635819,0.119084,6.04284,11.6217,56.4477
0.0813756,0.41727,0.0560241,7.21042,11.9964,56.45
0.0808566,0.599164,0.111224,5.84743,11.3934,56.4523
0.0807691,0.596852,0.151566,5.65292,13.9822,56.4544
0.0740388,0.657561,0.0923555,10.6538,11.6399,56.456
0.0899235,0.454617,0.0843012,1.62128,10.528,56.458
0.0755664,0.618588,0.0941197,9.5736,12.1552,56.4648
0.0819571,0.528669,0.095719,5.12968,12.577,56.4658
0.0805602,0.529481,0.0858085,6.86734,11.2103,56.4683
0.0751284,0.572073,0.077948,10.7088,12.1032,56.4764
0.0758669,0.524935,0.0674606,10.8177,12.7693,56.4786
0.0878372,0.475902,0.0780975,2.22118,9.07293,56.4798
0.0868782,0.424295,0.0837787,3.12262,12.3442,56.4806
0.0891053,0.475895,0.111321,1.29771,12.5895,56.4819
0.0785592,0.50911,0.0718245,8.56663,12.8565,56.4823
0.0882139,0.522605,0.134109,1.2854,12.9106,56.4825
0.086835,0.445494,0.0749415,3.27973,11.9262,56.483
0.0771663,0.671105,0.164839,7.85175,13.5858,56.4855
0.0773175,0.594255,0.0830407,8.57336,11.358,56.487
0.0907656,0.334695,0.054755,2.91493,11.5678,56.4875
0.0775239,0.642929,0.1308,7.78114,12.8398,56.4894
0.0779223,0.561543,0.0669542,8.02252,10.0513,56.4911
0.0781971,0.60093,0.101298,7.24994,11.4284,56.4926
0.0826021,0.571576,0.14646,4.92383,13.3654,56.4928
0.0846229,0.543557,0.140959,3.99424,12.778,56.4929
0.0914083,0.308199,0.0522414,2.14354,10.61,56.4931
0.0770563,0.598396,0.109316,8.32805,13.8749,56.4951
0.0777566,0.48563,0.0544165,9.62228,10.6113,56.4955
0.0849898,0.457392,0.0715083,4.58557,10.4485,56.4977
0.0763398,0.651143,0.108897,8.63075,11.8551,56.5023
0.084867,0.464281,0.0729442,4.68134,10.3931,56.509
0.0848668,0.467324,0.0673645,4.1119,9.11961,56.513
0.0900807,0.497213,0.142228,0.105845,11.4391,56.5143
0.0764581,0.642695,0.124022,8.23878,13.553,56.5188
0.0859319,0.387063,0.0653375,4.90618,11.1302,56.519
0.0828832,0.568548,0.102533,4.24116,10.1289,56.5199
0.0878387,0.449693,0.0885078,2.39842,11.1376,56.5213
0.0780286,0.614114,0.134225,7.44032,13.4802,56.524
0.0821622,0.460445,0.063738,6.97687,11.5019,56.5247
0.0780531,0.606911,0.118361,7.69081,12.8276,56.525
0.0824804,0.571322,0.137914,4.44651,12.3775,56.5309
0.0834304,0.520103,0.107025,4.16326,12.7914,56.5323
0.093261,0.367045,0.0775052,0.768203,10.4796,56.5396
0.077491,0.571751,0.0933625,8.90209,12.6977,56.5401
0.0916509,0.43657,0.0850581,0.14542,9.88793,56.5403
0.0735073,0.694145,0.128652,10.2319,13.5063,56.5404
0.079377,0.527388,0.0809245,7.18546,12.2781,56.5407
0.0948565,0.30038,0.0629671,0.993823,11.9145,56.5509
0.0731809,0.646563,0.0792906,11.9777,11.4206,56.552
0.0888536,0.41254,0.0828125,2.5052,12.0941,56.5537
0.0852177,0.440526,0.0750111,4.9993,11.519,56.5562
0.0770193,0.593942,0.0987993,8.60237,12.2817,56.5569
0.0799105,0.52255,0.0568266,7.24681,9.10258,56.5579
0.0929649,0.334568,0.0512581,1.85043,10.2992,56.5585
0.0774801,0.647361,0.134006,7.13723,12.101,56.5646
0.0800926,0.640628,0.163065,5.82324,12.8331,56.5702
0.0900291,0.44735,0.086766,1.26193,11.8171,56.5745
0.0946198,0.350586,0.0511981,0.151278,8.0064,56.5782
0.0869055,0.493972,0.125201,2.81896,12.6236,56.5814
0.0889004,0.396955,0.0793603,2.68937,11.4754,56.5814
0.085795,0.554412,0.141399,2.10224,11.7315,56.5826
0.0751841,0.650732,0.112292,9.8971,12.8894,56.5837
0.0827109,0.56903,0.105122,4.69219,10.8736,56.5849
0.0909666,0.459995,0.122342,0.140552,11.9226,56.5879
0.085877,0.54894,0.147619,2.70873,12.8134,56.5903
0.0747427,0.677754,0.134148,9.73018,13.2194,56.5942
0.0757932,0.606806,0.0879057,9.98732,12.7865,56.5972
0.0765779,0.625323,0.108832,8.17538,12.8557,56.5972
0.0837282,0.523287,0.0827165,4.1076,11.2157,56.5988
0.0805427,0.615709,0.12335,5.09076,11.6901,56.6049
0.0880062,0.523166,0.12764,1.12106,11.6959,56.6064
0.0856631,0.559408,0.155964,2.70357,12.0502,56.6093
0.0830034,0.554931,0.129443,4.2625,12.0069,56.6098
0.0749095,0.66466,0.115889,9.19705,12.9831,56.6109
0.0760018,0.607016,0.0746274,9.40923,10.1509,56.611
0.0764714,0.554325,0.0801549,9.56321,12.575,56.611
0.0755186,0.628271,0.0924765,9.00381,12.0767,56.6121
0.0857452,0.403249,0.0609376,4.79876,10.0759,56.6131
0.087112,0.425405,0.0602348,3.07777,9.55353,56.6173
0.0773398,0.52132,0.0585667,9.47725,10.516,56.6207
0.0851414,0.443745,0.0769186,4.20736,12.1083,56.6215
0.0949029,0.307829,0.0661386,0.93896,11.8793,56.6225
0.0885674,0.34972,0.0565375,3.71561,10.0251,56.6245
0.0805074,0.611132,0.145458,5.16843,12.905,56.6279
0.0819052,0.486277,0.0524275,6.70683,8.35616,56.6292
0.0775535,0.648391,0.114415,7.48487,11.6098,56.6306
0.0876052,0.469871,0.10418,2.89119,11.1493,56.6312
0.0755274,0.62038,0.110918,9.5326,13.9832,56.6318
0.0906517,0.412733,0.08136,1.73182,10.8842,56.6342
0.0886571,0.440648,0.0679003,2.98437,10.4095,56.6349
0.0838637,0.586274,0.145009,3.71594,12.5562,56.6355
0.0837782,0.508077,0.109046,4.54916,12.2659,56.6365
0.080107,0.417407,0.0524055,8.65093,11.5571,56.6378
0.0805675,0.61036,0.157545,5.83171,13.6995,56.6407
0.0902804,0.495358,0.123244,0.158829,11.6701,56.6424
0.0804185,0.624937,0.164033,5.38663,13.1864,56.6435
0.0794269,0.608431,0.111213,6.84764,12.1377,56.6448
0.0813192,0.58107,0.102887,5.79031,11.5398,56.6466
0.084591,0.553616,0.099193,3.37139,10.995,56.6507
0.0858325,0.551758,0.138836,2.75327,11.6457,56.6521
0.0910394,0.390438,0.0667183,1.85969,10.9766,56.6522
0.0915833,0.443462,0.0829938,0.909857,9.17827,56.6547
0.0902084,0.494672,0.142197,0.0160044,11.6454,56.6614
0.0848313,0.455282,0.0860142,4.22903,12.053,56.6624
0.0874654,0.547766,0.146123,1.09981,11.3721,56.6639
0.0752167,0.5643,0.0763713,10.876,12.7313,56.6686
0.078779,0.646065,0.158985,6.37651,13.0253,56.6702
0.0898543,0.432287,0.0908532,1.90212,11.9835,56.6713
0.0891868,0.472826,0.0902274,1.9582,9.65916,56.6717
0.0807757,0.53615,0.0739917,6.9672,11.1428,56.6737
0.0878751,0.526636,0.143061,1.62838,11.223,56.6743
0.0834343,0.452409,0.0734078,5.90772,12.8944,56.6744
0.0899003,0.441234,0.082315,1.72713,9.74088,56.6744
0.083513,0.461179,0.0629577,5.66866,11.3549,56.6757
0.0843432,0.556963,0.13015,3.59102,11.8982,56.6763
0.0844242,0.556992,0.103329,3.96767,10.8263,56.6854
0.0871982,0.483622,0.0953204,2.63223,10.2799,56.6868
0.0861113,0.46597,0.092255,3.45758,11.1896,56.6895
0.081682,0.545649,0.121159,5.79951,13.7175,56.691
0.0906426,0.405663,0.0703834,1.1878,9.42305,56.692
0.0781355,0.603558,0.10109,7.52488,11.1731,56.6949
0.0769783,0.533904,0.068535,9.17315,11.2949,56.6953
0.0751155,0.588538,0.0708506,10.9333,11.4758,56.696
0.0874271,0.409542,0.0578543,3.66084,9.95707,56.6961
0.0903932,0.489198,0.114935,0.0734034,10.5383,56.7035
0.0830786,0.548228,0.100653,4.33538,10.7432,56.707
0.0843731,0.560743,0.151948,3.93401,13.9902,56.7073
0.0881935,0.444991,0.0761732,2.77358,9.40164,56.7074
0.0799159,0.437658,0.0531575,8.97277,11.2041,56.7082
0.0888378,0.440186,0.056862,2.05468,8.87228,56.7105
0.0911596,0.375279,0.0693665,1.09484,10.2201,56.7122
0.0898225,0.364964,0.0592625,2.73268,10.1905,56.713
0.0749408,0.593322,0.071989,10.2824,11.1186,56.7138
0.0841304,0.571903,0.136,3.15169,11.6254,56.7149
0.0844421,0.480917,0.0733554,4.28168,11.0006,56.7221
0.0822494,0.457171,0.0596614,6.97811,11.7051,56.724
0.0753564,0.636271,0.118549,9.13572,13.3145,56.7242
0.0850955,0.516157,0.131326,3.4383,13.9783,56.7246
0.0849999,0.536224,0.0881704,3.18115,9.98531,56.7262
0.0821758,0.601491,0.165418,4.78927,13.3696,56.7269
0.0902783,0.439261,0.0807359,1.20323,10.8777,56.7292
0.0794195,0.604645,0.14612,6.16935,13.6256,56.7293
0.081225,0.522155,0.0619504,6.69378,9.97113,56.7302
0.0881374,0.466604,0.0639495,2.71947,8.99361,56.7341
0.0855898,0.490921,0.113364,3.92724,12.8183,56.7344
0.0735568,0.6068,0.0827681,11.2967,12.1117,56.7347
0.0725742,0.687773,0.102413,11.1972,12.2023,56.7374
0.0768207,0.54485,0.0622589,9.73806,10.5368,56.7375
0.0918389,0.368876,0.0564794,1.50217,10.1169,56.7382
0.076242,0.589517,0.0742167,9.00453,11.0466,56.739
0.0795129,0.600381,0.112942,6.87292,11.7281,56.741
0.0726952,0.674612,0.0959704,11.9418,12.6486,56.7462
0.0840228,0.484497,0.0975892,4.91233,12.1871,56.7464
0.0850454,0.47141,0.0552562,4.83106,8.9333,56.7467
0.0859635,0.49244,0.0687802,3.41838,9.77887,56.7467
0.0822296,0.598219,0.120297,4.27778,11.3536,56.749
0.0814586,0.410406,0.0517202,7.64845,11.9803,56.7518
0.0842875,0.498841,0.0688939,4.37781,10.0331,56.7563
0.0881616,0.46371,0.066281,2.02564,9.6457,56.7585
0.0880554,0.452044,0.0911596,2.29441,12.8072,56.7597
0.0848827,0.525019,0.112877,3.35928,12.5146,56.7605
0.0761156,0.666196,0.113143,8.031,11.089,56.7626
0.0815489,0.569113,0.0919659,5.04578,10.4038,56.7665
0.0905111,0.493073,0.106672,0.0391168,9.39162,56.7671
0.0884682,0.513655,0.137758,1.91131,12.5616,56.7707
0.0787611,0.562607,0.0901781,7.7587,11.8441,56.7737
0.0737081,0.669409,0.124637,10.32,13.4699,56.7756
0.0849941,0.527746,0.0889026,3.31247,9.33636,56.7771
0.0733296,0.707421,0.1227,10.0563,12.2324,56.7776
0.0780894,0.529624,0.0819622,8.34133,12.0019,56.778
0.0823148,0.525376,0.0697372,5.6979,9.3436,56.7791
0.0836122,0.458605,0.0676104,5.20971,11.1201,56.7811
0.076486,0.492771,0.0520332,10.9594,10.5466,56.7824
0.0899588,0.499424,0.16565,0.750837,12.9299,56.7832
0.0908285,0.417777,0.0735303,1.80355,10.8295,56.7861
0.0901251,0.451992,0.0653379,1.44414,8.33101,56.7865
0.0828824,0.564274,0.111843,4.56288,12.478,56.7891
0.0845709,0.546214,0.101655,3.32249,10.9467,56.7931
0.0922405,0.399761,0.0957704,0.175549,11.0885,56.794
0.0773878,0.505996,0.0655399,9.5236,12.8001,56.7967
0.0790775,0.554693,0.0752381,7.70627,11.6901,56.8007
0.0923383,0.345475,0.0599464,1.86485,11.9665,56.8031
0.0898131,0.439587,0.0995932,1.44193,12.529,56.8083
0.0926549,0.384805,0.0855344,0.640692,11.2068,56.8137
0.0848278,0.530134,0.147536,3.2174,13.2188,56.8152
0.0769929,0.598602,0.113255,8.20554,13.0101,56.8178
0.0910554,0.466545,0.0987821,0.27024,9.78792,56.8185
0.0815691,0.560999,0.105164,5.35184,11.0193,56.8196
0.0951324,0.293985,0.0632433,0.445436,11.995,56.8238
0.0768723,0.549781,0.0644658,9.87655,11.0182,56.8247
0.0894927,0.456096,0.085574,1.03068,9.88848,56.8267
0.0775166,0.55986,0.0884399,8.59641,12.0853,56.8305
0.0809734,0.462641,0.0523502,7.14539,10.3409,56.8307
0.0757126,0.540497,0.0677636,10.3328,12.6045,56.8368
0.0911587,0.460756,0.0962525,0.148984,9.48319,56.84
0.0943777,0.357291,0.0528027,0.396736,9.28474,56.8401
0.0899009,0.431167,0.104717,1.86964,12.9419,56.8434
0.0842174,0.563656,0.117267,3.19772,11.3943,56.848
0.0885546,0.49571,0.112005,1.17817,10.0131,56.8497
0.0834415,0.524574,0.0915938,4.9989,10.724,56.8503
0.0854944,0.573003,0.157224,2.54351,12.0754,56.8522
0.0857974,0.545678,0.155627,2.30356,12.7587,56.8545
0.0928172,0.392027,0.089907,0.433766,12.3183,56.8586
0.0784645,0.513671,0.0645159,8.6724,10.3675,56.8629
0.0817692,0.537013,0.0926337,5.06496,11.5938,56.8658
0.0809744,0.591598,0.152908,5.2425,13.6075,56.8671
0.0759624,0.540714,0.0520312,10.2554,9.25534,56.8722
0.0823188,0.446768,0.0555928,6.08964,9.07889,56.8722
0.0905197,0.490906,0.130772,0.211975,12.0014,56.8726
0.0870944,0.503834,0.114046,2.37956,12.787,56.8743
0.0914435,0.381036,0.0575222,1.52083,8.80742,56.8755
0.0851153,0.382631,0.0512523,5.30255,11.5616,56.8779
0.0913847,0.464805,0.080013,0.218169,8.73912,56.8803
0.0860697,0.537694,0.133834,2.9324,11.2431,56.8822
0.0862359,0.472818,0.0747719,3.95059,11.6389,56.8835
0.0865964,0.516665,0.14418,2.42933,13.5004,56.8839
0.0723819,0.696196,0.10848,11.518,12.3388,56.8843
0.0892838,0.460205,0.111765,1.30979,12.1628,56.8912
0.0889359,0.478196,0.134915,1.85097,12.642,56.8934
0.0917777,0.425788,0.114403,0.694808,12.6892,56.8935
0.079674,0.445455,0.0511912,8.01047,11.8599,56.8958
0.0846324,0.550292,0.102078,3.77178,11.9159,56.8984
0.0870791,0.432431,0.0659675,3.71809,9.87122,56.8993
0.085081,0.467548,0.0616023,4.036,9.08238,56.9017
0.0857202,0.557817,0.151001,2.88096,12.1374,56.9026
0.0778877,0.630066,0.100045,7.47997,11.9636,56.9066
0.0724664,0.696331,0.0973091,11.105,11.5399,56.9082
0.0736432,0.685163,0.124779,10.9594,13.2029,56.9088
0.0751314,0.646825,0.106839,9.7408,12.0886,56.9097
0.0881375,0.517998,0.162201,1.13686,12.5217,56.9121
0.0865021,0.525239,0.120689,2.84834,12.8547,56.9187
0.0828811,0.484795,0.0680217,5.98914,10.7172,56.919
0.089745,0.520315,0.164082,0.258291,11.1076,56.9205
0.0861518,0.404485,0.051342,4.04608,10.0403,56.9208
0.0814141,0.559933,0.122403,5.10359,13.0648,56.9218
0.0876171,0.377222,0.0693438,3.14077,11.1915,56.9223
0.0770318,0.598903,0.0928091,8.97197,12.9782,56.9229
0.0789837,0.635427,0.125098,6.61985,12.5037,56.9267
0.0894564,0.536649,0.164796,0.865705,11.0679,56.9297
0.0809085,0.591021,0.155696,5.88977,13.8069,56.9308
0.0889188,0.486948,0.0952502,1.32134,9.77442,56.9309
0.0715681,0.684674,0.0945677,12.0995,12.2013,56.9327
0.0928352,0.398537,0.0700403,0.0115618,8.65246,56.9343
0.0773114,0.59467,0.0849468,8.26794,11.7457,56.9375
0.0797196,0.501767,0.077315,7.40533,12.3223,56.9379
0.0804319,0.619025,0.152649,5.72927,12.8846,56.9396
0.0754377,0.552578,0.0670839,10.9676,11.8307,56.9413
0.0808444,0.440862,0.0642378,7.27784,12.4753,56.9422
0.0929764,0.38464,0.0903673,0.464136,12.1833,56.9449
0.0933179,0.376168,0.0708729,0.793058,11.1925,56.9455
0.0914701,0.382462,0.0660705,1.63714,11.6358,56.9456
0.0779194,0.468056,0.0597682,9.90027,12.7507,56.9476
0.0769262,0.534181,0.0698396,9.35734,11.8089,56.9496
0.0907934,0.3184,0.0608398,2.95481,11.5148,56.9505
0.0829734,0.547059,0.133712,4.03045,13.5399,56.9509
0.0720526,0.722145,0.134135,11.928,13.0398,56.9546
0.0799302,0.580546,0.0933598,6.99044,10.8722,56.9563
0.081525,0.47209,0.069859,6.43114,11.3617,56.9594
0.0864983,0.375146,0.0522683,4.22949,9.84837,56.9664
0.0829427,0.559966,0.10525,4.68303,10.735,56.9695
0.0728694,0.583377,0.0687657,12.6253,12.6344,56.9796
0.083037,0.463571,0.0736336,5.51026,11.949,56.9855
0.0784218,0.597184,0.0827271,7.4162,10.3314,56.9864
0.0777392,0.563945,0.0848298,8.67337,12.9049,56.9865
0.0860094,0.391326,0.0602311,4.76418,11.6655,56.9875
0.0943002,0.335544,0.0563156,0.701257,8.80367,56.9989
0.0800444,0.644686,0.162077,5.41462,12.4237,56.9989
0.0834515,0.363388,0.0516797,6.38714,11.6936,57.0001
0.0739076,0.654061,0.115175,10.5823,13.9688,57.005
0.0787743,0.562308,0.104233,7.14562,13.6037,57.0084
0.0859642,0.463959,0.10066,3.56754,12.2667,57.0091
0.0908149,0.484178,0.100702,0.531736,9.96823,57.0099
0.0827376,0.483328,0.0757002,5.28711,11.5031,57.0134
0.0849925,0.461679,0.0665744,4.53855,11.0271,57.0155
0.0810826,0.497069,0.0760333,6.79064,11.5472,57.0162
0.0846557,0.550402,0.116509,3.04078,11.1491,57.0175
0.0775969,0.565947,0.081463,8.02732,12.7844,57.0185
0.0921934,0.351344,0.0604026,1.07792,11.3733,57.0195
0.078352,0.586001,0.101086,7.29033,12.2309,57.0237
0.0905804,0.360299,0.0548562,2.40201,10.8313,57.0251
0.090758,0.464351,0.122646,0.870553,11.0166,57.0273
0.0794518,0.610247,0.112705,6.89857,11.8601,57.0292
0.080301,0.505216,0.0538488,7.07511,9.37527,57.0339
0.0924046,0.316579,0.0602506,1.08318,10.1285,57.0353
0.0766323,0.62208,0.128668,8.81669,13.1383,57.0368
0.0925036,0.341003,0.0614458,1.955,10.3709,57.0434
0.0891783,0.474315,0.132028,1.67933,12.4775,57.0456
0.0817285,0.492143,0.0566685,6.83618,10.8654,57.0465
0.0881441,0.528745,0.145908,1.69887,12.3415,57.0491
0.0869877,0.443863,0.0682391,3.42081,10.2374,57.0522
0.0774385,0.569362,0.099057,8.07101,13.2363,57.0537
0.0847779,0.475542,0.0716487,4.71139,10.906,57.0556
0.0816016,0.559097,0.10497,5.00011,11.9774,57.0574
0.0838215,0.46271,0.0528327,5.22058,8.75476,57.0623
0.0884396,0.516618,0.0983993,1.39802,9.31006,57.0642
0.078983,0.622612,0.136621,6.86394,12.5205,57.0647
0.0857248,0.482503,0.0858337,3.80443,11.666,57.0652
0.0925404,0.414091,0.0830458,0.22975,11.7423,57.0673
0.0815716,0.474309,0.0671337,6.26056,11.1104,57.069
0.0757898,0.683614,0.150317,8.33216,13.0492,57.072
0.0860905,0.470029,0.0935771,3.48579,11.2117,57.0755
0.0780237,0.622859,0.0949211,7.61841,11.885,57.0769
0.0832574,0.539025,0.0890988,4.75629,10.7511,57.0808
0.086362,0.539633,0.130835,2.13523,12.426,57.0841
0.0856006,0.573586,0.154764,2.68206,12.4608,57.0848
0.0794103,0.608192,0.131114,6.11021,12.6493,57.0854
0.0779594,0.629702,0.101516,7.1262,11.4058,57.0871
0.0909375,0.405579,0.0600502,1.91392,8.79467,57.0876
0.0810024,0.428953,0.0599996,7.52316,11.2476,57.0877
0.0870388,0.447514,0.0608006,3.50563,9.18531,57.0881
0.0858439,0.556094,0.125727,2.71917,11.7835,57.0883
0.0918625,0.383355,0.0572627,1.36206,9.24986,57.0893
0.0816069,0.556501,0.118421,5.46512,13.282,57.0926
0.0918733,0.424034,0.109234,0.177998,11.8731,57.0954
0.0873371,0.489591,0.103028,2.70385,12.8397,57.0963
0.0759107,0.599068,0.0980684,9.96849,13.161,57.0968
0.0771072,0.515501,0.0724138,9.42122,12.1701,57.0986
0.0886697,0.494686,0.14928,1.03055,12.8882,57.0989
0.0879817,0.524515,0.125755,1.68208,11.7877,57.104
0.0799102,0.567309,0.0977465,6.95465,11.3875,57.1064
0.0757837,0.62114,0.0794793,9.12805,10.9969,57.108
0.0901236,0.503552,0.116717,0.708021,10.3315,57.1111
0.0730935,0.569045,0.0663773,12.0525,12.0893,57.1114
0.0814057,0.494173,0.064442,6.63428,9.39775,57.112
0.0896196,0.386951,0.0552717,2.96434,9.07146,57.119
0.0947361,0.335658,0.0511336,0.295579,10.256,57.1198
0.0797838,0.575818,0.101651,6.72122,11.461,57.1239
0.0721133,0.722741,0.128827,11.3886,13.3656,57.125
0.0853285,0.501263,0.0893462,3.22763,10.1546,57.1304
0.0886084,0.50341,0.0968574,1.61836,10.9264,57.1305
0.0843082,0.55713,0.114861,3.53167,11.6636,57.131
0.0879023,0.528456,0.127625,1.18066,10.1409,57.1327
0.0869965,0.492436,0.0988276,2.98461,10.2622,57.1332
0.0919272,0.422083,0.108433,0.721376,11.6905,57.1357
0.0801917,0.482911,0.0688598,7.80144,12.1466,57.1362
0.0805733,0.556973,0.0680619,6.21386,9.60578,57.1396
0.0907643,0.471509,0.127737,0.245632,12.6523,57.1447
0.0792463,0.6246,0.102871,6.21098,10.8024,57.1481
0.0827959,0.414814,0.0626649,6.4817,12.4207,57.1483
0.0810225,0.592286,0.134482,5.05526,13.7244,57.1522
0.0848686,0.523846,0.135975,3.72706,13.8385,57.1525
0.0892086,0.340702,0.051413,3.22446,10.337,57.1548
0.073247,0.6314,0.0898912,11.7166,12.7908,57.1581
0.0906645,0.345578,0.0591733,2.26861,11.5868,57.1589
0.0823933,0.517088,0.0745524,5.40247,11.4762,57.1597
0.0946892,0.346602,0.0519141,0.247528,9.36163,57.1598
0.0901307,0.50467,0.123533,0.877746,11.4615,57.1637
0.083348,0.487812,0.0533394,5.66944,8.16484,57.1653
0.0845061,0.555539,0.112434,3.27721,10.9547,57.1678
0.0878193,0.385631,0.0602119,3.14767,11.2738,57.1679
0.0931515,0.370816,0.0873468,0.641371,11.2574,57.1689
0.082354,0.526113,0.0821275,5.94613,11.1089,57.1711
0.0915435,0.435631,0.0996154,0.17918,10.2173,57.1729
0.0880948,0.38838,0.0615354,3.41584,11.3133,57.1771
0.0867634,0.50869,0.151178,2.77145,13.1824,57.1781
0.0945674,0.324562,0.0546056,0.0894311,8.91961,57.179
0.0791728,0.616642,0.156713,6.77553,13.7026,57.1819
0.0941949,0.320966,0.0673629,0.0950997,10.3944,57.1826
0.0761112,0.670308,0.113068,8.03666,11.5184,57.1832
0.0745455,0.614903,0.0956635,10.9637,13.8262,57.1843
0.0859784,0.389206,0.0582205,4.45514,10.7931,57.1969
0.0816129,0.545768,0.124056,5.29827,13.1294,57.1984
0.0736254,0.609503,0.0688679,11.1272,10.2508,57.1997
0.0789912,0.489437,0.0563649,8.41692,11.667,57.202
0.0880373,0.515974,0.161579,1.30408,12.5003,57.2021
0.0867037,0.448981,0.0619813,3.19507,8.17123,57.2024
0.0850299,0.524346,0.128757,3.97452,12.0389,57.2041
0.0774156,0.65932,0.118005,7.72587,11.2159,57.2043
0.0771364,0.594243,0.0893555,8.23178,12.9493,57.2095
0.0784612,0.594389,0.0975376,7.83547,11.1374,57.2124
0.0789147,0.633238,0.131404,6.76551,12.2931,57.2138
0.088118,0.521037,0.111704,1.94796,10.8691,57.214
0.075216,0.656275,0.0870985,9.94768,10.2396,57.2145
0.0855763,0.576016,0.165401,2.91149,12.9605,57.2153
0.0873351,0.549872,0.156257,1.02357,11.0075,57.2157
0.0850657,0.519919,0.137948,3.94443,13.306,57.2231
0.0845973,0.539103,0.106378,3.64075,10.6857,57.2237
0.0786945,0.511673,0.0595083,8.68627,11.9588,57.2249
0.0859788,0.477327,0.0721119,3.16374,9.97505,57.2252
0.076687,0.61675,0.125775,8.13096,13.4073,57.2273
0.0907327,0.332953,0.0533151,2.33215,9.8461,57.2318
0.0939011,0.33992,0.0770182,0.75699,11.7412,57.2349
0.075619,0.6094,0.0955769,9.67426,12.3103,57.237
0.0917166,0.38452,0.0609449,1.81093,9.5528,57.2373
0.0864305,0.514689,0.135387,2.07514,12.7575,57.2382
0.0815879,0.567622,0.0925127,5.67119,11.3591,57.2436
0.0910962,0.461904,0.150163,0.7249,12.7799,57.2443
0.0746938,0.679562,0.124432,9.97934,12.5893,57.2454
0.0812951,0.502335,0.063923,6.47877,10.9634,57.2528
0.0804277,0.45888,0.0685744,7.04588,12.1071,57.2536
0.0908751,0.418822,0.067996,1.67463,9.27586,57.254
0.0807225,0.603626,0.127038,5.32679,11.9732,57.256
0.0797841,0.574822,0.117401,6.61296,12.4251,57.2576
0.0869887,0.504011,0.0934527,2.48692,9.47393,57.2585
0.0743509,0.706621,0.152041,9.96386,13.5884,57.2611
0.0784869,0.589435,0.0853975,7.27518,11.2039,57.2623
0.079258,0.60704,0.138576,6.04116,13.529,57.2631
0.087974,0.529972,0.130955,1.8763,10.8016,57.2639
0.0810925,0.5812,0.129831,5.4027,13.6237,57.2646
0.0800021,0.568286,0.103011,6.99741,11.2797,57.265
0.0832047,0.537796,0.0924494,4.67155,10.2915,57.2675
0.0825249,0.409099,0.0615242,6.18556,11.6511,57.2678
0.0908757,0.467229,0.147348,0.6961,12.1648,57.2707
0.0823186,0.425382,0.0608796,6.73432,11.9945,57.2741
0.073033,0.659664,0.0785737,11.8228,10.1856,57.2752
0.0883038,0.435248,0.0874951,2.51551,12.5196,57.2815
0.0860269,0.535271,0.144269,2.53669,12.8249,57.2819
0.0718011,0.663856,0.0971143,12.8831,13.6802,57.2832
0.0827496,0.553749,0.130034,4.83088,12.0306,57.2838
0.0755282,0.624251,0.0947426,9.44672,11.2558,57.2839
0.085628,0.563828,0.130125,2.70918,10.1549,57.2857
0.0805919,0.608194,0.148832,5.68014,12.8974,57.2883
0.0813826,0.3992,0.0551557,7.35757,11.304,57.2901
0.0789227,0.62533,0.137225,6.30095,12.4203,57.291
0.0873591,0.41175,0.0626925,3.9826,11.5856,57.2919
0.0824421,0.58451,0.114481,4.03953,10.0462,57.2943
0.0894412,0.382608,0.0619771,2.46845,9.25688,57.2982
0.0840293,0.575096,0.133791,3.84674,12.5455,57.2993
0.0854896,0.438589,0.053594,4.91159,8.23952,57.3009
0.0826174,0.508264,0.0720538,5.47738,9.78838,57.3024
0.0867823,0.427191,0.0814169,3.36224,11.3291,57.3031
0.092686,0.397084,0.0903121,0.609577,12.8627,57.3095
0.081832,0.469906,0.0742518,6.6136,12.6352,57.3097
0.088042,0.449917,0.105243,2.06556,12.6049,57.3112
0.0928489,0.392565,0.0891869,0.266263,12.9938,57.3138
0.0873401,0.400056,0.0740568,3.03165,11.9502,57.315
0.085798,0.561417,0.142434,2.44417,12.0647,57.3184
0.0864351,0.456478,0.0681286,3.06566,10.693,57.322
0.0866533,0.511932,0.147997,2.18662,13.0677,57.3236
0.0868694,0.50479,0.107103,2.8462,10.3862,57.3251
0.0729681,0.648696,0.100415,11.5159,13.4817,57.3253
0.0856171,0.553405,0.161602,2.24334,12.211,57.3309
0.0855308,0.490465,0.0913128,3.2343,10.7734,57.3323
0.0840515,0.563997,0.155047,3.79403,12.9242,57.3334
0.0732358,0.641091,0.0729808,11.3868,10.2666,57.3365
0.0938534,0.366691,0.0681559,0.557087,10.1311,57.3411
0.0766203,0.564408,0.0686022,9.98514,10.7886,57.3412
0.0888844,0.477803,0.105678,1.32786,10.9018,57.3422
0.0806611,0.609542,0.144351,5.66141,13.4364,57.3423
0.0875212,0.540684,0.16441,1.15243,12.4942,57.3438
0.0897007,0.38196,0.0541468,2.22152,8.62436,57.3443
0.0729507,0.66785,0.0781387,11.0819,10.9022,57.3461
0.0910704,0.326657,0.0517932,2.49967,11.4304,57.3462
0.083173,0.5337,0.10984,4.23509,12.2608,57.3475
0.0891692,0.464635,0.0947894,1.34466,10.2418,57.349
0.0709128,0.738966,0.121899,12.2289,13.1609,57.3495
0.0806569,0.610439,0.124155,5.62413,12.6374,57.3501
0.0865278,0.525779,0.115597,2.79631,10.095,57.3517
0.0765011,0.641649,0.127397,8.16965,13.6949,57.353
0.0791301,0.546199,0.0816869,7.11764,12.6101,57.3535
0.0837603,0.438456,0.069168,5.68921,12.9832,57.3551
0.0838969,0.503059,0.108233,4.29298,12.1841,57.3551
0.0734308,0.697308,0.122799,10.9637,12.1758,57.357
0.0890552,0.392177,0.0710737,2.8841,10.5515,57.3585
0.0756569,0.535264,0.0655132,10.7842,11.5005,57.3586
0.0738638,0.65664,0.113491,10.4005,13.9468,57.3595
0.0824444,0.427412,0.0673269,6.3445,12.2471,57.3607
0.0767701,0.627483,0.0880756,8.4119,11.4279,57.362
0.0900504,0.430263,0.0905034,1.27812,10.2706,57.3631
0.0906108,0.412532,0.086714,1.11475,12.7412,57.3659
0.0890176,0.345322,0.051082,3.12326,11.5492,57.3663
0.0771586,0.675554,0.165672,7.46842,13.1135,57.3669
0.0815046,0.397051,0.0519961,7.63834,11.2753,57.3724
0.07458,0.561844,0.0524118,11.9673,9.63523,57.373
0.0717321,0.591603,0.0687524,13.5341,12.8244,57.3733
0.0759341,0.669775,0.156485,8.48506,13.7656,57.3748
0.0718582,0.741628,0.147704,11.637,13.8665,57.3778
0.0777211,0.625844,0.128449,7.5358,12.682,57.3784
0.0757479,0.691836,0.135227,8.55356,12.2571,57.3797
0.0875147,0.544415,0.141818,1.29944,11.4642,57.3797
0.0718012,0.663827,0.10056,12.7492,13.2308,57.3802
0.0788377,0.559193,0.101336,7.89875,13.9922,57.3806
0.0936107,0.385237,0.0589131,0.132462,9.97395,57.3806
0.0921097,0.437152,0.0846281,0.901679,10.6245,57.3821
0.0824488,0.415303,0.0630074,6.47282,11.2103,57.3835
0.0816824,0.54478,0.0912697,5.17682,11.0028,57.3836
0.0744907,0.697482,0.133137,9.93439,12.1255,57.3846
0.0788754,0.561916,0.0999269,7.15013,12.3952,57.3876
0.0773485,0.596999,0.0725453,8.30577,10.5174,57.3877
0.0899907,0.424089,0.0971078,1.15708,11.4684,57.391
0.0847675,0.474755,0.0687697,4.54038,9.51437,57.3912
0.085902,0.547267,0.143245,2.42793,12.7551,57.3923
0.0895052,0.474545,0.0858565,1.58716,10.0182,57.3931
0.0745835,0.608763,0.0947226,10.6536,13.959,57.3986
0.0933353,0.369187,0.0845709,0.191053,12.3843,57.4007
0.0868982,0.441252,0.0621791,3.81366,8.46549,57.4021
0.0785279,0.657174,0.160536,6.79975,12.7581,57.4029
0.0865675,0.512908,0.105308,2.19798,10.4039,57.4042
0.0758826,0.680248,0.122621,8.45289,11.4314,57.4046
0.0915232,0.443644,0.133847,0.677622,12.7452,57.4058
0.0785262,0.432162,0.0552177,9.99721,12.8688,57.4058
0.0828523,0.562615,0.130391,4.23481,13.9618,57.4065
0.0729206,0.582976,0.070716,12.4587,12.9151,57.4076
0.0792156,0.550095,0.0828092,7.1437,11.0429,57.4084
0.0877542,0.469392,0.100517,2.72826,11.5219,57.4093
0.0817222,0.554062,0.0935412,5.66802,10.3207,57.4097
0.088658,0.418514,0.0733697,2.37014,11.7542,57.4101
0.0747338,0.531764,0.0616608,11.1703,12.5188,57.414
0.0879306,0.52471,0.123283,1.47712,10.0072,57.4152
0.0781556,0.538208,0.0625922,8.57059,9.39181,57.4177
0.0768738,0.538326,0.0635477,9.6972,11.3443,57.4181
0.0845668,0.549793,0.155136,3.85453,13.8145,57.4193
0.0923857,0.420588,0.0915936,0.785577,11.7926,57.4232
0.0750653,0.594683,0.0684357,10.5289,11.1544,57.424
0.0835789,0.509174,0.103477,4.0099,12.2195,57.4243
0.0855078,0.569265,0.159348,2.92043,11.023,57.4253
