beta,permeability,xi,init_days,delay,value
0.0745056,0.333199,0.15902,0.831161,15.6318,25.3677
0.074926,0.306691,0.14651,0.551002,15.9932,25.4173
0.0747266,0.322606,0.15321,0.217539,15.0612,25.4429
0.0744636,0.32818,0.163175,0.667147,15.7222,25.4634
0.0751169,0.300317,0.142515,0.588794,15.7536,25.4665
0.0749113,0.307133,0.149072,0.669684,15.0634,25.4876
0.0744939,0.321386,0.15818,0.408744,15.1467,25.4941
0.0749151,0.313304,0.146367,0.511376,15.9268,25.5176
0.0748262,0.312763,0.147665,0.815594,15.0825,25.5183
0.0742619,0.354267,0.164315,0.15566,15.0186,25.5235
0.0749831,0.306223,0.143859,0.26035,15.4284,25.5461
0.0748395,0.308078,0.15193,0.387019,15.861,25.5585
0.0748267,0.305551,0.151618,0.846029,15.8091,25.561
0.0744895,0.34179,0.163424,0.23082,15.7142,25.5619
0.0744964,0.343004,0.162594,0.490771,15.607,25.564
0.0744674,0.325347,0.157739,0.906619,15.418,25.5802
0.074496,0.340136,0.165034,0.643407,15.877,25.6181
0.0746195,0.334654,0.153591,0.413873,15.3105,25.6242
0.0727684,0.334157,0.154296,1.94153,15.8143,25.6446
0.0729164,0.322778,0.147718,1.71552,15.5932,25.6656
0.0751141,0.289946,0.141826,0.0801447,15.694,25.6694
0.0725779,0.354062,0.159819,1.27706,15.1986,25.6833
0.0752608,0.293072,0.136778,0.482234,15.0271,25.6911
0.0744102,0.322319,0.161489,0.261257,15.4821,25.6995
0.0745948,0.339952,0.16113,0.079163,15.2001,25.712
0.075211,0.288305,0.141269,0.137221,15.5539,25.7237
0.0730422,0.316803,0.144105,1.03598,15.3713,25.7238
0.0725452,0.363663,0.159914,1.07262,15.9754,25.7257
0.0753012,0.288675,0.138422,0.876559,15.3861,25.7301
0.0724965,0.358351,0.163009,1.48879,15.3507,25.7377
0.0726051,0.34722,0.159702,1.76281,15.6839,25.7408
0.0746569,0.307308,0.154765,0.937734,15.8154,25.7426
0.0749611,0.299728,0.149977,0.953277,15.9271,25.7434
0.0750982,0.305727,0.14489,0.934618,15.9681,25.7436
0.074964,0.299977,0.150091,0.749297,15.0691,25.7527
0.0748315,0.321122,0.146751,0.920603,15.9655,25.7563
0.0729694,0.325373,0.1492,1.24717,15.6677,25.7577
0.0726284,0.343086,0.159398,1.36268,15.8793,25.7584
0.0750894,0.304332,0.146204,0.0996571,15.9924,25.7625
0.0730969,0.313603,0.143322,1.68386,15.891,25.7655
0.0743742,0.355217,0.161051,0.740553,15.2133,25.766
0.0733354,0.310481,0.137732,1.76776,15.4017,25.7726
0.0743698,0.356028,0.161338,0.586403,15.5751,25.7877
0.0731927,0.317077,0.142812,1.95879,15.6482,25.7922
0.0745332,0.319638,0.153464,0.758381,15.0345,25.7976
0.075173,0.295665,0.136488,0.528686,15.4324,25.7986
0.0747991,0.334268,0.151046,0.174675,15.0519,25.7988
0.0730304,0.327677,0.147658,1.38761,15.3293,25.8009
0.0745507,0.31763,0.163121,0.018572,15.4522,25.8138
0.0748307,0.297974,0.150717,0.791061,15.8682,25.8225
0.0746155,0.319175,0.165206,0.743403,15.2852,25.8226
0.0726021,0.350657,0.163251,1.38531,15.3248,25.8373
0.074888,0.299943,0.151682,0.64008,15.8352,25.8373
0.0751493,0.28385,0.142081,0.582819,15.7288,25.8453
0.0730634,0.311787,0.142612,1.36304,15.3255,25.8499
0.0728253,0.324474,0.151923,1.65424,15.9126,25.851
0.0728551,0.337482,0.154456,1.17621,15.0201,25.8512
0.0725733,0.344741,0.162247,1.64006,15.0995,25.8543
0.075218,0.294764,0.142791,0.871024,15.6353,25.8561
0.0729902,0.32021,0.149708,1.83819,15.1792,25.8657
0.0745606,0.310418,0.156372,0.649693,15.0013,25.8771
0.0745405,0.318943,0.164996,0.191762,15.3659,25.879
0.0750637,0.314302,0.14437,0.665666,15.1323,25.8852
0.0728452,0.340506,0.155667,1.1873,15.8808,25.8922
0.07509,0.313822,0.142888,0.117719,15.375,25.8963
0.0747928,0.324201,0.159329,0.88457,15.7552,25.9041
0.0727218,0.350204,0.15138,1.78031,15.1169,25.9073
0.0744805,0.349389,0.156343,0.577728,15.8862,25.9124
0.0729417,0.340599,0.149839,1.10051,15.7494,25.9124
0.0728406,0.33602,0.156239,1.8785,15.8641,25.9203
0.0727002,0.357114,0.152742,1.72278,15.3333,25.925
0.0747902,0.306247,0.157573,0.434987,15.5525,25.9282
0.0733294,0.314731,0.136136,1.62721,15.3127,25.9298
0.0731945,0.312901,0.144575,1.09593,15.256,25.9337
0.0726262,0.34608,0.15421,1.89094,15.362,25.9397
0.0748069,0.313118,0.160324,0.411628,15.6176,25.9469
0.0744286,0.328015,0.155598,0.939666,15.459,25.9562
0.0729014,0.335683,0.154896,1.63073,15.6367,25.958
0.0752442,0.296521,0.1428,0.330807,15.8364,25.968
0.0749108,0.313082,0.15681,0.942705,15.2263,25.9696
0.0729677,0.332813,0.143225,1.80585,15.5084,25.9728
0.0728562,0.348931,0.153092,1.94865,15.3464,25.9798
0.0754101,0.273042,0.132266,0.568996,15.6556,25.9842
0.074652,0.342369,0.162564,0.988265,15.9562,25.987
0.075331,0.27597,0.1383,0.544216,15.7068,25.9928
0.0727342,0.345507,0.150049,1.11582,15.0978,25.9938
0.0736368,0.288083,0.128779,1.40153,15.2352,25.9943
0.0722987,0.378443,0.165155,1.14365,15.2444,25.9966
0.0730405,0.312963,0.147389,1.39572,15.7299,25.9986
0.0748618,0.330755,0.152484,0.697294,15.5577,26.0032
0.0724071,0.356192,0.165544,1.80918,15.9137,26.0079
0.0729268,0.332054,0.155098,1.02878,15.0106,26.0101
0.0746351,0.341889,0.164589,0.0338201,15.0426,26.0122
0.0729481,0.334572,0.15473,1.01887,15.0266,26.0182
0.0682323,0.358539,0.163612,4.18277,16.8055,26.0223
0.0714006,0.323848,0.139049,2.09638,15.1108,26.0303
0.0725286,0.343017,0.161856,1.25773,15.6787,26.0328
0.0682326,0.362328,0.163813,4.69507,16.7091,26.0376
0.0748543,0.313581,0.141622,0.616205,15.4127,26.0463
0.0698016,0.344431,0.164515,3.3821,16.3656,26.0491
0.0732238,0.313472,0.135406,1.59894,15.371,26.052
0.0682394,0.360909,0.162631,4.36905,16.3748,26.0541
0.0753249,0.274325,0.134183,0.748877,15.1915,26.0564
0.0735308,0.290556,0.134017,1.58276,15.3238,26.0592
0.068153,0.361283,0.164151,4.82747,16.3035,26.067
0.0730064,0.33574,0.142523,1.87272,15.842,26.068
0.0714559,0.323644,0.139097,2.86324,15.9725,26.0755
0.0726703,0.355557,0.16555,1.433,15.6304,26.0755
0.0709717,0.368272,0.155341,2.48069,15.4171,26.0788
0.0716924,0.315981,0.131622,2.73112,15.794,26.0801
0.0744509,0.344494,0.154103,0.291643,15.0561,26.0804
0.0728678,0.318762,0.148753,1.71009,15.2932,26.0806
0.0708721,0.368686,0.157632,2.75362,15.6536,26.0827
0.0714981,0.328716,0.138293,2.8942,15.6441,26.0889
0.0710782,0.354868,0.152306,2.08282,15.7776,26.0905
0.0728426,0.34561,0.146822,1.53604,15.2895,26.0917
0.0749512,0.305612,0.138455,0.18746,15.7387,26.0928
0.0746023,0.310962,0.16201,0.00684656,15.683,26.0987
0.0728772,0.352088,0.152561,1.09922,15.9968,26.1049
0.0710722,0.344555,0.150691,2.52501,15.0195,26.1104
0.075601,0.274434,0.13016,0.111209,15.6819,26.114
0.0749063,0.309529,0.159316,0.633904,15.497,26.117
0.0730283,0.343719,0.144747,1.37047,15.9458,26.1172
0.0681758,0.355928,0.165489,4.32208,16.5105,26.1177
0.0727588,0.343208,0.148277,1.0763,15.8745,26.1187
0.0732277,0.310121,0.134602,1.57165,15.1864,26.1191
0.0751494,0.308247,0.144859,0.514931,15.3299,26.1198
0.0750645,0.296712,0.135287,0.711338,15.5261,26.1223
0.0732269,0.308804,0.134615,1.58305,15.0531,26.1235
0.0752755,0.285336,0.142532,0.892434,15.057,26.1268
0.0723104,0.377289,0.163147,1.98879,15.5471,26.1302
0.0715456,0.322051,0.137793,2.09732,15.5388,26.1331
0.072708,0.351789,0.165151,1.75042,15.1638,26.1345
0.0710012,0.370236,0.152383,2.29781,15.5893,26.1374
0.0742526,0.328233,0.163514,0.21141,15.8144,26.1388
0.0709856,0.359554,0.156546,2.49215,15.6664,26.1396
0.0731057,0.327331,0.139014,1.77375,15.0726,26.141
0.0730856,0.341272,0.143725,1.49187,15.7089,26.1458
0.0753551,0.279649,0.139529,0.0949321,15.4255,26.149
0.071016,0.349984,0.15395,2.78978,15.5744,26.158
0.0667681,0.377026,0.159445,5.48512,16.2576,26.1583
0.0731783,0.325839,0.137882,1.09956,15.5552,26.1613
0.0667889,0.373459,0.160618,5.45203,16.2495,26.1641
0.0753753,0.265865,0.135878,0.0229497,15.6222,26.165
0.0709845,0.369671,0.15151,2.2763,15.0222,26.1721
0.0734611,0.285658,0.133236,1.49028,15.8988,26.1729
0.0754327,0.284538,0.138344,0.615081,15.342,26.1758
0.0754666,0.27051,0.128452,0.907894,15.6586,26.1809
0.0754603,0.262929,0.131412,0.886021,15.7791,26.1821
0.0711011,0.34055,0.150405,2.58237,15.9803,26.1832
0.0727684,0.34091,0.164143,1.77128,15.1015,26.1853
0.0753492,0.286077,0.12943,0.630561,15.3551,26.1899
0.075127,0.296465,0.133669,0.994923,15.1763,26.1902
0.0742454,0.371222,0.165429,0.623239,15.4864,26.1905
0.0682902,0.354942,0.158681,4.72741,16.4916,26.1912
0.0735646,0.295123,0.127735,1.94025,15.8198,26.1926
0.0712032,0.355036,0.143556,2.42907,15.17,26.197
0.0715252,0.332991,0.164208,2.11858,16.3519,26.1984
0.0708146,0.382201,0.164118,2.02951,15.3024,26.2025
0.0698392,0.349229,0.163196,3.3851,16.4364,26.2065
0.0750759,0.306444,0.136219,0.0268631,15.8394,26.2072
0.0732877,0.294411,0.139227,1.65012,15.1152,26.2081
0.0749678,0.324326,0.150887,0.281509,15.6558,26.2086
0.0730189,0.334544,0.154367,1.24867,15.3678,26.2086
0.0729577,0.350823,0.148746,1.27251,15.3764,26.2114
0.0711318,0.361742,0.145973,2.51724,15.9589,26.2141
0.0728751,0.351638,0.157089,1.45473,15.2435,26.2148
0.0756199,0.278176,0.129796,0.642686,15.4166,26.2178
0.0745611,0.354286,0.16196,0.793278,15.6712,26.2185
0.0733966,0.293161,0.131833,1.81678,15.6371,26.2259
0.0732564,0.312613,0.146923,1.1165,15.92,26.227
0.0715429,0.334671,0.165484,2.70462,16.6915,26.2275
0.0732691,0.310743,0.146325,1.60152,15.3067,26.2289
0.0754869,0.268011,0.127752,0.639419,15.3255,26.2306
0.0747923,0.323634,0.164323,0.485657,15.1471,26.2306
0.0729386,0.315357,0.143864,1.71011,15.071,26.2329
0.0729332,0.338286,0.143036,1.07965,15.613,26.2334
0.0709194,0.359835,0.152712,2.14628,15.7509,26.2352
0.0716265,0.323463,0.136816,2.47658,15.5288,26.2359
0.0711887,0.333592,0.148012,2.78592,15.1887,26.2449
0.0699202,0.344082,0.161196,3.56587,16.4234,26.2453
0.0697386,0.337898,0.164004,3.75296,16.2962,26.2454
0.0745826,0.354972,0.158492,0.0451741,15.6027,26.2466
0.0697547,0.337195,0.163714,3.90147,16.084,26.2467
0.0698042,0.336372,0.161943,3.08733,16.9605,26.2519
0.0665726,0.378354,0.165108,5.53514,16.3589,26.2566
0.0755963,0.254601,0.129446,0.889651,15.5037,26.26
0.0707933,0.370887,0.157311,2.52524,15.0957,26.2603
0.0745526,0.333789,0.149098,0.677147,15.9094,26.2622
0.0748032,0.340379,0.14791,0.37125,15.1184,26.2643
0.0724566,0.363681,0.156037,1.74732,15.5538,26.2681
0.0752595,0.270252,0.136754,0.757749,15.8123,26.2719
0.0715729,0.32586,0.139247,2.50487,15.3422,26.2742
0.0741986,0.341473,0.160914,0.567388,15.0813,26.2767
0.0708675,0.363501,0.159996,2.83867,15.9693,26.2767
0.0715668,0.332285,0.134587,2.15821,15.8475,26.2774
0.0752868,0.294573,0.144963,0.621131,15.0107,26.2783
0.0713324,0.341615,0.164436,2.64224,16.7593,26.2802
0.0709448,0.375887,0.152931,2.00447,15.9617,26.281
0.0751665,0.287446,0.132156,0.0383335,15.6878,26.2813
0.0727871,0.327782,0.159597,1.29326,15.1069,26.2819
0.0728287,0.359001,0.149569,1.2936,15.9627,26.2843
0.0746319,0.300794,0.156127,0.976865,15.9477,26.286
0.0735868,0.307393,0.130249,1.5559,15.6697,26.2877
0.0699763,0.334004,0.160967,3.21463,16.3994,26.2919
0.0743749,0.335743,0.153361,0.520725,15.9119,26.296
0.0709898,0.346634,0.151002,2.9771,15.6771,26.2971
0.0715899,0.324787,0.139343,2.35234,15.8419,26.3019
0.0724809,0.351545,0.156817,1.83351,15.0621,26.3025
0.0724998,0.339747,0.159619,1.34677,15.732,26.3027
0.0681267,0.378636,0.164328,4.529,16.9058,26.3033
0.070843,0.381331,0.15596,2.3493,15.1886,26.3045
0.0708707,0.35892,0.158353,2.29096,15.9225,26.3109
0.0747888,0.306545,0.162564,0.534777,15.8653,26.3121
0.0714656,0.325897,0.142365,2.65143,15.3437,26.3121
0.0756161,0.27525,0.132905,0.896906,15.7837,26.3138
0.0728707,0.32948,0.161681,1.87058,15.9221,26.3167
0.0683873,0.346334,0.158106,4.88143,16.7051,26.3189
0.0749672,0.293475,0.15331,0.392685,15.4253,26.3198
0.0722895,0.370804,0.161926,1.54184,15.9744,26.3204
0.0752631,0.31163,0.138305,0.777176,15.6619,26.321
0.069888,0.331412,0.163271,3.01732,16.5967,26.3219
0.0720207,0.288609,0.123716,2.13513,15.3308,26.3231
0.0710942,0.360008,0.154836,2.19763,15.8716,26.3238
0.0746738,0.347866,0.151106,0.956829,15.3269,26.3251
0.0716977,0.324089,0.133001,2.92667,15.3131,26.326
0.0733252,0.299848,0.142971,1.51503,15.2283,26.328
0.0666832,0.379036,0.159086,5.20844,16.7959,26.3304
0.0712143,0.357828,0.147633,2.5845,15.8423,26.3387
0.0725098,0.337575,0.159884,1.35038,15.9701,26.3392
0.0707184,0.374846,0.162891,2.43705,15.2137,26.341
0.0735401,0.279105,0.130253,1.9156,15.7342,26.3411
0.0723333,0.373249,0.159311,1.14429,15.7438,26.3415
0.0756857,0.275695,0.128336,0.512622,15.8902,26.3485
0.0749434,0.33362,0.144298,0.658157,15.4894,26.349
0.0728264,0.360623,0.153524,1.4942,15.4699,26.3521
0.0697887,0.343955,0.137705,3.14909,15.6587,26.3533
0.0753328,0.266593,0.133276,0.503569,15.4228,26.3549
0.0714542,0.332334,0.160572,2.35331,16.266,26.3579
0.0744853,0.31494,0.152833,0.257468,15.4189,26.3583
0.0715718,0.31477,0.137764,2.77795,15.6212,26.3584
0.0709878,0.347833,0.15627,2.48433,15.2366,26.3587
0.0729358,0.354894,0.149885,1.07742,15.7405,26.359
0.0752247,0.276606,0.132543,0.388832,15.0506,26.3596
0.0748042,0.306912,0.163045,0.880932,15.6228,26.3602
0.0698291,0.331175,0.160561,3.82158,16.8744,26.3613
0.0705688,0.388808,0.164986,2.43745,15.1189,26.3625
0.0716585,0.316382,0.13776,2.54062,15.9495,26.365
0.0726659,0.368838,0.161408,1.93734,15.6224,26.3662
0.0707746,0.368285,0.158702,2.41127,15.2558,26.3671
0.0727034,0.346007,0.147836,1.03293,15.6406,26.3684
0.0724528,0.381693,0.162669,1.1998,15.4218,26.3694
0.0737385,0.277136,0.129254,1.83122,15.7724,26.3695
0.0747058,0.352096,0.15319,0.810177,15.2544,26.3705
0.0733697,0.301254,0.164575,1.06454,16.8212,26.3711
0.0730624,0.33618,0.15448,1.46851,15.4578,26.3714
0.0732124,0.31837,0.13419,1.92224,15.5073,26.3721
0.0753319,0.280242,0.12806,0.611555,15.8157,26.3745
0.0723809,0.358681,0.159888,1.59496,15.7961,26.3758
0.0710857,0.352065,0.143931,2.61864,15.0269,26.3759
0.0742846,0.346957,0.155305,0.882669,15.2297,26.3765
0.0757013,0.276288,0.127396,0.154403,15.3332,26.3787
0.0720465,0.294172,0.123665,2.60397,15.7901,26.3791
0.0733112,0.307297,0.146054,1.22758,15.9156,26.3826
0.0729393,0.354608,0.152594,1.28138,15.5996,26.384
0.0718442,0.31327,0.129787,2.03853,15.0148,26.3844
0.0700205,0.328705,0.158077,3.21792,16.5525,26.3847
0.0698789,0.335552,0.155362,3.93039,16.7104,26.3874
0.0712552,0.342183,0.15107,2.22807,15.7275,26.3906
0.0707482,0.375312,0.154909,2.004,15.3812,26.392
0.0707773,0.366415,0.159091,2.42851,15.688,26.3933
0.0718332,0.293619,0.127537,2.95546,15.0046,26.3945
0.0666201,0.376516,0.160851,5.36264,16.7447,26.3961
0.0732141,0.30319,0.146479,1.27627,15.7396,26.3974
0.0751578,0.31938,0.138142,0.9869,15.326,26.3993
0.065399,0.38429,0.154934,6.34459,16.8357,26.3999
0.075639,0.253691,0.130618,0.340622,15.3072,26.4014
0.0747578,0.303614,0.161206,0.514912,15.9584,26.4014
0.0753123,0.295711,0.130303,0.0314528,15.5718,26.4039
0.0715547,0.31744,0.139503,2.97623,15.0381,26.4048
0.0726396,0.373319,0.157895,1.58254,15.7704,26.4069
0.0653722,0.382952,0.15689,6.47511,16.9357,26.4069
0.0714381,0.334427,0.134291,2.76318,15.0234,26.4079
0.0734583,0.293287,0.12757,1.88047,15.4946,26.4085
0.075653,0.266515,0.132215,0.515995,15.0228,26.4122
0.0712789,0.344625,0.164364,2.6804,16.7562,26.4127
0.0753327,0.300858,0.131735,0.977612,15.7734,26.4142
0.0728371,0.352488,0.145863,1.11671,15.4859,26.4161
0.0713415,0.318845,0.140726,2.26837,15.6844,26.4168
0.0696025,0.354542,0.144503,3.27782,15.7206,26.4173
0.0652388,0.402795,0.162354,6.14771,16.5637,26.4177
0.0715948,0.314676,0.160932,2.94647,16.5568,26.4195
0.0711187,0.334959,0.148724,2.14046,15.2758,26.4199
0.0731822,0.295379,0.137932,1.43443,15.6865,26.4202
0.0728568,0.317855,0.146111,1.55818,15.6511,26.4233
0.0716277,0.313247,0.165339,2.16649,16.2132,26.4234
0.0748088,0.34073,0.155869,0.296741,15.4479,26.4238
0.073622,0.278101,0.132884,1.17531,15.7327,26.424
0.0714695,0.328228,0.159212,2.69308,16.8853,26.4241
0.0724004,0.382181,0.162624,1.31487,15.0364,26.425
0.0715016,0.322201,0.15908,2.02356,16.2858,26.4255
0.0710362,0.341498,0.153537,2.197,15.7607,26.4277
0.0744914,0.349069,0.15236,0.530139,15.8346,26.4279
0.0722562,0.375176,0.161852,1.41829,15.4484,26.43
0.0683981,0.346619,0.152654,4.14972,16.5893,26.4304
0.0744958,0.361097,0.156518,0.461602,15.1372,26.4312
0.0652088,0.390386,0.163978,6.40754,16.8634,26.4313
0.0684334,0.343742,0.157656,4.46463,16.3666,26.4314
0.0750209,0.30723,0.135502,0.800466,15.2232,26.4335
0.0742617,0.322385,0.162768,0.462482,15.9255,26.437
0.0713399,0.33883,0.136504,2.47977,15.8867,26.4381
0.0750481,0.320441,0.137867,0.296446,15.1012,26.4383
0.0750022,0.31249,0.157643,0.387711,15.6363,26.4387
0.0742896,0.341251,0.154461,0.470719,15.7789,26.4436
0.0684516,0.34393,0.157179,4.26574,16.9144,26.4464
0.0699137,0.332868,0.130111,3.4582,15.183,26.4475
0.075637,0.249831,0.125938,0.241154,15.9589,26.448
0.0747878,0.348586,0.149896,0.511758,15.0576,26.4488
0.0667205,0.388604,0.164506,5.82785,16.3635,26.449
0.07133,0.339348,0.136678,2.69284,15.8581,26.4505
0.0652187,0.402775,0.161024,6.58531,16.6456,26.4505
0.0652456,0.404165,0.16151,6.78743,16.4884,26.4553
0.0651664,0.408069,0.162906,6.89906,16.4288,26.4561
0.0699243,0.330839,0.129811,3.00717,15.6307,26.4563
0.0720606,0.284851,0.120893,2.33447,15.1629,26.4583
0.0730635,0.312244,0.152896,1.40712,15.0462,26.4597
0.0727768,0.321247,0.149157,1.87355,15.0222,26.4609
0.0698904,0.326588,0.164153,3.29729,16.2318,26.4616
0.0733033,0.300606,0.130659,1.2167,15.8917,26.4618
0.0650757,0.412312,0.164653,6.93475,16.9279,26.4621
0.0669236,0.363331,0.150471,5.15313,16.2638,26.4632
0.0715079,0.330068,0.132112,2.54857,15.3992,26.4636
0.0738836,0.274465,0.125532,1.04572,15.1961,26.4645
0.0733553,0.29516,0.142179,1.77206,15.9909,26.4653
0.0697953,0.361589,0.165026,3.39881,16.251,26.4684
0.0697074,0.335561,0.162713,3.83729,16.084,26.4709
0.0738862,0.271321,0.125291,1.50672,15.3875,26.4715
0.0699179,0.32492,0.160683,3.31272,16.805,26.4718
0.0723486,0.381796,0.162395,1.33533,15.7447,26.4722
0.0753844,0.299937,0.130959,0.979617,15.1989,26.4728
0.0729597,0.345881,0.158527,1.50915,15.4336,26.4741
0.0682831,0.342134,0.159062,4.69647,16.4961,26.4746
0.0730654,0.33427,0.156423,1.53318,15.5103,26.4754
0.074641,0.352737,0.161091,0.535479,15.1088,26.478
0.0717956,0.319387,0.126617,2.66826,15.336,26.479
0.0726255,0.361865,0.151166,1.52949,15.2827,26.4792
0.0701431,0.315086,0.124351,3.70333,15.8071,26.4801
0.0696974,0.356593,0.138131,3.70197,15.0043,26.4827
0.0696986,0.354631,0.137373,3.9024,15.1122,26.4839
0.0730559,0.326606,0.157797,1.7873,15.4792,26.4841
0.0753073,0.266105,0.132516,0.993997,15.3857,26.4855
0.072116,0.292721,0.121878,2.77867,15.7028,26.4868
0.074844,0.30977,0.164555,0.537284,15.4537,26.4873
0.0749168,0.319618,0.160963,0.149659,15.743,26.4874
0.0719876,0.289912,0.12156,2.07659,15.2868,26.4884
0.0749618,0.280282,0.145605,0.0788745,15.8587,26.4905
0.0749391,0.290967,0.138064,0.0720064,15.7646,26.4914
0.0684224,0.343098,0.152035,4.35436,16.7516,26.4915
0.0713111,0.334596,0.150447,2.38306,15.3876,26.4925
0.071702,0.321966,0.136441,2.96451,15.1424,26.4928
0.0713954,0.32134,0.134924,2.99397,15.1694,26.4947
0.0654017,0.380015,0.1534,6.81714,16.3497,26.4951
0.0715184,0.310755,0.132748,2.22771,15.7484,26.497
0.0746003,0.338587,0.14717,0.755803,15.4822,26.5012
0.0730478,0.316537,0.165084,1.85107,16.3294,26.5014
0.0693557,0.375026,0.148485,3.2841,15.4227,26.5035
0.0746235,0.359727,0.156922,0.0978556,15.8284,26.5036
0.0668054,0.361496,0.155135,5.88723,16.7667,26.5058
0.0698199,0.32707,0.161679,3.27276,16.6589,26.5095
0.0718647,0.288821,0.127804,2.38397,15.0142,26.5108
0.0699411,0.344592,0.157529,3.50831,16.7654,26.5113
0.0739886,0.267448,0.12033,1.59336,15.4735,26.5121
0.0666116,0.385791,0.159087,5.03949,16.0476,26.5127
0.0712805,0.339473,0.137314,2.15361,15.1216,26.5134
0.0731334,0.347512,0.141885,1.84595,15.6394,26.5146
0.0752724,0.300122,0.146942,0.696194,15.9487,26.5148
0.0716234,0.316776,0.156848,2.73376,16.6664,26.5164
0.0696775,0.334658,0.165183,3.40872,16.0663,26.5188
0.0746491,0.350408,0.150172,0.0313412,15.9452,26.5192
0.0748411,0.329514,0.141216,0.555009,15.8699,26.5193
0.07341,0.295354,0.162498,1.92195,16.8054,26.52
0.0744183,0.362221,0.156763,0.331104,15.381,26.5205
0.0711371,0.370412,0.147182,2.03444,15.1836,26.5207
0.0738183,0.280235,0.128299,1.94462,15.7966,26.5208
0.0665424,0.404684,0.165368,5.39842,16.8138,26.5211
0.0733884,0.304015,0.160896,1.92087,16.5034,26.5212
0.0726668,0.328919,0.150858,1.72923,15.7808,26.5232
0.0715739,0.325722,0.130021,2.30788,15.3695,26.5238
0.0726079,0.37765,0.159507,1.45007,15.4358,26.5252
0.0653169,0.393768,0.162242,6.41654,16.478,26.5258
0.0728849,0.324215,0.140987,1.86692,15.3144,26.5285
0.0681985,0.343211,0.164154,4.82002,16.4084,26.5325
0.0747533,0.290157,0.150912,0.199306,15.4595,26.5353
0.066911,0.353367,0.15241,5.17659,16.2538,26.5377
0.0698936,0.345386,0.132438,3.70326,15.1064,26.5382
0.0752485,0.273153,0.143072,0.897346,15.8809,26.5384
0.0719788,0.297305,0.127708,2.93182,15.3269,26.5394
0.0714689,0.309365,0.135181,2.78401,15.0289,26.5395
0.0750921,0.275942,0.145502,0.58831,15.2872,26.5395
0.0724522,0.377931,0.158957,1.42572,15.6317,26.5396
0.0752077,0.318766,0.136211,0.759821,15.682,26.5396
0.0758961,0.245762,0.124866,0.382382,15.2442,26.5405
0.0746765,0.295572,0.152164,0.583594,15.9169,26.541
0.0728479,0.364224,0.151717,1.20465,15.4974,26.5417
0.0734248,0.295142,0.161909,1.88348,16.1275,26.5438
0.0714986,0.332346,0.158843,2.90243,16.3843,26.5447
0.0652598,0.406181,0.160858,6.82151,16.6917,26.5454
0.0724542,0.386919,0.16272,1.95284,15.6689,26.5483
0.0748428,0.338135,0.143715,0.287123,15.661,26.5484
0.0736572,0.278428,0.123307,1.06822,15.1072,26.5485
0.0709486,0.345382,0.150428,2.45699,15.415,26.5492
0.0749673,0.338947,0.145917,0.642753,15.8669,26.5501
0.0706044,0.386938,0.159487,2.68294,15.4842,26.5519
0.0681184,0.378454,0.160711,4.36686,16.1124,26.5525
0.0723995,0.345853,0.161122,1.20247,15.104,26.5528
0.0692692,0.382506,0.150814,3.12525,15.9841,26.5576
0.074577,0.307266,0.14962,0.426511,15.16,26.5579
0.0706646,0.393689,0.160802,2.37137,15.2536,26.5584
0.07119,0.339199,0.139266,2.02315,15.7723,26.5599
0.0694674,0.374822,0.150044,3.76773,15.2954,26.5603
0.0679437,0.369689,0.163469,4.96852,16.2701,26.5607
0.0759563,0.239038,0.121213,0.0889414,15.2793,26.561
0.0722554,0.26989,0.118428,2.17811,15.8582,26.5625
0.0710168,0.373262,0.159557,2.86815,15.6159,26.5626
0.0652933,0.403953,0.160694,6.70778,16.5803,26.5628
0.0744284,0.370007,0.163843,0.508882,15.1225,26.564
0.0755478,0.251225,0.128955,0.155328,15.5041,26.5654
0.0694062,0.367438,0.14651,3.79052,15.9745,26.5679
0.0733197,0.335672,0.138107,1.39758,15.9742,26.5681
0.0683364,0.367073,0.161547,4.69328,16.0027,26.5698
0.0719677,0.289058,0.12781,2.10327,15.8196,26.5714
0.0734383,0.302705,0.164647,1.6478,16.1669,26.5722
0.0731951,0.343132,0.142496,1.70948,15.423,26.5732
0.0714342,0.330325,0.157931,2.40373,16.7439,26.5735
0.071193,0.368047,0.145996,2.69697,15.5013,26.5741
0.0707823,0.360315,0.156005,2.97908,15.9182,26.5749
0.0749466,0.329668,0.139501,0.200037,15.9366,26.5774
0.0693779,0.384495,0.151284,3.59148,15.4804,26.5779
0.0668389,0.368722,0.150799,5.74117,16.4163,26.5781
0.0757642,0.25506,0.120581,0.782975,15.9696,26.5787
0.0710817,0.374743,0.150042,2.90914,15.4191,26.5792
0.0746051,0.357456,0.161948,0.397485,15.8728,26.5801
0.0720685,0.279086,0.124244,2.48279,15.8867,26.5824
0.0691861,0.389308,0.156958,3.43952,15.4317,26.5837
0.0696845,0.338665,0.14009,3.09632,15.4362,26.5838
0.0695887,0.346241,0.142485,3.62599,15.611,26.5839
0.072911,0.324424,0.161549,1.80428,15.8534,26.5856
0.0729249,0.309162,0.145258,1.15441,15.6973,26.587
0.071621,0.302804,0.135775,2.51167,15.5246,26.5881
0.0739621,0.252916,0.123048,1.35035,15.0247,26.5889
0.071401,0.352611,0.165309,2.19553,16.3575,26.5892
0.0684526,0.340776,0.159278,4.0196,16.0826,26.5912
0.0713772,0.318868,0.162799,2.45387,16.8811,26.5926
0.0694511,0.361579,0.165407,3.6879,16.6117,26.5931
0.0691243,0.394877,0.157276,3.59073,15.5426,26.5945
0.0653837,0.391554,0.159414,6.43547,16.7393,26.5967
0.071663,0.307006,0.15785,2.33636,16.1332,26.5967
0.0750351,0.335795,0.143088,0.42896,15.5688,26.5981
0.0699634,0.347792,0.158229,3.61549,16.1973,26.5996
0.0754868,0.269038,0.138647,0.296697,15.8773,26.6005
0.0737198,0.293978,0.131801,1.86288,15.7074,26.6006
0.068118,0.350959,0.161442,4.64355,16.6045,26.6019
0.073656,0.274137,0.123731,1.34919,15.9802,26.606
0.073666,0.272401,0.124088,1.9709,15.4362,26.6067
0.0700829,0.325427,0.131145,3.12389,15.5528,26.6073
0.0737677,0.287672,0.121375,1.16401,15.8832,26.6102
0.0728477,0.362539,0.14736,1.71583,15.7028,26.6106
0.0700163,0.343545,0.157173,3.88481,16.2993,26.6107
0.0651798,0.401113,0.158028,6.63526,16.262,26.6124
0.0718848,0.293988,0.122332,2.68845,15.3,26.6131
0.0698374,0.339333,0.139121,3.13578,15.3292,26.6159
0.0708883,0.384907,0.154576,2.77734,15.0808,26.6162
0.0726339,0.336374,0.148708,1.05764,15.1326,26.6189
0.0754164,0.283425,0.125324,0.238898,15.5824,26.6199
0.0729009,0.359089,0.156554,1.75062,15.9051,26.6211
0.0719931,0.283413,0.126589,2.80356,15.5302,26.6211
0.0685591,0.338336,0.149533,4.84934,16.8304,26.6226
0.0734601,0.294057,0.163587,1.25128,16.1065,26.6227
0.0683793,0.3394,0.151172,4.28621,16.4192,26.623
0.0716371,0.317604,0.154858,2.8825,16.0893,26.6234
0.0725763,0.352792,0.149067,1.87567,15.3515,26.6235
0.0666128,0.405699,0.163853,5.97361,16.4966,26.624
0.0694782,0.35118,0.165352,3.18697,16.32,26.6246
0.0685351,0.336942,0.150352,4.3601,16.5864,26.625
0.0714535,0.340843,0.146269,2.30945,15.7662,26.6256
0.0751661,0.315522,0.134401,0.477529,15.3734,26.6256
0.0717945,0.307859,0.123746,2.83536,15.9465,26.6267
0.0736194,0.292787,0.136749,1.99865,15.8076,26.6271
0.0704412,0.296992,0.118167,3.14178,15.2804,26.6275
0.073582,0.295215,0.13837,1.60855,15.9589,26.6295
0.0730555,0.300108,0.14181,1.24574,15.2073,26.6306
0.0715019,0.350439,0.13544,2.24478,15.7577,26.6312
0.0738213,0.260067,0.122358,1.08693,15.3658,26.6316
0.0710605,0.336448,0.152815,2.26205,15.6719,26.6319
0.0754405,0.284868,0.142382,0.346351,15.9202,26.6355
0.0730239,0.30246,0.147609,1.0555,15.4526,26.6356
0.0702547,0.322514,0.122857,3.49771,15.9206,26.6376
0.0756712,0.265693,0.133852,0.000754993,15.6956,26.6381
0.0720162,0.282442,0.120414,2.30424,15.5829,26.6391
0.0694732,0.362143,0.164187,3.00301,16.9091,26.642
0.0716357,0.294977,0.131306,2.81094,15.2282,26.6421
0.0759244,0.233475,0.122767,0.544427,15.0654,26.6421
0.0724462,0.339405,0.159706,1.40442,15.7729,26.6421
0.0758885,0.263153,0.121506,0.242356,15.6981,26.6426
0.0743711,0.369725,0.159007,0.906325,15.2784,26.6432
0.0697021,0.337181,0.136705,3.88665,15.6779,26.6437
0.0758959,0.26253,0.122157,0.673661,15.4188,26.6443
0.0716015,0.298337,0.134915,2.94764,15.4335,26.6444
0.0750477,0.318881,0.154454,0.394531,15.4744,26.6454
0.0752642,0.315032,0.133883,0.456172,15.4675,26.6456
0.0694237,0.362969,0.151075,3.73781,15.1499,26.647
0.0707652,0.357662,0.163567,2.06324,15.6042,26.6473
0.0637905,0.423855,0.164328,7.78973,16.596,26.6502
0.0728366,0.324407,0.162391,1.65165,15.9645,26.6514
0.072181,0.293384,0.118213,2.55462,15.3563,26.6533
0.0656094,0.363787,0.148996,6.53408,16.237,26.6563
0.0718511,0.306219,0.122513,2.64667,15.0512,26.6578
0.0735424,0.309962,0.136788,1.49493,15.5401,26.6585
0.0756641,0.261781,0.107358,0.853379,14.1864,26.6586
0.0753583,0.284528,0.114185,0.238865,14.6069,26.6593
0.0716572,0.330152,0.161282,2.2478,16.3256,26.6598
0.072248,0.26875,0.116682,2.94764,15.4738,26.6621
0.0756079,0.262259,0.109508,0.449646,14.7973,26.6625
0.0670541,0.350003,0.151477,5.31532,16.7217,26.6634
0.0747226,0.346594,0.164136,0.586309,15.2242,26.664
0.0759485,0.234785,0.123141,0.520364,15.4907,26.6651
0.0679524,0.379462,0.16229,4.89143,16.2037,26.6655
0.0695242,0.349332,0.144184,3.16934,15.4925,26.6661
0.0715513,0.335322,0.15888,2.19263,16.4308,26.6671
0.0700943,0.333023,0.129164,3.9135,15.9244,26.6678
0.0701293,0.316866,0.156237,3.50805,16.9891,26.6681
0.0736908,0.27793,0.132925,1.57037,15.7638,26.6685
0.0707321,0.373583,0.153859,2.19874,15.4449,26.6696
0.0716478,0.293278,0.132046,2.56669,15.9856,26.67
0.076092,0.22966,0.118825,0.704957,15.9231,26.6702
0.0693741,0.367571,0.146907,3.02986,15.8954,26.6705
0.0753294,0.27954,0.113333,0.228027,14.7357,26.6711
0.0724784,0.387939,0.161468,1.59589,15.9335,26.672
0.0754624,0.255506,0.135544,0.97408,15.9345,26.6754
0.0753306,0.269039,0.14179,0.52968,15.0575,26.6754
0.0702174,0.303548,0.122442,3.20795,15.7155,26.6755
0.069544,0.367889,0.163353,3.57036,16.495,26.6765
0.0728663,0.365816,0.153079,1.37198,15.8675,26.6766
0.0753297,0.284591,0.118109,0.155286,14.5918,26.6767
0.0756575,0.268567,0.110347,0.532565,14.5405,26.6773
0.0696196,0.340032,0.162143,3.20394,16.4743,26.6776
0.0708464,0.354351,0.163848,2.03078,15.4624,26.6777
0.0694333,0.369649,0.153428,3.45307,15.5404,26.6783
0.0699374,0.353365,0.163631,3.00124,16.2354,26.6793
0.0700172,0.31958,0.152819,3.00127,16.3126,26.6794
0.0726966,0.377391,0.154632,1.31284,15.9118,26.6803
0.0734315,0.316695,0.128557,1.90353,15.1351,26.6804
0.0741599,0.34633,0.157739,0.0576114,15.1816,26.6808
0.0655611,0.369096,0.151918,6.56364,16.53,26.681
0.074702,0.299101,0.160268,0.226489,15.4515,26.6814
0.0667302,0.377287,0.153093,5.25071,16.6807,26.6818
0.0679888,0.387134,0.163176,4.49262,16.4723,26.6818
0.0749356,0.292977,0.157151,0.445914,15.3876,26.6829
0.072281,0.290363,0.117109,2.74788,15.8051,26.6848
0.0749802,0.277461,0.142361,0.282308,15.0307,26.6855
0.0670997,0.351615,0.146897,5.61867,16.5077,26.6855
0.0739284,0.261038,0.125205,1.1861,15.539,26.6856
0.0700667,0.335434,0.130075,3.91735,15.6665,26.6877
0.066791,0.391055,0.158526,5.37126,16.1037,26.6878
0.0722285,0.375718,0.161308,1.75544,15.8883,26.6884
0.0748681,0.332142,0.140192,0.282179,15.9946,26.6885
0.0690003,0.404514,0.163383,3.51975,15.7404,26.6895
0.0725396,0.329892,0.161548,1.4962,15.5032,26.6907
0.071682,0.335317,0.129256,2.24218,15.2214,26.6912
0.0655827,0.371573,0.151035,6.55682,16.56,26.6919
0.0668641,0.379023,0.159363,5.26792,16.131,26.6923
0.0736484,0.26813,0.124877,1.16726,15.2888,26.6926
0.0759486,0.250192,0.123743,0.581554,15.2731,26.6931
0.0699585,0.317405,0.158284,3.43299,16.8904,26.6932
0.0701474,0.314914,0.155305,3.51426,16.4448,26.6939
0.0750485,0.272561,0.1429,0.00949953,15.7284,26.6942
0.0711549,0.372093,0.14831,2.08658,15.957,26.6952
0.0723685,0.268482,0.115731,2.837,15.3524,26.6953
0.0669318,0.366782,0.158961,5.42189,16.0013,26.6963
0.0693783,0.379874,0.14577,3.43893,15.7622,26.6964
0.068603,0.334528,0.15232,4.20946,16.1207,26.6966
0.0715055,0.307815,0.163825,2.56551,16.5075,26.6978
0.0745576,0.304871,0.163419,0.121558,15.9111,26.6981
0.0695182,0.368037,0.150615,3.35088,15.857,26.6982
0.0712723,0.330317,0.151214,2.59008,15.4765,26.6983
0.0667283,0.385024,0.155478,5.63581,16.7738,26.6989
0.0710019,0.362771,0.144353,2.73413,15.6394,26.7022
0.072689,0.373428,0.16231,1.39778,15.7072,26.7023
0.0697336,0.361538,0.159213,3.45215,16.7614,26.7039
0.0693756,0.361726,0.151253,3.88045,15.3775,26.7053
0.0730817,0.348805,0.150158,1.09731,15.9259,26.7056
0.0734825,0.273577,0.131439,1.21094,15.0137,26.7064
0.066737,0.387549,0.155826,5.11249,16.0575,26.7066
0.0754338,0.283626,0.114131,0.676,14.165,26.7069
0.0754101,0.30541,0.130416,0.838145,15.9911,26.7071
0.068368,0.360912,0.15345,4.47693,16.8145,26.7072
0.0723261,0.284518,0.116416,2.99334,15.3031,26.7073
0.0756477,0.28586,0.130363,0.726819,15.9063,26.7083
0.0721306,0.294188,0.118036,2.91959,15.6374,26.7084
0.0740908,0.346976,0.161569,0.154705,15.5501,26.7085
0.0711792,0.367106,0.153653,2.72694,15.726,26.7094
0.0708135,0.352849,0.162548,2.68799,15.2833,26.7095
0.0752856,0.309804,0.144019,0.196404,15.6487,26.7096
0.0708728,0.390006,0.157468,2.42462,15.4338,26.7099
0.073431,0.309875,0.127309,1.66675,15.1843,26.7108
0.0753412,0.307776,0.131055,0.592352,15.8718,26.7119
0.0703562,0.301846,0.122848,3.90817,15.8892,26.7129
0.075137,0.284489,0.151283,0.423878,15.2135,26.7143
0.0682464,0.379029,0.160536,4.23489,16.5546,26.7152
0.07131,0.347724,0.152971,2.89906,15.0933,26.7193
0.0685643,0.335146,0.155629,4.84469,16.3376,26.7193
0.0749344,0.330941,0.138751,0.881659,15.7954,26.7202
0.0755308,0.268522,0.108759,0.242221,14.903,26.7207
0.0682957,0.365071,0.153498,4.08947,16.5201,26.7213
0.0749971,0.30146,0.120569,0.816733,14.9457,26.7218
0.0652728,0.399692,0.155324,6.63028,16.4711,26.7238
0.0716728,0.314308,0.125772,2.64559,15.8328,26.7248
0.0666797,0.389056,0.156818,5.53489,16.3711,26.7251
0.0695728,0.369763,0.1628,3.60058,16.9209,26.7252
0.0738346,0.29802,0.12529,1.8684,15.657,26.7258
0.0745432,0.367153,0.157812,0.367311,15.9706,26.7266
0.073206,0.342816,0.144268,1.7755,15.5799,26.7267
0.0668564,0.379263,0.160502,5.45566,16.1747,26.7272
0.0638113,0.411651,0.160406,7.22467,16.3252,26.7272
0.0731332,0.31693,0.160049,1.99361,16.5308,26.7277
0.0701765,0.320748,0.154465,3.46357,16.3064,26.7279
0.0700312,0.317206,0.152089,3.16378,16.6766,26.7304
0.0708894,0.35468,0.148776,2.75959,15.6103,26.7312
0.0752495,0.269603,0.130294,0.119179,15.4974,26.7322
0.0705603,0.294753,0.115124,3.20719,15.116,26.7326
0.0725154,0.375147,0.155562,1.82082,15.4434,26.7326
0.0705125,0.403441,0.165145,2.38119,15.3144,26.733
0.0667287,0.356875,0.15864,5.05499,16.3238,26.7338
0.0740786,0.24745,0.116568,1.61587,15.5522,26.734
0.0741745,0.249924,0.118568,1.29049,15.2285,26.7342
0.0745452,0.367091,0.157429,0.596186,15.9428,26.7351
0.0752251,0.311484,0.131853,0.643543,15.3183,26.736
0.0693461,0.381007,0.157748,3.77756,15.2833,26.7362
0.0708358,0.356238,0.151602,2.74265,15.6172,26.7366
0.0745409,0.313688,0.146015,0.301699,15.3117,26.7369
0.0741424,0.355835,0.156908,0.19158,15.5468,26.737
0.0697371,0.363937,0.159378,3.44645,16.7741,26.7372
0.0679861,0.384013,0.161864,4.80161,16.2019,26.7384
0.0696799,0.374182,0.163945,3.31156,16.4355,26.7395
0.0754616,0.287342,0.142071,0.530661,15.24,26.7396
0.0692359,0.384921,0.159685,3.49494,15.3998,26.7404
0.067013,0.342277,0.148405,5.73446,16.7851,26.7406
0.0636946,0.428829,0.16538,7.879,16.185,26.7412
0.0694197,0.368695,0.141989,3.92882,15.5124,26.7414
0.0715983,0.342927,0.131187,2.47659,15.7367,26.7423
0.0641242,0.396132,0.14965,7.33781,16.0029,26.7431
0.0729253,0.353118,0.142464,1.67538,15.7593,26.7435
0.0738176,0.282325,0.130695,1.82982,15.2108,26.7441
0.0693398,0.373292,0.155761,3.94784,15.6586,26.7446
0.0745892,0.357736,0.150513,0.330307,15.8445,26.745
0.0734144,0.31481,0.164279,1.10571,16.8078,26.7455
0.0694217,0.367544,0.154085,3.36998,15.3232,26.7456
0.0701341,0.312628,0.153047,3.53865,16.0868,26.746
0.0693525,0.361543,0.149154,3.37156,15.2747,26.7464
0.0638323,0.409426,0.163437,7.10725,16.9017,26.7471
0.0714625,0.327213,0.130794,2.11485,15.7314,26.7474
0.0737175,0.281963,0.133705,1.13991,15.8048,26.7477
0.0668097,0.38495,0.162265,5.98018,16.4016,26.749
0.0656339,0.368063,0.143653,6.89402,16.0998,26.75
0.0740769,0.246793,0.116538,1.68528,15.7285,26.7508
0.0683768,0.347921,0.129281,4.8184,15.5789,26.7509
0.0710962,0.377819,0.148012,2.66446,15.1682,26.7513
0.0758232,0.265927,0.105907,0.336906,14.0863,26.7516
0.074435,0.308089,0.158246,0.857414,15.2739,26.7523
0.0745671,0.364805,0.161884,0.462473,15.2649,26.7523
0.0739143,0.271398,0.117383,1.3602,15.0388,26.7525
0.0751858,0.306158,0.152704,0.756698,15.9928,26.7558
0.0708914,0.346517,0.159855,2.77101,15.3912,26.7561
0.0692969,0.375374,0.156111,3.16362,15.7121,26.757
0.0728418,0.363975,0.159833,1.24809,15.8589,26.7576
0.0730299,0.357932,0.14753,1.73891,15.6679,26.7582
0.0750729,0.302546,0.121493,0.606361,14.1297,26.7582
0.0667397,0.365331,0.15165,5.90942,16.1953,26.7582
0.0738924,0.278702,0.128004,1.94245,15.5474,26.7613
0.0701843,0.321044,0.148023,3.29476,16.909,26.7629
0.0755673,0.276472,0.109651,0.237841,14.5298,26.7632
0.0653143,0.376473,0.154578,6.23875,16.6556,26.7654
0.0738264,0.255836,0.126806,1.70339,15.269,26.7666
0.07366,0.306657,0.132823,1.97141,15.6329,26.7671
0.0727303,0.324981,0.145811,1.79363,15.2882,26.7679
0.0745205,0.309192,0.149518,0.618467,15.0825,26.7682
0.0716961,0.305921,0.165015,2.27757,16.4242,26.7691
0.0735539,0.316973,0.128284,1.52325,15.708,26.7691
0.0760694,0.23447,0.100178,0.472192,14.466,26.7696
0.0710381,0.367193,0.164217,2.46661,15.8635,26.7703
0.0639621,0.40977,0.159155,7.21826,16.2822,26.7709
0.0664488,0.382415,0.16274,5.81673,16.5125,26.771
0.0739819,0.259642,0.116104,1.92553,15.5611,26.7712
0.0725159,0.375027,0.155223,1.71029,15.3306,26.7717
0.0739167,0.286455,0.125587,1.01044,15.8523,26.7719
0.0650447,0.398669,0.164036,6.90033,16.6255,26.7751
0.0738508,0.268572,0.12862,1.19775,15.1522,26.7756
0.0692003,0.398705,0.155719,3.05829,15.5025,26.7759
0.0755099,0.29928,0.133293,0.376697,15.6472,26.7775
0.0694591,0.36417,0.16369,3.7233,16.6639,26.7787
0.0685933,0.339255,0.14719,4.66962,16.0174,26.7801
0.069684,0.336607,0.141912,3.94032,15.1151,26.7802
0.0755065,0.27665,0.1407,0.421489,15.7852,26.7802
0.0756001,0.27372,0.137116,0.64242,15.213,26.7803
0.0754577,0.254871,0.136207,0.552403,15.7329,26.7821
0.0651073,0.417648,0.161123,6.10831,16.3634,26.7823
0.0716894,0.306007,0.138269,2.64936,15.719,26.7834
0.0710398,0.342908,0.159049,2.96028,15.9882,26.7842
0.0752539,0.278202,0.116239,0.708792,14.0897,26.7846
0.0729162,0.352189,0.163395,1.06572,15.0682,26.7854
0.0745914,0.354972,0.149575,0.571536,15.2956,26.7865
0.0701963,0.312901,0.154276,3.01407,16.5273,26.7872
0.0751045,0.323488,0.150807,0.256124,15.0506,26.7876
0.0641721,0.3929,0.150448,7.19652,16.4131,26.7885
0.0652646,0.411109,0.16427,6.98374,16.223,26.7885
0.0694712,0.355271,0.141189,3.51712,15.1795,26.7886
0.0724804,0.332766,0.16487,1.54937,15.8573,26.7886
0.068176,0.385832,0.161463,4.81932,16.0867,26.7889
0.0698501,0.347434,0.140406,3.5311,15.5463,26.7891
0.0762252,0.235563,0.0995861,0.322282,14.6144,26.7894
0.0746096,0.358095,0.150089,0.705418,15.7987,26.7907
0.0753344,0.293632,0.148103,0.854345,15.7594,26.7909
0.0761464,0.229184,0.116322,0.999819,15.4697,26.7912
0.0705696,0.397525,0.160438,2.92292,15.8788,26.7917
0.0705654,0.300466,0.116562,3.9848,15.7464,26.7924
0.0701648,0.318993,0.131085,3.45894,15.8338,26.7927
0.0709698,0.348274,0.162214,2.80008,15.708,26.7947
0.0692409,0.38561,0.147569,3.9839,15.8806,26.7953
0.0722984,0.292829,0.116595,2.3791,15.6634,26.7955
0.0711858,0.326582,0.149894,2.50905,15.1657,26.796
0.0752134,0.307961,0.150338,0.737708,15.5782,26.796
0.0745861,0.363744,0.162003,0.32436,15.2197,26.7972
0.0685883,0.32564,0.149189,4.93412,16.953,26.7979
0.0748612,0.287622,0.141061,0.759065,15.5595,26.7999
0.0692557,0.375573,0.156266,3.59028,15.7205,26.8002
0.0722682,0.290954,0.118955,2.47828,15.6885,26.801
0.0719104,0.30421,0.132395,2.98355,15.8403,26.8012
0.0740753,0.35073,0.160654,0.158202,15.9174,26.8015
0.0668573,0.355976,0.149075,5.83949,16.3509,26.8015
0.0727017,0.322092,0.149865,1.40675,15.7593,26.8017
0.0756062,0.258367,0.109108,0.306902,14.2913,26.8026
0.0652297,0.383947,0.165506,6.01547,16.691,26.8028
0.06694,0.366043,0.147074,5.86371,16.6683,26.8035
0.0671348,0.354271,0.147391,5.45165,16.5591,26.8049
0.0639119,0.401544,0.160951,7.88794,16.3074,26.8052
0.0755251,0.2781,0.140371,0.0192643,15.6063,26.8054
0.0752741,0.269221,0.143555,0.896244,15.2143,26.8064
0.0759241,0.262341,0.118493,0.696195,15.5269,26.8068
0.0759067,0.264887,0.120464,0.822945,15.0489,26.8073
0.0720526,0.302567,0.118834,2.65566,15.3461,26.8078
0.0670363,0.340232,0.146248,5.08409,16.799,26.808
0.0710236,0.378034,0.159836,2.32641,15.4627,26.8092
0.0683592,0.339775,0.149655,4.83628,16.4807,26.8093
0.0654863,0.380218,0.146898,6.23456,16.1886,26.8095
0.0760704,0.229912,0.102037,0.0558599,14.2595,26.8097
0.0719858,0.303683,0.12911,2.27989,15.4491,26.8115
0.0712324,0.320357,0.144966,2.1277,15.3989,26.8125
0.0669796,0.357551,0.157654,5.55482,16.8006,26.8127
0.0720045,0.270478,0.123548,2.62334,15.3965,26.8149
0.0711609,0.36392,0.141203,2.05403,15.8469,26.8173
0.0703443,0.308292,0.117812,3.28091,15.8164,26.8175
0.0705683,0.28546,0.11413,3.76401,15.0216,26.8176
0.0765668,0.217763,0.0917927,0.214259,14.6044,26.8185
0.0729852,0.316715,0.159256,1.17533,15.7243,26.8201
0.0752147,0.325588,0.139256,0.493444,15.4044,26.8203
0.0722288,0.297234,0.117288,2.92152,15.0216,26.8204
0.0727901,0.314189,0.156132,1.94129,15.1271,26.8206
0.0667873,0.394364,0.160672,5.3846,16.9429,26.8212
0.0710537,0.332251,0.149569,2.8293,15.0945,26.8219
0.0686188,0.323794,0.122604,4.49386,15.2119,26.822
0.0639872,0.401248,0.158534,7.06825,16.1006,26.8221
0.0717228,0.339797,0.130883,2.33211,15.5822,26.8226
0.0639341,0.407607,0.153028,7.4345,16.743,26.8228
0.0731796,0.34272,0.13592,1.87785,15.882,26.8234
0.0725723,0.356542,0.148014,1.46096,15.2312,26.8257
0.0759611,0.231299,0.123407,0.0893148,15.3007,26.8258
0.0669092,0.382092,0.154049,5.08282,16.4081,26.8259
0.0717771,0.335517,0.129478,2.70892,15.2684,26.8277
0.0710402,0.345923,0.161031,2.76252,15.3409,26.8279
0.0638563,0.416974,0.164851,7.08155,16.7714,26.8289
0.0734052,0.279763,0.129735,1.25998,15.4972,26.829
0.0746501,0.30558,0.142835,0.313833,15.2712,26.8292
0.0730109,0.329231,0.162762,1.17763,15.0212,26.8308
0.0748343,0.307553,0.124225,0.943326,14.1524,26.8313
0.070534,0.305235,0.115444,3.31731,15.0969,26.8317
0.0685184,0.340463,0.145105,4.29706,16.3112,26.832
0.0772062,0.01149,0.063906,1.10489,14.5211,26.8324
0.0743996,0.369119,0.156968,0.594372,15.277,26.8329
0.0638139,0.430683,0.162715,7.57857,16.6982,26.8336
0.0710363,0.380451,0.154498,2.29825,15.7634,26.8339
0.0754471,0.270579,0.108936,0.404919,14.5592,26.8347
0.0693598,0.369216,0.143756,3.91911,15.6716,26.8349
0.0749617,0.299308,0.12567,0.710271,14.7493,26.8358
0.0761281,0.228123,0.115128,0.26959,15.2398,26.8363
0.0716107,0.344315,0.130346,2.32614,15.0228,26.8373
0.0655986,0.374213,0.151501,6.39975,16.6468,26.8375
0.0754228,0.282926,0.144447,0.260876,15.5474,26.8375
0.0716395,0.330235,0.155608,2.63606,16.2772,26.8386
0.071191,0.337377,0.162011,2.14343,16.5883,26.8392
0.0746536,0.324506,0.128826,0.203615,14.4346,26.8393
0.0651432,0.398219,0.157073,6.08672,16.0096,26.8415
0.0684412,0.359548,0.152101,4.3214,16.1876,26.8416
0.0641596,0.397073,0.148593,7.01109,16.2765,26.842
0.06859,0.325981,0.122844,4.27356,15.5537,26.8421
0.0639466,0.405038,0.160828,7.78326,16.8246,26.8422
0.0724517,0.35854,0.151362,1.29238,15.6828,26.8426
0.0729796,0.353194,0.141074,1.0933,15.3108,26.8429
0.0761518,0.228208,0.11897,0.994327,15.5345,26.8431
0.0721737,0.389176,0.164532,1.12706,15.2003,26.8431
0.0751803,0.266648,0.143724,0.552142,15.4195,26.8436
0.0638885,0.409187,0.154603,7.29004,16.2146,26.8453
0.0698443,0.3386,0.141415,3.47876,15.9845,26.8458
0.0761616,0.229365,0.09803,0.19553,14.4309,26.8471
0.0758365,0.00679091,0.0569558,2.34211,14.1904,26.8478
0.0749319,0.334761,0.138863,0.70276,15.2451,26.848
0.0704909,0.303299,0.119963,3.99076,15.1647,26.8493
0.0746471,0.327716,0.12871,0.224817,14.7854,26.8493
0.0729946,0.364232,0.147515,1.72742,15.1226,26.8495
0.0713868,0.346275,0.160087,2.52507,16.1069,26.851
0.0684676,0.341961,0.145455,4.55841,16.7119,26.8522
0.0723238,0.394339,0.164827,1.7816,15.54,26.8526
0.0752494,0.29137,0.163404,0.623079,16.6538,26.8536
0.073784,0.295675,0.121091,1.14894,15.6339,26.8546
0.0641217,0.392291,0.153571,7.13258,16.3997,26.8548
0.0743679,0.375805,0.163852,0.131017,15.2453,26.8553
0.073489,0.322753,0.137157,1.55536,15.3371,26.8554
0.0717907,0.330675,0.126454,2.06198,15.3137,26.8565
0.074096,0.275561,0.119393,1.88079,15.7919,26.8569
0.0738253,0.257932,0.11969,1.88351,15.9199,26.8571
0.0690997,0.389382,0.161216,3.73861,15.5551,26.8581
0.0747817,0.352068,0.155848,0.737064,15.3939,26.8584
0.0748805,0.316812,0.124396,0.191237,14.4522,26.8594
0.071697,0.322985,0.125471,2.75289,15.6855,26.8597
0.0736261,0.264103,0.126742,1.67584,15.7205,26.8605
0.0732313,0.331643,0.132627,1.71276,15.196,26.8611
0.0693285,0.370306,0.157185,3.73373,15.5587,26.8612
0.0683458,0.342408,0.148473,4.11205,16.5723,26.8615
0.0691931,0.392913,0.165351,3.2477,15.8653,26.8631
0.0738946,0.25778,0.117321,1.60124,15.2518,26.8633
0.0695204,0.360671,0.137478,3.84541,15.3813,26.8634
0.0732562,0.32283,0.152347,1.79432,15.4365,26.8636
0.0756017,0.267642,0.11341,0.795343,14.7844,26.8639
0.0751619,0.325266,0.135446,0.998281,15.7653,26.8647
0.0742203,0.230609,0.114913,1.66139,15.12,26.8649
0.0733644,0.290951,0.160612,1.15167,16.9586,26.865
0.0657661,0.357224,0.141452,6.36061,16.8723,26.8662
0.0716007,0.301294,0.161087,2.07341,16.389,26.8667
0.0680673,0.370971,0.139414,4.48784,15.5312,26.8668
0.0700496,0.315241,0.148985,3.85298,16.6943,26.8676
0.0682347,0.335786,0.160353,4.24827,16.4329,26.8678
0.0683699,0.330442,0.161277,4.62876,16.6009,26.868
0.0668744,0.345613,0.152821,5.24409,16.4065,26.8692
0.0752823,0.293524,0.127152,0.0445565,15.3051,26.8694
0.0692897,0.39212,0.161168,3.16632,15.1374,26.8697
0.0701345,0.331919,0.13165,3.35422,15.7082,26.8731
0.0653647,0.408129,0.157926,6.50224,16.6258,26.8745
0.0766838,0.204772,0.090433,0.316235,14.3051,26.8747
0.0750284,0.304652,0.16129,0.113211,16.6756,26.8747
0.071216,0.323114,0.140823,2.02236,15.6586,26.8748
0.0747956,0.300058,0.163613,0.341047,15.6259,26.8748
0.0721405,0.300559,0.123193,2.08725,15.8911,26.8766
0.0757641,0.245273,0.130064,0.74337,15.9029,26.8773
0.0766958,0.201524,0.0914905,0.0540201,14.8587,26.878
0.063922,0.418195,0.155966,7.7615,16.8517,26.879
0.07342,0.334832,0.136036,1.67671,15.9305,26.8813
0.0756147,0.273743,0.112968,0.49132,14.8993,26.8818
0.0681649,0.387752,0.160303,4.07071,16.663,26.8821
0.0716531,0.300673,0.137843,2.08608,15.0839,26.8822
0.0695264,0.375566,0.140856,3.40655,15.5259,26.8823
0.0741738,0.233603,0.11782,1.66434,15.1453,26.883
0.0748364,0.280834,0.149174,0.715966,15.4769,26.8833
0.0691318,0.388351,0.154378,3.73405,15.109,26.8835
0.0754451,0.274028,0.116783,0.26473,14.7573,26.8852
0.0695693,0.37293,0.139525,3.59305,15.5417,26.8857
0.0694732,0.357542,0.139274,3.00917,15.001,26.8857
0.0753466,0.296782,0.115876,0.808169,14.5221,26.8873
0.0731459,0.327494,0.133233,1.72002,15.5582,26.8877
0.075877,0.232495,0.124747,0.481693,15.2705,26.8881
0.0696717,0.349214,0.147891,3.33218,15.3119,26.8883
0.0725827,0.34672,0.146927,1.97052,15.2245,26.8889
0.0715647,0.31142,0.153704,2.22049,16.6065,26.8917
0.0697956,0.342426,0.1437,3.77483,15.2125,26.892
0.0745071,0.313128,0.146574,0.477131,15.9696,26.8922
0.0653456,0.39018,0.14974,6.83854,16.9902,26.8924
0.0749112,0.303708,0.162206,0.525224,16.7,26.8936
0.0687286,0.32267,0.144907,4.72575,16.9048,26.8937
0.0731494,0.287867,0.141692,1.35483,15.8435,26.8939
0.0734958,0.307313,0.163835,1.92393,16.7224,26.8946
0.075508,0.262733,0.108413,0.267095,14.0245,26.8946
0.0753838,0.277819,0.14511,0.842126,15.8199,26.8948
0.0705942,0.374199,0.162996,2.66784,15.8575,26.8971
0.0690937,0.402611,0.15507,3.15184,15.9644,26.8975
0.0722212,0.301091,0.11802,2.4471,15.5564,26.8975
0.0737821,0.260817,0.120102,1.41672,15.1425,26.8981
0.0736825,0.307259,0.132796,1.17562,15.1902,26.8983
0.0684565,0.350887,0.146988,4.29227,16.8396,26.8991
0.0745327,0.338418,0.135306,0.168215,14.974,26.8992
0.0686749,0.323466,0.119418,4.86214,15.8584,26.9007
0.0724772,0.24575,0.11203,2.56734,15.1751,26.9024
0.0681563,0.341419,0.159962,4.81743,16.9646,26.9027
0.0714381,0.347667,0.159761,2.92983,16.9477,26.9035
0.0752133,0.273854,0.147123,0.293229,15.0155,26.9042
0.0682589,0.386402,0.163092,4.48727,16.6054,26.9054
0.0744034,0.230739,0.11269,1.43921,15.4339,26.9057
0.073078,0.300644,0.136831,1.49872,15.5133,26.9057
0.0760343,0.229546,0.102958,0.602451,14.2535,26.9066
0.0749083,0.297409,0.164132,0.423273,16.1402,26.9081
0.0731181,0.299243,0.165519,1.92707,16.4634,26.9085
0.0737374,0.26724,0.131869,1.40726,15.8987,26.9092
0.0751522,0.284281,0.1214,0.799191,14.8901,26.9093
0.0679166,0.365888,0.162245,4.30075,16.5062,26.9104
0.0755891,0.276199,0.107618,0.356159,14.7846,26.911
0.0749061,0.309502,0.162752,0.750957,16.6492,26.9114
0.0682393,0.36601,0.1353,4.33268,15.9665,26.9116
0.0667648,0.35196,0.155543,5.72571,16.166,26.9117
0.0748086,0.329855,0.139499,0.643776,15.627,26.9122
0.074135,0.263636,0.120412,1.24719,15.8925,26.9128
0.0760911,0.244357,0.117107,0.881768,15.6897,26.9129
0.0721989,0.377119,0.161215,1.88504,15.1861,26.913
0.0652461,0.3764,0.161902,6.03355,16.0331,26.913
0.0729862,0.318633,0.161514,1.07981,16.1213,26.9137
0.0652959,0.373419,0.154403,6.2269,16.4704,26.9141
0.0657147,0.346225,0.143451,6.2772,16.254,26.9141
0.0697493,0.365125,0.134666,3.54963,15.8458,26.9144
0.0680866,0.369149,0.14218,4.65403,15.8155,26.9144
0.066744,0.352467,0.156613,5.38099,16.4158,26.9146
0.076796,0.182874,0.090049,0.0438139,14.0682,26.9147
0.0717188,0.318395,0.150932,2.67173,16.3331,26.9152
0.0741169,0.250707,0.113489,1.14591,15.4739,26.9152
0.0706366,0.273401,0.112965,3.77988,15.7945,26.9156
0.0736556,0.315145,0.126256,1.42402,15.1435,26.9162
0.0669269,0.352333,0.159701,5.05812,16.6506,26.9168
0.0701033,0.326904,0.134426,3.13627,15.1772,26.9173
0.0696879,0.369008,0.159477,3.88428,16.1105,26.9177
0.0761617,0.23527,0.117381,0.122015,15.4639,26.9184
0.0759771,0.233548,0.104228,0.106327,14.8747,26.9191
0.0710352,0.381427,0.155891,2.92008,15.5946,26.9194
0.0670658,0.34844,0.141387,5.66176,16.006,26.9194
0.0686275,0.336533,0.144103,4.84748,16.8585,26.9195
0.072471,0.273262,0.11428,2.39422,15.8728,26.9195
0.0728819,0.371858,0.150902,1.85607,15.6879,26.9197
0.0732927,0.336272,0.144811,1.63776,15.668,26.9201
0.0653608,0.409535,0.155344,6.35216,16.4385,26.9207
0.0712233,0.319495,0.143042,2.61667,15.7755,26.9215
0.0756557,0.264544,0.104926,0.30786,14.5566,26.9232
0.0729176,0.305768,0.144842,1.09255,15.7857,26.9237
0.0721985,0.369502,0.164208,1.12526,15.5382,26.9246
0.0758065,0.232039,0.121438,0.774538,15.8527,26.9247
0.068314,0.38131,0.161885,4.50008,16.4553,26.9251
0.0743877,0.226839,0.112035,1.03113,15.2086,26.9253
0.0638989,0.422308,0.16266,7.33832,16.7581,26.9254
0.0745637,0.335192,0.135679,0.0650083,14.7532,26.9258
0.0705738,0.298294,0.117871,3.59276,15.0977,26.9265
0.076497,0.198446,0.0946342,0.0986531,14.9838,26.9267
0.0746134,0.302496,0.164846,0.391727,15.5861,26.9276
0.0727191,0.373807,0.165065,1.73978,15.8259,26.9283
0.0732115,0.319156,0.155421,1.67946,15.3845,26.9286
0.0741652,0.244681,0.113167,1.51668,15.7921,26.9293
0.0685397,0.351143,0.148209,4.40253,16.9078,26.9298
0.0768498,0.199209,0.0892965,0.435582,14.5999,26.9299
0.0751828,0.291995,0.1239,0.580484,14.5579,26.9303
0.0755403,0.257889,0.122168,0.956962,15.4852,26.9304
0.075356,0.269386,0.11554,0.512635,14.0548,26.9305
0.0714459,0.341137,0.1318,2.67426,15.6437,26.9306
0.0696286,0.377061,0.142596,3.39057,15.6891,26.9308
0.0668272,0.38923,0.161765,5.54533,16.8521,26.931
0.0746542,0.320879,0.131244,0.406436,14.1382,26.931
0.0743261,0.227425,0.11227,1.71183,15.2853,26.9312
0.0683986,0.369186,0.162185,4.1484,16.5275,26.9321
0.0705783,0.305152,0.114397,3.74573,15.377,26.9327
0.0775856,0.0177797,0.0588867,1.35702,14.6262,26.933
0.0684707,0.323615,0.148038,4.74863,16.9014,26.9331
0.067097,0.330304,0.148225,5.24971,16.4256,26.9335
0.073943,0.243344,0.121713,1.83032,15.3539,26.9336
0.0772821,0.153515,0.0834987,0.798853,14.9008,26.9342
0.0724021,0.379894,0.157199,1.61185,15.0951,26.9344
0.0726305,0.245695,0.110541,2.79923,15.8595,26.9348
0.0733664,0.274727,0.13615,1.3944,15.3302,26.9351
0.0739341,0.267481,0.1155,1.92987,15.6217,26.9361
0.0734686,0.283557,0.163802,1.99793,16.5123,26.9367
0.0747082,0.327158,0.133216,0.543916,14.5779,26.937
0.0740931,0.237694,0.120161,1.18185,15.2849,26.9373
0.0687646,0.317943,0.144322,4.28557,16.0836,26.9381
0.0668619,0.380801,0.162594,5.09255,16.7263,26.9382
0.0680662,0.376104,0.142433,4.85571,15.6649,26.939
0.0711243,0.330098,0.141896,2.98449,15.3098,26.9392
0.0771336,0.00548367,0.0642323,1.77527,14.5272,26.9392
0.0654518,0.370608,0.145692,6.50865,16.2453,26.9395
0.0698667,0.359123,0.155832,3.67496,16.6166,26.9408
0.0757092,0.0160086,0.0577438,2.17142,14.787,26.9413
0.0730189,0.335542,0.163037,1.24366,15.9677,26.9415
0.0750774,0.310978,0.120473,0.987468,14.8553,26.9421
0.0697559,0.362111,0.156521,3.88597,16.8787,26.9423
0.0680992,0.395541,0.162864,4.45824,16.6606,26.9423
0.0666881,0.408249,0.162318,5.19754,16.6859,26.9429
0.0704185,0.286431,0.11663,3.60891,15.1923,26.9429
0.0707044,0.291627,0.111711,3.51015,15.9039,26.9429
0.0654565,0.360357,0.152054,6.57885,16.4768,26.9434
0.0759773,0.239318,0.125674,0.931075,15.6737,26.9437
0.0758887,0.255924,0.116247,0.117358,15.9391,26.9441
