beta,permeability,xi,init_days,delay,value
0.0426784,0.289199,0.166321,0.545383,2.99738,20.9821
0.0427326,0.284819,0.166178,0.929538,2.51896,20.9839
0.0426197,0.29536,0.165988,0.960873,2.03356,20.9972
0.0425024,0.311576,0.16611,0.451385,2.38172,20.9981
0.0427112,0.286222,0.165653,0.177986,2.10012,21.0006
0.0428465,0.269981,0.166027,0.117426,2.32891,21.0011
0.0428281,0.278947,0.166426,0.228792,2.26902,21.0082
0.0428846,0.273367,0.166415,0.551968,2.30016,21.0093
0.0428584,0.264311,0.166248,0.338549,2.6423,21.0134
0.0427857,0.273322,0.166121,0.0873897,2.32374,21.0138
0.0425115,0.311109,0.164999,0.144234,2.34736,21.015
0.042772,0.280511,0.165193,0.584774,2.75134,21.0172
0.0424346,0.316583,0.165531,0.556141,2.5334,21.0182
0.0429039,0.264952,0.16547,0.979402,2.65014,21.0218
0.0424672,0.313208,0.164542,0.286587,2.06994,21.0223
0.0428069,0.27062,0.165821,0.764858,2.10287,21.0251
0.0428548,0.276686,0.166103,0.938701,2.10915,21.0255
0.0426745,0.284877,0.165639,0.61763,2.39592,21.0282
0.0426066,0.301489,0.163481,0.431672,2.34196,21.0298
0.0425781,0.306242,0.165534,0.508332,2.73645,21.0314
0.0424404,0.313783,0.165489,0.354921,2.07527,21.032
0.0425892,0.304327,0.163814,0.0111846,2.93546,21.0343
0.042791,0.27475,0.164674,0.911795,2.53654,21.0348
0.0427688,0.276362,0.164888,0.0177735,2.43462,21.0364
0.0429552,0.26121,0.165925,0.138063,2.0172,21.0368
0.0428444,0.270829,0.164838,0.469476,2.90093,21.0406
0.0426842,0.287812,0.164115,0.924095,2.1097,21.0412
0.042875,0.264376,0.165151,0.526782,2.86856,21.0417
0.0424398,0.32053,0.165996,0.0875329,2.65755,21.0436
0.0427551,0.271702,0.166364,0.271037,2.44785,21.0436
0.0428356,0.277423,0.164741,0.853468,2.1806,21.0441
0.0426032,0.301109,0.162481,0.977996,2.53139,21.0452
0.0427007,0.290122,0.163404,0.823926,2.01674,21.0472
0.042803,0.270335,0.165218,0.725219,2.46241,21.048
0.0427839,0.282587,0.164295,0.541887,2.71484,21.0492
0.0425415,0.307764,0.162631,0.568392,2.93291,21.0502
0.0424098,0.32114,0.165299,0.801583,2.53542,21.053
0.0426033,0.303217,0.16282,0.393551,2.57034,21.0552
0.04251,0.301989,0.165147,0.48273,2.34212,21.0578
0.0428681,0.272857,0.164327,0.217286,2.24488,21.0583
0.04292,0.25373,0.165472,0.0329715,2.26121,21.059
0.042457,0.318425,0.163879,0.63151,2.1277,21.0594
0.0429142,0.26479,0.164323,0.00180129,2.92987,21.0608
0.042428,0.318266,0.164021,0.656833,2.19519,21.0614
0.0425772,0.308926,0.16616,0.631612,2.59687,21.0616
0.042625,0.29818,0.162113,0.0162369,2.57032,21.062
0.0425006,0.312202,0.161943,0.302892,2.6725,21.0628
0.0429827,0.256109,0.165465,0.561536,2.24642,21.0629
0.0426879,0.296398,0.165973,0.17719,2.6397,21.0632
0.042755,0.282187,0.163516,0.936958,2.5001,21.0649
0.042497,0.304201,0.164228,0.673236,2.90278,21.0651
0.0427118,0.276204,0.165798,0.875062,2.11443,21.0656
0.0425944,0.29643,0.163252,0.467507,2.50597,21.0679
0.0429815,0.25598,0.164835,0.743592,2.46597,21.0743
0.0428434,0.273868,0.163826,0.528359,2.77032,21.0747
0.0426502,0.288885,0.162937,0.375245,2.07865,21.0752
0.0425137,0.314706,0.164861,0.40367,2.88787,21.0752
0.0426309,0.302222,0.164279,0.785004,2.7717,21.0752
0.0426266,0.300775,0.161813,0.379748,2.59895,21.0759
0.0428364,0.261803,0.165392,0.456212,2.30368,21.0773
0.0427613,0.279449,0.163052,0.472258,2.79511,21.0789
0.0427809,0.279145,0.163267,0.203315,2.44468,21.0803
0.0424902,0.308687,0.162289,0.445407,2.7736,21.0805
0.0427006,0.295553,0.165769,0.69896,2.29812,21.0812
0.0426843,0.280003,0.165051,0.797721,2.6689,21.0813
0.042854,0.272849,0.163655,0.12384,2.05986,21.0814
0.0425996,0.288222,0.166089,0.231675,2.49908,21.082
0.0426667,0.284699,0.163763,0.169941,2.13544,21.0832
0.0424618,0.316476,0.161849,0.743874,2.61078,21.085
0.0423992,0.320317,0.164799,0.294754,2.25498,21.0882
0.0425204,0.298206,0.165085,0.0394693,2.82719,21.0882
0.0427547,0.269703,0.165215,0.654286,2.97538,21.0903
0.0428647,0.261689,0.163987,0.0394938,2.74026,21.0929
0.0424334,0.320324,0.162776,0.84756,2.11907,21.0931
0.0425122,0.317146,0.166141,0.0985241,2.84093,21.0937
0.0424837,0.318366,0.163802,0.138434,2.08741,21.0944
0.042575,0.301391,0.161052,0.568657,2.69475,21.095
0.0425258,0.295208,0.165674,0.860256,2.46259,21.0992
0.0425442,0.308423,0.159639,0.282807,2.05997,21.0994
0.0427023,0.277578,0.164217,0.921448,2.02528,21.0996
0.0427108,0.286992,0.161703,0.931529,2.25763,21.1031
0.0424658,0.312283,0.161748,0.171966,2.028,21.1051
0.0429895,0.258265,0.164241,0.654756,2.25185,21.1062
0.0429942,0.25071,0.164757,0.955542,2.2001,21.1065
0.0428804,0.274632,0.16313,0.0091144,2.54136,21.108
0.042426,0.310538,0.164686,0.935671,2.04834,21.1089
0.0426622,0.281191,0.164506,0.420549,2.87331,21.1091
0.0424364,0.323074,0.164067,0.829484,2.80648,21.1095
0.042736,0.286302,0.161838,0.00714515,2.72713,21.1099
0.0426613,0.283441,0.163408,0.861275,2.41836,21.1117
0.0429106,0.269085,0.162702,0.204605,2.37376,21.113
0.0425827,0.29485,0.162148,0.756627,2.49868,21.1131
0.0428034,0.281508,0.16244,0.74159,2.32235,21.1139
0.0424259,0.311972,0.163972,0.99329,2.12803,21.1166
0.0428227,0.275883,0.162433,0.254536,2.35923,21.1169
0.0426623,0.281816,0.163849,0.480932,2.19183,21.117
0.0425257,0.316188,0.164045,0.874595,2.16983,21.1184
0.042843,0.261147,0.164084,0.698375,2.66014,21.119
0.0426481,0.28496,0.163098,0.200527,2.22761,21.1193
0.0426209,0.303892,0.162035,0.354759,2.2068,21.1223
0.0425449,0.290037,0.166068,0.517317,2.09482,21.1246
0.0429272,0.254656,0.163207,0.296636,2.16461,21.1253
0.0428797,0.262415,0.162843,0.643693,2.51597,21.1262
0.0424999,0.295911,0.164872,0.760052,2.48887,21.1275
0.0429083,0.256729,0.163106,0.53035,2.45965,21.1278
0.0425211,0.316635,0.163026,0.391026,2.25221,21.1284
0.0424636,0.316518,0.159964,0.116868,2.02273,21.1286
0.0429735,0.255242,0.162789,0.443173,2.16254,21.129
0.0423853,0.328673,0.166454,0.483853,2.47664,21.1305
0.0426588,0.278051,0.165703,0.383286,2.37021,21.1309
0.0430204,0.244709,0.166376,0.415772,2.77907,21.1317
0.0428128,0.285113,0.165341,0.145031,2.55275,21.1324
0.0423873,0.327381,0.165651,0.0958143,2.4137,21.1327
0.042671,0.282542,0.162254,0.884469,2.32328,21.1329
0.0426434,0.282128,0.163951,0.0276004,2.22247,21.1331
0.0424666,0.31939,0.160621,0.952392,2.56775,21.134
0.0428941,0.25645,0.163262,0.118162,2.38702,21.1347
0.0428989,0.25781,0.162868,0.46622,2.38933,21.1348
0.0425998,0.290539,0.162368,0.587483,2.50129,21.135
0.0427443,0.27068,0.163767,0.628843,2.25609,21.1351
0.0427356,0.287399,0.160898,0.523001,2.08582,21.1379
0.0429249,0.267452,0.16197,0.954592,2.02817,21.1381
0.0426454,0.294298,0.159486,0.146745,2.0327,21.1383
0.042627,0.281243,0.165621,0.511225,2.63045,21.1392
0.0428936,0.260335,0.162556,0.293868,2.26266,21.1396
0.0426649,0.300476,0.163477,0.754628,2.111,21.1408
0.0428504,0.268238,0.161841,0.58282,2.90257,21.1428
0.0426065,0.287741,0.162896,0.269094,2.76514,21.1439
0.0425044,0.304636,0.159987,0.401791,2.58405,21.1444
0.0427372,0.27037,0.164286,0.919346,2.31965,21.1451
0.0424937,0.303408,0.161184,0.181167,2.69655,21.1455
0.0427023,0.284284,0.160141,0.646853,2.01092,21.1457
0.0424821,0.31099,0.159617,0.858751,2.37791,21.1473
0.0429389,0.26194,0.161738,0.842284,2.07847,21.1475
0.0429079,0.272797,0.162092,0.0550386,2.90224,21.1483
0.0426518,0.28147,0.162974,0.08444,2.95301,21.1499
0.0428603,0.275149,0.161448,0.900303,2.73956,21.1515
0.0426944,0.299708,0.166037,0.202544,2.34661,21.1516
0.0424744,0.297365,0.164736,0.854295,2.16428,21.1516
0.0425584,0.308443,0.156916,0.395905,2.14799,21.152
0.0427604,0.276278,0.160869,0.866856,2.96167,21.1526
0.0428683,0.261518,0.162164,0.61374,2.06039,21.153
0.0428391,0.269549,0.161417,0.459831,2.11236,21.1536
0.0429722,0.257205,0.161453,0.182273,2.99132,21.1542
0.0428638,0.258679,0.163119,0.46842,2.78317,21.1542
0.0424592,0.305083,0.16256,0.205697,2.89071,21.1544
0.0425178,0.317124,0.160678,0.0264703,2.41325,21.1544
0.0425197,0.300716,0.16033,0.792892,2.72669,21.1547
0.0426756,0.301306,0.165139,0.312953,2.12608,21.1556
0.0425514,0.299381,0.15925,0.338111,2.91872,21.1561
0.0416701,0.328253,0.166372,1.90525,2.12779,21.1564
0.0425216,0.315168,0.157627,0.582336,2.09445,21.1569
0.0429768,0.263278,0.161857,0.208552,2.18423,21.157
0.0425656,0.294119,0.161274,0.0785668,2.73355,21.1576
0.0424712,0.304585,0.161813,0.895697,2.20529,21.158
0.0424269,0.314255,0.162203,0.530565,2.41674,21.1584
0.0424934,0.300623,0.161807,0.65454,2.71761,21.1589
0.0429995,0.261653,0.162804,0.288458,2.46115,21.1599
0.0424934,0.301628,0.161373,0.333016,2.44382,21.1605
0.0426277,0.280343,0.165734,0.174597,2.48112,21.1605
0.0427442,0.277771,0.160546,0.845378,2.13379,21.1608
0.0415066,0.351877,0.165595,1.35936,2.1658,21.1612
0.0425319,0.305795,0.157649,0.562695,2.47566,21.1614
0.0426075,0.297725,0.157941,0.467421,2.29281,21.1626
0.0428847,0.27237,0.161159,0.811039,2.90851,21.1639
0.0424695,0.322917,0.16184,0.774494,2.87529,21.1661
0.0424258,0.306164,0.16452,0.978098,2.95605,21.1665
0.0426111,0.294998,0.15799,0.210615,2.05851,21.1672
0.0426033,0.296255,0.15786,0.568102,2.79083,21.168
0.0415795,0.340467,0.166069,1.41931,2.17572,21.168
0.0425376,0.306481,0.156864,0.0193037,2.87822,21.169
0.0425532,0.314987,0.16272,0.832497,2.50236,21.1691
0.0416787,0.329647,0.165748,1.58062,2.636,21.1693
0.0427497,0.278742,0.159973,0.0771427,2.42109,21.1696
0.0428102,0.269509,0.161044,0.472325,2.92507,21.17
0.0424861,0.318784,0.1586,0.917898,2.76737,21.171
0.0425894,0.288778,0.161884,0.430502,2.25278,21.1712
0.041535,0.344892,0.16618,1.53102,2.64785,21.1723
0.0427773,0.271912,0.160864,0.969257,2.54851,21.1734
0.0425682,0.307882,0.156474,0.286259,2.29153,21.1735
0.0425522,0.310246,0.15612,0.157154,2.36467,21.1753
0.0430158,0.242798,0.164608,0.838536,2.51524,21.1757
0.0426401,0.305407,0.163972,0.127278,2.22491,21.1768
0.0427968,0.2676,0.161316,0.349676,2.41842,21.1771
0.0415099,0.355498,0.164814,1.18867,2.78798,21.1773
0.0424349,0.318719,0.159933,0.606574,2.79881,21.1782
0.0416814,0.336522,0.166396,1.15144,2.10731,21.179
0.0429621,0.26285,0.160845,0.716646,2.2023,21.1794
0.0425303,0.295918,0.160894,0.940845,2.28855,21.1798
0.0426874,0.289082,0.15864,0.402577,2.32578,21.1809
0.0428869,0.278954,0.164415,0.822146,2.91658,21.1814
0.0425473,0.314974,0.1608,0.114936,2.39596,21.1816
0.0416113,0.338537,0.164387,1.45252,2.01813,21.1856
0.0423779,0.32116,0.163218,0.0114039,2.00058,21.186
0.0429541,0.264187,0.160551,0.275279,2.14812,21.1862
0.0426274,0.291241,0.157821,0.595341,2.18261,21.1864
0.0425562,0.309818,0.155759,0.0469,2.36386,21.1868
0.0424876,0.310001,0.158108,0.730504,2.90822,21.1869
0.0416132,0.336742,0.164754,1.33492,2.97403,21.1872
0.0423097,0.329885,0.166336,0.0673275,2.52621,21.1883
0.0423944,0.30754,0.166453,0.635281,2.7499,21.1886
0.0425649,0.305886,0.15536,0.876099,2.79486,21.1887
0.0417486,0.327404,0.166041,1.79198,2.93434,21.1887
0.0430362,0.246921,0.16405,0.816264,2.86846,21.1902
0.042424,0.302297,0.165595,0.518079,2.89358,21.1908
0.0425584,0.308966,0.155396,0.17491,2.58101,21.1909
0.042441,0.312311,0.160665,0.18374,2.1926,21.1915
0.0425352,0.308089,0.155724,0.202347,2.68784,21.1921
0.0426549,0.303054,0.162411,0.226542,2.3551,21.1932
0.0423699,0.331552,0.165418,0.272563,2.23004,21.1948
0.042422,0.324718,0.16106,0.563933,2.3962,21.196
0.042379,0.311846,0.165962,0.304873,2.34212,21.1965
0.0425399,0.29407,0.160232,0.478901,2.94029,21.1997
0.0417474,0.32778,0.165693,1.33449,2.86197,21.1999
0.0415488,0.351451,0.163332,1.20461,2.51469,21.2004
0.0429365,0.272703,0.162578,0.412849,2.9188,21.2007
0.0428633,0.283948,0.166301,0.983302,2.6395,21.2013
0.041673,0.334027,0.164447,1.42122,2.57792,21.2013
0.0427064,0.294387,0.159083,0.463764,2.85722,21.202
0.0424868,0.317467,0.156383,0.551952,2.06899,21.2023
0.0425337,0.28933,0.165168,0.85893,2.76034,21.2029
0.0429254,0.261131,0.160233,0.287755,2.82835,21.2031
0.0425775,0.299589,0.155814,0.468999,2.84504,21.2035
0.0427016,0.274127,0.162776,0.205766,2.10491,21.2041
0.0423642,0.316234,0.165246,0.0398978,2.21478,21.2041
0.0427727,0.291714,0.164501,0.064531,2.84662,21.205
0.0430539,0.250342,0.165039,0.926289,2.53157,21.2068
0.0426182,0.295514,0.156239,0.226351,2.67374,21.2075
0.0424571,0.308151,0.160088,0.971307,2.67047,21.2081
0.0425192,0.292355,0.163332,0.463218,2.13168,21.2084
0.0428537,0.26409,0.160291,0.223349,2.38719,21.2085
0.0429672,0.24614,0.16368,0.984673,2.44176,21.2095
0.0423628,0.33213,0.165184,0.487953,2.14773,21.2098
0.0427737,0.280626,0.158996,0.871959,2.33072,21.2112
0.0427022,0.284041,0.157702,0.384381,2.84587,21.2119
0.0427467,0.279011,0.158553,0.496474,2.89995,21.212
0.0424949,0.305425,0.157821,0.832339,2.4185,21.2125
0.0426248,0.301168,0.156189,0.335377,2.62275,21.2133
0.0416374,0.334893,0.163389,1.63068,2.25028,21.2136
0.0415542,0.34463,0.163293,1.14261,2.15693,21.2138
0.0424452,0.306591,0.161449,0.796472,2.20389,21.2139
0.0416546,0.332154,0.163619,1.83711,2.86478,21.2142
0.0417427,0.32855,0.165193,1.17592,2.51123,21.2142
0.0417848,0.312083,0.164776,1.86913,2.76877,21.2144
0.0428952,0.268901,0.159756,0.329296,2.5979,21.2144
0.0423884,0.32103,0.161634,0.735291,2.62284,21.2151
0.0429607,0.267281,0.160201,0.935929,2.35242,21.2154
0.0425367,0.298786,0.157521,0.373667,2.35509,21.2156
0.0418875,0.309581,0.165955,1.65503,2.40586,21.2159
0.0427762,0.281807,0.158888,0.908654,2.12921,21.2161
0.0426111,0.310324,0.163774,0.429513,2.98683,21.2161
0.0414835,0.346798,0.165414,1.65437,2.36488,21.2162
0.0425086,0.298763,0.159371,0.434291,2.78435,21.2164
0.0425545,0.313589,0.158094,0.29434,2.20501,21.2169
0.042515,0.293924,0.161811,0.180532,2.9277,21.2178
0.0423992,0.327511,0.161931,0.136563,2.24889,21.2178
0.042882,0.264953,0.159727,0.629969,2.65791,21.2188
0.0417664,0.321943,0.165036,1.80071,2.35844,21.22
0.0426857,0.292411,0.157343,0.399782,2.52999,21.2201
0.0416381,0.340866,0.163734,1.3748,2.81035,21.2201
0.0429221,0.268686,0.159511,0.963206,2.06502,21.2209
0.0416018,0.338065,0.162926,1.30567,2.08305,21.2229
0.0427424,0.292084,0.160263,0.590217,2.11528,21.2231
0.0429934,0.255502,0.159738,0.603652,2.91623,21.2232
0.042873,0.270737,0.15941,0.789828,2.89281,21.2235
0.0416191,0.33789,0.162595,1.78962,2.72759,21.224
0.042366,0.32664,0.161916,0.150924,2.38366,21.2241
0.0414541,0.360448,0.164608,1.16122,2.59764,21.2253
0.0415497,0.345571,0.162418,1.50074,2.33925,21.2272
0.04282,0.289157,0.166416,0.514323,2.16425,21.2273
0.0429652,0.251618,0.160175,0.989216,2.41878,21.2275
0.0416563,0.326733,0.163229,1.79362,2.1745,21.2276
0.0429931,0.265668,0.162218,0.799206,2.54757,21.2281
0.0426217,0.292814,0.155565,0.196459,2.56089,21.2287
0.041596,0.34613,0.162732,1.73242,2.64633,21.2288
0.0427212,0.296765,0.16261,0.512335,2.31907,21.2289
0.0423663,0.325467,0.161661,0.442452,2.46033,21.2302
0.0425771,0.296415,0.155612,0.210412,2.08932,21.2302
0.0427837,0.277875,0.158368,0.174742,2.93769,21.2315
0.0428342,0.28541,0.163571,0.265765,2.07673,21.2323
0.0427295,0.269738,0.163344,0.340318,2.79894,21.2326
0.0427671,0.281202,0.158197,0.201859,2.89495,21.2329
0.0424205,0.330335,0.162844,0.326276,2.26043,21.2332
0.0427562,0.280854,0.157949,0.627902,2.12249,21.2334
0.0429673,0.267964,0.160401,0.541247,2.79594,21.2336
0.0430427,0.249721,0.161263,0.725006,2.29471,21.2341
0.0428946,0.250907,0.165214,0.0356725,2.58123,21.2344
0.0416317,0.343464,0.164147,1.64115,2.3276,21.2352
0.042752,0.277225,0.158011,0.535355,2.43807,21.2356
0.0415612,0.353146,0.163367,1.5353,2.09333,21.2376
0.0418646,0.316343,0.16544,1.90197,2.09685,21.2382
0.0415638,0.340853,0.16256,1.00678,2.16585,21.239
0.0428059,0.290749,0.166025,0.246379,2.06556,21.2394
0.0414973,0.34567,0.163958,1.50935,2.91411,21.2394
0.0424241,0.314961,0.159836,0.463954,2.38284,21.2397
0.0426567,0.284967,0.156916,0.703283,2.64817,21.2408
0.0430578,0.247079,0.16302,0.270206,2.58669,21.2411
0.0418063,0.311763,0.164121,1.13626,2.14076,21.2412
0.0416185,0.344875,0.163573,1.75733,2.57236,21.2415
0.0426691,0.29322,0.156219,0.25522,2.57961,21.2419
0.0430405,0.251523,0.160874,0.874129,2.27571,21.242
0.0415487,0.340365,0.162767,1.26784,2.97366,21.2425
0.0415199,0.348794,0.162002,1.88592,2.59742,21.2428
0.0424558,0.297998,0.163861,0.818635,2.32276,21.243
0.0427855,0.28521,0.158265,0.725225,2.0107,21.2433
0.0425469,0.318922,0.163798,0.195765,2.04373,21.2434
0.0428413,0.273508,0.158591,0.911809,2.90481,21.2439
0.0427435,0.266439,0.165076,0.966195,2.9266,21.2445
0.0417909,0.310747,0.164178,1.51386,2.37683,21.2461
0.042877,0.283251,0.165122,0.763574,2.08624,21.2466
0.0418563,0.319406,0.166171,1.0003,2.88782,21.2467
0.0425376,0.300564,0.155572,0.373848,2.25974,21.2479
0.0416325,0.333053,0.161858,1.73506,2.85858,21.2482
0.0415829,0.338088,0.162096,1.6103,2.7723,21.2484
0.0427864,0.280337,0.157939,0.218487,2.93645,21.2489
0.04147,0.347053,0.16502,1.87773,2.12151,21.2491
0.0418995,0.301823,0.164207,1.6758,2.46973,21.2504
0.0430696,0.244941,0.164072,0.759931,2.17699,21.2506
0.0417191,0.331536,0.163724,1.4482,2.32077,21.2507
0.0430476,0.240159,0.163186,0.940279,2.49385,21.2514
0.0430622,0.249927,0.162918,0.0703885,2.2277,21.2516
0.0426424,0.288262,0.155702,0.21114,2.03737,21.2519
0.0417119,0.332237,0.163473,1.93954,2.35216,21.2533
0.041939,0.30052,0.165583,1.58712,2.68652,21.2536
0.0417609,0.3239,0.16388,1.66991,2.41611,21.2537
0.0429247,0.250501,0.162353,0.956143,2.69913,21.2545
0.0428861,0.264201,0.15871,0.677781,2.44544,21.2549
0.0423739,0.335153,0.165,0.532036,2.49454,21.255
0.0425142,0.294828,0.160045,0.400704,2.38366,21.2551
0.0415978,0.337551,0.161397,1.36802,2.38786,21.2553
0.0427081,0.28825,0.156516,0.245645,2.57133,21.2557
0.0415083,0.352068,0.161357,1.83273,2.94803,21.2563
0.0416232,0.337925,0.161251,1.00506,2.78392,21.2567
0.0427326,0.279628,0.156898,0.112082,2.33208,21.2576
0.0416703,0.3318,0.162204,1.82584,2.70549,21.2585
0.0429763,0.255431,0.158704,0.472598,2.18918,21.2591
0.0426979,0.288926,0.156163,0.801721,2.19948,21.2596
0.0414917,0.341982,0.165135,1.45648,2.82086,21.2597
0.0427249,0.290389,0.156659,0.405829,2.91398,21.2598
0.0415293,0.347584,0.16106,1.49814,2.48864,21.2599
0.0418268,0.318722,0.164143,1.5163,2.47418,21.2601
0.0430696,0.244282,0.163473,0.847968,2.6282,21.2602
0.0419449,0.300679,0.165509,1.51625,2.97482,21.2603
0.041631,0.32601,0.165168,1.94705,2.78331,21.2604
0.0418326,0.304661,0.164968,1.81943,2.27696,21.2606
0.0430075,0.263877,0.161064,0.802754,2.31504,21.2607
0.0415184,0.360379,0.164969,1.00689,2.74868,21.2607
0.0418023,0.319842,0.164006,1.77192,2.8666,21.2609
0.0426928,0.274811,0.161422,0.401737,2.13783,21.2617
0.0428207,0.266529,0.158376,0.237874,2.03012,21.262
0.0418879,0.31432,0.164838,1.71623,2.59783,21.2621
0.0426334,0.291475,0.154332,0.83835,2.70089,21.2631
0.0428735,0.267007,0.158156,0.0596878,2.37735,21.2635
0.0426919,0.301609,0.162718,0.160317,2.87527,21.2641
0.0419764,0.293099,0.166387,1.09238,2.79515,21.2651
0.0429679,0.251152,0.159289,0.284328,2.9209,21.2653
0.0429106,0.275647,0.159908,0.917413,2.37824,21.2671
0.0423291,0.333424,0.163707,0.334058,2.85284,21.2672
0.0430629,0.253577,0.163245,0.0896073,2.1103,21.2683
0.0428827,0.262008,0.158559,0.587459,2.35835,21.2686
0.0425054,0.314291,0.153392,0.935253,2.61991,21.269
0.0426321,0.286336,0.155855,0.920006,2.11638,21.2692
0.0428284,0.283625,0.159272,0.0647598,2.47554,21.2699
0.0430638,0.255173,0.164224,0.0385196,2.67434,21.27
0.0415932,0.348024,0.161958,1.36136,2.40292,21.2702
0.043004,0.256461,0.158801,0.649386,2.44962,21.2704
0.0424674,0.328395,0.162706,0.467194,2.98755,21.2705
0.0415783,0.345057,0.159579,1.84471,2.11271,21.2705
0.0430159,0.261259,0.159841,0.136784,2.86696,21.2709
0.0414182,0.366199,0.165386,1.38383,2.28291,21.2712
0.0417071,0.322134,0.161648,1.07919,2.51464,21.2714
0.0426452,0.299337,0.154588,0.335011,2.8024,21.2715
0.0425687,0.316529,0.161977,0.90802,2.37826,21.2721
0.0427118,0.296166,0.158332,0.819331,2.08579,21.2723
0.0417187,0.331719,0.162952,1.92506,2.6368,21.2732
0.0427933,0.27147,0.157522,0.968466,2.61837,21.2733
0.0423752,0.328738,0.160441,0.497479,2.15697,21.2734
0.0424051,0.333648,0.164068,0.513747,2.38164,21.2735
0.0424268,0.309312,0.160239,0.694267,2.06791,21.2741
0.0424515,0.315616,0.156798,0.251302,2.757,21.2742
0.0415008,0.339665,0.165527,1.83162,2.23731,21.2746
0.0429324,0.278157,0.166287,0.101825,2.02044,21.2748
0.0424663,0.324003,0.157206,0.516898,2.88234,21.2763
0.0417222,0.325468,0.162451,1.83468,2.08555,21.2764
0.0416409,0.330922,0.160652,1.92947,2.37538,21.2765
0.0423038,0.330553,0.163512,0.289094,2.76267,21.2767
0.0416304,0.333993,0.160489,1.14614,2.91076,21.2768
0.0424452,0.31029,0.158286,0.497253,2.99986,21.278
0.0426633,0.285377,0.15513,0.666021,2.87047,21.2781
0.0429018,0.282138,0.166358,0.314419,2.77693,21.2783
0.041664,0.340824,0.163642,1.0927,2.46987,21.2783
0.0428257,0.25803,0.164155,0.200329,2.86551,21.2792
0.0425358,0.321153,0.163904,0.935791,2.70335,21.2793
0.0414627,0.367327,0.166229,1.19565,2.44929,21.2796
0.0417771,0.325829,0.163607,1.08476,2.90612,21.2813
0.043065,0.239369,0.162637,0.194158,2.53145,21.2814
0.0429428,0.261857,0.157781,0.221714,2.03755,21.2815
0.042623,0.29518,0.153323,0.778798,2.42365,21.2822
0.0426705,0.295949,0.154833,0.0269352,2.28132,21.2823
0.0423994,0.326463,0.158558,0.667654,2.80136,21.2829
0.0419793,0.296677,0.165762,1.90829,2.48641,21.2842
0.0423647,0.328911,0.160083,0.0711645,2.64307,21.2845
0.0418565,0.30437,0.163324,1.18618,2.63654,21.2846
0.042439,0.31697,0.157048,0.551814,2.35237,21.2847
0.0424708,0.315485,0.155122,0.675303,2.53818,21.2859
0.042457,0.316257,0.155912,0.917905,2.28178,21.286
0.0430663,0.244018,0.161077,0.933226,2.20792,21.2863
0.0429403,0.25326,0.158989,0.038444,2.45232,21.2865
0.0429231,0.276754,0.161904,0.434287,2.43936,21.2867
0.0430025,0.244631,0.160611,0.836979,2.78023,21.2868
0.0425586,0.284178,0.165788,0.0668356,2.45494,21.2869
0.0427504,0.281902,0.156069,0.481519,2.31648,21.2873
0.0415168,0.361363,0.164137,1.81784,2.02933,21.2876
0.0417226,0.329919,0.16221,1.03608,2.98592,21.2887
0.0429012,0.267408,0.157501,0.429178,2.05598,21.2893
0.042526,0.296008,0.156932,0.0293288,2.3277,21.2894
0.0429175,0.26934,0.157483,0.0927712,2.79089,21.2894
0.0427564,0.285787,0.156195,0.0423209,2.54528,21.2899
0.0425046,0.298048,0.157462,0.97599,2.85683,21.2901
0.042352,0.327166,0.160351,0.307763,2.47847,21.2901
0.0426705,0.272099,0.166356,0.294981,2.72546,21.2904
0.0426974,0.279075,0.156249,0.498642,2.43912,21.2906
0.04262,0.304033,0.15372,0.0321967,2.11439,21.2909
0.042558,0.29167,0.157425,0.319204,2.36871,21.2914
0.0426878,0.281712,0.155218,0.156721,2.89598,21.2916
0.0418295,0.316365,0.163156,1.32289,2.86302,21.2919
0.0426683,0.279465,0.158416,0.60792,2.56386,21.2924
0.0426327,0.306478,0.158267,0.932283,2.31027,21.2932
0.0423701,0.332956,0.16196,0.322945,2.37257,21.2932
0.04295,0.262481,0.157466,0.111113,2.87376,21.2932
0.0427649,0.27646,0.15625,0.473637,2.0513,21.2932
0.0426915,0.296791,0.155505,0.92491,2.53463,21.2934
0.0424919,0.326397,0.161827,0.128725,2.87613,21.295
0.04265,0.285796,0.154369,0.942147,2.30089,21.2954
0.0427254,0.271882,0.160009,0.480247,2.02613,21.2959
0.041536,0.344727,0.159877,1.98284,2.51527,21.2959
0.0425497,0.307817,0.152085,0.0312712,2.6252,21.2962
0.0416775,0.325187,0.16045,1.63226,2.1491,21.2969
0.0424399,0.324349,0.156411,0.18346,2.65674,21.2971
0.0430833,0.249979,0.164887,0.768295,2.97531,21.2974
0.0415821,0.348311,0.15981,1.41422,2.34284,21.2987
0.0427352,0.282654,0.155321,0.337561,2.21325,21.2992
0.0414785,0.353334,0.161762,1.32417,2.54043,21.2995
0.0415639,0.346367,0.157962,1.87324,2.06286,21.2995
0.0425848,0.294641,0.152777,0.895326,2.90516,21.3004
0.0424917,0.314985,0.153314,0.155364,2.33693,21.301
0.0428824,0.250274,0.165514,0.993363,2.80343,21.3013
0.0426004,0.314618,0.165816,0.336056,2.13748,21.3015
0.0426344,0.292635,0.152681,0.906899,2.63371,21.303
0.0419206,0.30597,0.162917,1.88529,2.49071,21.3041
0.0423937,0.316101,0.15964,0.223936,2.20625,21.3042
0.0426455,0.282096,0.157807,0.452035,2.89508,21.3042
0.0425319,0.309389,0.151997,0.353046,2.61895,21.3048
0.0424504,0.32018,0.155058,0.337033,2.70993,21.3052
0.0418529,0.318992,0.163837,1.07861,2.80306,21.3053
0.0429038,0.281526,0.163701,0.425891,2.62518,21.3062
0.042369,0.329573,0.159524,0.576153,2.35295,21.3062
0.0423295,0.316953,0.16548,0.482715,2.48817,21.307
0.0415535,0.334854,0.163346,1.79573,2.65467,21.3073
0.0425168,0.306084,0.153497,0.204788,2.32831,21.3076
0.0429556,0.268484,0.157679,0.0282603,2.39379,21.308
0.0426541,0.306578,0.161152,0.512259,2.05781,21.3081
0.0423221,0.33204,0.16121,0.558472,2.84418,21.3088
0.042323,0.320662,0.164301,0.957351,2.35616,21.3092
0.0430416,0.244089,0.158842,0.218353,2.37294,21.3092
0.0425834,0.305655,0.151699,0.424897,2.49933,21.3093
0.041968,0.296585,0.16356,1.4864,2.68581,21.3093
0.042314,0.324992,0.163408,0.838051,2.97254,21.3102
0.0418266,0.301743,0.166363,1.29082,2.28281,21.3102
0.0418967,0.308776,0.16274,1.15162,2.75613,21.3105
0.0418628,0.318028,0.163717,1.8089,2.17434,21.3105
0.0418482,0.312824,0.162589,1.35094,2.61813,21.3111
0.0426719,0.298912,0.154373,0.979405,2.75755,21.3116
0.0425558,0.287053,0.161992,0.00595281,2.71768,21.3121
0.0416495,0.328713,0.159434,1.73042,2.3015,21.3122
0.0425511,0.317889,0.158531,0.892739,2.42685,21.3124
0.0423732,0.311175,0.163016,0.0456668,2.7783,21.314
0.041728,0.32294,0.160986,1.44292,2.11655,21.3142
0.0430797,0.235361,0.164724,0.638777,2.54585,21.3154
0.0428554,0.27137,0.156412,0.78851,2.07433,21.3154
0.042844,0.270774,0.156205,0.719299,2.99192,21.3156
0.0417887,0.31221,0.161794,1.81717,2.11003,21.3163
0.0419132,0.311892,0.163119,1.63249,2.7539,21.3164
0.0426052,0.280586,0.163646,0.379587,2.65019,21.3169
0.0419337,0.296091,0.162807,1.72517,2.58503,21.3174
0.0425476,0.311384,0.151595,0.240243,2.93636,21.3176
0.0416569,0.331605,0.159488,1.1563,2.02918,21.3178
0.0430519,0.238767,0.161982,0.0371477,2.70188,21.3182
0.0426397,0.307068,0.158999,0.481875,2.90551,21.3182
0.0423583,0.335538,0.162615,0.387383,2.68551,21.3184
0.0422791,0.337653,0.164336,0.386442,2.51652,21.3186
0.0417339,0.331643,0.162377,1.74621,2.27642,21.3186
0.0426462,0.288512,0.152687,0.0352764,2.65027,21.3188
0.042509,0.300342,0.155432,0.653359,2.78403,21.3188
0.0429396,0.24711,0.162592,0.249854,2.92313,21.3189
0.0429926,0.260541,0.157578,0.293659,2.66094,21.3193
0.0428328,0.254204,0.166136,0.42327,2.57652,21.3201
0.0419032,0.304558,0.162288,1.11499,2.26614,21.3205
0.0415774,0.355341,0.165459,1.05187,2.42463,21.3208
0.0426608,0.30369,0.157793,0.757543,2.50632,21.321
0.0425113,0.312982,0.151976,0.608326,2.83587,21.321
0.0429962,0.268487,0.162644,0.0150761,2.15011,21.3212
0.0430453,0.239012,0.161884,0.99279,2.66332,21.3213
0.0429115,0.273331,0.156523,0.600878,2.29054,21.3218
0.0429708,0.267236,0.157821,0.33088,2.84487,21.322
0.0428342,0.264243,0.157471,0.186371,2.80459,21.322
0.0416685,0.332724,0.159871,1.11543,2.25734,21.3224
0.0418991,0.309703,0.162357,1.93005,2.37878,21.3227
0.0425968,0.312125,0.158228,0.190254,2.56218,21.3232
0.0407064,0.376166,0.166004,2.61294,2.67835,21.3233
0.0418803,0.318085,0.164145,1.05268,2.00193,21.3234
0.0429207,0.263137,0.156403,0.350044,2.12031,21.3246
0.0424624,0.309376,0.155894,0.671247,2.83841,21.3247
0.04196,0.299371,0.162812,1.58198,2.69065,21.3247
0.0416563,0.331817,0.159232,1.66312,2.36283,21.3248
0.0423581,0.314202,0.162951,0.684373,2.92147,21.3249
0.041672,0.325442,0.159742,1.47847,2.80629,21.3256
0.0417911,0.326783,0.163414,1.68805,2.18972,21.3256
0.0424745,0.297284,0.160618,0.76812,2.19982,21.3262
0.0416567,0.324475,0.16171,1.63062,2.50503,21.3262
0.0425185,0.318178,0.153554,0.951282,2.12524,21.3264
0.0430294,0.263939,0.164905,0.412128,2.46279,21.3265
0.0428927,0.27326,0.156208,0.353007,2.90794,21.327
0.0423586,0.320279,0.160357,0.0535283,2.55927,21.3276
0.0426273,0.277329,0.164526,0.253485,2.33102,21.3277
0.0416031,0.343748,0.158298,1.27926,2.8622,21.3278
0.0430848,0.251549,0.164269,0.970226,2.891,21.3282
0.0427299,0.299472,0.162332,0.682972,2.47371,21.3287
0.0416256,0.348563,0.16437,1.03389,2.27113,21.3289
0.0416853,0.319663,0.16333,1.84474,2.79513,21.3289
0.0414091,0.363747,0.163734,1.91087,2.03297,21.329
0.0425501,0.312251,0.151626,0.425601,2.05687,21.3293
0.0428463,0.25969,0.159521,0.252654,2.55018,21.3295
0.0414245,0.349113,0.166084,1.95397,2.01994,21.3298
0.0416029,0.336341,0.157385,1.95617,2.86437,21.33
0.0425576,0.304709,0.151106,0.504645,2.92076,21.3302
0.0430324,0.244782,0.15805,0.695518,2.20864,21.3308
0.0427435,0.288216,0.154603,0.26899,2.26683,21.3309
0.0427958,0.293237,0.163778,0.577856,2.54752,21.3318
0.0415375,0.341442,0.158956,1.66796,2.31742,21.3326
0.0415764,0.355876,0.165374,1.18679,2.52946,21.333
0.0426392,0.30989,0.162145,0.88702,2.52636,21.3332
0.0406428,0.38281,0.164163,2.72474,2.34573,21.3333
0.0429046,0.282624,0.164837,0.709796,2.35105,21.3334
0.0420093,0.290402,0.165309,1.07349,2.30702,21.3335
0.0415258,0.361507,0.163406,1.31097,2.63489,21.3339
0.0431048,0.233687,0.165973,0.98462,2.64513,21.3344
0.0417779,0.330676,0.164968,1.60644,2.59521,21.3348
0.0423813,0.309208,0.162267,0.775634,2.62917,21.3351
0.0419592,0.302404,0.162389,1.48794,2.14941,21.3355
0.041836,0.32118,0.162934,1.07959,2.19643,21.3357
0.0416236,0.331776,0.1582,1.91888,2.1238,21.3358
0.04279,0.261176,0.163246,0.249407,2.71445,21.3363
0.0416716,0.341222,0.162204,1.95494,2.63303,21.3366
0.041862,0.313899,0.161853,1.27238,2.39595,21.3368
0.0427449,0.280512,0.154174,0.591045,2.79311,21.3373
0.041397,0.356603,0.165836,1.9721,2.67772,21.3374
0.0415985,0.34774,0.159502,1.37501,2.58044,21.3375
0.0405536,0.391268,0.166437,2.34703,2.34385,21.338
0.0414336,0.365264,0.162441,1.82042,2.35437,21.3382
0.0414814,0.363074,0.160259,1.61583,2.99396,21.3383
0.0426449,0.303982,0.154344,0.784552,2.45318,21.3388
0.0422912,0.337412,0.162918,0.902339,2.57382,21.3389
0.0406559,0.382768,0.164365,2.22816,2.76493,21.339
0.0427385,0.28932,0.154194,0.80086,2.91799,21.3399
0.0418682,0.307543,0.161517,1.26073,2.47763,21.3399
0.0415553,0.355254,0.159692,1.56139,2.77402,21.3405
0.0416444,0.340171,0.159143,1.22542,2.56542,21.3405
0.0427937,0.283977,0.154957,0.820428,2.71831,21.3407
0.0414369,0.359983,0.162145,1.10867,2.83979,21.3412
0.0423703,0.308933,0.163557,0.756208,2.67552,21.3412
0.042876,0.286227,0.165889,0.353756,2.05655,21.3414
0.0424026,0.317881,0.157624,0.483984,2.28042,21.3415
0.0417911,0.318108,0.16109,1.06047,2.39457,21.3419
0.0418708,0.314073,0.161686,1.98829,2.77621,21.3421
0.0419379,0.312281,0.164936,1.64801,2.89601,21.3422
0.0406867,0.373424,0.16525,2.34563,2.41461,21.3426
0.0415838,0.346127,0.157199,1.83007,2.10238,21.3431
0.041506,0.364734,0.163548,1.04829,2.534,21.3431
0.0415652,0.34093,0.157126,1.23358,2.31583,21.3432
0.0417406,0.334335,0.163646,1.37685,2.3409,21.3436
0.0428117,0.260086,0.162082,0.161556,2.65462,21.3437
0.0426767,0.298511,0.1532,0.0679183,2.24033,21.3442
0.0423406,0.338055,0.163114,0.0645444,2.91947,21.3442
0.0416482,0.32274,0.164073,1.69084,2.19951,21.3446
0.0406688,0.382068,0.164733,2.49414,2.44264,21.3453
0.0425791,0.31323,0.155201,0.220962,2.13127,21.3456
0.0428552,0.271071,0.155412,0.913636,2.51956,21.3462
0.0425946,0.31087,0.154607,0.450534,2.34895,21.3465
0.0428261,0.258321,0.162316,0.544207,2.12161,21.3476
0.0416585,0.32513,0.160209,1.37817,2.66583,21.3477
0.0429543,0.264792,0.155997,0.234077,2.21922,21.3477
0.041399,0.35376,0.165822,1.85962,2.24605,21.3479
0.0415038,0.35529,0.157975,1.47988,2.09421,21.3483
0.0422488,0.340138,0.165319,0.592715,2.03071,21.3492
0.041542,0.352304,0.156979,1.16327,2.63065,21.3492
0.0418959,0.296289,0.164302,1.90474,2.72863,21.3499
0.0423233,0.318339,0.164065,0.939553,2.52492,21.35
0.0424253,0.329384,0.157665,0.857621,2.20362,21.3508
0.0429651,0.263336,0.156092,0.222858,2.74377,21.3511
0.0419203,0.291776,0.166256,1.77874,2.31709,21.3515
0.0415239,0.358098,0.158694,1.08758,2.12261,21.3517
0.0430689,0.24405,0.158014,0.506698,2.15696,21.3523
0.0415679,0.335923,0.159173,1.71601,2.68008,21.3523
0.0427701,0.283876,0.154314,0.892784,2.40914,21.353
0.042888,0.279453,0.158058,0.812103,2.8687,21.353
0.0418592,0.32131,0.163665,1.68774,2.26484,21.3535
0.0429788,0.249297,0.157754,0.227971,2.35041,21.3538
0.0430371,0.258645,0.158498,0.101913,2.72971,21.3538
0.042269,0.343326,0.165664,0.523529,2.72793,21.3545
0.0425072,0.305362,0.152889,0.616751,2.40218,21.3549
0.0416264,0.337582,0.157551,1.89001,2.18131,21.3553
0.0427996,0.273541,0.154662,0.169909,2.44058,21.3553
0.0423869,0.336259,0.162237,0.74142,2.00447,21.3559
0.0423652,0.339133,0.165514,0.221863,2.18075,21.3561
0.0426536,0.273332,0.165262,0.30956,2.01607,21.3562
0.041626,0.322827,0.166262,1.33826,2.53172,21.3564
0.0427773,0.281428,0.154272,0.803785,2.71636,21.3567
0.0427024,0.304285,0.164958,0.0606371,2.93818,21.3576
0.04056,0.394858,0.165003,2.35762,2.12568,21.358
0.0426229,0.291173,0.150429,0.357942,2.67378,21.358
0.0416249,0.343724,0.158645,1.18744,2.04715,21.3588
0.0407185,0.376344,0.165418,2.16115,2.85068,21.3588
0.0424053,0.321364,0.156128,0.0584063,2.73249,21.3591
0.0418416,0.32529,0.165819,1.80973,2.08233,21.3594
0.0426994,0.300608,0.157999,0.188375,2.94945,21.3594
0.0428084,0.270672,0.154849,0.220414,2.3994,21.3596
0.0407198,0.37719,0.165653,2.85565,2.96641,21.3604
0.0417695,0.331164,0.163116,1.37761,2.88544,21.3606
0.0426325,0.287524,0.152032,0.976838,2.9781,21.3607
0.0415184,0.349317,0.157756,1.00032,2.47175,21.3608
0.0429227,0.274064,0.156265,0.0310776,2.75881,21.3609
0.0424453,0.312614,0.155339,0.316968,2.28933,21.361
0.0418098,0.325278,0.162527,1.84377,2.38096,21.3614
0.0406594,0.384914,0.16435,2.28594,2.37415,21.3617
0.0427317,0.280306,0.153259,0.521779,2.46088,21.3619
0.0417023,0.335289,0.160319,1.95538,2.90766,21.3628
0.0427027,0.273183,0.159262,0.58832,2.67753,21.3639
0.0406481,0.376046,0.165945,2.76838,2.50399,21.3641
0.0429125,0.272443,0.155069,0.251946,2.43468,21.3656
0.0429442,0.257796,0.155692,0.150868,2.9115,21.3656
0.0416555,0.342582,0.160503,1.05956,2.61386,21.366
0.0415553,0.356093,0.159231,1.66216,2.61604,21.366
0.0406239,0.384274,0.162281,2.4249,2.22729,21.3666
0.0414453,0.347055,0.164219,1.57509,2.59114,21.367
0.0427405,0.273654,0.155535,0.504009,2.48979,21.3671
0.0406116,0.382812,0.164085,2.93938,2.8937,21.3673
0.0414336,0.347675,0.165077,1.52915,2.54046,21.3677
0.0427546,0.295324,0.159053,0.0692033,2.78015,21.3678
0.0431195,0.236079,0.164905,0.770366,2.47504,21.3685
0.0425861,0.29486,0.150235,0.819826,2.11039,21.3687
0.0424296,0.305687,0.15834,0.598263,2.62829,21.3688
0.0417519,0.330594,0.161246,1.01364,2.4553,21.3689
0.0430453,0.248613,0.156673,0.0374657,2.12958,21.3693
0.0431206,0.23494,0.164867,0.852499,2.66247,21.3695
0.0406737,0.38539,0.165626,2.31813,2.60712,21.3696
0.0413899,0.356295,0.165248,1.38175,2.57036,21.3706
0.0428825,0.281133,0.158523,0.574576,2.45777,21.371
0.0415211,0.362619,0.161909,1.35023,2.54606,21.3714
0.0422551,0.34503,0.166197,0.640699,2.68909,21.3721
0.0419873,0.293659,0.161064,1.31436,2.73947,21.3727
0.0428146,0.290709,0.161037,0.79277,2.77335,21.3731
0.0419591,0.297954,0.16051,1.56117,2.63636,21.3738
0.0428544,0.287875,0.162713,0.542405,2.30387,21.3741
0.042891,0.25899,0.156459,0.3398,2.16552,21.3742
0.0417674,0.320024,0.159621,1.18213,2.43438,21.3742
0.0413843,0.359103,0.165111,1.09691,2.47761,21.3743
0.0419705,0.303714,0.162028,1.9409,2.33189,21.3746
0.0426106,0.314996,0.164891,0.762811,2.20707,21.3747
0.0427396,0.296241,0.157734,0.555418,2.25371,21.3747
0.0426201,0.309064,0.155288,0.575487,2.0483,21.3749
0.0420091,0.284958,0.16641,1.07613,2.53167,21.3751
0.0429564,0.240947,0.166105,0.228647,2.33049,21.3753
0.0408209,0.361197,0.165938,2.61052,2.21646,21.3757
0.0427826,0.261998,0.162247,0.249616,2.97012,21.3762
0.0422678,0.337472,0.161794,0.497153,2.52705,21.3768
0.0426509,0.305605,0.155809,0.136491,2.84361,21.3773
0.0429042,0.282556,0.162417,0.472511,2.64688,21.3775
0.0429967,0.270687,0.163748,0.83068,2.31579,21.3777
0.0424709,0.322074,0.152326,0.621966,2.35033,21.3778
0.0425764,0.317854,0.160336,0.814,2.77328,21.378
0.0425064,0.308048,0.1518,0.814778,2.19638,21.3785
0.0415315,0.359697,0.159423,1.55365,2.15425,21.3785
0.0426879,0.27687,0.156579,0.200371,2.297,21.379
0.0429648,0.240971,0.165071,0.157332,2.81006,21.3792
0.0425529,0.293454,0.154183,0.0362239,2.59794,21.3793
0.0416979,0.331909,0.158557,1.67159,2.29597,21.3793
0.0415983,0.34806,0.157893,1.40689,2.32632,21.3799
0.041719,0.313514,0.164206,1.92909,2.44789,21.38
0.0426926,0.284115,0.151698,0.707562,2.76893,21.3803
0.0426172,0.311441,0.157768,0.774668,2.19082,21.3813
0.0424639,0.3153,0.152969,0.102097,2.10757,21.3813
0.041849,0.310037,0.160075,1.85367,2.23611,21.3818
0.0423257,0.316288,0.163627,0.216431,2.42791,21.3829
0.0431239,0.233748,0.165587,0.384596,2.33345,21.3829
0.0424298,0.335123,0.164056,0.933338,2.14903,21.383
0.0415066,0.361001,0.158223,1.70865,2.67293,21.3834
0.0425334,0.286763,0.163076,0.897406,2.23748,21.3834
0.0424118,0.328282,0.155439,0.673996,2.06733,21.3837
0.0429489,0.27242,0.157555,0.304494,2.66062,21.3842
0.0424247,0.32228,0.153773,0.851364,2.39058,21.3847
0.041941,0.306463,0.160474,1.23731,2.9399,21.3847
0.0429181,0.275346,0.156214,0.40316,2.36729,21.3849
0.0417158,0.333216,0.159282,1.63785,2.65152,21.3865
0.0408179,0.364527,0.16636,2.4192,2.98387,21.3866
0.0413796,0.358935,0.165041,1.16224,2.04031,21.3866
0.042853,0.266341,0.154446,0.205821,2.61072,21.3885
0.0417838,0.305892,0.164737,1.8276,2.6743,21.3885
0.0424205,0.327497,0.154761,0.393651,2.22259,21.3895
0.0430844,0.233826,0.16379,0.923877,2.91645,21.3896
0.0416755,0.332775,0.157576,1.86932,2.58578,21.39
0.0418988,0.320261,0.16645,1.4665,2.75241,21.3903
0.0418863,0.301571,0.16066,1.70177,2.28499,21.3908
0.0429279,0.244605,0.164407,0.0177471,2.43748,21.3911
0.042588,0.285134,0.158303,0.983841,2.01408,21.3912
0.0423728,0.336022,0.160074,0.4778,2.11405,21.3913
0.0430726,0.257252,0.163962,0.842941,2.57952,21.3925
0.0427427,0.284069,0.152372,0.564543,2.80701,21.3931
0.0423364,0.329003,0.157848,0.128167,2.74689,21.3932
0.041517,0.344795,0.157659,1.5703,2.61699,21.3932
0.0419595,0.311043,0.16627,1.09413,2.9373,21.3935
0.0407598,0.374825,0.166291,2.68469,2.66404,21.3939
0.0415746,0.352005,0.157353,1.55751,2.34261,21.3942
0.0423933,0.33638,0.160751,0.788036,2.30925,21.3943
0.0424846,0.297898,0.157671,0.600568,2.56983,21.3944
0.0424527,0.323645,0.152304,0.0893313,2.01905,21.3953
0.0414479,0.368664,0.161576,1.87456,2.93186,21.3955
0.0417282,0.333513,0.160085,1.03744,2.08089,21.3961
0.0430606,0.253799,0.158013,0.783401,2.53463,21.3962
0.0426688,0.27575,0.159547,0.542302,2.16567,21.3967
0.0420002,0.284727,0.166411,1.78885,2.0408,21.3967
0.0424084,0.30849,0.158245,0.535918,2.05233,21.3967
0.0415735,0.34094,0.154773,1.14329,2.39416,21.3968
0.0407443,0.370226,0.163574,2.22917,2.97253,21.3968
0.0414631,0.352123,0.160128,1.63342,2.32323,21.3968
0.0418947,0.310945,0.160006,1.69739,2.73402,21.3975
0.0407297,0.368511,0.163982,2.76844,2.99838,21.3975
0.0419896,0.296121,0.160739,1.86999,2.32373,21.3983
0.0429144,0.277259,0.157425,0.379254,2.81238,21.3986
0.0422696,0.337627,0.160789,0.80061,2.19756,21.3987
0.0425347,0.294085,0.155088,0.287208,2.26722,21.3991
0.0423759,0.338147,0.16204,0.503289,2.16929,21.3995
0.0423983,0.313376,0.15738,0.550548,2.77816,21.3996
0.0422654,0.338013,0.161,0.745925,2.94624,21.4009
0.0422357,0.344995,0.165687,0.836405,2.43927,21.401
0.0424973,0.312342,0.150842,0.621288,2.6926,21.4011
0.0424436,0.3339,0.161663,0.95855,2.54287,21.4015
0.0424262,0.304907,0.15853,0.473998,2.94291,21.4017
0.0425116,0.300466,0.152857,0.595483,2.85265,21.4017
0.0430727,0.247891,0.157002,0.421193,2.86567,21.4026
0.0431192,0.244941,0.165794,0.643876,2.3689,21.403
0.042842,0.288796,0.160742,0.360578,2.73402,21.4033
0.0428701,0.287787,0.164459,0.127579,2.00575,21.4034
0.0413844,0.365434,0.16287,1.7269,2.97966,21.4041
0.0418504,0.315083,0.15962,1.56854,2.87064,21.4045
0.0422501,0.330675,0.164444,0.0950306,2.74334,21.4047
0.0416857,0.320605,0.160319,1.05115,2.14068,21.405
0.0416258,0.340756,0.155962,1.91291,2.1333,21.405
0.0427821,0.285593,0.152674,0.302904,2.91072,21.4053
0.0430028,0.250266,0.15502,0.835084,2.74274,21.4053
0.0427267,0.266437,0.163071,0.830715,2.61532,21.4055
0.0426927,0.302049,0.156533,0.131462,2.05397,21.4057
0.0427013,0.297548,0.15227,0.517408,2.86487,21.4057
0.041803,0.309028,0.160685,1.2652,2.32831,21.4057
0.0417528,0.333879,0.161902,1.77997,2.82569,21.4062
0.0426353,0.305555,0.151181,0.809618,2.43137,21.4062
0.0416816,0.31797,0.163258,1.43291,2.85378,21.4063
0.0426306,0.303738,0.149664,0.814459,2.69614,21.4063
0.0425276,0.324862,0.162922,0.565833,2.86553,21.4065
0.0417934,0.326722,0.160642,1.16209,2.62613,21.4066
0.042599,0.31053,0.151404,0.828679,2.08532,21.407
0.0425518,0.308097,0.149301,0.0554215,2.50295,21.4076
0.0405475,0.397268,0.164119,2.72765,2.6715,21.4079
0.0407326,0.36822,0.163717,2.27977,2.1761,21.4079
0.0414389,0.368731,0.161011,1.75604,2.21341,21.4082
0.0419353,0.309647,0.160426,1.02702,2.81336,21.409
0.042232,0.342428,0.163992,0.697539,2.94715,21.4095
0.0429771,0.258495,0.154231,0.0820393,2.24661,21.4105
0.0422282,0.341301,0.163328,0.291252,2.05303,21.4106
0.042369,0.304169,0.1663,0.557865,2.7165,21.4108
0.0424819,0.30143,0.154948,0.601033,2.76948,21.4113
0.0429624,0.275049,0.161328,0.0621765,2.4239,21.4113
0.041674,0.33861,0.157947,1.96825,2.62221,21.4113
0.0428379,0.278763,0.15322,0.714735,2.24907,21.4114
0.042924,0.273249,0.154538,0.836486,2.15562,21.4118
0.0427142,0.267842,0.162803,0.0233536,2.58256,21.4121
0.0414615,0.372864,0.16582,1.38637,2.41091,21.4123
0.0416525,0.31879,0.165688,1.12333,2.25358,21.4124
0.0414184,0.35025,0.163996,1.88097,2.24489,21.4125
0.0429678,0.275086,0.162013,0.434863,2.80508,21.4128
0.0426964,0.277573,0.154457,0.124349,2.11254,21.4128
0.0428779,0.287043,0.163957,0.833767,2.72705,21.413
0.0416691,0.347233,0.165965,1.07123,2.61602,21.4131
0.0431227,0.234486,0.161757,0.148877,2.95609,21.4132
0.0430365,0.234563,0.165144,0.805916,2.35134,21.4137
0.0425435,0.311519,0.14919,0.460802,2.20145,21.4138
0.041784,0.30679,0.163315,1.55592,2.59918,21.4142
0.0427812,0.297721,0.166164,0.923705,2.92054,21.4149
0.0426299,0.308064,0.153432,0.491258,2.76235,21.4151
0.0424004,0.305722,0.16051,0.280464,2.42238,21.4151
0.0431174,0.244967,0.163775,0.216792,2.08749,21.416
0.0419741,0.303402,0.160817,1.36057,2.166,21.4162
0.0428721,0.276245,0.153305,0.247144,2.79716,21.4164
0.0423497,0.31844,0.158843,0.695137,2.55497,21.4168
0.043061,0.255598,0.157924,0.965714,2.32292,21.417
0.0430733,0.244065,0.156007,0.908051,2.50689,21.4173
0.0427876,0.279181,0.152302,0.123983,2.91412,21.4178
0.0407575,0.376733,0.166303,2.66864,2.75864,21.4179
0.0425211,0.307506,0.14984,0.230788,2.77771,21.4183
0.0423771,0.326219,0.155054,0.713465,2.33631,21.4184
0.0406333,0.391577,0.163328,2.61122,2.18691,21.4187
0.0415133,0.357321,0.156215,1.41367,2.74793,21.4188
0.0423532,0.324226,0.157123,0.43852,2.17492,21.4189
0.0430335,0.259808,0.15698,0.635706,2.35809,21.4191
0.0406713,0.377554,0.161379,2.0674,2.24934,21.4193
0.0416797,0.334199,0.156665,1.17212,2.93106,21.4202
0.0427759,0.297861,0.164602,0.655486,2.14646,21.4202
0.0429284,0.257343,0.154333,0.658161,2.69807,21.4203
0.0425316,0.319659,0.152822,0.527228,2.6193,21.4205
0.0406411,0.375996,0.164319,2.55624,2.34861,21.4205
0.0415493,0.36146,0.164238,1.76328,2.46698,21.4206
0.041742,0.315384,0.159794,1.30215,2.47509,21.4212
0.0414662,0.361409,0.1579,1.28315,2.52048,21.4212
0.0416599,0.344989,0.160578,1.29039,2.8512,21.4214
0.0415649,0.331618,0.161972,1.34159,2.14462,21.4214
0.0407628,0.372234,0.164275,2.84417,2.34053,21.4218
0.0424583,0.328038,0.154723,0.902188,2.10947,21.422
0.0425291,0.296485,0.153375,0.842112,2.79472,21.4222
0.0425327,0.322327,0.155342,0.887349,2.09686,21.4224
0.0425252,0.317623,0.150542,0.953154,2.52828,21.4225
0.0425974,0.30522,0.14855,0.423242,2.99644,21.4227
0.0409309,0.347443,0.16566,2.72507,2.52405,21.4228
0.0419002,0.299609,0.160263,1.57226,2.07826,21.423
0.0425231,0.324642,0.156731,0.328838,2.79994,21.423
0.0416499,0.339892,0.156373,1.42475,2.13845,21.4237
0.0427059,0.286319,0.150272,0.796254,2.68274,21.4238
0.0420488,0.284681,0.163873,1.70732,2.75003,21.4241
0.0423081,0.326243,0.159655,0.733247,2.83164,21.4243
0.0422449,0.335468,0.162563,0.0795117,2.69639,21.4248
0.0406815,0.378247,0.161225,2.30565,2.06888,21.4249
0.0424836,0.325897,0.154359,0.252022,2.92927,21.4255
0.0413459,0.366451,0.164787,1.16354,2.13677,21.4258
0.0418553,0.321165,0.160863,1.67242,2.77575,21.426
0.0428813,0.287852,0.165962,0.745505,2.7231,21.4267
0.041537,0.361853,0.16142,1.81706,2.45971,21.427
0.0415387,0.358548,0.157152,1.12162,2.10077,21.4275
0.0415155,0.355262,0.155427,1.01342,2.97177,21.4276
0.040943,0.345945,0.165984,2.71818,2.72679,21.4277
0.0417439,0.310198,0.163573,1.14815,2.1682,21.4281
0.0426724,0.295025,0.14962,0.576924,2.76743,21.4282
0.0415387,0.338038,0.15865,1.23821,2.79212,21.4283
0.0415189,0.366219,0.165419,1.87328,2.59497,21.4284
0.0430095,0.238596,0.162228,0.50661,2.13673,21.4285
0.0424873,0.323235,0.152545,0.524894,2.43112,21.4285
0.0423265,0.327797,0.157731,0.182575,2.50291,21.4286
0.0413161,0.372525,0.165753,1.75807,2.18435,21.4289
0.0425535,0.312489,0.149109,0.83841,2.60664,21.4289
0.0425096,0.293686,0.157412,0.800007,2.82453,21.429
0.0430399,0.251041,0.155168,0.460033,2.1241,21.4292
0.0408082,0.360044,0.164208,2.8008,2.15986,21.4299
0.0416297,0.347274,0.158335,1.31999,2.5306,21.4302
0.0416229,0.347194,0.157664,1.33045,2.44107,21.4305
0.0431213,0.244799,0.163935,0.287697,2.71399,21.4305
0.0425318,0.319263,0.152059,0.269455,2.08817,21.4305
0.0406411,0.380322,0.160836,2.31191,2.51556,21.4311
0.0423764,0.336354,0.158694,0.332192,2.39445,21.4315
0.0406709,0.388005,0.164596,2.71315,2.2729,21.4317
0.0415937,0.354542,0.16148,1.01232,2.44423,21.4321
0.0424551,0.301821,0.157122,0.113446,2.93048,21.4326
0.0422894,0.318754,0.164743,0.587473,2.47402,21.4327
0.0423855,0.334302,0.157367,0.244054,2.10986,21.4331
0.042546,0.282465,0.165283,0.0912154,2.6935,21.4332
0.0426612,0.279891,0.154646,0.690025,2.56364,21.4335
0.0424399,0.299258,0.160674,0.412651,2.58293,21.4343
0.0417341,0.309124,0.165637,1.85141,2.47355,21.4345
0.0415519,0.358021,0.15784,1.61771,2.79236,21.4346
0.0415273,0.337692,0.160137,1.32134,2.99656,21.435
0.0423594,0.335286,0.157651,0.469632,2.26106,21.4351
0.0425755,0.316605,0.154389,0.710493,2.34305,21.4357
0.0417215,0.340766,0.164646,1.9222,2.62298,21.4357
0.0430998,0.232269,0.163289,0.0781508,2.96877,21.4367
0.0425305,0.285281,0.163683,0.0686148,2.21582,21.4368
0.0418037,0.315119,0.157782,1.84417,2.92451,21.4372
0.0424227,0.323622,0.152193,0.0639333,2.08381,21.4373
0.0427492,0.265375,0.160745,0.0147525,2.8669,21.4373
0.0418475,0.297437,0.165115,1.18821,2.13435,21.4374
0.0420572,0.285042,0.164461,1.07724,2.93248,21.4377
0.0415168,0.347569,0.155878,1.36237,2.77143,21.4386
0.0415202,0.358433,0.156183,1.17286,2.38355,21.4387
0.0417173,0.313677,0.162642,1.33689,2.05884,21.4387
0.0428808,0.259865,0.155116,0.361463,2.45934,21.4391
0.042573,0.303395,0.148239,0.419444,2.59042,21.4394
0.0430484,0.259942,0.157582,0.364908,2.26145,21.4394
0.0427062,0.26631,0.164788,0.315031,2.56287,21.4396
0.0428548,0.259944,0.156501,0.81126,2.94737,21.44
0.0415949,0.328121,0.161666,1.40758,2.70993,21.4404
0.0420249,0.299086,0.16503,1.48437,2.69317,21.4404
0.0429643,0.251434,0.15552,0.920684,2.66032,21.4407
0.04269,0.30239,0.154742,0.188714,2.12655,21.441
0.0426323,0.274435,0.164267,0.687573,2.79337,21.4413
0.0425088,0.296463,0.155188,0.54312,2.96661,21.4414
0.0415898,0.355271,0.161338,1.27689,2.4717,21.4417
0.0420651,0.2851,0.166366,1.74403,2.80261,21.4419
0.0417937,0.31921,0.157781,1.7431,2.5237,21.442
0.0416412,0.334462,0.154357,1.3759,2.60525,21.4423
0.041545,0.355288,0.155605,1.82164,2.85609,21.4423
0.0414071,0.351166,0.163886,1.22195,2.87875,21.4426
0.0419065,0.309404,0.158609,1.93846,2.35547,21.4426
0.0419618,0.303798,0.1593,1.90144,2.02102,21.4429
0.0426405,0.291974,0.147736,0.302574,2.96483,21.4441
0.0419485,0.307778,0.159708,1.92801,2.38637,21.4444
0.0408035,0.359856,0.163931,2.62305,2.36783,21.4448
0.0415248,0.346136,0.155371,1.18915,2.42886,21.4451
0.0424168,0.301498,0.161352,0.985382,2.95018,21.4456
0.0423248,0.335326,0.156807,0.949805,2.68253,21.4457
0.0427743,0.29782,0.1623,0.2806,2.27387,21.4457
0.0415225,0.364428,0.161795,1.63643,2.73715,21.4459
0.0424035,0.330296,0.154279,0.21534,2.48735,21.446
0.0428148,0.257967,0.161483,0.0294016,2.65621,21.4462
0.0414408,0.363125,0.158197,1.33804,2.3735,21.4464
0.0425016,0.305476,0.150725,0.424007,2.567,21.4471
0.0425309,0.325593,0.165457,0.338836,2.95654,21.4472
0.0423944,0.318518,0.154846,0.597424,2.55939,21.4474
0.0417617,0.305016,0.16637,1.54856,2.56132,21.4478
0.0417975,0.321709,0.157791,1.31782,2.26483,21.4479
0.0422128,0.343916,0.16331,0.650691,2.87281,21.4495
0.0409048,0.348938,0.164795,2.03775,2.36761,21.4498
0.0430991,0.233519,0.161417,0.309299,2.09799,21.4503
0.0424441,0.292836,0.166057,0.0276218,2.98983,21.4504
0.0405969,0.379485,0.164863,2.29294,2.17196,21.4506
0.0425984,0.298342,0.147612,0.231842,2.81759,21.4507
0.0418229,0.312904,0.157518,1.74675,2.4582,21.4508
0.0430803,0.257456,0.164615,0.827427,2.13916,21.4508
0.0424864,0.311119,0.150429,0.882805,2.35782,21.4511
0.0420025,0.296224,0.159936,1.92104,2.87082,21.4513
0.0408061,0.363329,0.162847,2.02917,2.02045,21.4513
0.0430586,0.2353,0.161387,0.701647,2.85511,21.4516
0.0420484,0.291841,0.165072,1.51341,2.71247,21.4522
0.0427219,0.304467,0.165142,0.39459,2.79746,21.4523
0.0423938,0.335789,0.157563,0.4061,2.66054,21.4526
0.0426489,0.31189,0.162985,0.622177,2.37391,21.4528
0.0431148,0.243065,0.158744,0.963563,2.31255,21.4528
0.0415034,0.364085,0.158176,1.88112,2.2283,21.4531
0.0406492,0.392432,0.164652,2.54026,2.78587,21.4534
0.0416215,0.323675,0.162888,1.05371,2.41045,21.4534
0.0414736,0.355044,0.157083,1.52723,2.16444,21.4537
0.0425689,0.282822,0.161643,0.114653,2.97127,21.454
0.0426842,0.272542,0.159942,0.741797,2.37845,21.4544
0.0418969,0.317353,0.160565,1.98954,2.25069,21.4553
0.0415997,0.330013,0.158561,1.12303,2.79823,21.4559
0.0419327,0.304433,0.158191,1.29193,2.08093,21.4559
0.0414437,0.373712,0.163348,1.64467,2.78189,21.4564
0.0406317,0.390251,0.160398,2.44187,2.40739,21.4564
0.0429685,0.239949,0.16368,0.595359,2.62303,21.4565
0.0407334,0.380377,0.164779,2.7394,2.3833,21.4566
0.0406429,0.372612,0.165855,2.61737,2.71428,21.4566
0.0425176,0.314873,0.148685,0.910108,2.87316,21.4568
0.042495,0.319118,0.149683,0.885668,2.61329,21.4573
0.0423302,0.321632,0.158074,0.956796,2.6868,21.4574
0.0427591,0.273112,0.152813,0.344896,2.13755,21.4575
0.0408687,0.361211,0.165024,2.56331,2.76741,21.4575
0.0413628,0.358649,0.164117,1.49623,2.99765,21.4576
0.0424161,0.33326,0.155891,0.119485,2.83424,21.4577
0.0424277,0.312208,0.153813,0.279797,2.6542,21.4578
0.0413657,0.378313,0.165196,1.8423,2.29612,21.4581
0.0429606,0.257727,0.152773,0.893069,2.93188,21.4584
0.0409453,0.35003,0.165873,2.94591,2.49227,21.4587
0.0416123,0.348023,0.155945,1.83137,2.75516,21.4589
0.0424919,0.31425,0.149281,0.603566,2.13638,21.459
0.0422498,0.322724,0.166324,0.412412,2.31216,21.459
0.0430408,0.233169,0.165012,0.913889,2.9885,21.4595
0.041423,0.366928,0.15909,1.02076,2.30475,21.46
0.0428601,0.267832,0.151995,0.275366,2.10821,21.46
0.0422354,0.34026,0.160849,0.499361,2.61208,21.4603
0.0425745,0.296307,0.148069,0.919214,2.08822,21.4618
0.0423454,0.342445,0.163223,0.346011,2.79469,21.4618
0.0425087,0.307949,0.149315,0.886163,2.8904,21.4622
0.0424139,0.332834,0.155443,0.74753,2.61573,21.4625
0.0427701,0.269388,0.154543,0.310374,2.25115,21.4628
0.0425913,0.317467,0.157322,0.3898,2.66528,21.4632
0.0430343,0.265428,0.161086,0.957068,2.22989,21.4634
0.0427712,0.284038,0.150577,0.46162,2.99164,21.4638
0.0427056,0.28602,0.148682,0.825357,2.77978,21.4645
0.0422997,0.336047,0.157065,0.35647,2.9753,21.4645
0.0405209,0.392846,0.16519,2.05916,2.65892,21.4647
0.0430491,0.255328,0.155875,0.110454,2.7127,21.4654
0.0405451,0.389164,0.164528,2.01919,2.30775,21.4655
0.0423293,0.34269,0.161719,0.352865,2.00562,21.4659
0.0406715,0.380823,0.159812,2.63094,2.14563,21.4662
0.0420539,0.284899,0.161207,1.40572,2.13737,21.4664
0.041991,0.287459,0.161703,1.19402,2.49312,21.4664
0.0431098,0.230871,0.163681,0.790033,2.06459,21.4666
0.0422256,0.336318,0.162684,0.0759351,2.98561,21.4666
0.0420544,0.285927,0.161233,1.08669,2.92797,21.4671
0.0425803,0.296818,0.147536,0.576068,2.08453,21.4674
0.042399,0.313779,0.155181,0.494128,2.71557,21.4675
0.0415047,0.334324,0.164995,1.45205,2.52464,21.4679
0.0428281,0.283519,0.151614,0.428828,2.16179,21.4681
0.0417774,0.313533,0.1578,1.93046,2.71144,21.4683
0.0425928,0.313675,0.151511,0.748859,2.93742,21.4683
