beta,permeability,xi,init_days,delay,value
0.0701554,0.106824,0.109072,16.0635,9.30589,51.9897
0.0670075,0.0604687,0.0970314,19.7541,9.42669,52.0685
0.070027,0.124676,0.111392,16.4894,9.64821,52.1596
0.066799,0.101874,0.103092,19.6485,9.25638,52.279
0.0702183,0.0963351,0.107801,16.0564,9.9749,52.3
0.0712847,0.116654,0.114405,15.1015,9.16623,52.4424
0.084393,0.00225671,0.0987482,7.41109,8.37464,52.5619
0.0679583,0.0788383,0.100974,18.5238,9.82714,52.5887
0.0724258,0.13263,0.120004,14.1434,9.42771,52.6338
0.0711258,0.137017,0.11892,15.1925,9.98135,52.8396
0.0724856,0.118484,0.117138,14.6935,9.57107,52.8768
0.0841745,0.0254307,0.102861,7.54572,8.12767,52.9859
0.069839,0.154949,0.119654,16.81,9.11978,53.0457
0.0806915,0.0241205,0.0983972,9.62446,8.71725,53.0857
0.0689313,0.120581,0.109899,17.043,9.84365,53.0895
0.0713538,0.0959839,0.108936,15.8316,9.05299,53.298
0.0668969,0.0834284,0.101877,19.7323,9.22802,53.3833
0.0694556,0.0131192,0.0971193,17.4465,9.81944,53.4528
0.0719452,0.00282144,0.0977813,15.0244,9.91868,53.5329
0.0842157,0.0141461,0.101828,7.01593,8.52207,53.6176
0.071188,0.12865,0.113433,15.3287,9.84729,53.6331
0.0704472,0.034404,0.0995321,16.4134,9.73464,53.6597
0.0840694,0.040009,0.104017,7.78454,8.88003,53.7275
0.0711687,0.13068,0.118713,15.8196,9.93053,53.7418
0.0687023,0.142177,0.115128,17.4875,9.48392,53.7747
0.0713417,0.0899487,0.111968,15.6792,9.68081,53.7938
0.0728561,0.0575338,0.108245,14.8933,9.6662,53.9124
0.0840218,0.0355422,0.105062,7.65563,8.08484,53.9866
0.0667179,0.112263,0.103988,19.3904,9.32829,54.0065
0.0681236,0.0552363,0.101022,18.273,9.0153,54.0546
0.0685519,0.175266,0.121159,17.8637,9.06941,54.079
0.0726003,0.0920501,0.114248,14.7455,9.85852,54.2006
0.0660436,0.0496422,0.0939212,20.8748,9.32009,54.2465
0.0688292,0.115331,0.110769,17.8858,9.22728,54.3701
0.0725387,0.114517,0.118516,14.5286,9.94512,54.4423
0.0678615,0.102221,0.107767,18.7227,9.4508,54.4449
0.071258,0.116716,0.116733,15.0876,9.32571,54.4451
0.0804722,0.0446813,0.103608,9.53865,8.78049,54.469
0.0823795,0.0294834,0.0991024,8.82362,8.46089,54.4746
0.0666597,0.128577,0.105427,19.7796,9.91596,54.4852
0.065956,0.0502826,0.0972601,20.3446,9.85228,54.7029
0.0701321,0.119199,0.109223,16.7965,9.54222,54.7324
0.0682001,0.0144519,0.0954597,18.6807,9.94908,54.7605
0.0717006,0.0334008,0.104533,15.0765,9.85684,54.7879
0.0691113,0.0829032,0.106973,17.9412,9.07745,54.8105
0.0822483,0.0349954,0.101487,8.21706,8.01417,54.8278
0.0682146,0.0336319,0.0933577,18.2052,9.7149,54.8908
0.0775718,0.0240794,0.0937004,11.8355,8.09802,54.9431
0.0704496,0.0311477,0.103065,16.7139,9.2638,54.9501
0.06981,0.16068,0.123034,16.0089,9.59456,54.9589
0.0730489,0.0272724,0.104416,14.8192,9.94183,55.0046
0.0706657,0.0247636,0.0952312,16.9589,9.69626,55.0095
0.0737036,0.136084,0.120364,13.9169,9.08175,55.0505
0.0670016,0.0498586,0.099647,19.5122,9.82318,55.0822
0.0824663,0.0258618,0.100302,8.02541,8.14453,55.1101
0.0735576,0.160936,0.13106,13.0486,9.49467,55.1173
0.0741054,0.0800558,0.11293,13.3939,9.31259,55.187
0.0773305,0.0537347,0.0998499,11.4112,8.55674,55.2198
0.0705782,0.00574076,0.0960679,16.486,9.33032,55.268
0.0703148,0.0877331,0.102951,16.2727,9.64044,55.2922
0.0736624,0.1356,0.12655,13.3447,9.30579,55.3664
0.067901,0.111525,0.102914,18.8803,9.99506,55.4892
0.0709029,0.177336,0.129121,15.4709,9.9864,55.5026
0.0649926,0.0557117,0.0938931,21.9518,9.98345,55.5136
0.0753697,0.100327,0.116736,12.7548,9.4838,55.5176
0.0693088,0.0602379,0.0998015,17.9953,9.75684,55.5257
0.0790736,0.017076,0.0943113,10.1342,8.35333,55.5676
0.08212,0.0495126,0.10371,8.98729,8.01861,55.6471
0.0732404,0.0132208,0.0979327,14.4964,9.64233,55.6714
0.0727916,0.0603351,0.111335,14.1799,9.89248,55.6739
0.0876722,0.057028,0.114717,5.67004,8.30436,55.6821
0.0806851,0.0161414,0.0961239,9.14799,8.41934,55.6861
0.0878471,0.0426092,0.109625,5.25298,8.71629,55.7016
0.0709872,0.17524,0.122406,15.5846,9.20071,55.7142
0.0650332,0.231375,0.141136,20.0983,10.7994,55.7661
0.0821661,0.0560715,0.108864,8.26448,8.38335,55.8273
0.0759026,0.0438966,0.0970203,12.6893,8.24314,55.8651
0.0788847,0.0350495,0.0984652,10.5105,8.58291,55.8729
0.0711293,0.148499,0.122665,15.7777,9.59509,55.8792
0.0714043,0.0842831,0.106151,15.6403,9.7943,55.8813
0.0860591,0.0263088,0.106819,6.04134,8.26229,55.919
0.0754674,0.0771278,0.115283,12.3051,9.28826,55.9344
0.077195,0.0692572,0.102162,11.8184,8.61381,55.9571
0.0819036,0.0853394,0.111175,8.9012,8.51767,55.981
0.0750035,0.136231,0.126962,12.7072,9.29746,55.9839
0.0667344,0.127099,0.10621,19.7445,9.97967,55.9855
0.0670764,0.039218,0.0987435,19.0443,9.11717,55.9864
0.0819605,0.0641028,0.107581,8.50407,8.18249,56.0023
0.0650242,0.23706,0.14281,20.2287,10.7977,56.0318
0.0669751,0.0552545,0.0951424,19.8825,9.21734,56.038
0.0691482,0.0466782,0.10181,17.4632,9.88334,56.0402
0.0774003,0.0383501,0.100476,11.1569,8.99975,56.0874
0.0759729,0.0386736,0.0976017,12.5156,8.56644,56.0882
0.062187,0.251138,0.135321,23.1838,10.2699,56.1343
0.071266,0.129975,0.111408,15.3354,9.30833,56.1476
0.0709124,0.187048,0.125322,15.9164,9.3588,56.2228
0.0702392,0.0793763,0.110733,16.2158,9.66826,56.2258
0.0621914,0.245214,0.132416,23.4783,10.3491,56.2345
0.0723698,0.128987,0.123315,14.5857,9.41763,56.2475
0.0750245,0.154378,0.127982,12.4229,9.58084,56.2753
0.0759243,0.0338426,0.0973077,12.6324,8.98561,56.2778
0.0691379,0.0522102,0.10483,17.7156,9.49636,56.2791
0.0802666,0.0642135,0.107163,9.1015,8.55093,56.439
0.0718513,0.0082233,0.0950243,15.7538,9.48976,56.462
0.083941,0.0472777,0.110171,7.92926,8.30543,56.4673
0.0721961,0.154509,0.124478,14.0763,9.32217,56.4693
0.0675995,0.132984,0.112524,18.6674,9.65689,56.5037
0.0701531,0.0774511,0.107303,16.7324,9.00378,56.511
0.0841988,0.0176796,0.105041,7.52794,8.27186,56.5239
0.090206,0.0201185,0.108424,4.02896,8.23754,56.5363
0.065758,0.114204,0.10252,20.4701,9.45953,56.5568
0.0742284,0.0593691,0.110968,13.8418,9.4378,56.5827
0.0761561,0.0207981,0.0915683,12.8075,8.59395,56.5893
0.0737756,0.118942,0.117217,13.3455,9.18627,56.6022
0.0836755,0.0831356,0.114552,7.90393,8.76045,56.6522
0.0770556,0.0821579,0.104967,11.6418,8.97907,56.6698
0.0898901,0.0463793,0.114302,4.20938,8.91835,56.6775
0.0649548,0.0648495,0.0936966,21.0377,9.99002,56.6854
0.0840859,0.0352834,0.108171,7.55078,8.43113,56.6967
0.0724778,0.110437,0.114777,14.9539,9.57665,56.7022
0.0699558,0.123686,0.110179,16.7302,9.15876,56.7093
0.0709691,0.178014,0.129034,15.5349,9.07723,56.7343
0.0771805,0.0744294,0.105645,11.2053,8.37957,56.7378
0.0854808,0.0835881,0.115359,6.62749,8.70293,56.7522
0.0765778,0.132609,0.129348,11.5333,9.46871,56.7629
0.0719743,0.0193507,0.0974648,15.5048,9.67027,56.7993
0.0711207,0.158942,0.118202,15.0409,9.86113,56.8015
0.0748673,0.172663,0.13121,12.5138,9.88237,56.8195
0.0766693,0.122843,0.123539,11.3408,9.53836,56.8637
0.0702015,0.108422,0.111767,16.2367,9.27684,56.9353
0.0698405,0.171481,0.117201,16.5758,9.01093,56.9429
0.0630383,0.263472,0.141598,22.4499,10.4252,56.9567
0.0677975,0.12397,0.103983,18.41,9.25318,57.0076
0.0666765,0.122068,0.103164,19.7328,9.02748,57.0404
0.0738434,0.123609,0.115798,13.75,9.18824,57.0988
0.0675936,0.166808,0.117405,18.2854,9.28883,57.1074
0.074901,0.157209,0.128565,12.8287,9.32339,57.1076
0.0733754,0.187069,0.139123,13.8896,9.67454,57.1199
0.0775309,0.0361655,0.0998979,11.5159,8.17069,57.1363
0.0761592,0.178427,0.142463,11.4642,9.57124,57.1439
0.0664629,0.149058,0.110939,19.3974,9.42042,57.1848
0.0639221,0.269731,0.148452,21.5345,10.8661,57.1867
0.072875,0.0675195,0.11056,14.0714,9.47691,57.197
0.0634005,0.164639,0.119935,22.298,10.3032,57.2106
0.0680585,0.0775449,0.0970898,18.82,9.22203,57.2179
0.0787529,0.047011,0.100488,10.2055,8.90321,57.219
0.065808,0.276569,0.160167,19.6077,10.6944,57.2213
0.0738278,0.118071,0.123993,13.1538,9.97389,57.2326
0.0745949,0.0368669,0.0926752,13.9135,8.59198,57.2577
0.0788486,0.0526703,0.106081,10.9035,8.99447,57.2952
0.0882504,0.00193835,0.10071,5.23204,8.22272,57.3266
0.0658882,0.0491563,0.0966484,20.1191,9.90435,57.3297
0.0723542,0.138678,0.126934,14.7737,9.55096,57.3372
0.0733955,0.186137,0.139841,13.6223,9.34417,57.3404
0.0670438,0.23406,0.147218,18.4797,10.4291,57.3424
0.0780014,0.13632,0.135142,10.3691,9.29279,57.3523
0.0792739,0.0126728,0.0912043,10.3342,8.01737,57.3541
0.0721479,0.186158,0.134321,14.7517,9.84693,57.3613
0.0718115,0.0112581,0.0956897,15.0945,9.89801,57.3779
0.0695222,0.215091,0.130427,16.7077,9.99983,57.3804
0.0856501,0.057579,0.114272,6.96017,8.38494,57.3821
0.0762426,0.174359,0.143844,11.5192,9.55716,57.4005
0.0785055,0.096601,0.112478,10.8284,8.23414,57.4058
0.0658884,0.250949,0.148588,19.0942,10.6352,57.4069
0.0804285,0.0692344,0.103711,9.70389,8.5316,57.4098
0.0790138,0.0468449,0.0968837,10.0898,8.86279,57.4107
0.0676689,0.124424,0.113117,18.5278,9.24118,57.4204
0.070449,0.0673933,0.104434,16.1135,9.34611,57.4228
0.0767923,0.107942,0.120377,11.152,9.47454,57.4323
0.0698476,0.15022,0.123985,16.7788,9.58379,57.46
0.0638586,0.279304,0.14778,21.2517,10.3855,57.48
0.0786331,0.066098,0.102799,10.5657,8.07916,57.4926
0.0639243,0.265656,0.150414,21.8281,10.4249,57.5154
0.0732981,0.205973,0.136547,13.0073,9.73003,57.5308
0.0800593,0.107969,0.112796,9.17147,8.65526,57.5487
0.0709725,0.178452,0.130109,15.15,9.14825,57.5503
0.0781716,0.110975,0.126625,10.1779,9.03354,57.5543
0.0603415,0.0607685,0.100612,26.6111,10.4032,57.5649
0.0738816,0.128931,0.118034,13.9471,9.59364,57.5822
0.0721976,0.154753,0.129101,14.258,9.9201,57.5847
0.0650499,0.047913,0.0941807,21.6135,9.3838,57.592
0.0687248,0.133104,0.109637,17.9103,9.6727,57.5956
0.0774958,0.043495,0.0960206,11.227,8.6016,57.6139
0.0703452,0.0453414,0.106318,16.4955,9.11243,57.6184
0.0639618,0.243984,0.13908,21.4703,10.473,57.6197
0.0668233,0.080184,0.0979755,19.269,9.14965,57.6231
0.0743775,0.0716578,0.101085,13.3151,8.22046,57.6237
0.0669498,0.0966122,0.0982225,19.5613,9.32954,57.6249
0.0710769,0.153822,0.126704,15.35,9.3824,57.6422
0.0763269,0.15086,0.13633,11.1567,9.31323,57.6504
0.0738759,0.10771,0.112979,13.8599,9.11294,57.6618
0.0759346,0.00761705,0.1016,12.1471,9.81789,57.673
0.0760701,0.035252,0.0940693,12.1156,8.33355,57.6903
0.0747038,0.195095,0.13802,12.2764,9.70397,57.7042
0.072109,0.191373,0.137293,14.5216,9.27206,57.7166
0.0764805,0.137186,0.126225,11.2262,9.41258,57.7186
0.0759338,0.0332107,0.0925165,12.9849,8.79544,57.7223
0.0652191,0.182854,0.128149,20.0667,10.9999,57.7269
0.0746335,0.0345697,0.0918962,13.6048,8.40123,57.7307
0.0732615,0.20816,0.138795,13.4264,9.42451,57.7519
0.0643155,0.183081,0.126199,21.4862,10.7323,57.7531
0.0748355,0.171872,0.140436,12.7329,9.94751,57.7735
0.0744059,0.0251412,0.106733,13.0964,9.60476,57.7767
0.0800467,0.110248,0.11288,9.94136,8.62879,57.7923
0.0722827,0.171555,0.122263,14.8565,9.16697,57.7975
0.0756144,0.0436984,0.109015,12.1888,9.68155,57.8078
0.0640733,0.220819,0.141593,21.5151,10.6917,57.8083
0.0706721,0.0287387,0.093735,16.2823,9.90374,57.8488
0.061331,0.242686,0.134419,24.9021,10.8859,57.8511
0.0799797,0.107639,0.116431,9.80416,8.38234,57.8783
0.0684457,0.211056,0.126103,17.025,9.02885,57.8841
0.0790528,0.0441001,0.0965712,10.7359,8.86375,57.8889
0.0661827,0.198089,0.132976,19.6932,10.3158,57.889
0.0801817,0.0690762,0.107244,9.24538,8.62147,57.8994
0.0743103,0.0649807,0.0990616,13.0554,8.99339,57.9018
0.0788053,0.0665721,0.0996123,10.8414,8.61643,57.9028
0.0711112,0.15167,0.125627,15.226,9.98247,57.912
0.0784371,0.092963,0.109743,10.3264,8.67607,57.9185
0.0603885,0.0553022,0.0987596,26.2678,10.026,57.9315
0.0747002,0.189489,0.143671,12.2397,9.13238,57.9367
0.0776472,0.0250583,0.0917185,11.4235,8.93979,57.9485
0.0674089,0.170222,0.118878,18.1161,9.5286,57.9708
0.0786403,0.0920689,0.110037,10.2736,8.62382,57.9749
0.06548,0.148944,0.110027,20.4278,9.23331,57.9782
0.0670702,0.0666858,0.0981683,19.2541,9.13981,57.979
0.0720675,0.194893,0.128122,14.8026,9.90657,57.9856
0.0594983,0.0804938,0.0999911,27.4924,10.8725,57.9927
0.0743467,0.0776798,0.103701,13.121,8.55672,58.0058
0.0727389,0.103244,0.113934,14.2364,9.7161,58.0119
0.0642599,0.173032,0.125878,21.0422,10.5132,58.0162
0.0776349,0.0188638,0.0986188,11.3543,8.43795,58.0383
0.0655138,0.134843,0.106696,20.2502,9.91829,58.05
0.0779271,0.144102,0.139355,10.9135,9.19567,58.0763
0.0771641,0.0592533,0.0987598,11.0112,8.71462,58.0785
0.0633893,0.167717,0.125587,22.4637,10.7286,58.0962
0.0687475,0.132432,0.11796,17.1445,9.57524,58.1082
0.0643908,0.158728,0.122922,21.0755,10.1883,58.1098
0.0605392,0.228647,0.123309,25.6305,10.5724,58.123
0.0720171,0.195583,0.138898,14.6742,9.21418,58.1305
0.0719958,0.187693,0.135824,14.8889,9.61481,58.1319
0.0743837,0.0700365,0.10322,13.7644,8.51062,58.1362
0.0800421,0.111562,0.114731,9.60778,8.74924,58.1448
0.0600508,0.160306,0.111125,26.2336,10.8269,58.1616
0.0665757,0.163795,0.108275,19.7891,9.72347,58.1751
0.0860785,0.0204431,0.108373,6.17482,8.19143,58.1771
0.0766621,0.111944,0.120357,11.6791,9.24642,58.1785
0.0763733,0.166707,0.137435,11.9781,9.95147,58.1876
0.0770738,0.0490251,0.113192,11.7278,9.69715,58.2135
0.0717144,0.0150448,0.0998779,15.9241,9.84642,58.2185
0.0675714,0.180435,0.113265,18.661,9.60368,58.2242
0.0740805,0.102391,0.114554,13.4799,9.00487,58.2289
0.0788035,0.073929,0.103347,10.7817,8.92236,58.2322
0.0788628,0.0320244,0.0970785,10.0957,8.94948,58.2375
0.0604356,0.253432,0.131103,25.3179,10.5424,58.2528
0.0751095,0.143591,0.122773,12.5311,9.90977,58.2548
0.0612029,0.0501101,0.100541,25.0361,10.4144,58.2585
0.0687176,0.164787,0.112109,17.1817,9.6867,58.2639
0.066075,0.206551,0.144541,19.7061,10.2741,58.2653
0.0607213,0.171101,0.116696,25.7154,10.2647,58.2836
0.075568,0.0795792,0.110203,12.3184,9.25776,58.2858
0.0697922,0.182111,0.124373,16.0414,9.38616,58.2975
0.0692067,0.0452259,0.0960162,17.1352,9.69498,58.3015
0.07002,0.138726,0.109422,16.0817,9.2954,58.304
0.0601387,0.137354,0.10774,26.7948,10.0127,58.3074
0.0679865,0.107402,0.102358,18.9136,9.81135,58.3088
0.0659579,0.251976,0.145421,19.1659,10.9797,58.3254
0.0768448,0.0801527,0.116873,11.6822,9.23434,58.332
0.061172,0.061959,0.101319,25.4372,10.4792,58.3391
0.0837747,0.0774621,0.116798,7.80306,8.13929,58.3587
0.0750135,0.131354,0.124992,12.635,9.71665,58.4114
0.0662271,0.195206,0.132159,19.9229,10.476,58.4218
0.0801915,0.065005,0.105923,9.07618,8.88372,58.4218
0.0821084,0.0712673,0.11184,8.20619,8.29558,58.4225
0.0707518,0.197128,0.127248,15.9972,9.27956,58.4441
0.0624796,0.17887,0.123847,23.6894,10.1851,58.4496
0.0853895,0.0802152,0.118129,6.07399,8.25495,58.4533
0.0649366,0.23554,0.148122,20.742,10.7248,58.4609
0.0648548,0.0986319,0.0976328,21.0482,9.43039,58.4646
0.0626238,0.13968,0.117189,23.2182,10.3751,58.4757
0.0800326,0.109109,0.119542,9.6382,8.4723,58.4771
0.0713593,0.0949936,0.117169,15.2212,9.49415,58.498
0.0753937,0.10756,0.115533,12.4952,9.64997,58.4981
0.0616188,0.151914,0.116952,24.6956,10.6137,58.5311
0.0904098,0.00913543,0.10497,4.99206,8.66978,58.5474
0.0640335,0.0409499,0.0921358,22.6233,9.69914,58.5476
0.0799448,0.118919,0.117488,9.04157,8.35946,58.5621
0.0642853,0.165586,0.124189,21.2295,10.08,58.5627
0.0700387,0.135579,0.118923,16.5374,9.50442,58.5734
0.0708895,0.192348,0.134409,15.9596,9.38686,58.5868
0.0742441,0.0528634,0.112063,13.6569,9.76293,58.5888
0.0708722,0.196608,0.134126,15.5134,9.55937,58.5902
0.0618319,0.131275,0.110482,24.9927,10.6239,58.595
0.0861112,0.012028,0.107723,6.59136,8.03946,58.5998
0.0706208,0.222369,0.137582,15.0732,9.66669,58.6286
0.0669143,0.0761515,0.104721,19.7421,9.11646,58.6509
0.0772267,0.0553949,0.10422,11.3903,8.24647,58.6537
0.0652299,0.0220015,0.0878502,21.2878,9.57032,58.6621
0.0660919,0.200483,0.140302,19.9304,10.8691,58.6742
0.0763506,0.14773,0.137782,11.4787,9.2208,58.6788
0.0799518,0.112969,0.113051,9.43753,8.57332,58.6849
0.0758629,0.00506406,0.10501,12.1135,9.68762,58.6853
0.0670798,0.00720434,0.096175,19.9727,9.41142,58.691
0.074846,0.183126,0.137978,12.1553,9.39792,58.7153
0.0612434,0.0319824,0.10003,25.8861,10.0882,58.7178
0.0758039,0.0551595,0.0946361,12.4809,8.62283,58.7275
0.065467,0.175176,0.11121,20.8653,9.60381,58.7422
0.0899569,0.0470586,0.115242,4.55868,8.18309,58.7643
0.0663496,0.197467,0.119101,19.07,9.77121,58.7812
0.0594272,0.090433,0.100313,27.4265,10.1904,58.7876
0.0636116,0.120301,0.113642,22.4985,10.6175,58.7905
0.0770092,0.061735,0.116723,11.0999,9.5509,58.7961
0.0852874,0.0922663,0.121459,6.75964,8.98817,58.7971
0.0597728,0.216228,0.120144,26.1501,10.4096,58.8172
0.0740251,0.0857858,0.118892,13.0688,9.85774,58.8192
0.0767221,0.124099,0.124679,11.206,9.56743,58.8374
0.0793131,0.171824,0.14754,9.19983,9.10116,58.8858
0.0876654,0.0539547,0.117265,5.50152,8.00528,58.8866
0.074562,0.0519966,0.0964423,13.3774,8.71847,58.8921
0.0789316,0.0610029,0.101549,10.2255,8.2881,58.8938
0.0731879,0.0491315,0.0925319,14.4607,8.28833,58.9003
0.0681549,0.219921,0.154741,17.1945,10.8371,58.9014
0.0815872,0.111815,0.121499,8.23502,8.5961,58.907
0.0744297,0.0507554,0.105177,13.2796,9.33659,58.9098
0.0760249,0.0464264,0.093882,12.4963,8.38975,58.926
0.0717986,0.0570575,0.101579,15.6576,9.91553,58.9288
0.0659258,0.0861371,0.0995086,20.7979,9.76356,58.9394
0.0825575,0.0248805,0.0990976,8.67558,8.8885,58.9408
0.0662907,0.177815,0.131238,19.5193,10.9859,58.9468
0.0671036,0.071433,0.0944803,19.7902,9.17875,58.9565
0.0736466,0.163642,0.130439,13.8535,9.44484,58.9565
0.0612769,0.0210593,0.0969526,25.3468,10.1231,58.9598
0.0816145,0.118992,0.12154,8.77249,8.71891,58.9711
0.0613477,0.0159401,0.0957701,25.8245,10.6806,58.976
0.0783808,0.0820825,0.122788,10.9425,9.85264,58.992
0.069762,0.178723,0.129394,16.4516,9.99338,59.011
0.0594565,0.0963777,0.102452,27.4903,10.806,59.0137
0.071411,0.121439,0.109841,15.5235,9.97548,59.0152
0.068074,0.0706558,0.10492,18.5203,9.89123,59.0207
0.0602852,0.101553,0.102732,26.8422,10.9204,59.0338
0.0649464,0.261182,0.152153,20.9091,10.1888,59.0374
0.0758175,0.0513783,0.102543,12.2254,8.27257,59.0398
0.0646556,0.130261,0.10107,21.0433,9.827,59.0534
0.0756045,0.0815355,0.111088,12.436,9.19535,59.0869
0.0610288,0.113905,0.108439,25.7625,10.7875,59.102
0.092427,0.0215532,0.111662,3.51938,8.96473,59.1097
0.0692554,0.226195,0.158865,16.9227,10.0671,59.1236
0.0756481,0.0642774,0.106865,12.0103,9.26931,59.1259
0.0853705,0.100498,0.122132,6.04345,8.62547,59.1365
0.0720106,0.0147103,0.0934879,15.3058,9.85086,59.1504
0.0591785,0.170307,0.109151,27.0891,10.0612,59.1608
0.0765595,0.145108,0.12851,11.3855,9.64236,59.1683
0.0784308,0.0781087,0.118327,10.4243,9.66427,59.1695
0.0661684,0.206133,0.132324,19.1499,10.0829,59.1778
0.0747542,0.02541,0.092678,13.732,8.8586,59.1792
0.0683571,0.0196243,0.0894304,18.1374,9.49457,59.1857
0.0672547,0.183642,0.140988,18.5944,10.6264,59.1912
0.0625558,0.139052,0.11477,23.7081,10.8034,59.1917
0.0767957,0.123389,0.112576,11.3941,8.9225,59.1923
0.0802623,0.0907597,0.113833,9.85444,8.4441,59.1934
0.0783841,0.122515,0.112878,10.6082,8.96942,59.1987
0.0675572,0.182534,0.115569,18.3888,9.3587,59.2038
0.0661814,0.211165,0.14154,19.6821,10.7747,59.2049
0.0674677,0.192377,0.123056,18.267,9.69086,59.2288
0.0695539,0.0250387,0.094946,17.6659,9.65933,59.2386
0.061365,0.0143748,0.094733,25.7925,10.9339,59.2467
0.0697519,0.144197,0.121022,16.6409,9.87642,59.2536
0.0653077,0.00607995,0.0862573,21.4225,9.09058,59.2676
0.0630207,0.0292993,0.100306,23.3454,10.1764,59.2692
0.0617791,0.152856,0.112442,24.5022,10.5131,59.2766
0.0669372,0.0947863,0.102667,19.678,9.86567,59.2817
0.0627653,0.0879073,0.106788,23.7889,10.5111,59.2842
0.0746839,0.204435,0.140022,12.2659,9.41774,59.2945
0.06796,0.255297,0.162791,17.7334,10.0102,59.3025
0.0757925,0.0418053,0.109526,12.7923,9.66395,59.3277
0.062824,0.0965954,0.105395,23.6049,10.296,59.3281
0.0839586,0.0345698,0.109556,7.18944,8.09182,59.3291
0.0756758,0.0533008,0.0983818,12.2486,8.38687,59.336
0.0739348,0.0891036,0.111011,13.8283,9.04527,59.3397
0.0854411,0.0966934,0.118124,6.26934,8.80116,59.3501
0.0741618,0.106517,0.105737,13.0562,8.0911,59.3539
0.0782434,0.0976187,0.129186,10.337,9.96541,59.3702
0.0695127,0.221946,0.135034,16.0786,9.10169,59.3752
0.0715903,0.0887146,0.108632,15.9132,9.10778,59.3843
0.05991,0.169112,0.116113,26.2483,10.0208,59.3869
0.0648316,0.0645209,0.0944219,21.8314,9.10749,59.4143
0.0720899,0.00296608,0.0871724,15.2247,8.32851,59.4307
0.0607023,0.211293,0.118504,25.1579,10.9523,59.4346
0.0665765,0.124416,0.10407,19.9072,9.47959,59.4437
0.0677936,0.111389,0.11361,18.5446,9.92552,59.4497
0.0798866,0.123838,0.115187,9.70004,8.67086,59.4503
0.0739411,0.0803245,0.118926,13.0802,9.61132,59.4512
0.077887,0.150193,0.14324,10.5304,9.47941,59.4526
0.0708163,0.181547,0.133995,15.4713,9.22035,59.4644
0.0817639,0.0802081,0.114641,8.86725,8.94109,59.4738
0.0802239,0.0970278,0.106862,9.38127,8.94241,59.4744
0.0784456,0.112905,0.117674,10.8289,8.8982,59.4803
0.0725406,0.138349,0.114501,14.7321,9.06825,59.4931
0.0728408,0.0442558,0.104051,14.1609,9.0307,59.5057
0.0591058,0.197836,0.114423,27.2139,10.6599,59.5068
0.0608722,0.152503,0.109246,25.2701,10.5766,59.5072
0.0746897,0.198026,0.148595,12.51,9.13658,59.5102
0.0707665,0.201306,0.13916,15.5422,9.007,59.5253
0.0771213,0.0502303,0.108245,11.6681,9.85906,59.5446
0.0837995,0.0804676,0.112106,7.63541,8.29282,59.5457
0.0668809,0.113709,0.101451,19.9405,9.87028,59.5496
0.0721682,0.176849,0.137645,14.8906,9.55617,59.5506
0.0664049,0.178233,0.111268,19.0494,9.58594,59.5531
0.0680625,0.0266792,0.0984736,18.4801,9.11474,59.5544
0.0803109,0.0461966,0.10371,9.399,8.17841,59.5664
0.0858383,0.0276196,0.108574,6.70183,8.97261,59.5754
0.0692979,0.0284442,0.0931313,17.421,9.60312,59.5817
0.0698407,0.17448,0.126155,16.746,9.31665,59.6105
0.0619818,0.0756962,0.101767,24.9288,10.8097,59.6282
0.0762916,0.173283,0.14503,11.1776,9.51628,59.6285
0.0618417,0.116712,0.106173,24.2706,10.8396,59.6339
0.0773977,0.0532884,0.0941403,11.3441,8.29364,59.6478
0.0746518,0.0378244,0.0899539,13.4672,8.01875,59.6484
0.069339,0.0382247,0.10363,17.3731,9.69829,59.6517
0.0686348,0.183249,0.11464,17.4179,9.75066,59.6593
0.0728464,0.0928608,0.106395,14.037,9.80987,59.6622
0.0623946,0.180785,0.128914,23.0311,10.0564,59.6694
0.0592178,0.168672,0.111755,27.6619,10.3006,59.6701
0.0778453,0.148311,0.142195,10.4271,9.26205,59.6744
0.0730549,0.0747889,0.098749,14.0738,8.3244,59.6806
0.0651539,0.225853,0.138351,20.4167,10.57,59.6855
0.0699509,0.163372,0.114692,16.3317,9.77383,59.6904
0.0783144,0.130607,0.113592,10.0183,8.04293,59.7081
0.0733745,0.0134847,0.0868524,14.8063,8.62994,59.7328
0.0725078,0.0931962,0.118974,14.9824,9.55788,59.7552
0.092502,0.0115272,0.11107,3.59901,8.49066,59.7649
0.0663075,0.155362,0.129596,19.1329,10.2557,59.7916
0.063831,0.293497,0.15628,21.6495,10.6472,59.7968
0.0621222,0.0261163,0.100557,24.6422,10.7798,59.7986
0.074146,0.0947736,0.107279,13.197,8.37926,59.8051
0.077321,0.0711797,0.103316,11.3759,8.94602,59.8086
0.0617413,0.117896,0.111083,24.0728,10.751,59.8287
0.0777013,0.185499,0.147531,10.2373,9.01415,59.8345
0.063792,0.0956925,0.0978832,22.2776,9.01241,59.8421
0.0644167,0.130134,0.122156,21.7558,10.9428,59.8606
0.064784,0.287992,0.15082,20.1996,10.5194,59.8689
0.083376,0.102978,0.116014,7.63503,8.79068,59.8727
0.0614697,0.191936,0.121151,24.1039,10.6324,59.8733
0.0726128,0.105654,0.12083,14.8044,9.65265,59.8775
0.0649501,0.22859,0.148175,20.2309,10.4945,59.883
0.0825496,0.0250584,0.103325,8.17329,8.18398,59.8887
0.0884375,0.00311403,0.100745,5.83026,8.53454,59.9191
0.0679155,0.261713,0.164623,17.6721,10.962,59.9225
0.0598833,0.179006,0.118743,26.5385,10.8203,59.9321
0.0681418,0.226523,0.146583,17.3686,10.1573,59.9433
0.0638449,0.0571152,0.102735,22.4293,10.8203,59.9658
0.0780319,0.146973,0.137277,10.4575,9.19251,59.9684
0.0587438,0.0786215,0.0967752,28.5246,10.7844,59.9809
0.089938,0.0285204,0.114763,4.67713,8.37362,59.9898
0.0690397,0.114254,0.101853,17.6576,9.62192,59.9911
0.0715972,0.0685951,0.110988,15.4273,9.69491,59.9919
0.0605107,0.00492368,0.0970957,26.9321,10.9697,59.9974
0.0736293,0.169885,0.125095,13.7555,9.45369,59.9993
0.0684532,0.217336,0.12192,17.6088,9.35082,60.0108
0.0634587,0.168454,0.116218,22.4455,10.0285,60.0181
0.0804102,0.040374,0.0992872,9.87069,8.18865,60.0213
0.0637627,0.103512,0.0985596,22.6187,9.9749,60.0248
0.0682516,0.220684,0.129797,17.4905,9.9056,60.0248
0.0688617,0.126609,0.105002,17.0685,9.5388,60.0362
0.0798851,0.112928,0.111942,9.73272,8.7278,60.0474
0.080091,0.111886,0.112323,9.22629,8.36482,60.0481
0.0756762,0.0310485,0.106077,12.0007,9.69521,60.0596
0.0698093,0.130756,0.118832,16.9721,9.00476,60.0706
0.0893174,0.0860315,0.126643,4.97997,8.56758,60.0764
0.0783291,0.130994,0.113332,10.2681,8.42904,60.0839
0.0789044,0.0232848,0.101617,10.3922,8.97445,60.0878
0.0605256,0.0318103,0.0960966,26.1212,10.5678,60.0958
0.0749606,0.144662,0.123884,12.2557,9.70814,60.1006
0.0735256,0.148178,0.133113,13.9755,9.37859,60.1037
0.0615197,0.2166,0.126567,24.3428,10.6204,60.1051
0.0951685,0.00758159,0.103197,2.71009,7.98484,60.1129
0.0716635,0.0510022,0.0978595,15.1737,9.00044,60.1366
0.094059,0.0685644,0.127908,2.75315,8.31602,60.1367
0.079401,0.00522229,0.0951258,10.9679,8.32661,60.1387
0.0769802,0.0886975,0.118587,11.3988,9.13394,60.1422
0.0707311,0.0231539,0.0988998,16.5018,9.4358,60.1521
0.0729206,0.0934642,0.101269,14.4748,8.87906,60.1613
0.0852094,0.117033,0.130604,6.51147,8.97664,60.1794
0.066038,0.206784,0.143945,19.4976,10.023,60.1809
0.0607059,0.194335,0.12297,25.0019,10.552,60.1813
0.079478,0.150964,0.136571,9.40078,9.76709,60.1855
0.0645612,0.130436,0.117735,21.5602,10.5316,60.1926
0.0789373,0.0648685,0.0974585,10.7942,8.9693,60.202
0.0621886,0.227396,0.137704,23.3991,10.2927,60.2023
0.0915734,0.0869745,0.128942,3.84016,8.26282,60.2088
0.0586382,0.0967114,0.101542,28.9455,10.9904,60.2159
0.0651557,0.0151832,0.0866389,21.4192,9.3605,60.2183
0.061943,0.111704,0.107418,24.3405,10.9247,60.2196
0.0743014,0.0895921,0.106035,13.1835,8.96751,60.2505
0.0683406,0.19344,0.14104,17.6497,10.4665,60.2533
0.0814581,0.119699,0.120815,8.27991,8.60153,60.2551
0.06074,0.17528,0.112503,25.7411,10.0364,60.2579
0.0780941,0.128657,0.135986,10.3787,9.46012,60.2629
0.0746394,0.183454,0.14384,12.844,9.57989,60.2649
0.0684782,0.215345,0.123733,17.1857,9.11161,60.2687
0.0593015,0.120059,0.108367,27.2194,10.9818,60.27
0.0758055,0.0381704,0.0941152,12.9116,8.98475,60.2811
0.0825425,0.0304487,0.098376,8.3552,8.87863,60.2859
0.0718691,0.0376599,0.0938891,15.4566,8.41209,60.2971
0.0586828,0.0786794,0.0973701,28.5898,10.7552,60.302
0.082463,0.0322024,0.105744,8.57497,8.24369,60.3108
0.0754963,0.110532,0.103048,12.0217,8.10722,60.3242
0.0687569,0.113362,0.115714,17.27,9.39199,60.3315
0.0892792,0.0936668,0.125982,4.50847,8.4341,60.3356
0.0685321,0.175107,0.126691,17.2281,9.78227,60.3429
0.0662618,0.169579,0.127922,19.6816,10.6144,60.3448
0.0898135,0.0626171,0.118304,4.84661,8.64678,60.3476
0.065819,0.285298,0.165052,19.8205,10.8679,60.3552
0.0766504,0.113171,0.118666,11.9749,9.07575,60.356
0.074002,0.11632,0.105032,13.8798,8.90459,60.3596
0.0812836,0.123102,0.138326,8.81415,9.86087,60.3767
0.0804326,0.0501885,0.11059,9.02021,8.92378,60.3846
0.0789587,0.0501363,0.0948641,10.1084,8.18333,60.3912
0.0803363,0.0516076,0.100475,9.56428,8.95747,60.3916
0.0873599,0.0817713,0.124107,5.27262,8.27151,60.3938
0.0758734,0.0638163,0.0938777,12.6529,8.61898,60.395
0.0662464,0.214029,0.118499,19.8052,9.35259,60.4021
0.0837231,0.0833701,0.10829,7.86101,8.89899,60.4056
0.0681588,0.0299863,0.0916645,18.1371,9.8306,60.4096
0.0724381,0.100494,0.117766,14.8982,9.05147,60.4137
0.0781632,0.128623,0.126091,10.7729,9.03325,60.4139
0.0634821,0.128655,0.114,22.5498,10.9873,60.424
0.0596889,0.00352304,0.0911461,27.3515,10.0953,60.4337
0.0652454,0.194721,0.136527,20.7267,10.3398,60.4349
0.0771146,0.0705489,0.11431,11.4239,9.48165,60.4444
0.0899865,0.0453321,0.110054,4.21763,8.87221,60.4463
0.0689122,0.138054,0.105299,17.7338,9.35527,60.4477
0.0798957,0.12389,0.112939,9.13565,8.50724,60.4499
0.0757617,0.0366102,0.111173,12.01,9.77974,60.45
0.0708578,0.198496,0.137733,15.2292,9.75161,60.4525
0.0859964,0.0086264,0.105576,6.5902,8.00665,60.4606
0.0645933,0.126047,0.115992,21.7469,10.6802,60.4667
0.0718994,0.0221877,0.102777,15.58,9.76067,60.4734
0.0760079,0.188204,0.146182,11.221,9.54823,60.4791
0.0795321,0.130314,0.141358,9.53451,9.03543,60.4827
0.0676687,0.170293,0.111211,18.0556,9.08858,60.4837
0.0742956,0.0335959,0.100914,13.0575,9.36617,60.4892
0.0698143,0.162576,0.113414,16.2266,9.42697,60.4948
0.079857,0.129072,0.114605,9.68807,8.8492,60.4995
0.0784272,0.113157,0.119325,10.0931,8.16805,60.4997
0.0694137,0.206593,0.133135,16.6856,9.36563,60.5212
0.0818462,0.0869912,0.119987,8.1048,8.34448,60.5213
0.0679219,0.0903584,0.110503,18.8668,9.78723,60.5341
0.0785376,0.0667393,0.120151,10.271,9.99136,60.5407
0.0923594,0.0241155,0.114456,3.75622,8.05201,60.5469
0.0720193,0.0205976,0.0872789,15.1055,8.73214,60.5582
0.0660856,0.211712,0.149828,19.1292,10.5788,60.5589
0.0670893,0.242688,0.146749,18.1481,10.012,60.5602
0.0603265,0.0426897,0.0989462,26.1223,10.0506,60.5628
0.0668728,0.258333,0.165659,18.2812,10.017,60.5721
0.0674842,0.191809,0.124155,18.233,9.89883,60.581
0.077011,0.0935514,0.113326,11.6849,8.85773,60.5826
0.0704693,0.0060492,0.101622,16.3464,9.48962,60.5846
0.0727992,0.0605766,0.114524,14.2956,9.54656,60.5856
0.0603006,0.0569259,0.103559,26.3152,10.862,60.5931
0.0730171,0.0549712,0.0989462,14.304,8.53015,60.5947
0.0639404,0.0869152,0.094232,22.7386,9.07503,60.5969
0.0800413,0.0779432,0.108497,9.65121,8.2282,60.5992
0.0755306,0.092502,0.110054,12.8069,8.97248,60.5994
0.0636929,0.107432,0.114113,22.6188,10.6312,60.6108
0.0627799,0.311122,0.156079,22.7518,10.3357,60.6127
0.0943545,0.044949,0.120312,2.25419,8.53129,60.6131
0.0802597,0.0979472,0.106262,9.23702,8.73812,60.6215
0.0674951,0.19255,0.122375,18.5429,9.15714,60.6269
0.0661842,0.19886,0.129586,19.9022,10.0824,60.6273
0.0828135,0.00320901,0.0915241,8.38931,8.49364,60.6321
0.0596615,0.0067533,0.0924005,27.9583,10.6544,60.6349
0.0598945,0.167146,0.115875,26.979,10.733,60.652
0.0650986,0.0490702,0.0888471,21.7686,9.58368,60.6703
0.0789039,0.017311,0.0990556,10.093,8.60938,60.6709
0.0597001,0.231665,0.126784,26.3688,10.5306,60.68
0.0682532,0.0135207,0.0894918,18.3416,9.07081,60.7016
0.0677142,0.0982963,0.104774,18.5899,9.5989,60.7106
0.0786982,0.0473522,0.115235,10.9147,9.68333,60.7147
0.0795303,0.153676,0.139335,9.93854,9.8513,60.7183
0.0767775,0.117188,0.119293,11.4755,9.78277,60.7228
0.081047,0.160829,0.152779,8.42054,9.58604,60.7263
0.070007,0.152693,0.11932,16.7826,9.35991,60.7304
0.0784594,0.0714875,0.115073,10.1946,9.38556,60.734
0.0629511,0.0312643,0.100017,23.1025,10.9708,60.7386
0.0647102,0.291214,0.154463,20.9028,10.2183,60.7415
0.075487,0.0771886,0.102363,12.1368,8.38601,60.742
0.0794204,0.16455,0.140551,9.24061,9.43689,60.7495
0.064535,0.16528,0.106677,21.0985,9.00528,60.7505
0.0684016,0.192895,0.119814,17.9547,9.82801,60.756
0.067135,0.0291924,0.08944,19.9909,9.71294,60.7583
0.0922069,0.0380447,0.117783,3.80184,8.70045,60.7593
0.0814608,0.128305,0.118438,8.2812,8.98429,60.762
0.0649482,0.257502,0.139975,20.7324,10.6716,60.7633
0.0712405,0.152949,0.114212,15.8364,9.42001,60.7834
0.0607148,0.213681,0.120808,25.2873,10.9536,60.7906
0.0682386,0.0443382,0.0913046,18.7043,9.37604,60.7912
0.0704915,0.219658,0.162245,15.3129,10.7998,60.7956
0.0616684,0.132227,0.113742,24.8141,10.8879,60.7963
0.0718647,0.206236,0.134992,14.8179,9.55895,60.8028
0.083385,0.0948063,0.115229,7.99137,8.74288,60.805
0.0644638,0.170504,0.121291,21.5409,10.8087,60.807
0.0704649,0.224386,0.164968,15.461,10.3677,60.8074
0.0733096,0.0294936,0.0876777,14.4944,8.66191,60.8083
0.0756134,0.07384,0.0975735,12.3832,8.54497,60.821
0.0651889,0.195647,0.12552,20.7458,10.3878,60.8257
0.0784132,0.0654793,0.118638,10.6923,9.60953,60.8301
0.0657128,0.0898924,0.105118,20.9686,9.39387,60.8334
0.0749177,0.164672,0.141156,12.478,9.2222,60.8349
0.0652649,0.0150732,0.088876,21.3639,9.88179,60.8397
0.0738681,0.118926,0.125724,13.747,9.27336,60.8449
0.0757971,0.0725138,0.0948151,12.6299,8.53489,60.8486
0.0715293,0.039022,0.104544,15.1027,9.19033,60.8492
0.0627846,0.101492,0.103861,23.9127,10.5019,60.8495
0.0724648,0.113702,0.11096,14.6101,9.21122,60.8615
0.0673944,0.210981,0.122171,18.9023,9.59956,60.8709
0.0693083,0.0772828,0.0963026,17.8028,9.28944,60.8712
0.0594995,0.0695698,0.0963977,27.6152,10.9391,60.8774
0.0733898,0.190426,0.14566,13.0123,9.47883,60.8791
0.0631675,0.0169462,0.0970147,23.1291,10.2421,60.8795
0.0749207,0.13438,0.13056,12.4598,9.99604,60.8891
0.0812688,0.137455,0.139509,8.572,9.86871,60.8892
0.0792729,0.170935,0.154705,9.43927,9.90376,60.8901
0.073595,0.157131,0.136987,13.1888,9.46479,60.9013
0.0621514,0.246089,0.130138,23.3375,10.3161,60.9042
0.0733561,0.0347332,0.0936263,14.7912,8.60071,60.9224
0.0731526,0.233577,0.142443,13.2756,9.00916,60.9305
0.0737014,0.137606,0.1168,13.5359,9.69511,60.935
0.0926123,0.00721716,0.105815,3.09211,8.79199,60.9402
0.0640576,0.233897,0.130852,21.2813,10.7604,60.9437
0.075795,0.0408473,0.11113,12.4737,9.89144,60.9471
0.0592049,0.18269,0.110362,27.8129,10.7412,60.9534
0.0693281,0.20743,0.15145,16.1231,10.4946,60.9581
0.063484,0.155787,0.113064,22.0138,10.9541,60.9619
0.0782638,0.140001,0.116321,10.78,8.80289,60.9629
0.0727904,0.0974073,0.104804,14.3857,8.2168,60.9683
0.0862904,0.00466874,0.106471,6.99969,8.67131,60.9782
0.0831461,0.137468,0.128702,7.90661,8.86969,60.9782
0.0787292,0.0415624,0.103573,10.2097,8.98054,60.9798
0.063783,0.0990917,0.100998,22.0141,9.77148,60.9824
0.064734,0.108203,0.104617,21.1766,9.40448,60.9859
0.0814272,0.10514,0.134026,8.68227,9.12449,60.9897
0.0630122,0.244265,0.145605,22.4279,10.9259,61.0056
0.0647788,0.0740293,0.0998626,21.6758,9.21527,61.0057
0.0781204,0.104609,0.126073,10.3692,9.51674,61.0062
0.0760285,0.190758,0.150944,11.5255,9.77595,61.0063
0.0649589,0.0666663,0.099347,21.7931,9.71146,61.0198
0.0781873,0.119889,0.122913,10.5863,9.90222,61.0212
0.0660985,0.239182,0.143202,19.6206,10.2972,61.0257
0.0841978,0.025054,0.109718,7.37307,8.55434,61.0271
0.069062,0.0975857,0.11215,17.5561,9.75979,61.0333
0.0684814,0.170004,0.125375,17.1214,9.52398,61.0469
0.0785857,0.0630268,0.119381,10.9672,9.68299,61.0717
0.0774683,0.0357285,0.104163,11.3836,8.1681,61.0844
0.0683825,0.218561,0.13592,17.5322,9.69476,61.0894
0.076636,0.140483,0.128604,11.7719,9.13237,61.0932
0.0823193,0.0293699,0.0966878,8.93371,8.76504,61.0988
0.069651,0.172256,0.117581,16.3189,9.28275,61.0992
0.0645796,0.129826,0.118584,21.3242,10.4416,61.1096
0.0667691,0.103181,0.110483,19.1106,9.71974,61.1112
0.0695083,0.046019,0.0934423,17.5001,9.60032,61.1129
0.0654326,0.162646,0.119502,20.949,10.8365,61.1236
0.0756971,0.0419125,0.09674,12.307,8.16514,61.1288
0.0599897,0.189683,0.11422,26.4928,10.4133,61.1546
0.0625349,0.187035,0.122537,23.3675,10.5498,61.1616
0.0759912,0.192726,0.145424,11.4528,9.80602,61.1651
0.0899613,0.0380402,0.108776,4.87042,8.06405,61.1687
0.0627521,0.138191,0.112537,23.3459,10.3195,61.1767
0.078749,0.0339925,0.100845,10.7887,8.98332,61.182
0.0638723,0.0775808,0.105982,22.0989,10.4658,61.1829
0.0730906,0.0397885,0.0972929,14.0882,8.35709,61.1871
0.0664658,0.16061,0.118129,19.4582,9.42742,61.1887
0.0640337,0.00661199,0.0960629,22.5119,10.3863,61.199
0.0650206,0.0354608,0.0968749,21.9381,9.6359,61.2069
0.0641066,0.240739,0.132738,21.5111,10.9962,61.2099
0.0621131,0.282035,0.137402,23.0318,10.6116,61.2113
0.0673979,0.174218,0.135558,18.8595,10.6083,61.2117
0.0716879,0.0493773,0.0969786,15.2346,9.51268,61.2162
0.0595923,0.0249495,0.0944939,27.4869,10.2037,61.2166
0.0614932,0.186561,0.117498,24.0689,10.0892,61.2203
0.0665578,0.141832,0.103847,19.982,9.55855,61.2271
0.0595318,0.0887617,0.0974597,27.3911,10.0959,61.2304
0.0859935,0.00842252,0.104554,6.15778,8.58673,61.2385
0.0656156,0.114663,0.108408,20.6663,9.66935,61.2406
0.0800546,0.080508,0.119613,9.28836,9.3913,61.2499
0.079855,0.106603,0.112337,9.47572,8.94937,61.2622
0.0735791,0.174431,0.136671,13.3556,9.12924,61.2628
0.0668106,0.263293,0.15791,18.9757,10.1826,61.2763
0.0704203,0.226164,0.159685,15.0807,10.6324,61.2765
0.06428,0.155357,0.122336,21.7815,10.8504,61.2848
0.0675929,0.176137,0.109563,18.5585,9.20725,61.3028
0.0653869,0.195317,0.111321,20.4965,9.36794,61.3047
0.0727339,0.116597,0.10963,14.2791,9.47653,61.3055
0.0646981,0.311657,0.157477,20.5748,10.8919,61.3111
0.0674171,0.169588,0.128913,18.8757,10.4678,61.3112
0.0669961,0.226253,0.157333,18.0571,10.3787,61.316
0.0628325,0.288023,0.147421,22.0455,10.0266,61.3182
0.0594816,0.101615,0.102731,27.6031,10.1743,61.3253
0.07028,0.0519162,0.0984248,16.8597,9.19875,61.327
0.0716985,0.0156408,0.0973114,15.2524,9.48843,61.3289
0.0693077,0.233727,0.137387,16.9446,9.55696,61.3317
0.0916147,0.0803537,0.124442,3.95214,8.83893,61.3328
0.0593998,0.12955,0.105035,27.4091,10.4415,61.34
0.0725247,0.0857064,0.114324,14.0573,9.84965,61.351
0.0594588,0.108666,0.0995469,27.8124,10.1735,61.3546
0.0818806,0.0569611,0.109412,8.51294,8.16663,61.3572
0.074322,0.0697915,0.103954,13.2967,9.6594,61.3705
0.0776776,0.1918,0.144521,10.0545,9.54301,61.3707
0.0838792,0.0348926,0.104167,7.66946,8.59834,61.3726
0.0694895,0.182151,0.147165,16.7351,10.5165,61.3895
0.067244,0.215749,0.13018,18.1755,9.43986,61.3897
0.0757013,0.0407008,0.0976066,12.685,8.71132,61.3907
0.0745913,0.20581,0.15289,12.5781,9.42834,61.3917
0.0727687,0.0975538,0.0989127,14.3065,8.99316,61.3947
0.0740559,0.0929329,0.101163,13.1108,8.49036,61.4061
0.0710104,0.179799,0.117625,15.9806,9.14738,61.4084
0.0662185,0.19392,0.142647,19.3728,10.3409,61.4361
0.0742155,0.0682272,0.102715,13.4462,8.36199,61.4382
0.0633669,0.204752,0.122915,22.1167,10.3802,61.4396
0.0599637,0.148343,0.115607,26.4628,10.6804,61.4408
0.0695764,0.0289266,0.0945886,17.716,9.68222,61.4449
0.0769325,0.121626,0.109791,11.8547,8.18471,61.4482
0.083155,0.139752,0.129595,7.23711,8.47573,61.4508
0.078524,0.0995645,0.103232,10.2473,8.09772,61.4562
0.0696151,0.189159,0.134481,16.608,9.57036,61.47
0.0816672,0.11066,0.125579,8.58805,8.13045,61.4739
0.0824527,0.0101986,0.0940998,8.0534,8.92258,61.4758
0.0754599,0.056209,0.112571,12.0896,9.41888,61.4778
0.0851783,0.0962912,0.123243,6.95715,8.63971,61.4812
0.0718401,0.235706,0.146102,14.1014,9.67549,61.4837
0.0775954,0.0428653,0.0946692,11.5362,8.62803,61.486
0.0744202,0.0475108,0.100317,13.6946,9.17384,61.4888
0.0795488,0.153494,0.142842,9.78942,9.24297,61.4926
0.0784166,0.125535,0.117392,10.1187,8.32838,61.5016
0.0652365,0.194853,0.13828,20.871,10.9458,61.5051
0.0630333,0.066598,0.0946101,23.0276,9.39561,61.5057
0.0668861,0.103476,0.106823,19.8547,9.61628,61.515
0.0682732,0.201563,0.138171,17.5179,10.2799,61.5167
0.0817871,0.0695457,0.113005,8.53786,8.01833,61.5176
0.065594,0.13137,0.117274,20.8857,10.6115,61.5228
0.0795204,0.14318,0.133332,9.99097,9.53623,61.5263
0.0783065,0.0987738,0.108783,10.5541,8.58121,61.5406
0.0689541,0.134488,0.114412,17.1421,9.35911,61.5406
0.0682131,0.235099,0.129611,17.8089,9.56348,61.5472
0.0649676,0.0301151,0.101714,21.6822,10.212,61.549
0.088368,0.0242662,0.102081,5.17404,7.60473,61.5499
0.072887,0.0998772,0.0977208,14.0773,8.89316,61.5546
0.0719177,0.190464,0.131998,14.8983,9.06959,61.5552
0.0636221,0.151991,0.115084,22.1162,10.0126,61.5564
0.0776588,0.173752,0.151685,10.7383,9.70548,61.5594
0.0698376,0.159921,0.11217,16.6243,9.18654,61.5605
0.0763539,0.177082,0.139288,11.6701,9.55579,61.5619
0.0642865,0.212745,0.130892,21.554,10.527,61.562
0.0630917,0.0388935,0.0962133,23.9817,10.0127,61.5675
0.0717424,0.0618119,0.0915585,15.3249,8.88206,61.5677
0.0652107,0.203615,0.117038,20.6491,9.52689,61.5708
0.075666,0.085648,0.110796,12.7455,8.10498,61.5731
0.0636955,0.118892,0.107241,22.697,10.9924,61.5861
0.0661015,0.224384,0.134479,19.8006,10.7859,61.5913
0.0813232,0.143482,0.124338,8.4734,8.59248,61.5933
0.0767717,0.141729,0.117601,11.7655,8.66899,61.5969
0.0736403,0.172947,0.126857,13.058,9.74927,61.602
0.0693422,0.236795,0.140664,16.1695,9.23238,61.6051
0.0683198,0.202283,0.150949,17.277,10.4965,61.6054
0.0635978,0.0940086,0.11128,22.7236,10.3451,61.6147
0.0693492,0.215882,0.145827,16.9827,10.8174,61.6175
0.0661719,0.209678,0.123396,19.3977,9.25507,61.62
0.0783641,0.0705001,0.124764,10.8959,9.89497,61.6354
0.0631088,0.234427,0.127818,22.7122,10.3119,61.6387
0.0652437,0.00262796,0.084415,21.4186,9.76457,61.6423
0.075844,0.0341713,0.11037,12.937,9.58228,61.6426
0.078157,0.124582,0.11892,10.8107,8.70498,61.6442
0.0917566,0.0784428,0.127444,3.29737,8.39079,61.6459
0.0842865,0.0357735,0.0981493,7.18514,8.39671,61.6603
0.0780698,0.110434,0.127267,10.0053,9.51136,61.6704
0.0810553,0.158298,0.155153,8.44949,9.30132,61.6718
0.0720041,0.0197967,0.10034,15.3406,9.48767,61.6767
0.0589378,0.019902,0.0898889,28.0596,10.6139,61.6782
0.0611234,0.275901,0.140828,24.5064,10.5821,61.6806
0.0659842,0.230053,0.155998,19.3741,10.6587,61.6911
0.0806758,0.0386816,0.106781,9.7978,8.26168,61.6916
0.0633396,0.152599,0.124259,22.8227,10.4254,61.6923
0.0720158,0.028588,0.097887,15.9203,9.90305,61.6924
0.0752696,0.133377,0.107234,12.3124,8.4856,61.6976
0.0916429,0.0873414,0.129718,3.90634,8.87067,61.6983
0.0605532,0.21873,0.119885,25.4225,10.7337,61.7206
0.0715589,0.0914251,0.102094,15.5993,9.52252,61.7238
0.0741701,0.0620378,0.0975394,13.5863,8.20226,61.7447
0.0652853,0.146053,0.127267,20.9558,10.55,61.7447
0.0816149,0.0895839,0.116062,8.8664,8.97553,61.7455
0.0845899,0.00912843,0.0946989,7.69505,8.62425,61.7504
0.0780619,0.153678,0.120403,10.4611,8.34541,61.753
0.0852142,0.0904196,0.120592,6.59531,8.05019,61.7575
0.0784018,0.0786936,0.126108,10.6173,9.7625,61.7652
0.0820118,0.05685,0.114445,8.68226,8.35595,61.7718
0.0776698,0.165196,0.139968,10.2654,9.60131,61.7723
0.0682427,0.192395,0.145124,17.3459,10.3738,61.7836
0.0604909,0.225211,0.124337,25.7917,10.4126,61.8148
0.0615626,0.153364,0.120612,24.9724,10.2837,61.8177
0.0729376,0.0640843,0.093469,14.6589,8.12875,61.8194
0.0695383,0.199561,0.136531,16.5875,9.4057,61.8196
0.0759278,0.00459119,0.0929905,12.516,8.67477,61.8206
0.0894228,0.0869266,0.131095,4.97889,8.63436,61.8215
0.0631454,0.201106,0.136276,22.4189,10.8777,61.823
0.0630394,0.234971,0.144522,22.8271,10.4897,61.8269
0.0628978,0.0403673,0.0993861,23.2525,10.6313,61.8307
0.0897945,0.035515,0.115827,4.33027,8.08556,61.8445
0.0808097,0.0376019,0.0981177,9.07005,8.69051,61.8469
0.0655274,0.153768,0.121519,20.5601,10.6943,61.8546
0.0925509,0.0356979,0.105227,3.05487,7.02668,61.8608
0.0715734,0.0938524,0.100694,15.1475,8.18481,61.8625
0.066466,0.14502,0.11925,19.4996,10.4654,61.8632
0.0579152,0.0893537,0.0982163,29.6077,10.4135,61.8643
0.0682954,0.236809,0.135638,17.293,9.86467,61.8673
0.0659311,0.266615,0.146634,19.8889,10.3354,61.8873
0.0663572,0.195155,0.124153,19.7112,9.38768,61.8948
0.0683099,0.224191,0.150259,17.4602,10.7916,61.8948
0.0874069,0.0795571,0.125952,5.22624,8.68419,61.8995
0.0648259,0.24568,0.151596,20.7857,10.4437,61.9001
0.0647172,0.107295,0.105352,21.391,9.93664,61.9041
0.0585658,0.132467,0.10138,28.0234,10.6241,61.9086
0.0695028,0.184083,0.145026,16.7075,10.8614,61.914
0.0777345,0.0269829,0.0913631,11.5181,8.4933,61.922
0.0656919,0.089463,0.108887,20.7072,10.715,61.9224
0.0644144,0.122397,0.124137,21.9101,10.0674,61.9284
0.0762153,0.17737,0.133528,11.1539,9.46159,61.9311
0.0694563,0.208441,0.151465,16.8973,10.0651,61.9399
0.0623272,0.181879,0.124883,23.3172,10.5204,61.9431
0.0692378,0.227921,0.150984,16.0133,10.1902,61.9433
0.0784042,0.107407,0.12455,10.5893,9.85853,61.9449
0.0636895,0.320161,0.163088,21.6831,10.4956,61.9479
0.0813408,0.149435,0.127881,8.82738,8.68927,61.9553
0.0903822,0.0213818,0.103471,4.37665,7.32885,61.9624
0.0642587,0.200912,0.122719,21.7946,10.3462,61.9637
0.0716025,0.0209637,0.104199,15.2313,9.31274,61.9678
0.0739421,0.130962,0.105053,13.7387,8.0731,61.9697
0.0899202,0.0576383,0.113706,4.81475,8.31388,61.9772
0.0650374,0.256008,0.144368,20.0289,10.12,61.9799
0.0714016,0.11699,0.11787,15.2922,9.35587,61.9825
0.0780482,0.145712,0.120705,10.513,8.92252,61.9847
0.0646988,0.0870545,0.113923,21.1991,10.9816,61.9914
0.0615903,0.211219,0.121257,24.0783,10.7737,61.9942
0.0810576,0.142185,0.145818,8.92586,9.86215,61.9992
0.069979,0.146444,0.123279,16.6743,9.79427,61.9998
0.0637074,0.105797,0.114798,22.6899,10.403,62.0031
0.0650682,0.0099458,0.0967471,21.9832,10.1523,62.0047
0.0873986,0.0830202,0.127823,5.26516,8.23311,62.0097
0.0662165,0.178352,0.126094,19.0195,10.6155,62.0145
0.0637109,0.301,0.15302,21.82,10.691,62.0164
0.0726492,0.104944,0.106773,14.0447,9.29826,62.0197
0.0711853,0.0948342,0.11358,15.4083,9.52156,62.0198
0.0814359,0.146164,0.120647,8.28038,8.47576,62.0273
0.075778,0.0890028,0.0993079,12.3813,8.85234,62.0326
0.0733309,0.0307967,0.086568,14.2658,8.8125,62.0343
0.0620321,0.0846834,0.100133,24.3095,10.0209,62.0343
0.0597585,0.230236,0.118067,26.437,10.9131,62.0359
0.0917774,0.07969,0.124605,3.03108,8.58705,62.0371
0.0657662,0.0834034,0.107351,20.6162,10.6368,62.0382
0.0644378,0.18349,0.109012,21.048,9.57525,62.039
0.0761224,0.189781,0.153901,11.8848,9.04957,62.0474
0.0800926,0.0763303,0.124267,9.61194,9.00336,62.0548
0.0727459,0.0479086,0.108548,14.8428,9.06193,62.0553
0.0641451,0.185272,0.128157,21.2253,10.6793,62.0585
0.0637707,0.312273,0.152195,21.7391,10.4809,62.0614
0.0800828,0.0720063,0.116927,9.99175,9.92494,62.0616
0.0719819,0.223362,0.139379,14.4558,9.78945,62.0621
0.0717731,0.0769125,0.0974595,15.8606,8.17458,62.0641
0.0789486,0.0713989,0.0973299,10.6891,8.12256,62.0664
0.0716313,0.094863,0.0974727,15.359,8.52707,62.0693
0.0649889,0.223646,0.150571,20.5245,10.8985,62.0705
0.0594898,0.0656563,0.103104,27.8539,10.794,62.072
0.062867,0.306729,0.156276,22.9135,10.0382,62.08
0.0604044,0.0549658,0.0948923,26.2746,10.992,62.0812
0.0798522,0.133794,0.127445,9.92874,8.40978,62.0848
0.0632105,0.197763,0.137533,22.544,10.0544,62.0932
0.0786273,0.0457235,0.110413,10.5324,9.09489,62.0974
0.0766352,0.143326,0.129569,11.7399,9.68501,62.0992
0.0728571,0.0315058,0.104792,14.5178,9.5948,62.1168
0.0623326,0.225471,0.123058,23.098,10.6919,62.1168
0.0700705,0.119144,0.104671,16.341,9.17766,62.1178
0.0897672,0.0551963,0.122932,4.41219,8.87566,62.1309
0.0834831,0.111981,0.126843,7.73391,8.8824,62.1312
0.0674071,0.182418,0.137249,18.095,10.1172,62.1383
0.0759939,0.00703741,0.106433,12.122,9.60726,62.1543
0.0817964,0.110571,0.120751,8.80201,8.67148,62.1616
0.0634475,0.182669,0.126032,22.8579,10.2118,62.1671
0.0682951,0.181224,0.141774,17.9094,10.995,62.1727
0.0664777,0.195961,0.110553,19.8386,9.95928,62.1736
0.06291,0.0872186,0.108254,23.4114,10.2325,62.1763
0.070111,0.0851963,0.115695,16.0794,9.27944,62.178
0.0873918,0.0703861,0.122581,5.62035,8.12995,62.1834
0.0902589,0.0381712,0.106249,4.23861,7.73358,62.1883
0.0667176,0.0825336,0.106891,19.7574,9.66178,62.1902
0.0617193,0.122805,0.106541,24.1141,10.6727,62.1902
0.0746353,0.179238,0.137094,12.2565,9.93972,62.1962
0.0925894,0.0309323,0.100198,3.51036,7.70325,62.2054
0.0595914,0.285305,0.133595,26.4059,10.804,62.2089
0.079655,0.119135,0.141587,9.19964,9.89037,62.212
0.0746004,0.198598,0.137562,12.6646,9.75771,62.2139
0.0743859,0.237955,0.150923,12.8491,9.86412,62.2143
0.0675153,0.151999,0.128,18.6998,10.8543,62.2153
0.0884111,0.0177952,0.0941413,5.99447,7.10669,62.2174
0.06552,0.117161,0.122486,20.949,10.1064,62.2246
0.0654691,0.183582,0.112575,20.8348,9.33087,62.2257
0.081931,0.0976098,0.106606,8.05991,8.6185,62.2257
0.0780899,0.146392,0.136005,10.838,9.30229,62.2339
0.0765948,0.119847,0.135508,11.5646,9.43682,62.2412
0.086339,0.0185216,0.0966704,6.14945,7.35128,62.2458
0.0570406,0.348492,0.1615,29.5834,11.7145,62.2483
0.087996,0.0123202,0.111394,5.3096,8.99355,62.2531
0.0732942,0.0496327,0.092761,14.3406,8.21774,62.256
0.0758516,0.221919,0.152262,11.6403,9.49292,62.257
0.0716914,0.0780906,0.0925125,15.4094,8.43623,62.2589
0.0639362,0.069174,0.106059,22.2561,10.0647,62.2593
0.0718952,0.0606192,0.0921896,15.0332,8.68304,62.2601
0.0603988,0.248178,0.129058,25.2728,10.4769,62.2615
0.0766614,0.130162,0.132446,11.0143,9.77997,62.2618
0.0829466,0.131036,0.149454,7.21472,9.22253,62.2624
0.0649734,0.03833,0.102567,21.1152,10.0907,62.2636
0.0878788,0.0584185,0.109434,5.96207,8.84342,62.2742
0.0774718,0.191684,0.149851,10.1668,9.73106,62.2822
0.0849769,0.120959,0.128361,6.70483,8.94834,62.2845
0.0774133,0.204086,0.152631,10.086,9.18006,62.2885
0.0668916,0.0619967,0.105215,19.3466,9.16683,62.2928
0.0629645,0.0615375,0.0932683,23.1048,9.94828,62.2982
0.0780864,0.130663,0.118778,10.8841,8.85282,62.3014
0.0666064,0.135505,0.115761,19.9529,9.24909,62.3049
0.0817219,0.0961589,0.123122,8.76154,8.42767,62.3084
0.0674315,0.184476,0.133627,18.2939,10.5848,62.3112
0.0747833,0.181803,0.148355,12.0052,9.1221,62.315
0.0613797,0.258527,0.131986,24.5084,10.4792,62.3171
0.0706092,0.221099,0.146004,15.2669,9.01682,62.3252
0.0704604,0.256449,0.142311,15.4323,9.01485,62.3258
0.0758125,0.0438107,0.103777,12.4569,8.86155,62.3272
0.0852834,0.0814642,0.118525,6.82085,8.55928,62.3362
0.0764049,0.140476,0.125368,11.8783,9.23309,62.3386
0.063676,0.132595,0.108964,22.8251,10.6204,62.3397
0.0673326,0.176265,0.123015,18.1995,9.93816,62.3468
0.0639065,0.286438,0.143547,21.6025,10.9283,62.35
0.0686727,0.121569,0.11288,17.9904,9.46837,62.3502
0.091742,0.059956,0.122261,3.85853,8.11822,62.3622
0.0705824,0.0662909,0.0957827,16.1485,9.71591,62.3661
0.0738783,0.118238,0.109817,13.5877,8.82693,62.3684
0.0649385,0.0258108,0.0912319,21.9172,9.83008,62.3686
0.0681697,0.203443,0.154003,17.7601,10.8755,62.3728
0.0667586,0.0768778,0.10658,19.1639,9.55046,62.3743
0.0926616,0.018896,0.097544,3.99565,7.82159,62.3747
0.0628764,0.307755,0.154887,22.668,10.4001,62.3758
0.0790007,0.00758111,0.092689,10.0062,8.05013,62.3827
0.0873593,0.10196,0.125069,5.75587,8.39924,62.3848
0.0807656,0.188785,0.162869,8.74402,9.88328,62.3918
0.0751755,0.094545,0.12071,12.6439,9.68906,62.3929
0.0681975,0.233048,0.145719,17.3538,10.5208,62.3952
0.066051,0.0155693,0.0881168,20.8894,9.82368,62.4003
0.0733903,0.188995,0.146936,13.3145,9.2005,62.4005
0.0673571,0.169345,0.121647,18.9063,9.32662,62.4032
0.0946879,0.0228701,0.112046,2.79124,8.93343,62.4109
0.0675794,0.125981,0.124453,18.252,10.1424,62.4214
0.0785782,0.0603104,0.120708,10.5641,9.43502,62.4232
0.0664042,0.142619,0.13159,19.1936,10.6774,62.4236
0.0654285,0.170148,0.120102,20.8265,10.5355,62.4245
0.0799262,0.107698,0.121552,9.54323,8.90043,62.4355
0.0684928,0.150649,0.134133,17.1728,10.4563,62.4367
0.0706598,0.0564882,0.0960674,16.8387,9.56568,62.437
0.0651514,0.0219894,0.0951169,21.4189,9.1441,62.4429
0.0745361,0.0477615,0.102051,13.4812,9.48683,62.4457
0.0705709,0.250368,0.139924,15.2765,9.67085,62.4459
0.0657654,0.261518,0.162902,19.8829,10.14,62.4459
0.0802612,0.0485841,0.108088,9.11635,8.96678,62.4517
0.0822945,0.05692,0.0986065,8.84208,8.38594,62.4525
0.0787263,0.0959063,0.101086,10.2839,8.54507,62.4576
0.0589366,0.224722,0.117931,27.0451,10.0192,62.4581
0.0718343,0.235733,0.151508,14.8014,9.54122,62.4586
0.0757344,0.0757643,0.112315,12.9098,9.55586,62.4628
0.0722855,0.127401,0.118613,14.7186,9.16178,62.4641
0.0839094,0.0349767,0.112303,7.60712,8.22494,62.4732
0.0840347,0.0134556,0.106902,7.72599,8.76885,62.4823
0.0742663,0.0625854,0.0942609,13.8947,8.67433,62.491
0.0622811,0.25218,0.131617,23.902,10.3088,62.4948
0.0614951,0.172872,0.12582,24.0459,10.9569,62.5022
0.0853057,0.0924997,0.127382,6.87034,8.18656,62.5128
0.0786487,0.0304048,0.114342,10.1164,9.28492,62.5144
0.0832989,0.104701,0.116228,7.58109,8.78176,62.518
0.0603072,0.0564295,0.0954786,26.0656,10.7414,62.5205
0.0798425,0.144176,0.122802,9.80033,8.02758,62.521
0.0683079,0.040097,0.0998475,18.3026,9.93929,62.5326
0.0780831,0.114597,0.137886,10.8046,9.6525,62.5356
0.068387,0.201089,0.138112,17.8318,10.6835,62.5378
0.0745178,0.0479847,0.106431,13.8328,9.03632,62.5384
0.087212,0.0841085,0.123923,5.85972,8.64473,62.5388
0.0583342,0.210725,0.115671,28.9324,10.3914,62.5415
0.0946774,0.0325632,0.116994,2.47251,8.93683,62.5445
0.0757186,0.0970491,0.102171,12.1113,8.16532,62.5446
0.0790068,0.0132446,0.102737,10.9354,9.78189,62.5468
0.0674376,0.157735,0.124366,18.2123,10.5296,62.5556
0.0656098,0.089512,0.116722,20.2804,10.8505,62.5634
0.0757713,0.0717405,0.109392,12.2375,9.62219,62.568
0.0733538,0.205958,0.147676,13.5428,9.00234,62.5741
0.089033,0.123073,0.133563,4.7851,8.97096,62.5762
0.0650563,0.229165,0.150163,20.2963,10.0132,62.5853
0.0772518,0.056908,0.113061,11.4097,9.32523,62.5931
