beta,permeability,xi,init_days,delay,value
0.0676231,0.00449043,0.118149,11.6836,19.2103,29.2153
0.068628,0.00613765,0.123733,10.107,19.5573,29.2363
0.0666005,0.0047333,0.109839,12.6544,19.8849,29.299
0.0667178,0.00313681,0.108645,12.9935,19.2865,29.3058
0.0675918,0.0118114,0.118605,11.2375,19.0098,29.3402
0.0665359,0.00434301,0.116124,12.5156,19.3444,29.3484
0.0675588,0.0043201,0.120606,11.6017,19.0848,29.3495
0.0647251,0.0066903,0.101329,14.7596,19.7965,29.3572
0.0637731,0.00312146,0.102569,15.5058,19.4954,29.3752
0.0685868,0.0107497,0.124165,10.1839,19.6757,29.4033
0.067663,0.0108356,0.115209,11.0883,19.349,29.4271
0.0665069,0.0171459,0.11368,12.6247,19.4717,29.4336
0.0676041,0.0126333,0.116397,11.7475,19.4178,29.4353
0.0655814,0.00617446,0.105237,13.3071,19.0703,29.448
0.0637553,0.0039355,0.104728,15.3363,19.0741,29.4546
0.0686264,0.00917883,0.12637,10.7238,19.4671,29.4557
0.0665049,0.0194953,0.115608,12.142,19.3691,29.4609
0.0666104,0.00662624,0.120167,12.8655,19.8397,29.4636
0.0666593,0.00689247,0.11507,12.0141,19.9433,29.4645
0.0665087,0.0175837,0.113007,12.6026,19.982,29.4751
0.0646993,0.00658981,0.106274,14.1347,19.7223,29.4818
0.0665278,0.0136798,0.111578,12.6145,19.2973,29.4833
0.0675694,0.00494529,0.114776,11.2998,19.7631,29.4957
0.064665,0.0029589,0.099826,14.7524,19.2539,29.5052
0.0677601,0.00493916,0.113386,11.6137,19.5793,29.5373
0.0645821,0.00343513,0.107903,14.4288,19.2798,29.5408
0.0675443,0.0200016,0.119092,11.0396,19.7078,29.5481
0.0686223,0.0121562,0.126675,10.4194,19.866,29.5494
0.0656031,0.0125533,0.112529,13.5301,19.6634,29.5505
0.0664834,0.0160072,0.117788,12.0053,19.6037,29.5506
0.0664912,0.0156309,0.117863,12.9255,19.3394,29.5528
0.0638522,0.00360534,0.0950247,15.4723,19.3333,29.5544
0.0664596,0.0213341,0.116558,12.4232,19.3955,29.5617
0.0636918,0.00313648,0.103335,15.5997,19.2589,29.5773
0.0647555,0.00909971,0.0996828,14.8534,19.1445,29.5819
0.0655512,0.00594768,0.11652,13.6904,19.1158,29.5831
0.0655142,0.021365,0.108012,13.6924,19.7632,29.5842
0.0637075,0.0115674,0.0994323,15.8386,19.6907,29.5858
0.068735,0.00540444,0.126976,10.7348,19.7469,29.5912
0.0654779,0.0206895,0.109952,13.2165,19.2995,29.5986
0.0686999,0.00810899,0.127141,10.672,19.8941,29.6033
0.0664506,0.0187974,0.114279,12.3151,19.2994,29.6118
0.0637029,0.0171807,0.103747,15.0347,19.8405,29.6118
0.0636824,0.0134232,0.102491,15.477,19.8299,29.6123
0.0676297,0.00346835,0.112239,11.5258,19.254,29.6165
0.0654779,0.0239906,0.111152,13.243,19.8533,29.617
0.0676311,0.0133955,0.114427,11.0979,19.6466,29.6258
0.0664346,0.0226748,0.116942,12.4273,19.4022,29.6269
0.063717,0.00985369,0.0977975,15.2896,19.4893,29.6338
0.0664555,0.0126542,0.118048,12.2794,19.4448,29.6362
0.0665712,0.0111718,0.108627,12.8962,19.6952,29.6366
0.0645684,0.0227259,0.107063,14.7824,19.7934,29.6388
0.0656009,0.0136957,0.114446,13.0488,19.1286,29.6437
0.0637659,0.00937875,0.105253,15.4834,19.869,29.6458
0.0686433,0.0120177,0.127704,10.7079,19.4536,29.6522
0.0666381,0.0110597,0.118092,12.7982,19.9765,29.6631
0.062857,0.00831474,0.101492,16.5629,19.3753,29.6648
0.064755,0.00846702,0.103878,14.683,19.966,29.6694
0.0697334,0.00777148,0.134085,9.51005,19.9491,29.6711
0.0675759,0.015674,0.125162,11.3714,19.3384,29.674
0.0646976,0.00771614,0.111927,14.5804,19.0984,29.6778
0.0655302,0.0196239,0.114841,13.4877,19.3624,29.6786
0.0666288,0.0170722,0.113144,12.4662,19.9962,29.6796
0.0686897,0.0103568,0.128188,10.4193,19.2619,29.6798
0.0685309,0.0143593,0.126937,10.8288,19.0934,29.6812
0.0647743,0.00963489,0.101637,14.7522,19.4595,29.6818
0.0675857,0.0234469,0.117873,11.0136,19.5842,29.6824
0.0657614,0.00699458,0.102398,13.5,19.3764,29.683
0.0687352,0.00736549,0.127484,10.1726,19.2219,29.6835
0.0675682,0.0181321,0.123813,11.2142,19.677,29.6865
0.065449,0.0215029,0.111405,13.6399,19.5106,29.6875
0.0645582,0.025482,0.107022,14.5503,19.1157,29.6892
0.0645506,0.024048,0.10809,14.7874,19.9356,29.6926
0.0685225,0.0240491,0.127108,10.4104,19.5333,29.6927
0.063689,0.00849262,0.0979662,15.172,19.4654,29.6979
0.0675908,0.0167172,0.125768,11.6411,19.1846,29.6982
0.0664573,0.0123374,0.113859,12.5642,19.2794,29.7029
0.0685322,0.015438,0.128298,10.4387,19.0673,29.7058
0.0674373,0.0227625,0.121342,11.6549,19.2197,29.7066
0.0620272,0.00394714,0.0946779,17.2713,19.2759,29.7074
0.0645924,0.0274806,0.105054,14.4332,19.5083,29.709
0.069851,0.00787332,0.128938,9.90236,19.7853,29.713
0.0664553,0.00571679,0.116426,12.8781,19.8743,29.7194
0.0645336,0.0102642,0.105645,14.933,19.0115,29.7195
0.0696807,0.0134529,0.134289,9.21783,19.0315,29.7246
0.0629345,0.00921411,0.0930553,16.9625,19.8608,29.7328
0.0645553,0.0193371,0.103344,14.4788,19.702,29.734
0.0628227,0.0178827,0.100095,16.784,19.1009,29.7373
0.0686327,0.0076352,0.134014,10.7043,19.7077,29.7388
0.0665042,0.0058336,0.11009,12.5411,19.0543,29.7391
0.0664924,0.00957534,0.110426,12.4413,19.8753,29.7399
0.0654453,0.0220883,0.109806,13.3981,19.6111,29.7441
0.0675388,0.00563797,0.126771,11.3453,19.3085,29.7489
0.062838,0.0105757,0.102269,16.9605,19.778,29.7498
0.0656844,0.00910625,0.111798,13.6039,19.5812,29.7519
0.0636652,0.0234988,0.104978,15.3995,19.7626,29.7543
0.0664463,0.00793016,0.116862,12.6158,19.5138,29.7551
0.0676514,0.0139825,0.121025,11.149,19.9139,29.7553
0.0629823,0.00565726,0.0942739,16.2099,19.1971,29.7574
0.0676286,0.0144654,0.113698,11.505,19.9826,29.7576
0.0698479,0.00660014,0.131231,9.73086,19.5925,29.7594
0.0665783,0.0247697,0.111514,12.5701,19.3293,29.7641
0.0647135,0.0186608,0.102657,14.1661,19.4327,29.7671
0.0688306,0.00673011,0.11923,10.3049,19.4839,29.7671
0.0638922,0.00313689,0.0934099,15.8219,19.4184,29.7699
0.0664423,0.0241871,0.113031,12.4333,19.1931,29.7709
0.0667255,0.00548336,0.113601,12.6342,19.5199,29.7734
0.0620684,0.00651931,0.0918501,17.7287,19.0968,29.7735
0.0645736,0.00552234,0.101878,14.1595,19.0085,29.774
0.0636535,0.0191585,0.106631,15.4544,19.5845,29.7771
0.0687836,0.00664116,0.124256,10.4573,19.9277,29.7784
0.0655022,0.0252212,0.115409,13.1731,19.9522,29.7879
0.0698193,0.014637,0.128006,9.18654,19.0483,29.7924
0.0673995,0.0342224,0.123374,11.3339,19.8226,29.7927
0.0709131,0.00316272,0.138337,8.66417,19.2477,29.7947
0.0667135,0.00681427,0.114799,12.6288,19.5341,29.8025
0.0656284,0.0241143,0.106044,13.8214,19.5261,29.8042
0.0687501,0.00730004,0.117037,10.1518,19.0652,29.806
0.0629407,0.00860052,0.091478,16.1546,19.743,29.8075
0.0685371,0.0259501,0.127348,10.1197,19.8737,29.809
0.0647734,0.00989058,0.102998,14.0354,19.6214,29.8115
0.0628464,0.0102626,0.104201,16.6368,19.1903,29.8148
0.0685853,0.0172063,0.122705,10.9938,19.5837,29.817
0.0667163,0.0141259,0.108142,12.4282,19.5222,29.818
0.0675486,0.0228773,0.127999,11.5002,19.9133,29.8248
0.0636208,0.0239483,0.103693,15.0053,19.1492,29.8291
0.0646643,0.0247001,0.102356,14.172,19.7919,29.833
0.0698271,0.0156313,0.126376,9.10396,19.3379,29.8368
0.0663839,0.0386643,0.117685,12.4719,19.9017,29.8388
0.0646662,0.0137024,0.11356,14.7447,19.5364,29.8435
0.0686436,0.0159076,0.130921,10.8741,19.3099,29.847
0.0686267,0.0166114,0.130372,10.0927,19.0952,29.8489
0.0674296,0.0203064,0.12149,11.3831,19.7998,29.8491
0.06751,0.022141,0.126899,11.2145,19.066,29.8491
0.0655138,0.0179441,0.121128,13.2993,19.2367,29.8495
0.0620199,0.012073,0.0938073,17.2344,19.3017,29.85
0.0676819,0.0107542,0.125466,11.8788,19.1921,29.8503
0.0686734,0.0151211,0.132044,10.6286,19.9562,29.853
0.0636389,0.00590404,0.105299,15.4049,19.2463,29.8537
0.068619,0.00440128,0.117604,10.099,19.9006,29.8613
0.0664584,0.0197038,0.122359,12.8791,19.0762,29.8619
0.0636178,0.0147945,0.106163,15.1404,19.7291,29.862
0.0636135,0.0272561,0.105648,15.2785,19.6539,29.8628
0.0676448,0.0206378,0.118117,11.4085,19.4039,29.8628
0.0654761,0.0254271,0.116404,13.4669,19.865,29.8632
0.0646475,0.0145008,0.098331,14.529,19.8157,29.8646
0.067567,0.00971468,0.11239,11.1396,19.4296,29.8646
0.0663975,0.0364025,0.115738,12.8654,19.2551,29.8671
0.0697225,0.0138921,0.133588,9.42187,19.1548,29.868
0.0645528,0.0196976,0.116701,14.1145,19.1939,29.8696
0.0628776,0.00403034,0.105902,16.3099,19.2163,29.8703
0.0676334,0.0168359,0.123995,11.2628,19.9866,29.8705
0.0674441,0.0305783,0.120078,11.5978,19.2623,29.8733
0.0638339,0.00908962,0.101553,15.3026,19.0677,29.8739
0.0686983,0.0140424,0.129602,10.2599,19.3502,29.8745
0.0666967,0.0153018,0.110686,12.8103,19.4772,29.8754
0.0697159,0.00474103,0.126143,9.74438,19.8485,29.8778
0.0647083,0.00656049,0.0957821,14.7337,19.5535,29.8778
0.0676569,0.014563,0.112372,11.788,19.8659,29.8795
0.06552,0.0185614,0.103778,13.9966,19.2332,29.88
0.065515,0.0219318,0.104935,13.8151,19.8833,29.881
0.0635993,0.0285441,0.106269,15.2321,19.8611,29.893
0.0698597,0.00969523,0.131424,9.25518,19.0948,29.8938
0.0646952,0.0239225,0.101656,14.4707,19.5255,29.8952
0.0664925,0.0310193,0.119877,12.5569,19.7697,29.8974
0.0620987,0.00356797,0.0951894,17.3769,19.3436,29.8977
0.0636275,0.0224199,0.108443,15.1543,19.2958,29.8983
0.0655856,0.0269594,0.111468,13.6295,19.8532,29.9014
0.0638208,0.0144531,0.100735,15.3819,19.5707,29.9022
0.0628434,0.0167296,0.103606,16.7268,19.7876,29.9036
0.0655309,0.0083104,0.102742,13.0015,19.2915,29.9042
0.067456,0.00462877,0.12146,11.3367,19.3629,29.9058
0.068711,0.0217294,0.122852,10.1252,19.1547,29.9099
0.0697618,0.0209513,0.129136,9.57702,19.4528,29.9105
0.0664279,0.0102056,0.120128,12.6699,19.1042,29.9105
0.065469,0.0379002,0.110276,13.7853,19.168,29.9139
0.0644825,0.0324739,0.109799,14.9662,19.8397,29.9143
0.0656217,0.0205292,0.103751,13.3577,19.5538,29.9149
0.0675568,0.0266455,0.116609,11.5579,19.4387,29.9154
0.0687175,0.0136612,0.129778,10.4633,19.8721,29.9183
0.0655778,0.0270902,0.10565,13.7957,19.7656,29.9192
0.0654366,0.0377193,0.115095,13.4367,19.8506,29.92
0.071011,0.0110957,0.133025,8.40387,19.4772,29.9269
0.0664653,0.00310624,0.120745,12.2095,19.568,29.9273
0.0654645,0.0254747,0.117737,13.4213,19.9717,29.9313
0.0627783,0.0219369,0.102908,16.2475,19.0278,29.9337
0.0685539,0.00972542,0.122362,10.7486,19.2986,29.9355
0.0654636,0.03899,0.114445,13.8766,19.9946,29.9359
0.0638824,0.010728,0.0966263,15.25,19.4771,29.9361
0.0664289,0.0389108,0.118352,12.6773,19.3099,29.937
0.0664927,0.0348286,0.117128,12.6137,19.5315,29.9471
0.069909,0.00809203,0.12234,9.34176,19.9491,29.9482
0.0620958,0.00498275,0.0952821,17.9823,19.9471,29.9482
0.066421,0.0140726,0.120734,12.7003,19.9498,29.951
0.065481,0.02657,0.120851,13.3213,19.2503,29.9513
0.0648074,0.00552152,0.106159,14.387,19.4694,29.9531
0.0664102,0.0346655,0.121726,12.231,19.2271,29.9589
0.0684708,0.0222115,0.128436,10.3045,19.5315,29.9592
0.0619644,0.0162591,0.0953228,17.546,19.4767,29.9616
0.0646615,0.0281933,0.102281,14.879,19.2035,29.9629
0.065427,0.0367567,0.109143,13.4624,19.8396,29.9639
0.0654943,0.0303227,0.119507,13.965,19.1847,29.9674
0.0665897,0.0099818,0.10547,12.2604,19.9135,29.9689
0.066449,0.0173964,0.110261,12.2805,19.6408,29.9716
0.0685016,0.0154462,0.129433,10.1901,19.9905,29.9718
0.0685127,0.030694,0.128595,10.6443,19.906,29.9774
0.0654247,0.0108378,0.112364,13.4506,19.2166,29.9779
0.0686851,0.0104791,0.118046,10.8158,19.431,29.9797
0.0666389,0.0256751,0.111246,12.2387,19.5792,29.9815
0.0619578,0.0172613,0.094931,17.0318,19.2636,29.9823
0.0709678,0.0120911,0.135317,8.69283,19.1992,29.9837
0.0637355,0.0202826,0.10652,15.8904,19.1377,29.9838
0.0620836,0.0133345,0.0901415,17.9679,19.4342,29.9839
0.0665063,0.0362278,0.115763,12.5653,19.5713,29.9839
0.0656878,0.0150713,0.110415,13.3292,19.5361,29.9847
0.069767,0.0166311,0.132743,9.58429,19.206,29.9847
0.0677442,0.0126887,0.11559,11.1772,19.7295,29.9875
0.0653978,0.0239322,0.113107,13.9601,19.0197,29.9907
0.0673734,0.0315933,0.123324,11.3882,19.7437,29.9937
0.0675026,0.0362314,0.121079,11.3137,19.9384,29.998
0.06765,0.0193884,0.120626,11.166,19.8286,29.999
0.0657497,0.0113605,0.100739,13.5304,19.3364,29.9996
0.0637153,0.0220358,0.108548,15.609,19.0165,30.0006
0.0697454,0.0254556,0.129005,9.54668,19.679,30.0019
0.0645084,0.0276491,0.114176,14.5531,19.9619,30.002
0.0629023,0.0117427,0.0909422,16.6535,19.9419,30.0083
0.0636141,0.0167959,0.0994638,15.95,19.8905,30.0089
0.068457,0.0338635,0.127828,10.0101,19.2926,30.011
0.0685813,0.00919341,0.136258,10.7553,19.482,30.0131
0.0648149,0.00711648,0.0953677,14.2912,19.5322,30.0146
0.0696696,0.0204549,0.130597,9.4046,19.0851,30.0172
0.0647046,0.00482641,0.114742,14.6942,19.2779,30.0176
0.0645186,0.030364,0.114012,14.88,19.7575,30.0177
0.06661,0.00472716,0.103397,12.5194,19.144,30.0207
0.0665592,0.0339563,0.114028,12.203,19.6137,30.0217
0.0674411,0.0260467,0.116767,11.9136,19.1937,30.0223
0.0685242,0.019388,0.133381,10.5813,19.5397,30.0228
0.0663908,0.0146375,0.118667,12.1699,19.9022,30.0231
0.06198,0.0215216,0.0922259,17.2179,19.2119,30.0242
0.0685724,0.0353272,0.12535,10.0295,19.7172,30.025
0.0658025,0.00666165,0.100258,13.4484,19.1702,30.0266
0.0676151,0.0189752,0.128401,11.8896,19.8232,30.0285
0.0629289,0.0153835,0.0911966,16.3661,19.2347,30.0285
0.0663566,0.0444179,0.121583,12.9414,19.9499,30.0293
0.0687537,0.0128642,0.129913,10.0833,19.9493,30.0309
0.0627654,0.0232317,0.104955,16.7874,19.5034,30.0329
0.0655253,0.0287069,0.120353,13.9093,19.204,30.0337
0.0674392,0.0212896,0.127631,11.6321,19.6247,30.0343
0.0663912,0.0431595,0.117404,12.5241,19.3922,30.0376
0.0664993,0.0324386,0.123994,12.4334,19.835,30.0386
0.0663499,0.0318692,0.119272,12.332,19.9456,30.04
0.064804,0.0128647,0.0973296,14.9639,19.3447,30.0435
0.0627991,0.0217254,0.0938323,16.4039,19.2574,30.0487
0.0685488,0.0313161,0.127594,10.4363,19.1959,30.049
0.0674844,0.00873152,0.129052,11.1952,19.4403,30.0515
0.0653884,0.0260798,0.112003,13.158,19.8979,30.0518
0.0699441,0.00885547,0.122612,9.45315,19.419,30.052
0.0665758,0.0303244,0.110217,12.6971,19.4181,30.0521
0.0685559,0.01485,0.135704,10.4442,19.0567,30.0522
0.0674891,0.0311024,0.131529,11.8107,19.8263,30.0531
0.0638183,0.02108,0.0982801,15.4384,19.5007,30.0546
0.0647152,0.0255548,0.101554,14.9606,19.0129,30.0564
0.0676375,0.0270619,0.114267,11.0471,19.515,30.0568
0.0635534,0.0300001,0.104844,15.6366,19.6466,30.0573
0.0699691,0.0053895,0.126217,9.98524,19.4238,30.0581
0.0627156,0.028122,0.10108,16.9458,19.691,30.0589
0.064536,0.0343438,0.11444,14.6774,19.3323,30.0653
0.0636449,0.0239575,0.113358,15.5084,19.1697,30.0669
0.0637336,0.0273489,0.103878,15.2568,19.6857,30.0675
0.066413,0.0365218,0.123158,12.0911,19.1347,30.0686
0.0685724,0.024297,0.136539,10.1099,19.3883,30.0688
0.0697158,0.0154968,0.13921,9.70127,19.6626,30.0689
0.0619705,0.0203581,0.100064,17.929,19.1729,30.0689
0.0627693,0.0114617,0.103518,16.3019,19.9392,30.0705
0.0621605,0.00824393,0.0880322,17.7321,19.0121,30.0708
0.0665585,0.0271661,0.121784,12.4476,19.5414,30.071
0.0628546,0.0132222,0.106976,16.8143,19.745,30.0723
0.0628309,0.0125532,0.0922044,16.0525,19.7935,30.0739
0.0656932,0.0183204,0.101573,13.2119,19.0223,30.0742
0.0645458,0.00761408,0.116268,14.1707,19.7078,30.0745
0.0637798,0.0269989,0.097899,15.6204,19.4403,30.0754
0.0629542,0.0165768,0.0918007,16.3425,19.1075,30.0755
0.0688568,0.00514754,0.126997,10.8037,19.3271,30.0759
0.0685086,0.0260331,0.134678,10.1315,19.6224,30.0783
0.0645915,0.0320018,0.10187,14.9016,19.6691,30.0786
0.0708932,0.00421186,0.149072,8.11983,19.4315,30.0793
0.0696908,0.0172393,0.13863,9.64267,19.321,30.0847
0.0635506,0.0312427,0.106522,15.2782,19.0178,30.0847
0.062753,0.00904267,0.0959354,16.3237,19.9576,30.0857
0.0639416,0.00293122,0.0913294,15.0759,19.1939,30.0863
0.0664637,0.0330118,0.126745,12.5604,19.8035,30.0899
0.0663055,0.0493519,0.122252,12.5465,19.4713,30.0917
0.0654004,0.0299219,0.117946,13.8041,19.7051,30.0917
0.0697736,0.0166462,0.137049,9.2021,19.4352,30.0921
0.067722,0.0171542,0.116057,11.7188,19.4614,30.0928
0.0708953,0.00977365,0.134389,8.35572,19.6734,30.093
0.0668664,0.00318131,0.103886,12.8016,19.7594,30.0947
0.0653685,0.0452319,0.117303,13.9361,19.6806,30.0956
0.0656917,0.0219706,0.107187,13.6277,19.3539,30.0975
0.064432,0.0415458,0.111107,14.5079,19.7983,30.0982
0.0676613,0.0275928,0.115358,11.7238,19.736,30.099
0.0619214,0.0256962,0.099175,17.5357,19.0622,30.0992
0.0664217,0.0112931,0.113074,12.0577,19.4129,30.1024
0.0620754,0.0163609,0.0930188,17.4474,19.0136,30.1032
0.0688736,0.00652324,0.119857,10.4378,19.305,30.1046
0.0654656,0.0266387,0.123242,13.6276,19.3576,30.1054
0.0636368,0.0328036,0.110874,15.4623,19.3228,30.1082
0.0685375,0.0327412,0.128322,10.8164,19.5275,30.1084
0.0627234,0.0173522,0.101227,16.388,19.9092,30.1086
0.0685255,0.036732,0.127146,10.1033,19.0063,30.1091
0.0699573,0.00450935,0.119864,9.36905,19.3467,30.1097
0.0656949,0.00968757,0.116209,13.739,19.8844,30.1099
0.0655108,0.0363268,0.116445,13.8426,19.1553,30.1104
0.0648346,0.00422345,0.108553,14.9092,19.1742,30.1108
0.0697706,0.0173499,0.139344,9.92991,19.0938,30.1111
0.0687207,0.0235731,0.119088,10.4476,19.0089,30.1119
0.0628091,0.0261405,0.10469,16.3335,19.4025,30.112
0.0665226,0.0306704,0.124854,12.9937,19.8219,30.1142
0.0653355,0.0500497,0.112409,13.6773,19.5282,30.1152
0.0663496,0.0285857,0.117849,12.1336,19.7989,30.1154
0.0619273,0.0141461,0.0987392,17.1928,19.7649,30.117
0.0663816,0.0223715,0.115121,12.6212,19.4672,30.1178
0.0635807,0.0436026,0.106193,15.4445,19.9731,30.1183
0.0665868,0.0305787,0.109498,12.4222,19.9989,30.1187
0.0687593,0.0217377,0.118801,10.4649,19.7116,30.1188
0.066389,0.0355732,0.124151,12.7613,19.4485,30.1195
0.0722265,0.00605113,0.142655,7.19654,19.5628,30.121
0.0645549,0.031799,0.117046,14.2529,19.746,30.1224
0.0685617,0.0391677,0.124936,10.6442,19.3739,30.124
0.064424,0.041324,0.112089,14.1752,19.5934,30.1243
0.0646319,0.0353531,0.105629,14.2029,19.5679,30.1244
0.0685674,0.0176027,0.120308,10.3403,19.2336,30.126
0.067527,0.034968,0.122236,11.3583,19.8941,30.1269
0.0666634,0.0236549,0.111708,12.1247,19.8261,30.1312
0.0657908,0.00475445,0.0971517,13.125,19.4865,30.1323
0.0697553,0.0176089,0.140248,9.80938,19.9788,30.1335
0.0684865,0.0158534,0.130574,10.3824,19.7072,30.1337
0.0654805,0.0252727,0.103426,13.4899,19.9573,30.1361
0.0708087,0.0103251,0.142239,8.21971,19.3509,30.1369
0.0686332,0.0314338,0.126026,10.1523,19.0125,30.137
0.0620892,0.00475612,0.0866954,17.0825,19.0454,30.1375
0.0688551,0.00376614,0.112784,10.1967,19.6602,30.1376
0.0612779,0.00906121,0.0908533,18.0397,19.698,30.138
0.0709085,0.0198791,0.135964,8.88744,19.3746,30.14
0.0636016,0.0326887,0.112185,15.1598,19.3766,30.1454
0.0654032,0.0481401,0.116263,13.1213,19.066,30.1463
0.0647566,0.0155089,0.107205,14.7907,19.3271,30.1487
0.0696978,0.0311027,0.130263,9.63629,19.7223,30.1491
0.0635328,0.0336118,0.106346,15.556,19.2852,30.1502
0.0708125,0.0146342,0.142799,8.56154,19.3474,30.1503
0.0655872,0.0289871,0.113837,13.0119,19.9784,30.1528
0.0698817,0.0126509,0.134178,9.34297,19.8908,30.1535
0.0675957,0.00289284,0.108047,11.6649,19.8855,30.1545
0.0647396,0.0225641,0.0985725,14.0822,19.5372,30.1551
0.0626798,0.0286397,0.100993,16.2031,19.796,30.1563
0.0638987,0.0141878,0.0969866,15.4525,19.3565,30.1564
0.0645532,0.0422409,0.109056,14.3252,19.7461,30.1567
0.0654084,0.0331187,0.119886,13.2801,19.46,30.1572
0.066539,0.030715,0.123405,12.6197,19.1899,30.1577
0.0708692,0.013085,0.135349,8.06397,19.6604,30.1586
0.0688147,0.0101676,0.114553,10.3055,19.5558,30.167
0.0673715,0.0448745,0.124047,11.6101,19.3379,30.1684
0.0722135,0.00729261,0.139184,7.37027,19.7107,30.1686
0.0686322,0.0256674,0.120535,10.2313,19.9644,30.1694
0.0636272,0.0352695,0.111262,15.1371,19.7477,30.1696
0.0654287,0.0372381,0.121444,13.4763,19.0774,30.1699
0.0699791,0.00699174,0.120646,9.78447,19.9859,30.172
0.0637273,0.0178537,0.0939383,15.3808,19.0785,30.1733
0.068453,0.0245778,0.12664,10.715,19.0273,30.1738
0.0686191,0.0294374,0.128281,10.1261,19.0052,30.174
0.0627465,0.0251601,0.107568,16.6707,19.1489,30.1742
0.0663555,0.0486392,0.118109,12.7681,19.5678,30.1743
0.0697456,0.0116682,0.143119,9.64339,19.7903,30.1746
0.0654496,0.0192605,0.105417,13.8186,19.2284,30.1754
0.0662997,0.0451028,0.123366,12.7659,19.0679,30.1762
0.0645487,0.0443959,0.106128,14.7901,19.5161,30.177
0.0686592,0.0211288,0.118961,10.5072,19.0276,30.1772
0.0675406,0.0373704,0.116851,11.498,19.3014,30.1781
0.0685506,0.00371,0.121762,10.1434,19.7298,30.1788
0.0621193,0.0160693,0.0890778,17.4648,19.1079,30.179
0.0619914,0.028095,0.093603,17.9459,19.3875,30.1812
0.0688455,0.0086725,0.114426,10.8021,19.3238,30.1812
0.0643943,0.0480366,0.108835,14.1524,19.5579,30.1816
0.0685732,0.0057375,0.118266,10.7335,19.7659,30.1825
0.0674991,0.0341915,0.127922,11.108,19.6575,30.1832
0.0663777,0.048211,0.118477,12.365,19.0074,30.1847
0.0708195,0.0138754,0.144716,8.37266,19.5576,30.1848
0.0696501,0.0128474,0.127558,9.48661,19.3557,30.1864
0.061177,0.0162308,0.0959974,18.2739,19.0424,30.1865
0.0685132,0.0191546,0.12125,10.7758,19.2129,30.1869
0.0620372,0.00737715,0.102638,17.1666,19.0932,30.188
0.0663987,0.0235662,0.111619,12.9757,19.1034,30.1885
0.0697911,0.00531717,0.122414,9.55658,19.1566,30.1891
0.0645998,0.0313935,0.114303,14.7389,19.1992,30.1896
0.0654997,0.0242283,0.123677,13.4678,19.2732,30.1897
0.0653623,0.0310886,0.117637,13.8838,19.4634,30.1901
0.0644477,0.0505325,0.112057,14.8791,19.398,30.1917
0.0629304,0.018135,0.0908065,16.4431,19.0526,30.1921
0.0697723,0.0197149,0.125617,9.55344,19.5839,30.1931
0.0697312,0.0245507,0.134364,9.4524,19.2867,30.1931
0.0645103,0.0405707,0.114696,14.4556,19.5786,30.194
0.0687887,0.0141706,0.12899,10.5118,19.1628,30.1943
0.0664066,0.00516284,0.114711,12.4713,19.169,30.1944
0.0644354,0.0512234,0.111945,14.9872,19.6323,30.1947
0.0667388,0.0125706,0.104146,12.1447,19.9024,30.1955
0.0653358,0.0387123,0.114914,13.8168,19.8104,30.1974
0.0647514,0.00467368,0.112829,14.3199,19.5808,30.198
0.0709172,0.015618,0.139326,8.00818,19.7288,30.1981
0.0696021,0.0324445,0.134008,9.2495,19.9084,30.1987
0.0673963,0.0447908,0.123441,11.4913,19.7223,30.199
0.063816,0.00403688,0.0909213,15.0022,19.7654,30.1991
0.0676644,0.0186449,0.126208,11.7913,19.4955,30.1993
0.0664823,0.0451074,0.114229,12.4989,19.4973,30.1994
0.06122,0.0181716,0.0882513,18.2247,19.4098,30.2021
0.0686145,0.0125724,0.117448,10.3259,19.7197,30.2069
0.0664739,0.0346496,0.127026,12.6258,19.9621,30.2073
0.0629304,0.0246698,0.0937323,16.5912,19.6206,30.2084
0.0638807,0.0108495,0.103036,15.8836,19.2018,30.2086
0.0646296,0.00891655,0.117967,14.1065,19.1196,30.209
0.0663869,0.0491531,0.119126,12.889,19.3736,30.2092
0.0635343,0.0480448,0.107904,15.0043,19.1757,30.2106
0.0620079,0.0225061,0.0895128,17.2649,19.3534,30.2109
0.0664627,0.00975701,0.108422,12.05,19.1322,30.2121
0.0675634,0.0300859,0.128405,11.8088,19.505,30.2135
0.0637547,0.0315933,0.0975408,15.9718,19.2086,30.2141
0.0687014,0.0164118,0.133905,10.7193,19.7075,30.2148
0.0709377,0.0209218,0.133572,8.5571,19.602,30.2175
0.0709589,0.0137469,0.143609,8.17663,19.2185,30.2189
0.0709296,0.0164188,0.140157,8.95099,19.8455,30.2192
0.0674479,0.0288089,0.116124,11.8844,19.7896,30.221
0.0662675,0.0557422,0.121475,12.8678,19.6861,30.2219
0.0628903,0.017794,0.102997,16.9051,19.7272,30.2232
0.0628132,0.0249773,0.10767,16.1954,19.5525,30.2233
0.0684727,0.0178804,0.125963,10.987,19.5189,30.2236
0.0677831,0.0116118,0.115922,11.9938,19.3009,30.225
0.0648463,0.00876001,0.106227,14.0019,19.4614,30.2253
0.0630202,0.00452944,0.0976931,16.8507,19.8334,30.2257
0.0620219,0.0292456,0.0914573,17.4316,19.8226,30.2276
0.0647985,0.0110545,0.109652,14.583,19.8188,30.2295
0.0663804,0.0185515,0.114526,12.375,19.0132,30.2298
0.0685729,0.0290445,0.136337,10.0342,19.8344,30.2301
0.0709483,0.00745105,0.130925,8.35724,19.3601,30.2305
0.0709411,0.0135766,0.142772,8.87934,19.4105,30.2312
0.0611779,0.0217491,0.0901711,18.6179,19.6604,30.2323
0.0644896,0.0439467,0.104464,14.2029,19.7405,30.233
0.0711427,0.00364737,0.134805,8.09215,19.1508,30.2335
0.0666482,0.0244716,0.114884,12.7706,19.9541,30.2338
0.0697979,0.015802,0.139936,9.10893,19.8089,30.2338
0.0664669,0.0426537,0.113067,12.8164,19.6612,30.2339
0.0636974,0.0165895,0.113448,15.1631,19.0144,30.2351
0.0709411,0.0155981,0.141859,8.29934,19.0093,30.2354
0.0626882,0.0219916,0.100358,16.4897,19.1143,30.2355
0.0695367,0.0270846,0.13621,9.95209,19.4457,30.2357
0.06792,0.00372113,0.10952,11.9729,19.4012,30.2363
0.0635926,0.00527656,0.107063,15.3111,19.7358,30.2374
0.062759,0.0341506,0.106336,16.6289,19.4369,30.2383
0.0611834,0.0115185,0.0987656,18.8129,19.2408,30.2391
0.0676163,0.0342916,0.115555,11.5463,19.638,30.2394
0.0684235,0.0291938,0.132193,10.8578,19.0701,30.2395
0.0710256,0.0100699,0.12845,8.4672,19.3958,30.2397
0.068792,0.018912,0.120879,10.6223,19.7923,30.2398
0.0673757,0.0350454,0.130125,11.7936,19.9953,30.2402
0.0699785,0.00988226,0.122241,9.67816,19.0187,30.2404
0.068528,0.0312847,0.132621,10.3085,19.8967,30.2421
0.0612092,0.01804,0.0873849,18.4227,19.7107,30.2433
0.0644078,0.052721,0.107259,14.0509,19.4221,30.2435
0.0663625,0.0148585,0.116978,12.2108,19.3291,30.2463
0.0695663,0.0292042,0.139198,9.58714,19.9209,30.2478
0.0685499,0.0240981,0.121608,10.8847,19.5107,30.2492
0.0685707,0.0300186,0.132642,10.0989,19.1822,30.2525
0.0656964,0.0188444,0.114611,13.2466,19.1896,30.2531
0.0636068,0.0457121,0.107232,15.4321,19.9531,30.2531
0.0685623,0.00414753,0.136643,10.3649,19.5308,30.2535
0.0645571,0.00766769,0.118239,14.3965,19.3855,30.2549
0.0665539,0.0365141,0.115931,12.4847,19.2502,30.2551
0.063589,0.0432711,0.109692,15.6486,19.3986,30.2568
0.066424,0.0340461,0.110811,12.0164,19.4244,30.2603
0.0663951,0.0205719,0.125833,12.9023,19.4632,30.2608
0.0678804,0.00783076,0.110488,11.9361,19.4027,30.2644
0.0635666,0.0367591,0.113873,15.0624,19.7835,30.2652
0.0666155,0.0301296,0.108158,12.3218,19.9537,30.2656
0.0673881,0.0380812,0.131759,11.7052,19.9865,30.2659
0.0644328,0.0202249,0.109246,14.842,19.8242,30.2669
0.0644741,0.0243179,0.117198,14.4522,19.5219,30.2696
0.0619915,0.0245581,0.0896117,17.5066,19.1055,30.2699
0.0665473,0.0325244,0.120542,12.7872,19.9609,30.2709
0.0723185,0.00432679,0.136655,7.60726,19.3398,30.2719
0.0686994,0.0145387,0.115874,10.2234,19.4336,30.2726
0.0654185,0.0473581,0.119422,13.919,19.819,30.2732
0.0684613,0.0300359,0.136421,10.8891,19.0522,30.2745
0.0657669,0.0175525,0.104455,13.0628,19.8821,30.2762
0.0653519,0.0354353,0.118954,13.2516,19.7023,30.2763
0.0697239,0.0137147,0.125261,9.53431,19.4626,30.2767
0.0648697,0.00405557,0.0924579,14.698,19.8987,30.277
0.0687068,0.0245464,0.126835,10.1178,19.0178,30.2777
0.0721366,0.00293775,0.152054,7.27018,19.6875,30.2785
0.060442,0.00450019,0.0923755,19.7301,19.1055,30.2801
0.0626654,0.0431684,0.101604,16.937,19.4611,30.2811
0.0708573,0.0078557,0.13298,8.44841,19.6939,30.2828
0.0626942,0.0425198,0.104644,16.2873,19.1122,30.286
0.0627324,0.0231977,0.107159,16.4927,19.5936,30.2872
0.0635895,0.0221838,0.112203,15.9112,19.5548,30.2874
0.0618881,0.0356875,0.0934686,17.0841,19.1713,30.2879
0.0626523,0.0339946,0.100119,16.8244,19.9747,30.288
0.068752,0.0273355,0.119868,10.64,19.589,30.291
0.0698027,0.0184046,0.12325,9.64331,19.2833,30.2912
0.0708022,0.0161867,0.146063,8.82367,19.4466,30.2916
0.0663481,0.0162076,0.118771,12.2732,19.7871,30.293
0.067772,0.0158698,0.114716,11.9152,19.2721,30.2932
0.0663635,0.0523787,0.11934,12.9341,19.3209,30.2932
0.0698441,0.0195543,0.132511,9.40874,19.6135,30.2943
0.0708057,0.00336737,0.137428,8.1001,19.3395,30.2944
0.0662472,0.0534085,0.121411,12.9009,19.8374,30.2945
0.0626946,0.0467334,0.0986799,16.1827,19.6784,30.2946
0.0675624,0.0210917,0.112239,11.7492,19.293,30.2947
0.0627261,0.00824305,0.103964,16.2416,19.7603,30.2966
0.0665364,0.0240697,0.106973,12.7825,19.0841,30.2967
0.0627215,0.0485839,0.0986604,16.4121,19.0833,30.2976
0.0695415,0.0240344,0.137606,9.43305,19.5877,30.2977
0.06193,0.0375327,0.0942656,17.7596,19.298,30.2981
0.0685261,0.0147012,0.137141,10.7251,19.0769,30.2983
0.0695564,0.0297635,0.139704,9.81811,19.7667,30.2987
0.0676002,0.0230519,0.129848,11.2738,19.0236,30.2987
0.0656231,0.0347469,0.104912,13.9885,19.571,30.2988
0.0653214,0.0494911,0.119554,13.1714,19.1178,30.2998
0.068868,0.00900952,0.126136,10.206,19.6366,30.2999
0.0638709,0.0157343,0.100724,15.4861,19.7381,30.3004
0.0707994,0.0199737,0.143535,8.38804,19.3023,30.3009
0.063823,0.0262505,0.098597,15.5185,19.5149,30.3015
0.0646467,0.023971,0.097159,14.844,19.5858,30.302
0.0634918,0.0452606,0.106835,15.4242,19.5915,30.3022
0.0664357,0.025611,0.10779,12.8516,19.6861,30.3032
0.06643,0.0499839,0.114795,12.4847,19.1154,30.3048
0.0658403,0.00596957,0.108747,13.5159,19.6805,30.3051
0.0613381,0.0103683,0.0853664,18.9629,19.6971,30.3055
0.0654269,0.0383439,0.124498,13.1483,19.8365,30.3063
0.0626797,0.04649,0.103783,16.8247,19.6047,30.3063
0.060369,0.0140236,0.0872265,19.7029,19.3929,30.3067
0.0721384,0.00391834,0.150731,7.79663,19.865,30.3073
0.0723115,0.00524338,0.140723,7.51007,19.164,30.3079
0.0678158,0.0091076,0.116994,11.1815,19.6583,30.3101
0.0644307,0.0412056,0.116351,14.9561,19.6459,30.3108
0.0653861,0.0352694,0.12193,13.0522,19.0493,30.3109
0.0685015,0.0488589,0.127798,10.2003,19.0545,30.3117
0.068531,0.0253474,0.121577,10.7481,19.787,30.3124
0.0721024,0.0096945,0.145859,7.719,19.3711,30.3148
0.065445,0.0450397,0.12209,13.9728,19.8003,30.3149
0.0653455,0.0345671,0.118931,13.0272,19.9089,30.3153
0.0697311,0.02236,0.141698,9.05564,19.1809,30.3158
0.067585,0.0248798,0.112285,11.0989,19.5134,30.316
0.0696701,0.0196594,0.14521,9.90673,19.1028,30.3172
0.0653702,0.0187002,0.111074,13.2625,19.6519,30.3181
0.0686543,0.0212853,0.136176,10.0381,19.2969,30.3187
0.0721957,0.00790714,0.151598,7.63153,19.6472,30.3225
0.0665176,0.032911,0.108995,12.0424,19.5833,30.323
0.0627368,0.0227531,0.108977,16.4455,19.7071,30.3236
0.0676919,0.00768416,0.106723,11.9355,19.0481,30.325
0.0654266,0.0339151,0.104692,13.2979,19.5875,30.3251
0.0685464,0.0379457,0.129855,10.7253,19.4567,30.3263
0.0678068,0.00680827,0.121946,11.8095,19.4089,30.3272
0.0627388,0.0195402,0.108263,16.176,19.9412,30.3274
0.0626477,0.0395643,0.102936,16.8126,19.771,30.3278
0.0654454,0.0528271,0.113601,13.4042,19.2565,30.3293
0.0662955,0.038246,0.118893,12.0325,19.2079,30.3298
0.0673256,0.0385817,0.128612,11.8784,19.07,30.3301
0.0612234,0.00739381,0.0852202,18.0072,19.8363,30.3307
0.0686777,0.0244767,0.117619,10.8926,19.4597,30.3312
0.0697407,0.0332035,0.13182,9.46975,19.1359,30.3315
0.0645343,0.00573511,0.11852,14.4681,19.9893,30.3316
0.0708454,0.0156676,0.146188,8.94228,19.7634,30.3326
0.0707972,0.0108018,0.13632,8.82157,19.6747,30.3345
0.0637747,0.0262859,0.104955,15.5123,19.3991,30.3356
0.0708168,0.014928,0.149253,8.54063,19.7372,30.3358
0.0626415,0.045509,0.0987174,16.6945,19.4986,30.3363
0.0663776,0.0531161,0.120279,12.4028,19.0119,30.3381
0.0675004,0.0410143,0.124285,11.2861,19.7437,30.3397
0.0696123,0.0260748,0.142864,9.71492,19.5599,30.3414
0.0653068,0.0434226,0.113615,13.8344,19.0639,30.3416
0.0696312,0.0249881,0.143365,9.5926,19.8094,30.3422
0.0644996,0.00642626,0.114173,14.9501,19.5376,30.3422
0.0686619,0.037832,0.121906,10.5468,19.0776,30.3426
0.067368,0.0224785,0.127231,11.5979,19.442,30.3439
0.0645593,0.0483119,0.105821,14.6405,19.8658,30.3443
0.0686992,0.019744,0.1158,10.6544,19.6398,30.3444
0.0662346,0.0565724,0.122913,12.8341,19.8885,30.3446
0.0696832,0.0238752,0.142298,9.12026,19.9568,30.3468
0.066226,0.0609486,0.123522,12.1881,19.7652,30.3471
0.0611694,0.017044,0.099502,18.6332,19.2861,30.3475
0.0709132,0.0244544,0.140948,8.91162,19.9127,30.3486
0.066346,0.0478157,0.126228,12.8558,19.5661,30.3487
0.0629071,0.0211354,0.100565,16.1475,19.9097,30.3491
0.0654005,0.025759,0.124086,13.0283,19.6488,30.3493
0.0685676,0.0248183,0.139592,10.1771,19.0855,30.3508
0.0677305,0.00624342,0.105467,11.5322,19.2243,30.3512
0.0675746,0.0227663,0.111869,11.8685,19.3261,30.3518
0.0721226,0.0160665,0.14431,7.06171,19.6513,30.3525
0.0635149,0.0550852,0.102929,15.8324,19.8713,30.353
0.0697473,0.0115903,0.144533,9.50302,19.3247,30.3578
0.0697242,0.0305184,0.135617,9.94826,19.2431,30.3591
0.0684826,0.034589,0.137117,10.8038,19.2697,30.3593
0.068581,0.0219728,0.139681,10.4089,19.1832,30.3595
0.0676447,0.0285072,0.120026,11.271,19.3096,30.3606
0.0665409,0.0352028,0.120446,12.0553,19.9891,30.3612
0.0655151,0.0414562,0.115504,13.8745,19.3966,30.3614
0.0674887,0.0192724,0.111434,11.7694,19.5285,30.3617
0.0685447,0.00583166,0.137637,10.4629,19.5402,30.3626
0.0663054,0.0568564,0.121774,12.356,19.3619,30.3628
0.0610914,0.0282803,0.0927024,18.4104,19.4421,30.3632
0.0634942,0.0540936,0.109958,15.4741,19.9615,30.3633
0.0653238,0.0319392,0.114185,13.6086,19.0546,30.3636
0.067407,0.0443656,0.127499,11.7719,19.4206,30.3636
0.0664171,0.0352924,0.110224,12.9686,19.2024,30.3646
0.0684339,0.0452734,0.12874,10.5295,19.6087,30.3647
0.0655598,0.0283895,0.120741,13.3076,19.7669,30.3652
0.067447,0.0412215,0.129485,11.6323,19.9498,30.3652
0.0696633,0.00929285,0.143336,9.6368,19.7626,30.3677
0.0648998,0.00796935,0.0955575,14.2907,19.9097,30.3687
0.0685326,0.0339531,0.123446,10.1357,19.8284,30.3693
0.0611365,0.0139167,0.100395,18.1944,19.3637,30.3696
0.0662891,0.0403088,0.123391,12.8392,19.3415,30.3701
0.0645413,0.0499847,0.105288,14.1307,19.8528,30.3706
0.0605282,0.00402253,0.085971,19.912,19.303,30.3711
0.0611186,0.0302431,0.0972403,18.0035,19.9972,30.3722
0.0654902,0.0236017,0.102135,13.6436,19.4023,30.3728
0.0676223,0.0297699,0.122831,11.6004,19.323,30.3735
0.0635146,0.0529911,0.102061,15.6998,19.1549,30.3738
0.0685132,0.0104306,0.121657,10.1532,19.3345,30.374
0.0628945,0.0299987,0.0981309,16.2004,19.3801,30.3746
0.0687602,0.0070823,0.112105,10.3994,19.6402,30.3774
0.0637695,0.030012,0.102961,15.1446,19.8294,30.3785
0.0627645,0.0419869,0.102923,16.1357,19.1115,30.3787
0.061959,0.00729742,0.0897245,17.8924,19.4727,30.3794
0.0708904,0.0239862,0.141451,8.62498,19.5544,30.3795
0.0684922,0.0521452,0.127412,10.8077,19.375,30.3796
0.0664694,0.0429627,0.122125,12.9334,19.2501,30.3805
0.0665876,0.0345985,0.115901,12.1488,19.2848,30.3807
0.0711643,0.00518093,0.136369,8.42167,19.9012,30.3809
0.0709052,0.0207517,0.143167,8.38554,19.3398,30.3809
0.0685302,0.0356934,0.13274,10.2504,19.3339,30.382
0.0697939,0.0180375,0.122719,9.7797,19.4889,30.3828
0.0666968,0.010577,0.100985,12.5566,19.1777,30.3832
0.0647213,0.0295766,0.0990204,14.852,19.1709,30.3852
0.0619827,0.0150701,0.0888258,17.5447,19.7395,30.3857
0.067386,0.0110734,0.122015,11.8331,19.3479,30.3863
0.0663536,0.0308695,0.126514,12.7414,19.3987,30.387
0.0647085,0.00596827,0.1156,14.4039,19.7721,30.389
0.0663241,0.048399,0.115175,12.6485,19.2444,30.3896
0.0656637,0.0254995,0.100601,13.454,19.3767,30.3902
0.0662109,0.0621842,0.122863,12.7357,19.6012,30.392
0.0697213,0.00987117,0.122536,9.28438,19.8498,30.3921
0.0676119,0.0240174,0.129262,11.3323,19.3943,30.3922
0.0672755,0.0488943,0.12961,11.5781,19.8985,30.3923
0.0684473,0.0394156,0.134482,10.1716,19.4319,30.3927
0.0664505,0.0432274,0.126931,12.4869,19.8245,30.3931
0.062682,0.0514911,0.0984952,16.6767,19.0128,30.3942
0.0629767,0.0146772,0.0989186,16.6981,19.1505,30.3944
0.0697409,0.00310879,0.144801,9.15203,19.0861,30.3952
0.0663301,0.0371357,0.126218,12.2546,19.8555,30.3961
0.0687588,0.0136921,0.132295,10.5704,19.3863,30.3978
0.0649427,0.00489477,0.0971812,14.1351,19.555,30.3991
0.0684866,0.0394438,0.132155,10.3227,19.4186,30.3992
0.0686881,0.0337537,0.120186,10.1744,19.4712,30.3994
0.0644581,0.056338,0.11246,14.0316,19.9158,30.4007
0.067531,0.0398641,0.124378,11.7019,19.9738,30.4013
0.0653648,0.0472627,0.108098,13.6927,19.1693,30.402
0.0666698,0.0250757,0.114345,12.5098,19.5376,30.4032
0.0708293,0.0166278,0.150089,8.057,19.9546,30.4038
0.065418,0.0289766,0.125482,13.5146,19.6509,30.4045
0.060444,0.00937686,0.0831914,19.5385,19.4557,30.4047
0.0636876,0.0367281,0.096694,15.1877,19.1127,30.4048
0.0654972,0.0447046,0.106556,13.1675,19.4184,30.4059
0.0636794,0.0370046,0.108438,15.3702,19.6923,30.4065
0.06584,0.00786009,0.106172,13.0932,19.1502,30.4075
0.0688735,0.00466861,0.1109,10.4585,19.1978,30.4079
0.0620522,0.0291652,0.0899674,17.5211,19.9463,30.4106
0.0673681,0.0355946,0.13303,11.3629,19.7509,30.4107
0.0653736,0.0414743,0.106423,13.6601,19.5705,30.4113
0.0634941,0.0337145,0.103511,15.8695,19.9868,30.4114
0.0610775,0.0327036,0.091169,18.0442,19.689,30.4132
0.0686068,0.0335861,0.13446,10.4737,19.547,30.4137
0.0610959,0.0138588,0.0928138,18.9817,19.3612,30.4148
0.0658825,0.00383682,0.107027,13.987,19.2741,30.4153
0.0684452,0.0254566,0.134435,10.3824,19.7108,30.4163
0.0657726,0.0190239,0.101208,13.4241,19.0275,30.417
0.0618555,0.0466885,0.0954882,17.0936,19.7056,30.4179
0.0662737,0.0515085,0.116355,12.6291,19.5054,30.4186
0.0653531,0.0508256,0.122184,13.8145,19.5806,30.4188
0.0666206,0.0362788,0.111598,12.9826,19.2777,30.4188
0.0708262,0.0240618,0.141845,8.33749,19.1374,30.4193
0.0635222,0.0248086,0.109729,15.4827,19.1307,30.4196
0.0675104,0.0182105,0.110665,11.2292,19.2388,30.421
0.0677684,0.0230776,0.111576,11.2004,19.5911,30.422
0.0685855,0.0360527,0.131753,10.2628,19.8958,30.4223
0.0635722,0.0485549,0.111035,15.5265,19.5064,30.4233
0.0683407,0.0492808,0.134782,10.7055,19.2228,30.4237
0.0696384,0.0453699,0.133069,9.24284,19.4168,30.4255
0.0696374,0.00863553,0.126618,9.07357,19.4755,30.426
0.0676066,0.0189207,0.109581,11.3563,19.1469,30.4261
0.0707528,0.00789906,0.141045,8.68926,19.2459,30.428
0.0628197,0.0382299,0.10125,16.4804,19.65,30.428
0.0709694,0.00567399,0.127658,8.52303,19.6753,30.4283
0.0646144,0.0226102,0.117729,14.5144,19.7449,30.4287
0.07211,0.0193332,0.142743,7.84486,19.9148,30.4303
0.0652893,0.0444749,0.116164,13.9358,19.4232,30.4305
0.0673498,0.0458754,0.120685,11.8606,19.6478,30.4334
0.0665892,0.0372895,0.109313,12.0033,19.4703,30.4348
0.066256,0.0600312,0.119597,12.4673,19.6114,30.4356
0.0686632,0.00573322,0.139013,10.922,19.6311,30.4357
0.0620564,0.0205254,0.0969396,17.5082,19.2173,30.4376
0.0676879,0.018017,0.108221,11.2241,19.9994,30.4379
0.0663336,0.0217418,0.116238,12.4247,19.1861,30.4388
0.0636032,0.00665879,0.0987349,15.7762,19.3126,30.4389
0.0635637,0.0574873,0.105524,15.222,19.5209,30.4393
0.0689591,0.00287973,0.12342,10.6397,19.8939,30.4404
0.0629404,0.0175365,0.101804,16.2116,19.5421,30.4409
0.069516,0.0389336,0.139292,9.26546,19.1284,30.4421
0.0688215,0.0160882,0.127471,10.7788,19.5297,30.4436
0.0619613,0.0407661,0.0946382,17.6384,19.4373,30.4439
0.0675121,0.043737,0.116342,11.547,19.0974,30.444
0.0612489,0.00458847,0.0989974,18.8483,19.6274,30.4447
0.0619125,0.0213567,0.105741,17.0563,19.4691,30.4449
0.0677224,0.0199082,0.123895,11.808,19.4661,30.4452
0.0612757,0.00945472,0.0962827,18.1401,19.4256,30.446
0.0610932,0.016847,0.0949944,18.1373,19.9147,30.4468
0.0611947,0.0276065,0.0908798,18.0992,19.4109,30.4468
0.0697012,0.0202873,0.144568,9.9547,19.2558,30.4468
0.0735487,0.00343353,0.146735,6.6606,19.3979,30.4472
0.0657364,0.011894,0.0960672,13.4693,19.5975,30.4479
0.0653684,0.0338485,0.107798,13.7292,19.2201,30.4481
0.0610541,0.0318138,0.0934337,18.6405,19.1993,30.4483
0.0635086,0.0236839,0.104693,15.5455,19.6714,30.4494
0.0644962,0.014812,0.119533,14.3604,19.9959,30.4509
0.0708487,0.0349768,0.137897,8.35288,19.3283,30.4512
0.0677873,0.0146856,0.119098,11.1898,19.5733,30.4522
0.0707285,0.0284059,0.14323,8.12451,19.5003,30.4527
0.0664485,0.015715,0.107434,12.0755,19.8766,30.4549
0.0686135,0.00502969,0.11365,10.8399,19.0794,30.4576
0.0645569,0.0479477,0.103053,14.8193,19.0453,30.4576
0.0674122,0.0188704,0.13305,11.8261,19.4056,30.4579
0.064431,0.0534244,0.117572,14.0758,19.5507,30.4588
0.063759,0.0313119,0.105019,15.4694,19.8306,30.4594
0.0709377,0.0197331,0.130871,8.43737,19.9519,30.4596
0.0675862,0.0412576,0.118497,11.731,19.4457,30.4605
0.0611167,0.035509,0.090061,18.6291,19.6042,30.4625
0.0653565,0.0461579,0.124969,13.957,19.7998,30.4631
0.0668639,0.00749072,0.11215,12.657,19.0035,30.4665
0.0627156,0.0161361,0.0956534,16.7923,19.606,30.4666
0.0634612,0.0437167,0.105921,15.3354,19.4232,30.469
0.0610619,0.030135,0.0956617,18.6231,19.3288,30.4747
0.0644383,0.0432637,0.120948,14.9458,19.1768,30.4755
0.071037,0.0129578,0.143521,8.25402,19.0844,30.4762
0.0604603,0.0167094,0.0838972,19.0455,19.6458,30.4764
0.0619963,0.021845,0.104233,17.8386,19.1127,30.4775
0.0610857,0.01765,0.0948632,18.4042,19.3185,30.4784
0.0666042,0.00997841,0.126727,12.0351,19.5066,30.4792
0.0630563,0.00901419,0.098885,16.1433,19.7369,30.4798
0.0696477,0.0317267,0.138525,9.78207,19.6803,30.4799
0.0688194,0.0220801,0.119779,10.3128,19.6975,30.4799
0.0620032,0.0378329,0.0924639,17.4074,19.6372,30.48
0.0684618,0.0196478,0.134644,10.5877,19.0673,30.4806
0.0618618,0.0131255,0.0963621,17.8115,19.5721,30.4809
0.0629926,0.0176215,0.0968811,16.3111,19.5783,30.482
0.0664616,0.00457722,0.128953,12.1868,19.1614,30.482
0.0708587,0.0162973,0.150198,8.44634,19.6837,30.4833
0.0654471,0.0423942,0.105918,13.2483,19.8826,30.4837
0.0644125,0.0196276,0.109261,14.1546,19.9714,30.4843
0.0710145,0.0189052,0.140295,8.35628,19.2795,30.4856
0.0644132,0.0541796,0.118773,14.0788,19.2227,30.4862
0.0643336,0.0634128,0.11529,14.5168,19.3007,30.4867
0.0617954,0.0447756,0.0966389,17.9417,19.9323,30.4875
0.0646386,0.0332354,0.0974466,14.8307,19.2949,30.4888
0.070861,0.0202569,0.146466,8.05408,19.403,30.4915
0.0644129,0.0541378,0.119113,14.2538,19.5533,30.492
0.0698091,0.0229837,0.139126,9.50395,19.952,30.4942
0.0699348,0.0148173,0.132293,9.73627,19.3169,30.4945
0.0635148,0.0462357,0.115385,15.0692,19.9566,30.4952
0.0605,0.00603667,0.091501,19.8555,19.5134,30.4987
0.0695885,0.0111073,0.13137,9.70695,19.844,30.4994
0.0685301,0.0495451,0.128509,10.765,19.6868,30.4996
0.0699147,0.00291866,0.115963,9.81199,19.3431,30.4999
0.0654875,0.0459262,0.118166,13.1607,19.7481,30.5009
0.0634694,0.0612681,0.111118,15.9215,19.4248,30.5011
0.0635732,0.0382857,0.116614,15.4432,19.8356,30.5015
0.0637843,0.0285051,0.107282,15.0746,19.0364,30.5032
0.0668041,0.013545,0.114927,12.3388,19.8757,30.5041
0.0697986,0.0248533,0.139208,9.01164,19.6172,30.5049
0.0638642,0.0201598,0.104055,15.2786,19.9635,30.5069
0.0696275,0.0447756,0.131811,9.59686,19.0531,30.507
0.0695996,0.0328764,0.140213,9.45787,19.7456,30.5071
0.0645192,0.0503756,0.113309,14.0438,19.0981,30.5077
0.0604144,0.0224856,0.090986,19.5881,19.2517,30.5082
0.071087,0.00674154,0.124439,8.74778,19.4356,30.5086
0.0685528,0.0230752,0.118386,10.1181,19.573,30.5087
0.0655553,0.0385089,0.11816,13.6642,19.9954,30.5089
0.0625892,0.0537391,0.100544,16.1552,19.9301,30.5089
0.0722977,0.00905867,0.136776,7.18967,19.2621,30.5095
0.0634679,0.037533,0.10458,15.6777,19.815,30.5096
0.0697391,0.0250592,0.124604,9.20389,19.2779,30.5097
0.0674237,0.0354666,0.115732,11.308,19.7329,30.5119
0.0687121,0.0313011,0.118673,10.0018,19.1817,30.5139
0.0662049,0.0632029,0.12692,12.618,19.6547,30.5146
0.0653569,0.031433,0.123943,13.8263,19.8615,30.5148
0.0658082,0.0141389,0.106089,13.7887,19.4414,30.5152
0.0637123,0.0405307,0.104074,15.8496,19.7195,30.5171
0.066425,0.0368158,0.109232,12.8351,19.4564,30.5175
0.0672397,0.0607323,0.130649,11.889,19.4999,30.5177
0.0664834,0.0433494,0.124235,12.5311,19.621,30.5185
0.0663474,0.0623658,0.118809,12.0291,19.8545,30.5196
0.062783,0.0449072,0.102439,16.8688,19.6146,30.5204
0.07093,0.0169123,0.129886,8.96703,19.7577,30.5224
0.0688679,0.0141473,0.123867,10.7379,19.2188,30.5228
0.0707373,0.0168121,0.145493,8.60923,19.1712,30.5235
0.0644334,0.0155688,0.112652,14.4473,19.9196,30.5239
0.0663003,0.0617049,0.11949,12.8215,19.0308,30.5262
0.0695717,0.0136607,0.132253,9.77692,19.5117,30.5265
0.0635263,0.0575969,0.11119,15.0185,19.3713,30.5273
0.0653004,0.0313781,0.115976,13.314,19.5058,30.5274
0.0662912,0.0559434,0.11687,12.5309,19.7058,30.5276
0.0643196,0.0567402,0.110021,14.1332,19.0363,30.5281
0.0668705,0.00834497,0.110834,12.9092,19.5895,30.5289
0.0644311,0.0503205,0.120915,14.1079,19.8525,30.5298
0.0635902,0.0407649,0.115836,15.2808,19.4533,30.5307
0.072152,0.0186357,0.15163,7.01615,19.0291,30.5325
0.0611527,0.00637931,0.101042,18.6166,19.1444,30.5327
0.0643541,0.0409764,0.114867,14.3311,19.115,30.5333
0.0677571,0.0263014,0.112652,11.7768,19.7267,30.5334
0.0643715,0.0669366,0.114193,14.8861,19.1161,30.5342
0.0604445,0.0214936,0.0856362,19.8505,19.4094,30.5344
0.061107,0.0407827,0.0909392,18.173,19.5141,30.5352
0.0709142,0.0147876,0.148945,8.10865,19.4003,30.5371
0.062039,0.0121287,0.0867921,17.6737,19.2864,30.5373
0.0674048,0.0190962,0.134555,11.7766,19.5412,30.538
0.0686402,0.0335604,0.134226,10.2831,19.1814,30.5385
0.071048,0.00525584,0.145654,8.01712,19.4111,30.5386
0.0665204,0.0272574,0.128323,12.1778,19.8172,30.5387
0.0610792,0.0400739,0.0941644,18.1742,19.4056,30.5387
0.0696008,0.0305063,0.130048,9.13161,19.5286,30.5396
0.0654241,0.0464011,0.125107,13.2555,19.346,30.5411
0.0710112,0.0165105,0.12825,8.95896,19.0966,30.5414
0.0665782,0.0443292,0.111877,12.974,19.851,30.5419
0.0603166,0.0271958,0.089731,19.5252,19.0113,30.5423
0.0667533,0.0126237,0.100887,12.5117,19.818,30.5426
0.0637117,0.0293283,0.111481,15.1727,19.04,30.5433
0.0619195,0.00360873,0.102429,17.5459,19.8866,30.5434
0.0610929,0.0418889,0.0911407,18.1683,19.8577,30.5468
0.0644053,0.0315898,0.117142,14.2369,19.0003,30.5474
0.064733,0.0321287,0.102864,14.7717,19.0374,30.548
0.069885,0.0209799,0.131463,9.38786,19.3831,30.548
0.0653836,0.0370469,0.12658,13.7954,19.4712,30.5493
0.0707009,0.0220024,0.144442,8.45204,19.4787,30.5518
0.0676119,0.0172873,0.131834,11.1074,19.3616,30.5522
0.0643688,0.0520804,0.117977,14.8766,19.409,30.5533
0.0653711,0.0609809,0.117925,13.5759,19.6283,30.5541
0.0655687,0.0405973,0.103456,13.9787,19.7857,30.5546
0.0686427,0.022024,0.138185,10.3732,19.2175,30.5552
0.0666734,0.0264892,0.117277,12.5476,19.7527,30.5559
0.0643272,0.0697296,0.112363,14.2932,19.2835,30.5561
0.0629132,0.0337906,0.095805,16.2764,19.7488,30.5562
0.0700379,0.00860223,0.124832,9.73262,19.805,30.5565
0.0676822,0.0268074,0.121554,11.1897,19.1178,30.5575
0.0653795,0.0177778,0.119917,13.7233,19.7261,30.5576
0.0663143,0.0246792,0.124473,12.444,19.1968,30.5577
0.0674457,0.00879026,0.134248,11.63,19.8224,30.5581
0.0654281,0.0536727,0.118737,13.4074,19.3497,30.5594
0.0719989,0.00739816,0.145381,7.37087,19.1609,30.5595
0.0689653,0.00756278,0.114196,10.0909,19.7696,30.5606
0.067671,0.0290681,0.111247,11.9083,19.9966,30.561
0.0689079,0.00494278,0.1264,10.7492,19.3439,30.5617
0.0612467,0.0141152,0.0983327,18.8519,19.7303,30.5624
0.0603341,0.0189025,0.0947704,19.0704,19.4014,30.563
0.0697251,0.0102195,0.121201,9.11789,19.8311,30.5633
0.0683525,0.0436504,0.136577,10.7763,19.3981,30.5636
0.0644223,0.0330058,0.104228,14.1136,19.2169,30.5645
0.0651942,0.071314,0.117194,13.5016,19.2256,30.5662
0.0709578,0.0247137,0.143476,8.7631,19.8491,30.5669
0.0647758,0.0230718,0.0954193,14.211,19.2835,30.5676
0.0672945,0.0403771,0.130062,11.0199,19.2334,30.5685
0.0619157,0.0447905,0.0994417,17.4652,19.2319,30.5688
0.0664271,0.0592807,0.114826,12.0505,19.1042,30.5693
0.0696374,0.0323777,0.129257,9.40736,19.5881,30.5696
0.0629818,0.0215366,0.0968076,16.6235,19.6136,30.5703
0.0610494,0.0258024,0.0945275,18.2519,19.8488,30.5708
0.0683934,0.0318964,0.126539,10.2634,19.9366,30.5728
0.0674621,0.0476188,0.117053,11.4872,19.2374,30.5732
0.0709173,0.0107917,0.128837,8.44288,19.7583,30.5734
0.0655543,0.0201652,0.123971,13.226,19.9604,30.5735
0.0604499,0.0215808,0.083524,19.1346,19.585,30.5739
0.063433,0.0525431,0.108877,15.6031,19.5527,30.5751
0.069683,0.0379426,0.138439,9.24892,19.6894,30.5756
0.0665853,0.0363703,0.118823,12.8226,19.0091,30.5756
0.067515,0.0430597,0.127564,11.9036,19.3195,30.5761
0.0678414,0.0139128,0.115742,11.1301,19.9355,30.5764
0.0636639,0.0477025,0.105511,15.0277,19.9894,30.5774
0.0668879,0.00889543,0.108411,12.5694,19.8544,30.5787
0.0634533,0.0635017,0.111881,15.3228,19.7198,30.5788
0.0664604,0.0359759,0.108217,12.5915,19.6493,30.5793
0.0647704,0.0182766,0.111376,14.826,19.5104,30.5816
0.0664871,0.0362461,0.107928,12.4053,19.322,30.5818
0.07069,0.0291077,0.145809,8.15321,19.981,30.5823
0.0643559,0.0591919,0.117613,14.0935,19.733,30.5826
0.0637177,0.0424876,0.096861,15.6567,19.1265,30.5837
0.065688,0.0236714,0.0982274,13.1586,19.5096,30.5854
0.0629375,0.0265549,0.0983972,16.6508,19.9394,30.5857
0.0603322,0.025036,0.0958799,19.1328,19.0987,30.5857
0.0620816,0.00889269,0.102674,17.4903,19.1816,30.5861
0.0654441,0.0618402,0.110402,13.7005,19.823,30.5862
0.0603623,0.0262745,0.0960136,19.1815,19.7229,30.5867
0.0643722,0.0517701,0.104975,14.4482,19.6063,30.5868
0.0619585,0.0302803,0.0893508,17.1494,19.4553,30.5869
0.0647083,0.0288731,0.0950675,14.9112,19.3414,30.587
0.0679004,0.0107684,0.115825,11.5634,19.2963,30.5872
0.0666554,0.00637878,0.124911,12.5542,19.7548,30.5872
0.061852,0.0182069,0.102357,17.7261,19.0257,30.5873
0.0625913,0.0424535,0.100952,16.8573,19.3944,30.5876
0.0618599,0.0378549,0.107065,17.7249,19.8564,30.5876
0.0603477,0.0267699,0.0954416,19.6078,19.8027,30.5879
0.0653197,0.0267985,0.112508,13.2706,19.8381,30.5882
0.0663697,0.00978027,0.113912,12.8602,19.2703,30.5883
0.0684568,0.0488273,0.12653,10.8201,19.555,30.5888
0.06776,0.0120614,0.124846,11.0226,19.0061,30.5891
0.0658035,0.00404988,0.114093,13.4567,19.4785,30.5892
0.0656134,0.0393409,0.103833,13.1931,19.287,30.5893
0.0709485,0.0258591,0.144038,8.74914,19.9815,30.5895
0.0667639,0.0196243,0.111273,12.0227,19.4403,30.5895
0.0645172,0.0230196,0.121074,14.4505,19.021,30.5896
0.0646797,0.0366199,0.106373,14.9374,19.0105,30.5902
0.0630417,0.0179967,0.0910434,16.5359,19.5613,30.5911
0.0710979,0.0142374,0.138157,8.2229,19.1848,30.5919
0.0644356,0.0611143,0.106628,14.6553,19.5465,30.5927
0.0636093,0.00396709,0.113317,15.1393,19.4025,30.5934
0.0684117,0.0556441,0.131516,10.4655,19.9519,30.5941
0.0685734,0.0143665,0.141173,10.3349,19.0761,30.5969
0.072066,0.0117072,0.156984,7.33854,19.4347,30.597
0.0687905,0.0247184,0.116777,10.0689,19.1877,30.5972
0.0644979,0.0148537,0.120631,14.4561,19.4048,30.5973
0.0663304,0.055903,0.130502,12.9048,19.4534,30.5984
0.059731,0.00893884,0.0865109,20.2186,19.2871,30.5985
0.0685205,0.0374547,0.122362,10.0324,19.2379,30.5985
0.0720452,0.012204,0.155242,7.74391,19.3588,30.6013
0.0678845,0.0119751,0.115411,11.7952,19.7514,30.6014
0.0643254,0.0499686,0.112872,14.1329,19.0504,30.6019
0.0618691,0.0269457,0.106257,17.2093,19.4755,30.6026
0.0696271,0.0324603,0.143569,9.7226,19.4714,30.6039
0.0687411,0.0263933,0.127782,10.4926,19.5792,30.604
0.0648389,0.01628,0.104909,14.1965,19.4264,30.6041
0.0629839,0.0261083,0.0930758,16.2114,19.2256,30.6045
0.0696819,0.0373183,0.139834,9.41271,19.9826,30.6046
0.0630903,0.0114523,0.0914183,16.8429,19.6957,30.6053
0.0674329,0.0606749,0.121521,11.2907,19.3959,30.6063
0.0686563,0.00732145,0.112475,10.0995,19.7178,30.6068
0.0654638,0.0461521,0.10553,13.7822,19.8303,30.6088
0.0635864,0.0440621,0.116042,15.7808,19.5117,30.61
0.0708919,0.0199918,0.149181,8.874,19.5228,30.6101
0.0672481,0.0614753,0.131135,11.8917,19.3952,30.6102
0.0622262,0.00813482,0.0835734,17.2785,19.314,30.6125
0.0652488,0.0680441,0.122384,13.3363,19.5725,30.6126
0.069752,0.0383498,0.13082,9.70691,19.6899,30.6132
0.0696341,0.0077603,0.14315,9.27151,19.6367,30.6135
0.0668031,0.016199,0.114048,12.4711,19.9056,30.615
0.0635737,0.06067,0.107121,15.9412,19.5196,30.6162
0.0596306,0.00646502,0.092802,20.2628,19.1092,30.6166
0.0626487,0.051808,0.11011,16.3971,19.9548,30.6176
0.0618105,0.0312154,0.100423,17.7278,19.6915,30.6183
0.069465,0.0325116,0.139054,9.19605,19.4949,30.6199
0.0722176,0.00606307,0.133128,7.62326,19.8519,30.62
0.0642999,0.0585867,0.111797,14.7105,19.6092,30.62
0.0695636,0.0166287,0.140084,9.61664,19.918,30.6203
0.0687035,0.0316912,0.126557,10.0714,19.5248,30.6206
0.0635327,0.0110046,0.105476,15.8167,19.9275,30.6211
0.0664659,0.043879,0.109459,12.8082,19.5522,30.6224
0.0635198,0.0155353,0.105787,15.508,19.2234,30.6229
0.061844,0.0531831,0.0934909,17.6588,19.7326,30.6237
0.0643361,0.0573986,0.117916,14.9076,19.8451,30.6254
0.0631193,0.004423,0.0967819,16.2604,19.3432,30.6256
0.0710053,0.0225945,0.141073,8.84797,19.4439,30.6283
0.0721189,0.0176551,0.154523,7.21661,19.3788,30.6289
0.0658169,0.0167284,0.105197,13.3888,19.4325,30.629
0.0637957,0.0367116,0.0967803,15.6455,19.3959,30.6293
0.0627669,0.0535968,0.0984449,16.0945,19.2787,30.6299
0.0673727,0.0506585,0.134085,11.8718,19.4591,30.6302
0.0695377,0.0181774,0.133605,9.05707,19.3183,30.6308
0.0627597,0.0433859,0.107418,16.1086,19.5013,30.631
0.0610993,0.0185034,0.0884156,18.7258,19.5521,30.6312
0.0674132,0.01124,0.132417,11.2716,19.3352,30.6318
0.0618259,0.0532223,0.103062,17.7289,19.2472,30.6319
0.0709694,0.0247387,0.144219,8.91462,19.919,30.6327
0.0618236,0.046049,0.0935164,17.7763,19.7942,30.6329
0.0672798,0.0433588,0.130826,11.9392,19.9631,30.6332
0.0603187,0.0137998,0.0923283,19.0503,19.9559,30.6335
0.0708311,0.0383056,0.13741,8.60206,19.2664,30.634
0.0661821,0.0617766,0.121695,12.1232,19.2683,30.6343
0.063485,0.0506407,0.116655,15.1559,19.3488,30.635
0.0634183,0.0720863,0.108645,15.8242,19.7339,30.6351
0.0696763,0.0371124,0.14191,9.38741,19.898,30.6354
0.0678683,0.0133971,0.118106,11.8182,19.8754,30.6356
0.0672597,0.0486295,0.123005,11.2973,19.1119,30.6357
0.0628936,0.0254918,0.089541,16.5929,19.5761,30.6357
0.0654903,0.0462181,0.121715,13.6408,19.2117,30.6365
0.0619981,0.030481,0.100719,17.0514,19.5665,30.637
0.068439,0.0569247,0.131427,10.1163,19.3742,30.6371
