beta,permeability,xi,init_days,delay,value
0.0584481,0.381226,0.16568,0.36997,4.58911,15.1234
0.0586516,0.353559,0.154882,0.0271445,4.27944,15.1279
0.0586088,0.360566,0.160066,0.847805,4.66237,15.129
0.0586779,0.352845,0.156576,0.414864,4.42281,15.1518
0.0584055,0.375389,0.1631,0.55701,4.21563,15.1589
0.0588484,0.336706,0.146133,0.681214,4.6976,15.1662
0.0587895,0.341703,0.151561,0.528624,4.99465,15.1779
0.0588126,0.34314,0.146921,0.835922,4.34169,15.1779
0.0585768,0.359901,0.154479,0.465203,4.51372,15.1789
0.0588855,0.332846,0.144078,0.447647,4.9628,15.1799
0.0587012,0.359293,0.152332,0.450111,4.25411,15.1852
0.0584297,0.369009,0.163963,0.472291,4.73463,15.1852
0.0587397,0.349725,0.147753,0.485751,4.79626,15.1903
0.0587535,0.342694,0.153295,0.330694,4.92788,15.1962
0.0586424,0.366556,0.155184,0.56256,4.97479,15.202
0.0587357,0.35913,0.154754,0.779728,4.16677,15.2065
0.058489,0.364676,0.157331,0.287628,4.73563,15.2088
0.0585937,0.351502,0.158036,0.482239,4.55175,15.212
0.0588249,0.342254,0.153378,0.243706,4.47837,15.2143
0.0589665,0.321145,0.142481,0.838525,4.03667,15.2196
0.0584608,0.364238,0.162055,0.213556,4.03735,15.2208
0.0588287,0.348231,0.149771,0.945049,4.87372,15.222
0.0586921,0.3507,0.159577,0.298521,4.19996,15.223
0.058479,0.363575,0.157745,0.495091,4.87523,15.2253
0.0588284,0.346892,0.151953,0.978393,4.34281,15.2284
0.058637,0.369562,0.157241,0.26221,4.11189,15.2309
0.0588562,0.340231,0.152345,0.943822,4.72884,15.232
0.0585854,0.352366,0.160117,0.338014,4.38763,15.2334
0.0589854,0.323394,0.142465,0.680501,4.94494,15.2352
0.058636,0.362096,0.165073,0.499174,4.70128,15.2364
0.0587916,0.336452,0.143567,0.06944,4.07674,15.2364
0.0587343,0.346785,0.145893,0.63266,4.62095,15.2397
0.0583761,0.378989,0.160724,0.477467,4.54408,15.2417
0.0583451,0.374891,0.162554,0.990566,4.53333,15.2424
0.0587705,0.356279,0.151328,0.548118,4.649,15.2472
0.0590401,0.314127,0.138321,0.472234,4.45201,15.251
0.0586227,0.355699,0.149623,0.940903,4.66095,15.2544
0.0586317,0.37225,0.159571,0.946833,4.01589,15.256
0.058605,0.365341,0.152464,0.305458,4.71062,15.2565
0.0590203,0.320579,0.141386,0.381326,4.6801,15.2583
0.0586938,0.346862,0.158967,0.377849,4.52898,15.2612
0.0588948,0.337495,0.141653,0.950415,4.47013,15.2612
0.0585297,0.380644,0.162037,0.256337,4.29465,15.2613
0.0589057,0.325221,0.147771,0.420537,4.41412,15.2642
0.0588654,0.345639,0.148301,0.765448,4.13881,15.2644
0.0586124,0.346253,0.157391,0.490839,4.4528,15.2651
0.0584783,0.358091,0.16471,0.0529008,4.66559,15.2652
0.0585058,0.361678,0.153559,0.158399,4.62744,15.2655
0.0585256,0.376954,0.158068,0.329337,4.79413,15.27
0.0586657,0.354281,0.162746,0.153489,4.51724,15.2715
0.0584219,0.366974,0.157005,0.186797,4.22296,15.2744
0.0587747,0.333146,0.151573,0.650948,4.1234,15.2762
0.0582181,0.390782,0.165939,0.363909,4.40979,15.277
0.0586628,0.349622,0.147015,0.85303,4.44813,15.2778
0.0589181,0.32645,0.148289,0.989333,4.70979,15.2781
0.0587304,0.338138,0.145187,0.222614,4.14046,15.2788
0.0587673,0.358643,0.153502,0.349286,4.86426,15.2791
0.0587126,0.335714,0.151002,0.296319,4.87796,15.2815
0.0583737,0.369965,0.161783,0.356118,4.36582,15.2832
0.0586956,0.340131,0.147209,0.90947,4.35503,15.2846
0.0585212,0.373387,0.156012,0.608916,4.21771,15.2848
0.0582778,0.389899,0.16559,0.283716,4.42092,15.285
0.0586163,0.344104,0.156982,0.386257,4.78595,15.288
0.0586248,0.349789,0.161485,0.260964,4.48105,15.2885
0.0585359,0.368391,0.153385,0.359215,4.70741,15.2924
0.0587095,0.361951,0.163714,0.127414,4.89489,15.2925
0.058388,0.366414,0.165929,0.839998,4.97322,15.2945
0.0586365,0.346865,0.147482,0.342151,4.19297,15.2953
0.0587372,0.358592,0.162068,0.899567,4.52194,15.2957
0.0586764,0.349115,0.161148,0.732554,4.11296,15.2989
0.0587908,0.341217,0.157319,0.587185,4.7683,15.3009
0.0586579,0.370169,0.155385,0.624262,4.98037,15.3022
0.0574784,0.35347,0.165556,1.81761,5.74989,15.3034
0.0582588,0.380625,0.161108,0.83413,4.54579,15.3038
0.0590445,0.319821,0.142624,0.337169,4.93179,15.3054
0.0588683,0.342337,0.154614,0.724725,4.55167,15.3058
0.0588515,0.344681,0.155773,0.0325346,4.9423,15.3087
0.0588526,0.324422,0.139652,0.172687,4.7517,15.3091
0.0591202,0.303722,0.130698,0.501819,4.0128,15.3105
0.0591233,0.30415,0.131966,0.271473,4.25939,15.3106
0.0586911,0.338051,0.147284,0.738896,4.67229,15.3108
0.0589338,0.332863,0.150635,0.135971,4.41442,15.3111
0.0590429,0.304785,0.135555,0.830909,4.675,15.3144
0.0587222,0.357282,0.16443,0.370367,4.31695,15.3177
0.0589356,0.316418,0.135817,0.892468,4.0116,15.3185
0.0589823,0.332119,0.145991,0.378874,4.6224,15.3201
0.058769,0.360394,0.158973,0.308467,4.46374,15.3268
0.0585733,0.375956,0.155769,0.0330456,4.9083,15.3271
0.0586686,0.346225,0.160901,0.0378183,4.31694,15.3283
0.0584596,0.358794,0.159001,0.581872,4.76442,15.3321
0.0590639,0.313398,0.14141,0.0801407,4.70688,15.3326
0.0582123,0.382106,0.162346,0.623249,4.06852,15.3326
0.0586474,0.341234,0.148632,0.424237,4.03979,15.3333
0.0586523,0.338352,0.153649,0.718745,4.63297,15.3336
0.0587318,0.338669,0.164334,0.745453,5.04746,15.3355
0.0572094,0.386681,0.161402,1.68496,4.49698,15.3358
0.0588833,0.345035,0.153807,0.927933,4.49589,15.336
0.058669,0.350162,0.162807,0.983304,4.40202,15.3367
0.0587713,0.327782,0.166402,0.276564,5.84039,15.3441
0.0586318,0.344717,0.145456,0.729581,4.13079,15.3451
0.0586669,0.362072,0.148551,0.420611,4.50229,15.3452
0.0588993,0.335819,0.153553,0.581303,4.18311,15.3467
0.0574536,0.355046,0.164975,1.60468,5.76946,15.348
0.0590752,0.298779,0.133972,0.885234,4.02684,15.3489
0.0587978,0.342686,0.165645,0.121293,5.09061,15.3491
0.0572277,0.385792,0.161638,1.15256,4.64996,15.3495
0.058395,0.364781,0.156592,0.483297,4.98621,15.3499
0.0589996,0.309019,0.142343,0.982905,4.71132,15.3502
0.0582612,0.380075,0.157476,0.121511,4.67921,15.3519
0.0587401,0.337959,0.141169,0.600896,4.2698,15.3521
0.05861,0.351461,0.166345,0.824467,5.34637,15.3546
0.058792,0.349948,0.143233,0.0605308,4.66808,15.3556
0.0584634,0.3586,0.151529,0.94198,4.06542,15.357
0.0587482,0.34204,0.14091,0.564641,4.84241,15.357
0.0589342,0.340977,0.144825,0.0553663,4.95905,15.3585
0.0590445,0.311134,0.142461,0.224434,4.1262,15.3587
0.0587301,0.331827,0.152976,0.390792,4.05095,15.3594
0.0588212,0.329232,0.15316,0.751702,4.38497,15.3599
0.0584152,0.364202,0.15216,0.0198517,4.38873,15.3601
0.058522,0.352174,0.164365,0.814227,4.58276,15.3602
0.0588854,0.333051,0.166424,0.74462,5.8964,15.3611
0.0587183,0.33127,0.149392,0.340231,4.18346,15.3612
0.0590676,0.299961,0.137856,0.145671,4.23173,15.3612
0.0591896,0.292808,0.132109,0.161691,4.4355,15.366
0.0583319,0.369281,0.160154,0.786137,4.07141,15.3686
0.0572796,0.373969,0.156976,1.09193,4.49507,15.3688
0.0590718,0.309213,0.130841,0.403862,4.83564,15.3689
0.0585489,0.353658,0.14701,0.176247,4.16551,15.37
0.0587093,0.345147,0.161473,0.928166,4.77187,15.3722
0.0580428,0.396761,0.16527,0.720203,4.40042,15.3731
0.0589328,0.312497,0.136114,0.138861,4.45164,15.3739
0.0573738,0.367151,0.153782,1.54997,4.69024,15.375
0.0592343,0.288197,0.127273,0.118306,4.33064,15.3754
0.0574728,0.352925,0.163679,1.98024,5.99104,15.3773
0.057434,0.347363,0.165802,1.75557,5.25723,15.3778
0.0583229,0.394311,0.165257,0.748517,4.46613,15.3784
0.0583105,0.379296,0.155955,0.0360833,4.50648,15.3785
0.0586887,0.343976,0.142358,0.302238,4.82911,15.3799
0.0586499,0.35271,0.144042,0.914815,4.97614,15.3801
0.0588025,0.323609,0.140869,0.919707,4.62726,15.3804
0.058531,0.387172,0.163656,0.937474,4.17849,15.3813
0.0585319,0.349863,0.15186,0.387644,4.99991,15.3832
0.0588514,0.318491,0.139841,0.228007,4.4706,15.3833
0.0590501,0.300249,0.138654,0.925407,4.10722,15.3844
0.0573035,0.377656,0.159363,1.07436,4.71504,15.3854
0.0588651,0.337074,0.137722,0.952116,4.91187,15.3857
0.05734,0.368133,0.153241,1.43196,4.73176,15.3858
0.0587231,0.350017,0.165477,0.926849,5.58603,15.3864
0.0588018,0.347835,0.141746,0.200919,4.85045,15.3868
0.0572731,0.377597,0.160978,1.57836,4.71028,15.3878
0.0591791,0.307114,0.133756,0.201022,4.70967,15.3885
0.0571802,0.383928,0.160536,1.59997,4.68184,15.3893
0.0581265,0.398445,0.166222,0.936788,4.14879,15.39
0.0588328,0.354661,0.149509,0.325369,4.74995,15.3902
0.0590688,0.310374,0.142822,0.958058,4.44774,15.3913
0.0589916,0.334653,0.142382,0.0240993,4.60764,15.3919
0.0574103,0.35493,0.164344,1.84377,5.62898,15.3934
0.0573907,0.36521,0.151336,1.43909,4.31733,15.3936
0.0591625,0.304567,0.130304,0.60015,4.92964,15.3948
0.0587285,0.349137,0.141849,0.518528,4.05687,15.3951
0.0587342,0.36607,0.153957,0.524613,4.09985,15.3959
0.0588541,0.345027,0.140746,0.0835552,4.37822,15.3962
0.0574613,0.353436,0.163325,1.70679,5.48117,15.398
0.0587561,0.363486,0.152496,0.538623,4.78943,15.3982
0.0590833,0.308426,0.13016,0.583605,4.12608,15.3982
0.0582534,0.395764,0.165435,0.586525,4.0547,15.3997
0.0572334,0.378209,0.157533,1.0569,4.66053,15.4013
0.0584677,0.35834,0.149202,0.678875,4.8317,15.4024
0.0586725,0.334166,0.153013,0.127686,4.65286,15.4027
0.0591255,0.296842,0.137718,0.8775,4.88295,15.404
0.058911,0.32986,0.164735,0.920973,5.43476,15.4045
0.0573411,0.370831,0.157966,1.37256,4.64408,15.4055
0.0588853,0.330653,0.162828,0.221286,5.43463,15.4058
0.0586762,0.334955,0.143515,0.522566,4.89706,15.4059
0.0586585,0.336627,0.156136,0.102224,4.39569,15.4075
0.0587289,0.341334,0.160892,0.72392,4.26752,15.4083
0.0574052,0.369688,0.153698,1.92066,4.0507,15.4099
0.0591102,0.299637,0.139113,0.753785,4.25336,15.4111
0.0572416,0.38826,0.161657,1.91291,4.49962,15.4112
0.0572723,0.372885,0.155506,1.99238,4.10162,15.413
0.0580879,0.387004,0.166088,0.92454,4.92315,15.414
0.0574101,0.368379,0.154668,1.93909,4.19495,15.4141
0.0591153,0.295447,0.137709,0.844196,4.61976,15.4142
0.0586607,0.375685,0.159122,0.28202,4.88087,15.4143
0.0592438,0.29447,0.128583,0.433542,4.20222,15.4143
0.0571473,0.397454,0.164818,1.98508,4.52673,15.4151
0.0588611,0.318266,0.147521,0.882026,4.90644,15.4153
0.0592871,0.281611,0.128784,0.955452,4.38749,15.4164
0.0592298,0.285412,0.132103,0.924057,4.7329,15.4165
0.0586114,0.374794,0.153277,0.0769495,4.74265,15.4167
0.0581804,0.379395,0.163693,0.304608,4.84677,15.4177
0.0591799,0.301256,0.128502,0.0361658,4.37055,15.4189
0.0572077,0.391977,0.162458,1.06113,4.61993,15.419
0.0590983,0.319752,0.136329,0.659948,4.30092,15.4194
0.0589643,0.305611,0.140172,0.490685,4.70146,15.4197
0.0592154,0.302175,0.136227,0.513622,4.76485,15.42
0.0563097,0.355871,0.165531,2.8749,5.67586,15.42
0.058373,0.394816,0.163825,0.349464,4.34669,15.4207
0.0581591,0.380886,0.164053,0.700393,4.20465,15.4216
0.0581281,0.388808,0.160137,0.332835,4.85178,15.4229
0.0575442,0.35164,0.146413,1.84842,4.00037,15.4231
0.0587087,0.371014,0.159039,0.911306,4.79192,15.4234
0.0563095,0.356047,0.165914,2.73585,5.28846,15.425
0.0592801,0.287638,0.126223,0.92984,4.43952,15.4253
0.0575396,0.351424,0.145125,1.57195,4.28515,15.426
0.0586563,0.346009,0.163589,0.453262,4.06162,15.4273
0.0574804,0.355526,0.146338,1.77139,4.21934,15.4274
0.0592928,0.278067,0.127628,0.108318,4.78793,15.4278
0.0583168,0.366223,0.165415,0.577289,4.90817,15.4278
0.0587498,0.351467,0.165756,0.702191,5.54569,15.4288
0.0591827,0.309982,0.138553,0.691776,4.87511,15.4288
0.0574286,0.363595,0.154715,1.12534,4.30296,15.4291
0.0573051,0.367527,0.154403,1.18567,4.82985,15.4297
0.0592777,0.283902,0.131497,0.955432,4.53549,15.4303
0.0575313,0.34688,0.145042,1.88101,4.15185,15.4313
0.0573448,0.375546,0.15259,1.00378,4.90597,15.4313
0.0582596,0.386931,0.158562,0.2242,4.37697,15.4314
0.0589651,0.304755,0.135036,0.966513,4.19655,15.4314
0.0585878,0.364287,0.147326,0.865542,4.02907,15.4326
0.0561667,0.364836,0.166078,2.35813,5.15769,15.433
0.0586749,0.33264,0.151551,0.768692,4.95232,15.4341
0.0586583,0.37519,0.15513,0.330123,4.34283,15.4343
0.0591665,0.308077,0.140691,0.0871974,4.41819,15.4348
0.0588607,0.350638,0.14522,0.539074,4.59276,15.435
0.0589123,0.346926,0.153668,0.67692,4.4983,15.4356
0.0583021,0.367782,0.159994,0.394138,4.99999,15.4359
0.0585833,0.367983,0.148979,0.426834,4.20869,15.4362
0.0574707,0.362527,0.152719,1.99676,4.19298,15.4369
0.0589379,0.311135,0.144964,0.102351,4.09734,15.4391
0.059331,0.277965,0.12867,0.306976,4.30786,15.4398
0.0574653,0.366569,0.152623,1.62105,4.19304,15.4399
0.0587973,0.361512,0.159771,0.158347,4.02761,15.4403
0.0573064,0.357814,0.165298,1.45785,5.54931,15.442
0.0575187,0.354863,0.144737,1.93639,4.5836,15.4428
0.0583542,0.362615,0.158316,0.454897,4.09449,15.4431
0.0574933,0.360397,0.151931,1.90278,4.65836,15.4435
0.058819,0.320623,0.138262,0.319185,4.24749,15.4439
0.0585958,0.374978,0.152561,0.675112,4.68668,15.444
0.0586507,0.334298,0.15129,0.119228,4.10146,15.4442
0.0593434,0.273838,0.126355,0.0443568,4.53415,15.4448
0.0593332,0.281818,0.126481,0.444089,4.40087,15.4451
0.0575693,0.351183,0.146281,1.60958,4.27352,15.4452
0.0591154,0.320922,0.142229,0.542725,4.73488,15.4457
0.0586354,0.379722,0.161764,0.300694,4.41496,15.4461
0.0590808,0.299391,0.129551,0.510878,4.66408,15.4466
0.0573568,0.372612,0.150842,1.64178,4.2824,15.4469
0.0574112,0.361917,0.155175,1.75424,4.9936,15.448
0.059314,0.276139,0.128409,0.990708,4.74401,15.4491
0.0574627,0.362013,0.15414,1.29562,4.37342,15.4494
0.0581877,0.398107,0.164727,0.832414,4.42262,15.4495
0.0582275,0.373249,0.162523,0.0348992,4.97971,15.4504
0.0579659,0.402031,0.1662,0.977426,4.68367,15.4506
0.0573822,0.371314,0.149894,1.36206,4.50626,15.4515
0.0583859,0.359516,0.164359,0.00121372,4.62251,15.4516
0.0588144,0.335788,0.137055,0.352457,4.09113,15.4543
0.05825,0.393934,0.16233,0.410073,4.17003,15.4543
0.0588462,0.355819,0.15066,0.75713,4.18163,15.4544
0.0587749,0.329575,0.154816,0.364519,4.32618,15.4545
0.0586739,0.348645,0.141577,0.904333,4.47505,15.4554
0.0587898,0.350343,0.1414,0.844092,4.00076,15.4561
0.0587593,0.323531,0.142526,0.967787,4.95474,15.4573
0.0586782,0.334834,0.141984,0.952613,4.94723,15.4576
0.059204,0.292098,0.136431,0.619611,4.17927,15.4579
0.0583221,0.400104,0.166155,0.00687755,4.83799,15.4584
0.0592287,0.299662,0.129405,0.95491,4.29495,15.4595
0.058982,0.304537,0.141828,0.465853,4.81234,15.4605
0.0573382,0.35546,0.163984,1.24796,5.9424,15.4609
0.0571566,0.386208,0.157884,1.60782,4.97212,15.462
0.0593792,0.270834,0.126096,0.280931,4.61304,15.4625
0.0576365,0.334022,0.140396,1.87519,4.15507,15.4646
0.05868,0.354615,0.142611,0.742397,4.55513,15.466
0.0584867,0.371137,0.149776,0.408235,4.8484,15.4661
0.0588629,0.355471,0.152019,0.723766,4.78072,15.4663
0.057323,0.379176,0.152992,1.45042,4.27369,15.4665
0.0588912,0.350719,0.155568,0.620457,4.42051,15.4674
0.0586067,0.34929,0.166109,0.961004,4.44088,15.4675
0.059395,0.276594,0.126811,0.853653,4.13464,15.4677
0.0576127,0.346638,0.14434,1.10192,4.85435,15.468
0.0587848,0.329223,0.137434,0.704176,4.08813,15.4685
0.0591486,0.299471,0.127304,0.165016,4.27934,15.4689
0.058312,0.364587,0.159208,0.481144,4.16418,15.4703
0.056131,0.365929,0.165739,2.42187,5.05429,15.471
0.0584889,0.348344,0.156589,0.947275,4.13937,15.4719
0.058919,0.326961,0.160404,0.0244559,5.828,15.4719
0.057134,0.382941,0.159195,1.4729,4.48648,15.4725
0.0583478,0.398572,0.164733,0.2301,4.52937,15.4726
0.0562271,0.377906,0.165672,2.68133,5.44763,15.4728
0.0590188,0.311684,0.147277,0.32652,4.80696,15.473
0.0592945,0.286709,0.12522,0.030476,4.41425,15.4735
0.0575668,0.353676,0.148204,1.46929,4.34124,15.474
0.0574913,0.346439,0.145042,1.14664,4.4581,15.4744
0.0585007,0.347169,0.151339,0.193558,4.25979,15.4746
0.0587342,0.324693,0.144502,0.230803,4.91328,15.4749
0.0581559,0.397041,0.162521,0.557422,4.96075,15.475
0.059419,0.272397,0.125699,0.457541,4.28438,15.4753
0.058174,0.37864,0.158886,0.575516,4.58608,15.4754
0.0588754,0.334627,0.158031,0.934011,4.90087,15.477
0.0591194,0.317598,0.144504,0.37465,4.06644,15.4775
0.0583994,0.397891,0.164158,0.732112,4.20307,15.4782
0.0582728,0.368061,0.166022,0.0905618,4.07858,15.4788
0.0573574,0.366554,0.164546,1.70317,5.30863,15.4792
0.0584302,0.398463,0.165641,0.494314,4.07722,15.4798
0.0572758,0.381098,0.165282,1.34143,4.64142,15.4807
0.0585638,0.365878,0.146826,0.232711,4.00663,15.4829
0.0594274,0.271149,0.126509,0.487379,4.05469,15.4838
0.0588707,0.355271,0.154252,0.202982,4.3592,15.4844
0.0586463,0.355289,0.142837,0.459245,4.3894,15.4864
0.0588429,0.323701,0.135313,0.0410866,4.18339,15.4867
0.057326,0.380751,0.162777,1.81627,4.79786,15.4871
0.0586798,0.336845,0.158923,0.19811,4.01149,15.4876
0.0583539,0.396411,0.162902,0.993228,4.36519,15.488
0.0593518,0.283743,0.131131,0.237737,4.39039,15.4882
0.05736,0.347858,0.164525,1.20046,5.74975,15.4897
0.0575653,0.350794,0.163817,1.18679,5.11564,15.4909
0.0587991,0.318916,0.139162,0.307956,4.32368,15.4913
0.0587926,0.32144,0.149281,0.746293,4.37473,15.492
0.0588864,0.313888,0.135209,0.573758,4.86424,15.4934
0.0585399,0.34658,0.163161,0.436761,4.46266,15.4935
0.0572931,0.367536,0.151044,1.97374,4.15669,15.4935
0.0588787,0.31629,0.148188,0.790492,4.52875,15.494
0.0592948,0.275219,0.123561,0.412972,4.44623,15.4948
0.0561628,0.363109,0.164215,2.26958,5.21412,15.4951
0.0588248,0.319924,0.160337,0.537241,5.76983,15.4959
0.0576573,0.330909,0.136323,1.92448,4.48099,15.4971
0.0575436,0.347873,0.159944,1.12781,5.91783,15.4973
0.0573294,0.384644,0.15755,1.428,4.58742,15.4977
0.0573637,0.381291,0.157039,1.88951,4.88692,15.4977
0.0594426,0.272162,0.125849,0.175309,4.05943,15.4989
0.0593762,0.277136,0.129894,0.136449,4.7122,15.4992
0.0585976,0.336762,0.150924,0.00139149,4.83271,15.4994
0.0584547,0.39692,0.164792,0.837191,4.11074,15.4994
0.058507,0.365718,0.147231,0.829929,4.21786,15.4996
0.0589263,0.338618,0.137248,0.578278,4.56291,15.4998
0.0586167,0.373103,0.150406,0.44581,4.61489,15.5004
0.0588106,0.346942,0.165071,0.783173,5.87238,15.5005
0.0574386,0.370864,0.157119,1.90992,4.71707,15.5011
0.0585204,0.37307,0.149663,0.940176,4.22605,15.5013
0.0579122,0.401919,0.166179,0.844821,4.4175,15.5014
0.0589656,0.315834,0.16299,0.410041,5.90705,15.5022
0.0575122,0.362316,0.14552,1.24292,4.06823,15.5032
0.0574553,0.347214,0.146523,1.84855,4.90614,15.5039
0.0594452,0.267975,0.122738,0.138591,4.93235,15.5044
0.0586366,0.332255,0.146835,0.0521481,4.09487,15.5045
0.0593505,0.267902,0.127961,0.305914,4.89417,15.5045
0.0589378,0.325787,0.133038,0.758595,4.81044,15.5046
0.0594003,0.26582,0.121651,0.627521,4.79704,15.505
0.0594312,0.264014,0.121457,0.089915,4.8868,15.5062
0.0570635,0.390153,0.159681,1.78824,4.34905,15.5076
0.0561513,0.377718,0.164316,2.51942,5.25156,15.5078
0.0574963,0.34292,0.159187,1.01514,5.33105,15.5086
0.0592702,0.270593,0.127823,0.63009,4.33732,15.5089
0.0590994,0.321614,0.145983,0.303829,4.15312,15.5091
0.0585153,0.351699,0.164641,0.752857,5.58141,15.5095
0.0572978,0.366603,0.160203,1.59447,4.67578,15.5097
0.0590862,0.287882,0.131812,0.333383,4.86736,15.5097
0.0569598,0.398166,0.164768,1.37555,4.07222,15.5101
0.0569877,0.399483,0.163074,1.52034,4.70032,15.5105
0.0571789,0.385711,0.155913,1.36496,4.44539,15.5106
0.0573398,0.359253,0.150881,1.6196,4.73632,15.5116
0.0573432,0.362375,0.158094,1.81826,4.61107,15.5117
0.0590571,0.331698,0.141961,0.0945994,4.10845,15.5117
0.059241,0.277849,0.131806,0.602167,4.51185,15.5123
0.058405,0.382034,0.15394,0.187456,4.91035,15.5136
0.0575388,0.348503,0.15106,1.56398,4.98913,15.5137
0.05744,0.366244,0.165134,1.11301,5.3967,15.514
0.0588568,0.357927,0.15397,0.614809,4.51937,15.5148
0.0575059,0.355728,0.141771,1.80759,4.42006,15.5155
0.057167,0.376858,0.158043,1.32004,4.21574,15.5163
0.0588073,0.363558,0.156643,0.744983,4.54859,15.5165
0.0576135,0.332104,0.157492,1.23548,5.39866,15.5171
0.0587388,0.345246,0.166388,0.810951,4.5313,15.5177
0.057323,0.362918,0.149153,1.69561,4.71153,15.5179
0.0585638,0.349371,0.166529,0.0469478,4.32524,15.5182
0.0575979,0.353739,0.145853,1.82087,4.4803,15.5185
0.0576217,0.349919,0.144408,1.65937,4.114,15.5186
0.0583917,0.357531,0.151124,0.956501,4.77715,15.519
0.0581907,0.372186,0.164425,0.690622,4.81866,15.5205
0.0572973,0.362912,0.153551,1.21811,4.98865,15.5205
0.0572196,0.375176,0.165019,1.73275,4.08699,15.5212
0.0587787,0.33745,0.161833,0.34729,4.68558,15.5213
0.0574092,0.350415,0.149753,1.64334,4.27448,15.522
0.0579679,0.403742,0.164734,0.46665,4.50333,15.522
0.0576187,0.346994,0.139075,1.42896,4.85327,15.522
0.0585793,0.356577,0.143669,0.147131,4.69863,15.5222
0.0579386,0.397862,0.164607,0.748145,4.71063,15.5226
0.0571606,0.395811,0.160602,1.68601,4.08649,15.5228
0.0572518,0.361494,0.165036,1.69182,5.34076,15.5233
0.0594851,0.258093,0.12468,0.267968,4.27051,15.5236
0.0587543,0.326248,0.159664,0.119719,5.22845,15.5237
0.0587683,0.331585,0.15744,0.199611,5.93942,15.5239
0.057248,0.366307,0.158875,1.2981,4.20352,15.5246
0.055087,0.371092,0.163732,3.17065,5.34089,15.5251
0.0584127,0.354176,0.16121,0.102047,4.98821,15.5256
0.0577332,0.320619,0.136355,1.35506,4.85869,15.5257
0.0568833,0.405772,0.16632,1.17803,4.51691,15.5258
0.0563727,0.346834,0.16232,2.8671,5.74582,15.5267
0.0582117,0.391927,0.158454,0.876947,4.7914,15.5268
0.0585679,0.343889,0.163012,0.843447,5.1285,15.5269
0.0589108,0.318283,0.151488,0.480067,4.53481,15.5277
0.0592192,0.276679,0.130845,0.620824,4.13346,15.528
0.057388,0.37941,0.153064,1.45299,4.93296,15.528
0.0589865,0.325722,0.16576,0.735145,5.50652,15.5292
0.0587327,0.333432,0.137904,0.720002,4.35992,15.5292
0.0562072,0.361785,0.161423,2.62111,5.8365,15.5293
0.0576762,0.327733,0.141841,1.61098,4.66011,15.53
0.0573026,0.371992,0.162979,1.38187,4.39124,15.5302
0.0575735,0.356219,0.149607,1.9862,4.94418,15.5312
0.0585048,0.357759,0.164669,0.26356,5.09853,15.5317
0.0587298,0.358585,0.143449,0.191841,4.07272,15.532
0.0563522,0.348892,0.15838,2.77179,5.14268,15.5334
0.0591379,0.283332,0.132562,0.211757,4.05252,15.5342
0.0588598,0.345659,0.161577,0.00781081,4.97287,15.5345
0.0551376,0.376128,0.165337,3.28579,5.22028,15.5346
0.0576429,0.330861,0.160837,1.92544,5.93692,15.5352
0.0578176,0.31864,0.134748,1.71791,4.68158,15.5352
0.0562672,0.376207,0.166098,2.67143,5.21951,15.537
0.0572602,0.391886,0.163968,1.00757,4.79978,15.5379
0.0595385,0.259431,0.122524,0.395409,4.376,15.5383
0.0574409,0.361954,0.157688,1.67549,4.22507,15.5393
0.0574974,0.35167,0.141016,1.38288,4.05739,15.5398
0.059394,0.278409,0.123661,0.556819,4.2717,15.5401
0.0584573,0.346752,0.151178,0.1219,4.7652,15.5403
0.0587594,0.363316,0.147301,0.670496,4.67927,15.5411
0.0571973,0.370521,0.161038,1.97103,4.81334,15.5416
0.0590811,0.326669,0.136975,0.28678,4.12553,15.542
0.059158,0.292058,0.138865,0.479573,4.53708,15.5422
0.0595411,0.251432,0.12255,0.279946,4.34282,15.5425
0.0572996,0.37269,0.148832,1.81832,4.68113,15.5435
0.0577266,0.329042,0.141141,1.1556,4.83972,15.5437
0.0589758,0.323843,0.15321,0.201086,4.7672,15.5438
0.0590408,0.331525,0.149062,0.00361575,4.07361,15.544
0.0575169,0.337976,0.144834,1.33775,4.83737,15.5446
0.057393,0.359515,0.161227,1.19674,5.84875,15.5447
0.0582555,0.376628,0.152357,0.284429,4.43046,15.5447
0.0591478,0.306951,0.143828,0.303031,4.36547,15.5455
0.0588012,0.327529,0.135538,0.148383,4.3149,15.5456
0.0570853,0.3906,0.157295,1.3291,4.87986,15.5457
0.0592498,0.271191,0.128313,0.94341,4.15638,15.5458
0.0590406,0.322915,0.150104,0.0751907,4.36332,15.5461
0.0591556,0.31739,0.13464,0.543427,4.75327,15.5464
0.0576537,0.341188,0.165318,1.07315,5.63455,15.5467
0.0591142,0.317072,0.145947,0.67435,4.87976,15.5469
0.0594415,0.257832,0.119974,0.845287,4.00429,15.5472
0.0588414,0.312609,0.142941,0.0747452,4.07539,15.5475
0.0563766,0.352766,0.159579,2.16282,5.2212,15.5476
0.0562972,0.367831,0.162278,2.26587,5.27813,15.5488
0.0592701,0.27171,0.124359,0.129111,4.64277,15.5491
0.0588293,0.351701,0.141119,0.618413,4.11044,15.5491
0.0561083,0.379254,0.16344,2.26303,5.52561,15.5494
0.0574294,0.368348,0.165366,1.87823,5.47378,15.5503
0.0574876,0.343686,0.157854,1.48548,5.74345,15.5507
0.0573094,0.347073,0.166041,1.88062,5.48861,15.551
0.0588575,0.326172,0.155833,0.966978,5.48748,15.5512
0.0589086,0.310264,0.158169,0.603899,5.81747,15.552
0.0589027,0.35247,0.149086,0.650829,4.52527,15.5533
0.0589816,0.313069,0.156876,0.555957,5.07205,15.5536
0.0570469,0.386901,0.159003,1.75386,4.05704,15.5554
0.0582826,0.392449,0.157976,0.498432,4.24685,15.5571
0.0591164,0.31128,0.128636,0.0453253,4.16059,15.5571
0.0576573,0.340673,0.13573,1.46504,4.37723,15.5583
0.0571412,0.376874,0.159074,1.00468,4.68569,15.5599
0.058659,0.340169,0.139554,0.990094,4.98894,15.5607
0.0581535,0.390334,0.157549,0.931049,4.49356,15.561
0.0589418,0.307896,0.15681,0.363679,5.89635,15.5617
0.0585893,0.388023,0.164336,0.381831,4.60617,15.5619
0.0575079,0.35306,0.154568,1.13482,4.85037,15.5621
0.0591319,0.321882,0.136846,0.495586,4.44106,15.5623
0.0591659,0.317119,0.135452,0.557019,4.22551,15.5625
0.0576146,0.348548,0.149468,1.00523,4.3642,15.563
0.0576801,0.343208,0.145154,1.87965,4.36814,15.5634
0.0563526,0.361407,0.16219,2.56967,5.2403,15.5641
0.0550695,0.374664,0.161218,3.23664,5.35954,15.5642
0.0561969,0.357053,0.161841,2.82836,5.66344,15.5643
0.0576572,0.326608,0.160697,1.70147,5.86962,15.5644
0.0578548,0.307319,0.129776,1.77971,4.92659,15.5645
0.0549495,0.38867,0.163828,3.91663,5.77354,15.5661
0.0579596,0.39916,0.162352,0.285823,4.68553,15.5661
0.0592579,0.296153,0.12599,0.398285,4.44789,15.5664
0.0576411,0.331932,0.145656,1.9904,4.07004,15.5665
0.0589447,0.300749,0.137222,0.268545,4.35855,15.5668
0.0573193,0.36717,0.14665,1.22496,4.47991,15.5669
0.0592411,0.275561,0.131391,0.110619,4.74626,15.567
0.0573083,0.364428,0.146674,1.92749,4.17451,15.5682
0.0575611,0.34105,0.149838,1.21501,4.98489,15.5689
0.0586917,0.377638,0.160675,0.692285,4.60202,15.569
0.0581378,0.400935,0.161726,0.152512,4.4154,15.5703
0.0571705,0.375432,0.152355,1.61235,4.98742,15.5704
0.057329,0.36962,0.146687,1.06093,4.12102,15.5705
0.0587372,0.350266,0.162423,0.425978,5.8124,15.5706
0.0573122,0.377517,0.149691,1.66681,4.35408,15.5709
0.0572565,0.365492,0.150539,1.03464,4.74753,15.5717
0.0562416,0.35171,0.161446,2.12875,5.44167,15.5726
0.0575583,0.336039,0.137947,1.57349,4.00031,15.5726
0.0573889,0.374704,0.164371,1.05426,4.82427,15.5742
0.0589451,0.310086,0.163284,0.758763,5.75549,15.5742
0.0596049,0.250342,0.119814,0.903688,4.8722,15.5743
0.0588535,0.320734,0.155443,0.707283,5.61075,15.5744
0.0589931,0.324689,0.15338,0.789484,4.91008,15.5744
0.0586726,0.367916,0.146794,0.40864,4.40866,15.5745
0.0588155,0.324851,0.155255,0.137689,5.58949,15.5751
0.0571841,0.374138,0.151483,1.40123,4.63773,15.5755
0.0550796,0.382101,0.162155,3.50329,5.13371,15.5757
0.0570925,0.380642,0.161249,1.44883,4.08261,15.5762
0.0591296,0.295272,0.12594,0.23897,4.80178,15.5762
0.0551636,0.370069,0.164413,3.06805,5.28692,15.5764
0.0585647,0.344443,0.161749,0.860646,5.1105,15.5764
0.0551186,0.367641,0.160818,3.7362,5.27978,15.5765
0.0591597,0.29592,0.141661,0.823966,4.30991,15.5766
0.0584982,0.345618,0.159156,0.656165,4.18726,15.5767
0.0584347,0.360595,0.146048,0.886132,4.1191,15.5768
0.0584052,0.350598,0.15157,0.0660751,4.64671,15.5773
0.0570198,0.405,0.164423,1.75994,4.60227,15.5776
0.0589508,0.325812,0.158432,0.698329,5.54332,15.579
0.0587116,0.353424,0.163323,0.765212,5.88278,15.5802
0.0573181,0.34725,0.163796,1.6349,5.28786,15.5804
0.0589853,0.307578,0.160005,0.733894,5.62135,15.5806
0.0589874,0.308454,0.155101,0.00179172,5.71934,15.5812
0.0571923,0.379624,0.150989,1.01583,4.21324,15.5821
0.0576345,0.348508,0.13913,1.4309,4.2337,15.5834
0.0593673,0.268668,0.120607,0.490271,4.18407,15.5835
0.0576206,0.348135,0.164484,1.34713,5.16137,15.5837
0.0573334,0.35966,0.145074,1.28792,4.37708,15.5837
0.0577025,0.338349,0.14512,1.77341,4.26078,15.5838
0.0575081,0.339417,0.140478,1.14061,4.75289,15.5839
0.0589151,0.334285,0.161914,0.170574,5.56734,15.5853
0.0591884,0.302834,0.142299,0.485788,4.86018,15.5858
0.058766,0.319046,0.138845,0.2275,4.76276,15.5862
0.0574654,0.350161,0.14024,1.85088,4.64214,15.5871
0.0589079,0.344119,0.138767,0.611709,4.05411,15.5877
0.0592208,0.298004,0.140644,0.384949,4.31691,15.5878
0.0576487,0.343128,0.148291,1.73136,4.90315,15.5903
0.0585733,0.369525,0.146275,0.568517,4.24349,15.5906
0.0588238,0.358776,0.163959,0.485448,4.46719,15.5908
0.0581198,0.394933,0.158954,0.518455,4.69245,15.5911
0.0586979,0.342202,0.137935,0.551102,4.11467,15.5916
0.0574601,0.345536,0.152727,1.73427,4.56147,15.5918
0.0574156,0.339468,0.161112,1.03427,5.13504,15.5921
0.0571113,0.378064,0.159397,1.6621,4.12142,15.5923
0.0550504,0.37166,0.161545,3.79804,5.70645,15.5932
0.0576836,0.32658,0.143737,1.25419,4.7457,15.5934
0.0583018,0.377157,0.151195,0.127187,4.11019,15.5938
0.0591281,0.305287,0.145389,0.528316,4.07997,15.5976
0.0586512,0.346454,0.159099,0.700753,5.67883,15.5981
0.0591376,0.291546,0.125578,0.0756167,4.45878,15.5981
0.058312,0.385401,0.153843,0.000686891,4.05298,15.5985
0.0581589,0.374968,0.157268,0.416076,4.04023,15.5986
0.057223,0.364701,0.160481,1.86277,4.78763,15.5998
0.0560779,0.382736,0.16288,2.79838,5.82193,15.5999
0.0575919,0.32738,0.156768,1.82618,5.26953,15.5999
0.0570326,0.388405,0.154989,1.20172,4.99985,15.6001
0.0574363,0.377295,0.1583,1.80336,4.21348,15.6006
0.0579009,0.409808,0.165575,0.579025,4.75979,15.601
0.0593477,0.291473,0.132716,0.615687,4.36928,15.601
0.058957,0.327896,0.155976,0.649977,4.59849,15.6011
0.05902,0.306946,0.128312,0.283715,4.34551,15.6011
0.0595262,0.250938,0.123739,0.781185,4.55429,15.6021
0.0581877,0.40401,0.163346,0.623315,4.25658,15.6025
0.0588603,0.315251,0.155992,0.163763,5.11273,15.6027
0.0591576,0.294366,0.125005,0.931277,4.28403,15.603
0.059415,0.257226,0.124874,0.923283,4.11974,15.603
0.0577137,0.326425,0.143329,1.76269,4.80795,15.6034
0.0581403,0.374143,0.159153,0.785044,4.93008,15.6038
0.0575271,0.334705,0.141335,1.29165,4.40107,15.6038
0.057419,0.380277,0.154213,1.18538,4.65952,15.6042
0.0588709,0.353474,0.144448,0.824954,4.41231,15.6044
0.0591641,0.286681,0.125024,0.961073,4.28397,15.6048
0.0585214,0.351531,0.142744,0.436223,4.99925,15.6049
0.057434,0.344312,0.144608,1.02465,4.32253,15.605
0.0574331,0.345629,0.1527,1.32703,4.22532,15.6051
0.0588126,0.333727,0.156381,0.745281,5.14137,15.6052
0.0586393,0.357263,0.163022,0.209203,5.95643,15.6053
0.0575042,0.340987,0.137881,1.25179,4.52081,15.6057
0.0570664,0.393189,0.156647,1.92232,4.9123,15.6062
0.0574475,0.336616,0.160125,1.48833,5.90723,15.6063
0.054899,0.390616,0.163658,3.67335,5.42292,15.6064
0.058402,0.396587,0.160234,0.762273,4.67106,15.6067
0.0596358,0.245092,0.121258,0.293397,4.25084,15.6072
0.0560901,0.368574,0.161765,2.15874,5.58351,15.6072
0.0563942,0.357046,0.162403,2.31089,5.85851,15.6073
0.0591834,0.285515,0.124408,0.750169,4.14512,15.6074
0.0572769,0.368347,0.164092,1.03825,4.25101,15.6079
0.0588407,0.315092,0.148579,0.306491,4.00117,15.608
0.05888,0.307564,0.142448,0.839572,4.7113,15.6082
0.0574017,0.351275,0.141341,1.16704,4.02312,15.6082
0.0586695,0.330437,0.155289,0.488618,4.42368,15.6085
0.0571513,0.404159,0.1621,1.57508,4.78923,15.6092
0.0576203,0.332827,0.133704,1.10405,4.91521,15.6094
0.0574304,0.343788,0.151293,1.25573,4.61615,15.6095
0.0586781,0.334898,0.159724,0.123791,4.56166,15.6102
0.0576127,0.342254,0.135205,1.82808,4.62111,15.6103
0.0588559,0.312136,0.157751,0.738062,5.10064,15.6105
0.059533,0.260837,0.125507,0.415581,4.41152,15.611
0.0587438,0.372852,0.157488,0.138907,4.86175,15.6113
0.0595133,0.2441,0.119122,0.907536,4.59835,15.6116
0.0572991,0.361944,0.144872,1.59956,4.75174,15.612
0.0570178,0.385371,0.164814,1.88829,4.29558,15.6123
0.0577006,0.328106,0.161259,1.3084,5.81289,15.6141
0.0582896,0.365878,0.150844,0.778925,4.50779,15.6142
0.0568322,0.405479,0.161462,1.3555,4.80656,15.6143
0.0561386,0.36819,0.159561,2.81662,5.66307,15.6144
0.0577675,0.328751,0.13266,1.95341,4.9263,15.6148
0.0583608,0.355561,0.160766,0.269713,4.86724,15.615
0.0589398,0.305401,0.156511,0.817643,5.21049,15.615
0.0589944,0.304279,0.157768,0.965622,5.16793,15.6151
0.0564123,0.338256,0.158756,2.6041,5.19854,15.616
0.0573362,0.353407,0.150248,1.06731,4.40296,15.6165
0.055195,0.363161,0.161535,3.0346,5.31391,15.617
0.0576684,0.323078,0.142526,1.30772,4.91294,15.6177
0.0592821,0.295775,0.137977,0.236288,4.71443,15.6178
0.0578547,0.30081,0.130369,1.52703,4.15124,15.6179
0.05742,0.342441,0.157892,1.12178,5.28615,15.6181
0.0579196,0.294687,0.126705,1.79434,4.63309,15.6186
0.0578588,0.31988,0.134844,1.06377,4.11229,15.6191
0.0578719,0.299513,0.129934,1.92238,4.73156,15.6192
0.0576272,0.325048,0.13583,1.77131,4.43331,15.6197
0.0572486,0.388488,0.153662,1.08595,4.96305,15.6203
0.0577204,0.317197,0.130782,1.20228,4.82782,15.6207
0.0590117,0.318702,0.157969,0.476463,5.58574,15.6207
0.0573248,0.36029,0.143553,1.41376,4.75339,15.6209
0.0572321,0.391095,0.154948,1.90017,4.84616,15.621
0.0564163,0.350104,0.163743,2.65225,5.1422,15.6213
0.0590518,0.336241,0.146467,0.213834,4.21888,15.6215
0.0579137,0.305014,0.12748,1.49667,4.04793,15.6215
0.058943,0.301759,0.132623,0.419274,4.63251,15.6216
0.0589831,0.306612,0.161636,0.871957,5.78061,15.622
0.0579058,0.300468,0.12523,1.30873,4.52524,15.6223
0.0572018,0.373694,0.164435,1.37666,5.55357,15.6225
0.0591092,0.284838,0.134358,0.472885,4.88109,15.6226
0.0591889,0.304915,0.126763,0.341875,4.37433,15.6229
0.0593191,0.278936,0.134897,0.768082,4.17019,15.6233
0.0579022,0.401381,0.162584,0.136505,4.21887,15.6234
0.0595333,0.26546,0.122683,0.344356,4.9766,15.6235
0.0577687,0.330623,0.142848,1.59613,4.68776,15.6236
0.0573887,0.357785,0.158725,1.05125,5.07941,15.6237
0.0581425,0.373289,0.158582,0.880906,4.09562,15.6242
0.0571033,0.376018,0.16175,1.21899,4.46535,15.6244
0.0576911,0.323222,0.156933,1.57929,5.11308,15.6252
0.0569218,0.407464,0.163662,1.12288,4.30159,15.6255
0.0576241,0.355774,0.148104,1.84795,4.14274,15.6256
0.0588839,0.337637,0.161551,0.787593,4.09807,15.6261
0.0589472,0.306127,0.154383,0.42691,5.53555,15.6267
0.0581804,0.369239,0.163417,0.461803,4.79897,15.6267
0.0564232,0.349947,0.163316,2.84762,5.60166,15.6268
0.0588862,0.310048,0.156086,0.970177,5.4648,15.6268
0.0581312,0.390223,0.156261,0.249785,4.9838,15.6275
0.0571466,0.371793,0.159062,1.87302,4.68349,15.6284
0.0593651,0.264088,0.119892,0.983299,4.34252,15.6289
0.0560905,0.362156,0.163487,2.6201,5.89443,15.6291
0.0569688,0.39337,0.155028,1.48033,4.57287,15.6294
0.0581182,0.373555,0.163919,0.484014,4.65266,15.6303
0.0589824,0.330357,0.164066,0.898281,5.47511,15.6305
0.0559892,0.399417,0.161795,2.02993,4.09178,15.6308
0.0595054,0.269582,0.123139,0.786879,4.16211,15.6318
0.0569044,0.395343,0.165098,1.0658,4.93284,15.6318
0.0595311,0.241605,0.117673,0.426613,4.67081,15.6319
0.0551753,0.357132,0.16265,3.63103,5.89035,15.632
0.0582241,0.365781,0.162811,0.562383,4.53946,15.632
0.0575258,0.348209,0.154648,1.16778,4.96239,15.6323
0.0590274,0.337241,0.15012,0.640447,4.74574,15.6328
0.0591201,0.281247,0.128713,0.575134,4.81682,15.6331
0.0594034,0.285646,0.129526,0.520875,4.53433,15.6333
0.0587245,0.351718,0.161796,0.105616,5.87123,15.6338
0.0588132,0.312124,0.137258,0.566102,4.92855,15.6339
0.0574674,0.375655,0.152529,1.96236,4.45533,15.634
0.0564021,0.357041,0.166451,2.08879,5.63156,15.6342
0.0597557,0.229559,0.116388,0.668275,4.94052,15.6345
0.0575115,0.370172,0.149562,1.09756,4.43311,15.6355
0.0538635,0.397006,0.165451,4.95297,5.90039,15.6357
0.057206,0.403004,0.161893,1.44899,4.85769,15.6359
0.0586094,0.368852,0.145188,0.221413,4.40251,15.6362
0.0571558,0.3973,0.158029,1.72155,4.62409,15.6365
0.0558853,0.404859,0.16426,2.89446,4.04619,15.6374
0.0577465,0.310919,0.136718,1.97864,4.15376,15.6375
0.0586365,0.333685,0.158605,0.715071,5.61644,15.638
0.0573844,0.362708,0.141877,1.18257,4.51682,15.6384
0.055164,0.371981,0.158341,3.89032,5.33786,15.6388
0.0590296,0.303592,0.15318,0.894198,5.07013,15.6398
0.0579919,0.385568,0.162635,0.882813,4.60034,15.6402
0.0577045,0.345353,0.144163,1.42277,4.33474,15.6404
0.0571786,0.369685,0.164879,1.65728,5.8982,15.6415
0.0588291,0.310903,0.142708,0.167798,4.92637,15.6416
0.0580084,0.383363,0.162595,0.915106,4.07291,15.6419
0.0575798,0.346409,0.157281,1.68582,5.73522,15.6424
0.0551005,0.36666,0.158802,3.63658,5.34421,15.6426
0.0579179,0.296151,0.129479,1.15691,4.1828,15.6427
0.0570223,0.382458,0.165427,1.73606,4.71559,15.643
0.0578809,0.412796,0.166031,0.205651,4.39276,15.643
0.0551611,0.361125,0.16533,3.05356,5.83799,15.643
0.056444,0.344199,0.157356,2.2563,5.21539,15.6431
0.0550573,0.380848,0.159855,3.02244,5.9008,15.6433
0.0580893,0.410312,0.165083,0.758286,4.22807,15.6444
0.0573561,0.367588,0.161429,1.03084,5.49569,15.6445
0.0587072,0.373136,0.150811,0.790035,4.34517,15.6454
0.0559592,0.404642,0.16189,2.07599,4.47134,15.646
0.0591858,0.310873,0.143676,0.841554,4.41876,15.6462
0.0576864,0.327239,0.166251,1.05632,5.44115,15.647
0.0584425,0.351073,0.165955,0.928552,5.926,15.6475
0.0575361,0.33152,0.140585,1.12822,4.80907,15.6476
0.0590127,0.320021,0.153034,0.0176117,4.74335,15.6482
0.0583475,0.352396,0.153962,0.325381,4.00024,15.6485
0.057459,0.371106,0.1453,1.70324,4.13449,15.6492
0.0588201,0.322952,0.133183,0.308472,4.44525,15.6498
0.0561592,0.377194,0.160972,2.62664,5.57749,15.6499
0.0590739,0.305632,0.157877,0.478632,5.80999,15.6501
0.0576315,0.328725,0.131738,1.59763,4.40085,15.6504
0.0569087,0.393536,0.166008,1.80275,4.31546,15.6515
0.057618,0.332805,0.153429,1.92754,5.53411,15.6518
0.058126,0.387131,0.154611,0.361159,4.34413,15.6522
0.0561488,0.354367,0.162343,2.00464,5.23698,15.6534
0.0548959,0.383219,0.164331,3.26961,5.45174,15.6534
0.0573377,0.354177,0.142415,1.33995,4.69841,15.6537
0.05707,0.379004,0.155589,1.49009,4.69553,15.6539
0.0560054,0.392285,0.16098,2.56671,4.2172,15.6543
0.0572136,0.402799,0.161473,1.54825,4.04168,15.6545
0.0561166,0.388584,0.15464,2.77953,4.26409,15.6551
0.0575236,0.369776,0.15158,1.13584,4.1391,15.6551
0.0590808,0.285241,0.133766,0.569333,4.65976,15.6552
0.058277,0.373467,0.149238,0.742111,4.51304,15.6557
0.0589987,0.327534,0.131686,0.505448,4.44245,15.6562
0.0590476,0.287273,0.132971,0.254004,4.69507,15.6568
0.0590041,0.324723,0.130786,0.667051,4.19216,15.6569
0.0573327,0.391341,0.162379,1.7975,4.34211,15.6571
0.0574815,0.347942,0.155418,1.40281,4.62646,15.6572
0.0590943,0.322903,0.149114,0.511861,4.70322,15.6576
0.0575357,0.352994,0.15685,1.77232,4.53727,15.6579
0.0576821,0.33726,0.148057,1.88328,4.56452,15.6579
0.0586193,0.377788,0.150378,0.659822,4.86356,15.6589
0.0593274,0.274091,0.133205,0.902619,4.21405,15.6598
0.0573691,0.387011,0.162835,1.32159,4.34341,15.6602
0.0588143,0.320356,0.153214,0.42046,5.71946,15.6604
0.0580768,0.376139,0.161032,0.92987,4.01151,15.6604
0.0578055,0.329961,0.141699,1.30213,4.30508,15.6604
0.0563621,0.363689,0.161697,2.75946,5.49314,15.6611
0.0571841,0.403285,0.160076,1.18754,4.32342,15.6614
0.0576854,0.33472,0.147511,1.94604,4.55768,15.6615
0.0585532,0.333718,0.146826,0.695833,4.51731,15.6615
0.0586183,0.385666,0.158269,0.434875,4.07265,15.6617
0.0597664,0.230824,0.116849,0.952796,4.76972,15.6623
0.0578541,0.309799,0.136455,1.94936,4.37914,15.6624
0.0582534,0.409969,0.166288,0.418165,4.01473,15.6625
0.0551995,0.36548,0.16364,3.97699,5.48493,15.6626
0.0581535,0.38321,0.152994,0.330351,4.39124,15.6627
0.0570469,0.380412,0.15861,1.5409,4.60268,15.6629
0.059148,0.321596,0.134941,0.177276,4.89681,15.663
0.0583379,0.361628,0.147463,0.729447,4.06934,15.6635
0.057351,0.384251,0.150645,1.36669,4.7659,15.6635
0.0577648,0.337909,0.140888,1.51725,4.5946,15.6635
0.0561517,0.386114,0.152531,2.72003,4.7454,15.6642
0.0591753,0.318151,0.134113,0.0780762,4.38157,15.6645
0.0561202,0.363718,0.159536,2.90874,5.2221,15.6647
0.0586481,0.342444,0.138068,0.163589,4.46733,15.6648
0.0575937,0.32423,0.139474,1.9836,4.70108,15.6648
0.0577759,0.316642,0.12746,1.66245,4.90201,15.665
0.0578724,0.320139,0.137552,1.48275,4.45005,15.6655
0.0578195,0.329779,0.140151,1.2986,4.36886,15.6659
0.0570853,0.376818,0.154006,1.71755,4.45778,15.6659
0.0577137,0.31803,0.156064,1.16333,5.48817,15.6668
0.0593338,0.264987,0.12054,0.895544,4.34285,15.6668
0.0585216,0.336352,0.148781,0.374883,4.95308,15.6673
0.0580195,0.381301,0.161846,0.586398,4.42049,15.6673
0.0538094,0.39924,0.165944,4.1776,5.00823,15.6676
0.0579066,0.399063,0.161033,0.361663,4.6044,15.6689
0.0575812,0.329552,0.132975,1.94225,4.06661,15.6693
0.0597956,0.228678,0.115377,0.50188,4.58448,15.6697
0.0572689,0.385583,0.150842,1.2274,4.72284,15.6698
0.0575307,0.330533,0.141887,1.02607,4.02954,15.6699
0.0551161,0.38528,0.162032,3.62111,5.5405,15.67
0.0539214,0.397018,0.162835,4.9691,5.34976,15.6703
0.0587655,0.349563,0.138054,0.919765,4.52624,15.6706
0.0580131,0.285095,0.124862,1.81665,4.80763,15.6707
0.0560913,0.378891,0.154825,2.77408,4.55377,15.6708
0.0551758,0.369705,0.16612,3.04233,5.75222,15.6716
0.0558903,0.404096,0.161427,2.51201,4.64192,15.6719
0.0559963,0.395039,0.162636,2.32696,4.11408,15.6722
0.0573682,0.367301,0.164881,1.09496,4.10473,15.6726
0.0583728,0.393744,0.15617,0.936185,4.28516,15.6728
0.0583474,0.35328,0.151108,0.850751,4.00561,15.6735
0.0589644,0.302979,0.144517,0.902196,4.05759,15.6736
0.0538112,0.401207,0.164474,4.50181,5.72566,15.674
0.0595906,0.235872,0.118177,0.945585,4.12279,15.6753
0.0594472,0.256541,0.126417,0.882507,4.30656,15.6757
0.0577715,0.336391,0.137858,1.96446,4.03684,15.6765
0.0573843,0.359033,0.157853,1.7872,5.27846,15.6771
0.0577334,0.343326,0.143403,1.81174,4.97395,15.6773
0.0573465,0.348785,0.148115,1.00861,4.07637,15.6784
0.0563239,0.339028,0.15831,2.97999,5.32002,15.6786
0.0591055,0.283871,0.134487,0.406184,4.97898,15.6795
0.0539888,0.394347,0.16609,4.43286,5.54023,15.6797
0.0580507,0.285895,0.12577,1.87599,4.62897,15.6797
0.0573227,0.385888,0.150974,1.50031,4.98867,15.6799
0.0562005,0.368459,0.150068,2.03312,4.48824,15.6799
0.0570671,0.377354,0.157722,1.09891,4.70549,15.6801
0.0591613,0.28655,0.13812,0.353733,4.62874,15.6801
0.0549463,0.382482,0.160077,3.25237,5.19436,15.6803
0.0594991,0.243808,0.120441,0.0483746,4.25341,15.6805
0.0597436,0.224329,0.113527,0.867783,4.6277,15.6806
0.0590286,0.313594,0.151347,0.664077,4.41522,15.6806
0.0561418,0.387342,0.154258,2.78217,4.62154,15.6811
0.0559045,0.400645,0.160764,2.98166,4.74531,15.6816
0.057965,0.304123,0.131729,1.92225,4.35795,15.6817
0.0572714,0.356078,0.154303,1.72065,4.55816,15.6818
0.0583961,0.391371,0.154749,0.478723,4.70593,15.682
0.057229,0.36706,0.162016,1.49072,5.21415,15.6821
0.055144,0.354853,0.161608,3.65973,5.39222,15.6824
0.0552235,0.354485,0.155353,3.06017,5.60322,15.6825
0.058918,0.307305,0.15296,0.332912,5.19766,15.6829
0.058812,0.317599,0.151021,0.257331,4.76233,15.6831
0.0564072,0.331371,0.157501,2.71784,5.139,15.6831
0.0590936,0.301051,0.12561,0.468009,4.77813,15.6832
0.0562814,0.369868,0.144854,2.0677,4.18255,15.6832
0.0590604,0.299155,0.150532,0.989996,5.7174,15.6835
0.05488,0.400892,0.163789,3.91118,5.36504,15.6836
0.0558327,0.414159,0.165499,2.60651,4.01212,15.6838
0.0577195,0.316549,0.154299,1.6976,5.26064,15.6841
0.0577485,0.316849,0.141856,1.83823,4.85074,15.6843
0.0575188,0.339133,0.153297,1.32661,5.98467,15.6845
0.0588916,0.348253,0.162712,0.823953,4.04392,15.6846
0.0574206,0.359972,0.161654,1.27963,4.71427,15.6849
0.0563131,0.359967,0.145659,2.70725,4.77089,15.6858
0.0595255,0.262013,0.127174,0.940713,4.82689,15.6861
0.058934,0.308345,0.129718,0.439625,4.04905,15.6864
0.0586751,0.340441,0.165096,0.997895,4.56311,15.6865
0.0563894,0.357818,0.159228,2.41448,5.26695,15.6865
0.0573395,0.368096,0.160452,1.13448,5.30274,15.687
0.0587847,0.327016,0.15257,0.297032,5.51014,15.687
0.0580447,0.280257,0.120453,1.76459,4.59167,15.6872
0.0550889,0.363408,0.158667,3.12041,5.41521,15.6874
0.0573326,0.371774,0.162233,1.78702,5.75136,15.6874
0.057383,0.344425,0.147599,1.44046,4.31816,15.6877
0.055995,0.395182,0.155777,2.73516,4.21627,15.6879
0.0572565,0.379554,0.147658,1.40299,4.7723,15.6882
0.05863,0.384737,0.157193,0.0939616,4.82616,15.6883
0.058603,0.387902,0.158733,0.171672,4.68872,15.6887
0.0562262,0.372113,0.145781,2.09887,4.62458,15.689
0.0562575,0.36565,0.157582,2.08889,5.20829,15.689
0.0592733,0.270083,0.13071,0.812816,4.30884,15.6899
0.0591885,0.295979,0.123766,0.84576,4.60916,15.6905
0.0564172,0.35083,0.140704,2.74231,4.49618,15.6908
0.0585934,0.338001,0.139606,0.847655,4.03088,15.6909
0.0563981,0.344115,0.153193,2.88577,5.00321,15.6914
0.0562473,0.362603,0.156627,2.52589,5.02233,15.6916
0.0590874,0.302548,0.154445,0.721078,5.45344,15.6919
0.0573108,0.365561,0.165243,1.46701,4.23529,15.6925
0.058664,0.352867,0.159677,0.207542,5.32005,15.6928
0.0564126,0.333503,0.154529,2.21999,5.69778,15.6929
0.0577981,0.301171,0.129906,1.43237,4.46326,15.6931
0.0564293,0.331349,0.15431,2.53247,5.25032,15.6935
0.0563592,0.361041,0.141775,2.04378,4.78727,15.6936
0.0572247,0.403211,0.166323,1.93053,4.19784,15.6942
0.0589408,0.31247,0.150503,0.974534,5.28768,15.6943
0.0593311,0.265758,0.129564,0.502324,4.10545,15.695
0.058987,0.327367,0.156112,0.0018078,4.73378,15.6962
0.0592342,0.271251,0.123325,0.217404,4.16515,15.6962
0.0551262,0.359406,0.157843,3.40449,5.33665,15.6962
0.0571383,0.37379,0.146319,1.67873,4.86259,15.6965
0.0573812,0.347607,0.139098,1.30296,4.03928,15.6975
0.05885,0.358043,0.164464,0.190602,4.06203,15.6987
0.0559795,0.405466,0.162018,2.99952,4.64954,15.699
0.0576583,0.336855,0.155279,1.02554,5.48621,15.6994
0.0537713,0.411646,0.165127,4.41518,5.9286,15.6994
0.0571612,0.363985,0.166036,1.52683,5.07967,15.6994
0.0577909,0.416537,0.166445,0.499449,4.87295,15.6995
0.0574281,0.332739,0.162498,1.15642,5.40914,15.6998
0.0562997,0.357156,0.143527,2.92963,4.95589,15.7
0.0588061,0.367792,0.161502,0.522747,4.38149,15.7002
0.0586819,0.352073,0.138705,0.298346,4.42721,15.7002
0.0590962,0.300286,0.155342,0.310433,5.97727,15.7004
0.057889,0.292288,0.125766,1.14505,4.54644,15.7006
0.0572968,0.364763,0.159222,1.93776,5.55335,15.7013
0.0569354,0.388171,0.159285,1.60557,4.28462,15.7015
0.0586568,0.353501,0.139189,0.614918,4.62176,15.7032
0.0576453,0.350555,0.151958,1.69845,4.06525,15.7033
0.0576276,0.318573,0.137647,1.90439,4.98778,15.7038
0.0569157,0.401471,0.156506,1.97101,4.74489,15.704
0.0585221,0.338189,0.153473,0.873828,4.51772,15.7047
0.0569066,0.389972,0.156583,1.80549,4.79194,15.7047
0.0587364,0.329149,0.158396,0.0247305,4.79239,15.7048
0.0586979,0.33795,0.164016,0.329306,4.6183,15.7051
0.0589029,0.327568,0.159414,0.794946,4.74504,15.7056
0.0552255,0.35822,0.161769,3.92415,5.40253,15.7058
0.0567628,0.408034,0.159119,1.11203,4.30159,15.7061
0.0588888,0.318776,0.130468,0.480818,4.9175,15.7061
0.0582574,0.361151,0.162098,0.722777,4.44969,15.7064
0.0577801,0.304577,0.128238,1.67744,4.56678,15.7065
0.0576704,0.315741,0.131912,1.16577,4.96848,15.7069
0.0570354,0.402662,0.15886,1.20986,4.04412,15.7073
0.0562782,0.374488,0.148136,2.76628,4.29735,15.7075
0.0537946,0.39892,0.165291,4.56112,5.77248,15.7077
0.054,0.394356,0.165438,4.7692,5.61982,15.7082
0.0590351,0.326107,0.165558,0.926303,5.07916,15.7083
0.0558175,0.410118,0.163095,2.95796,4.28932,15.7083
0.057215,0.375692,0.162848,1.55947,5.34706,15.7087
0.0563142,0.353758,0.154316,2.64166,5.74689,15.709
0.0567982,0.398764,0.161697,1.13218,4.92141,15.7091
0.0561565,0.375739,0.147842,2.50319,4.30249,15.7096
0.0584077,0.352605,0.166152,0.834987,5.99238,15.7098
0.0576375,0.341793,0.133042,1.77075,4.77195,15.7102
0.0589262,0.337775,0.134066,0.503706,4.72667,15.7105
0.0579637,0.30186,0.133211,1.54952,4.56371,15.7108
0.0562523,0.370936,0.159042,2.24219,5.16366,15.7109
0.0587437,0.326956,0.153106,0.449829,5.20881,15.711
0.0573668,0.357294,0.161322,1.56554,4.97835,15.7115
0.0582274,0.363323,0.153621,0.122975,4.84594,15.7117
0.0589427,0.350057,0.156469,0.808371,4.24277,15.7122
0.0577114,0.328768,0.146698,1.97456,4.09966,15.7122
0.056246,0.363897,0.143822,2.21242,4.45189,15.7126
0.0575227,0.341791,0.15384,1.63022,4.74835,15.7126
0.0574074,0.33385,0.164897,1.38911,5.47738,15.7129
0.0577559,0.328633,0.161226,1.08303,5.8783,15.7134
0.0581117,0.278559,0.123231,1.43585,4.99157,15.7138
0.0564137,0.329498,0.156975,2.1742,5.4644,15.7142
0.0580799,0.409997,0.162897,0.29829,4.75184,15.7161
0.0575911,0.335507,0.152138,1.42077,5.44846,15.7168
0.0576288,0.337371,0.153475,1.58667,5.32165,15.717
0.0589135,0.353465,0.14622,0.915404,4.89421,15.717
0.0561999,0.359545,0.155267,2.4102,5.74313,15.7173
0.0578255,0.330514,0.136585,1.03877,4.51486,15.7174
0.0571534,0.36671,0.152792,1.39853,4.10132,15.7175
0.0559924,0.374823,0.164264,2.00826,5.81146,15.7176
0.0560646,0.379652,0.154801,2.9354,4.86297,15.7179
0.0579301,0.28894,0.122977,1.39342,4.66967,15.7182
0.0577699,0.324114,0.144044,1.83595,4.10898,15.7182
0.055962,0.402849,0.158137,2.63136,4.91467,15.7183
0.0560413,0.384849,0.152794,2.85451,4.52125,15.7187
0.0576792,0.319014,0.162541,1.69803,5.32979,15.7189
0.0559838,0.39079,0.155382,2.43627,4.67012,15.719
0.0585437,0.334053,0.143971,0.910387,4.77689,15.719
0.058778,0.362745,0.143945,0.919294,4.93917,15.719
0.057781,0.304156,0.13586,1.21477,4.97772,15.7192
0.0562251,0.365422,0.14454,2.58351,4.51071,15.7195
0.0598168,0.224051,0.115693,0.573345,4.07841,15.7196
0.0584788,0.341305,0.165687,0.881324,5.75342,15.7197
0.0569715,0.386556,0.151212,1.74911,4.33084,15.7199
0.056342,0.352813,0.154003,2.06615,5.279,15.7202
0.0583385,0.403805,0.161474,0.60032,4.21443,15.7203
0.0558233,0.412053,0.163116,2.16267,4.28962,15.7204
0.0538878,0.404566,0.162676,4.82761,5.89797,15.7207
0.0567593,0.400905,0.162951,1.38955,4.37182,15.7212
0.0586921,0.363029,0.166347,0.545444,5.18527,15.7212
0.0597043,0.229263,0.118377,0.541879,4.465,15.7214
0.053785,0.417427,0.166237,4.38366,5.50939,15.7215
0.0559762,0.406601,0.16304,2.13871,4.45635,15.7216
0.0591737,0.273511,0.125951,0.955554,4.82866,15.7218
0.0576674,0.31617,0.140503,1.16869,4.02103,15.722
0.0562836,0.343088,0.156401,2.71165,5.99169,15.722
0.0566615,0.411732,0.162377,1.37513,4.10272,15.7221
0.057747,0.331407,0.16101,1.46914,5.73014,15.7223
0.056292,0.354804,0.145335,2.96347,4.1401,15.723
0.0588661,0.361994,0.152579,0.817265,4.19626,15.7233
0.0590368,0.294737,0.150682,0.0449239,5.70726,15.7233
0.0561238,0.353907,0.161923,2.94285,5.99093,15.7236
0.0582058,0.364509,0.162435,0.543864,4.2905,15.7238
0.0563687,0.338964,0.153809,2.48002,5.73216,15.7243
0.0584646,0.390367,0.154208,0.114016,4.73177,15.7244
0.0587475,0.339786,0.154955,0.0176802,5.00837,15.7245
0.0564841,0.34086,0.160168,2.99685,5.14976,15.7256
0.0561606,0.369223,0.149209,2.9414,4.22334,15.7258
0.0562943,0.359841,0.141478,2.96872,4.28787,15.7259
0.0589683,0.293945,0.131663,0.411378,4.98315,15.726
0.0549634,0.396975,0.162524,3.72124,5.23921,15.7271
0.0592237,0.280316,0.13611,0.953516,4.45751,15.7272
0.0574405,0.343658,0.15369,1.03142,5.74713,15.7273
0.0573429,0.392802,0.162786,1.75997,4.69116,15.7273
0.0593477,0.266368,0.13048,0.127214,4.52909,15.7274
0.0581397,0.27306,0.122277,1.96344,4.46493,15.7276
0.0571877,0.361134,0.164101,1.3379,5.52461,15.7282
0.0551538,0.373356,0.156647,3.32885,5.86959,15.7285
0.0582883,0.400722,0.158057,0.197816,4.98003,15.7286
0.0569597,0.385671,0.151831,1.31335,4.5155,15.7286
0.0563473,0.364201,0.141006,2.82992,4.76507,15.729
0.0540204,0.376112,0.162859,4.00162,5.53033,15.7291
0.0577064,0.329837,0.153908,1.32233,5.90963,15.7294
0.0574621,0.332887,0.154981,1.52546,5.31674,15.7294
0.05712,0.395861,0.154578,1.111,4.39827,15.7294
0.0550754,0.366799,0.156405,3.57137,5.80809,15.7296
0.05931,0.266089,0.120381,0.115206,4.55742,15.7297
0.0560815,0.377269,0.156162,2.89862,4.53753,15.7298
0.05405,0.377516,0.157903,4.48763,5.6655,15.7299
0.0589767,0.34117,0.138099,0.92535,4.45547,15.7302
0.0578854,0.311354,0.138407,1.42698,4.97505,15.7305
0.0590432,0.333484,0.153135,0.638415,4.53653,15.7308
0.0581636,0.409774,0.163035,0.353466,4.80813,15.7312
0.0538686,0.393644,0.160507,4.14795,5.11372,15.7314
0.0561848,0.348051,0.160147,2.6778,5.17968,15.7317
0.0580639,0.413169,0.164197,0.691166,4.86237,15.7317
0.0572422,0.359185,0.160869,1.1859,5.61256,15.7317
0.058836,0.32596,0.151254,0.194708,5.2914,15.7323
0.0567957,0.40314,0.156608,1.06326,4.05482,15.7326
0.0577721,0.311935,0.156335,1.18668,5.6474,15.7326
0.0573451,0.391611,0.154573,1.30547,4.2261,15.7331
0.059905,0.213924,0.112397,0.131429,4.20934,15.7331
0.0590467,0.301936,0.161431,0.94217,5.24913,15.7332
0.0594093,0.255339,0.12579,0.202211,4.4932,15.7332
0.0580233,0.298694,0.130222,1.18118,4.5199,15.7341
0.0591026,0.295112,0.152094,0.348274,5.49598,15.7343
0.0575671,0.323769,0.137776,1.20486,4.71932,15.7344
0.0573719,0.343727,0.140858,1.23886,4.59285,15.7349
0.0560662,0.392986,0.161716,2.6842,4.8119,15.735
0.0584969,0.341925,0.158782,0.763995,4.05047,15.7352
0.0558322,0.410037,0.161516,2.98076,4.73394,15.7354
